Year,K,GrowthRate,N_Initial,PopSizes_Mean,PopSizes_Std,N_Females,N_Males,N_YYMales,N_YYFemales,N_MatureFemales,N_MatureMales,N_MatureYYMales,N_MatureYYFemales,MatureCount,ImmatureCount,EggLayEvents,Births,EggDeaths,MyyProgeny,FyyProgeny,Capture_Back,SelectionDeaths_Emigration,MoveDeaths_Emigration,PNratio_Emi,N_beforePacking_AddAge0s,PackingDeaths_Emigration,YYSelectionPackingDeaths_Emi,WildSelectionPackingDeaths_Emi,N_Emigration,Deaths_EmiMort,N_EmiMortality,Capture_Out,SelectionDeaths_Immigration,MoveDeaths_Immigration,PNratio_Immi,PackingDeaths_Immigration,YYSelectionPackingDeaths_Immi,WildSelectionPackingDeaths_Immi,SelectionDeaths_Age0s_Immigration,N_Immigration,Deaths_ImmiMort,N_ImmiMortality,Alleles,He,Ho,p1,p2,q1,q2,MateDist,MateDist_SD,Female_EmigrationDist,Female_EmigrationDist_SD,Male_EmigrationDist,Male_EmigrationDist_SD,Female_FromHomeDist,Female_FromHomeDist_SD,Male_FromHomeDist,Male_FromHomeDist_SD,Female_StrayerDist,Female_StrayerDist_SD,Male_StrayerDist,Male_StrayerDist_SD,Female_HomeAttemptStrayDist,Female_HomeAttemptStrayDist_SD,Male_HomeAttemptStrayDist,Male_HomeAttemptStrayDist_SD,DeseaseStates,Residors,Strayers_1,Strayers_2,Immigrators,ResidentDispersers,ImmigrantDispersers,AA_aa_Mates,AA_AA_Mates,aa_aa_Mates,AA_Aa_Mates,aa_Aa_Mates,Aa_Aa_Mates
0,300.0|300.0|,1.0,100|100|,31.0|,0.0|,48|48|,52|52|,0|0|,0|0|,0|0|,0|0|,0|0|,0|0|,0,100,0,0|0|,0|0|,0|0|,0|0|,0|,0|0|,0|0|,300.0|300.0|,100|100|,0|0|,0|0|,0|0|,100|100|,0|0|,100|100|,0|,0|0|,0|0|,300.0|300.0|,0|0|,0|0|,0|0|,0|,100|100|,0|0|,100|100|,4|4|,0.49870000000000003|0.49870000000000003|,0.54|0.54|,0.47,0.53,0.48,0.52,0,0,NA,NA,NA,NA,NA,NA,NA,NA,NA,NA,NA,NA,NA,NA,NA,NA,91;9;0|91;9;0|,100|,0|,0|,0|,0|,0|,0,0,0,0,0,0
1,300.0|300.0|,1.0,100|100|,31.0|,0.0|,48|48|,52|52|,0|0|,0|0|,0|0|,0|0|,0|0|,0|0|,0,100,0,0|0|,0|0|,0|0|,0|0|,0|,0|0|,0|0|,300.0|300.0|,100|100|,0|0|,0|0|,0|0|,100|100|,0|0|,100|100|,0|,0|0|,0|0|,300.0|300.0|,0|0|,0|0|,0|0|,0|,100|100|,0|0|,100|100|,4|4|,0.49870000000000003|0.49870000000000003|,0.54|0.54|,0.47,0.53,0.48,0.52,0,0,NA,NA,NA,NA,NA,NA,NA,NA,NA,NA,NA,NA,NA,NA,NA,NA,88;11;1|88;11;1|,100|,0|,0|,0|,0|,0|,0,0,0,0,0,0
2,300.0|300.0|,1.0,100|100|,31.0|,0.0|,48|48|,52|52|,0|0|,0|0|,0|0|,0|0|,0|0|,0|0|,0,100,0,0|0|,0|0|,0|0|,0|0|,0|,0|0|,0|0|,300.0|300.0|,100|100|,0|0|,0|0|,0|0|,100|100|,0|0|,100|100|,0|,0|0|,0|0|,300.0|300.0|,0|0|,0|0|,0|0|,0|,100|100|,0|0|,100|100|,4|4|,0.49870000000000003|0.49870000000000003|,0.54|0.54|,0.47,0.53,0.48,0.52,0,0,NA,NA,NA,NA,NA,NA,NA,NA,NA,NA,NA,NA,NA,NA,NA,NA,84;14;2|84;14;2|,100|,0|,0|,0|,0|,0|,0,0,0,0,0,0
3,300.0|300.0|,1.0,100|100|,31.0|,0.0|,48|48|,52|52|,0|0|,0|0|,0|0|,0|0|,0|0|,0|0|,0,100,0,0|0|,0|0|,0|0|,0|0|,0|,0|0|,0|0|,300.0|300.0|,100|100|,0|0|,0|0|,0|0|,100|100|,0|0|,100|100|,0|,0|0|,0|0|,300.0|300.0|,0|0|,0|0|,0|0|,0|,100|100|,0|0|,100|100|,4|4|,0.49870000000000003|0.49870000000000003|,0.54|0.54|,0.47,0.53,0.48,0.52,0,0,NA,NA,NA,NA,NA,NA,NA,NA,NA,NA,NA,NA,NA,NA,NA,NA,78;17;5|78;17;5|,100|,0|,0|,0|,0|,0|,0,0,0,0,0,0
4,300.0|300.0|,1.0,100|100|,31.0|,0.0|,48|48|,52|52|,0|0|,0|0|,0|0|,0|0|,0|0|,0|0|,0,100,0,0|0|,0|0|,0|0|,0|0|,0|,0|0|,0|0|,300.0|300.0|,100|100|,0|0|,0|0|,0|0|,100|100|,0|0|,100|100|,0|,0|0|,0|0|,300.0|300.0|,0|0|,0|0|,0|0|,0|,100|100|,0|0|,100|100|,4|4|,0.49870000000000003|0.49870000000000003|,0.54|0.54|,0.47,0.53,0.48,0.52,0,0,NA,NA,NA,NA,NA,NA,NA,NA,NA,NA,NA,NA,NA,NA,NA,NA,69;24;7|69;24;7|,100|,0|,0|,0|,0|,0|,0,0,0,0,0,0
5,300.0|300.0|,1.0,100|100|,31.0|,0.0|,48|48|,52|52|,0|0|,0|0|,0|0|,0|0|,0|0|,0|0|,0,100,0,0|0|,0|0|,0|0|,0|0|,0|,0|0|,0|0|,300.0|300.0|,100|100|,0|0|,0|0|,0|0|,100|100|,0|0|,100|100|,0|,0|0|,0|0|,300.0|300.0|,0|0|,0|0|,0|0|,0|,100|100|,0|0|,100|100|,4|4|,0.49870000000000003|0.49870000000000003|,0.54|0.54|,0.47,0.53,0.48,0.52,0,0,NA,NA,NA,NA,NA,NA,NA,NA,NA,NA,NA,NA,NA,NA,NA,NA,61;25;14|61;25;14|,100|,0|,0|,0|,0|,0|,0,0,0,0,0,0
6,300.0|300.0|,1.0,100|100|,31.0|,0.0|,48|48|,52|52|,0|0|,0|0|,0|0|,0|0|,0|0|,0|0|,0,100,0,0|0|,0|0|,0|0|,0|0|,0|,0|0|,0|0|,300.0|300.0|,100|100|,0|0|,0|0|,0|0|,100|100|,0|0|,100|100|,0|,0|0|,0|0|,300.0|300.0|,0|0|,0|0|,0|0|,0|,100|100|,0|0|,100|100|,4|4|,0.49870000000000003|0.49870000000000003|,0.54|0.54|,0.47,0.53,0.48,0.52,0,0,NA,NA,NA,NA,NA,NA,NA,NA,NA,NA,NA,NA,NA,NA,NA,NA,50;33;17|50;33;17|,100|,0|,0|,0|,0|,0|,0,0,0,0,0,0
7,300.0|300.0|,1.0,100|100|,31.0|,0.0|,48|48|,52|52|,0|0|,0|0|,0|0|,0|0|,0|0|,0|0|,0,100,0,0|0|,0|0|,0|0|,0|0|,0|,0|0|,0|0|,300.0|300.0|,100|100|,0|0|,0|0|,0|0|,100|100|,0|0|,100|100|,0|,0|0|,0|0|,300.0|300.0|,0|0|,0|0|,0|0|,0|,100|100|,0|0|,100|100|,4|4|,0.49870000000000003|0.49870000000000003|,0.54|0.54|,0.47,0.53,0.48,0.52,0,0,NA,NA,NA,NA,NA,NA,NA,NA,NA,NA,NA,NA,NA,NA,NA,NA,45;34;21|45;34;21|,100|,0|,0|,0|,0|,0|,0,0,0,0,0,0
8,300.0|300.0|,1.0,100|100|,31.0|,0.0|,48|48|,52|52|,0|0|,0|0|,0|0|,0|0|,0|0|,0|0|,0,100,0,0|0|,0|0|,0|0|,0|0|,0|,0|0|,0|0|,300.0|300.0|,100|100|,0|0|,0|0|,0|0|,100|100|,0|0|,100|100|,0|,0|0|,0|0|,300.0|300.0|,0|0|,0|0|,0|0|,0|,100|100|,0|0|,100|100|,4|4|,0.49870000000000003|0.49870000000000003|,0.54|0.54|,0.47,0.53,0.48,0.52,0,0,NA,NA,NA,NA,NA,NA,NA,NA,NA,NA,NA,NA,NA,NA,NA,NA,42;26;32|42;26;32|,100|,0|,0|,0|,0|,0|,0,0,0,0,0,0
9,300.0|300.0|,1.0,100|100|,31.0|,0.0|,48|48|,52|52|,0|0|,0|0|,0|0|,0|0|,0|0|,0|0|,0,100,0,0|0|,0|0|,0|0|,0|0|,0|,0|0|,0|0|,300.0|300.0|,100|100|,0|0|,0|0|,0|0|,100|100|,0|0|,100|100|,0|,0|0|,0|0|,300.0|300.0|,0|0|,0|0|,0|0|,0|,100|100|,0|0|,100|100|,4|4|,0.49870000000000003|0.49870000000000003|,0.54|0.54|,0.47,0.53,0.48,0.52,0,0,NA,NA,NA,NA,NA,NA,NA,NA,NA,NA,NA,NA,NA,NA,NA,NA,35;31;34|35;31;34|,100|,0|,0|,0|,0|,0|,0,0,0,0,0,0
10,300.0|300.0|,1.0,100|100|,31.0|,0.0|,48|48|,52|52|,0|0|,0|0|,0|0|,0|0|,0|0|,0|0|,0,100,0,0|0|,0|0|,0|0|,0|0|,0|,0|0|,0|0|,300.0|300.0|,100|100|,0|0|,0|0|,0|0|,100|100|,0|0|,100|100|,0|,0|0|,0|0|,300.0|300.0|,0|0|,0|0|,0|0|,0|,100|100|,0|0|,100|100|,4|4|,0.49870000000000003|0.49870000000000003|,0.54|0.54|,0.47,0.53,0.48,0.52,0,0,NA,NA,NA,NA,NA,NA,NA,NA,NA,NA,NA,NA,NA,NA,NA,NA,31;30;39|31;30;39|,100|,0|,0|,0|,0|,0|,0,0,0,0,0,0
11,300.0|300.0|,1.0,100|100|,31.0|,0.0|,48|48|,52|52|,0|0|,0|0|,0|0|,0|0|,0|0|,0|0|,0,100,0,0|0|,0|0|,0|0|,0|0|,0|,0|0|,0|0|,300.0|300.0|,100|100|,0|0|,0|0|,0|0|,100|100|,0|0|,100|100|,0|,0|0|,0|0|,300.0|300.0|,0|0|,0|0|,0|0|,0|,100|100|,0|0|,100|100|,4|4|,0.49870000000000003|0.49870000000000003|,0.54|0.54|,0.47,0.53,0.48,0.52,0,0,NA,NA,NA,NA,NA,NA,NA,NA,NA,NA,NA,NA,NA,NA,NA,NA,26;30;44|26;30;44|,100|,0|,0|,0|,0|,0|,0,0,0,0,0,0
12,300.0|300.0|,1.0,100|100|,31.0|,0.0|,48|48|,52|52|,0|0|,0|0|,0|0|,0|0|,0|0|,0|0|,0,100,0,0|0|,0|0|,0|0|,0|0|,0|,0|0|,0|0|,300.0|300.0|,100|100|,0|0|,0|0|,0|0|,100|100|,0|0|,100|100|,0|,0|0|,0|0|,300.0|300.0|,0|0|,0|0|,0|0|,0|,100|100|,0|0|,100|100|,4|4|,0.49870000000000003|0.49870000000000003|,0.54|0.54|,0.47,0.53,0.48,0.52,0,0,NA,NA,NA,NA,NA,NA,NA,NA,NA,NA,NA,NA,NA,NA,NA,NA,25;20;55|25;20;55|,100|,0|,0|,0|,0|,0|,0,0,0,0,0,0
13,300.0|300.0|,1.0,100|100|,31.0|,0.0|,48|48|,52|52|,0|0|,0|0|,0|0|,0|0|,0|0|,0|0|,0,100,0,0|0|,0|0|,0|0|,0|0|,0|,0|0|,0|0|,300.0|300.0|,100|100|,0|0|,0|0|,0|0|,100|100|,0|0|,100|100|,0|,0|0|,0|0|,300.0|300.0|,0|0|,0|0|,0|0|,0|,100|100|,0|0|,100|100|,4|4|,0.49870000000000003|0.49870000000000003|,0.54|0.54|,0.47,0.53,0.48,0.52,0,0,NA,NA,NA,NA,NA,NA,NA,NA,NA,NA,NA,NA,NA,NA,NA,NA,24;18;58|24;18;58|,100|,0|,0|,0|,0|,0|,0,0,0,0,0,0
14,300.0|300.0|,1.0,100|100|,31.0|,0.0|,48|48|,52|52|,0|0|,0|0|,0|0|,0|0|,0|0|,0|0|,0,100,0,0|0|,0|0|,0|0|,0|0|,0|,0|0|,0|0|,300.0|300.0|,100|100|,0|0|,0|0|,0|0|,100|100|,0|0|,100|100|,0|,0|0|,0|0|,300.0|300.0|,0|0|,0|0|,0|0|,0|,100|100|,0|0|,100|100|,4|4|,0.49870000000000003|0.49870000000000003|,0.54|0.54|,0.47,0.53,0.48,0.52,0,0,NA,NA,NA,NA,NA,NA,NA,NA,NA,NA,NA,NA,NA,NA,NA,NA,18;22;60|18;22;60|,100|,0|,0|,0|,0|,0|,0,0,0,0,0,0
15,300.0|300.0|,1.0,100|100|,31.0|,0.0|,48|48|,52|52|,0|0|,0|0|,0|0|,0|0|,0|0|,0|0|,0,100,0,0|0|,0|0|,0|0|,0|0|,0|,0|0|,0|0|,300.0|300.0|,100|100|,0|0|,0|0|,0|0|,100|100|,0|0|,100|100|,0|,0|0|,0|0|,300.0|300.0|,0|0|,0|0|,0|0|,0|,100|100|,0|0|,100|100|,4|4|,0.49870000000000003|0.49870000000000003|,0.54|0.54|,0.47,0.53,0.48,0.52,0,0,NA,NA,NA,NA,NA,NA,NA,NA,NA,NA,NA,NA,NA,NA,NA,NA,17;19;64|17;19;64|,100|,0|,0|,0|,0|,0|,0,0,0,0,0,0
16,300.0|300.0|,1.0,100|100|,31.0|,0.0|,48|48|,52|52|,0|0|,0|0|,0|0|,0|0|,0|0|,0|0|,0,100,0,0|0|,0|0|,0|0|,0|0|,0|,0|0|,0|0|,300.0|300.0|,100|100|,0|0|,0|0|,0|0|,100|100|,0|0|,100|100|,0|,0|0|,0|0|,300.0|300.0|,0|0|,0|0|,0|0|,0|,100|100|,0|0|,100|100|,4|4|,0.49870000000000003|0.49870000000000003|,0.54|0.54|,0.47,0.53,0.48,0.52,0,0,NA,NA,NA,NA,NA,NA,NA,NA,NA,NA,NA,NA,NA,NA,NA,NA,14;17;69|14;17;69|,100|,0|,0|,0|,0|,0|,0,0,0,0,0,0
17,300.0|300.0|,1.0,100|100|,31.0|,0.0|,48|48|,52|52|,0|0|,0|0|,0|0|,0|0|,0|0|,0|0|,0,100,0,0|0|,0|0|,0|0|,0|0|,0|,0|0|,0|0|,300.0|300.0|,100|100|,0|0|,0|0|,0|0|,100|100|,0|0|,100|100|,0|,0|0|,0|0|,300.0|300.0|,0|0|,0|0|,0|0|,0|,100|100|,0|0|,100|100|,4|4|,0.49870000000000003|0.49870000000000003|,0.54|0.54|,0.47,0.53,0.48,0.52,0,0,NA,NA,NA,NA,NA,NA,NA,NA,NA,NA,NA,NA,NA,NA,NA,NA,10;18;72|10;18;72|,100|,0|,0|,0|,0|,0|,0,0,0,0,0,0
18,300.0|300.0|,1.0,100|100|,31.0|,0.0|,48|48|,52|52|,0|0|,0|0|,0|0|,0|0|,0|0|,0|0|,0,100,0,0|0|,0|0|,0|0|,0|0|,0|,0|0|,0|0|,300.0|300.0|,100|100|,0|0|,0|0|,0|0|,100|100|,0|0|,100|100|,0|,0|0|,0|0|,300.0|300.0|,0|0|,0|0|,0|0|,0|,100|100|,0|0|,100|100|,4|4|,0.49870000000000003|0.49870000000000003|,0.54|0.54|,0.47,0.53,0.48,0.52,0,0,NA,NA,NA,NA,NA,NA,NA,NA,NA,NA,NA,NA,NA,NA,NA,NA,8;16;76|8;16;76|,100|,0|,0|,0|,0|,0|,0,0,0,0,0,0
19,300.0|300.0|,1.0,100|100|,31.0|,0.0|,48|48|,52|52|,0|0|,0|0|,0|0|,0|0|,0|0|,0|0|,0,100,0,0|0|,0|0|,0|0|,0|0|,0|,0|0|,0|0|,300.0|300.0|,100|100|,0|0|,0|0|,0|0|,100|100|,0|0|,100|100|,0|,0|0|,0|0|,300.0|300.0|,0|0|,0|0|,0|0|,0|,100|100|,0|0|,100|100|,4|4|,0.49870000000000003|0.49870000000000003|,0.54|0.54|,0.47,0.53,0.48,0.52,0,0,NA,NA,NA,NA,NA,NA,NA,NA,NA,NA,NA,NA,NA,NA,NA,NA,8;12;80|8;12;80|,100|,0|,0|,0|,0|,0|,0,0,0,0,0,0
20,300.0|300.0|,1.0,100|100|,31.0|,0.0|,48|48|,52|52|,0|0|,0|0|,0|0|,0|0|,0|0|,0|0|,0,100,0,0|0|,0|0|,0|0|,0|0|,0|,0|0|,0|0|,300.0|300.0|,100|100|,0|0|,0|0|,0|0|,100|100|,0|0|,100|100|,0|,0|0|,0|0|,300.0|300.0|,0|0|,0|0|,0|0|,0|,100|100|,0|0|,100|100|,4|4|,0.49870000000000003|0.49870000000000003|,0.54|0.54|,0.47,0.53,0.48,0.52,0,0,NA,NA,NA,NA,NA,NA,NA,NA,NA,NA,NA,NA,NA,NA,NA,NA,7;8;85|7;8;85|,100|,0|,0|,0|,0|,0|,0,0,0,0,0,0
21,300.0|300.0|,1.0,100|100|,31.0|,0.0|,48|48|,52|52|,0|0|,0|0|,0|0|,0|0|,0|0|,0|0|,0,100,0,0|0|,0|0|,0|0|,0|0|,0|,0|0|,0|0|,300.0|300.0|,100|100|,0|0|,0|0|,0|0|,100|100|,0|0|,100|100|,0|,0|0|,0|0|,300.0|300.0|,0|0|,0|0|,0|0|,0|,100|100|,0|0|,100|100|,4|4|,0.49870000000000003|0.49870000000000003|,0.54|0.54|,0.47,0.53,0.48,0.52,0,0,NA,NA,NA,NA,NA,NA,NA,NA,NA,NA,NA,NA,NA,NA,NA,NA,7;5;88|7;5;88|,100|,0|,0|,0|,0|,0|,0,0,0,0,0,0
22,300.0|300.0|,1.0,100|100|,31.0|,0.0|,48|48|,52|52|,0|0|,0|0|,0|0|,0|0|,0|0|,0|0|,0,100,0,0|0|,0|0|,0|0|,0|0|,0|,0|0|,0|0|,300.0|300.0|,100|100|,0|0|,0|0|,0|0|,100|100|,0|0|,100|100|,0|,0|0|,0|0|,300.0|300.0|,0|0|,0|0|,0|0|,0|,100|100|,0|0|,100|100|,4|4|,0.49870000000000003|0.49870000000000003|,0.54|0.54|,0.47,0.53,0.48,0.52,0,0,NA,NA,NA,NA,NA,NA,NA,NA,NA,NA,NA,NA,NA,NA,NA,NA,7;5;88|7;5;88|,100|,0|,0|,0|,0|,0|,0,0,0,0,0,0
23,300.0|300.0|,1.0,100|100|,31.0|,0.0|,48|48|,52|52|,0|0|,0|0|,0|0|,0|0|,0|0|,0|0|,0,100,0,0|0|,0|0|,0|0|,0|0|,0|,0|0|,0|0|,300.0|300.0|,100|100|,0|0|,0|0|,0|0|,100|100|,0|0|,100|100|,0|,0|0|,0|0|,300.0|300.0|,0|0|,0|0|,0|0|,0|,100|100|,0|0|,100|100|,4|4|,0.49870000000000003|0.49870000000000003|,0.54|0.54|,0.47,0.53,0.48,0.52,0,0,NA,NA,NA,NA,NA,NA,NA,NA,NA,NA,NA,NA,NA,NA,NA,NA,7;3;90|7;3;90|,100|,0|,0|,0|,0|,0|,0,0,0,0,0,0
24,300.0|300.0|,1.0,100|100|,31.0|,0.0|,48|48|,52|52|,0|0|,0|0|,0|0|,0|0|,0|0|,0|0|,0,100,0,0|0|,0|0|,0|0|,0|0|,0|,0|0|,0|0|,300.0|300.0|,100|100|,0|0|,0|0|,0|0|,100|100|,0|0|,100|100|,0|,0|0|,0|0|,300.0|300.0|,0|0|,0|0|,0|0|,0|,100|100|,0|0|,100|100|,4|4|,0.49870000000000003|0.49870000000000003|,0.54|0.54|,0.47,0.53,0.48,0.52,0,0,NA,NA,NA,NA,NA,NA,NA,NA,NA,NA,NA,NA,NA,NA,NA,NA,7;3;90|7;3;90|,100|,0|,0|,0|,0|,0|,0,0,0,0,0,0
25,300.0|300.0|,1.0,100|100|,31.0|,0.0|,48|48|,52|52|,0|0|,0|0|,0|0|,0|0|,0|0|,0|0|,0,100,0,0|0|,0|0|,0|0|,0|0|,0|,0|0|,0|0|,300.0|300.0|,100|100|,0|0|,0|0|,0|0|,100|100|,0|0|,100|100|,0|,0|0|,0|0|,300.0|300.0|,0|0|,0|0|,0|0|,0|,100|100|,0|0|,100|100|,4|4|,0.49870000000000003|0.49870000000000003|,0.54|0.54|,0.47,0.53,0.48,0.52,0,0,NA,NA,NA,NA,NA,NA,NA,NA,NA,NA,NA,NA,NA,NA,NA,NA,7;2;91|7;2;91|,100|,0|,0|,0|,0|,0|,0,0,0,0,0,0
26,300.0|300.0|,1.0,100|100|,31.0|,0.0|,48|48|,52|52|,0|0|,0|0|,0|0|,0|0|,0|0|,0|0|,0,100,0,0|0|,0|0|,0|0|,0|0|,0|,0|0|,0|0|,300.0|300.0|,100|100|,0|0|,0|0|,0|0|,100|100|,0|0|,100|100|,0|,0|0|,0|0|,300.0|300.0|,0|0|,0|0|,0|0|,0|,100|100|,0|0|,100|100|,4|4|,0.49870000000000003|0.49870000000000003|,0.54|0.54|,0.47,0.53,0.48,0.52,0,0,NA,NA,NA,NA,NA,NA,NA,NA,NA,NA,NA,NA,NA,NA,NA,NA,7;1;92|7;1;92|,100|,0|,0|,0|,0|,0|,0,0,0,0,0,0
27,300.0|300.0|,1.0,100|100|,31.0|,0.0|,48|48|,52|52|,0|0|,0|0|,0|0|,0|0|,0|0|,0|0|,0,100,0,0|0|,0|0|,0|0|,0|0|,0|,0|0|,0|0|,300.0|300.0|,100|100|,0|0|,0|0|,0|0|,100|100|,0|0|,100|100|,0|,0|0|,0|0|,300.0|300.0|,0|0|,0|0|,0|0|,0|,100|100|,0|0|,100|100|,4|4|,0.49870000000000003|0.49870000000000003|,0.54|0.54|,0.47,0.53,0.48,0.52,0,0,NA,NA,NA,NA,NA,NA,NA,NA,NA,NA,NA,NA,NA,NA,NA,NA,6;1;93|6;1;93|,100|,0|,0|,0|,0|,0|,0,0,0,0,0,0
28,300.0|300.0|,1.0,100|100|,31.0|,0.0|,48|48|,52|52|,0|0|,0|0|,0|0|,0|0|,0|0|,0|0|,0,100,0,0|0|,0|0|,0|0|,0|0|,0|,0|0|,0|0|,300.0|300.0|,100|100|,0|0|,0|0|,0|0|,100|100|,0|0|,100|100|,0|,0|0|,0|0|,300.0|300.0|,0|0|,0|0|,0|0|,0|,100|100|,0|0|,100|100|,4|4|,0.49870000000000003|0.49870000000000003|,0.54|0.54|,0.47,0.53,0.48,0.52,0,0,NA,NA,NA,NA,NA,NA,NA,NA,NA,NA,NA,NA,NA,NA,NA,NA,6;1;93|6;1;93|,100|,0|,0|,0|,0|,0|,0,0,0,0,0,0
29,300.0|300.0|,1.0,100|100|,31.0|,0.0|,48|48|,52|52|,0|0|,0|0|,0|0|,0|0|,0|0|,0|0|,0,100,0,0|0|,0|0|,0|0|,0|0|,0|,0|0|,0|0|,300.0|300.0|,100|100|,0|0|,0|0|,0|0|,100|100|,0|0|,100|100|,0|,0|0|,0|0|,300.0|300.0|,0|0|,0|0|,0|0|,0|,100|100|,0|0|,100|100|,4|4|,0.49870000000000003|0.49870000000000003|,0.54|0.54|,0.47,0.53,0.48,0.52,0,0,NA,NA,NA,NA,NA,NA,NA,NA,NA,NA,NA,NA,NA,NA,NA,NA,6;1;93|6;1;93|,100|,0|,0|,0|,0|,0|,0,0,0,0,0,0
30,300.0|300.0|,1.0,100|100|,31.0|,0.0|,48|48|,52|52|,0|0|,0|0|,0|0|,0|0|,0|0|,0|0|,0,100,0,0|0|,0|0|,0|0|,0|0|,0|,0|0|,0|0|,300.0|300.0|,100|100|,0|0|,0|0|,0|0|,100|100|,0|0|,100|100|,0|,0|0|,0|0|,300.0|300.0|,0|0|,0|0|,0|0|,0|,100|100|,0|0|,100|100|,4|4|,0.49870000000000003|0.49870000000000003|,0.54|0.54|,0.47,0.53,0.48,0.52,0,0,NA,NA,NA,NA,NA,NA,NA,NA,NA,NA,NA,NA,NA,NA,NA,NA,6;1;93|6;1;93|,100|,0|,0|,0|,0|,0|,0,0,0,0,0,0
31,300.0|300.0|,1.0,100|100|,31.0|,0.0|,48|48|,52|52|,0|0|,0|0|,0|0|,0|0|,0|0|,0|0|,0,100,0,0|0|,0|0|,0|0|,0|0|,0|,0|0|,0|0|,300.0|300.0|,100|100|,0|0|,0|0|,0|0|,100|100|,0|0|,100|100|,0|,0|0|,0|0|,300.0|300.0|,0|0|,0|0|,0|0|,0|,100|100|,0|0|,100|100|,4|4|,0.49870000000000003|0.49870000000000003|,0.54|0.54|,0.47,0.53,0.48,0.52,0,0,NA,NA,NA,NA,NA,NA,NA,NA,NA,NA,NA,NA,NA,NA,NA,NA,5;2;93|5;2;93|,100|,0|,0|,0|,0|,0|,0,0,0,0,0,0
32,300.0|300.0|,1.0,100|100|,31.0|,0.0|,48|48|,52|52|,0|0|,0|0|,0|0|,0|0|,0|0|,0|0|,0,100,0,0|0|,0|0|,0|0|,0|0|,0|,0|0|,0|0|,300.0|300.0|,100|100|,0|0|,0|0|,0|0|,100|100|,0|0|,100|100|,0|,0|0|,0|0|,300.0|300.0|,0|0|,0|0|,0|0|,0|,100|100|,0|0|,100|100|,4|4|,0.49870000000000003|0.49870000000000003|,0.54|0.54|,0.47,0.53,0.48,0.52,0,0,NA,NA,NA,NA,NA,NA,NA,NA,NA,NA,NA,NA,NA,NA,NA,NA,5;2;93|5;2;93|,100|,0|,0|,0|,0|,0|,0,0,0,0,0,0
33,300.0|300.0|,1.0,100|100|,31.0|,0.0|,48|48|,52|52|,0|0|,0|0|,0|0|,0|0|,0|0|,0|0|,0,100,0,0|0|,0|0|,0|0|,0|0|,0|,0|0|,0|0|,300.0|300.0|,100|100|,0|0|,0|0|,0|0|,100|100|,0|0|,100|100|,0|,0|0|,0|0|,300.0|300.0|,0|0|,0|0|,0|0|,0|,100|100|,0|0|,100|100|,4|4|,0.49870000000000003|0.49870000000000003|,0.54|0.54|,0.47,0.53,0.48,0.52,0,0,NA,NA,NA,NA,NA,NA,NA,NA,NA,NA,NA,NA,NA,NA,NA,NA,5;2;93|5;2;93|,100|,0|,0|,0|,0|,0|,0,0,0,0,0,0
34,300.0|300.0|,1.0,100|100|,31.0|,0.0|,48|48|,52|52|,0|0|,0|0|,0|0|,0|0|,0|0|,0|0|,0,100,0,0|0|,0|0|,0|0|,0|0|,0|,0|0|,0|0|,300.0|300.0|,100|100|,0|0|,0|0|,0|0|,100|100|,0|0|,100|100|,0|,0|0|,0|0|,300.0|300.0|,0|0|,0|0|,0|0|,0|,100|100|,0|0|,100|100|,4|4|,0.49870000000000003|0.49870000000000003|,0.54|0.54|,0.47,0.53,0.48,0.52,0,0,NA,NA,NA,NA,NA,NA,NA,NA,NA,NA,NA,NA,NA,NA,NA,NA,4;2;94|4;2;94|,100|,0|,0|,0|,0|,0|,0,0,0,0,0,0
35,300.0|300.0|,1.0,100|100|,31.0|,0.0|,48|48|,52|52|,0|0|,0|0|,0|0|,0|0|,0|0|,0|0|,0,100,0,0|0|,0|0|,0|0|,0|0|,0|,0|0|,0|0|,300.0|300.0|,100|100|,0|0|,0|0|,0|0|,100|100|,0|0|,100|100|,0|,0|0|,0|0|,300.0|300.0|,0|0|,0|0|,0|0|,0|,100|100|,0|0|,100|100|,4|4|,0.49870000000000003|0.49870000000000003|,0.54|0.54|,0.47,0.53,0.48,0.52,0,0,NA,NA,NA,NA,NA,NA,NA,NA,NA,NA,NA,NA,NA,NA,NA,NA,4;2;94|4;2;94|,100|,0|,0|,0|,0|,0|,0,0,0,0,0,0
36,300.0|300.0|,1.0,100|100|,31.0|,0.0|,48|48|,52|52|,0|0|,0|0|,0|0|,0|0|,0|0|,0|0|,0,100,0,0|0|,0|0|,0|0|,0|0|,0|,0|0|,0|0|,300.0|300.0|,100|100|,0|0|,0|0|,0|0|,100|100|,0|0|,100|100|,0|,0|0|,0|0|,300.0|300.0|,0|0|,0|0|,0|0|,0|,100|100|,0|0|,100|100|,4|4|,0.49870000000000003|0.49870000000000003|,0.54|0.54|,0.47,0.53,0.48,0.52,0,0,NA,NA,NA,NA,NA,NA,NA,NA,NA,NA,NA,NA,NA,NA,NA,NA,4;2;94|4;2;94|,100|,0|,0|,0|,0|,0|,0,0,0,0,0,0
37,300.0|300.0|,1.0,100|100|,31.0|,0.0|,48|48|,52|52|,0|0|,0|0|,0|0|,0|0|,0|0|,0|0|,0,100,0,0|0|,0|0|,0|0|,0|0|,0|,0|0|,0|0|,300.0|300.0|,100|100|,0|0|,0|0|,0|0|,100|100|,0|0|,100|100|,0|,0|0|,0|0|,300.0|300.0|,0|0|,0|0|,0|0|,0|,100|100|,0|0|,100|100|,4|4|,0.49870000000000003|0.49870000000000003|,0.54|0.54|,0.47,0.53,0.48,0.52,0,0,NA,NA,NA,NA,NA,NA,NA,NA,NA,NA,NA,NA,NA,NA,NA,NA,4;1;95|4;1;95|,100|,0|,0|,0|,0|,0|,0,0,0,0,0,0
38,300.0|300.0|,1.0,100|100|,31.0|,0.0|,48|48|,52|52|,0|0|,0|0|,0|0|,0|0|,0|0|,0|0|,0,100,0,0|0|,0|0|,0|0|,0|0|,0|,0|0|,0|0|,300.0|300.0|,100|100|,0|0|,0|0|,0|0|,100|100|,0|0|,100|100|,0|,0|0|,0|0|,300.0|300.0|,0|0|,0|0|,0|0|,0|,100|100|,0|0|,100|100|,4|4|,0.49870000000000003|0.49870000000000003|,0.54|0.54|,0.47,0.53,0.48,0.52,0,0,NA,NA,NA,NA,NA,NA,NA,NA,NA,NA,NA,NA,NA,NA,NA,NA,4;0;96|4;0;96|,100|,0|,0|,0|,0|,0|,0,0,0,0,0,0
39,300.0|300.0|,1.0,100|100|,31.0|,0.0|,48|48|,52|52|,0|0|,0|0|,0|0|,0|0|,0|0|,0|0|,0,100,0,0|0|,0|0|,0|0|,0|0|,0|,0|0|,0|0|,300.0|300.0|,100|100|,0|0|,0|0|,0|0|,100|100|,0|0|,100|100|,0|,0|0|,0|0|,300.0|300.0|,0|0|,0|0|,0|0|,0|,100|100|,0|0|,100|100|,4|4|,0.49870000000000003|0.49870000000000003|,0.54|0.54|,0.47,0.53,0.48,0.52,0,0,NA,NA,NA,NA,NA,NA,NA,NA,NA,NA,NA,NA,NA,NA,NA,NA,4;0;96|4;0;96|,100|,0|,0|,0|,0|,0|,0,0,0,0,0,0
40,300.0|300.0|,1.0,100|100|,31.0|,0.0|,48|48|,52|52|,0|0|,0|0|,0|0|,0|0|,0|0|,0|0|,0,100,0,0|0|,0|0|,0|0|,0|0|,0|,0|0|,0|0|,300.0|300.0|,100|100|,0|0|,0|0|,0|0|,100|100|,0|0|,100|100|,0|,0|0|,0|0|,300.0|300.0|,0|0|,0|0|,0|0|,0|,100|100|,0|0|,100|100|,4|4|,0.49870000000000003|0.49870000000000003|,0.54|0.54|,0.47,0.53,0.48,0.52,0,0,NA,NA,NA,NA,NA,NA,NA,NA,NA,NA,NA,NA,NA,NA,NA,NA,4;0;96|4;0;96|,100|,0|,0|,0|,0|,0|,0,0,0,0,0,0
41,300.0|300.0|,1.0,100|100|,31.0|,0.0|,48|48|,52|52|,0|0|,0|0|,0|0|,0|0|,0|0|,0|0|,0,100,0,0|0|,0|0|,0|0|,0|0|,0|,0|0|,0|0|,300.0|300.0|,100|100|,0|0|,0|0|,0|0|,100|100|,0|0|,100|100|,0|,0|0|,0|0|,300.0|300.0|,0|0|,0|0|,0|0|,0|,100|100|,0|0|,100|100|,4|4|,0.49870000000000003|0.49870000000000003|,0.54|0.54|,0.47,0.53,0.48,0.52,0,0,NA,NA,NA,NA,NA,NA,NA,NA,NA,NA,NA,NA,NA,NA,NA,NA,4;0;96|4;0;96|,100|,0|,0|,0|,0|,0|,0,0,0,0,0,0
42,300.0|300.0|,1.0,100|100|,31.0|,0.0|,48|48|,52|52|,0|0|,0|0|,0|0|,0|0|,0|0|,0|0|,0,100,0,0|0|,0|0|,0|0|,0|0|,0|,0|0|,0|0|,300.0|300.0|,100|100|,0|0|,0|0|,0|0|,100|100|,0|0|,100|100|,0|,0|0|,0|0|,300.0|300.0|,0|0|,0|0|,0|0|,0|,100|100|,0|0|,100|100|,4|4|,0.49870000000000003|0.49870000000000003|,0.54|0.54|,0.47,0.53,0.48,0.52,0,0,NA,NA,NA,NA,NA,NA,NA,NA,NA,NA,NA,NA,NA,NA,NA,NA,4;0;96|4;0;96|,100|,0|,0|,0|,0|,0|,0,0,0,0,0,0
43,300.0|300.0|,1.0,100|100|,31.0|,0.0|,48|48|,52|52|,0|0|,0|0|,0|0|,0|0|,0|0|,0|0|,0,100,0,0|0|,0|0|,0|0|,0|0|,0|,0|0|,0|0|,300.0|300.0|,100|100|,0|0|,0|0|,0|0|,100|100|,0|0|,100|100|,0|,0|0|,0|0|,300.0|300.0|,0|0|,0|0|,0|0|,0|,100|100|,0|0|,100|100|,4|4|,0.49870000000000003|0.49870000000000003|,0.54|0.54|,0.47,0.53,0.48,0.52,0,0,NA,NA,NA,NA,NA,NA,NA,NA,NA,NA,NA,NA,NA,NA,NA,NA,4;0;96|4;0;96|,100|,0|,0|,0|,0|,0|,0,0,0,0,0,0
44,300.0|300.0|,1.0,100|100|,31.0|,0.0|,48|48|,52|52|,0|0|,0|0|,0|0|,0|0|,0|0|,0|0|,0,100,0,0|0|,0|0|,0|0|,0|0|,0|,0|0|,0|0|,300.0|300.0|,100|100|,0|0|,0|0|,0|0|,100|100|,0|0|,100|100|,0|,0|0|,0|0|,300.0|300.0|,0|0|,0|0|,0|0|,0|,100|100|,0|0|,100|100|,4|4|,0.49870000000000003|0.49870000000000003|,0.54|0.54|,0.47,0.53,0.48,0.52,0,0,NA,NA,NA,NA,NA,NA,NA,NA,NA,NA,NA,NA,NA,NA,NA,NA,4;0;96|4;0;96|,100|,0|,0|,0|,0|,0|,0,0,0,0,0,0
45,300.0|300.0|,1.0,100|100|,31.0|,0.0|,48|48|,52|52|,0|0|,0|0|,0|0|,0|0|,0|0|,0|0|,0,100,0,0|0|,0|0|,0|0|,0|0|,0|,0|0|,0|0|,300.0|300.0|,100|100|,0|0|,0|0|,0|0|,100|100|,0|0|,100|100|,0|,0|0|,0|0|,300.0|300.0|,0|0|,0|0|,0|0|,0|,100|100|,0|0|,100|100|,4|4|,0.49870000000000003|0.49870000000000003|,0.54|0.54|,0.47,0.53,0.48,0.52,0,0,NA,NA,NA,NA,NA,NA,NA,NA,NA,NA,NA,NA,NA,NA,NA,NA,4;0;96|4;0;96|,100|,0|,0|,0|,0|,0|,0,0,0,0,0,0
46,300.0|300.0|,1.0,100|100|,31.0|,0.0|,48|48|,52|52|,0|0|,0|0|,0|0|,0|0|,0|0|,0|0|,0,100,0,0|0|,0|0|,0|0|,0|0|,0|,0|0|,0|0|,300.0|300.0|,100|100|,0|0|,0|0|,0|0|,100|100|,0|0|,100|100|,0|,0|0|,0|0|,300.0|300.0|,0|0|,0|0|,0|0|,0|,100|100|,0|0|,100|100|,4|4|,0.49870000000000003|0.49870000000000003|,0.54|0.54|,0.47,0.53,0.48,0.52,0,0,NA,NA,NA,NA,NA,NA,NA,NA,NA,NA,NA,NA,NA,NA,NA,NA,4;0;96|4;0;96|,100|,0|,0|,0|,0|,0|,0,0,0,0,0,0
47,300.0|300.0|,1.0,100|100|,31.0|,0.0|,48|48|,52|52|,0|0|,0|0|,0|0|,0|0|,0|0|,0|0|,0,100,0,0|0|,0|0|,0|0|,0|0|,0|,0|0|,0|0|,300.0|300.0|,100|100|,0|0|,0|0|,0|0|,100|100|,0|0|,100|100|,0|,0|0|,0|0|,300.0|300.0|,0|0|,0|0|,0|0|,0|,100|100|,0|0|,100|100|,4|4|,0.49870000000000003|0.49870000000000003|,0.54|0.54|,0.47,0.53,0.48,0.52,0,0,NA,NA,NA,NA,NA,NA,NA,NA,NA,NA,NA,NA,NA,NA,NA,NA,4;0;96|4;0;96|,100|,0|,0|,0|,0|,0|,0,0,0,0,0,0
48,300.0|300.0|,1.0,100|100|,31.0|,0.0|,48|48|,52|52|,0|0|,0|0|,0|0|,0|0|,0|0|,0|0|,0,100,0,0|0|,0|0|,0|0|,0|0|,0|,0|0|,0|0|,300.0|300.0|,100|100|,0|0|,0|0|,0|0|,100|100|,0|0|,100|100|,0|,0|0|,0|0|,300.0|300.0|,0|0|,0|0|,0|0|,0|,100|100|,0|0|,100|100|,4|4|,0.49870000000000003|0.49870000000000003|,0.54|0.54|,0.47,0.53,0.48,0.52,0,0,NA,NA,NA,NA,NA,NA,NA,NA,NA,NA,NA,NA,NA,NA,NA,NA,4;0;96|4;0;96|,100|,0|,0|,0|,0|,0|,0,0,0,0,0,0
49,300.0|300.0|,1.0,100|100|,31.0|,0.0|,48|48|,52|52|,0|0|,0|0|,0|0|,0|0|,0|0|,0|0|,0,100,0,0|0|,0|0|,0|0|,0|0|,0|,0|0|,0|0|,300.0|300.0|,100|100|,0|0|,0|0|,0|0|,100|100|,0|0|,100|100|,0|,0|0|,0|0|,300.0|300.0|,0|0|,0|0|,0|0|,0|,100|100|,0|0|,100|100|,4|4|,0.49870000000000003|0.49870000000000003|,0.54|0.54|,0.47,0.53,0.48,0.52,0,0,NA,NA,NA,NA,NA,NA,NA,NA,NA,NA,NA,NA,NA,NA,NA,NA,4;0;96|4;0;96|,100|,0|,0|,0|,0|,0|,0,0,0,0,0,0
50,300.0|300.0|,1.0,100|100|,31.0|,0.0|,48|48|,52|52|,0|0|,0|0|,0|0|,0|0|,0|0|,0|0|,0,100,0,0|0|,0|0|,0|0|,0|0|,0|,0|0|,0|0|,300.0|300.0|,100|100|,0|0|,0|0|,0|0|,100|100|,0|0|,100|100|,0|,0|0|,0|0|,300.0|300.0|,0|0|,0|0|,0|0|,0|,100|100|,0|0|,100|100|,4|4|,0.49870000000000003|0.49870000000000003|,0.54|0.54|,0.47,0.53,0.48,0.52,0,0,NA,NA,NA,NA,NA,NA,NA,NA,NA,NA,NA,NA,NA,NA,NA,NA,4;0;96|4;0;96|,100|,0|,0|,0|,0|,0|,0,0,0,0,0,0
51,300.0|300.0|,1.0,100|100|,31.0|,0.0|,48|48|,52|52|,0|0|,0|0|,0|0|,0|0|,0|0|,0|0|,0,100,0,0|0|,0|0|,0|0|,0|0|,0|,0|0|,0|0|,300.0|300.0|,100|100|,0|0|,0|0|,0|0|,100|100|,0|0|,100|100|,0|,0|0|,0|0|,300.0|300.0|,0|0|,0|0|,0|0|,0|,100|100|,0|0|,100|100|,4|4|,0.49870000000000003|0.49870000000000003|,0.54|0.54|,0.47,0.53,0.48,0.52,0,0,NA,NA,NA,NA,NA,NA,NA,NA,NA,NA,NA,NA,NA,NA,NA,NA,4;0;96|4;0;96|,100|,0|,0|,0|,0|,0|,0,0,0,0,0,0
52,300.0|300.0|,1.0,100|100|,31.0|,0.0|,48|48|,52|52|,0|0|,0|0|,0|0|,0|0|,0|0|,0|0|,0,100,0,0|0|,0|0|,0|0|,0|0|,0|,0|0|,0|0|,300.0|300.0|,100|100|,0|0|,0|0|,0|0|,100|100|,0|0|,100|100|,0|,0|0|,0|0|,300.0|300.0|,0|0|,0|0|,0|0|,0|,100|100|,0|0|,100|100|,4|4|,0.49870000000000003|0.49870000000000003|,0.54|0.54|,0.47,0.53,0.48,0.52,0,0,NA,NA,NA,NA,NA,NA,NA,NA,NA,NA,NA,NA,NA,NA,NA,NA,4;0;96|4;0;96|,100|,0|,0|,0|,0|,0|,0,0,0,0,0,0
53,300.0|300.0|,1.0,100|100|,31.0|,0.0|,48|48|,52|52|,0|0|,0|0|,0|0|,0|0|,0|0|,0|0|,0,100,0,0|0|,0|0|,0|0|,0|0|,0|,0|0|,0|0|,300.0|300.0|,100|100|,0|0|,0|0|,0|0|,100|100|,0|0|,100|100|,0|,0|0|,0|0|,300.0|300.0|,0|0|,0|0|,0|0|,0|,100|100|,0|0|,100|100|,4|4|,0.49870000000000003|0.49870000000000003|,0.54|0.54|,0.47,0.53,0.48,0.52,0,0,NA,NA,NA,NA,NA,NA,NA,NA,NA,NA,NA,NA,NA,NA,NA,NA,4;0;96|4;0;96|,100|,0|,0|,0|,0|,0|,0,0,0,0,0,0
54,300.0|300.0|,1.0,100|100|,31.0|,0.0|,48|48|,52|52|,0|0|,0|0|,0|0|,0|0|,0|0|,0|0|,0,100,0,0|0|,0|0|,0|0|,0|0|,0|,0|0|,0|0|,300.0|300.0|,100|100|,0|0|,0|0|,0|0|,100|100|,0|0|,100|100|,0|,0|0|,0|0|,300.0|300.0|,0|0|,0|0|,0|0|,0|,100|100|,0|0|,100|100|,4|4|,0.49870000000000003|0.49870000000000003|,0.54|0.54|,0.47,0.53,0.48,0.52,0,0,NA,NA,NA,NA,NA,NA,NA,NA,NA,NA,NA,NA,NA,NA,NA,NA,4;0;96|4;0;96|,100|,0|,0|,0|,0|,0|,0,0,0,0,0,0
55,300.0|300.0|,1.0,100|100|,31.0|,0.0|,48|48|,52|52|,0|0|,0|0|,0|0|,0|0|,0|0|,0|0|,0,100,0,0|0|,0|0|,0|0|,0|0|,0|,0|0|,0|0|,300.0|300.0|,100|100|,0|0|,0|0|,0|0|,100|100|,0|0|,100|100|,0|,0|0|,0|0|,300.0|300.0|,0|0|,0|0|,0|0|,0|,100|100|,0|0|,100|100|,4|4|,0.49870000000000003|0.49870000000000003|,0.54|0.54|,0.47,0.53,0.48,0.52,0,0,NA,NA,NA,NA,NA,NA,NA,NA,NA,NA,NA,NA,NA,NA,NA,NA,4;0;96|4;0;96|,100|,0|,0|,0|,0|,0|,0,0,0,0,0,0
56,300.0|300.0|,1.0,100|100|,31.0|,0.0|,48|48|,52|52|,0|0|,0|0|,0|0|,0|0|,0|0|,0|0|,0,100,0,0|0|,0|0|,0|0|,0|0|,0|,0|0|,0|0|,300.0|300.0|,100|100|,0|0|,0|0|,0|0|,100|100|,0|0|,100|100|,0|,0|0|,0|0|,300.0|300.0|,0|0|,0|0|,0|0|,0|,100|100|,0|0|,100|100|,4|4|,0.49870000000000003|0.49870000000000003|,0.54|0.54|,0.47,0.53,0.48,0.52,0,0,NA,NA,NA,NA,NA,NA,NA,NA,NA,NA,NA,NA,NA,NA,NA,NA,4;0;96|4;0;96|,100|,0|,0|,0|,0|,0|,0,0,0,0,0,0
57,300.0|300.0|,1.0,100|100|,31.0|,0.0|,48|48|,52|52|,0|0|,0|0|,0|0|,0|0|,0|0|,0|0|,0,100,0,0|0|,0|0|,0|0|,0|0|,0|,0|0|,0|0|,300.0|300.0|,100|100|,0|0|,0|0|,0|0|,100|100|,0|0|,100|100|,0|,0|0|,0|0|,300.0|300.0|,0|0|,0|0|,0|0|,0|,100|100|,0|0|,100|100|,4|4|,0.49870000000000003|0.49870000000000003|,0.54|0.54|,0.47,0.53,0.48,0.52,0,0,NA,NA,NA,NA,NA,NA,NA,NA,NA,NA,NA,NA,NA,NA,NA,NA,4;0;96|4;0;96|,100|,0|,0|,0|,0|,0|,0,0,0,0,0,0
58,300.0|300.0|,1.0,100|100|,31.0|,0.0|,48|48|,52|52|,0|0|,0|0|,0|0|,0|0|,0|0|,0|0|,0,100,0,0|0|,0|0|,0|0|,0|0|,0|,0|0|,0|0|,300.0|300.0|,100|100|,0|0|,0|0|,0|0|,100|100|,0|0|,100|100|,0|,0|0|,0|0|,300.0|300.0|,0|0|,0|0|,0|0|,0|,100|100|,0|0|,100|100|,4|4|,0.49870000000000003|0.49870000000000003|,0.54|0.54|,0.47,0.53,0.48,0.52,0,0,NA,NA,NA,NA,NA,NA,NA,NA,NA,NA,NA,NA,NA,NA,NA,NA,4;0;96|4;0;96|,100|,0|,0|,0|,0|,0|,0,0,0,0,0,0
59,300.0|300.0|,1.0,100|100|,31.0|,0.0|,48|48|,52|52|,0|0|,0|0|,0|0|,0|0|,0|0|,0|0|,0,100,0,0|0|,0|0|,0|0|,0|0|,0|,0|0|,0|0|,300.0|300.0|,100|100|,0|0|,0|0|,0|0|,100|100|,0|0|,100|100|,0|,0|0|,0|0|,300.0|300.0|,0|0|,0|0|,0|0|,0|,100|100|,0|0|,100|100|,4|4|,0.49870000000000003|0.49870000000000003|,0.54|0.54|,0.47,0.53,0.48,0.52,0,0,NA,NA,NA,NA,NA,NA,NA,NA,NA,NA,NA,NA,NA,NA,NA,NA,4;0;96|4;0;96|,100|,0|,0|,0|,0|,0|,0,0,0,0,0,0
60,300.0|300.0|,1.0,100|100|,31.0|,0.0|,48|48|,52|52|,0|0|,0|0|,0|0|,0|0|,0|0|,0|0|,0,100,0,0|0|,0|0|,0|0|,0|0|,0|,0|0|,0|0|,300.0|300.0|,100|100|,0|0|,0|0|,0|0|,100|100|,0|0|,100|100|,0|,0|0|,0|0|,300.0|300.0|,0|0|,0|0|,0|0|,0|,100|100|,0|0|,100|100|,4|4|,0.49870000000000003|0.49870000000000003|,0.54|0.54|,0.47,0.53,0.48,0.52,0,0,NA,NA,NA,NA,NA,NA,NA,NA,NA,NA,NA,NA,NA,NA,NA,NA,4;0;96|4;0;96|,100|,0|,0|,0|,0|,0|,0,0,0,0,0,0
61,300.0|300.0|,1.0,100|100|,31.0|,0.0|,48|48|,52|52|,0|0|,0|0|,0|0|,0|0|,0|0|,0|0|,0,100,0,0|0|,0|0|,0|0|,0|0|,0|,0|0|,0|0|,300.0|300.0|,100|100|,0|0|,0|0|,0|0|,100|100|,0|0|,100|100|,0|,0|0|,0|0|,300.0|300.0|,0|0|,0|0|,0|0|,0|,100|100|,0|0|,100|100|,4|4|,0.49870000000000003|0.49870000000000003|,0.54|0.54|,0.47,0.53,0.48,0.52,0,0,NA,NA,NA,NA,NA,NA,NA,NA,NA,NA,NA,NA,NA,NA,NA,NA,4;0;96|4;0;96|,100|,0|,0|,0|,0|,0|,0,0,0,0,0,0
62,300.0|300.0|,1.0,100|100|,31.0|,0.0|,48|48|,52|52|,0|0|,0|0|,0|0|,0|0|,0|0|,0|0|,0,100,0,0|0|,0|0|,0|0|,0|0|,0|,0|0|,0|0|,300.0|300.0|,100|100|,0|0|,0|0|,0|0|,100|100|,0|0|,100|100|,0|,0|0|,0|0|,300.0|300.0|,0|0|,0|0|,0|0|,0|,100|100|,0|0|,100|100|,4|4|,0.49870000000000003|0.49870000000000003|,0.54|0.54|,0.47,0.53,0.48,0.52,0,0,NA,NA,NA,NA,NA,NA,NA,NA,NA,NA,NA,NA,NA,NA,NA,NA,4;0;96|4;0;96|,100|,0|,0|,0|,0|,0|,0,0,0,0,0,0
63,300.0|300.0|,1.0,100|100|,31.0|,0.0|,48|48|,52|52|,0|0|,0|0|,0|0|,0|0|,0|0|,0|0|,0,100,0,0|0|,0|0|,0|0|,0|0|,0|,0|0|,0|0|,300.0|300.0|,100|100|,0|0|,0|0|,0|0|,100|100|,0|0|,100|100|,0|,0|0|,0|0|,300.0|300.0|,0|0|,0|0|,0|0|,0|,100|100|,0|0|,100|100|,4|4|,0.49870000000000003|0.49870000000000003|,0.54|0.54|,0.47,0.53,0.48,0.52,0,0,NA,NA,NA,NA,NA,NA,NA,NA,NA,NA,NA,NA,NA,NA,NA,NA,4;0;96|4;0;96|,100|,0|,0|,0|,0|,0|,0,0,0,0,0,0
64,300.0|300.0|,1.0,100|100|,31.0|,0.0|,48|48|,52|52|,0|0|,0|0|,0|0|,0|0|,0|0|,0|0|,0,100,0,0|0|,0|0|,0|0|,0|0|,0|,0|0|,0|0|,300.0|300.0|,100|100|,0|0|,0|0|,0|0|,100|100|,0|0|,100|100|,0|,0|0|,0|0|,300.0|300.0|,0|0|,0|0|,0|0|,0|,100|100|,0|0|,100|100|,4|4|,0.49870000000000003|0.49870000000000003|,0.54|0.54|,0.47,0.53,0.48,0.52,0,0,NA,NA,NA,NA,NA,NA,NA,NA,NA,NA,NA,NA,NA,NA,NA,NA,4;0;96|4;0;96|,100|,0|,0|,0|,0|,0|,0,0,0,0,0,0
65,300.0|300.0|,1.0,100|100|,31.0|,0.0|,48|48|,52|52|,0|0|,0|0|,0|0|,0|0|,0|0|,0|0|,0,100,0,0|0|,0|0|,0|0|,0|0|,0|,0|0|,0|0|,300.0|300.0|,100|100|,0|0|,0|0|,0|0|,100|100|,0|0|,100|100|,0|,0|0|,0|0|,300.0|300.0|,0|0|,0|0|,0|0|,0|,100|100|,0|0|,100|100|,4|4|,0.49870000000000003|0.49870000000000003|,0.54|0.54|,0.47,0.53,0.48,0.52,0,0,NA,NA,NA,NA,NA,NA,NA,NA,NA,NA,NA,NA,NA,NA,NA,NA,4;0;96|4;0;96|,100|,0|,0|,0|,0|,0|,0,0,0,0,0,0
66,300.0|300.0|,1.0,100|100|,31.0|,0.0|,48|48|,52|52|,0|0|,0|0|,0|0|,0|0|,0|0|,0|0|,0,100,0,0|0|,0|0|,0|0|,0|0|,0|,0|0|,0|0|,300.0|300.0|,100|100|,0|0|,0|0|,0|0|,100|100|,0|0|,100|100|,0|,0|0|,0|0|,300.0|300.0|,0|0|,0|0|,0|0|,0|,100|100|,0|0|,100|100|,4|4|,0.49870000000000003|0.49870000000000003|,0.54|0.54|,0.47,0.53,0.48,0.52,0,0,NA,NA,NA,NA,NA,NA,NA,NA,NA,NA,NA,NA,NA,NA,NA,NA,4;0;96|4;0;96|,100|,0|,0|,0|,0|,0|,0,0,0,0,0,0
67,300.0|300.0|,1.0,100|100|,31.0|,0.0|,48|48|,52|52|,0|0|,0|0|,0|0|,0|0|,0|0|,0|0|,0,100,0,0|0|,0|0|,0|0|,0|0|,0|,0|0|,0|0|,300.0|300.0|,100|100|,0|0|,0|0|,0|0|,100|100|,0|0|,100|100|,0|,0|0|,0|0|,300.0|300.0|,0|0|,0|0|,0|0|,0|,100|100|,0|0|,100|100|,4|4|,0.49870000000000003|0.49870000000000003|,0.54|0.54|,0.47,0.53,0.48,0.52,0,0,NA,NA,NA,NA,NA,NA,NA,NA,NA,NA,NA,NA,NA,NA,NA,NA,4;0;96|4;0;96|,100|,0|,0|,0|,0|,0|,0,0,0,0,0,0
68,300.0|300.0|,1.0,100|100|,31.0|,0.0|,48|48|,52|52|,0|0|,0|0|,0|0|,0|0|,0|0|,0|0|,0,100,0,0|0|,0|0|,0|0|,0|0|,0|,0|0|,0|0|,300.0|300.0|,100|100|,0|0|,0|0|,0|0|,100|100|,0|0|,100|100|,0|,0|0|,0|0|,300.0|300.0|,0|0|,0|0|,0|0|,0|,100|100|,0|0|,100|100|,4|4|,0.49870000000000003|0.49870000000000003|,0.54|0.54|,0.47,0.53,0.48,0.52,0,0,NA,NA,NA,NA,NA,NA,NA,NA,NA,NA,NA,NA,NA,NA,NA,NA,4;0;96|4;0;96|,100|,0|,0|,0|,0|,0|,0,0,0,0,0,0
69,300.0|300.0|,1.0,100|100|,31.0|,0.0|,48|48|,52|52|,0|0|,0|0|,0|0|,0|0|,0|0|,0|0|,0,100,0,0|0|,0|0|,0|0|,0|0|,0|,0|0|,0|0|,300.0|300.0|,100|100|,0|0|,0|0|,0|0|,100|100|,0|0|,100|100|,0|,0|0|,0|0|,300.0|300.0|,0|0|,0|0|,0|0|,0|,100|100|,0|0|,100|100|,4|4|,0.49870000000000003|0.49870000000000003|,0.54|0.54|,0.47,0.53,0.48,0.52,0,0,NA,NA,NA,NA,NA,NA,NA,NA,NA,NA,NA,NA,NA,NA,NA,NA,4;0;96|4;0;96|,100|,0|,0|,0|,0|,0|,0,0,0,0,0,0
70,300.0|300.0|,1.0,100|100|,31.0|,0.0|,48|48|,52|52|,0|0|,0|0|,0|0|,0|0|,0|0|,0|0|,0,100,0,0|0|,0|0|,0|0|,0|0|,0|,0|0|,0|0|,300.0|300.0|,100|100|,0|0|,0|0|,0|0|,100|100|,0|0|,100|100|,0|,0|0|,0|0|,300.0|300.0|,0|0|,0|0|,0|0|,0|,100|100|,0|0|,100|100|,4|4|,0.49870000000000003|0.49870000000000003|,0.54|0.54|,0.47,0.53,0.48,0.52,0,0,NA,NA,NA,NA,NA,NA,NA,NA,NA,NA,NA,NA,NA,NA,NA,NA,4;0;96|4;0;96|,100|,0|,0|,0|,0|,0|,0,0,0,0,0,0
71,300.0|300.0|,1.0,100|100|,31.0|,0.0|,48|48|,52|52|,0|0|,0|0|,0|0|,0|0|,0|0|,0|0|,0,100,0,0|0|,0|0|,0|0|,0|0|,0|,0|0|,0|0|,300.0|300.0|,100|100|,0|0|,0|0|,0|0|,100|100|,0|0|,100|100|,0|,0|0|,0|0|,300.0|300.0|,0|0|,0|0|,0|0|,0|,100|100|,0|0|,100|100|,4|4|,0.49870000000000003|0.49870000000000003|,0.54|0.54|,0.47,0.53,0.48,0.52,0,0,NA,NA,NA,NA,NA,NA,NA,NA,NA,NA,NA,NA,NA,NA,NA,NA,4;0;96|4;0;96|,100|,0|,0|,0|,0|,0|,0,0,0,0,0,0
72,300.0|300.0|,1.0,100|100|,31.0|,0.0|,48|48|,52|52|,0|0|,0|0|,0|0|,0|0|,0|0|,0|0|,0,100,0,0|0|,0|0|,0|0|,0|0|,0|,0|0|,0|0|,300.0|300.0|,100|100|,0|0|,0|0|,0|0|,100|100|,0|0|,100|100|,0|,0|0|,0|0|,300.0|300.0|,0|0|,0|0|,0|0|,0|,100|100|,0|0|,100|100|,4|4|,0.49870000000000003|0.49870000000000003|,0.54|0.54|,0.47,0.53,0.48,0.52,0,0,NA,NA,NA,NA,NA,NA,NA,NA,NA,NA,NA,NA,NA,NA,NA,NA,4;0;96|4;0;96|,100|,0|,0|,0|,0|,0|,0,0,0,0,0,0
73,300.0|300.0|,1.0,100|100|,31.0|,0.0|,48|48|,52|52|,0|0|,0|0|,0|0|,0|0|,0|0|,0|0|,0,100,0,0|0|,0|0|,0|0|,0|0|,0|,0|0|,0|0|,300.0|300.0|,100|100|,0|0|,0|0|,0|0|,100|100|,0|0|,100|100|,0|,0|0|,0|0|,300.0|300.0|,0|0|,0|0|,0|0|,0|,100|100|,0|0|,100|100|,4|4|,0.49870000000000003|0.49870000000000003|,0.54|0.54|,0.47,0.53,0.48,0.52,0,0,NA,NA,NA,NA,NA,NA,NA,NA,NA,NA,NA,NA,NA,NA,NA,NA,4;0;96|4;0;96|,100|,0|,0|,0|,0|,0|,0,0,0,0,0,0
74,300.0|300.0|,1.0,100|100|,31.0|,0.0|,48|48|,52|52|,0|0|,0|0|,0|0|,0|0|,0|0|,0|0|,0,100,0,0|0|,0|0|,0|0|,0|0|,0|,0|0|,0|0|,300.0|300.0|,100|100|,0|0|,0|0|,0|0|,100|100|,0|0|,100|100|,0|,0|0|,0|0|,300.0|300.0|,0|0|,0|0|,0|0|,0|,100|100|,0|0|,100|100|,4|4|,0.49870000000000003|0.49870000000000003|,0.54|0.54|,0.47,0.53,0.48,0.52,0,0,NA,NA,NA,NA,NA,NA,NA,NA,NA,NA,NA,NA,NA,NA,NA,NA,4;0;96|4;0;96|,100|,0|,0|,0|,0|,0|,0,0,0,0,0,0
75,300.0|300.0|,1.0,100|100|,31.0|,0.0|,48|48|,52|52|,0|0|,0|0|,0|0|,0|0|,0|0|,0|0|,0,100,0,0|0|,0|0|,0|0|,0|0|,0|,0|0|,0|0|,300.0|300.0|,100|100|,0|0|,0|0|,0|0|,100|100|,0|0|,100|100|,0|,0|0|,0|0|,300.0|300.0|,0|0|,0|0|,0|0|,0|,100|100|,0|0|,100|100|,4|4|,0.49870000000000003|0.49870000000000003|,0.54|0.54|,0.47,0.53,0.48,0.52,0,0,NA,NA,NA,NA,NA,NA,NA,NA,NA,NA,NA,NA,NA,NA,NA,NA,4;0;96|4;0;96|,100|,0|,0|,0|,0|,0|,0,0,0,0,0,0
76,300.0|300.0|,1.0,100|100|,31.0|,0.0|,48|48|,52|52|,0|0|,0|0|,0|0|,0|0|,0|0|,0|0|,0,100,0,0|0|,0|0|,0|0|,0|0|,0|,0|0|,0|0|,300.0|300.0|,100|100|,0|0|,0|0|,0|0|,100|100|,0|0|,100|100|,0|,0|0|,0|0|,300.0|300.0|,0|0|,0|0|,0|0|,0|,100|100|,0|0|,100|100|,4|4|,0.49870000000000003|0.49870000000000003|,0.54|0.54|,0.47,0.53,0.48,0.52,0,0,NA,NA,NA,NA,NA,NA,NA,NA,NA,NA,NA,NA,NA,NA,NA,NA,4;0;96|4;0;96|,100|,0|,0|,0|,0|,0|,0,0,0,0,0,0
77,300.0|300.0|,1.0,100|100|,31.0|,0.0|,48|48|,52|52|,0|0|,0|0|,0|0|,0|0|,0|0|,0|0|,0,100,0,0|0|,0|0|,0|0|,0|0|,0|,0|0|,0|0|,300.0|300.0|,100|100|,0|0|,0|0|,0|0|,100|100|,0|0|,100|100|,0|,0|0|,0|0|,300.0|300.0|,0|0|,0|0|,0|0|,0|,100|100|,0|0|,100|100|,4|4|,0.49870000000000003|0.49870000000000003|,0.54|0.54|,0.47,0.53,0.48,0.52,0,0,NA,NA,NA,NA,NA,NA,NA,NA,NA,NA,NA,NA,NA,NA,NA,NA,4;0;96|4;0;96|,100|,0|,0|,0|,0|,0|,0,0,0,0,0,0
78,300.0|300.0|,1.0,100|100|,31.0|,0.0|,48|48|,52|52|,0|0|,0|0|,0|0|,0|0|,0|0|,0|0|,0,100,0,0|0|,0|0|,0|0|,0|0|,0|,0|0|,0|0|,300.0|300.0|,100|100|,0|0|,0|0|,0|0|,100|100|,0|0|,100|100|,0|,0|0|,0|0|,300.0|300.0|,0|0|,0|0|,0|0|,0|,100|100|,0|0|,100|100|,4|4|,0.49870000000000003|0.49870000000000003|,0.54|0.54|,0.47,0.53,0.48,0.52,0,0,NA,NA,NA,NA,NA,NA,NA,NA,NA,NA,NA,NA,NA,NA,NA,NA,4;0;96|4;0;96|,100|,0|,0|,0|,0|,0|,0,0,0,0,0,0
79,300.0|300.0|,1.0,100|100|,31.0|,0.0|,48|48|,52|52|,0|0|,0|0|,0|0|,0|0|,0|0|,0|0|,0,100,0,0|0|,0|0|,0|0|,0|0|,0|,0|0|,0|0|,300.0|300.0|,100|100|,0|0|,0|0|,0|0|,100|100|,0|0|,100|100|,0|,0|0|,0|0|,300.0|300.0|,0|0|,0|0|,0|0|,0|,100|100|,0|0|,100|100|,4|4|,0.49870000000000003|0.49870000000000003|,0.54|0.54|,0.47,0.53,0.48,0.52,0,0,NA,NA,NA,NA,NA,NA,NA,NA,NA,NA,NA,NA,NA,NA,NA,NA,4;0;96|4;0;96|,100|,0|,0|,0|,0|,0|,0,0,0,0,0,0
80,300.0|300.0|,1.0,100|100|,31.0|,0.0|,48|48|,52|52|,0|0|,0|0|,0|0|,0|0|,0|0|,0|0|,0,100,0,0|0|,0|0|,0|0|,0|0|,0|,0|0|,0|0|,300.0|300.0|,100|100|,0|0|,0|0|,0|0|,100|100|,0|0|,100|100|,0|,0|0|,0|0|,300.0|300.0|,0|0|,0|0|,0|0|,0|,100|100|,0|0|,100|100|,4|4|,0.49870000000000003|0.49870000000000003|,0.54|0.54|,0.47,0.53,0.48,0.52,0,0,NA,NA,NA,NA,NA,NA,NA,NA,NA,NA,NA,NA,NA,NA,NA,NA,4;0;96|4;0;96|,100|,0|,0|,0|,0|,0|,0,0,0,0,0,0
81,300.0|300.0|,1.0,100|100|,31.0|,0.0|,48|48|,52|52|,0|0|,0|0|,0|0|,0|0|,0|0|,0|0|,0,100,0,0|0|,0|0|,0|0|,0|0|,0|,0|0|,0|0|,300.0|300.0|,100|100|,0|0|,0|0|,0|0|,100|100|,0|0|,100|100|,0|,0|0|,0|0|,300.0|300.0|,0|0|,0|0|,0|0|,0|,100|100|,0|0|,100|100|,4|4|,0.49870000000000003|0.49870000000000003|,0.54|0.54|,0.47,0.53,0.48,0.52,0,0,NA,NA,NA,NA,NA,NA,NA,NA,NA,NA,NA,NA,NA,NA,NA,NA,4;0;96|4;0;96|,100|,0|,0|,0|,0|,0|,0,0,0,0,0,0
82,300.0|300.0|,1.0,100|100|,31.0|,0.0|,48|48|,52|52|,0|0|,0|0|,0|0|,0|0|,0|0|,0|0|,0,100,0,0|0|,0|0|,0|0|,0|0|,0|,0|0|,0|0|,300.0|300.0|,100|100|,0|0|,0|0|,0|0|,100|100|,0|0|,100|100|,0|,0|0|,0|0|,300.0|300.0|,0|0|,0|0|,0|0|,0|,100|100|,0|0|,100|100|,4|4|,0.49870000000000003|0.49870000000000003|,0.54|0.54|,0.47,0.53,0.48,0.52,0,0,NA,NA,NA,NA,NA,NA,NA,NA,NA,NA,NA,NA,NA,NA,NA,NA,4;0;96|4;0;96|,100|,0|,0|,0|,0|,0|,0,0,0,0,0,0
83,300.0|300.0|,1.0,100|100|,31.0|,0.0|,48|48|,52|52|,0|0|,0|0|,0|0|,0|0|,0|0|,0|0|,0,100,0,0|0|,0|0|,0|0|,0|0|,0|,0|0|,0|0|,300.0|300.0|,100|100|,0|0|,0|0|,0|0|,100|100|,0|0|,100|100|,0|,0|0|,0|0|,300.0|300.0|,0|0|,0|0|,0|0|,0|,100|100|,0|0|,100|100|,4|4|,0.49870000000000003|0.49870000000000003|,0.54|0.54|,0.47,0.53,0.48,0.52,0,0,NA,NA,NA,NA,NA,NA,NA,NA,NA,NA,NA,NA,NA,NA,NA,NA,4;0;96|4;0;96|,100|,0|,0|,0|,0|,0|,0,0,0,0,0,0
84,300.0|300.0|,1.0,100|100|,31.0|,0.0|,48|48|,52|52|,0|0|,0|0|,0|0|,0|0|,0|0|,0|0|,0,100,0,0|0|,0|0|,0|0|,0|0|,0|,0|0|,0|0|,300.0|300.0|,100|100|,0|0|,0|0|,0|0|,100|100|,0|0|,100|100|,0|,0|0|,0|0|,300.0|300.0|,0|0|,0|0|,0|0|,0|,100|100|,0|0|,100|100|,4|4|,0.49870000000000003|0.49870000000000003|,0.54|0.54|,0.47,0.53,0.48,0.52,0,0,NA,NA,NA,NA,NA,NA,NA,NA,NA,NA,NA,NA,NA,NA,NA,NA,4;0;96|4;0;96|,100|,0|,0|,0|,0|,0|,0,0,0,0,0,0
85,300.0|300.0|,1.0,100|100|,31.0|,0.0|,48|48|,52|52|,0|0|,0|0|,0|0|,0|0|,0|0|,0|0|,0,100,0,0|0|,0|0|,0|0|,0|0|,0|,0|0|,0|0|,300.0|300.0|,100|100|,0|0|,0|0|,0|0|,100|100|,0|0|,100|100|,0|,0|0|,0|0|,300.0|300.0|,0|0|,0|0|,0|0|,0|,100|100|,0|0|,100|100|,4|4|,0.49870000000000003|0.49870000000000003|,0.54|0.54|,0.47,0.53,0.48,0.52,0,0,NA,NA,NA,NA,NA,NA,NA,NA,NA,NA,NA,NA,NA,NA,NA,NA,4;0;96|4;0;96|,100|,0|,0|,0|,0|,0|,0,0,0,0,0,0
86,300.0|300.0|,1.0,100|100|,31.0|,0.0|,48|48|,52|52|,0|0|,0|0|,0|0|,0|0|,0|0|,0|0|,0,100,0,0|0|,0|0|,0|0|,0|0|,0|,0|0|,0|0|,300.0|300.0|,100|100|,0|0|,0|0|,0|0|,100|100|,0|0|,100|100|,0|,0|0|,0|0|,300.0|300.0|,0|0|,0|0|,0|0|,0|,100|100|,0|0|,100|100|,4|4|,0.49870000000000003|0.49870000000000003|,0.54|0.54|,0.47,0.53,0.48,0.52,0,0,NA,NA,NA,NA,NA,NA,NA,NA,NA,NA,NA,NA,NA,NA,NA,NA,4;0;96|4;0;96|,100|,0|,0|,0|,0|,0|,0,0,0,0,0,0
87,300.0|300.0|,1.0,100|100|,31.0|,0.0|,48|48|,52|52|,0|0|,0|0|,0|0|,0|0|,0|0|,0|0|,0,100,0,0|0|,0|0|,0|0|,0|0|,0|,0|0|,0|0|,300.0|300.0|,100|100|,0|0|,0|0|,0|0|,100|100|,0|0|,100|100|,0|,0|0|,0|0|,300.0|300.0|,0|0|,0|0|,0|0|,0|,100|100|,0|0|,100|100|,4|4|,0.49870000000000003|0.49870000000000003|,0.54|0.54|,0.47,0.53,0.48,0.52,0,0,NA,NA,NA,NA,NA,NA,NA,NA,NA,NA,NA,NA,NA,NA,NA,NA,4;0;96|4;0;96|,100|,0|,0|,0|,0|,0|,0,0,0,0,0,0
88,300.0|300.0|,1.0,100|100|,31.0|,0.0|,48|48|,52|52|,0|0|,0|0|,0|0|,0|0|,0|0|,0|0|,0,100,0,0|0|,0|0|,0|0|,0|0|,0|,0|0|,0|0|,300.0|300.0|,100|100|,0|0|,0|0|,0|0|,100|100|,0|0|,100|100|,0|,0|0|,0|0|,300.0|300.0|,0|0|,0|0|,0|0|,0|,100|100|,0|0|,100|100|,4|4|,0.49870000000000003|0.49870000000000003|,0.54|0.54|,0.47,0.53,0.48,0.52,0,0,NA,NA,NA,NA,NA,NA,NA,NA,NA,NA,NA,NA,NA,NA,NA,NA,4;0;96|4;0;96|,100|,0|,0|,0|,0|,0|,0,0,0,0,0,0
89,300.0|300.0|,1.0,100|100|,31.0|,0.0|,48|48|,52|52|,0|0|,0|0|,0|0|,0|0|,0|0|,0|0|,0,100,0,0|0|,0|0|,0|0|,0|0|,0|,0|0|,0|0|,300.0|300.0|,100|100|,0|0|,0|0|,0|0|,100|100|,0|0|,100|100|,0|,0|0|,0|0|,300.0|300.0|,0|0|,0|0|,0|0|,0|,100|100|,0|0|,100|100|,4|4|,0.49870000000000003|0.49870000000000003|,0.54|0.54|,0.47,0.53,0.48,0.52,0,0,NA,NA,NA,NA,NA,NA,NA,NA,NA,NA,NA,NA,NA,NA,NA,NA,4;0;96|4;0;96|,100|,0|,0|,0|,0|,0|,0,0,0,0,0,0
90,300.0|300.0|,1.0,100|100|,31.0|,0.0|,48|48|,52|52|,0|0|,0|0|,0|0|,0|0|,0|0|,0|0|,0,100,0,0|0|,0|0|,0|0|,0|0|,0|,0|0|,0|0|,300.0|300.0|,100|100|,0|0|,0|0|,0|0|,100|100|,0|0|,100|100|,0|,0|0|,0|0|,300.0|300.0|,0|0|,0|0|,0|0|,0|,100|100|,0|0|,100|100|,4|4|,0.49870000000000003|0.49870000000000003|,0.54|0.54|,0.47,0.53,0.48,0.52,0,0,NA,NA,NA,NA,NA,NA,NA,NA,NA,NA,NA,NA,NA,NA,NA,NA,4;0;96|4;0;96|,100|,0|,0|,0|,0|,0|,0,0,0,0,0,0
91,300.0|300.0|,1.0,100|100|,31.0|,0.0|,48|48|,52|52|,0|0|,0|0|,0|0|,0|0|,0|0|,0|0|,0,100,0,0|0|,0|0|,0|0|,0|0|,0|,0|0|,0|0|,300.0|300.0|,100|100|,0|0|,0|0|,0|0|,100|100|,0|0|,100|100|,0|,0|0|,0|0|,300.0|300.0|,0|0|,0|0|,0|0|,0|,100|100|,0|0|,100|100|,4|4|,0.49870000000000003|0.49870000000000003|,0.54|0.54|,0.47,0.53,0.48,0.52,0,0,NA,NA,NA,NA,NA,NA,NA,NA,NA,NA,NA,NA,NA,NA,NA,NA,4;0;96|4;0;96|,100|,0|,0|,0|,0|,0|,0,0,0,0,0,0
92,300.0|300.0|,1.0,100|100|,31.0|,0.0|,48|48|,52|52|,0|0|,0|0|,0|0|,0|0|,0|0|,0|0|,0,100,0,0|0|,0|0|,0|0|,0|0|,0|,0|0|,0|0|,300.0|300.0|,100|100|,0|0|,0|0|,0|0|,100|100|,0|0|,100|100|,0|,0|0|,0|0|,300.0|300.0|,0|0|,0|0|,0|0|,0|,100|100|,0|0|,100|100|,4|4|,0.49870000000000003|0.49870000000000003|,0.54|0.54|,0.47,0.53,0.48,0.52,0,0,NA,NA,NA,NA,NA,NA,NA,NA,NA,NA,NA,NA,NA,NA,NA,NA,4;0;96|4;0;96|,100|,0|,0|,0|,0|,0|,0,0,0,0,0,0
93,300.0|300.0|,1.0,100|100|,31.0|,0.0|,48|48|,52|52|,0|0|,0|0|,0|0|,0|0|,0|0|,0|0|,0,100,0,0|0|,0|0|,0|0|,0|0|,0|,0|0|,0|0|,300.0|300.0|,100|100|,0|0|,0|0|,0|0|,100|100|,0|0|,100|100|,0|,0|0|,0|0|,300.0|300.0|,0|0|,0|0|,0|0|,0|,100|100|,0|0|,100|100|,4|4|,0.49870000000000003|0.49870000000000003|,0.54|0.54|,0.47,0.53,0.48,0.52,0,0,NA,NA,NA,NA,NA,NA,NA,NA,NA,NA,NA,NA,NA,NA,NA,NA,4;0;96|4;0;96|,100|,0|,0|,0|,0|,0|,0,0,0,0,0,0
94,300.0|300.0|,1.0,100|100|,31.0|,0.0|,48|48|,52|52|,0|0|,0|0|,0|0|,0|0|,0|0|,0|0|,0,100,0,0|0|,0|0|,0|0|,0|0|,0|,0|0|,0|0|,300.0|300.0|,100|100|,0|0|,0|0|,0|0|,100|100|,0|0|,100|100|,0|,0|0|,0|0|,300.0|300.0|,0|0|,0|0|,0|0|,0|,100|100|,0|0|,100|100|,4|4|,0.49870000000000003|0.49870000000000003|,0.54|0.54|,0.47,0.53,0.48,0.52,0,0,NA,NA,NA,NA,NA,NA,NA,NA,NA,NA,NA,NA,NA,NA,NA,NA,4;0;96|4;0;96|,100|,0|,0|,0|,0|,0|,0,0,0,0,0,0
95,300.0|300.0|,1.0,100|100|,31.0|,0.0|,48|48|,52|52|,0|0|,0|0|,0|0|,0|0|,0|0|,0|0|,0,100,0,0|0|,0|0|,0|0|,0|0|,0|,0|0|,0|0|,300.0|300.0|,100|100|,0|0|,0|0|,0|0|,100|100|,0|0|,100|100|,0|,0|0|,0|0|,300.0|300.0|,0|0|,0|0|,0|0|,0|,100|100|,0|0|,100|100|,4|4|,0.49870000000000003|0.49870000000000003|,0.54|0.54|,0.47,0.53,0.48,0.52,0,0,NA,NA,NA,NA,NA,NA,NA,NA,NA,NA,NA,NA,NA,NA,NA,NA,4;0;96|4;0;96|,100|,0|,0|,0|,0|,0|,0,0,0,0,0,0
96,300.0|300.0|,1.0,100|100|,31.0|,0.0|,48|48|,52|52|,0|0|,0|0|,0|0|,0|0|,0|0|,0|0|,0,100,0,0|0|,0|0|,0|0|,0|0|,0|,0|0|,0|0|,300.0|300.0|,100|100|,0|0|,0|0|,0|0|,100|100|,0|0|,100|100|,0|,0|0|,0|0|,300.0|300.0|,0|0|,0|0|,0|0|,0|,100|100|,0|0|,100|100|,4|4|,0.49870000000000003|0.49870000000000003|,0.54|0.54|,0.47,0.53,0.48,0.52,0,0,NA,NA,NA,NA,NA,NA,NA,NA,NA,NA,NA,NA,NA,NA,NA,NA,4;0;96|4;0;96|,100|,0|,0|,0|,0|,0|,0,0,0,0,0,0
97,300.0|300.0|,1.0,100|100|,31.0|,0.0|,48|48|,52|52|,0|0|,0|0|,0|0|,0|0|,0|0|,0|0|,0,100,0,0|0|,0|0|,0|0|,0|0|,0|,0|0|,0|0|,300.0|300.0|,100|100|,0|0|,0|0|,0|0|,100|100|,0|0|,100|100|,0|,0|0|,0|0|,300.0|300.0|,0|0|,0|0|,0|0|,0|,100|100|,0|0|,100|100|,4|4|,0.49870000000000003|0.49870000000000003|,0.54|0.54|,0.47,0.53,0.48,0.52,0,0,NA,NA,NA,NA,NA,NA,NA,NA,NA,NA,NA,NA,NA,NA,NA,NA,4;0;96|4;0;96|,100|,0|,0|,0|,0|,0|,0,0,0,0,0,0
98,300.0|300.0|,1.0,100|100|,31.0|,0.0|,48|48|,52|52|,0|0|,0|0|,0|0|,0|0|,0|0|,0|0|,0,100,0,0|0|,0|0|,0|0|,0|0|,0|,0|0|,0|0|,300.0|300.0|,100|100|,0|0|,0|0|,0|0|,100|100|,0|0|,100|100|,0|,0|0|,0|0|,300.0|300.0|,0|0|,0|0|,0|0|,0|,100|100|,0|0|,100|100|,4|4|,0.49870000000000003|0.49870000000000003|,0.54|0.54|,0.47,0.53,0.48,0.52,0,0,NA,NA,NA,NA,NA,NA,NA,NA,NA,NA,NA,NA,NA,NA,NA,NA,4;0;96|4;0;96|,100|,0|,0|,0|,0|,0|,0,0,0,0,0,0
99,300.0|300.0|,1.0,100|100|,31.0|,0.0|,48|48|,52|52|,0|0|,0|0|,0|0|,0|0|,0|0|,0|0|,0,100,0,0|0|,0|0|,0|0|,0|0|,0|,0|0|,0|0|,300.0|300.0|,100|100|,0|0|,0|0|,0|0|,100|100|,0|0|,100|100|,0|,0|0|,0|0|,300.0|300.0|,0|0|,0|0|,0|0|,0|,100|100|,0|0|,100|100|,4|4|,0.49870000000000003|0.49870000000000003|,0.54|0.54|,0.47,0.53,0.48,0.52,0,0,NA,NA,NA,NA,NA,NA,NA,NA,NA,NA,NA,NA,NA,NA,NA,NA,4;0;96|4;0;96|,100|,0|,0|,0|,0|,0|,0,0,0,0,0,0
