PatchID,XCOORD,YCOORD,ID,MID,FID,sex,age,size,mature,newmature,layeggs,capture,recapture,state,CDist,Hindex,Species,ClassFile,SubPatchID,L0A0,L0A1,L1A0,L1A1,L2A0,L2A1,L3A0,L3A1
2,122059.2472,-736422.8516,Age0_F2_m11f11_P2_Y7_UO654,I11_F89_m11f11_P41_Y1_UO583,ID11_F89_m11f11_P48_Y4_UO635,FXX,0,0.0,0,0,0.0,0,0,0,0.0,0.375,1,P10_CV0,2,0,2,0,2,0,2,0,2
2,122059.2472,-736422.8516,Age0_F2_m11f11_P2_Y7_UO668,ID11_F89_m-1f-1_P11_Y-1_U159,ID11_F89_m11f11_P48_Y4_UO635,MXY,0,0.0,0,0,0.0,0,0,0,0.0,0.375,1,P10_CV0,2,1,1,1,1,0,2,0,2
2,122059.2472,-736422.8516,Age0_F2_m11f11_P2_Y7_UO677,I11_F2_m-1f-1_P11_Y-1_U170,I11_F41_m100f100_P48_Y3_UO4533,FXX,0,0.0,0,0,0.0,0,0,0,0.0,0.625,1,P10_CV0,2,2,0,2,0,0,2,0,2
2,122059.2472,-736422.8516,E2_F85_m25f25_P8_Y5_UO1276,I25_F8_m100f100_P68_Y2_UO4604,ID25_F49_m43f43_P49_Y3_UO2114,FXX,2,0.0,1,0,1.0,0,0,0,-9999.0,0.5,1,P10_CV0,2,2,0,0,2,0,2,0,2
2,122059.2472,-736422.8516,E2_F11_m11f11_P41_Y1_UO583,ID11_F49_m-1f-1_P11_Y-1_U157,I11_F89_m-1f-1_P11_Y-1_U143,FXX,6,0.0,1,0,1.0,0,0,0,-9999.0,0.5,1,P10_CV0,2,0,2,1,1,0,2,0,2
2,122059.2472,-736422.8516,E2_F11_m-1f-1_P11_Y-1_U159,-9999,-9999,FXX,10,0.0,1,0,1.0,0,0,0,-9999.0,0.5,1,P10_CV0,2,1,1,1,1,0,2,0,2
2,122059.2472,-736422.8516,E2_F11_m-1f-1_P11_Y-1_U19,-9999,-9999,MXY,10,0.0,1,0,0.0,0,0,0,-9999.0,0.5,1,P10_CV0,2,1,1,0,2,0,2,0,2
2,122059.2472,-736422.8516,E2_F11_m-1f-1_P11_Y-1_U139,-9999,-9999,MXY,13,0.0,1,0,0.0,0,0,0,-9999.0,0.0,1,P10_CV0,2,0,2,0,2,0,2,0,2
2,122059.2472,-736422.8516,E2_F11_m-1f-1_P11_Y-1_U170,-9999,-9999,FXX,13,0.0,1,0,1.0,0,0,0,-9999.0,0.5,1,P10_CV0,2,1,1,1,1,0,2,0,2
2,122059.2472,-736422.8516,Age0_F2_m85f85_P2_Y7_UO4003,I85_F2_m25f25_P69_Y4_UO1252,ID85_F69_m94f94_P91_Y2_UO4398,MXY,0,0.0,0,0,0.0,0,0,0,0.0,0.5625,1,P24_CV0,2,2,0,1,1,0,2,0,2
2,122059.2472,-736422.8516,Age0_F2_m85f85_P2_Y7_UO4030,ID85_F8_m25f25_P69_Y1_UO1248,ID85_F36_m85f85_P69_Y5_UO3987,MXY,0,0.0,0,0,0.0,0,0,0,0.0,0.4375,1,P24_CV0,2,2,0,1,1,0,2,0,2
2,122059.2472,-736422.8516,E2_F63_m84f84_P68_Y6_UO3917,I84_F8_m45f45_P8_Y3_UO2134,I84_F68_m-1f-1_P25_Y-1_U208,FXX,1,0.0,1,1,1.0,0,0,0,-9999.0,0.625,1,P24_CV0,2,1,1,0,2,0,2,0,2
2,122059.2472,-736422.8516,E2_F85_m85f85_P36_Y6_UO4055,I85_F36_m-1f-1_P85_Y-1_U25,I85_F8_m65f65_P69_Y4_UO3150,FXX,1,0.0,1,1,1.0,0,0,0,-9999.0,0.625,1,P24_CV0,2,1,1,1,1,0,2,0,2
2,122059.2472,-736422.8516,E2_F85_m63f63_P8_Y5_UO3060,I63_F68_m-1f-1_P65_Y-1_U247,I63_F8_m-1f-1_P25_Y-1_U249,MXY,2,0.0,1,0,0.0,0,0,0,-9999.0,0.25,1,P24_CV0,2,1,1,0,2,0,2,0,2
2,122059.2472,-736422.8516,E2_F85_m85f85_P2_Y4_UO3923,I85_F36_m25f25_P69_Y2_UO1322,I85_F36_m-1f-1_P65_Y-1_U51,MXY,3,0.0,1,0,0.0,0,0,0,-9999.0,0.5,1,P24_CV0,2,2,0,0,2,0,2,0,2
2,122059.2472,-736422.8516,E2_F85_m25f25_P69_Y4_UO1252,I25_F8_m31f31_P68_Y2_UO1544,I25_F68_m-1f-1_P25_Y-1_U143,FXX,3,0.0,1,0,1.0,0,0,0,-9999.0,0.625,1,P24_CV0,2,1,1,2,0,0,2,0,2
2,122059.2472,-736422.8516,E2_F85_m25f25_P8_Y2_UO1299,I25_F36_m-1f-1_P25_Y-1_U20,I25_F8_m-1f-1_P25_Y-1_U210,FXX,5,0.0,1,0,1.0,0,0,0,-9999.0,0.5,1,P24_CV0,2,1,1,1,1,0,2,0,2
2,122059.2472,-736422.8516,E2_F85_m85f85_P36_Y2_UO3925,I85_F36_m25f25_P2_Y0_UO1356,I85_F98_m85f85_P21_Y0_UO4295,MXY,5,0.0,1,0,0.0,0,0,0,-9999.0,0.375,1,P24_CV0,2,1,1,1,1,0,2,0,2
2,122059.2472,-736422.8516,E2_F85_m25f25_P69_Y1_UO1248,ID25_F68_m-1f-1_P31_Y-1_U115,ID25_F69_m-1f-1_P25_Y-1_U5,FXX,6,0.0,1,0,1.0,0,0,0,-9999.0,0.5,1,P24_CV0,2,2,0,0,2,0,2,0,2
2,122059.2472,-736422.8516,E2_F25_m84f84_P8_Y6_UO3974,I84_F8_m-1f-1_P31_Y-1_U223,I84_F69_m25f25_P68_Y2_UO1235,FXX,1,0.0,1,1,1.0,0,0,0,-9999.0,0.25,1,P30_CV0,2,0,2,0,2,0,2,0,2
2,122059.2472,-736422.8516,E2_F31_m84f84_P8_Y6_UO3904,I84_F68_m25f25_P8_Y3_UO1247,I84_F8_m63f63_P68_Y3_UO3050,MXY,1,0.0,1,1,0.0,0,0,0,-9999.0,0.5,1,P30_CV0,2,1,1,2,0,0,2,0,2
2,122059.2472,-736422.8516,E2_F85_m25f25_P69_Y6_UO1267,ID25_F68_m65f65_P98_Y4_UO3124,I25_F8_m45f45_P8_Y2_UO2168,MXY,1,0.0,1,1,0.0,0,0,0,-9999.0,0.1875,1,P30_CV0,2,0,2,0,2,0,2,0,2
2,122059.2472,-736422.8516,E2_F85_m84f84_P36_Y6_UO3907,I84_F8_m31f31_P68_Y3_UO1535,I84_F8_m25f25_P98_Y4_UO1332,FXX,1,0.0,1,1,1.0,0,0,0,-9999.0,0.5625,1,P30_CV0,2,1,1,1,1,0,2,0,2
2,122059.2472,-736422.8516,E2_F11_m43f43_P49_Y6_UO2127,ID43_F75_m60f60_P75_Y3_UO2810,I43_F49_m100f100_P48_Y3_UO4519,MXY,1,0.0,1,1,0.0,0,0,0,-9999.0,0.5,1,P38_CV0,2,1,1,0,2,0,2,0,2
2,122059.2472,-736422.8516,E2_F85_m94f94_P98_Y6_UO4470,I94_F81_m42f42_P99_Y3_UO1992,I94_F81_m5f5_P81_Y1_UO310,MXY,1,0.0,1,1,0.0,0,0,0,-9999.0,0.375,1,P39_CV0,2,0,2,0,2,0,2,0,2
2,122059.2472,-736422.8516,E2_F85_m25f25_P68_Y6_UO1297,I25_F68_m84f84_P36_Y3_UO3884,I25_F68_m43f43_P48_Y3_UO2079,MXY,1,0.0,1,1,0.0,0,0,0,-9999.0,0.625,1,P42_CV0,2,2,0,1,1,0,2,0,2
2,122059.2472,-736422.8516,E2_F25_m25f25_P8_Y4_UO1263,I25_F69_m100f100_P48_Y2_UO4564,I25_F68_m31f31_P68_Y2_UO1487,MXY,3,0.0,1,0,0.0,0,0,0,-9999.0,0.625,1,P42_CV0,2,2,0,1,1,0,2,0,2
2,122059.2472,-736422.8516,E2_F25_m31f31_P8_Y3_UO1491,ID31_F49_m11f11_P49_Y0_UO659,I31_F68_m43f43_P48_Y0_UO2122,MXY,4,0.0,1,0,0.0,0,0,0,-9999.0,0.5,1,P42_CV0,2,1,1,2,0,0,2,0,2
2,122059.2472,-736422.8516,E2_F85_m-1f-1_P45_Y-1_U237,-9999,-9999,MXY,9,0.0,1,0,0.0,0,0,0,-9999.0,0.5,1,P44_CV0,2,1,1,1,1,0,2,0,2
2,122059.2472,-736422.8516,E2_F11_m43f43_P48_Y2_UO2049,I43_F48_m55f55_P89_Y0_UO2801,ID43_F48_m-1f-1_P43_Y-1_U232,MXY,5,0.0,1,0,0.0,0,0,0,-9999.0,0.625,1,P54_CV0,2,1,1,1,1,0,2,0,2
2,122059.2472,-736422.8516,E2_F85_m31f31_P8_Y6_UO1509,ID31_F36_m65f65_P98_Y2_UO3123,ID31_F68_m63f63_P68_Y3_UO2988,FXX,1,0.0,1,1,1.0,0,0,0,-9999.0,0.3125,1,P62_CV0,2,1,1,0,2,0,2,0,2
2,122059.2472,-736422.8516,E2_F85_m65f65_P69_Y6_UO3126,ID65_F8_m45f45_P8_Y4_UO2178,I65_F69_m63f63_P8_Y0_UO3325,FXX,1,0.0,1,1,1.0,0,0,0,-9999.0,0.5,1,P62_CV0,2,1,1,1,1,0,2,0,2
2,122059.2472,-736422.8516,E2_F85_m63f63_P36_Y6_UO3006,I63_F36_m31f31_P68_Y4_UO1470,ID63_F8_m31f31_P68_Y3_UO1487,MXY,1,0.0,1,1,0.0,0,0,0,-9999.0,0.375,1,P62_CV0,2,1,1,1,1,0,2,0,2
2,122059.2472,-736422.8516,E2_F25_m85f85_P36_Y5_UO3975,I85_F36_m31f31_P36_Y2_UO1540,I85_F69_m63f63_P68_Y3_UO3052,MXY,2,0.0,1,0,0.0,0,0,0,-9999.0,0.5,1,P62_CV0,2,0,2,0,2,0,2,0,2
2,122059.2472,-736422.8516,E2_F85_m65f65_P98_Y5_UO3127,I65_F69_m65f65_P98_Y2_UO3099,I65_F98_m-1f-1_P65_Y-1_U195,MXY,2,0.0,1,0,0.0,0,0,0,-9999.0,0.5625,1,P62_CV0,2,1,1,1,1,0,2,0,2
2,122059.2472,-736422.8516,E2_F85_m63f63_P69_Y4_UO2973,I63_F68_m63f63_P68_Y2_UO3010,ID63_F68_m-1f-1_P31_Y-1_U208,MXY,3,0.0,1,0,0.0,0,0,0,-9999.0,0.5625,1,P62_CV0,2,1,1,1,1,0,2,0,2
2,122059.2472,-736422.8516,E2_F85_m25f25_P36_Y5_UO1272,I25_F36_m25f25_P69_Y2_UO1277,I25_F8_m85f85_P69_Y1_UO3763,FXX,2,0.0,1,0,1.0,0,0,0,-9999.0,0.625,1,P64_CV0,2,2,0,1,1,0,2,0,2
2,122059.2472,-736422.8516,E2_F85_m65f65_P36_Y3_UO3158,I65_F6_m-1f-1_P65_Y-1_U111,I65_F68_m11f11_P36_Y0_UO621,MXY,4,0.0,1,0,0.0,0,0,0,-9999.0,0.5,1,P64_CV0,2,0,2,2,0,0,2,0,2
2,122059.2472,-736422.8516,E2_F11_m43f43_P48_Y6_UO2152,I43_F48_m100f100_P48_Y2_UO4573,I43_F49_m73f73_P41_Y3_UO3285,FXX,1,0.0,1,1,1.0,0,0,0,-9999.0,0.625,1,P72_CV0,2,2,0,0,2,0,2,0,2
2,122059.2472,-736422.8516,E2_F11_m15f15_P14_Y5_UO800,I15_F41_m73f73_P89_Y3_UO3304,I15_F89_m15f15_P89_Y3_UO782,MXY,2,0.0,1,0,0.0,0,0,0,-9999.0,0.1875,1,P72_CV0,2,0,2,1,1,0,2,0,2
2,122059.2472,-736422.8516,Age0_F2_m85f85_P2_Y7_UO4050,I85_F36_m-1f-1_P85_Y-1_U159,ID85_F69_m63f63_P8_Y5_UO2997,FXX,0,0.0,0,0,0.0,0,0,0,0.0,0.8125,1,P83_CV0,2,2,0,2,0,0,2,0,2
2,122059.2472,-736422.8516,E2_F25_m31f31_P68_Y6_UO1493,ID31_F68_m85f85_P69_Y3_UO3895,I31_F68_m63f63_P68_Y2_UO3025,FXX,1,0.0,1,1,1.0,0,0,0,-9999.0,0.375,1,P83_CV0,2,0,2,2,0,0,2,0,2
2,122059.2472,-736422.8516,E2_F85_m84f84_P36_Y6_UO3921,I84_F8_m31f31_P8_Y2_UO1476,I84_F36_m84f84_P68_Y2_UO3903,FXX,1,0.0,1,1,1.0,0,0,0,-9999.0,0.375,1,P83_CV0,2,1,1,1,1,0,2,0,2
2,122059.2472,-736422.8516,E2_F85_m84f84_P36_Y6_UO3909,I84_F68_m25f25_P68_Y3_UO1239,ID84_F69_m-1f-1_P84_Y-1_U32,MXY,1,0.0,1,1,0.0,0,0,0,-9999.0,0.125,1,P83_CV0,2,0,2,1,1,0,2,0,2
2,122059.2472,-736422.8516,E2_F25_m25f25_P8_Y5_UO1284,I25_F8_m45f45_P8_Y1_UO2004,I25_F8_m84f84_P68_Y0_UO4190,MXY,2,0.0,1,0,0.0,0,0,0,-9999.0,0.75,1,P83_CV0,2,2,0,1,1,0,2,0,2
2,122059.2472,-736422.8516,E2_F85_m84f84_P8_Y5_UO3874,I84_F68_m63f63_P8_Y2_UO3065,I84_F8_m-1f-1_P84_Y-1_U216,MXY,2,0.0,1,0,0.0,0,0,0,-9999.0,0.375,1,P83_CV0,2,0,2,1,1,0,2,0,2
2,122059.2472,-736422.8516,E2_F85_m85f85_P98_Y4_UO3917,I85_F68_m31f31_P36_Y2_UO1477,I85_F36_m85f85_P36_Y2_UO3924,MXY,3,0.0,1,0,0.0,0,0,0,-9999.0,0.4375,1,P83_CV0,2,1,1,2,0,0,2,0,2
2,122059.2472,-736422.8516,Age0_F2_m85f85_P2_Y7_UO3963,ID85_F69_m85f85_P2_Y5_UO3990,I85_F69_m-1f-1_P85_Y-1_U20,MXY,0,0.0,0,0,0.0,0,0,0,0.0,0.1875,1,P84_CV0,2,0,2,1,1,0,2,0,2
2,122059.2472,-736422.8516,Age0_F2_m85f85_P2_Y7_UO3972,I85_F2_m25f25_P8_Y5_UO1276,ID85_F98_m85f85_P36_Y5_UO3943,FXX,0,0.0,0,0,0.0,0,0,0,0.0,0.59375,1,P84_CV0,2,1,1,1,1,0,2,0,2
2,122059.2472,-736422.8516,Age0_F2_m85f85_P2_Y7_UO3984,I85_F8_m25f25_P36_Y5_UO1272,I85_F69_m85f85_P98_Y5_UO3988,MXY,0,0.0,0,0,0.0,0,0,0,0.0,0.53125,1,P84_CV0,2,2,0,1,1,0,2,0,2
2,122059.2472,-736422.8516,Age0_F2_m85f85_P2_Y7_UO4041,I85_F2_m-1f-1_P85_Y-1_U74,I85_F36_m25f25_P69_Y2_UO1321,FXX,0,0.0,0,0,0.0,0,0,0,0.0,0.375,1,P84_CV0,2,1,1,1,1,0,2,0,2
2,122059.2472,-736422.8516,Age0_F2_m85f85_P2_Y7_UO4047,I85_F69_m-1f-1_P85_Y-1_U157,I85_F36_m11f11_P2_Y5_UO660,MXY,0,0.0,0,0,0.0,0,0,0,0.0,0.4375,1,P84_CV0,2,1,1,2,0,0,2,0,2
2,122059.2472,-736422.8516,E2_F85_m65f65_P36_Y6_UO3143,I65_F8_m65f65_P8_Y3_UO3067,I65_F36_m-1f-1_P85_Y-1_U103,MXY,1,0.0,1,1,0.0,0,0,0,-9999.0,0.375,1,P84_CV0,2,1,1,1,1,0,2,0,2
2,122059.2472,-736422.8516,E2_F85_m65f65_P21_Y6_UO3180,ID65_F69_m85f85_P2_Y1_UO3809,I65_F68_m63f63_P8_Y4_UO2976,FXX,1,0.0,1,1,1.0,0,0,0,-9999.0,0.375,1,P84_CV0,2,2,0,0,2,0,2,0,2
2,122059.2472,-736422.8516,E2_F85_m25f25_P36_Y6_UO1287,I25_F68_m65f65_P8_Y3_UO3148,I25_F8_m63f63_P8_Y1_UO2945,MXY,1,0.0,1,1,0.0,0,0,0,-9999.0,0.5,1,P84_CV0,2,2,0,1,1,0,2,0,2
2,122059.2472,-736422.8516,E2_F85_m85f85_P2_Y5_UO3990,I85_F69_m85f85_P36_Y1_UO3808,I85_F21_m-1f-1_P85_Y-1_U2,FXX,2,0.0,1,0,1.0,0,0,0,-9999.0,0.375,1,P84_CV0,2,0,2,1,1,0,2,0,2
2,122059.2472,-736422.8516,E2_F85_m85f85_P98_Y5_UO3988,I85_F36_m85f85_P21_Y1_UO3751,ID85_F69_m65f65_P98_Y2_UO3159,MXY,2,0.0,1,0,0.0,0,0,0,-9999.0,0.4375,1,P84_CV0,2,2,0,0,2,0,2,0,2
2,122059.2472,-736422.8516,E2_F85_m85f85_P36_Y5_UO3969,I85_F2_m85f85_P69_Y2_UO3985,I85_F2_m84f84_P98_Y3_UO3808,MXY,2,0.0,1,0,0.0,0,0,0,-9999.0,0.25,1,P84_CV0,2,1,1,1,1,0,2,0,2
2,122059.2472,-736422.8516,E2_F25_m85f85_P36_Y4_UO3934,I85_F8_m85f85_P69_Y2_UO3976,ID85_F98_m85f85_P69_Y2_UO4000,MXY,3,0.0,1,0,0.0,0,0,0,-9999.0,0.8125,1,P84_CV0,2,2,0,1,1,0,2,0,2
2,122059.2472,-736422.8516,E2_F11_m85f85_P69_Y2_UO3969,I85_F69_m-1f-1_P85_Y-1_U157,I85_F68_m85f85_P69_Y0_UO4248,MXY,5,0.0,1,0,0.0,0,0,0,-9999.0,0.375,1,P84_CV0,2,1,1,1,1,0,2,0,2
2,122059.2472,-736422.8516,E2_F85_m-1f-1_P85_Y-1_U74,-9999,-9999,FXX,9,0.0,1,0,1.0,0,0,0,-9999.0,0.0,1,P84_CV0,2,0,2,0,2,0,2,0,2
2,122059.2472,-736422.8516,E2_F85_m-1f-1_P85_Y-1_U157,-9999,-9999,FXX,11,0.0,1,0,1.0,0,0,0,-9999.0,0.5,1,P84_CV0,2,1,1,1,1,0,2,0,2
2,122059.2472,-736422.8516,E2_F85_m-1f-1_P85_Y-1_U159,-9999,-9999,FXX,13,0.0,1,0,1.0,0,0,0,-9999.0,1.0,1,P84_CV0,2,2,0,2,0,0,2,0,2
2,122059.2472,-736422.8516,Age0_F2_m85f85_P2_Y7_UO3967,ID85_F28_m94f94_P98_Y5_UO4445,I85_F36_m-1f-1_P85_Y-1_U247,FXX,0,0.0,0,0,0.0,0,0,0,0.0,0.375,1,P93_CV0,2,1,1,1,1,0,2,0,2
2,122059.2472,-736422.8516,Age0_F2_m85f85_P2_Y7_UO4009,I85_F69_m85f85_P21_Y4_UO3974,I85_F2_m65f65_P36_Y3_UO3158,MXY,0,0.0,0,0,0.0,0,0,0,0.0,0.71875,1,P93_CV0,2,1,1,1,1,0,2,0,2
2,122059.2472,-736422.8516,Age0_F2_m85f85_P2_Y7_UO4026,I85_F36_m25f25_P8_Y2_UO1299,I85_F69_m65f65_P21_Y4_UO3136,MXY,0,0.0,0,0,0.0,0,0,0,0.0,0.375,1,P93_CV0,2,0,2,1,1,0,2,0,2
2,122059.2472,-736422.8516,E2_F85_m85f85_P36_Y6_UO4045,I85_F2_m85f85_P36_Y1_UO3808,ID85_F21_m84f84_P68_Y3_UO3832,FXX,1,0.0,1,1,1.0,0,0,0,-9999.0,0.75,1,P93_CV0,2,2,0,1,1,0,2,0,2
2,122059.2472,-736422.8516,E2_F85_m94f94_P98_Y5_UO4445,I94_F81_m-1f-1_P94_Y-1_U158,I94_F98_m-1f-1_P94_Y-1_U80,FXX,2,0.0,1,0,1.0,0,0,0,-9999.0,0.25,1,P93_CV0,2,0,2,1,1,0,2,0,2
2,122059.2472,-736422.8516,E2_F85_m85f85_P21_Y4_UO3974,ID85_F8_m-1f-1_P65_Y-1_U13,I85_F36_m85f85_P36_Y2_UO3924,FXX,3,0.0,1,0,1.0,0,0,0,-9999.0,0.9375,1,P93_CV0,2,2,0,1,1,0,2,0,2
2,122059.2472,-736422.8516,E2_F85_m85f85_P36_Y2_UO3924,I85_F69_m94f94_P98_Y0_UO4797,I85_F69_m-1f-1_P85_Y-1_U201,MXY,5,0.0,1,0,0.0,0,0,0,-9999.0,0.875,1,P93_CV0,2,2,0,2,0,0,2,0,2
2,122059.2472,-736422.8516,E2_F25_m94f94_P98_Y1_UO4204,I94_F81_m-1f-1_P94_Y-1_U38,I94_F98_m-1f-1_P94_Y-1_U124,MXY,6,0.0,1,0,0.0,0,0,0,-9999.0,0.0,1,P93_CV0,2,0,2,1,1,0,2,0,2
2,122059.2472,-736422.8516,E2_F11_m100f100_P48_Y6_UO4639,I100_F48_m100f100_P48_Y1_UO4405,I100_F49_m25f25_P68_Y3_UO1329,MXY,1,0.0,1,1,0.0,0,0,0,-9999.0,0.4375,1,P99_CV0,2,2,0,1,1,0,2,0,2
2,122059.2472,-736422.8516,E2_F85_m100f100_P68_Y0_UO4972,R100_F100_m-1f-1_P100_Y-1_U188,R100_F100_m-1f-1_P100_Y-1_U140,MXY,7,0.0,1,0,0.0,0,0,0,-9999.0,0.75,1,P99_CV0,2,2,0,1,1,0,2,0,2
6,-487717.4659,-729240.3386,Age0_F6_m12f12_P6_Y7_UO691,I12_F52_m12f12_P86_Y5_UO733,I12_F35_m-1f-1_P46_Y-1_U164,MXY,0,0.0,0,0,0.0,0,0,0,0.0,0.75,1,P11_CV0,2,1,1,1,1,0,2,0,2
6,-487717.4659,-729240.3386,Age0_F6_m23f23_P6_Y7_UO1181,ID23_F52_m12f12_P52_Y2_UO704,I23_F57_m46f46_P52_Y3_UO2266,FXX,0,0.0,0,0,0.0,0,0,0,0.0,0.75,1,P11_CV0,2,1,1,2,0,0,2,0,2
6,-487717.4659,-729240.3386,Age0_F6_m23f23_P6_Y7_UO1202,I23_F52_m12f12_P86_Y0_UO768,I23_F86_m23f23_P57_Y4_UO1221,FXX,0,0.0,0,0,0.0,0,0,0,0.0,0.1875,1,P11_CV0,2,1,1,1,1,0,2,0,2
6,-487717.4659,-729240.3386,Age0_F6_m40f40_P6_Y7_UO1923,ID40_F99_m42f42_P99_Y4_UO1968,I40_F6_m90f90_P6_Y5_UO4178,FXX,0,0.0,0,0,0.0,0,0,0,0.0,0.59375,1,P11_CV0,2,1,1,1,1,0,2,0,2
6,-487717.4659,-729240.3386,Age0_F6_m45f45_P6_Y7_UO2201,I45_F86_m92f92_P6_Y5_UO4397,I45_F57_m12f12_P86_Y5_UO727,FXX,0,0.0,0,0,0.0,0,0,0,0.0,0.40625,1,P11_CV0,2,1,1,2,0,0,2,0,2
6,-487717.4659,-729240.3386,Age0_F6_m90f90_P6_Y7_UO4255,I90_F52_m23f23_P57_Y4_UO1236,I90_F6_m90f90_P86_Y5_UO4241,FXX,0,0.0,0,0,0.0,0,0,0,0.0,0.4375,1,P11_CV0,2,1,1,1,1,0,2,0,2
6,-487717.4659,-729240.3386,Age0_F6_m92f92_P6_Y7_UO4355,ID92_F99_m23f23_P57_Y4_UO1141,I92_F99_m42f42_P99_Y5_UO2044,MXY,0,0.0,0,0,0.0,0,0,0,0.0,0.40625,1,P11_CV0,2,1,1,2,0,0,2,0,2
6,-487717.4659,-729240.3386,E6_F40_m23f23_P6_Y6_UO1178,I23_F57_m65f65_P98_Y3_UO3173,I23_F86_m90f90_P27_Y4_UO4262,FXX,1,0.0,1,1,1.0,0,0,0,-9999.0,0.53125,1,P11_CV0,2,2,0,1,1,0,2,0,2
6,-487717.4659,-729240.3386,E6_F45_m12f12_P52_Y6_UO742,I12_F52_m12f12_P52_Y1_UO701,I12_F52_m-1f-1_P12_Y-1_U198,FXX,1,0.0,1,1,1.0,0,0,0,-9999.0,0.5,1,P11_CV0,2,1,1,2,0,0,2,0,2
6,-487717.4659,-729240.3386,E6_F45_m12f12_P86_Y6_UO695,I12_F52_m46f46_P52_Y4_UO2203,I12_F86_m12f12_P35_Y1_UO628,MXY,1,0.0,1,1,0.0,0,0,0,-9999.0,0.4375,1,P11_CV0,2,0,2,1,1,0,2,0,2
6,-487717.4659,-729240.3386,E6_F45_m12f12_P86_Y6_UO762,ID12_F52_m30f30_P52_Y0_UO1438,I12_F52_m12f12_P52_Y4_UO701,FXX,1,0.0,1,1,1.0,0,0,0,-9999.0,0.3125,1,P11_CV0,2,0,2,2,0,0,2,0,2
6,-487717.4659,-729240.3386,E6_F90_m12f12_P52_Y6_UO761,ID12_F86_m12f12_P52_Y0_UO735,ID12_F52_m7f7_P52_Y2_UO455,FXX,1,0.0,1,1,1.0,0,0,0,-9999.0,0.5,1,P11_CV0,2,0,2,2,0,0,2,0,2
6,-487717.4659,-729240.3386,E6_F92_m23f23_P27_Y6_UO1140,I23_F57_m50f50_P99_Y4_UO2434,I23_F57_m46f46_P35_Y4_UO2270,FXX,1,0.0,1,1,1.0,0,0,0,-9999.0,0.5625,1,P11_CV0,2,1,1,0,2,0,2,0,2
6,-487717.4659,-729240.3386,E6_F12_m12f12_P86_Y5_UO733,I12_F52_m12f12_P52_Y1_UO678,ID12_F86_m46f46_P86_Y3_UO2225,FXX,2,0.0,1,0,1.0,0,0,0,-9999.0,0.5,1,P11_CV0,2,1,1,0,2,0,2,0,2
6,-487717.4659,-729240.3386,E6_F23_m12f12_P86_Y5_UO732,I12_F52_m12f12_P52_Y1_UO690,ID12_F52_m-1f-1_P12_Y-1_U198,MXY,2,0.0,1,0,0.0,0,0,0,-9999.0,0.375,1,P11_CV0,2,2,0,2,0,0,2,0,2
6,-487717.4659,-729240.3386,E6_F23_m46f46_P52_Y5_UO2309,I46_F86_m-1f-1_P12_Y-1_U34,ID46_F52_m60f60_P19_Y1_UO2747,MXY,2,0.0,1,0,0.0,0,0,0,-9999.0,0.25,1,P11_CV0,2,0,2,1,1,0,2,0,2
6,-487717.4659,-729240.3386,E6_F40_m90f90_P6_Y5_UO4178,I90_F27_m23f23_P35_Y3_UO1219,I90_F86_m12f12_P86_Y2_UO691,MXY,2,0.0,1,0,0.0,0,0,0,-9999.0,0.4375,1,P11_CV0,2,0,2,0,2,0,2,0,2
6,-487717.4659,-729240.3386,E6_F45_m23f23_P57_Y5_UO1143,I23_F27_m92f92_P6_Y3_UO4273,I23_F86_m12f12_P86_Y3_UO693,MXY,2,0.0,1,0,0.0,0,0,0,-9999.0,0.5625,1,P11_CV0,2,1,1,1,1,0,2,0,2
6,-487717.4659,-729240.3386,E6_F45_m12f12_P86_Y5_UO727,I12_F13_m90f90_P52_Y2_UO4202,I12_F86_m-1f-1_P12_Y-1_U218,MXY,2,0.0,1,0,0.0,0,0,0,-9999.0,0.1875,1,P11_CV0,2,0,2,1,1,0,2,0,2
6,-487717.4659,-729240.3386,E6_F50_m90f90_P27_Y5_UO4294,I90_F6_m-1f-1_P45_Y-1_U172,I90_F27_m12f12_P52_Y0_UO723,MXY,2,0.0,1,0,0.0,0,0,0,-9999.0,0.625,1,P11_CV0,2,2,0,2,0,0,2,0,2
6,-487717.4659,-729240.3386,E6_F92_m23f23_P57_Y4_UO1141,I23_F86_m90f90_P86_Y2_UO4204,I23_F86_m-1f-1_P90_Y-1_U137,FXX,3,0.0,1,0,1.0,0,0,0,-9999.0,0.1875,1,P11_CV0,2,1,1,1,1,0,2,0,2
6,-487717.4659,-729240.3386,E6_F23_m90f90_P86_Y3_UO4184,ID90_F13_m30f30_P13_Y0_UO1501,I90_F52_m12f12_P35_Y1_UO628,MXY,4,0.0,1,0,0.0,0,0,0,-9999.0,0.375,1,P11_CV0,2,1,1,0,2,0,2,0,2
6,-487717.4659,-729240.3386,E6_F23_m12f12_P52_Y2_UO704,I12_F86_m-1f-1_P12_Y-1_U146,I12_F52_m-1f-1_P12_Y-1_U102,FXX,5,0.0,1,0,1.0,0,0,0,-9999.0,0.5,1,P11_CV0,2,1,1,1,1,0,2,0,2
6,-487717.4659,-729240.3386,E6_F45_m12f12_P52_Y2_UO677,ID12_F86_m12f12_P52_Y0_UO777,I12_F52_m-1f-1_P12_Y-1_U31,MXY,5,0.0,1,0,0.0,0,0,0,-9999.0,0.625,1,P11_CV0,2,2,0,0,2,0,2,0,2
6,-487717.4659,-729240.3386,E6_F23_m12f12_P52_Y1_UO637,ID12_F19_m-1f-1_P46_Y-1_U205,I12_F52_m-1f-1_P12_Y-1_U40,FXX,6,0.0,1,0,1.0,0,0,0,-9999.0,0.25,1,P11_CV0,2,1,1,1,1,0,2,0,2
6,-487717.4659,-729240.3386,E6_F23_m12f12_P86_Y0_UO768,R12_F12_m-1f-1_P12_Y-1_U181,R12_F12_m-1f-1_P12_Y-1_U220,FXX,7,0.0,1,0,1.0,0,0,0,-9999.0,0.25,1,P11_CV0,2,0,2,0,2,0,2,0,2
6,-487717.4659,-729240.3386,E6_F90_m12f12_P52_Y0_UO695,R12_F12_m-1f-1_P12_Y-1_U28,R12_F12_m-1f-1_P12_Y-1_U102,FXX,7,0.0,1,0,1.0,0,0,0,-9999.0,0.25,1,P11_CV0,2,0,2,2,0,0,2,0,2
6,-487717.4659,-729240.3386,Age0_F6_m23f23_P6_Y7_UO1123,I23_F57_m42f42_P27_Y5_UO2026,ID23_F86_m90f90_P57_Y5_UO4197,MXY,0,0.0,0,0,0.0,0,0,0,0.0,0.6875,1,P22_CV0,2,1,1,0,2,0,2,0,2
6,-487717.4659,-729240.3386,Age0_F6_m23f23_P6_Y7_UO1130,ID23_F57_m23f23_P27_Y5_UO1221,I23_F35_m92f92_P6_Y5_UO4326,FXX,0,0.0,0,0,0.0,0,0,0,0.0,0.6875,1,P22_CV0,2,1,1,2,0,0,2,0,2
6,-487717.4659,-729240.3386,Age0_F6_m23f23_P6_Y7_UO1187,I23_F27_m45f45_P86_Y2_UO2179,ID23_F6_m23f23_P27_Y2_UO1174,MXY,0,0.0,0,0,0.0,0,0,0,0.0,0.3125,1,P22_CV0,2,1,1,1,1,0,2,0,2
6,-487717.4659,-729240.3386,Age0_F6_m42f42_P6_Y7_UO2016,I42_F99_m94f94_P81_Y4_UO4455,I42_F99_m23f23_P27_Y0_UO1267,MXY,0,0.0,0,0,0.0,0,0,0,0.0,0.5,1,P22_CV0,2,1,1,2,0,0,2,0,2
6,-487717.4659,-729240.3386,Age0_F6_m42f42_P6_Y7_UO2024,I42_F81_m45f45_P6_Y3_UO2136,ID42_F27_m92f92_P6_Y2_UO4279,FXX,0,0.0,0,0,0.0,0,0,0,0.0,0.6875,1,P22_CV0,2,2,0,2,0,0,2,0,2
6,-487717.4659,-729240.3386,Age0_F6_m45f45_P6_Y7_UO2195,ID45_F6_m40f40_P57_Y5_UO1908,I45_F68_m-1f-1_P23_Y-1_U45,MXY,0,0.0,0,0,0.0,0,0,0,0.0,0.5625,1,P22_CV0,2,0,2,2,0,0,2,0,2
6,-487717.4659,-729240.3386,Age0_F6_m45f45_P6_Y7_UO2239,ID45_F52_m90f90_P57_Y0_UO4533,I45_F68_m-1f-1_P23_Y-1_U45,MXY,0,0.0,0,0,0.0,0,0,0,0.0,0.25,1,P22_CV0,2,1,1,1,1,0,2,0,2
6,-487717.4659,-729240.3386,Age0_F6_m90f90_P6_Y7_UO4212,ID90_F57_m40f40_P6_Y5_UO1901,ID90_F86_m-1f-1_P23_Y-1_U107,MXY,0,0.0,0,0,0.0,0,0,0,0.0,0.5,1,P22_CV0,2,1,1,2,0,0,2,0,2
6,-487717.4659,-729240.3386,Age0_F6_m90f90_P6_Y7_UO4291,I90_F52_m90f90_P35_Y1_UO4046,ID90_F27_m40f40_P6_Y5_UO1944,MXY,0,0.0,0,0,0.0,0,0,0,0.0,0.5,1,P22_CV0,2,2,0,0,2,0,2,0,2
6,-487717.4659,-729240.3386,Age0_F6_m92f92_P6_Y7_UO4343,I92_F6_m92f92_P99_Y5_UO4361,I92_F6_m92f92_P6_Y5_UO4322,MXY,0,0.0,0,0,0.0,0,0,0,0.0,0.4375,1,P22_CV0,2,2,0,0,2,0,2,0,2
6,-487717.4659,-729240.3386,E6_F23_m23f23_P86_Y6_UO1194,I23_F57_m30f30_P35_Y2_UO1420,I23_F27_m23f23_P86_Y2_UO1151,FXX,1,0.0,1,1,1.0,0,0,0,-9999.0,0.5625,1,P22_CV0,2,1,1,2,0,0,2,0,2
6,-487717.4659,-729240.3386,E6_F23_m23f23_P27_Y6_UO1135,I23_F86_m12f12_P86_Y4_UO756,I23_F99_m23f23_P27_Y4_UO1201,FXX,1,0.0,1,1,1.0,0,0,0,-9999.0,0.5,1,P22_CV0,2,1,1,1,1,0,2,0,2
6,-487717.4659,-729240.3386,E6_F40_m45f45_P6_Y6_UO2220,I45_F6_m45f45_P8_Y3_UO2130,I45_F57_m90f90_P86_Y4_UO4175,FXX,1,0.0,1,1,1.0,0,0,0,-9999.0,0.375,1,P22_CV0,2,2,0,0,2,0,2,0,2
6,-487717.4659,-729240.3386,E6_F45_m92f92_P6_Y6_UO4411,I92_F57_m23f23_P57_Y2_UO1226,I92_F99_m-1f-1_P42_Y-1_U182,MXY,1,0.0,1,1,0.0,0,0,0,-9999.0,0.75,1,P22_CV0,2,1,1,1,1,0,2,0,2
6,-487717.4659,-729240.3386,E6_F46_m46f46_P13_Y6_UO2325,I46_F38_m30f30_P74_Y1_UO1362,I46_F52_m23f23_P52_Y4_UO1154,FXX,1,0.0,1,1,1.0,0,0,0,-9999.0,0.375,1,P22_CV0,2,2,0,1,1,0,2,0,2
6,-487717.4659,-729240.3386,E6_F50_m90f90_P86_Y6_UO4327,I90_F86_m-1f-1_P23_Y-1_U229,I90_F86_m-1f-1_P39_Y-1_U197,MXY,1,0.0,1,1,0.0,0,0,0,-9999.0,0.75,1,P22_CV0,2,1,1,1,1,0,2,0,2
6,-487717.4659,-729240.3386,E6_F50_m40f40_P99_Y6_UO1974,I40_F57_m-1f-1_P92_Y-1_U238,ID40_F6_m23f23_P6_Y2_UO1212,MXY,1,0.0,1,1,0.0,0,0,0,-9999.0,0.5,1,P22_CV0,2,1,1,1,1,0,2,0,2
6,-487717.4659,-729240.3386,E6_F90_m12f12_P86_Y6_UO699,I12_F93_m12f12_P52_Y4_UO721,ID12_F6_m-1f-1_P23_Y-1_U57,FXX,1,0.0,1,1,1.0,0,0,0,-9999.0,0.5,1,P22_CV0,2,2,0,2,0,0,2,0,2
6,-487717.4659,-729240.3386,E6_F90_m90f90_P86_Y6_UO4234,I90_F35_m46f46_P35_Y4_UO2212,I90_F52_m45f45_P86_Y4_UO2194,MXY,1,0.0,1,1,0.0,0,0,0,-9999.0,0.4375,1,P22_CV0,2,1,1,1,1,0,2,0,2
6,-487717.4659,-729240.3386,E6_F90_m90f90_P86_Y6_UO4322,ID90_F27_m-1f-1_P23_Y-1_U99,I90_F57_m-1f-1_P90_Y-1_U70,MXY,1,0.0,1,1,0.0,0,0,0,-9999.0,0.5,1,P22_CV0,2,1,1,1,1,0,2,0,2
6,-487717.4659,-729240.3386,E6_F92_m92f92_P6_Y6_UO4420,I92_F57_m23f23_P57_Y1_UO1097,I92_F99_m92f92_P6_Y0_UO4657,MXY,1,0.0,1,1,0.0,0,0,0,-9999.0,0.75,1,P22_CV0,2,2,0,2,0,0,2,0,2
6,-487717.4659,-729240.3386,E6_F92_m45f45_P57_Y6_UO2242,I45_F57_m23f23_P86_Y0_UO1316,I45_F6_m45f45_P57_Y0_UO2311,FXX,1,0.0,1,1,1.0,0,0,0,-9999.0,0.25,1,P22_CV0,2,1,1,1,1,0,2,0,2
6,-487717.4659,-729240.3386,E6_F92_m50f50_P99_Y6_UO2487,I50_F6_m-1f-1_P58_Y-1_U232,I50_F6_m23f23_P99_Y1_UO1113,MXY,1,0.0,1,1,0.0,0,0,0,-9999.0,0.5,1,P22_CV0,2,1,1,1,1,0,2,0,2
6,-487717.4659,-729240.3386,E6_F23_m42f42_P27_Y5_UO2026,ID42_F99_m-1f-1_P92_Y-1_U141,I42_F99_m23f23_P99_Y2_UO1202,FXX,2,0.0,1,0,1.0,0,0,0,-9999.0,0.75,1,P22_CV0,2,2,0,0,2,0,2,0,2
6,-487717.4659,-729240.3386,E6_F23_m23f23_P27_Y5_UO1221,I23_F27_m-1f-1_P90_Y-1_U122,I23_F52_m23f23_P86_Y0_UO1256,FXX,2,0.0,1,0,1.0,0,0,0,-9999.0,0.75,1,P22_CV0,2,1,1,1,1,0,2,0,2
6,-487717.4659,-729240.3386,E6_F23_m23f23_P57_Y4_UO1218,I23_F86_m-1f-1_P23_Y-1_U185,I23_F52_m-1f-1_P23_Y-1_U146,MXY,3,0.0,1,0,0.0,0,0,0,-9999.0,0.5,1,P22_CV0,2,1,1,2,0,0,2,0,2
6,-487717.4659,-729240.3386,E6_F40_m92f92_P6_Y4_UO4309,I92_F6_m40f40_P99_Y2_UO1880,ID92_F27_m23f23_P86_Y0_UO1263,MXY,3,0.0,1,0,0.0,0,0,0,-9999.0,0.5,1,P22_CV0,2,1,1,2,0,0,2,0,2
6,-487717.4659,-729240.3386,E6_F40_m42f42_P99_Y4_UO1968,I42_F99_m23f23_P57_Y1_UO1083,ID42_F81_m92f92_P99_Y1_UO4145,FXX,3,0.0,1,0,1.0,0,0,0,-9999.0,0.75,1,P22_CV0,2,2,0,2,0,0,2,0,2
6,-487717.4659,-729240.3386,E6_F50_m42f42_P99_Y4_UO1990,I42_F6_m-1f-1_P50_Y-1_U160,ID42_F57_m23f23_P6_Y1_UO1154,MXY,3,0.0,1,0,0.0,0,0,0,-9999.0,0.375,1,P22_CV0,2,2,0,1,1,0,2,0,2
6,-487717.4659,-729240.3386,E6_F90_m92f92_P27_Y4_UO4337,I92_F6_m40f40_P6_Y0_UO1986,I92_F99_m23f23_P86_Y2_UO1228,FXX,3,0.0,1,0,1.0,0,0,0,-9999.0,0.375,1,P22_CV0,2,1,1,0,2,0,2,0,2
6,-487717.4659,-729240.3386,E6_F92_m12f12_P6_Y4_UO694,I12_F52_m23f23_P86_Y1_UO1151,ID12_F52_m-1f-1_P23_Y-1_U47,FXX,3,0.0,1,0,1.0,0,0,0,-9999.0,0.375,1,P22_CV0,2,0,2,1,1,0,2,0,2
6,-487717.4659,-729240.3386,E6_F92_m23f23_P6_Y4_UO1223,I23_F27_m-1f-1_P23_Y-1_U177,I23_F57_m90f90_P27_Y1_UO4069,MXY,3,0.0,1,0,0.0,0,0,0,-9999.0,0.5,1,P22_CV0,2,2,0,1,1,0,2,0,2
6,-487717.4659,-729240.3386,E6_F92_m23f23_P76_Y3_UO1125,I23_F27_m40f40_P57_Y1_UO1752,ID23_F57_m-1f-1_P23_Y-1_U182,FXX,4,0.0,1,0,1.0,0,0,0,-9999.0,0.25,1,P22_CV0,2,1,1,1,1,0,2,0,2
6,-487717.4659,-729240.3386,E6_F23_m23f23_P27_Y2_UO1174,I23_F86_m-1f-1_P23_Y-1_U135,I23_F27_m23f23_P27_Y0_UO1293,MXY,5,0.0,1,0,0.0,0,0,0,-9999.0,0.125,1,P22_CV0,2,1,1,2,0,0,2,0,2
6,-487717.4659,-729240.3386,E6_F90_m23f23_P86_Y2_UO1183,I23_F27_m-1f-1_P23_Y-1_U66,I23_F57_m-1f-1_P23_Y-1_U41,MXY,5,0.0,1,0,0.0,0,0,0,-9999.0,0.25,1,P22_CV0,2,1,1,1,1,0,2,0,2
6,-487717.4659,-729240.3386,E6_F90_m90f90_P35_Y1_UO4046,ID90_F27_m-1f-1_P23_Y-1_U127,I90_F27_m-1f-1_P90_Y-1_U60,FXX,6,0.0,1,0,1.0,0,0,0,-9999.0,0.25,1,P22_CV0,2,1,1,0,2,0,2,0,2
6,-487717.4659,-729240.3386,E6_F45_m23f23_P57_Y0_UO1294,R23_F23_m-1f-1_P23_Y-1_U186,R23_F23_m-1f-1_P23_Y-1_U62,FXX,7,0.0,1,0,1.0,0,0,0,-9999.0,0.25,1,P22_CV0,2,0,2,2,0,0,2,0,2
6,-487717.4659,-729240.3386,E6_F92_m23f23_P86_Y0_UO1263,R23_F23_m-1f-1_P23_Y-1_U102,R23_F23_m-1f-1_P23_Y-1_U3,MXY,7,0.0,1,0,0.0,0,0,0,-9999.0,0.75,1,P22_CV0,2,1,1,2,0,0,2,0,2
6,-487717.4659,-729240.3386,E6_F45_m-1f-1_P23_Y-1_U45,-9999,-9999,MXY,10,0.0,1,0,0.0,0,0,0,-9999.0,0.5,1,P22_CV0,2,1,1,2,0,0,2,0,2
6,-487717.4659,-729240.3386,E6_F92_m-1f-1_P23_Y-1_U55,-9999,-9999,FXX,12,0.0,1,0,1.0,0,0,0,-9999.0,0.5,1,P22_CV0,2,1,1,0,2,0,2,0,2
6,-487717.4659,-729240.3386,E6_F23_m-1f-1_P23_Y-1_U58,-9999,-9999,MXY,13,0.0,1,0,0.0,0,0,0,-9999.0,0.0,1,P22_CV0,2,0,2,1,1,0,2,0,2
6,-487717.4659,-729240.3386,E6_F23_m-1f-1_P23_Y-1_U113,-9999,-9999,MXY,14,0.0,1,0,0.0,0,0,0,-9999.0,1.0,1,P22_CV0,2,2,0,1,1,0,2,0,2
6,-487717.4659,-729240.3386,E6_F40_m-1f-1_P23_Y-1_U27,-9999,-9999,FXX,14,0.0,1,0,1.0,0,0,0,-9999.0,0.5,1,P22_CV0,2,1,1,1,1,0,2,0,2
6,-487717.4659,-729240.3386,Age0_F6_m23f23_P6_Y7_UO1198,I23_F86_m45f45_P86_Y1_UO2003,ID23_F27_m45f45_P57_Y5_UO2175,MXY,0,0.0,0,0,0.0,0,0,0,0.0,0.28125,1,P24_CV0,2,1,1,2,0,0,2,0,2
6,-487717.4659,-729240.3386,E6_F23_m45f45_P6_Y4_UO2152,I45_F57_m31f31_P8_Y0_UO1620,I45_F57_m-1f-1_P25_Y-1_U139,MXY,3,0.0,1,0,0.0,0,0,0,-9999.0,0.375,1,P24_CV0,2,1,1,1,1,0,2,0,2
6,-487717.4659,-729240.3386,E6_F40_m25f25_P98_Y3_UO1262,I25_F8_m45f45_P68_Y0_UO2238,I25_F69_m-1f-1_P25_Y-1_U236,MXY,4,0.0,1,0,0.0,0,0,0,-9999.0,0.625,1,P24_CV0,2,1,1,1,1,0,2,0,2
6,-487717.4659,-729240.3386,E6_F92_m25f25_P8_Y3_UO1313,I25_F68_m-1f-1_P25_Y-1_U56,I25_F69_m-1f-1_P25_Y-1_U223,FXX,4,0.0,1,0,1.0,0,0,0,-9999.0,0.25,1,P24_CV0,2,0,2,1,1,0,2,0,2
6,-487717.4659,-729240.3386,Age0_F6_m23f23_P6_Y7_UO1159,I23_F35_m12f12_P57_Y4_UO742,I23_F57_m23f23_P86_Y2_UO1151,MXY,0,0.0,0,0,0.0,0,0,0,0.0,0.625,1,P29_CV0,2,1,1,2,0,0,2,0,2
6,-487717.4659,-729240.3386,Age0_F6_m23f23_P6_Y7_UO1206,I23_F6_m30f30_P35_Y0_UO1494,I23_F27_m90f90_P86_Y5_UO4284,FXX,0,0.0,0,0,0.0,0,0,0,0.0,0.3125,1,P29_CV0,2,1,1,1,1,0,2,0,2
6,-487717.4659,-729240.3386,E6_F40_m46f46_P57_Y6_UO2287,I46_F52_m12f12_P52_Y4_UO692,I46_F19_m30f30_P93_Y4_UO1389,MXY,1,0.0,1,1,0.0,0,0,0,-9999.0,0.53125,1,P29_CV0,2,0,2,1,1,0,2,0,2
6,-487717.4659,-729240.3386,E6_F45_m90f90_P86_Y6_UO4242,I90_F52_m90f90_P35_Y4_UO4216,I90_F86_m30f30_P52_Y2_UO1419,FXX,1,0.0,1,1,1.0,0,0,0,-9999.0,0.3125,1,P29_CV0,2,0,2,1,1,0,2,0,2
6,-487717.4659,-729240.3386,E6_F90_m12f12_P86_Y6_UO769,I12_F86_m-1f-1_P12_Y-1_U237,I12_F52_m30f30_P38_Y2_UO1349,MXY,1,0.0,1,1,0.0,0,0,0,-9999.0,0.3125,1,P29_CV0,2,1,1,2,0,0,2,0,2
6,-487717.4659,-729240.3386,E6_F92_m90f90_P57_Y6_UO4236,I90_F52_m46f46_P52_Y4_UO2247,I90_F6_m58f58_P57_Y4_UO2699,FXX,1,0.0,1,1,1.0,0,0,0,-9999.0,0.5,1,P29_CV0,2,2,0,1,1,0,2,0,2
6,-487717.4659,-729240.3386,E6_F23_m30f30_P35_Y5_UO1371,I30_F52_m30f30_P52_Y3_UO1376,I30_F35_m78f78_P13_Y2_UO3521,MXY,2,0.0,1,0,0.0,0,0,0,-9999.0,0.5625,1,P29_CV0,2,1,1,1,1,0,2,0,2
6,-487717.4659,-729240.3386,E6_F90_m23f23_P57_Y5_UO1182,I23_F57_m92f92_P99_Y1_UO4131,ID23_F57_m-1f-1_P30_Y-1_U168,FXX,2,0.0,1,0,1.0,0,0,0,-9999.0,0.5,1,P29_CV0,2,1,1,1,1,0,2,0,2
6,-487717.4659,-729240.3386,E6_F23_m12f12_P57_Y4_UO742,ID12_F75_m-1f-1_P30_Y-1_U138,I12_F52_m92f92_P86_Y2_UO4367,FXX,3,0.0,1,0,1.0,0,0,0,-9999.0,0.625,1,P29_CV0,2,2,0,2,0,0,2,0,2
6,-487717.4659,-729240.3386,E6_F90_m92f92_P27_Y4_UO4343,I92_F6_m42f42_P99_Y0_UO2026,I92_F57_m23f23_P27_Y2_UO1137,MXY,3,0.0,1,0,0.0,0,0,0,-9999.0,0.625,1,P29_CV0,2,1,1,1,1,0,2,0,2
6,-487717.4659,-729240.3386,E6_F90_m30f30_P52_Y2_UO1376,I30_F52_m-1f-1_P30_Y-1_U166,ID30_F35_m-1f-1_P30_Y-1_U115,FXX,5,0.0,1,0,1.0,0,0,0,-9999.0,0.75,1,P29_CV0,2,2,0,2,0,0,2,0,2
6,-487717.4659,-729240.3386,E6_F23_m30f30_P35_Y0_UO1494,R30_F30_m-1f-1_P30_Y-1_U171,R30_F30_m-1f-1_P30_Y-1_U71,FXX,7,0.0,1,0,1.0,0,0,0,-9999.0,0.5,1,P29_CV0,2,1,1,1,1,0,2,0,2
6,-487717.4659,-729240.3386,E6_F45_m-1f-1_P30_Y-1_U231,-9999,-9999,MXY,12,0.0,1,0,0.0,0,0,0,-9999.0,0.5,1,P29_CV0,2,1,1,1,1,0,2,0,2
6,-487717.4659,-729240.3386,Age0_F6_m40f40_P6_Y7_UO1920,I40_F6_m50f50_P6_Y4_UO2418,ID40_F6_m31f31_P8_Y5_UO1501,MXY,0,0.0,0,0,0.0,0,0,0,0.0,0.71875,1,P30_CV0,2,2,0,2,0,0,2,0,2
6,-487717.4659,-729240.3386,E6_F92_m45f45_P6_Y5_UO2210,I45_F86_m-1f-1_P45_Y-1_U205,I45_F57_m31f31_P8_Y2_UO1480,MXY,2,0.0,1,0,0.0,0,0,0,-9999.0,0.625,1,P30_CV0,2,1,1,1,1,0,2,0,2
6,-487717.4659,-729240.3386,E6_F45_m63f63_P8_Y2_UO3084,I63_F69_m-1f-1_P63_Y-1_U83,ID63_F68_m-1f-1_P31_Y-1_U40,MXY,5,0.0,1,0,0.0,0,0,0,-9999.0,0.5,1,P30_CV0,2,1,1,1,1,0,2,0,2
6,-487717.4659,-729240.3386,Age0_F6_m23f23_P6_Y7_UO1118,I23_F27_m30f30_P35_Y5_UO1427,ID23_F57_m23f23_P76_Y5_UO1187,MXY,0,0.0,0,0,0.0,0,0,0,0.0,0.65625,1,P36_CV0,2,2,0,1,1,0,2,0,2
6,-487717.4659,-729240.3386,Age0_F6_m92f92_P6_Y7_UO4381,I92_F57_m40f40_P6_Y3_UO1916,I92_F99_m30f30_P52_Y1_UO1288,FXX,0,0.0,0,0,0.0,0,0,0,0.0,0.25,1,P36_CV0,2,0,2,1,1,0,2,0,2
6,-487717.4659,-729240.3386,E6_F40_m90f90_P6_Y6_UO4275,I90_F6_m90f90_P86_Y3_UO4168,I90_F52_m90f90_P86_Y4_UO4224,MXY,1,0.0,1,1,0.0,0,0,0,-9999.0,0.4375,1,P36_CV0,2,1,1,2,0,0,2,0,2
6,-487717.4659,-729240.3386,E6_F45_m92f92_P6_Y6_UO4432,ID92_F99_m-1f-1_P92_Y-1_U40,I92_F6_m30f30_P52_Y1_UO1288,MXY,1,0.0,1,1,0.0,0,0,0,-9999.0,0.625,1,P36_CV0,2,1,1,2,0,0,2,0,2
6,-487717.4659,-729240.3386,E6_F12_m7f7_P13_Y5_UO423,I7_F38_m7f7_P74_Y3_UO491,ID7_F74_m-1f-1_P37_Y-1_U32,FXX,2,0.0,1,0,1.0,0,0,0,-9999.0,0.375,1,P36_CV0,2,1,1,2,0,0,2,0,2
6,-487717.4659,-729240.3386,E6_F23_m30f30_P35_Y5_UO1427,I30_F74_m-1f-1_P37_Y-1_U163,ID30_F38_m30f30_P38_Y3_UO1371,FXX,2,0.0,1,0,1.0,0,0,0,-9999.0,0.4375,1,P36_CV0,2,1,1,0,2,0,2,0,2
6,-487717.4659,-729240.3386,E6_F45_m90f90_P86_Y5_UO4228,I90_F86_m58f58_P6_Y2_UO2771,I90_F86_m46f46_P52_Y2_UO2221,FXX,2,0.0,1,0,1.0,0,0,0,-9999.0,0.5,1,P36_CV0,2,0,2,2,0,0,2,0,2
6,-487717.4659,-729240.3386,E6_F12_m37f37_P93_Y2_UO1729,I37_F13_m-1f-1_P7_Y-1_U50,I37_F74_m-1f-1_P37_Y-1_U161,FXX,5,0.0,1,0,1.0,0,0,0,-9999.0,0.25,1,P36_CV0,2,1,1,0,2,0,2,0,2
6,-487717.4659,-729240.3386,E6_F23_m30f30_P52_Y2_UO1394,I30_F93_m-1f-1_P37_Y-1_U137,I30_F38_m-1f-1_P30_Y-1_U51,MXY,5,0.0,1,0,0.0,0,0,0,-9999.0,0.25,1,P36_CV0,2,0,2,0,2,0,2,0,2
6,-487717.4659,-729240.3386,E6_F45_m46f46_P52_Y2_UO2221,ID46_F86_m37f37_P38_Y0_UO1729,I46_F93_m-1f-1_P46_Y-1_U51,MXY,5,0.0,1,0,0.0,0,0,0,-9999.0,0.5,1,P36_CV0,2,0,2,1,1,0,2,0,2
6,-487717.4659,-729240.3386,E6_F92_m30f30_P52_Y1_UO1288,ID30_F74_m-1f-1_P37_Y-1_U145,I30_F38_m-1f-1_P30_Y-1_U24,MXY,6,0.0,1,0,0.0,0,0,0,-9999.0,0.25,1,P36_CV0,2,0,2,1,1,0,2,0,2
6,-487717.4659,-729240.3386,Age0_F6_m23f23_P6_Y7_UO1115,I23_F86_m45f45_P6_Y5_UO2158,I23_F57_m12f12_P86_Y5_UO714,FXX,0,0.0,0,0,0.0,0,0,0,0.0,0.53125,1,P39_CV0,2,1,1,0,2,0,2,0,2
6,-487717.4659,-729240.3386,Age0_F6_m23f23_P6_Y7_UO1147,I23_F99_m45f45_P86_Y4_UO2197,ID23_F57_m40f40_P6_Y1_UO1760,MXY,0,0.0,0,0,0.0,0,0,0,0.0,0.5625,1,P39_CV0,2,1,1,1,1,0,2,0,2
6,-487717.4659,-729240.3386,Age0_F6_m23f23_P6_Y7_UO1179,I23_F6_m23f23_P86_Y3_UO1153,I23_F86_m23f23_P57_Y4_UO1221,MXY,0,0.0,0,0,0.0,0,0,0,0.0,0.375,1,P39_CV0,2,1,1,2,0,0,2,0,2
6,-487717.4659,-729240.3386,Age0_F6_m23f23_P6_Y7_UO1196,ID23_F35_m12f12_P52_Y1_UO637,I23_F57_m42f42_P99_Y4_UO1953,FXX,0,0.0,0,0,0.0,0,0,0,0.0,0.375,1,P39_CV0,2,2,0,1,1,0,2,0,2
6,-487717.4659,-729240.3386,Age0_F6_m40f40_P6_Y7_UO1914,I40_F6_m23f23_P6_Y5_UO1224,I40_F6_m-1f-1_P40_Y-1_U26,FXX,0,0.0,0,0,0.0,0,0,0,0.0,0.5,1,P39_CV0,2,0,2,1,1,0,2,0,2
6,-487717.4659,-729240.3386,Age0_F6_m40f40_P6_Y7_UO1924,I40_F6_m42f42_P6_Y4_UO2009,I40_F57_m40f40_P57_Y1_UO1775,MXY,0,0.0,0,0,0.0,0,0,0,0.0,0.5625,1,P39_CV0,2,1,1,1,1,0,2,0,2
6,-487717.4659,-729240.3386,Age0_F6_m40f40_P6_Y7_UO1950,I40_F57_m50f50_P99_Y1_UO2319,I40_F6_m-1f-1_P40_Y-1_U207,MXY,0,0.0,0,0,0.0,0,0,0,0.0,0.5,1,P39_CV0,2,2,0,0,2,0,2,0,2
6,-487717.4659,-729240.3386,Age0_F6_m40f40_P6_Y7_UO1975,I40_F57_m-1f-1_P40_Y-1_U64,I40_F57_m-1f-1_P40_Y-1_U176,MXY,0,0.0,0,0,0.0,0,0,0,0.0,0.25,1,P39_CV0,2,1,1,1,1,0,2,0,2
6,-487717.4659,-729240.3386,Age0_F6_m42f42_P6_Y7_UO2043,I42_F99_m40f40_P99_Y1_UO1720,ID42_F6_m42f42_P99_Y3_UO2007,MXY,0,0.0,0,0,0.0,0,0,0,0.0,0.4375,1,P39_CV0,2,0,2,2,0,0,2,0,2
6,-487717.4659,-729240.3386,Age0_F6_m45f45_P6_Y7_UO2211,ID45_F6_m92f92_P6_Y4_UO4376,I45_F86_m-1f-1_P40_Y-1_U197,MXY,0,0.0,0,0,0.0,0,0,0,0.0,0.25,1,P39_CV0,2,0,2,0,2,0,2,0,2
6,-487717.4659,-729240.3386,Age0_F6_m45f45_P6_Y7_UO2229,I45_F8_m40f40_P57_Y1_UO1778,I45_F57_m65f65_P8_Y5_UO3170,FXX,0,0.0,0,0,0.0,0,0,0,0.0,0.5625,1,P39_CV0,2,0,2,1,1,0,2,0,2
6,-487717.4659,-729240.3386,Age0_F6_m45f45_P6_Y7_UO2238,ID45_F6_m23f23_P57_Y0_UO1294,I45_F86_m40f40_P57_Y3_UO1927,FXX,0,0.0,0,0,0.0,0,0,0,0.0,0.5,1,P39_CV0,2,1,1,1,1,0,2,0,2
6,-487717.4659,-729240.3386,Age0_F6_m90f90_P6_Y7_UO4261,I90_F86_m40f40_P6_Y3_UO1904,I90_F27_m50f50_P6_Y5_UO2435,FXX,0,0.0,0,0,0.0,0,0,0,0.0,0.5,1,P39_CV0,2,1,1,1,1,0,2,0,2
6,-487717.4659,-729240.3386,Age0_F6_m90f90_P6_Y7_UO4282,I90_F52_m30f30_P52_Y2_UO1430,I90_F57_m23f23_P27_Y4_UO1212,MXY,0,0.0,0,0,0.0,0,0,0,0.0,0.5625,1,P39_CV0,2,1,1,1,1,0,2,0,2
6,-487717.4659,-729240.3386,Age0_F6_m92f92_P6_Y7_UO4362,I92_F57_m40f40_P6_Y4_UO1936,I92_F99_m50f50_P99_Y5_UO2420,FXX,0,0.0,0,0,0.0,0,0,0,0.0,0.375,1,P39_CV0,2,1,1,0,2,0,2,0,2
6,-487717.4659,-729240.3386,Age0_F6_m92f92_P6_Y7_UO4418,ID92_F6_m-1f-1_P50_Y-1_U161,I92_F57_m40f40_P6_Y5_UO1946,FXX,0,0.0,0,0,0.0,0,0,0,0.0,0.0,1,P39_CV0,2,0,2,2,0,0,2,0,2
6,-487717.4659,-729240.3386,E6_F23_m90f90_P6_Y6_UO4309,I90_F52_m46f46_P52_Y1_UO2082,I90_F6_m90f90_P86_Y4_UO4251,MXY,1,0.0,1,1,0.0,0,0,0,-9999.0,0.375,1,P39_CV0,2,1,1,2,0,0,2,0,2
6,-487717.4659,-729240.3386,E6_F23_m40f40_P57_Y6_UO1957,I40_F6_m50f50_P99_Y1_UO2319,I40_F57_m92f92_P99_Y2_UO4342,FXX,1,0.0,1,1,1.0,0,0,0,-9999.0,0.375,1,P39_CV0,2,1,1,0,2,0,2,0,2
6,-487717.4659,-729240.3386,E6_F23_m92f92_P6_Y6_UO4445,I92_F99_m-1f-1_P40_Y-1_U223,I92_F57_m45f45_P86_Y2_UO2146,FXX,1,0.0,1,1,1.0,0,0,0,-9999.0,0.625,1,P39_CV0,2,1,1,0,2,0,2,0,2
6,-487717.4659,-729240.3386,E6_F23_m92f92_P6_Y6_UO4415,I92_F57_m92f92_P6_Y2_UO4282,I92_F99_m40f40_P99_Y0_UO2013,FXX,1,0.0,1,1,1.0,0,0,0,-9999.0,0.4375,1,P39_CV0,2,1,1,2,0,0,2,0,2
6,-487717.4659,-729240.3386,E6_F23_m40f40_P57_Y6_UO1939,I40_F86_m92f92_P57_Y3_UO4276,I40_F57_m92f92_P99_Y2_UO4342,FXX,1,0.0,1,1,1.0,0,0,0,-9999.0,0.25,1,P39_CV0,2,0,2,0,2,0,2,0,2
6,-487717.4659,-729240.3386,E6_F40_m23f23_P6_Y6_UO1172,I23_F52_m92f92_P27_Y3_UO4303,I23_F6_m92f92_P6_Y4_UO4358,FXX,1,0.0,1,1,1.0,0,0,0,-9999.0,0.5625,1,P39_CV0,2,1,1,1,1,0,2,0,2
6,-487717.4659,-729240.3386,E6_F40_m40f40_P57_Y6_UO1929,I40_F57_m42f42_P99_Y4_UO2014,I40_F57_m-1f-1_P40_Y-1_U176,MXY,1,0.0,1,1,0.0,0,0,0,-9999.0,0.25,1,P39_CV0,2,1,1,2,0,0,2,0,2
6,-487717.4659,-729240.3386,E6_F40_m40f40_P57_Y6_UO1983,I40_F6_m-1f-1_P40_Y-1_U64,ID40_F6_m23f23_P6_Y2_UO1212,MXY,1,0.0,1,1,0.0,0,0,0,-9999.0,0.5,1,P39_CV0,2,0,2,1,1,0,2,0,2
6,-487717.4659,-729240.3386,E6_F42_m42f42_P99_Y6_UO2000,I42_F99_m50f50_P99_Y4_UO2348,ID42_F27_m45f45_P57_Y3_UO2175,MXY,1,0.0,1,1,0.0,0,0,0,-9999.0,0.3125,1,P39_CV0,2,1,1,0,2,0,2,0,2
6,-487717.4659,-729240.3386,E6_F42_m50f50_P99_Y6_UO2414,I50_F99_m50f50_P99_Y4_UO2375,I50_F99_m58f58_P99_Y4_UO2712,FXX,1,0.0,1,1,1.0,0,0,0,-9999.0,0.5,1,P39_CV0,2,1,1,2,0,0,2,0,2
6,-487717.4659,-729240.3386,E6_F45_m45f45_P6_Y6_UO2259,ID45_F27_m-1f-1_P40_Y-1_U81,I45_F57_m-1f-1_P45_Y-1_U70,FXX,1,0.0,1,1,1.0,0,0,0,-9999.0,0.5,1,P39_CV0,2,1,1,2,0,0,2,0,2
6,-487717.4659,-729240.3386,E6_F92_m40f40_P6_Y6_UO1989,ID40_F27_m-1f-1_P42_Y-1_U219,I40_F98_m-1f-1_P40_Y-1_U2,FXX,1,0.0,1,1,1.0,0,0,0,-9999.0,0.5,1,P39_CV0,2,1,1,0,2,0,2,0,2
6,-487717.4659,-729240.3386,E6_F92_m45f45_P6_Y6_UO2249,ID45_F27_m-1f-1_P92_Y-1_U105,ID45_F57_m-1f-1_P40_Y-1_U197,FXX,1,0.0,1,1,1.0,0,0,0,-9999.0,0.5,1,P39_CV0,2,1,1,1,1,0,2,0,2
6,-487717.4659,-729240.3386,E6_F92_m50f50_P6_Y6_UO2460,ID50_F99_m40f40_P6_Y1_UO1785,ID50_F99_m42f42_P99_Y1_UO1854,FXX,1,0.0,1,1,1.0,0,0,0,-9999.0,0.375,1,P39_CV0,2,0,2,1,1,0,2,0,2
6,-487717.4659,-729240.3386,E6_F92_m92f92_P6_Y6_UO4352,I92_F57_m45f45_P57_Y4_UO2126,ID92_F6_m92f92_P99_Y3_UO4265,FXX,1,0.0,1,1,1.0,0,0,0,-9999.0,0.46875,1,P39_CV0,2,1,1,1,1,0,2,0,2
6,-487717.4659,-729240.3386,E6_F92_m92f92_P57_Y6_UO4385,I92_F99_m42f42_P99_Y3_UO1977,ID92_F99_m90f90_P6_Y2_UO4265,FXX,1,0.0,1,1,1.0,0,0,0,-9999.0,0.5,1,P39_CV0,2,1,1,1,1,0,2,0,2
6,-487717.4659,-729240.3386,E6_F92_m92f92_P57_Y6_UO4399,ID92_F27_m50f50_P99_Y3_UO2414,ID92_F99_m42f42_P99_Y4_UO2027,FXX,1,0.0,1,1,1.0,0,0,0,-9999.0,0.5,1,P39_CV0,2,1,1,0,2,0,2,0,2
6,-487717.4659,-729240.3386,E6_F23_m45f45_P6_Y5_UO2158,I45_F8_m63f63_P8_Y3_UO2985,ID45_F86_m40f40_P57_Y3_UO1927,FXX,2,0.0,1,0,1.0,0,0,0,-9999.0,0.6875,1,P39_CV0,2,1,1,0,2,0,2,0,2
6,-487717.4659,-729240.3386,E6_F90_m40f40_P6_Y5_UO1901,ID40_F68_m65f65_P8_Y3_UO3169,ID40_F57_m40f40_P6_Y0_UO1951,FXX,2,0.0,1,0,1.0,0,0,0,-9999.0,0.5,1,P39_CV0,2,2,0,1,1,0,2,0,2
6,-487717.4659,-729240.3386,E6_F92_m40f40_P6_Y5_UO1946,I40_F6_m-1f-1_P40_Y-1_U115,I40_F99_m-1f-1_P42_Y-1_U197,MXY,2,0.0,1,0,0.0,0,0,0,-9999.0,0.0,1,P39_CV0,2,0,2,2,0,0,2,0,2
6,-487717.4659,-729240.3386,E6_F45_m40f40_P6_Y4_UO1911,ID40_F6_m-1f-1_P40_Y-1_U210,I40_F6_m40f40_P57_Y1_UO1765,MXY,3,0.0,1,0,0.0,0,0,0,-9999.0,0.75,1,P39_CV0,2,1,1,1,1,0,2,0,2
6,-487717.4659,-729240.3386,E6_F92_m92f92_P99_Y4_UO4293,I92_F6_m40f40_P6_Y2_UO1903,I92_F99_m50f50_P6_Y0_UO2544,MXY,3,0.0,1,0,0.0,0,0,0,-9999.0,0.625,1,P39_CV0,2,2,0,1,1,0,2,0,2
6,-487717.4659,-729240.3386,E6_F92_m40f40_P6_Y4_UO1936,I40_F57_m-1f-1_P40_Y-1_U81,I40_F6_m45f45_P6_Y0_UO2305,FXX,3,0.0,1,0,1.0,0,0,0,-9999.0,0.5,1,P39_CV0,2,1,1,1,1,0,2,0,2
6,-487717.4659,-729240.3386,E6_F23_m23f23_P86_Y3_UO1153,I23_F57_m40f40_P6_Y1_UO1763,I23_F86_m23f23_P6_Y0_UO1216,FXX,4,0.0,1,0,1.0,0,0,0,-9999.0,0.625,1,P39_CV0,2,1,1,2,0,0,2,0,2
6,-487717.4659,-729240.3386,E6_F92_m40f40_P6_Y3_UO1916,I40_F6_m-1f-1_P40_Y-1_U243,I40_F98_m50f50_P99_Y0_UO2623,FXX,4,0.0,1,0,1.0,0,0,0,-9999.0,0.25,1,P39_CV0,2,1,1,2,0,0,2,0,2
6,-487717.4659,-729240.3386,E6_F40_m40f40_P6_Y2_UO1868,ID40_F8_m-1f-1_P85_Y-1_U149,I40_F57_m-1f-1_P40_Y-1_U213,MXY,5,0.0,1,0,0.0,0,0,0,-9999.0,0.75,1,P39_CV0,2,2,0,1,1,0,2,0,2
6,-487717.4659,-729240.3386,E6_F40_m92f92_P99_Y2_UO4342,I92_F57_m-1f-1_P92_Y-1_U231,I92_F99_m40f40_P99_Y0_UO2013,MXY,5,0.0,1,0,0.0,0,0,0,-9999.0,0.25,1,P39_CV0,2,0,2,0,2,0,2,0,2
6,-487717.4659,-729240.3386,E6_F40_m40f40_P57_Y1_UO1775,ID40_F99_m-1f-1_P58_Y-1_U52,ID40_F57_m-1f-1_P40_Y-1_U241,MXY,6,0.0,1,0,0.0,0,0,0,-9999.0,0.75,1,P39_CV0,2,2,0,1,1,0,2,0,2
6,-487717.4659,-729240.3386,E6_F42_m40f40_P57_Y1_UO1748,ID40_F6_m-1f-1_P40_Y-1_U243,I40_F57_m-1f-1_P40_Y-1_U109,MXY,6,0.0,1,0,0.0,0,0,0,-9999.0,0.5,1,P39_CV0,2,1,1,1,1,0,2,0,2
6,-487717.4659,-729240.3386,E6_F42_m40f40_P99_Y1_UO1720,I40_F6_m-1f-1_P40_Y-1_U142,I40_F57_m-1f-1_P40_Y-1_U53,FXX,6,0.0,1,0,1.0,0,0,0,-9999.0,0.5,1,P39_CV0,2,0,2,1,1,0,2,0,2
6,-487717.4659,-729240.3386,E6_F45_m40f40_P57_Y1_UO1778,ID40_F6_m-1f-1_P40_Y-1_U110,I40_F99_m-1f-1_P40_Y-1_U162,FXX,6,0.0,1,0,1.0,0,0,0,-9999.0,0.75,1,P39_CV0,2,1,1,2,0,0,2,0,2
6,-487717.4659,-729240.3386,E6_F50_m42f42_P99_Y1_UO1832,ID42_F99_m-1f-1_P40_Y-1_U93,I42_F99_m-1f-1_P42_Y-1_U148,MXY,6,0.0,1,0,0.0,0,0,0,-9999.0,0.25,1,P39_CV0,2,1,1,2,0,0,2,0,2
6,-487717.4659,-729240.3386,E6_F23_m40f40_P6_Y0_UO2010,R40_F40_m-1f-1_P40_Y-1_U227,R40_F40_m-1f-1_P40_Y-1_U63,FXX,7,0.0,1,0,1.0,0,0,0,-9999.0,0.75,1,P39_CV0,2,2,0,0,2,0,2,0,2
6,-487717.4659,-729240.3386,E6_F45_m40f40_P57_Y0_UO1991,R40_F40_m-1f-1_P40_Y-1_U190,R40_F40_m-1f-1_P40_Y-1_U73,FXX,7,0.0,1,0,1.0,0,0,0,-9999.0,0.5,1,P39_CV0,2,1,1,2,0,0,2,0,2
6,-487717.4659,-729240.3386,E6_F40_m-1f-1_P40_Y-1_U26,-9999,-9999,MXY,9,0.0,1,0,0.0,0,0,0,-9999.0,0.5,1,P39_CV0,2,1,1,0,2,0,2,0,2
6,-487717.4659,-729240.3386,E6_F45_m-1f-1_P40_Y-1_U182,-9999,-9999,FXX,9,0.0,1,0,1.0,0,0,0,-9999.0,0.5,1,P39_CV0,2,1,1,0,2,0,2,0,2
6,-487717.4659,-729240.3386,E6_F40_m-1f-1_P40_Y-1_U64,-9999,-9999,FXX,11,0.0,1,0,1.0,0,0,0,-9999.0,0.5,1,P39_CV0,2,1,1,1,1,0,2,0,2
6,-487717.4659,-729240.3386,E6_F90_m-1f-1_P40_Y-1_U173,-9999,-9999,FXX,11,0.0,1,0,1.0,0,0,0,-9999.0,0.5,1,P39_CV0,2,1,1,1,1,0,2,0,2
6,-487717.4659,-729240.3386,E6_F92_m-1f-1_P40_Y-1_U70,-9999,-9999,MXY,11,0.0,1,0,0.0,0,0,0,-9999.0,0.0,1,P39_CV0,2,0,2,1,1,0,2,0,2
6,-487717.4659,-729240.3386,E6_F42_m-1f-1_P40_Y-1_U100,-9999,-9999,MXY,12,0.0,1,0,0.0,0,0,0,-9999.0,0.5,1,P39_CV0,2,1,1,2,0,0,2,0,2
6,-487717.4659,-729240.3386,E6_F40_m-1f-1_P40_Y-1_U188,-9999,-9999,FXX,13,0.0,1,0,1.0,0,0,0,-9999.0,1.0,1,P39_CV0,2,2,0,2,0,0,2,0,2
6,-487717.4659,-729240.3386,Age0_F6_m40f40_P6_Y7_UO1913,ID40_F86_m45f45_P86_Y5_UO2192,I40_F6_m40f40_P6_Y0_UO1951,FXX,0,0.0,0,0,0.0,0,0,0,0.0,0.53125,1,P41_CV0,2,0,2,1,1,0,2,0,2
6,-487717.4659,-729240.3386,Age0_F6_m40f40_P6_Y7_UO1936,I40_F57_m92f92_P57_Y3_UO4276,I40_F6_m92f92_P57_Y4_UO4323,MXY,0,0.0,0,0,0.0,0,0,0,0.0,0.375,1,P41_CV0,2,1,1,0,2,0,2,0,2
6,-487717.4659,-729240.3386,Age0_F6_m42f42_P6_Y7_UO1996,I42_F99_m92f92_P99_Y5_UO4369,ID42_F99_m58f58_P99_Y5_UO2745,FXX,0,0.0,0,0,0.0,0,0,0,0.0,0.375,1,P41_CV0,2,1,1,0,2,0,2,0,2
6,-487717.4659,-729240.3386,Age0_F6_m42f42_P6_Y7_UO2003,I42_F99_m50f50_P99_Y4_UO2347,ID42_F99_m90f90_P6_Y2_UO4265,MXY,0,0.0,0,0,0.0,0,0,0,0.0,0.5625,1,P41_CV0,2,1,1,0,2,0,2,0,2
6,-487717.4659,-729240.3386,Age0_F6_m42f42_P6_Y7_UO2055,I42_F99_m-1f-1_P94_Y-1_U234,I42_F99_m42f42_P99_Y5_UO1997,MXY,0,0.0,0,0,0.0,0,0,0,0.0,0.5625,1,P41_CV0,2,1,1,1,1,0,2,0,2
6,-487717.4659,-729240.3386,Age0_F6_m50f50_P6_Y7_UO2407,I50_F99_m92f92_P99_Y5_UO4338,I50_F99_m40f40_P99_Y3_UO1937,FXX,0,0.0,0,0,0.0,0,0,0,0.0,0.59375,1,P41_CV0,2,1,1,1,1,0,2,0,2
6,-487717.4659,-729240.3386,Age0_F6_m50f50_P6_Y7_UO2408,ID50_F57_m45f45_P6_Y5_UO2218,I50_F99_m42f42_P99_Y2_UO2017,FXX,0,0.0,0,0,0.0,0,0,0,0.0,0.4375,1,P41_CV0,2,0,2,2,0,0,2,0,2
6,-487717.4659,-729240.3386,Age0_F6_m50f50_P6_Y7_UO2485,I50_F99_m-1f-1_P50_Y-1_U51,I50_F99_m42f42_P99_Y2_UO2017,MXY,0,0.0,0,0,0.0,0,0,0,0.0,0.625,1,P41_CV0,2,1,1,1,1,0,2,0,2
6,-487717.4659,-729240.3386,Age0_F6_m58f58_P6_Y7_UO2769,ID58_F99_m-1f-1_P42_Y-1_U157,I58_F99_m80f80_P81_Y3_UO3706,FXX,0,0.0,0,0,0.0,0,0,0,0.0,0.625,1,P41_CV0,2,0,2,1,1,0,2,0,2
6,-487717.4659,-729240.3386,Age0_F6_m90f90_P6_Y7_UO4223,I90_F86_m23f23_P57_Y5_UO1182,I90_F35_m90f90_P86_Y4_UO4158,FXX,0,0.0,0,0,0.0,0,0,0,0.0,0.46875,1,P41_CV0,2,1,1,0,2,0,2,0,2
6,-487717.4659,-729240.3386,Age0_F6_m90f90_P6_Y7_UO4254,ID90_F57_m42f42_P6_Y4_UO1958,ID90_F86_m42f42_P6_Y3_UO2012,FXX,0,0.0,0,0,0.0,0,0,0,0.0,0.5625,1,P41_CV0,2,0,2,2,0,0,2,0,2
6,-487717.4659,-729240.3386,Age0_F6_m92f92_P6_Y7_UO4352,I92_F57_m42f42_P99_Y5_UO1961,I92_F99_m42f42_P99_Y5_UO1966,FXX,0,0.0,0,0,0.0,0,0,0,0.0,0.46875,1,P41_CV0,2,1,1,1,1,0,2,0,2
6,-487717.4659,-729240.3386,Age0_F6_m92f92_P6_Y7_UO4354,ID92_F99_m92f92_P6_Y4_UO4291,I92_F57_m-1f-1_P42_Y-1_U182,MXY,0,0.0,0,0,0.0,0,0,0,0.0,0.78125,1,P41_CV0,2,1,1,1,1,0,2,0,2
6,-487717.4659,-729240.3386,Age0_F6_m92f92_P6_Y7_UO4358,ID92_F6_m42f42_P99_Y4_UO1976,I92_F6_m90f90_P86_Y0_UO4557,MXY,0,0.0,0,0,0.0,0,0,0,0.0,0.375,1,P41_CV0,2,2,0,1,1,0,2,0,2
6,-487717.4659,-729240.3386,Age0_F6_m92f92_P6_Y7_UO4361,ID92_F27_m42f42_P99_Y4_UO1978,I92_F99_m50f50_P99_Y5_UO2420,MXY,0,0.0,0,0,0.0,0,0,0,0.0,0.125,1,P41_CV0,2,0,2,0,2,0,2,0,2
6,-487717.4659,-729240.3386,Age0_F6_m92f92_P6_Y7_UO4365,ID92_F27_m92f92_P6_Y4_UO4277,ID92_F57_m40f40_P57_Y3_UO1928,FXX,0,0.0,0,0,0.0,0,0,0,0.0,0.75,1,P41_CV0,2,1,1,0,2,0,2,0,2
6,-487717.4659,-729240.3386,Age0_F6_m92f92_P6_Y7_UO4371,I92_F99_m42f42_P99_Y4_UO2017,ID92_F57_m92f92_P99_Y5_UO4343,FXX,0,0.0,0,0,0.0,0,0,0,0.0,0.46875,1,P41_CV0,2,0,2,2,0,0,2,0,2
6,-487717.4659,-729240.3386,Age0_F6_m92f92_P6_Y7_UO4377,ID92_F57_m42f42_P6_Y3_UO1959,I92_F6_m-1f-1_P23_Y-1_U94,FXX,0,0.0,0,0,0.0,0,0,0,0.0,0.5,1,P41_CV0,2,1,1,1,1,0,2,0,2
6,-487717.4659,-729240.3386,Age0_F6_m92f92_P6_Y7_UO4391,I92_F57_m50f50_P99_Y3_UO2424,I92_F99_m42f42_P99_Y5_UO2044,FXX,0,0.0,0,0,0.0,0,0,0,0.0,0.4375,1,P41_CV0,2,1,1,1,1,0,2,0,2
6,-487717.4659,-729240.3386,Age0_F6_m92f92_P6_Y7_UO4400,I92_F6_m42f42_P99_Y2_UO1937,I92_F57_m42f42_P99_Y1_UO1816,MXY,0,0.0,0,0,0.0,0,0,0,0.0,0.5625,1,P41_CV0,2,1,1,2,0,0,2,0,2
6,-487717.4659,-729240.3386,Age0_F6_m92f92_P6_Y7_UO4424,ID92_F57_m-1f-1_P23_Y-1_U55,I92_F6_m42f42_P99_Y5_UO1990,FXX,0,0.0,0,0,0.0,0,0,0,0.0,0.5625,1,P41_CV0,2,0,2,1,1,0,2,0,2
6,-487717.4659,-729240.3386,Age0_F6_m92f92_P6_Y7_UO4427,I92_F57_m-1f-1_P50_Y-1_U202,I92_F57_m92f92_P6_Y5_UO4301,FXX,0,0.0,0,0,0.0,0,0,0,0.0,0.15625,1,P41_CV0,2,0,2,1,1,0,2,0,2
6,-487717.4659,-729240.3386,E6_F23_m92f92_P57_Y6_UO4410,ID92_F57_m42f42_P99_Y2_UO1962,ID92_F99_m-1f-1_P58_Y-1_U231,MXY,1,0.0,1,1,0.0,0,0,0,-9999.0,0.5,1,P41_CV0,2,1,1,2,0,0,2,0,2
6,-487717.4659,-729240.3386,E6_F40_m50f50_P99_Y6_UO2446,I50_F57_m42f42_P99_Y2_UO1990,I50_F99_m45f45_P99_Y4_UO2193,FXX,1,0.0,1,1,1.0,0,0,0,-9999.0,0.5625,1,P41_CV0,2,0,2,1,1,0,2,0,2
6,-487717.4659,-729240.3386,E6_F42_m58f58_P99_Y6_UO2753,I58_F99_m40f40_P99_Y1_UO1745,I58_F99_m-1f-1_P58_Y-1_U57,MXY,1,0.0,1,1,0.0,0,0,0,-9999.0,0.5,1,P41_CV0,2,1,1,1,1,0,2,0,2
6,-487717.4659,-729240.3386,E6_F45_m50f50_P57_Y6_UO2435,I50_F6_m50f50_P99_Y3_UO2358,I50_F99_m90f90_P57_Y3_UO4171,MXY,1,0.0,1,1,0.0,0,0,0,-9999.0,0.4375,1,P41_CV0,2,0,2,2,0,0,2,0,2
6,-487717.4659,-729240.3386,E6_F45_m46f46_P86_Y6_UO2360,I46_F52_m-1f-1_P46_Y-1_U62,I46_F52_m90f90_P35_Y3_UO4149,FXX,1,0.0,1,1,1.0,0,0,0,-9999.0,0.6875,1,P41_CV0,2,1,1,1,1,0,2,0,2
6,-487717.4659,-729240.3386,E6_F50_m42f42_P99_Y6_UO2027,I42_F99_m42f42_P99_Y3_UO2013,I42_F99_m50f50_P99_Y4_UO2430,MXY,1,0.0,1,1,0.0,0,0,0,-9999.0,0.5,1,P41_CV0,2,0,2,0,2,0,2,0,2
6,-487717.4659,-729240.3386,E6_F50_m42f42_P99_Y6_UO2093,I42_F57_m-1f-1_P42_Y-1_U16,I42_F99_m50f50_P99_Y1_UO2277,MXY,1,0.0,1,1,0.0,0,0,0,-9999.0,0.5,1,P41_CV0,2,0,2,2,0,0,2,0,2
6,-487717.4659,-729240.3386,E6_F90_m90f90_P86_Y6_UO4260,I90_F52_m40f40_P57_Y3_UO1930,ID90_F86_m90f90_P86_Y4_UO4158,FXX,1,0.0,1,1,1.0,0,0,0,-9999.0,0.34375,1,P41_CV0,2,0,2,1,1,0,2,0,2
6,-487717.4659,-729240.3386,E6_F92_m40f40_P6_Y6_UO1933,I40_F8_m42f42_P99_Y4_UO1974,I40_F8_m-1f-1_P42_Y-1_U85,MXY,1,0.0,1,1,0.0,0,0,0,-9999.0,0.875,1,P41_CV0,2,1,1,0,2,0,2,0,2
6,-487717.4659,-729240.3386,E6_F92_m42f42_P6_Y6_UO2020,ID42_F27_m40f40_P6_Y4_UO1893,I42_F6_m50f50_P99_Y4_UO2408,MXY,1,0.0,1,1,0.0,0,0,0,-9999.0,0.625,1,P41_CV0,2,2,0,0,2,0,2,0,2
6,-487717.4659,-729240.3386,E6_F92_m92f92_P27_Y6_UO4375,I92_F99_m92f92_P6_Y4_UO4277,I92_F99_m42f42_P99_Y4_UO1987,FXX,1,0.0,1,1,1.0,0,0,0,-9999.0,0.6875,1,P41_CV0,2,2,0,1,1,0,2,0,2
6,-487717.4659,-729240.3386,E6_F92_m42f42_P99_Y6_UO2054,I42_F99_m58f58_P99_Y1_UO2611,I42_F6_m-1f-1_P42_Y-1_U169,MXY,1,0.0,1,1,0.0,0,0,0,-9999.0,0.5,1,P41_CV0,2,1,1,2,0,0,2,0,2
6,-487717.4659,-729240.3386,E6_F92_m42f42_P99_Y6_UO2075,ID42_F99_m-1f-1_P50_Y-1_U108,I42_F99_m-1f-1_P42_Y-1_U135,FXX,1,0.0,1,1,1.0,0,0,0,-9999.0,0.25,1,P41_CV0,2,0,2,0,2,0,2,0,2
6,-487717.4659,-729240.3386,E6_F92_m50f50_P99_Y6_UO2412,I50_F99_m50f50_P99_Y4_UO2362,I50_F57_m42f42_P99_Y3_UO1971,FXX,1,0.0,1,1,1.0,0,0,0,-9999.0,0.0625,1,P41_CV0,2,0,2,0,2,0,2,0,2
6,-487717.4659,-729240.3386,E6_F92_m92f92_P99_Y6_UO4347,I92_F99_m92f92_P99_Y4_UO4369,I92_F99_m-1f-1_P42_Y-1_U182,MXY,1,0.0,1,1,0.0,0,0,0,-9999.0,0.875,1,P41_CV0,2,2,0,1,1,0,2,0,2
6,-487717.4659,-729240.3386,E6_F23_m42f42_P57_Y5_UO2023,I42_F99_m-1f-1_P40_Y-1_U196,I42_F6_m-1f-1_P42_Y-1_U121,MXY,2,0.0,1,0,0.0,0,0,0,-9999.0,0.25,1,P41_CV0,2,0,2,1,1,0,2,0,2
6,-487717.4659,-729240.3386,E6_F40_m45f45_P86_Y5_UO2192,ID45_F86_m42f42_P99_Y0_UO2052,ID45_F68_m63f63_P68_Y3_UO3061,FXX,2,0.0,1,0,1.0,0,0,0,-9999.0,0.3125,1,P41_CV0,2,0,2,1,1,0,2,0,2
6,-487717.4659,-729240.3386,E6_F42_m42f42_P99_Y5_UO1987,I42_F57_m50f50_P99_Y2_UO2387,ID42_F99_m42f42_P99_Y0_UO2102,FXX,2,0.0,1,0,1.0,0,0,0,-9999.0,0.625,1,P41_CV0,2,1,1,0,2,0,2,0,2
6,-487717.4659,-729240.3386,E6_F42_m92f92_P99_Y5_UO4369,I92_F27_m42f42_P27_Y0_UO2081,I92_F6_m58f58_P99_Y3_UO2727,FXX,2,0.0,1,0,1.0,0,0,0,-9999.0,0.5,1,P41_CV0,2,2,0,0,2,0,2,0,2
6,-487717.4659,-729240.3386,E6_F45_m92f92_P57_Y5_UO4405,ID92_F57_m-1f-1_P42_Y-1_U122,ID92_F99_m42f42_P99_Y0_UO2068,FXX,2,0.0,1,0,1.0,0,0,0,-9999.0,0.375,1,P41_CV0,2,0,2,0,2,0,2,0,2
6,-487717.4659,-729240.3386,E6_F50_m92f92_P99_Y5_UO4338,I92_F99_m45f45_P57_Y2_UO2198,I92_F57_m92f92_P99_Y3_UO4356,FXX,2,0.0,1,0,1.0,0,0,0,-9999.0,0.6875,1,P41_CV0,2,2,0,2,0,0,2,0,2
6,-487717.4659,-729240.3386,E6_F50_m45f45_P6_Y5_UO2218,I45_F86_m-1f-1_P42_Y-1_U204,I45_F57_m40f40_P6_Y1_UO1780,FXX,2,0.0,1,0,1.0,0,0,0,-9999.0,0.625,1,P41_CV0,2,1,1,1,1,0,2,0,2
6,-487717.4659,-729240.3386,E6_F92_m42f42_P99_Y5_UO1990,I42_F99_m42f42_P99_Y1_UO1877,I42_F99_m-1f-1_P42_Y-1_U136,MXY,2,0.0,1,0,0.0,0,0,0,-9999.0,0.625,1,P41_CV0,2,1,1,2,0,0,2,0,2
6,-487717.4659,-729240.3386,E6_F92_m92f92_P99_Y5_UO4343,I92_F99_m42f42_P99_Y2_UO1954,I92_F57_m92f92_P57_Y3_UO4259,MXY,2,0.0,1,0,0.0,0,0,0,-9999.0,0.4375,1,P41_CV0,2,1,1,1,1,0,2,0,2
6,-487717.4659,-729240.3386,E6_F92_m92f92_P99_Y5_UO4324,I92_F99_m23f23_P57_Y3_UO1234,ID92_F99_m50f50_P99_Y3_UO2434,MXY,2,0.0,1,0,0.0,0,0,0,-9999.0,0.8125,1,P41_CV0,2,2,0,0,2,0,2,0,2
6,-487717.4659,-729240.3386,E6_F92_m42f42_P99_Y5_UO1961,I42_F6_m5f5_P81_Y3_UO287,I42_F99_m-1f-1_P42_Y-1_U135,FXX,2,0.0,1,0,1.0,0,0,0,-9999.0,0.375,1,P41_CV0,2,1,1,1,1,0,2,0,2
6,-487717.4659,-729240.3386,E6_F40_m92f92_P57_Y4_UO4323,I92_F99_m40f40_P6_Y1_UO1781,ID92_F99_m42f42_P99_Y0_UO2075,MXY,3,0.0,1,0,0.0,0,0,0,-9999.0,0.5,1,P41_CV0,2,2,0,1,1,0,2,0,2
6,-487717.4659,-729240.3386,E6_F42_m50f50_P99_Y4_UO2347,I50_F99_m42f42_P99_Y2_UO2023,I50_F99_m50f50_P99_Y1_UO2335,FXX,3,0.0,1,0,1.0,0,0,0,-9999.0,0.625,1,P41_CV0,2,0,2,0,2,0,2,0,2
6,-487717.4659,-729240.3386,E6_F92_m42f42_P99_Y4_UO1976,ID42_F99_m50f50_P99_Y0_UO2572,I42_F99_m50f50_P99_Y1_UO2277,FXX,3,0.0,1,0,1.0,0,0,0,-9999.0,0.5,1,P41_CV0,2,2,0,1,1,0,2,0,2
6,-487717.4659,-729240.3386,E6_F92_m42f42_P99_Y4_UO1978,ID42_F99_m42f42_P99_Y0_UO2060,I42_F99_m-1f-1_P42_Y-1_U147,FXX,3,0.0,1,0,1.0,0,0,0,-9999.0,0.0,1,P41_CV0,2,0,2,1,1,0,2,0,2
6,-487717.4659,-729240.3386,E6_F92_m92f92_P6_Y4_UO4277,I92_F6_m42f42_P99_Y2_UO1962,ID92_F99_m-1f-1_P42_Y-1_U182,FXX,3,0.0,1,0,1.0,0,0,0,-9999.0,0.75,1,P41_CV0,2,2,0,0,2,0,2,0,2
6,-487717.4659,-729240.3386,E6_F92_m42f42_P99_Y4_UO1982,ID42_F81_m58f58_P99_Y0_UO2994,I42_F27_m-1f-1_P42_Y-1_U212,FXX,3,0.0,1,0,1.0,0,0,0,-9999.0,0.75,1,P41_CV0,2,1,1,0,2,0,2,0,2
6,-487717.4659,-729240.3386,E6_F92_m42f42_P99_Y4_UO2017,I42_F99_m-1f-1_P42_Y-1_U16,ID42_F99_m40f40_P57_Y1_UO1748,FXX,3,0.0,1,0,1.0,0,0,0,-9999.0,0.5,1,P41_CV0,2,0,2,2,0,0,2,0,2
6,-487717.4659,-729240.3386,E6_F50_m42f42_P99_Y3_UO2013,I42_F99_m-1f-1_P42_Y-1_U219,I42_F99_m42f42_P99_Y0_UO2087,FXX,4,0.0,1,0,1.0,0,0,0,-9999.0,0.125,1,P41_CV0,2,1,1,0,2,0,2,0,2
6,-487717.4659,-729240.3386,E6_F90_m40f40_P6_Y3_UO1904,I40_F6_m-1f-1_P40_Y-1_U210,ID40_F57_m-1f-1_P42_Y-1_U209,FXX,4,0.0,1,0,1.0,0,0,0,-9999.0,0.75,1,P41_CV0,2,1,1,0,2,0,2,0,2
6,-487717.4659,-729240.3386,E6_F92_m42f42_P6_Y3_UO1959,I42_F99_m42f42_P99_Y1_UO1838,I42_F99_m-1f-1_P42_Y-1_U169,FXX,4,0.0,1,0,1.0,0,0,0,-9999.0,0.5,1,P41_CV0,2,1,1,2,0,0,2,0,2
6,-487717.4659,-729240.3386,E6_F92_m42f42_P57_Y3_UO2019,ID42_F72_m-1f-1_P42_Y-1_U79,I42_F6_m-1f-1_P42_Y-1_U109,MXY,4,0.0,1,0,0.0,0,0,0,-9999.0,0.25,1,P41_CV0,2,0,2,2,0,0,2,0,2
6,-487717.4659,-729240.3386,E6_F45_m42f42_P99_Y2_UO1986,ID42_F99_m-1f-1_P50_Y-1_U88,I42_F99_m-1f-1_P42_Y-1_U140,MXY,5,0.0,1,0,0.0,0,0,0,-9999.0,0.5,1,P41_CV0,2,1,1,1,1,0,2,0,2
6,-487717.4659,-729240.3386,E6_F50_m42f42_P99_Y1_UO1846,I42_F99_m-1f-1_P42_Y-1_U214,I42_F99_m-1f-1_P42_Y-1_U140,FXX,6,0.0,1,0,1.0,0,0,0,-9999.0,0.25,1,P41_CV0,2,0,2,2,0,0,2,0,2
6,-487717.4659,-729240.3386,E6_F92_m42f42_P99_Y1_UO1816,I42_F99_m-1f-1_P42_Y-1_U178,ID42_F6_m-1f-1_P58_Y-1_U97,MXY,6,0.0,1,0,0.0,0,0,0,-9999.0,0.75,1,P41_CV0,2,1,1,2,0,0,2,0,2
6,-487717.4659,-729240.3386,E6_F92_m42f42_P99_Y0_UO2112,R42_F42_m-1f-1_P42_Y-1_U244,R42_F42_m-1f-1_P42_Y-1_U8,MXY,7,0.0,1,0,0.0,0,0,0,-9999.0,0.25,1,P41_CV0,2,1,1,0,2,0,2,0,2
6,-487717.4659,-729240.3386,E6_F92_m-1f-1_P42_Y-1_U167,-9999,-9999,MXY,8,0.0,1,0,0.0,0,0,0,-9999.0,0.0,1,P41_CV0,2,0,2,0,2,0,2,0,2
6,-487717.4659,-729240.3386,E6_F40_m-1f-1_P42_Y-1_U85,-9999,-9999,MXY,10,0.0,1,0,0.0,0,0,0,-9999.0,1.0,1,P41_CV0,2,2,0,1,1,0,2,0,2
6,-487717.4659,-729240.3386,E6_F92_m-1f-1_P42_Y-1_U182,-9999,-9999,MXY,10,0.0,1,0,0.0,0,0,0,-9999.0,1.0,1,P41_CV0,2,2,0,1,1,0,2,0,2
6,-487717.4659,-729240.3386,E6_F40_m-1f-1_P42_Y-1_U165,-9999,-9999,MXY,12,0.0,1,0,0.0,0,0,0,-9999.0,0.0,1,P41_CV0,2,0,2,0,2,0,2,0,2
6,-487717.4659,-729240.3386,E6_F58_m-1f-1_P42_Y-1_U157,-9999,-9999,FXX,15,0.0,1,0,1.0,0,0,0,-9999.0,0.5,1,P41_CV0,2,1,1,0,2,0,2,0,2
6,-487717.4659,-729240.3386,Age0_F6_m23f23_P6_Y7_UO1170,I23_F35_m45f45_P86_Y3_UO2131,I23_F86_m45f45_P57_Y5_UO2208,MXY,0,0.0,0,0,0.0,0,0,0,0.0,0.625,1,P44_CV0,2,1,1,1,1,0,2,0,2
6,-487717.4659,-729240.3386,Age0_F6_m23f23_P6_Y7_UO1211,I23_F27_m40f40_P6_Y0_UO2010,ID23_F57_m23f23_P76_Y5_UO1187,FXX,0,0.0,0,0,0.0,0,0,0,0.0,0.8125,1,P44_CV0,2,2,0,1,1,0,2,0,2
6,-487717.4659,-729240.3386,Age0_F6_m40f40_P6_Y7_UO1932,ID40_F6_m45f45_P86_Y4_UO2184,ID40_F57_m40f40_P6_Y5_UO1922,FXX,0,0.0,0,0,0.0,0,0,0,0.0,0.5625,1,P44_CV0,2,2,0,1,1,0,2,0,2
6,-487717.4659,-729240.3386,Age0_F6_m40f40_P6_Y7_UO1981,I40_F6_m-1f-1_P45_Y-1_U25,I40_F57_m92f92_P57_Y1_UO4137,MXY,0,0.0,0,0,0.0,0,0,0,0.0,0.5,1,P44_CV0,2,0,2,1,1,0,2,0,2
6,-487717.4659,-729240.3386,Age0_F6_m45f45_P6_Y7_UO2205,I45_F6_m45f45_P6_Y4_UO2118,I45_F35_m90f90_P86_Y3_UO4205,FXX,0,0.0,0,0,0.0,0,0,0,0.0,0.6875,1,P44_CV0,2,1,1,0,2,0,2,0,2
6,-487717.4659,-729240.3386,Age0_F6_m45f45_P6_Y7_UO2215,I45_F57_m45f45_P27_Y3_UO2196,I45_F6_m23f23_P86_Y3_UO1218,FXX,0,0.0,0,0,0.0,0,0,0,0.0,0.5625,1,P44_CV0,2,1,1,1,1,0,2,0,2
6,-487717.4659,-729240.3386,Age0_F6_m45f45_P6_Y7_UO2248,I45_F86_m-1f-1_P45_Y-1_U44,I45_F6_m63f63_P68_Y3_UO3061,FXX,0,0.0,0,0,0.0,0,0,0,0.0,0.3125,1,P44_CV0,2,0,2,2,0,0,2,0,2
6,-487717.4659,-729240.3386,Age0_F6_m45f45_P6_Y7_UO2257,I45_F6_m-1f-1_P45_Y-1_U78,ID45_F8_m23f23_P57_Y5_UO1143,MXY,0,0.0,0,0,0.0,0,0,0,0.0,0.78125,1,P44_CV0,2,1,1,0,2,0,2,0,2
6,-487717.4659,-729240.3386,Age0_F6_m50f50_P6_Y7_UO2445,I50_F6_m42f42_P99_Y3_UO1995,I50_F6_m92f92_P99_Y1_UO4142,FXX,0,0.0,0,0,0.0,0,0,0,0.0,0.3125,1,P44_CV0,2,1,1,0,2,0,2,0,2
6,-487717.4659,-729240.3386,Age0_F6_m92f92_P6_Y7_UO4342,ID92_F57_m40f40_P86_Y5_UO1940,I92_F6_m23f23_P57_Y1_UO1163,MXY,0,0.0,0,0,0.0,0,0,0,0.0,0.375,1,P44_CV0,2,0,2,2,0,0,2,0,2
6,-487717.4659,-729240.3386,Age0_F6_m92f92_P6_Y7_UO4404,I92_F57_m45f45_P99_Y2_UO2202,I92_F57_m92f92_P99_Y3_UO4334,FXX,0,0.0,0,0,0.0,0,0,0,0.0,0.4375,1,P44_CV0,2,1,1,1,1,0,2,0,2
6,-487717.4659,-729240.3386,E6_F23_m12f12_P52_Y6_UO716,I12_F86_m90f90_P52_Y3_UO4243,I12_F52_m90f90_P52_Y2_UO4180,MXY,1,0.0,1,1,0.0,0,0,0,-9999.0,0.25,1,P44_CV0,2,1,1,2,0,0,2,0,2
6,-487717.4659,-729240.3386,E6_F23_m23f23_P27_Y6_UO1150,I23_F27_m23f23_P27_Y4_UO1226,I23_F6_m45f45_P86_Y2_UO2178,FXX,1,0.0,1,1,1.0,0,0,0,-9999.0,0.8125,1,P44_CV0,2,2,0,1,1,0,2,0,2
6,-487717.4659,-729240.3386,E6_F23_m45f45_P57_Y6_UO2225,I45_F6_m40f40_P6_Y2_UO1867,I45_F6_m-1f-1_P45_Y-1_U108,FXX,1,0.0,1,1,1.0,0,0,0,-9999.0,0.0625,1,P44_CV0,2,0,2,0,2,0,2,0,2
6,-487717.4659,-729240.3386,E6_F40_m45f45_P6_Y6_UO2217,I45_F57_m92f92_P57_Y3_UO4254,I45_F6_m40f40_P6_Y4_UO1908,FXX,1,0.0,1,1,1.0,0,0,0,-9999.0,0.46875,1,P44_CV0,2,0,2,1,1,0,2,0,2
6,-487717.4659,-729240.3386,E6_F40_m90f90_P6_Y6_UO4223,I90_F6_m23f23_P27_Y4_UO1183,I90_F6_m90f90_P86_Y4_UO4251,MXY,1,0.0,1,1,0.0,0,0,0,-9999.0,0.4375,1,P44_CV0,2,1,1,2,0,0,2,0,2
6,-487717.4659,-729240.3386,E6_F40_m45f45_P57_Y6_UO2258,I45_F6_m-1f-1_P45_Y-1_U217,I45_F86_m25f25_P8_Y2_UO1284,FXX,1,0.0,1,1,1.0,0,0,0,-9999.0,0.5,1,P44_CV0,2,1,1,1,1,0,2,0,2
6,-487717.4659,-729240.3386,E6_F42_m23f23_P99_Y6_UO1210,ID23_F57_m23f23_P86_Y1_UO1077,I23_F35_m45f45_P86_Y4_UO2173,MXY,1,0.0,1,1,0.0,0,0,0,-9999.0,0.5,1,P44_CV0,2,2,0,1,1,0,2,0,2
6,-487717.4659,-729240.3386,E6_F45_m45f45_P6_Y6_UO2264,I45_F57_m-1f-1_P45_Y-1_U78,I45_F6_m-1f-1_P45_Y-1_U245,FXX,1,0.0,1,1,1.0,0,0,0,-9999.0,1.0,1,P44_CV0,2,2,0,1,1,0,2,0,2
6,-487717.4659,-729240.3386,E6_F45_m65f65_P68_Y6_UO3120,I65_F8_m63f63_P8_Y4_UO3012,ID65_F69_m63f63_P8_Y3_UO3019,MXY,1,0.0,1,1,0.0,0,0,0,-9999.0,0.25,1,P44_CV0,2,0,2,0,2,0,2,0,2
6,-487717.4659,-729240.3386,E6_F45_m45f45_P86_Y6_UO2227,I45_F6_m45f45_P86_Y2_UO2155,I45_F6_m90f90_P86_Y3_UO4205,FXX,1,0.0,1,1,1.0,0,0,0,-9999.0,0.5625,1,P44_CV0,2,1,1,1,1,0,2,0,2
6,-487717.4659,-729240.3386,E6_F45_m90f90_P86_Y6_UO4310,I90_F6_m45f45_P6_Y0_UO2226,ID90_F27_m23f23_P57_Y3_UO1140,FXX,1,0.0,1,1,1.0,0,0,0,-9999.0,0.6875,1,P44_CV0,2,2,0,2,0,0,2,0,2
6,-487717.4659,-729240.3386,E6_F90_m23f23_P86_Y6_UO1236,I23_F6_m-1f-1_P45_Y-1_U22,I23_F52_m45f45_P86_Y3_UO2170,FXX,1,0.0,1,1,1.0,0,0,0,-9999.0,0.875,1,P44_CV0,2,1,1,1,1,0,2,0,2
6,-487717.4659,-729240.3386,E6_F90_m45f45_P86_Y6_UO2248,ID45_F57_m-1f-1_P40_Y-1_U182,I45_F6_m45f45_P57_Y0_UO2311,FXX,1,0.0,1,1,1.0,0,0,0,-9999.0,0.375,1,P44_CV0,2,1,1,1,1,0,2,0,2
6,-487717.4659,-729240.3386,E6_F90_m45f45_P86_Y6_UO2263,ID45_F68_m-1f-1_P45_Y-1_U225,I45_F57_m-1f-1_P45_Y-1_U70,MXY,1,0.0,1,1,0.0,0,0,0,-9999.0,0.75,1,P44_CV0,2,1,1,0,2,0,2,0,2
6,-487717.4659,-729240.3386,E6_F90_m90f90_P86_Y6_UO4276,I90_F86_m30f30_P35_Y2_UO1355,I90_F35_m42f42_P98_Y2_UO2001,MXY,1,0.0,1,1,0.0,0,0,0,-9999.0,0.5,1,P44_CV0,2,1,1,1,1,0,2,0,2
6,-487717.4659,-729240.3386,E6_F92_m45f45_P6_Y6_UO2245,ID45_F57_m-1f-1_P45_Y-1_U27,ID45_F6_m-1f-1_P85_Y-1_U244,FXX,1,0.0,1,1,1.0,0,0,0,-9999.0,0.25,1,P44_CV0,2,1,1,1,1,0,2,0,2
6,-487717.4659,-729240.3386,E6_F92_m45f45_P6_Y6_UO2270,I45_F6_m-1f-1_P45_Y-1_U180,I45_F57_m92f92_P6_Y2_UO4294,FXX,1,0.0,1,1,1.0,0,0,0,-9999.0,0.4375,1,P44_CV0,2,1,1,0,2,0,2,0,2
6,-487717.4659,-729240.3386,E6_F92_m23f23_P27_Y6_UO1217,I23_F86_m23f23_P76_Y0_UO1218,I23_F6_m46f46_P86_Y4_UO2231,MXY,1,0.0,1,1,0.0,0,0,0,-9999.0,0.375,1,P44_CV0,2,1,1,1,1,0,2,0,2
6,-487717.4659,-729240.3386,E6_F92_m50f50_P99_Y6_UO2429,I50_F99_m50f50_P99_Y3_UO2437,I50_F6_m92f92_P99_Y1_UO4142,MXY,1,0.0,1,1,0.0,0,0,0,-9999.0,0.5,1,P44_CV0,2,1,1,1,1,0,2,0,2
6,-487717.4659,-729240.3386,E6_F23_m23f23_P35_Y5_UO1220,I23_F27_m-1f-1_P40_Y-1_U112,ID23_F99_m-1f-1_P45_Y-1_U5,MXY,2,0.0,1,0,0.0,0,0,0,-9999.0,0.25,1,P44_CV0,2,0,2,2,0,0,2,0,2
6,-487717.4659,-729240.3386,E6_F40_m40f40_P6_Y5_UO1910,I40_F6_m45f45_P6_Y2_UO2191,I40_F6_m23f23_P57_Y0_UO1319,MXY,2,0.0,1,0,0.0,0,0,0,-9999.0,0.375,1,P44_CV0,2,1,1,0,2,0,2,0,2
6,-487717.4659,-729240.3386,E6_F40_m23f23_P6_Y5_UO1224,I23_F57_m-1f-1_P45_Y-1_U22,ID23_F52_m-1f-1_P90_Y-1_U41,FXX,2,0.0,1,0,1.0,0,0,0,-9999.0,0.5,1,P44_CV0,2,1,1,1,1,0,2,0,2
6,-487717.4659,-729240.3386,E6_F40_m45f45_P6_Y5_UO2196,I45_F6_m92f92_P27_Y0_UO4616,ID45_F86_m-1f-1_P45_Y-1_U184,MXY,2,0.0,1,0,0.0,0,0,0,-9999.0,0.875,1,P44_CV0,2,1,1,1,1,0,2,0,2
6,-487717.4659,-729240.3386,E6_F92_m45f45_P6_Y5_UO2228,I45_F8_m-1f-1_P45_Y-1_U99,ID45_F6_m85f85_P8_Y0_UO4264,MXY,2,0.0,1,0,0.0,0,0,0,-9999.0,0.375,1,P44_CV0,2,1,1,1,1,0,2,0,2
6,-487717.4659,-729240.3386,E6_F92_m40f40_P86_Y5_UO1940,ID40_F69_m-1f-1_P84_Y-1_U82,I40_F6_m45f45_P6_Y0_UO2305,FXX,2,0.0,1,0,1.0,0,0,0,-9999.0,0.25,1,P44_CV0,2,0,2,2,0,0,2,0,2
6,-487717.4659,-729240.3386,E6_F92_m92f92_P99_Y5_UO4361,I92_F99_m45f45_P57_Y1_UO2006,I92_F6_m92f92_P57_Y3_UO4267,FXX,2,0.0,1,0,1.0,0,0,0,-9999.0,0.5625,1,P44_CV0,2,1,1,1,1,0,2,0,2
6,-487717.4659,-729240.3386,E6_F23_m45f45_P86_Y4_UO2197,I45_F35_m-1f-1_P45_Y-1_U180,I45_F57_m40f40_P6_Y0_UO1951,FXX,3,0.0,1,0,1.0,0,0,0,-9999.0,0.625,1,P44_CV0,2,1,1,2,0,0,2,0,2
6,-487717.4659,-729240.3386,E6_F40_m45f45_P86_Y4_UO2184,I45_F86_m-1f-1_P45_Y-1_U161,I45_F57_m40f40_P6_Y0_UO1951,FXX,3,0.0,1,0,1.0,0,0,0,-9999.0,0.625,1,P44_CV0,2,2,0,2,0,0,2,0,2
6,-487717.4659,-729240.3386,E6_F42_m90f90_P57_Y4_UO4271,ID90_F86_m-1f-1_P23_Y-1_U178,I90_F86_m-1f-1_P45_Y-1_U223,MXY,3,0.0,1,0,0.0,0,0,0,-9999.0,0.75,1,P44_CV0,2,1,1,1,1,0,2,0,2
6,-487717.4659,-729240.3386,E6_F45_m45f45_P6_Y4_UO2118,I45_F6_m50f50_P6_Y2_UO2447,I45_F86_m45f45_P57_Y1_UO1989,FXX,3,0.0,1,0,1.0,0,0,0,-9999.0,0.5,1,P44_CV0,2,1,1,1,1,0,2,0,2
6,-487717.4659,-729240.3386,E6_F92_m50f50_P6_Y4_UO2369,I50_F99_m58f58_P99_Y1_UO2625,I50_F57_m92f92_P99_Y1_UO4142,MXY,3,0.0,1,0,0.0,0,0,0,-9999.0,0.5,1,P44_CV0,2,2,0,1,1,0,2,0,2
6,-487717.4659,-729240.3386,E6_F23_m45f45_P86_Y3_UO2131,I45_F6_m92f92_P27_Y1_UO4135,ID45_F6_m-1f-1_P45_Y-1_U227,FXX,4,0.0,1,0,1.0,0,0,0,-9999.0,0.75,1,P44_CV0,2,2,0,2,0,0,2,0,2
6,-487717.4659,-729240.3386,E6_F42_m45f45_P6_Y3_UO2136,ID45_F57_m25f25_P68_Y1_UO1251,I45_F86_m-1f-1_P45_Y-1_U184,FXX,4,0.0,1,0,1.0,0,0,0,-9999.0,0.625,1,P44_CV0,2,1,1,2,0,0,2,0,2
6,-487717.4659,-729240.3386,E6_F45_m45f45_P27_Y3_UO2196,I45_F8_m-1f-1_P45_Y-1_U247,ID45_F86_m92f92_P6_Y1_UO4087,FXX,4,0.0,1,0,1.0,0,0,0,-9999.0,0.5,1,P44_CV0,2,1,1,1,1,0,2,0,2
6,-487717.4659,-729240.3386,E6_F50_m45f45_P57_Y3_UO2175,ID45_F6_m-1f-1_P45_Y-1_U125,ID45_F8_m-1f-1_P45_Y-1_U167,MXY,4,0.0,1,0,0.0,0,0,0,-9999.0,0.25,1,P44_CV0,2,0,2,1,1,0,2,0,2
6,-487717.4659,-729240.3386,E6_F23_m45f45_P86_Y2_UO2179,I45_F6_m-1f-1_P45_Y-1_U51,I45_F52_m-1f-1_P45_Y-1_U154,FXX,5,0.0,1,0,1.0,0,0,0,-9999.0,0.5,1,P44_CV0,2,0,2,0,2,0,2,0,2
6,-487717.4659,-729240.3386,E6_F92_m45f45_P99_Y2_UO2202,I45_F6_m-1f-1_P45_Y-1_U63,I45_F6_m92f92_P57_Y0_UO4630,FXX,5,0.0,1,0,1.0,0,0,0,-9999.0,0.125,1,P44_CV0,2,0,2,2,0,0,2,0,2
6,-487717.4659,-729240.3386,E6_F23_m45f45_P86_Y1_UO2003,I45_F57_m-1f-1_P45_Y-1_U125,I45_F57_m-1f-1_P45_Y-1_U249,FXX,6,0.0,1,0,1.0,0,0,0,-9999.0,0.0,1,P44_CV0,2,0,2,1,1,0,2,0,2
6,-487717.4659,-729240.3386,E6_F45_m-1f-1_P45_Y-1_U44,-9999,-9999,FXX,9,0.0,1,0,1.0,0,0,0,-9999.0,0.5,1,P44_CV0,2,1,1,1,1,0,2,0,2
6,-487717.4659,-729240.3386,E6_F45_m-1f-1_P45_Y-1_U236,-9999,-9999,FXX,10,0.0,1,0,1.0,0,0,0,-9999.0,1.0,1,P44_CV0,2,2,0,2,0,0,2,0,2
6,-487717.4659,-729240.3386,E6_F40_m-1f-1_P45_Y-1_U25,-9999,-9999,FXX,13,0.0,1,0,1.0,0,0,0,-9999.0,0.5,1,P44_CV0,2,1,1,1,1,0,2,0,2
6,-487717.4659,-729240.3386,E6_F45_m-1f-1_P45_Y-1_U78,-9999,-9999,FXX,13,0.0,1,0,1.0,0,0,0,-9999.0,1.0,1,P44_CV0,2,2,0,0,2,0,2,0,2
6,-487717.4659,-729240.3386,E6_F45_m-1f-1_P45_Y-1_U106,-9999,-9999,FXX,14,0.0,1,0,1.0,0,0,0,-9999.0,1.0,1,P44_CV0,2,2,0,2,0,0,2,0,2
6,-487717.4659,-729240.3386,Age0_F6_m12f12_P6_Y7_UO721,ID12_F6_m12f12_P52_Y4_UO715,I12_F52_m46f46_P13_Y2_UO2292,MXY,0,0.0,0,0,0.0,0,0,0,0.0,0.75,1,P45_CV0,2,2,0,0,2,0,2,0,2
6,-487717.4659,-729240.3386,Age0_F6_m12f12_P6_Y7_UO740,I12_F52_m37f37_P93_Y2_UO1729,ID12_F86_m46f46_P52_Y5_UO2236,FXX,0,0.0,0,0,0.0,0,0,0,0.0,0.3125,1,P45_CV0,2,2,0,0,2,0,2,0,2
6,-487717.4659,-729240.3386,Age0_F6_m45f45_P6_Y7_UO2193,I45_F57_m90f90_P86_Y5_UO4228,I45_F6_m12f12_P86_Y5_UO724,FXX,0,0.0,0,0,0.0,0,0,0,0.0,0.5,1,P45_CV0,2,0,2,2,0,0,2,0,2
6,-487717.4659,-729240.3386,Age0_F6_m45f45_P6_Y7_UO2199,I45_F8_m50f50_P6_Y5_UO2438,I45_F86_m12f12_P86_Y1_UO699,FXX,0,0.0,0,0,0.0,0,0,0,0.0,0.4375,1,P45_CV0,2,1,1,2,0,0,2,0,2
6,-487717.4659,-729240.3386,Age0_F6_m45f45_P6_Y7_UO2240,I45_F86_m40f40_P57_Y0_UO1991,I45_F6_m46f46_P52_Y2_UO2218,FXX,0,0.0,0,0,0.0,0,0,0,0.0,0.5625,1,P45_CV0,2,1,1,2,0,0,2,0,2
6,-487717.4659,-729240.3386,Age0_F6_m90f90_P6_Y7_UO4304,I90_F86_m12f12_P52_Y0_UO695,I90_F52_m12f12_P35_Y5_UO719,FXX,0,0.0,0,0,0.0,0,0,0,0.0,0.5625,1,P45_CV0,2,1,1,1,1,0,2,0,2
6,-487717.4659,-729240.3386,Age0_F6_m92f92_P6_Y7_UO4366,I92_F6_m23f23_P57_Y4_UO1225,I92_F99_m23f23_P27_Y2_UO1215,MXY,0,0.0,0,0,0.0,0,0,0,0.0,0.375,1,P45_CV0,2,1,1,0,2,0,2,0,2
6,-487717.4659,-729240.3386,E6_F23_m45f45_P86_Y6_UO2236,I45_F57_m46f46_P52_Y0_UO2358,I45_F86_m30f30_P86_Y3_UO1372,FXX,1,0.0,1,1,1.0,0,0,0,-9999.0,0.5625,1,P45_CV0,2,1,1,0,2,0,2,0,2
6,-487717.4659,-729240.3386,E6_F90_m23f23_P86_Y6_UO1164,I23_F57_m23f23_P57_Y3_UO1146,I23_F35_m58f58_P57_Y3_UO2762,MXY,1,0.0,1,1,0.0,0,0,0,-9999.0,0.6875,1,P45_CV0,2,0,2,2,0,0,2,0,2
6,-487717.4659,-729240.3386,E6_F92_m12f12_P86_Y6_UO784,I12_F52_m-1f-1_P46_Y-1_U75,I12_F52_m-1f-1_P12_Y-1_U183,MXY,1,0.0,1,1,0.0,0,0,0,-9999.0,0.75,1,P45_CV0,2,2,0,1,1,0,2,0,2
6,-487717.4659,-729240.3386,E6_F23_m90f90_P86_Y5_UO4211,I90_F86_m30f30_P35_Y2_UO1351,ID90_F99_m58f58_P99_Y0_UO3030,MXY,2,0.0,1,0,0.0,0,0,0,-9999.0,0.4375,1,P45_CV0,2,1,1,1,1,0,2,0,2
6,-487717.4659,-729240.3386,E6_F40_m23f23_P57_Y5_UO1149,I23_F57_m90f90_P27_Y3_UO4139,I23_F57_m46f46_P52_Y2_UO2229,FXX,2,0.0,1,0,1.0,0,0,0,-9999.0,0.375,1,P45_CV0,2,2,0,0,2,0,2,0,2
6,-487717.4659,-729240.3386,E6_F45_m12f12_P86_Y5_UO724,I12_F86_m12f12_P52_Y2_UO739,I12_F52_m30f30_P52_Y0_UO1521,MXY,2,0.0,1,0,0.0,0,0,0,-9999.0,0.5,1,P45_CV0,2,1,1,1,1,0,2,0,2
6,-487717.4659,-729240.3386,E6_F12_m12f12_P52_Y4_UO715,I12_F52_m12f12_P86_Y0_UO753,ID12_F35_m46f46_P52_Y1_UO2093,FXX,3,0.0,1,0,1.0,0,0,0,-9999.0,0.75,1,P45_CV0,2,1,1,1,1,0,2,0,2
6,-487717.4659,-729240.3386,E6_F90_m23f23_P57_Y4_UO1236,I23_F52_m-1f-1_P23_Y-1_U30,ID23_F57_m46f46_P52_Y2_UO2304,FXX,3,0.0,1,0,1.0,0,0,0,-9999.0,0.625,1,P45_CV0,2,2,0,1,1,0,2,0,2
6,-487717.4659,-729240.3386,E6_F92_m23f23_P57_Y4_UO1225,I23_F27_m-1f-1_P23_Y-1_U54,ID23_F52_m46f46_P52_Y2_UO2256,FXX,3,0.0,1,0,1.0,0,0,0,-9999.0,0.0,1,P45_CV0,2,0,2,0,2,0,2,0,2
6,-487717.4659,-729240.3386,Age0_F6_m92f92_P6_Y7_UO4378,I92_F6_m23f23_P76_Y3_UO1125,I92_F99_m47f47_P81_Y3_UO2326,FXX,0,0.0,0,0,0.0,0,0,0,0.0,0.625,1,P46_CV0,2,1,1,2,0,0,2,0,2
6,-487717.4659,-729240.3386,E6_F92_m92f92_P6_Y6_UO4362,I92_F99_m50f50_P99_Y4_UO2360,ID92_F72_m47f47_P81_Y3_UO2326,FXX,1,0.0,1,1,1.0,0,0,0,-9999.0,0.75,1,P46_CV0,2,2,0,2,0,0,2,0,2
6,-487717.4659,-729240.3386,E6_F92_m47f47_P81_Y3_UO2326,I47_F64_m-1f-1_P47_Y-1_U101,I47_F81_m-1f-1_P47_Y-1_U108,MXY,4,0.0,1,0,0.0,0,0,0,-9999.0,1.0,1,P46_CV0,2,2,0,2,0,0,2,0,2
6,-487717.4659,-729240.3386,Age0_F6_m23f23_P6_Y7_UO1157,I23_F86_m40f40_P57_Y4_UO1912,ID23_F52_m40f40_P6_Y5_UO1918,MXY,0,0.0,0,0,0.0,0,0,0,0.0,0.5,1,P49_CV0,2,1,1,1,1,0,2,0,2
6,-487717.4659,-729240.3386,Age0_F6_m40f40_P6_Y7_UO1909,ID40_F57_m90f90_P86_Y5_UO4185,I40_F99_m23f23_P57_Y5_UO1145,MXY,0,0.0,0,0,0.0,0,0,0,0.0,0.46875,1,P49_CV0,2,0,2,0,2,0,2,0,2
6,-487717.4659,-729240.3386,Age0_F6_m40f40_P6_Y7_UO1922,ID40_F6_m92f92_P57_Y4_UO4348,I40_F6_m50f50_P99_Y4_UO2417,FXX,0,0.0,0,0,0.0,0,0,0,0.0,0.6875,1,P49_CV0,2,2,0,2,0,0,2,0,2
6,-487717.4659,-729240.3386,Age0_F6_m40f40_P6_Y7_UO1926,I40_F6_m92f92_P6_Y4_UO4304,I40_F27_m58f58_P6_Y4_UO2766,MXY,0,0.0,0,0,0.0,0,0,0,0.0,0.53125,1,P49_CV0,2,2,0,1,1,0,2,0,2
6,-487717.4659,-729240.3386,Age0_F6_m40f40_P6_Y7_UO1937,ID40_F6_m50f50_P27_Y3_UO2399,ID40_F99_m45f45_P6_Y5_UO2196,FXX,0,0.0,0,0,0.0,0,0,0,0.0,0.5625,1,P49_CV0,2,1,1,1,1,0,2,0,2
6,-487717.4659,-729240.3386,Age0_F6_m40f40_P6_Y7_UO1945,I40_F99_m40f40_P99_Y2_UO1880,I40_F6_m-1f-1_P40_Y-1_U207,MXY,0,0.0,0,0,0.0,0,0,0,0.0,0.375,1,P49_CV0,2,1,1,1,1,0,2,0,2
6,-487717.4659,-729240.3386,Age0_F6_m40f40_P6_Y7_UO1954,I40_F27_m50f50_P99_Y1_UO2270,I40_F57_m92f92_P57_Y1_UO4137,FXX,0,0.0,0,0,0.0,0,0,0,0.0,0.625,1,P49_CV0,2,1,1,1,1,0,2,0,2
6,-487717.4659,-729240.3386,Age0_F6_m42f42_P6_Y7_UO2040,I42_F99_m5f5_P81_Y1_UO268,I42_F99_m50f50_P99_Y2_UO2458,FXX,0,0.0,0,0,0.0,0,0,0,0.0,0.5,1,P49_CV0,2,2,0,2,0,0,2,0,2
6,-487717.4659,-729240.3386,Age0_F6_m45f45_P6_Y7_UO2244,I45_F86_m-1f-1_P40_Y-1_U182,I45_F57_m40f40_P6_Y1_UO1780,MXY,0,0.0,0,0,0.0,0,0,0,0.0,0.375,1,P49_CV0,2,1,1,0,2,0,2,0,2
6,-487717.4659,-729240.3386,Age0_F6_m50f50_P6_Y7_UO2478,I50_F99_m-1f-1_P50_Y-1_U68,I50_F27_m92f92_P27_Y5_UO4348,FXX,0,0.0,0,0,0.0,0,0,0,0.0,0.5625,1,P49_CV0,2,1,1,1,1,0,2,0,2
6,-487717.4659,-729240.3386,Age0_F6_m58f58_P6_Y7_UO2721,ID58_F81_m80f80_P81_Y3_UO3673,ID58_F99_m50f50_P99_Y0_UO2601,MXY,0,0.0,0,0,0.0,0,0,0,0.0,0.5,1,P49_CV0,2,0,2,1,1,0,2,0,2
6,-487717.4659,-729240.3386,Age0_F6_m90f90_P6_Y7_UO4209,I90_F86_m90f90_P27_Y5_UO4172,I90_F27_m23f23_P27_Y3_UO1134,MXY,0,0.0,0,0,0.0,0,0,0,0.0,0.46875,1,P49_CV0,2,1,1,2,0,0,2,0,2
6,-487717.4659,-729240.3386,Age0_F6_m92f92_P6_Y7_UO4386,ID92_F6_m25f25_P8_Y3_UO1313,ID92_F6_m50f50_P57_Y5_UO2388,MXY,0,0.0,0,0,0.0,0,0,0,0.0,0.4375,1,P49_CV0,2,1,1,1,1,0,2,0,2
6,-487717.4659,-729240.3386,Age0_F6_m92f92_P6_Y7_UO4394,I92_F6_m50f50_P99_Y3_UO2390,I92_F6_m40f40_P6_Y4_UO1901,MXY,0,0.0,0,0,0.0,0,0,0,0.0,0.53125,1,P49_CV0,2,1,1,0,2,0,2,0,2
6,-487717.4659,-729240.3386,E6_F23_m50f50_P6_Y6_UO2420,I50_F99_m92f92_P99_Y4_UO4333,I50_F99_m-1f-1_P50_Y-1_U144,FXX,1,0.0,1,1,1.0,0,0,0,-9999.0,0.5625,1,P49_CV0,2,1,1,1,1,0,2,0,2
6,-487717.4659,-729240.3386,E6_F40_m40f40_P6_Y6_UO1943,ID40_F6_m45f45_P6_Y3_UO2152,ID40_F57_m-1f-1_P50_Y-1_U4,FXX,1,0.0,1,1,1.0,0,0,0,-9999.0,0.625,1,P49_CV0,2,1,1,1,1,0,2,0,2
6,-487717.4659,-729240.3386,E6_F40_m40f40_P57_Y6_UO1969,I40_F6_m92f92_P57_Y0_UO4653,I40_F27_m92f92_P6_Y2_UO4281,FXX,1,0.0,1,1,1.0,0,0,0,-9999.0,0.5,1,P49_CV0,2,1,1,2,0,0,2,0,2
6,-487717.4659,-729240.3386,E6_F42_m50f50_P99_Y6_UO2489,I50_F99_m-1f-1_P50_Y-1_U51,I50_F99_m92f92_P99_Y4_UO4281,FXX,1,0.0,1,1,1.0,0,0,0,-9999.0,0.65625,1,P49_CV0,2,1,1,1,1,0,2,0,2
6,-487717.4659,-729240.3386,E6_F45_m92f92_P6_Y6_UO4380,I92_F6_m92f92_P6_Y4_UO4376,I92_F99_m23f23_P57_Y4_UO1162,MXY,1,0.0,1,1,0.0,0,0,0,-9999.0,0.375,1,P49_CV0,2,1,1,0,2,0,2,0,2
6,-487717.4659,-729240.3386,E6_F45_m92f92_P99_Y6_UO4357,ID92_F57_m50f50_P99_Y4_UO2363,I92_F57_m58f58_P6_Y1_UO2648,MXY,1,0.0,1,1,0.0,0,0,0,-9999.0,0.5,1,P49_CV0,2,2,0,1,1,0,2,0,2
6,-487717.4659,-729240.3386,E6_F50_m42f42_P99_Y6_UO2041,I42_F99_m50f50_P99_Y2_UO2387,I42_F99_m-1f-1_P50_Y-1_U211,FXX,1,0.0,1,1,1.0,0,0,0,-9999.0,0.875,1,P49_CV0,2,1,1,2,0,0,2,0,2
6,-487717.4659,-729240.3386,E6_F90_m90f90_P35_Y6_UO4269,I90_F52_m58f58_P99_Y3_UO2741,ID90_F86_m23f23_P57_Y4_UO1153,MXY,1,0.0,1,1,0.0,0,0,0,-9999.0,0.28125,1,P49_CV0,2,1,1,0,2,0,2,0,2
6,-487717.4659,-729240.3386,E6_F92_m90f90_P6_Y6_UO4307,ID90_F76_m45f45_P86_Y1_UO2061,ID90_F86_m23f23_P57_Y4_UO1153,FXX,1,0.0,1,1,1.0,0,0,0,-9999.0,0.40625,1,P49_CV0,2,1,1,1,1,0,2,0,2
6,-487717.4659,-729240.3386,E6_F92_m23f23_P57_Y6_UO1181,I23_F27_m90f90_P35_Y3_UO4234,I23_F6_m92f92_P6_Y4_UO4298,MXY,1,0.0,1,1,0.0,0,0,0,-9999.0,0.6875,1,P49_CV0,2,1,1,1,1,0,2,0,2
6,-487717.4659,-729240.3386,E6_F92_m42f42_P57_Y6_UO2017,I42_F99_m42f42_P99_Y4_UO2012,I42_F99_m92f92_P99_Y4_UO4283,FXX,1,0.0,1,1,1.0,0,0,0,-9999.0,0.5,1,P49_CV0,2,1,1,2,0,0,2,0,2
6,-487717.4659,-729240.3386,E6_F92_m40f40_P99_Y6_UO1980,I40_F86_m-1f-1_P84_Y-1_U82,I40_F99_m92f92_P57_Y4_UO4275,FXX,1,0.0,1,1,1.0,0,0,0,-9999.0,0.375,1,P49_CV0,2,1,1,1,1,0,2,0,2
6,-487717.4659,-729240.3386,E6_F92_m50f50_P99_Y6_UO2444,ID50_F99_m40f40_P99_Y2_UO1918,I50_F99_m40f40_P57_Y4_UO1935,FXX,1,0.0,1,1,1.0,0,0,0,-9999.0,0.875,1,P49_CV0,2,2,0,1,1,0,2,0,2
6,-487717.4659,-729240.3386,E6_F92_m58f58_P99_Y6_UO2734,I58_F81_m50f50_P99_Y4_UO2424,ID58_F99_m-1f-1_P50_Y-1_U97,MXY,1,0.0,1,1,0.0,0,0,0,-9999.0,0.125,1,P49_CV0,2,1,1,2,0,0,2,0,2
6,-487717.4659,-729240.3386,E6_F40_m90f90_P86_Y5_UO4185,I90_F6_m12f12_P52_Y3_UO685,I90_F52_m45f45_P86_Y0_UO2288,FXX,2,0.0,1,0,1.0,0,0,0,-9999.0,0.375,1,P49_CV0,2,1,1,1,1,0,2,0,2
6,-487717.4659,-729240.3386,E6_F45_m50f50_P6_Y5_UO2438,I50_F99_m-1f-1_P50_Y-1_U82,I50_F99_m42f42_P99_Y2_UO2017,FXX,2,0.0,1,0,1.0,0,0,0,-9999.0,0.375,1,P49_CV0,2,1,1,2,0,0,2,0,2
6,-487717.4659,-729240.3386,E6_F45_m50f50_P6_Y5_UO2429,I50_F72_m50f50_P99_Y0_UO2612,I50_F99_m-1f-1_P50_Y-1_U0,FXX,2,0.0,1,0,1.0,0,0,0,-9999.0,0.75,1,P49_CV0,2,2,0,2,0,0,2,0,2
6,-487717.4659,-729240.3386,E6_F90_m90f90_P27_Y5_UO4172,I90_F6_m42f42_P6_Y3_UO2020,I90_F86_m50f50_P6_Y3_UO2425,FXX,2,0.0,1,0,1.0,0,0,0,-9999.0,0.4375,1,P49_CV0,2,2,0,1,1,0,2,0,2
6,-487717.4659,-729240.3386,E6_F92_m42f42_P99_Y5_UO2002,I42_F57_m50f50_P6_Y0_UO2579,I42_F99_m-1f-1_P42_Y-1_U170,MXY,2,0.0,1,0,0.0,0,0,0,-9999.0,0.5,1,P49_CV0,2,1,1,1,1,0,2,0,2
6,-487717.4659,-729240.3386,E6_F92_m42f42_P99_Y5_UO2039,I42_F99_m-1f-1_P50_Y-1_U156,ID42_F99_m40f40_P99_Y3_UO1893,MXY,2,0.0,1,0,0.0,0,0,0,-9999.0,0.375,1,P49_CV0,2,1,1,0,2,0,2,0,2
6,-487717.4659,-729240.3386,E6_F92_m50f50_P99_Y5_UO2418,ID50_F99_m50f50_P99_Y1_UO2299,ID50_F99_m92f92_P27_Y3_UO4344,MXY,2,0.0,1,0,0.0,0,0,0,-9999.0,0.25,1,P49_CV0,2,0,2,2,0,0,2,0,2
6,-487717.4659,-729240.3386,E6_F23_m92f92_P6_Y4_UO4384,I92_F57_m-1f-1_P50_Y-1_U104,I92_F99_m-1f-1_P92_Y-1_U151,MXY,3,0.0,1,0,0.0,0,0,0,-9999.0,0.25,1,P49_CV0,2,0,2,1,1,0,2,0,2
6,-487717.4659,-729240.3386,E6_F40_m92f92_P6_Y4_UO4304,I92_F57_m58f58_P99_Y2_UO2714,ID92_F76_m46f46_P86_Y2_UO2286,FXX,3,0.0,1,0,1.0,0,0,0,-9999.0,0.4375,1,P49_CV0,2,1,1,0,2,0,2,0,2
6,-487717.4659,-729240.3386,E6_F40_m50f50_P57_Y4_UO2355,I50_F99_m42f42_P99_Y2_UO1960,I50_F99_m-1f-1_P50_Y-1_U1,MXY,3,0.0,1,0,0.0,0,0,0,-9999.0,0.375,1,P49_CV0,2,1,1,1,1,0,2,0,2
6,-487717.4659,-729240.3386,E6_F50_m42f42_P99_Y4_UO1991,I42_F99_m-1f-1_P50_Y-1_U131,ID42_F81_m47f47_P81_Y0_UO2430,FXX,3,0.0,1,0,1.0,0,0,0,-9999.0,0.5,1,P49_CV0,2,0,2,0,2,0,2,0,2
6,-487717.4659,-729240.3386,E6_F92_m42f42_P99_Y4_UO2024,I42_F99_m-1f-1_P50_Y-1_U187,I42_F99_m-1f-1_P50_Y-1_U211,FXX,3,0.0,1,0,1.0,0,0,0,-9999.0,1.0,1,P49_CV0,2,2,0,1,1,0,2,0,2
6,-487717.4659,-729240.3386,E6_F92_m42f42_P99_Y4_UO1965,I42_F99_m50f50_P99_Y1_UO2272,I42_F99_m50f50_P27_Y2_UO2410,MXY,3,0.0,1,0,0.0,0,0,0,-9999.0,0.5,1,P49_CV0,2,0,2,1,1,0,2,0,2
6,-487717.4659,-729240.3386,E6_F92_m23f23_P57_Y4_UO1162,I23_F27_m45f45_P86_Y1_UO2020,ID23_F99_m-1f-1_P50_Y-1_U112,MXY,3,0.0,1,0,0.0,0,0,0,-9999.0,0.25,1,P49_CV0,2,1,1,1,1,0,2,0,2
6,-487717.4659,-729240.3386,E6_F40_m92f92_P57_Y3_UO4276,ID92_F99_m92f92_P6_Y1_UO4106,ID92_F99_m-1f-1_P50_Y-1_U189,FXX,4,0.0,1,0,1.0,0,0,0,-9999.0,0.25,1,P49_CV0,2,0,2,0,2,0,2,0,2
6,-487717.4659,-729240.3386,E6_F40_m50f50_P27_Y3_UO2399,I50_F99_m-1f-1_P50_Y-1_U121,I50_F99_m-1f-1_P50_Y-1_U239,FXX,4,0.0,1,0,1.0,0,0,0,-9999.0,0.25,1,P49_CV0,2,0,2,1,1,0,2,0,2
6,-487717.4659,-729240.3386,E6_F42_m92f92_P6_Y3_UO4268,I92_F57_m50f50_P99_Y1_UO2328,I92_F27_m-1f-1_P92_Y-1_U202,MXY,4,0.0,1,0,0.0,0,0,0,-9999.0,0.375,1,P49_CV0,2,1,1,1,1,0,2,0,2
6,-487717.4659,-729240.3386,E6_F92_m50f50_P99_Y3_UO2390,I50_F99_m50f50_P99_Y0_UO2572,I50_F99_m-1f-1_P50_Y-1_U116,FXX,4,0.0,1,0,1.0,0,0,0,-9999.0,0.75,1,P49_CV0,2,1,1,0,2,0,2,0,2
6,-487717.4659,-729240.3386,E6_F40_m40f40_P99_Y2_UO1880,ID40_F81_m-1f-1_P58_Y-1_U72,ID40_F99_m-1f-1_P50_Y-1_U166,FXX,5,0.0,1,0,1.0,0,0,0,-9999.0,0.25,1,P49_CV0,2,1,1,2,0,0,2,0,2
6,-487717.4659,-729240.3386,E6_F92_m42f42_P99_Y2_UO1937,I42_F57_m50f50_P99_Y0_UO2608,I42_F99_m-1f-1_P50_Y-1_U141,FXX,5,0.0,1,0,1.0,0,0,0,-9999.0,0.375,1,P49_CV0,2,1,1,2,0,0,2,0,2
6,-487717.4659,-729240.3386,E6_F40_m50f50_P99_Y1_UO2319,I50_F99_m-1f-1_P50_Y-1_U231,ID50_F81_m-1f-1_P58_Y-1_U9,FXX,6,0.0,1,0,1.0,0,0,0,-9999.0,0.5,1,P49_CV0,2,1,1,0,2,0,2,0,2
6,-487717.4659,-729240.3386,E6_F40_m50f50_P99_Y1_UO2321,I50_F57_m-1f-1_P50_Y-1_U49,I50_F99_m-1f-1_P50_Y-1_U37,MXY,6,0.0,1,0,0.0,0,0,0,-9999.0,0.75,1,P49_CV0,2,1,1,1,1,0,2,0,2
6,-487717.4659,-729240.3386,E6_F40_m50f50_P99_Y1_UO2270,I50_F99_m-1f-1_P50_Y-1_U107,ID50_F99_m-1f-1_P50_Y-1_U225,FXX,6,0.0,1,0,1.0,0,0,0,-9999.0,0.75,1,P49_CV0,2,1,1,1,1,0,2,0,2
6,-487717.4659,-729240.3386,E6_F42_m-1f-1_P50_Y-1_U108,-9999,-9999,FXX,9,0.0,1,0,1.0,0,0,0,-9999.0,0.0,1,P49_CV0,2,0,2,1,1,0,2,0,2
6,-487717.4659,-729240.3386,E6_F42_m-1f-1_P50_Y-1_U106,-9999,-9999,MXY,10,0.0,1,0,0.0,0,0,0,-9999.0,0.5,1,P49_CV0,2,1,1,0,2,0,2,0,2
6,-487717.4659,-729240.3386,E6_F50_m-1f-1_P50_Y-1_U68,-9999,-9999,FXX,10,0.0,1,0,1.0,0,0,0,-9999.0,1.0,1,P49_CV0,2,2,0,1,1,0,2,0,2
6,-487717.4659,-729240.3386,E6_F92_m-1f-1_P50_Y-1_U161,-9999,-9999,FXX,11,0.0,1,0,1.0,0,0,0,-9999.0,0.0,1,P49_CV0,2,0,2,1,1,0,2,0,2
6,-487717.4659,-729240.3386,E6_F50_m-1f-1_P50_Y-1_U51,-9999,-9999,FXX,13,0.0,1,0,1.0,0,0,0,-9999.0,1.0,1,P49_CV0,2,2,0,0,2,0,2,0,2
6,-487717.4659,-729240.3386,E6_F92_m-1f-1_P50_Y-1_U202,-9999,-9999,FXX,13,0.0,1,0,1.0,0,0,0,-9999.0,0.0,1,P49_CV0,2,0,2,1,1,0,2,0,2
6,-487717.4659,-729240.3386,E6_F94_m-1f-1_P50_Y-1_U114,-9999,-9999,MXY,13,0.0,1,0,0.0,0,0,0,-9999.0,0.0,1,P49_CV0,2,0,2,1,1,0,2,0,2
6,-487717.4659,-729240.3386,Age0_F6_m50f50_P6_Y7_UO2436,ID50_F99_m42f42_P99_Y3_UO2013,ID50_F81_m5f5_P81_Y3_UO379,MXY,0,0.0,0,0,0.0,0,0,0,0.0,0.4375,1,P4_CV0,2,2,0,1,1,0,2,0,2
6,-487717.4659,-729240.3386,Age0_F6_m92f92_P6_Y7_UO4333,I92_F6_m50f50_P99_Y5_UO2377,I92_F99_m23f23_P86_Y0_UO1263,MXY,0,0.0,0,0,0.0,0,0,0,0.0,0.625,1,P4_CV0,2,2,0,1,1,0,2,0,2
6,-487717.4659,-729240.3386,E6_F45_m92f92_P57_Y6_UO4438,I92_F57_m-1f-1_P5_Y-1_U223,I92_F99_m-1f-1_P5_Y-1_U73,MXY,1,0.0,1,1,0.0,0,0,0,-9999.0,0.5,1,P4_CV0,2,2,0,2,0,0,2,0,2
6,-487717.4659,-729240.3386,E6_F92_m50f50_P99_Y5_UO2377,I50_F6_m40f40_P99_Y3_UO1931,ID50_F57_m-1f-1_P5_Y-1_U191,FXX,2,0.0,1,0,1.0,0,0,0,-9999.0,0.5,1,P4_CV0,2,2,0,1,1,0,2,0,2
6,-487717.4659,-729240.3386,E6_F42_m58f58_P99_Y4_UO2701,I58_F72_m80f80_P81_Y2_UO3723,I58_F81_m-1f-1_P42_Y-1_U137,MXY,3,0.0,1,0,0.0,0,0,0,-9999.0,0.375,1,P4_CV0,2,0,2,1,1,0,2,0,2
6,-487717.4659,-729240.3386,Age0_F6_m23f23_P6_Y7_UO1192,I23_F35_m58f58_P57_Y1_UO2659,I23_F57_m90f90_P86_Y3_UO4184,MXY,0,0.0,0,0,0.0,0,0,0,0.0,0.4375,1,P57_CV0,2,2,0,0,2,0,2,0,2
6,-487717.4659,-729240.3386,Age0_F6_m40f40_P6_Y7_UO1897,I40_F6_m23f23_P57_Y5_UO1149,I40_F6_m58f58_P99_Y3_UO2731,FXX,0,0.0,0,0,0.0,0,0,0,0.0,0.5625,1,P57_CV0,2,2,0,1,1,0,2,0,2
6,-487717.4659,-729240.3386,Age0_F6_m40f40_P6_Y7_UO1904,I40_F6_m42f42_P99_Y5_UO1988,I40_F27_m58f58_P6_Y4_UO2766,MXY,0,0.0,0,0,0.0,0,0,0,0.0,0.625,1,P57_CV0,2,1,1,0,2,0,2,0,2
6,-487717.4659,-729240.3386,Age0_F6_m42f42_P6_Y7_UO1999,I42_F99_m42f42_P99_Y5_UO1977,I42_F99_m58f58_P81_Y3_UO2710,FXX,0,0.0,0,0,0.0,0,0,0,0.0,0.6875,1,P57_CV0,2,0,2,0,2,0,2,0,2
6,-487717.4659,-729240.3386,Age0_F6_m42f42_P6_Y7_UO2041,I42_F99_m92f92_P6_Y1_UO4124,I42_F99_m58f58_P99_Y0_UO3025,FXX,0,0.0,0,0,0.0,0,0,0,0.0,0.5,1,P57_CV0,2,2,0,1,1,0,2,0,2
6,-487717.4659,-729240.3386,Age0_F6_m42f42_P6_Y7_UO2054,I42_F99_m-1f-1_P50_Y-1_U108,I42_F6_m42f42_P99_Y4_UO1954,MXY,0,0.0,0,0,0.0,0,0,0,0.0,0.125,1,P57_CV0,2,1,1,1,1,0,2,0,2
6,-487717.4659,-729240.3386,Age0_F6_m45f45_P6_Y7_UO2204,I45_F6_m40f40_P6_Y5_UO1928,ID45_F6_m23f23_P27_Y5_UO1202,MXY,0,0.0,0,0,0.0,0,0,0,0.0,0.375,1,P57_CV0,2,0,2,0,2,0,2,0,2
6,-487717.4659,-729240.3386,Age0_F6_m45f45_P6_Y7_UO2246,ID45_F57_m-1f-1_P58_Y-1_U72,I45_F6_m42f42_P57_Y5_UO2025,FXX,0,0.0,0,0,0.0,0,0,0,0.0,0.3125,1,P57_CV0,2,0,2,2,0,0,2,0,2
6,-487717.4659,-729240.3386,Age0_F6_m50f50_P6_Y7_UO2433,I50_F99_m42f42_P99_Y4_UO1991,I50_F99_m40f40_P99_Y3_UO1937,FXX,0,0.0,0,0,0.0,0,0,0,0.0,0.5,1,P57_CV0,2,1,1,0,2,0,2,0,2
6,-487717.4659,-729240.3386,Age0_F6_m50f50_P6_Y7_UO2465,ID50_F99_m58f58_P99_Y0_UO2994,ID50_F6_m65f65_P68_Y1_UO2995,MXY,0,0.0,0,0,0.0,0,0,0,0.0,0.625,1,P57_CV0,2,1,1,0,2,0,2,0,2
6,-487717.4659,-729240.3386,Age0_F6_m50f50_P6_Y7_UO2477,I50_F57_m-1f-1_P58_Y-1_U117,ID50_F81_m58f58_P81_Y2_UO2753,MXY,0,0.0,0,0,0.0,0,0,0,0.0,0.625,1,P57_CV0,2,1,1,1,1,0,2,0,2
6,-487717.4659,-729240.3386,Age0_F6_m92f92_P6_Y7_UO4326,I92_F6_m92f92_P57_Y5_UO4327,I92_F99_m58f58_P99_Y3_UO2772,FXX,0,0.0,0,0,0.0,0,0,0,0.0,0.6875,1,P57_CV0,2,2,0,1,1,0,2,0,2
6,-487717.4659,-729240.3386,Age0_F6_m92f92_P6_Y7_UO4367,I92_F99_m42f42_P99_Y4_UO1982,I92_F6_m92f92_P6_Y3_UO4346,FXX,0,0.0,0,0,0.0,0,0,0,0.0,0.625,1,P57_CV0,2,2,0,1,1,0,2,0,2
6,-487717.4659,-729240.3386,Age0_F6_m92f92_P6_Y7_UO4368,ID92_F57_m50f50_P99_Y4_UO2405,I92_F6_m92f92_P6_Y3_UO4346,FXX,0,0.0,0,0,0.0,0,0,0,0.0,0.5,1,P57_CV0,2,0,2,1,1,0,2,0,2
6,-487717.4659,-729240.3386,Age0_F6_m92f92_P6_Y7_UO4385,I92_F6_m58f58_P99_Y3_UO2730,I92_F6_m42f42_P99_Y5_UO2051,FXX,0,0.0,0,0,0.0,0,0,0,0.0,0.4375,1,P57_CV0,2,2,0,1,1,0,2,0,2
6,-487717.4659,-729240.3386,Age0_F6_m92f92_P6_Y7_UO4416,I92_F57_m-1f-1_P58_Y-1_U211,I92_F6_m-1f-1_P58_Y-1_U231,FXX,0,0.0,0,0,0.0,0,0,0,0.0,0.5,1,P57_CV0,2,0,2,2,0,0,2,0,2
6,-487717.4659,-729240.3386,E6_F23_m40f40_P6_Y6_UO1978,I40_F6_m-1f-1_P58_Y-1_U10,I40_F98_m-1f-1_P92_Y-1_U242,FXX,1,0.0,1,1,1.0,0,0,0,-9999.0,0.5,1,P57_CV0,2,0,2,0,2,0,2,0,2
6,-487717.4659,-729240.3386,E6_F23_m58f58_P99_Y6_UO2738,ID58_F81_m58f58_P81_Y3_UO2708,I58_F81_m58f58_P99_Y2_UO2777,MXY,1,0.0,1,1,0.0,0,0,0,-9999.0,0.4375,1,P57_CV0,2,0,2,2,0,0,2,0,2
6,-487717.4659,-729240.3386,E6_F23_m42f42_P6_Y6_UO2085,I42_F57_m-1f-1_P50_Y-1_U161,ID42_F81_m5f5_P81_Y3_UO289,MXY,1,0.0,1,1,0.0,0,0,0,-9999.0,0.3125,1,P57_CV0,2,1,1,0,2,0,2,0,2
6,-487717.4659,-729240.3386,E6_F40_m40f40_P6_Y6_UO1963,ID40_F6_m58f58_P99_Y0_UO3010,ID40_F27_m92f92_P99_Y3_UO4330,MXY,1,0.0,1,1,0.0,0,0,0,-9999.0,0.625,1,P57_CV0,2,1,1,1,1,0,2,0,2
6,-487717.4659,-729240.3386,E6_F40_m90f90_P27_Y6_UO4218,I90_F27_m42f42_P99_Y4_UO2002,ID90_F57_m23f23_P57_Y3_UO1201,FXX,1,0.0,1,1,1.0,0,0,0,-9999.0,0.5625,1,P57_CV0,2,1,1,2,0,0,2,0,2
6,-487717.4659,-729240.3386,E6_F40_m42f42_P99_Y6_UO2053,I42_F99_m92f92_P6_Y1_UO4124,I42_F99_m42f42_P99_Y4_UO1954,FXX,1,0.0,1,1,1.0,0,0,0,-9999.0,0.375,1,P57_CV0,2,1,1,1,1,0,2,0,2
6,-487717.4659,-729240.3386,E6_F42_m42f42_P99_Y6_UO2018,ID42_F72_m92f92_P99_Y4_UO4300,ID42_F81_m5f5_P81_Y3_UO289,FXX,1,0.0,1,1,1.0,0,0,0,-9999.0,0.4375,1,P57_CV0,2,1,1,0,2,0,2,0,2
6,-487717.4659,-729240.3386,E6_F45_m50f50_P6_Y6_UO2480,I50_F99_m-1f-1_P94_Y-1_U72,I50_F6_m-1f-1_P58_Y-1_U167,MXY,1,0.0,1,1,0.0,0,0,0,-9999.0,0.75,1,P57_CV0,2,2,0,1,1,0,2,0,2
6,-487717.4659,-729240.3386,E6_F45_m92f92_P6_Y6_UO4345,I92_F57_m92f92_P6_Y4_UO4371,I92_F99_m50f50_P99_Y2_UO2423,MXY,1,0.0,1,1,0.0,0,0,0,-9999.0,0.4375,1,P57_CV0,2,2,0,0,2,0,2,0,2
6,-487717.4659,-729240.3386,E6_F50_m42f42_P99_Y6_UO2077,ID42_F72_m-1f-1_P58_Y-1_U129,ID42_F81_m-1f-1_P58_Y-1_U193,FXX,1,0.0,1,1,1.0,0,0,0,-9999.0,0.25,1,P57_CV0,2,0,2,0,2,0,2,0,2
6,-487717.4659,-729240.3386,E6_F50_m50f50_P99_Y6_UO2494,ID50_F81_m-1f-1_P58_Y-1_U224,I50_F99_m-1f-1_P50_Y-1_U216,MXY,1,0.0,1,1,0.0,0,0,0,-9999.0,1.0,1,P57_CV0,2,2,0,1,1,0,2,0,2
6,-487717.4659,-729240.3386,E6_F92_m50f50_P6_Y6_UO2471,I50_F99_m-1f-1_P58_Y-1_U37,I50_F6_m42f42_P99_Y3_UO2005,MXY,1,0.0,1,1,0.0,0,0,0,-9999.0,0.375,1,P57_CV0,2,1,1,2,0,0,2,0,2
6,-487717.4659,-729240.3386,E6_F92_m92f92_P6_Y6_UO4414,I92_F6_m42f42_P99_Y2_UO1940,ID92_F99_m90f90_P6_Y2_UO4265,MXY,1,0.0,1,1,0.0,0,0,0,-9999.0,0.5625,1,P57_CV0,2,2,0,1,1,0,2,0,2
6,-487717.4659,-729240.3386,E6_F92_m42f42_P57_Y6_UO2039,ID42_F81_m58f58_P81_Y2_UO2740,I42_F99_m-1f-1_P42_Y-1_U121,FXX,1,0.0,1,1,1.0,0,0,0,-9999.0,0.625,1,P57_CV0,2,1,1,2,0,0,2,0,2
6,-487717.4659,-729240.3386,E6_F92_m40f40_P99_Y6_UO1956,I40_F57_m50f50_P99_Y1_UO2307,I40_F6_m92f92_P6_Y4_UO4378,MXY,1,0.0,1,1,0.0,0,0,0,-9999.0,0.375,1,P57_CV0,2,1,1,1,1,0,2,0,2
6,-487717.4659,-729240.3386,E6_F92_m50f50_P99_Y6_UO2492,I50_F99_m-1f-1_P58_Y-1_U120,I50_F57_m42f42_P99_Y4_UO1946,MXY,1,0.0,1,1,0.0,0,0,0,-9999.0,0.5625,1,P57_CV0,2,1,1,0,2,0,2,0,2
6,-487717.4659,-729240.3386,E6_F92_m58f58_P99_Y6_UO2733,ID58_F81_m5f5_P81_Y4_UO300,I58_F99_m-1f-1_P58_Y-1_U135,FXX,1,0.0,1,1,1.0,0,0,0,-9999.0,0.8125,1,P57_CV0,2,1,1,1,1,0,2,0,2
6,-487717.4659,-729240.3386,E6_F40_m42f42_P99_Y5_UO1988,I42_F99_m42f42_P99_Y1_UO1867,I42_F99_m58f58_P99_Y0_UO3021,FXX,2,0.0,1,0,1.0,0,0,0,-9999.0,0.625,1,P57_CV0,2,1,1,1,1,0,2,0,2
6,-487717.4659,-729240.3386,E6_F42_m42f42_P99_Y5_UO1977,I42_F99_m42f42_P6_Y2_UO1957,ID42_F81_m-1f-1_P58_Y-1_U150,FXX,2,0.0,1,0,1.0,0,0,0,-9999.0,0.75,1,P57_CV0,2,1,1,1,1,0,2,0,2
6,-487717.4659,-729240.3386,E6_F42_m50f50_P99_Y5_UO2456,ID50_F6_m-1f-1_P58_Y-1_U176,I50_F99_m-1f-1_P50_Y-1_U175,MXY,2,0.0,1,0,0.0,0,0,0,-9999.0,0.25,1,P57_CV0,2,1,1,2,0,0,2,0,2
6,-487717.4659,-729240.3386,E6_F45_m40f40_P6_Y5_UO1928,I40_F57_m58f58_P6_Y0_UO2930,I40_F99_m-1f-1_P40_Y-1_U207,FXX,2,0.0,1,0,1.0,0,0,0,-9999.0,0.375,1,P57_CV0,2,0,2,1,1,0,2,0,2
6,-487717.4659,-729240.3386,E6_F50_m92f92_P99_Y5_UO4321,ID92_F99_m42f42_P6_Y3_UO2017,I92_F99_m90f90_P6_Y0_UO4517,MXY,2,0.0,1,0,0.0,0,0,0,-9999.0,0.125,1,P57_CV0,2,0,2,0,2,0,2,0,2
6,-487717.4659,-729240.3386,E6_F40_m50f50_P6_Y4_UO2418,I50_F99_m-1f-1_P58_Y-1_U103,I50_F99_m-1f-1_P50_Y-1_U0,FXX,3,0.0,1,0,1.0,0,0,0,-9999.0,1.0,1,P57_CV0,2,2,0,1,1,0,2,0,2
6,-487717.4659,-729240.3386,E6_F40_m92f92_P6_Y4_UO4364,I92_F99_m-1f-1_P58_Y-1_U211,I92_F6_m45f45_P6_Y1_UO1980,MXY,3,0.0,1,0,0.0,0,0,0,-9999.0,0.375,1,P57_CV0,2,1,1,2,0,0,2,0,2
6,-487717.4659,-729240.3386,E6_F40_m42f42_P6_Y4_UO2009,I42_F99_m-1f-1_P58_Y-1_U46,ID42_F99_m45f45_P57_Y1_UO2057,FXX,3,0.0,1,0,1.0,0,0,0,-9999.0,0.375,1,P57_CV0,2,0,2,1,1,0,2,0,2
6,-487717.4659,-729240.3386,E6_F42_m94f94_P81_Y4_UO4455,I94_F99_m-1f-1_P94_Y-1_U161,I94_F81_m58f58_P99_Y0_UO3017,FXX,3,0.0,1,0,1.0,0,0,0,-9999.0,0.5,1,P57_CV0,2,1,1,2,0,0,2,0,2
6,-487717.4659,-729240.3386,E6_F92_m50f50_P99_Y4_UO2343,I50_F99_m42f42_P57_Y2_UO2013,ID50_F99_m-1f-1_P58_Y-1_U202,MXY,3,0.0,1,0,0.0,0,0,0,-9999.0,0.375,1,P57_CV0,2,0,2,1,1,0,2,0,2
6,-487717.4659,-729240.3386,E6_F92_m92f92_P6_Y4_UO4279,I92_F99_m42f42_P99_Y2_UO1940,I92_F57_m-1f-1_P92_Y-1_U104,MXY,3,0.0,1,0,0.0,0,0,0,-9999.0,0.5625,1,P57_CV0,2,2,0,2,0,0,2,0,2
6,-487717.4659,-729240.3386,E6_F40_m50f50_P99_Y3_UO2443,I50_F99_m-1f-1_P58_Y-1_U112,ID50_F81_m-1f-1_P50_Y-1_U115,MXY,4,0.0,1,0,0.0,0,0,0,-9999.0,0.25,1,P57_CV0,2,1,1,0,2,0,2,0,2
6,-487717.4659,-729240.3386,E6_F42_m42f42_P99_Y3_UO1964,I42_F99_m58f58_P99_Y0_UO2958,I42_F72_m23f23_P27_Y0_UO1267,FXX,4,0.0,1,0,1.0,0,0,0,-9999.0,0.625,1,P57_CV0,2,2,0,2,0,0,2,0,2
6,-487717.4659,-729240.3386,E6_F50_m40f40_P99_Y3_UO1937,ID40_F68_m-1f-1_P45_Y-1_U77,ID40_F6_m-1f-1_P58_Y-1_U133,MXY,4,0.0,1,0,0.0,0,0,0,-9999.0,0.5,1,P57_CV0,2,1,1,0,2,0,2,0,2
6,-487717.4659,-729240.3386,E6_F50_m42f42_P99_Y3_UO1995,I42_F99_m-1f-1_P58_Y-1_U238,I42_F72_m45f45_P57_Y0_UO2277,FXX,4,0.0,1,0,1.0,0,0,0,-9999.0,0.375,1,P57_CV0,2,1,1,0,2,0,2,0,2
6,-487717.4659,-729240.3386,E6_F58_m80f80_P81_Y3_UO3673,I80_F81_m58f58_P81_Y0_UO2965,ID80_F81_m58f58_P81_Y1_UO2598,FXX,4,0.0,1,0,1.0,0,0,0,-9999.0,0.5,1,P57_CV0,2,1,1,2,0,0,2,0,2
6,-487717.4659,-729240.3386,E6_F92_m58f58_P99_Y3_UO2730,I58_F99_m-1f-1_P58_Y-1_U10,ID58_F99_m-1f-1_P42_Y-1_U202,FXX,4,0.0,1,0,1.0,0,0,0,-9999.0,0.5,1,P57_CV0,2,1,1,1,1,0,2,0,2
6,-487717.4659,-729240.3386,E6_F50_m58f58_P81_Y2_UO2753,I58_F99_m-1f-1_P94_Y-1_U44,ID58_F99_m-1f-1_P58_Y-1_U55,MXY,5,0.0,1,0,0.0,0,0,0,-9999.0,0.25,1,P57_CV0,2,1,1,2,0,0,2,0,2
6,-487717.4659,-729240.3386,E6_F23_m58f58_P57_Y1_UO2659,ID58_F81_m-1f-1_P94_Y-1_U48,I58_F99_m-1f-1_P58_Y-1_U164,FXX,6,0.0,1,0,1.0,0,0,0,-9999.0,0.5,1,P57_CV0,2,1,1,1,1,0,2,0,2
6,-487717.4659,-729240.3386,E6_F23_m58f58_P6_Y1_UO2648,I58_F27_m-1f-1_P58_Y-1_U211,I58_F99_m-1f-1_P58_Y-1_U36,MXY,6,0.0,1,0,0.0,0,0,0,-9999.0,0.5,1,P57_CV0,2,1,1,2,0,0,2,0,2
6,-487717.4659,-729240.3386,E6_F42_m58f58_P99_Y0_UO2962,R58_F58_m-1f-1_P58_Y-1_U87,R58_F58_m-1f-1_P58_Y-1_U23,FXX,7,0.0,1,0,1.0,0,0,0,-9999.0,0.5,1,P57_CV0,2,1,1,1,1,0,2,0,2
6,-487717.4659,-729240.3386,E6_F50_m58f58_P99_Y0_UO2994,R58_F58_m-1f-1_P58_Y-1_U153,R58_F58_m-1f-1_P58_Y-1_U16,FXX,7,0.0,1,0,1.0,0,0,0,-9999.0,0.5,1,P57_CV0,2,0,2,0,2,0,2,0,2
6,-487717.4659,-729240.3386,E6_F58_m-1f-1_P58_Y-1_U100,-9999,-9999,MXY,8,0.0,1,0,0.0,0,0,0,-9999.0,0.5,1,P57_CV0,2,1,1,0,2,0,2,0,2
6,-487717.4659,-729240.3386,E6_F45_m-1f-1_P58_Y-1_U72,-9999,-9999,FXX,9,0.0,1,0,1.0,0,0,0,-9999.0,0.0,1,P57_CV0,2,0,2,2,0,0,2,0,2
6,-487717.4659,-729240.3386,E6_F50_m-1f-1_P58_Y-1_U117,-9999,-9999,FXX,10,0.0,1,0,1.0,0,0,0,-9999.0,1.0,1,P57_CV0,2,2,0,0,2,0,2,0,2
6,-487717.4659,-729240.3386,E6_F92_m-1f-1_P58_Y-1_U211,-9999,-9999,FXX,11,0.0,1,0,1.0,0,0,0,-9999.0,0.5,1,P57_CV0,2,1,1,1,1,0,2,0,2
6,-487717.4659,-729240.3386,E6_F92_m-1f-1_P58_Y-1_U67,-9999,-9999,MXY,12,0.0,1,0,0.0,0,0,0,-9999.0,0.0,1,P57_CV0,2,0,2,2,0,0,2,0,2
6,-487717.4659,-729240.3386,Age0_F6_m45f45_P6_Y7_UO2203,I45_F8_m92f92_P57_Y5_UO4405,I45_F68_m25f25_P8_Y4_UO1244,FXX,0,0.0,0,0,0.0,0,0,0,0.0,0.53125,1,P62_CV0,2,1,1,0,2,0,2,0,2
6,-487717.4659,-729240.3386,Age0_F6_m45f45_P6_Y7_UO2249,I45_F27_m-1f-1_P45_Y-1_U236,I45_F57_m65f65_P8_Y5_UO3170,MXY,0,0.0,0,0,0.0,0,0,0,0.0,0.6875,1,P62_CV0,2,1,1,1,1,0,2,0,2
6,-487717.4659,-729240.3386,E6_F45_m23f23_P57_Y6_UO1149,I23_F27_m90f90_P35_Y4_UO4170,ID23_F57_m45f45_P57_Y4_UO2133,MXY,1,0.0,1,1,0.0,0,0,0,-9999.0,0.59375,1,P62_CV0,2,1,1,1,1,0,2,0,2
6,-487717.4659,-729240.3386,E6_F45_m31f31_P68_Y2_UO1485,I31_F68_m-1f-1_P84_Y-1_U78,I31_F68_m63f63_P8_Y0_UO3326,MXY,5,0.0,1,0,0.0,0,0,0,-9999.0,0.375,1,P62_CV0,2,1,1,2,0,0,2,0,2
6,-487717.4659,-729240.3386,Age0_F6_m40f40_P6_Y7_UO1988,I40_F98_m-1f-1_P65_Y-1_U17,I40_F8_m42f42_P57_Y4_UO1980,MXY,0,0.0,0,0,0.0,0,0,0,0.0,0.625,1,P64_CV0,2,1,1,1,1,0,2,0,2
6,-487717.4659,-729240.3386,E6_F40_m31f31_P8_Y6_UO1490,I31_F8_m90f90_P86_Y3_UO4181,I31_F68_m25f25_P68_Y4_UO1245,FXX,1,0.0,1,1,1.0,0,0,0,-9999.0,0.5,1,P64_CV0,2,2,0,1,1,0,2,0,2
6,-487717.4659,-729240.3386,E6_F92_m63f63_P6_Y6_UO3041,I63_F68_m65f65_P8_Y3_UO3140,I63_F8_m31f31_P8_Y4_UO1525,FXX,1,0.0,1,1,1.0,0,0,0,-9999.0,0.4375,1,P64_CV0,2,1,1,0,2,0,2,0,2
6,-487717.4659,-729240.3386,E6_F90_m45f45_P57_Y5_UO2188,I45_F57_m65f65_P98_Y0_UO3358,ID45_F68_m63f63_P68_Y3_UO3061,FXX,2,0.0,1,0,1.0,0,0,0,-9999.0,0.3125,1,P64_CV0,2,0,2,1,1,0,2,0,2
6,-487717.4659,-729240.3386,E6_F45_m63f63_P68_Y3_UO3061,I63_F69_m-1f-1_P63_Y-1_U51,I63_F6_m65f65_P8_Y1_UO3005,MXY,4,0.0,1,0,0.0,0,0,0,-9999.0,0.125,1,P64_CV0,2,0,2,2,0,0,2,0,2
6,-487717.4659,-729240.3386,E6_F40_m65f65_P8_Y0_UO3380,R65_F65_m-1f-1_P65_Y-1_U120,R65_F65_m-1f-1_P65_Y-1_U188,FXX,7,0.0,1,0,1.0,0,0,0,-9999.0,0.25,1,P64_CV0,2,1,1,0,2,0,2,0,2
6,-487717.4659,-729240.3386,E6_F40_m-1f-1_P65_Y-1_U17,-9999,-9999,FXX,15,0.0,1,0,1.0,0,0,0,-9999.0,0.5,1,P64_CV0,2,1,1,1,1,0,2,0,2
6,-487717.4659,-729240.3386,E6_F23_m46f46_P86_Y6_UO2310,ID46_F52_m12f12_P86_Y2_UO719,I46_F52_m7f7_P38_Y0_UO469,FXX,1,0.0,1,1,1.0,0,0,0,-9999.0,0.4375,1,P6_CV0,2,0,2,1,1,0,2,0,2
6,-487717.4659,-729240.3386,E6_F40_m30f30_P35_Y6_UO1464,I30_F52_m-1f-1_P30_Y-1_U59,I30_F52_m7f7_P74_Y4_UO482,MXY,1,0.0,1,1,0.0,0,0,0,-9999.0,0.875,1,P6_CV0,2,2,0,2,0,0,2,0,2
6,-487717.4659,-729240.3386,E6_F90_m30f30_P52_Y6_UO1426,ID30_F13_m78f78_P93_Y1_UO3316,I30_F38_m7f7_P38_Y1_UO382,MXY,1,0.0,1,1,0.0,0,0,0,-9999.0,0.75,1,P6_CV0,2,2,0,0,2,0,2,0,2
6,-487717.4659,-729240.3386,E6_F45_m7f7_P86_Y4_UO500,I7_F38_m-1f-1_P7_Y-1_U154,I7_F74_m37f37_P38_Y2_UO1724,MXY,3,0.0,1,0,0.0,0,0,0,-9999.0,0.625,1,P6_CV0,2,1,1,1,1,0,2,0,2
6,-487717.4659,-729240.3386,Age0_F6_m45f45_P6_Y7_UO2226,I45_F57_m25f25_P8_Y2_UO1248,ID45_F86_m78f78_P93_Y0_UO3753,FXX,0,0.0,0,0,0.0,0,0,0,0.0,0.4375,1,P77_CV0,2,1,1,1,1,0,2,0,2
6,-487717.4659,-729240.3386,Age0_F6_m90f90_P6_Y7_UO4236,ID90_F86_m46f46_P35_Y4_UO2212,I90_F52_m45f45_P86_Y3_UO2208,FXX,0,0.0,0,0,0.0,0,0,0,0.0,0.75,1,P77_CV0,2,2,0,2,0,0,2,0,2
6,-487717.4659,-729240.3386,E6_F90_m46f46_P52_Y5_UO2287,ID46_F38_m30f30_P52_Y0_UO1503,I46_F52_m78f78_P93_Y0_UO3753,MXY,2,0.0,1,0,0.0,0,0,0,-9999.0,0.625,1,P77_CV0,2,2,0,1,1,0,2,0,2
6,-487717.4659,-729240.3386,E6_F90_m46f46_P35_Y4_UO2212,ID46_F13_m23f23_P86_Y2_UO1214,I46_F52_m78f78_P93_Y0_UO3753,FXX,3,0.0,1,0,1.0,0,0,0,-9999.0,0.5,1,P77_CV0,2,2,0,2,0,0,2,0,2
6,-487717.4659,-729240.3386,E6_F90_m12f12_P52_Y3_UO680,I12_F86_m78f78_P93_Y0_UO3771,I12_F86_m-1f-1_P12_Y-1_U40,MXY,4,0.0,1,0,0.0,0,0,0,-9999.0,0.75,1,P77_CV0,2,1,1,1,1,0,2,0,2
6,-487717.4659,-729240.3386,E6_F90_m30f30_P52_Y2_UO1430,I30_F13_m-1f-1_P7_Y-1_U5,I30_F13_m78f78_P93_Y0_UO3790,FXX,5,0.0,1,0,1.0,0,0,0,-9999.0,0.625,1,P77_CV0,2,1,1,0,2,0,2,0,2
6,-487717.4659,-729240.3386,Age0_F6_m40f40_P6_Y7_UO1943,ID40_F99_m80f80_P72_Y2_UO3740,I40_F6_m92f92_P57_Y2_UO4318,MXY,0,0.0,0,0,0.0,0,0,0,0.0,0.625,1,P79_CV0,2,1,1,1,1,0,2,0,2
6,-487717.4659,-729240.3386,Age0_F6_m42f42_P6_Y7_UO1992,I42_F99_m42f42_P99_Y5_UO1987,ID42_F81_m80f80_P81_Y1_UO3525,FXX,0,0.0,0,0,0.0,0,0,0,0.0,0.4375,1,P79_CV0,2,1,1,0,2,0,2,0,2
6,-487717.4659,-729240.3386,Age0_F6_m42f42_P6_Y7_UO2044,ID42_F99_m58f58_P99_Y0_UO2962,I42_F27_m80f80_P72_Y2_UO3728,FXX,0,0.0,0,0,0.0,0,0,0,0.0,0.625,1,P79_CV0,2,2,0,2,0,0,2,0,2
6,-487717.4659,-729240.3386,Age0_F6_m50f50_P6_Y7_UO2430,ID50_F99_m58f58_P99_Y4_UO2749,ID50_F6_m90f90_P6_Y0_UO4517,FXX,0,0.0,0,0,0.0,0,0,0,0.0,0.375,1,P79_CV0,2,0,2,1,1,0,2,0,2
6,-487717.4659,-729240.3386,E6_F40_m58f58_P6_Y4_UO2766,I58_F81_m-1f-1_P42_Y-1_U100,ID58_F99_m80f80_P72_Y2_UO3733,MXY,3,0.0,1,0,0.0,0,0,0,-9999.0,0.625,1,P79_CV0,2,2,0,1,1,0,2,0,2
6,-487717.4659,-729240.3386,E6_F50_m58f58_P99_Y4_UO2749,ID58_F81_m-1f-1_P58_Y-1_U185,ID58_F81_m80f80_P72_Y1_UO3548,FXX,3,0.0,1,0,1.0,0,0,0,-9999.0,0.5,1,P79_CV0,2,1,1,2,0,0,2,0,2
6,-487717.4659,-729240.3386,E6_F92_m80f80_P81_Y3_UO3710,I80_F81_m-1f-1_P80_Y-1_U18,I80_F81_m47f47_P81_Y1_UO2182,FXX,4,0.0,1,0,1.0,0,0,0,-9999.0,0.25,1,P79_CV0,2,1,1,1,1,0,2,0,2
6,-487717.4659,-729240.3386,E6_F40_m80f80_P72_Y2_UO3740,I80_F81_m-1f-1_P5_Y-1_U16,I80_F81_m-1f-1_P80_Y-1_U42,FXX,5,0.0,1,0,1.0,0,0,0,-9999.0,0.5,1,P79_CV0,2,1,1,2,0,0,2,0,2
6,-487717.4659,-729240.3386,Age0_F6_m40f40_P6_Y7_UO1900,I40_F6_m92f92_P6_Y5_UO4403,ID40_F99_m84f84_P8_Y3_UO3886,MXY,0,0.0,0,0,0.0,0,0,0,0.0,0.59375,1,P83_CV0,2,1,1,2,0,0,2,0,2
6,-487717.4659,-729240.3386,Age0_F6_m45f45_P6_Y7_UO2255,I45_F57_m-1f-1_P84_Y-1_U137,I45_F6_m46f46_P52_Y2_UO2218,FXX,0,0.0,0,0,0.0,0,0,0,0.0,0.3125,1,P83_CV0,2,1,1,1,1,0,2,0,2
6,-487717.4659,-729240.3386,Age0_F6_m92f92_P6_Y7_UO4329,ID92_F57_m40f40_P6_Y5_UO1913,I92_F99_m23f23_P86_Y0_UO1263,MXY,0,0.0,0,0,0.0,0,0,0,0.0,0.65625,1,P83_CV0,2,0,2,2,0,0,2,0,2
6,-487717.4659,-729240.3386,E6_F92_m40f40_P6_Y5_UO1913,ID40_F6_m84f84_P8_Y1_UO3718,I40_F6_m90f90_P6_Y3_UO4223,FXX,2,0.0,1,0,1.0,0,0,0,-9999.0,0.5625,1,P83_CV0,2,0,2,2,0,0,2,0,2
6,-487717.4659,-729240.3386,E6_F45_m25f25_P8_Y2_UO1248,ID25_F48_m84f84_P68_Y0_UO4147,I25_F8_m85f85_P36_Y0_UO4272,FXX,5,0.0,1,0,1.0,0,0,0,-9999.0,0.375,1,P83_CV0,2,0,2,1,1,0,2,0,2
6,-487717.4659,-729240.3386,E6_F45_m-1f-1_P84_Y-1_U137,-9999,-9999,FXX,13,0.0,1,0,1.0,0,0,0,-9999.0,0.0,1,P83_CV0,2,0,2,0,2,0,2,0,2
6,-487717.4659,-729240.3386,E6_F45_m25f25_P68_Y6_UO1322,I25_F8_m65f65_P69_Y1_UO2960,I25_F68_m85f85_P68_Y2_UO3956,MXY,1,0.0,1,1,0.0,0,0,0,-9999.0,0.375,1,P84_CV0,2,1,1,2,0,0,2,0,2
6,-487717.4659,-729240.3386,Age0_F6_m12f12_P6_Y7_UO693,ID12_F86_m7f7_P13_Y5_UO423,I12_F52_m12f12_P52_Y5_UO782,FXX,0,0.0,0,0,0.0,0,0,0,0.0,0.5,1,P89_CV0,2,1,1,1,1,0,2,0,2
6,-487717.4659,-729240.3386,Age0_F6_m23f23_P6_Y7_UO1221,I23_F6_m-1f-1_P90_Y-1_U162,ID23_F86_m90f90_P57_Y5_UO4197,FXX,0,0.0,0,0,0.0,0,0,0,0.0,0.5625,1,P89_CV0,2,1,1,0,2,0,2,0,2
6,-487717.4659,-729240.3386,Age0_F6_m40f40_P6_Y7_UO1896,I40_F6_m40f40_P6_Y5_UO1951,ID40_F6_m45f45_P6_Y5_UO2168,MXY,0,0.0,0,0,0.0,0,0,0,0.0,0.4375,1,P89_CV0,2,1,1,1,1,0,2,0,2
6,-487717.4659,-729240.3386,Age0_F6_m40f40_P6_Y7_UO1934,I40_F6_m23f23_P99_Y3_UO1127,I40_F99_m50f50_P57_Y4_UO2355,FXX,0,0.0,0,0,0.0,0,0,0,0.0,0.375,1,P89_CV0,2,0,2,0,2,0,2,0,2
6,-487717.4659,-729240.3386,Age0_F6_m40f40_P6_Y7_UO1984,I40_F6_m-1f-1_P23_Y-1_U27,I40_F57_m45f45_P57_Y4_UO2151,MXY,0,0.0,0,0,0.0,0,0,0,0.0,0.5625,1,P89_CV0,2,1,1,0,2,0,2,0,2
6,-487717.4659,-729240.3386,Age0_F6_m42f42_P6_Y7_UO2027,I42_F99_m42f42_P99_Y3_UO1964,ID42_F99_m90f90_P6_Y2_UO4265,FXX,0,0.0,0,0,0.0,0,0,0,0.0,0.5625,1,P89_CV0,2,2,0,1,1,0,2,0,2
6,-487717.4659,-729240.3386,Age0_F6_m45f45_P6_Y7_UO2200,I45_F86_m50f50_P6_Y5_UO2429,I45_F86_m23f23_P52_Y3_UO1197,FXX,0,0.0,0,0,0.0,0,0,0,0.0,0.5625,1,P89_CV0,2,2,0,2,0,0,2,0,2
6,-487717.4659,-729240.3386,Age0_F6_m50f50_P6_Y7_UO2456,I50_F27_m42f42_P99_Y1_UO1846,I50_F99_m45f45_P6_Y5_UO2149,MXY,0,0.0,0,0,0.0,0,0,0,0.0,0.40625,1,P89_CV0,2,1,1,1,1,0,2,0,2
6,-487717.4659,-729240.3386,Age0_F6_m90f90_P6_Y7_UO4202,I90_F27_m23f23_P35_Y5_UO1183,ID90_F86_m30f30_P52_Y0_UO1521,FXX,0,0.0,0,0,0.0,0,0,0,0.0,0.5,1,P89_CV0,2,0,2,0,2,0,2,0,2
6,-487717.4659,-729240.3386,Age0_F6_m90f90_P6_Y7_UO4225,I90_F27_m45f45_P86_Y5_UO2179,ID90_F52_m90f90_P52_Y3_UO4237,MXY,0,0.0,0,0,0.0,0,0,0,0.0,0.46875,1,P89_CV0,2,1,1,1,1,0,2,0,2
6,-487717.4659,-729240.3386,Age0_F6_m90f90_P6_Y7_UO4226,I90_F52_m45f45_P57_Y5_UO2188,I90_F86_m-1f-1_P90_Y-1_U219,MXY,0,0.0,0,0,0.0,0,0,0,0.0,0.65625,1,P89_CV0,2,1,1,2,0,0,2,0,2
6,-487717.4659,-729240.3386,Age0_F6_m90f90_P6_Y7_UO4243,I90_F86_m92f92_P27_Y4_UO4337,I90_F86_m-1f-1_P90_Y-1_U163,MXY,0,0.0,0,0,0.0,0,0,0,0.0,0.1875,1,P89_CV0,2,1,1,0,2,0,2,0,2
6,-487717.4659,-729240.3386,Age0_F6_m90f90_P6_Y7_UO4252,I90_F99_m23f23_P27_Y4_UO1196,I90_F86_m-1f-1_P90_Y-1_U219,MXY,0,0.0,0,0,0.0,0,0,0,0.0,0.8125,1,P89_CV0,2,1,1,1,1,0,2,0,2
6,-487717.4659,-729240.3386,Age0_F6_m90f90_P6_Y7_UO4281,I90_F86_m30f30_P52_Y2_UO1376,I90_F86_m23f23_P57_Y5_UO1166,FXX,0,0.0,0,0,0.0,0,0,0,0.0,0.625,1,P89_CV0,2,2,0,2,0,0,2,0,2
6,-487717.4659,-729240.3386,Age0_F6_m90f90_P6_Y7_UO4290,I90_F57_m90f90_P86_Y1_UO4055,I90_F86_m-1f-1_P90_Y-1_U104,FXX,0,0.0,0,0,0.0,0,0,0,0.0,0.5,1,P89_CV0,2,1,1,1,1,0,2,0,2
6,-487717.4659,-729240.3386,Age0_F6_m90f90_P6_Y7_UO4312,ID90_F86_m-1f-1_P90_Y-1_U189,I90_F86_m-1f-1_P90_Y-1_U163,FXX,0,0.0,0,0,0.0,0,0,0,0.0,0.0,1,P89_CV0,2,0,2,0,2,0,2,0,2
6,-487717.4659,-729240.3386,Age0_F6_m90f90_P6_Y7_UO4317,I90_F86_m-1f-1_P40_Y-1_U173,I90_F27_m-1f-1_P90_Y-1_U105,FXX,0,0.0,0,0,0.0,0,0,0,0.0,0.5,1,P89_CV0,2,0,2,1,1,0,2,0,2
6,-487717.4659,-729240.3386,Age0_F6_m92f92_P6_Y7_UO4353,I92_F57_m42f42_P99_Y4_UO2024,ID92_F57_m90f90_P86_Y3_UO4206,FXX,0,0.0,0,0,0.0,0,0,0,0.0,0.5,1,P89_CV0,2,1,1,1,1,0,2,0,2
6,-487717.4659,-729240.3386,E6_F23_m45f45_P27_Y6_UO2211,ID45_F68_m85f85_P69_Y3_UO3907,ID45_F57_m90f90_P57_Y2_UO4238,MXY,1,0.0,1,1,0.0,0,0,0,-9999.0,0.5,1,P89_CV0,2,1,1,1,1,0,2,0,2
6,-487717.4659,-729240.3386,E6_F23_m23f23_P35_Y6_UO1180,I23_F6_m45f45_P86_Y3_UO2131,I23_F86_m23f23_P27_Y4_UO1222,MXY,1,0.0,1,1,0.0,0,0,0,-9999.0,0.5625,1,P89_CV0,2,1,1,1,1,0,2,0,2
6,-487717.4659,-729240.3386,E6_F23_m12f12_P86_Y6_UO744,I12_F52_m12f12_P52_Y1_UO618,I12_F86_m46f46_P52_Y3_UO2245,MXY,1,0.0,1,1,0.0,0,0,0,-9999.0,0.75,1,P89_CV0,2,2,0,0,2,0,2,0,2
6,-487717.4659,-729240.3386,E6_F40_m40f40_P6_Y6_UO1997,I40_F57_m-1f-1_P23_Y-1_U27,I40_F99_m40f40_P99_Y3_UO1899,FXX,1,0.0,1,1,1.0,0,0,0,-9999.0,0.5,1,P89_CV0,2,1,1,1,1,0,2,0,2
6,-487717.4659,-729240.3386,E6_F40_m23f23_P99_Y6_UO1144,I23_F86_m45f45_P86_Y4_UO2197,I23_F86_m23f23_P27_Y4_UO1222,MXY,1,0.0,1,1,0.0,0,0,0,-9999.0,0.5,1,P89_CV0,2,0,2,1,1,0,2,0,2
6,-487717.4659,-729240.3386,E6_F45_m92f92_P6_Y6_UO4428,I92_F57_m92f92_P99_Y0_UO4619,I92_F99_m23f23_P27_Y4_UO1202,MXY,1,0.0,1,1,0.0,0,0,0,-9999.0,0.5625,1,P89_CV0,2,1,1,1,1,0,2,0,2
6,-487717.4659,-729240.3386,E6_F90_m90f90_P86_Y6_UO4283,I90_F35_m12f12_P52_Y2_UO697,I90_F27_m-1f-1_P90_Y-1_U105,FXX,1,0.0,1,1,1.0,0,0,0,-9999.0,0.375,1,P89_CV0,2,0,2,0,2,0,2,0,2
6,-487717.4659,-729240.3386,E6_F90_m90f90_P86_Y6_UO4295,I90_F57_m30f30_P86_Y2_UO1448,ID90_F27_m23f23_P27_Y3_UO1134,MXY,1,0.0,1,1,0.0,0,0,0,-9999.0,0.75,1,P89_CV0,2,1,1,1,1,0,2,0,2
6,-487717.4659,-729240.3386,E6_F92_m90f90_P57_Y6_UO4277,I90_F86_m12f12_P52_Y2_UO674,ID90_F86_m90f90_P86_Y4_UO4269,FXX,1,0.0,1,1,1.0,0,0,0,-9999.0,0.28125,1,P89_CV0,2,1,1,1,1,0,2,0,2
6,-487717.4659,-729240.3386,E6_F92_m42f42_P99_Y6_UO2008,I42_F99_m50f50_P99_Y4_UO2347,I42_F99_m23f23_P27_Y4_UO1213,FXX,1,0.0,1,1,1.0,0,0,0,-9999.0,0.59375,1,P89_CV0,2,0,2,0,2,0,2,0,2
6,-487717.4659,-729240.3386,E6_F12_m12f12_P52_Y5_UO712,ID12_F86_m12f12_P86_Y3_UO684,ID12_F52_m-1f-1_P46_Y-1_U30,MXY,2,0.0,1,0,0.0,0,0,0,-9999.0,0.875,1,P89_CV0,2,1,1,1,1,0,2,0,2
6,-487717.4659,-729240.3386,E6_F40_m40f40_P6_Y5_UO1951,I40_F57_m-1f-1_P45_Y-1_U25,I40_F6_m45f45_P6_Y2_UO2142,FXX,2,0.0,1,0,1.0,0,0,0,-9999.0,0.5,1,P89_CV0,2,1,1,1,1,0,2,0,2
6,-487717.4659,-729240.3386,E6_F40_m23f23_P57_Y5_UO1195,I23_F6_m23f23_P27_Y1_UO1133,ID23_F6_m90f90_P57_Y2_UO4190,FXX,2,0.0,1,0,1.0,0,0,0,-9999.0,0.1875,1,P89_CV0,2,1,1,2,0,0,2,0,2
6,-487717.4659,-729240.3386,E6_F45_m40f40_P57_Y5_UO1908,ID40_F98_m25f25_P8_Y2_UO1337,I40_F6_m45f45_P6_Y2_UO2142,FXX,2,0.0,1,0,1.0,0,0,0,-9999.0,0.625,1,P89_CV0,2,1,1,1,1,0,2,0,2
6,-487717.4659,-729240.3386,E6_F90_m23f23_P35_Y5_UO1183,I23_F86_m90f90_P86_Y1_UO4006,ID23_F57_m-1f-1_P30_Y-1_U168,FXX,2,0.0,1,0,1.0,0,0,0,-9999.0,0.25,1,P89_CV0,2,0,2,1,1,0,2,0,2
6,-487717.4659,-729240.3386,E6_F90_m45f45_P86_Y5_UO2179,I45_F6_m92f92_P86_Y1_UO4095,I45_F57_m90f90_P6_Y2_UO4247,FXX,2,0.0,1,0,1.0,0,0,0,-9999.0,0.5625,1,P89_CV0,2,1,1,1,1,0,2,0,2
6,-487717.4659,-729240.3386,E6_F92_m90f90_P6_Y5_UO4264,I90_F86_m-1f-1_P90_Y-1_U158,I90_F52_m-1f-1_P23_Y-1_U168,MXY,2,0.0,1,0,0.0,0,0,0,-9999.0,0.25,1,P89_CV0,2,1,1,2,0,0,2,0,2
6,-487717.4659,-729240.3386,E6_F92_m23f23_P6_Y5_UO1136,I23_F6_m23f23_P57_Y3_UO1174,I23_F52_m12f12_P52_Y3_UO735,MXY,2,0.0,1,0,0.0,0,0,0,-9999.0,0.375,1,P89_CV0,2,0,2,1,1,0,2,0,2
6,-487717.4659,-729240.3386,E6_F92_m40f40_P99_Y5_UO1921,ID40_F6_m90f90_P57_Y0_UO4535,I40_F6_m12f12_P86_Y1_UO687,MXY,2,0.0,1,0,0.0,0,0,0,-9999.0,0.125,1,P89_CV0,2,0,2,1,1,0,2,0,2
6,-487717.4659,-729240.3386,E6_F40_m45f45_P57_Y4_UO2151,I45_F8_m23f23_P57_Y0_UO1236,I45_F86_m92f92_P86_Y2_UO4335,MXY,3,0.0,1,0,0.0,0,0,0,-9999.0,0.625,1,P89_CV0,2,2,0,1,1,0,2,0,2
6,-487717.4659,-729240.3386,E6_F40_m23f23_P99_Y3_UO1127,ID23_F86_m40f40_P57_Y1_UO1754,I23_F57_m90f90_P35_Y0_UO4540,FXX,4,0.0,1,0,1.0,0,0,0,-9999.0,0.375,1,P89_CV0,2,0,2,0,2,0,2,0,2
6,-487717.4659,-729240.3386,E6_F40_m40f40_P99_Y3_UO1899,I40_F6_m90f90_P6_Y0_UO4586,ID40_F6_m-1f-1_P92_Y-1_U15,MXY,4,0.0,1,0,0.0,0,0,0,-9999.0,0.5,1,P89_CV0,2,1,1,2,0,0,2,0,2
6,-487717.4659,-729240.3386,E6_F46_m90f90_P86_Y3_UO4219,I90_F86_m-1f-1_P90_Y-1_U157,I90_F52_m-1f-1_P90_Y-1_U0,MXY,4,0.0,1,0,0.0,0,0,0,-9999.0,0.5,1,P89_CV0,2,1,1,2,0,0,2,0,2
6,-487717.4659,-729240.3386,E6_F45_m90f90_P57_Y2_UO4238,I90_F52_m-1f-1_P90_Y-1_U162,I90_F52_m12f12_P86_Y0_UO702,MXY,5,0.0,1,0,0.0,0,0,0,-9999.0,0.625,1,P89_CV0,2,1,1,0,2,0,2,0,2
6,-487717.4659,-729240.3386,E6_F45_m90f90_P6_Y2_UO4247,I90_F57_m-1f-1_P90_Y-1_U33,I90_F35_m40f40_P6_Y0_UO1992,MXY,5,0.0,1,0,0.0,0,0,0,-9999.0,0.125,1,P89_CV0,2,0,2,0,2,0,2,0,2
6,-487717.4659,-729240.3386,E6_F92_m23f23_P27_Y2_UO1215,ID23_F57_m-1f-1_P90_Y-1_U73,I23_F86_m-1f-1_P23_Y-1_U148,MXY,5,0.0,1,0,0.0,0,0,0,-9999.0,0.75,1,P89_CV0,2,2,0,1,1,0,2,0,2
6,-487717.4659,-729240.3386,E6_F90_m90f90_P86_Y1_UO4055,I90_F57_m-1f-1_P90_Y-1_U76,I90_F52_m-1f-1_P90_Y-1_U115,FXX,6,0.0,1,0,1.0,0,0,0,-9999.0,0.0,1,P89_CV0,2,0,2,1,1,0,2,0,2
6,-487717.4659,-729240.3386,E6_F45_m90f90_P57_Y0_UO4533,R90_F90_m-1f-1_P90_Y-1_U76,R90_F90_m-1f-1_P90_Y-1_U10,FXX,7,0.0,1,0,1.0,0,0,0,-9999.0,0.0,1,P89_CV0,2,0,2,1,1,0,2,0,2
6,-487717.4659,-729240.3386,E6_F92_m90f90_P86_Y0_UO4557,R90_F90_m-1f-1_P90_Y-1_U120,R90_F90_m-1f-1_P90_Y-1_U3,MXY,7,0.0,1,0,0.0,0,0,0,-9999.0,0.25,1,P89_CV0,2,1,1,2,0,0,2,0,2
6,-487717.4659,-729240.3386,E6_F90_m-1f-1_P90_Y-1_U189,-9999,-9999,FXX,10,0.0,1,0,1.0,0,0,0,-9999.0,0.0,1,P89_CV0,2,0,2,1,1,0,2,0,2
6,-487717.4659,-729240.3386,E6_F23_m-1f-1_P90_Y-1_U162,-9999,-9999,FXX,11,0.0,1,0,1.0,0,0,0,-9999.0,0.5,1,P89_CV0,2,1,1,1,1,0,2,0,2
6,-487717.4659,-729240.3386,Age0_F6_m23f23_P6_Y7_UO1178,I23_F6_m40f40_P6_Y3_UO1896,I23_F76_m40f40_P6_Y5_UO1927,FXX,0,0.0,0,0,0.0,0,0,0,0.0,0.75,1,P91_CV0,2,2,0,0,2,0,2,0,2
6,-487717.4659,-729240.3386,Age0_F6_m23f23_P6_Y7_UO1180,I23_F35_m92f92_P27_Y2_UO4307,ID23_F86_m90f90_P57_Y5_UO4197,MXY,0,0.0,0,0,0.0,0,0,0,0.0,0.8125,1,P91_CV0,2,2,0,1,1,0,2,0,2
6,-487717.4659,-729240.3386,Age0_F6_m23f23_P6_Y7_UO1207,ID23_F57_m92f92_P6_Y0_UO4674,ID23_F35_m45f45_P86_Y5_UO2219,FXX,0,0.0,0,0,0.0,0,0,0,0.0,0.625,1,P91_CV0,2,2,0,2,0,0,2,0,2
6,-487717.4659,-729240.3386,Age0_F6_m23f23_P6_Y7_UO1219,I23_F35_m-1f-1_P92_Y-1_U114,I23_F57_m90f90_P86_Y5_UO4211,MXY,0,0.0,0,0,0.0,0,0,0,0.0,0.71875,1,P91_CV0,2,2,0,1,1,0,2,0,2
6,-487717.4659,-729240.3386,Age0_F6_m40f40_P6_Y7_UO1910,I40_F57_m23f23_P57_Y5_UO1195,I40_F57_m92f92_P6_Y2_UO4280,MXY,0,0.0,0,0,0.0,0,0,0,0.0,0.34375,1,P91_CV0,2,1,1,2,0,0,2,0,2
6,-487717.4659,-729240.3386,Age0_F6_m40f40_P6_Y7_UO1911,I40_F57_m50f50_P6_Y5_UO2385,I40_F57_m-1f-1_P94_Y-1_U237,FXX,0,0.0,0,0,0.0,0,0,0,0.0,0.625,1,P91_CV0,2,1,1,0,2,0,2,0,2
6,-487717.4659,-729240.3386,Age0_F6_m40f40_P6_Y7_UO1935,I40_F6_m40f40_P6_Y3_UO1889,I40_F6_m58f58_P99_Y3_UO2731,MXY,0,0.0,0,0,0.0,0,0,0,0.0,0.875,1,P91_CV0,2,2,0,1,1,0,2,0,2
6,-487717.4659,-729240.3386,Age0_F6_m40f40_P6_Y7_UO1940,I40_F8_m50f50_P99_Y3_UO2439,I40_F57_m92f92_P6_Y4_UO4364,FXX,0,0.0,0,0,0.0,0,0,0,0.0,0.25,1,P91_CV0,2,0,2,2,0,0,2,0,2
6,-487717.4659,-729240.3386,Age0_F6_m40f40_P6_Y7_UO1959,ID40_F98_m65f65_P8_Y0_UO3380,ID40_F6_m-1f-1_P92_Y-1_U242,MXY,0,0.0,0,0,0.0,0,0,0,0.0,0.375,1,P91_CV0,2,0,2,0,2,0,2,0,2
6,-487717.4659,-729240.3386,Age0_F6_m40f40_P6_Y7_UO1982,I40_F6_m-1f-1_P40_Y-1_U188,I40_F6_m92f92_P6_Y5_UO4355,FXX,0,0.0,0,0,0.0,0,0,0,0.0,0.6875,1,P91_CV0,2,1,1,2,0,0,2,0,2
6,-487717.4659,-729240.3386,Age0_F6_m45f45_P6_Y7_UO2185,I45_F57_m40f40_P57_Y5_UO1932,I45_F27_m92f92_P6_Y1_UO4136,MXY,0,0.0,0,0,0.0,0,0,0,0.0,0.53125,1,P91_CV0,2,0,2,0,2,0,2,0,2
6,-487717.4659,-729240.3386,Age0_F6_m90f90_P6_Y7_UO4201,I90_F86_m45f45_P86_Y5_UO2209,I90_F86_m40f40_P6_Y5_UO1936,MXY,0,0.0,0,0,0.0,0,0,0,0.0,0.5625,1,P91_CV0,2,1,1,0,2,0,2,0,2
6,-487717.4659,-729240.3386,Age0_F6_m92f92_P6_Y7_UO4334,I92_F6_m92f92_P57_Y5_UO4315,I92_F57_m92f92_P6_Y4_UO4278,FXX,0,0.0,0,0,0.0,0,0,0,0.0,0.5625,1,P91_CV0,2,2,0,1,1,0,2,0,2
6,-487717.4659,-729240.3386,Age0_F6_m92f92_P6_Y7_UO4379,ID92_F27_m80f80_P81_Y3_UO3710,I92_F99_m92f92_P6_Y0_UO4626,MXY,0,0.0,0,0,0.0,0,0,0,0.0,0.25,1,P91_CV0,2,1,1,2,0,0,2,0,2
6,-487717.4659,-729240.3386,Age0_F6_m92f92_P6_Y7_UO4398,I92_F57_m45f45_P57_Y2_UO2119,I92_F57_m42f42_P99_Y5_UO2042,FXX,0,0.0,0,0,0.0,0,0,0,0.0,0.375,1,P91_CV0,2,1,1,1,1,0,2,0,2
6,-487717.4659,-729240.3386,Age0_F6_m92f92_P6_Y7_UO4412,I92_F6_m-1f-1_P92_Y-1_U150,ID92_F6_m42f42_P6_Y3_UO2024,MXY,0,0.0,0,0,0.0,0,0,0,0.0,0.0625,1,P91_CV0,2,0,2,1,1,0,2,0,2
6,-487717.4659,-729240.3386,Age0_F6_m92f92_P6_Y7_UO4429,I92_F6_m-1f-1_P92_Y-1_U136,I92_F99_m92f92_P6_Y0_UO4626,MXY,0,0.0,0,0,0.0,0,0,0,0.0,0.125,1,P91_CV0,2,0,2,1,1,0,2,0,2
6,-487717.4659,-729240.3386,E6_F23_m92f92_P6_Y6_UO4417,I92_F99_m50f50_P99_Y2_UO2419,I92_F6_m-1f-1_P92_Y-1_U111,FXX,1,0.0,1,1,1.0,0,0,0,-9999.0,0.375,1,P91_CV0,2,1,1,1,1,0,2,0,2
6,-487717.4659,-729240.3386,E6_F23_m23f23_P57_Y6_UO1235,ID23_F86_m-1f-1_P23_Y-1_U7,I23_F86_m23f23_P57_Y4_UO1156,FXX,1,0.0,1,1,1.0,0,0,0,-9999.0,0.3125,1,P91_CV0,2,0,2,2,0,0,2,0,2
6,-487717.4659,-729240.3386,E6_F40_m23f23_P6_Y6_UO1159,I23_F86_m92f92_P99_Y4_UO4362,I23_F6_m7f7_P35_Y4_UO405,FXX,1,0.0,1,1,1.0,0,0,0,-9999.0,0.46875,1,P91_CV0,2,1,1,1,1,0,2,0,2
6,-487717.4659,-729240.3386,E6_F40_m23f23_P6_Y6_UO1187,I23_F35_m40f40_P27_Y2_UO1913,I23_F86_m23f23_P57_Y4_UO1156,MXY,1,0.0,1,1,0.0,0,0,0,-9999.0,0.4375,1,P91_CV0,2,1,1,2,0,0,2,0,2
6,-487717.4659,-729240.3386,E6_F40_m45f45_P57_Y6_UO2256,I45_F6_m-1f-1_P45_Y-1_U151,I45_F57_m92f92_P6_Y1_UO4136,MXY,1,0.0,1,1,0.0,0,0,0,-9999.0,0.75,1,P91_CV0,2,1,1,0,2,0,2,0,2
6,-487717.4659,-729240.3386,E6_F40_m92f92_P57_Y6_UO4443,I92_F6_m-1f-1_P92_Y-1_U13,I92_F57_m50f50_P6_Y4_UO2369,FXX,1,0.0,1,1,1.0,0,0,0,-9999.0,0.25,1,P91_CV0,2,1,1,1,1,0,2,0,2
6,-487717.4659,-729240.3386,E6_F45_m40f40_P6_Y6_UO1937,I40_F57_m40f40_P57_Y3_UO1913,ID40_F6_m-1f-1_P92_Y-1_U57,FXX,1,0.0,1,1,1.0,0,0,0,-9999.0,1.0,1,P91_CV0,2,2,0,0,2,0,2,0,2
6,-487717.4659,-729240.3386,E6_F50_m92f92_P57_Y6_UO4356,I92_F6_m45f45_P27_Y4_UO2134,I92_F6_m-1f-1_P92_Y-1_U124,FXX,1,0.0,1,1,1.0,0,0,0,-9999.0,0.625,1,P91_CV0,2,1,1,0,2,0,2,0,2
6,-487717.4659,-729240.3386,E6_F50_m50f50_P99_Y6_UO2409,I50_F6_m92f92_P6_Y4_UO4291,ID50_F72_m58f58_P99_Y2_UO2773,FXX,1,0.0,1,1,1.0,0,0,0,-9999.0,0.53125,1,P91_CV0,2,2,0,1,1,0,2,0,2
6,-487717.4659,-729240.3386,E6_F50_m50f50_P99_Y6_UO2456,ID50_F99_m50f50_P99_Y1_UO2256,I50_F99_m-1f-1_P92_Y-1_U177,FXX,1,0.0,1,1,1.0,0,0,0,-9999.0,0.5,1,P91_CV0,2,1,1,0,2,0,2,0,2
6,-487717.4659,-729240.3386,E6_F50_m92f92_P99_Y6_UO4351,ID92_F57_m92f92_P57_Y4_UO4375,I92_F99_m50f50_P27_Y3_UO2389,MXY,1,0.0,1,1,0.0,0,0,0,-9999.0,0.6875,1,P91_CV0,2,1,1,1,1,0,2,0,2
6,-487717.4659,-729240.3386,E6_F90_m23f23_P6_Y6_UO1183,I23_F86_m40f40_P6_Y3_UO1896,I23_F57_m92f92_P27_Y4_UO4374,MXY,1,0.0,1,1,0.0,0,0,0,-9999.0,0.875,1,P91_CV0,2,2,0,2,0,0,2,0,2
6,-487717.4659,-729240.3386,E6_F90_m45f45_P86_Y6_UO2213,I45_F86_m92f92_P57_Y3_UO4311,I45_F57_m92f92_P6_Y2_UO4294,MXY,1,0.0,1,1,0.0,0,0,0,-9999.0,0.6875,1,P91_CV0,2,1,1,0,2,0,2,0,2
6,-487717.4659,-729240.3386,E6_F90_m90f90_P86_Y6_UO4278,ID90_F57_m90f90_P86_Y2_UO4204,I90_F57_m50f50_P57_Y4_UO2403,FXX,1,0.0,1,1,1.0,0,0,0,-9999.0,0.3125,1,P91_CV0,2,0,2,2,0,0,2,0,2
6,-487717.4659,-729240.3386,E6_F92_m40f40_P6_Y6_UO1918,ID40_F57_m40f40_P6_Y4_UO1944,ID40_F27_m92f92_P99_Y3_UO4330,MXY,1,0.0,1,1,0.0,0,0,0,-9999.0,0.625,1,P91_CV0,2,1,1,0,2,0,2,0,2
6,-487717.4659,-729240.3386,E6_F92_m92f92_P6_Y6_UO4355,I92_F57_m58f58_P99_Y4_UO2711,I92_F6_m-1f-1_P92_Y-1_U29,FXX,1,0.0,1,1,1.0,0,0,0,-9999.0,0.3125,1,P91_CV0,2,0,2,1,1,0,2,0,2
6,-487717.4659,-729240.3386,E6_F92_m58f58_P99_Y6_UO2748,ID58_F81_m40f40_P6_Y2_UO1899,I58_F99_m-1f-1_P92_Y-1_U106,FXX,1,0.0,1,1,1.0,0,0,0,-9999.0,0.875,1,P91_CV0,2,2,0,1,1,0,2,0,2
6,-487717.4659,-729240.3386,E6_F40_m92f92_P6_Y5_UO4403,I92_F6_m-1f-1_P92_Y-1_U50,I92_F6_m42f42_P99_Y2_UO2022,FXX,2,0.0,1,0,1.0,0,0,0,-9999.0,0.6875,1,P91_CV0,2,1,1,1,1,0,2,0,2
6,-487717.4659,-729240.3386,E6_F40_m45f45_P57_Y5_UO2199,I45_F6_m-1f-1_P40_Y-1_U142,I45_F57_m92f92_P6_Y2_UO4328,FXX,2,0.0,1,0,1.0,0,0,0,-9999.0,0.625,1,P91_CV0,2,1,1,1,1,0,2,0,2
6,-487717.4659,-729240.3386,E6_F40_m50f50_P6_Y5_UO2385,I50_F99_m50f50_P99_Y3_UO2444,I50_F99_m-1f-1_P92_Y-1_U176,FXX,2,0.0,1,0,1.0,0,0,0,-9999.0,0.75,1,P91_CV0,2,2,0,0,2,0,2,0,2
6,-487717.4659,-729240.3386,E6_F42_m50f50_P99_Y5_UO2412,I50_F99_m42f42_P99_Y1_UO1846,ID50_F57_m40f40_P6_Y2_UO1873,MXY,2,0.0,1,0,0.0,0,0,0,-9999.0,0.375,1,P91_CV0,2,0,2,1,1,0,2,0,2
6,-487717.4659,-729240.3386,E6_F45_m40f40_P57_Y5_UO1932,I40_F57_m-1f-1_P92_Y-1_U238,I40_F6_m92f92_P6_Y2_UO4292,FXX,2,0.0,1,0,1.0,0,0,0,-9999.0,0.5625,1,P91_CV0,2,1,1,0,2,0,2,0,2
6,-487717.4659,-729240.3386,E6_F45_m92f92_P6_Y5_UO4397,I92_F99_m-1f-1_P92_Y-1_U231,I92_F57_m40f40_P57_Y3_UO1928,FXX,2,0.0,1,0,1.0,0,0,0,-9999.0,0.625,1,P91_CV0,2,1,1,1,1,0,2,0,2
6,-487717.4659,-729240.3386,E6_F45_m23f23_P27_Y5_UO1202,I23_F6_m40f40_P6_Y0_UO1937,ID23_F52_m42f42_P99_Y3_UO2002,MXY,2,0.0,1,0,0.0,0,0,0,-9999.0,0.375,1,P91_CV0,2,0,2,1,1,0,2,0,2
6,-487717.4659,-729240.3386,E6_F50_m50f50_P99_Y5_UO2405,I50_F99_m42f42_P99_Y2_UO1942,I50_F99_m92f92_P99_Y0_UO4649,MXY,2,0.0,1,0,0.0,0,0,0,-9999.0,0.3125,1,P91_CV0,2,0,2,1,1,0,2,0,2
6,-487717.4659,-729240.3386,E6_F90_m45f45_P86_Y5_UO2209,I45_F57_m-1f-1_P84_Y-1_U171,I45_F57_m92f92_P6_Y2_UO4328,FXX,2,0.0,1,0,1.0,0,0,0,-9999.0,0.625,1,P91_CV0,2,1,1,1,1,0,2,0,2
6,-487717.4659,-729240.3386,E6_F90_m23f23_P86_Y5_UO1129,I23_F35_m40f40_P6_Y3_UO1896,I23_F6_m90f90_P27_Y3_UO4144,MXY,2,0.0,1,0,0.0,0,0,0,-9999.0,0.4375,1,P91_CV0,2,1,1,1,1,0,2,0,2
6,-487717.4659,-729240.3386,E6_F92_m92f92_P57_Y5_UO4315,ID92_F99_m50f50_P99_Y3_UO2424,ID92_F57_m92f92_P6_Y0_UO4657,FXX,2,0.0,1,0,1.0,0,0,0,-9999.0,0.5,1,P91_CV0,2,2,0,1,1,0,2,0,2
6,-487717.4659,-729240.3386,E6_F92_m45f45_P57_Y5_UO2178,I45_F6_m90f90_P6_Y1_UO3992,I45_F57_m92f92_P6_Y2_UO4328,MXY,2,0.0,1,0,0.0,0,0,0,-9999.0,0.375,1,P91_CV0,2,0,2,1,1,0,2,0,2
6,-487717.4659,-729240.3386,E6_F92_m92f92_P99_Y5_UO4313,I92_F57_m23f23_P27_Y3_UO1152,I92_F6_m-1f-1_P92_Y-1_U54,MXY,2,0.0,1,0,0.0,0,0,0,-9999.0,0.1875,1,P91_CV0,2,1,1,2,0,0,2,0,2
6,-487717.4659,-729240.3386,E6_F23_m23f23_P57_Y4_UO1156,I23_F57_m90f90_P35_Y2_UO4217,I23_F6_m92f92_P6_Y2_UO4340,MXY,3,0.0,1,0,0.0,0,0,0,-9999.0,0.125,1,P91_CV0,2,0,2,2,0,0,2,0,2
6,-487717.4659,-729240.3386,E6_F23_m40f40_P57_Y4_UO1912,I40_F6_m-1f-1_P92_Y-1_U238,ID40_F6_m45f45_P86_Y0_UO2321,FXX,3,0.0,1,0,1.0,0,0,0,-9999.0,0.375,1,P91_CV0,2,1,1,2,0,0,2,0,2
6,-487717.4659,-729240.3386,E6_F40_m92f92_P57_Y4_UO4348,I92_F57_m-1f-1_P92_Y-1_U40,ID92_F6_m92f92_P6_Y0_UO4626,FXX,3,0.0,1,0,1.0,0,0,0,-9999.0,0.625,1,P91_CV0,2,1,1,2,0,0,2,0,2
6,-487717.4659,-729240.3386,E6_F90_m92f92_P6_Y4_UO4284,I92_F57_m40f40_P6_Y2_UO1919,I92_F57_m42f42_P99_Y2_UO2022,MXY,3,0.0,1,0,0.0,0,0,0,-9999.0,0.625,1,P91_CV0,2,1,1,2,0,0,2,0,2
6,-487717.4659,-729240.3386,E6_F90_m42f42_P6_Y4_UO1958,I42_F99_m50f50_P99_Y2_UO2438,ID42_F6_m-1f-1_P50_Y-1_U164,FXX,3,0.0,1,0,1.0,0,0,0,-9999.0,0.625,1,P91_CV0,2,1,1,1,1,0,2,0,2
6,-487717.4659,-729240.3386,E6_F92_m92f92_P6_Y4_UO4291,I92_F27_m23f23_P86_Y2_UO1172,I92_F6_m40f40_P6_Y2_UO1873,FXX,3,0.0,1,0,1.0,0,0,0,-9999.0,0.5625,1,P91_CV0,2,1,1,0,2,0,2,0,2
6,-487717.4659,-729240.3386,E6_F92_m50f50_P99_Y4_UO2405,I50_F27_m-1f-1_P50_Y-1_U38,I50_F27_m-1f-1_P92_Y-1_U176,FXX,3,0.0,1,0,1.0,0,0,0,-9999.0,0.5,1,P91_CV0,2,1,1,1,1,0,2,0,2
6,-487717.4659,-729240.3386,E6_F23_m40f40_P6_Y3_UO1896,I40_F86_m58f58_P99_Y0_UO3010,ID40_F57_m-1f-1_P92_Y-1_U132,FXX,4,0.0,1,0,1.0,0,0,0,-9999.0,0.75,1,P91_CV0,2,2,0,1,1,0,2,0,2
6,-487717.4659,-729240.3386,E6_F40_m23f23_P6_Y3_UO1229,ID23_F27_m-1f-1_P23_Y-1_U93,I23_F27_m92f92_P27_Y1_UO4101,MXY,4,0.0,1,0,0.0,0,0,0,-9999.0,0.75,1,P91_CV0,2,1,1,1,1,0,2,0,2
6,-487717.4659,-729240.3386,E6_F40_m40f40_P6_Y3_UO1889,I40_F57_m92f92_P6_Y1_UO4121,I40_F6_m92f92_P6_Y1_UO4080,FXX,4,0.0,1,0,1.0,0,0,0,-9999.0,1.0,1,P91_CV0,2,2,0,0,2,0,2,0,2
6,-487717.4659,-729240.3386,E6_F40_m92f92_P99_Y3_UO4330,ID92_F99_m-1f-1_P92_Y-1_U52,ID92_F99_m-1f-1_P50_Y-1_U136,MXY,4,0.0,1,0,0.0,0,0,0,-9999.0,0.75,1,P91_CV0,2,1,1,1,1,0,2,0,2
6,-487717.4659,-729240.3386,E6_F40_m50f50_P99_Y3_UO2439,I50_F99_m-1f-1_P94_Y-1_U55,I50_F99_m92f92_P99_Y0_UO4651,FXX,4,0.0,1,0,1.0,0,0,0,-9999.0,0.125,1,P91_CV0,2,0,2,2,0,0,2,0,2
6,-487717.4659,-729240.3386,E6_F23_m92f92_P27_Y2_UO4307,I92_F6_m-1f-1_P92_Y-1_U193,I92_F27_m-1f-1_P92_Y-1_U30,FXX,5,0.0,1,0,1.0,0,0,0,-9999.0,1.0,1,P91_CV0,2,2,0,2,0,0,2,0,2
6,-487717.4659,-729240.3386,E6_F23_m92f92_P6_Y2_UO4294,ID92_F57_m92f92_P6_Y0_UO4641,I92_F57_m-1f-1_P92_Y-1_U168,MXY,5,0.0,1,0,0.0,0,0,0,-9999.0,0.375,1,P91_CV0,2,0,2,0,2,0,2,0,2
6,-487717.4659,-729240.3386,E6_F40_m92f92_P6_Y2_UO4304,I92_F6_m-1f-1_P92_Y-1_U24,I92_F57_m-1f-1_P58_Y-1_U67,MXY,5,0.0,1,0,0.0,0,0,0,-9999.0,0.5,1,P91_CV0,2,1,1,1,1,0,2,0,2
6,-487717.4659,-729240.3386,E6_F92_m45f45_P57_Y2_UO2119,ID45_F98_m85f85_P36_Y0_UO4232,ID45_F6_m-1f-1_P92_Y-1_U78,FXX,5,0.0,1,0,1.0,0,0,0,-9999.0,0.25,1,P91_CV0,2,0,2,2,0,0,2,0,2
6,-487717.4659,-729240.3386,E6_F42_m92f92_P99_Y1_UO4146,ID92_F99_m-1f-1_P92_Y-1_U65,ID92_F57_m-1f-1_P23_Y-1_U212,MXY,6,0.0,1,0,0.0,0,0,0,-9999.0,0.75,1,P91_CV0,2,1,1,1,1,0,2,0,2
6,-487717.4659,-729240.3386,E6_F42_m92f92_P6_Y1_UO4124,I92_F57_m-1f-1_P92_Y-1_U52,I92_F57_m-1f-1_P92_Y-1_U225,FXX,6,0.0,1,0,1.0,0,0,0,-9999.0,0.5,1,P91_CV0,2,2,0,1,1,0,2,0,2
6,-487717.4659,-729240.3386,E6_F90_m92f92_P27_Y1_UO4101,I92_F6_m-1f-1_P92_Y-1_U171,I92_F27_m-1f-1_P92_Y-1_U31,MXY,6,0.0,1,0,0.0,0,0,0,-9999.0,0.5,1,P91_CV0,2,1,1,2,0,0,2,0,2
6,-487717.4659,-729240.3386,E6_F23_m92f92_P6_Y0_UO4674,R92_F92_m-1f-1_P92_Y-1_U190,R92_F92_m-1f-1_P92_Y-1_U239,FXX,7,0.0,1,0,1.0,0,0,0,-9999.0,0.5,1,P91_CV0,2,1,1,1,1,0,2,0,2
6,-487717.4659,-729240.3386,E6_F92_m92f92_P6_Y0_UO4606,R92_F92_m-1f-1_P92_Y-1_U8,R92_F92_m-1f-1_P92_Y-1_U94,MXY,7,0.0,1,0,0.0,0,0,0,-9999.0,0.5,1,P91_CV0,2,1,1,2,0,0,2,0,2
6,-487717.4659,-729240.3386,E6_F92_m-1f-1_P92_Y-1_U104,-9999,-9999,MXY,8,0.0,1,0,0.0,0,0,0,-9999.0,0.5,1,P91_CV0,2,1,1,2,0,0,2,0,2
6,-487717.4659,-729240.3386,E6_F40_m-1f-1_P92_Y-1_U100,-9999,-9999,MXY,9,0.0,1,0,0.0,0,0,0,-9999.0,0.5,1,P91_CV0,2,1,1,1,1,0,2,0,2
6,-487717.4659,-729240.3386,E6_F92_m-1f-1_P92_Y-1_U150,-9999,-9999,FXX,9,0.0,1,0,1.0,0,0,0,-9999.0,0.0,1,P91_CV0,2,0,2,1,1,0,2,0,2
6,-487717.4659,-729240.3386,E6_F23_m-1f-1_P92_Y-1_U114,-9999,-9999,FXX,10,0.0,1,0,1.0,0,0,0,-9999.0,1.0,1,P91_CV0,2,2,0,0,2,0,2,0,2
6,-487717.4659,-729240.3386,E6_F23_m-1f-1_P92_Y-1_U54,-9999,-9999,MXY,10,0.0,1,0,0.0,0,0,0,-9999.0,0.0,1,P91_CV0,2,0,2,2,0,0,2,0,2
6,-487717.4659,-729240.3386,E6_F40_m-1f-1_P92_Y-1_U242,-9999,-9999,MXY,10,0.0,1,0,0.0,0,0,0,-9999.0,0.5,1,P91_CV0,2,1,1,0,2,0,2,0,2
6,-487717.4659,-729240.3386,E6_F40_m-1f-1_P92_Y-1_U249,-9999,-9999,MXY,12,0.0,1,0,0.0,0,0,0,-9999.0,0.5,1,P91_CV0,2,1,1,1,1,0,2,0,2
6,-487717.4659,-729240.3386,E6_F92_m-1f-1_P92_Y-1_U136,-9999,-9999,FXX,13,0.0,1,0,1.0,0,0,0,-9999.0,0.0,1,P91_CV0,2,0,2,2,0,0,2,0,2
6,-487717.4659,-729240.3386,Age0_F6_m40f40_P6_Y7_UO1903,ID40_F57_m45f45_P57_Y5_UO2199,I40_F57_m-1f-1_P94_Y-1_U237,MXY,0,0.0,0,0,0.0,0,0,0,0.0,0.5625,1,P93_CV0,2,2,0,0,2,0,2,0,2
6,-487717.4659,-729240.3386,Age0_F6_m40f40_P6_Y7_UO1916,ID40_F6_m50f50_P99_Y5_UO2445,ID40_F68_m92f92_P6_Y5_UO4299,MXY,0,0.0,0,0,0.0,0,0,0,0.0,0.6875,1,P93_CV0,2,2,0,0,2,0,2,0,2
6,-487717.4659,-729240.3386,Age0_F6_m40f40_P6_Y7_UO1930,I40_F99_m50f50_P99_Y4_UO2352,I40_F6_m50f50_P99_Y4_UO2417,FXX,0,0.0,0,0,0.0,0,0,0,0.0,0.6875,1,P93_CV0,2,2,0,1,1,0,2,0,2
6,-487717.4659,-729240.3386,Age0_F6_m45f45_P6_Y7_UO2260,I45_F86_m-1f-1_P45_Y-1_U106,I45_F57_m40f40_P57_Y4_UO1885,MXY,0,0.0,0,0,0.0,0,0,0,0.0,0.6875,1,P93_CV0,2,1,1,1,1,0,2,0,2
6,-487717.4659,-729240.3386,Age0_F6_m58f58_P6_Y7_UO2749,I58_F81_m-1f-1_P94_Y-1_U160,I58_F81_m-1f-1_P42_Y-1_U174,FXX,0,0.0,0,0,0.0,0,0,0,0.0,1.0,1,P93_CV0,2,2,0,2,0,0,2,0,2
6,-487717.4659,-729240.3386,Age0_F6_m90f90_P6_Y7_UO4235,I90_F86_m90f90_P86_Y5_UO4244,ID90_F57_m23f23_P27_Y5_UO1134,FXX,0,0.0,0,0,0.0,0,0,0,0.0,0.59375,1,P93_CV0,2,0,2,1,1,0,2,0,2
6,-487717.4659,-729240.3386,Age0_F6_m90f90_P6_Y7_UO4302,I90_F27_m94f94_P99_Y0_UO4757,ID90_F86_m45f45_P86_Y3_UO2170,FXX,0,0.0,0,0,0.0,0,0,0,0.0,0.5,1,P93_CV0,2,0,2,1,1,0,2,0,2
6,-487717.4659,-729240.3386,Age0_F6_m92f92_P6_Y7_UO4369,I92_F6_m12f12_P6_Y4_UO694,I92_F99_m-1f-1_P94_Y-1_U180,FXX,0,0.0,0,0,0.0,0,0,0,0.0,0.4375,1,P93_CV0,2,0,2,1,1,0,2,0,2
6,-487717.4659,-729240.3386,E6_F40_m50f50_P57_Y6_UO2407,I50_F99_m42f42_P99_Y4_UO1961,I50_F27_m58f58_P99_Y4_UO2724,MXY,1,0.0,1,1,0.0,0,0,0,-9999.0,0.5625,1,P93_CV0,2,2,0,0,2,0,2,0,2
6,-487717.4659,-729240.3386,E6_F92_m42f42_P99_Y6_UO2080,I42_F6_m-1f-1_P94_Y-1_U214,I42_F6_m92f92_P6_Y3_UO4317,MXY,1,0.0,1,1,0.0,0,0,0,-9999.0,0.1875,1,P93_CV0,2,1,1,2,0,0,2,0,2
6,-487717.4659,-729240.3386,E6_F40_m50f50_P99_Y5_UO2445,I50_F6_m-1f-1_P50_Y-1_U68,I50_F99_m58f58_P99_Y2_UO2773,FXX,2,0.0,1,0,1.0,0,0,0,-9999.0,0.75,1,P93_CV0,2,2,0,0,2,0,2,0,2
6,-487717.4659,-729240.3386,E6_F90_m90f90_P86_Y5_UO4244,I90_F52_m30f30_P35_Y1_UO1347,I90_F6_m50f50_P99_Y3_UO2369,FXX,2,0.0,1,0,1.0,0,0,0,-9999.0,0.6875,1,P93_CV0,2,0,2,1,1,0,2,0,2
6,-487717.4659,-729240.3386,E6_F92_m92f92_P57_Y5_UO4327,I92_F99_m45f45_P6_Y2_UO2149,ID92_F99_m94f94_P99_Y1_UO4220,FXX,2,0.0,1,0,1.0,0,0,0,-9999.0,0.875,1,P93_CV0,2,2,0,1,1,0,2,0,2
6,-487717.4659,-729240.3386,E6_F40_m50f50_P99_Y4_UO2352,ID50_F81_m80f80_P81_Y2_UO3712,ID50_F99_m92f92_P6_Y2_UO4348,FXX,3,0.0,1,0,1.0,0,0,0,-9999.0,0.625,1,P93_CV0,2,2,0,1,1,0,2,0,2
6,-487717.4659,-729240.3386,E6_F45_m92f92_P6_Y4_UO4376,I92_F99_m-1f-1_P94_Y-1_U105,I92_F57_m-1f-1_P92_Y-1_U177,FXX,3,0.0,1,0,1.0,0,0,0,-9999.0,0.5,1,P93_CV0,2,1,1,0,2,0,2,0,2
6,-487717.4659,-729240.3386,E6_F50_m58f58_P99_Y4_UO2712,I58_F99_m50f50_P99_Y0_UO2582,ID58_F81_m-1f-1_P94_Y-1_U171,MXY,3,0.0,1,0,0.0,0,0,0,-9999.0,0.875,1,P93_CV0,2,2,0,2,0,0,2,0,2
6,-487717.4659,-729240.3386,E6_F90_m23f23_P27_Y4_UO1196,I23_F35_m94f94_P98_Y0_UO4723,I23_F86_m90f90_P86_Y2_UO4170,FXX,3,0.0,1,0,1.0,0,0,0,-9999.0,0.625,1,P93_CV0,2,1,1,0,2,0,2,0,2
6,-487717.4659,-729240.3386,E6_F42_m42f42_P99_Y3_UO1997,I42_F6_m-1f-1_P94_Y-1_U214,I42_F99_m-1f-1_P42_Y-1_U26,MXY,4,0.0,1,0,0.0,0,0,0,-9999.0,0.25,1,P93_CV0,2,0,2,2,0,0,2,0,2
6,-487717.4659,-729240.3386,E6_F92_m50f50_P99_Y3_UO2424,I50_F6_m-1f-1_P94_Y-1_U239,I50_F99_m-1f-1_P50_Y-1_U76,FXX,4,0.0,1,0,1.0,0,0,0,-9999.0,0.25,1,P93_CV0,2,1,1,2,0,0,2,0,2
6,-487717.4659,-729240.3386,E6_F92_m42f42_P99_Y2_UO1994,ID42_F81_m-1f-1_P58_Y-1_U130,I42_F99_m-1f-1_P94_Y-1_U195,MXY,5,0.0,1,0,0.0,0,0,0,-9999.0,0.75,1,P93_CV0,2,1,1,1,1,0,2,0,2
6,-487717.4659,-729240.3386,E6_F23_m42f42_P27_Y1_UO1870,I42_F99_m-1f-1_P42_Y-1_U244,ID42_F98_m-1f-1_P94_Y-1_U134,MXY,6,0.0,1,0,0.0,0,0,0,-9999.0,0.5,1,P93_CV0,2,1,1,1,1,0,2,0,2
6,-487717.4659,-729240.3386,E6_F42_m5f5_P81_Y1_UO268,I5_F81_m-1f-1_P5_Y-1_U138,ID5_F81_m-1f-1_P94_Y-1_U50,FXX,6,0.0,1,0,1.0,0,0,0,-9999.0,0.5,1,P93_CV0,2,1,1,2,0,0,2,0,2
6,-487717.4659,-729240.3386,E6_F90_m94f94_P99_Y0_UO4757,R94_F94_m-1f-1_P94_Y-1_U155,R94_F94_m-1f-1_P94_Y-1_U28,FXX,7,0.0,1,0,1.0,0,0,0,-9999.0,0.25,1,P93_CV0,2,0,2,2,0,0,2,0,2
6,-487717.4659,-729240.3386,E6_F42_m-1f-1_P94_Y-1_U95,-9999,-9999,MXY,8,0.0,1,0,0.0,0,0,0,-9999.0,0.5,1,P93_CV0,2,1,1,0,2,0,2,0,2
6,-487717.4659,-729240.3386,E6_F58_m-1f-1_P94_Y-1_U160,-9999,-9999,FXX,8,0.0,1,0,1.0,0,0,0,-9999.0,1.0,1,P93_CV0,2,2,0,1,1,0,2,0,2
6,-487717.4659,-729240.3386,E6_F92_m-1f-1_P94_Y-1_U180,-9999,-9999,MXY,8,0.0,1,0,0.0,0,0,0,-9999.0,0.5,1,P93_CV0,2,1,1,2,0,0,2,0,2
6,-487717.4659,-729240.3386,E6_F42_m-1f-1_P94_Y-1_U234,-9999,-9999,FXX,9,0.0,1,0,1.0,0,0,0,-9999.0,0.5,1,P93_CV0,2,1,1,2,0,0,2,0,2
6,-487717.4659,-729240.3386,E6_F40_m-1f-1_P94_Y-1_U237,-9999,-9999,MXY,16,0.0,1,0,0.0,0,0,0,-9999.0,0.5,1,P93_CV0,2,1,1,0,2,0,2,0,2
6,-487717.4659,-729240.3386,Age0_F6_m58f58_P6_Y7_UO2708,I58_F99_m94f94_P99_Y5_UO4460,ID58_F99_m50f50_P99_Y4_UO2430,FXX,0,0.0,0,0,0.0,0,0,0,0.0,0.6875,1,P94_CV0,2,0,2,2,0,0,2,0,2
6,-487717.4659,-729240.3386,E6_F92_m92f92_P6_Y6_UO4376,ID92_F57_m58f58_P99_Y4_UO2702,I92_F99_m65f65_P68_Y1_UO2995,FXX,1,0.0,1,1,1.0,0,0,0,-9999.0,0.65625,1,P94_CV0,2,1,1,1,1,0,2,0,2
6,-487717.4659,-729240.3386,E6_F58_m94f94_P99_Y5_UO4460,I94_F81_m-1f-1_P94_Y-1_U56,I94_F81_m95f95_P91_Y3_UO4500,FXX,2,0.0,1,0,1.0,0,0,0,-9999.0,0.5,1,P94_CV0,2,0,2,1,1,0,2,0,2
6,-487717.4659,-729240.3386,E6_F92_m45f45_P6_Y6_UO2250,I45_F86_m-1f-1_P45_Y-1_U170,ID45_F68_m25f25_P8_Y4_UO1294,MXY,1,0.0,1,1,0.0,0,0,0,-9999.0,0.5,1,P99_CV0,2,2,0,2,0,0,2,0,2
8,-168382.0203,-625245.7533,Age0_F8_m25f25_P8_Y7_UO1259,I25_F68_m100f100_P48_Y5_UO4555,I25_F8_m65f65_P28_Y2_UO3161,FXX,0,0.0,0,0,0.0,0,0,0,0.0,0.5625,1,P10_CV0,2,1,1,0,2,0,2,0,2
8,-168382.0203,-625245.7533,Age0_F8_m25f25_P8_Y7_UO1302,I25_F36_m25f25_P68_Y3_UO1282,ID25_F48_m73f73_P41_Y4_UO3276,FXX,0,0.0,0,0,0.0,0,0,0,0.0,0.5625,1,P10_CV0,2,2,0,0,2,0,2,0,2
8,-168382.0203,-625245.7533,Age0_F8_m25f25_P8_Y7_UO1308,I25_F68_m84f84_P8_Y2_UO3831,I25_F8_m43f43_P48_Y3_UO2043,MXY,0,0.0,0,0,0.0,0,0,0,0.0,0.8125,1,P10_CV0,2,1,1,1,1,0,2,0,2
8,-168382.0203,-625245.7533,Age0_F8_m31f31_P8_Y7_UO1462,ID31_F8_m25f25_P69_Y5_UO1245,I31_F8_m11f11_P8_Y3_UO612,MXY,0,0.0,0,0,0.0,0,0,0,0.0,0.5,1,P10_CV0,2,1,1,0,2,0,2,0,2
8,-168382.0203,-625245.7533,Age0_F8_m31f31_P8_Y7_UO1469,I31_F8_m11f11_P68_Y5_UO686,I31_F68_m31f31_P8_Y2_UO1529,MXY,0,0.0,0,0,0.0,0,0,0,0.0,0.6875,1,P10_CV0,2,2,0,2,0,0,2,0,2
8,-168382.0203,-625245.7533,Age0_F8_m65f65_P8_Y7_UO3131,ID65_F86_m65f65_P8_Y5_UO3138,ID65_F8_m31f31_P68_Y1_UO1373,FXX,0,0.0,0,0,0.0,0,0,0,0.0,0.625,1,P10_CV0,2,2,0,1,1,0,2,0,2
8,-168382.0203,-625245.7533,Age0_F8_m84f84_P8_Y7_UO3853,I84_F49_m84f84_P8_Y5_UO3883,I84_F8_m43f43_P49_Y4_UO2056,FXX,0,0.0,0,0,0.0,0,0,0,0.0,0.53125,1,P10_CV0,2,2,0,2,0,0,2,0,2
8,-168382.0203,-625245.7533,Age0_F8_m84f84_P8_Y7_UO3925,I84_F68_m31f31_P68_Y1_UO1459,ID84_F8_m85f85_P69_Y4_UO3924,MXY,0,0.0,0,0,0.0,0,0,0,0.0,0.5,1,P10_CV0,2,1,1,1,1,0,2,0,2
8,-168382.0203,-625245.7533,Age0_F8_m84f84_P8_Y7_UO3957,ID84_F68_m-1f-1_P63_Y-1_U82,I84_F8_m43f43_P49_Y4_UO2056,MXY,0,0.0,0,0,0.0,0,0,0,0.0,0.5,1,P10_CV0,2,1,1,0,2,0,2,0,2
8,-168382.0203,-625245.7533,Age0_F8_m85f85_P8_Y7_UO3973,I85_F36_m11f11_P36_Y5_UO687,I85_F8_m11f11_P36_Y5_UO666,MXY,0,0.0,0,0,0.0,0,0,0,0.0,0.375,1,P10_CV0,2,1,1,1,1,0,2,0,2
8,-168382.0203,-625245.7533,E8_F25_m85f85_P8_Y6_UO4046,ID85_F98_m25f25_P69_Y1_UO1248,I85_F98_m11f11_P2_Y4_UO655,MXY,1,0.0,1,1,0.0,0,0,0,-9999.0,0.5,1,P10_CV0,2,2,0,0,2,0,2,0,2
8,-168382.0203,-625245.7533,E8_F25_m43f43_P68_Y6_UO2149,ID43_F48_m100f100_P49_Y2_UO4563,ID43_F41_m15f15_P41_Y0_UO840,FXX,1,0.0,1,1,1.0,0,0,0,-9999.0,0.5625,1,P10_CV0,2,2,0,2,0,0,2,0,2
8,-168382.0203,-625245.7533,E8_F63_m11f11_P2_Y6_UO679,I11_F36_m-1f-1_P11_Y-1_U170,I11_F89_m-1f-1_P11_Y-1_U4,FXX,1,0.0,1,1,1.0,0,0,0,-9999.0,0.75,1,P10_CV0,2,1,1,0,2,0,2,0,2
8,-168382.0203,-625245.7533,E8_F63_m63f63_P8_Y6_UO3017,I63_F69_m25f25_P8_Y4_UO1335,ID63_F36_m11f11_P2_Y3_UO636,MXY,1,0.0,1,1,0.0,0,0,0,-9999.0,0.5625,1,P10_CV0,2,2,0,0,2,0,2,0,2
8,-168382.0203,-625245.7533,E8_F63_m25f25_P68_Y6_UO1276,ID25_F8_m84f84_P8_Y4_UO3894,I25_F8_m25f25_P69_Y4_UO1328,FXX,1,0.0,1,1,1.0,0,0,0,-9999.0,0.375,1,P10_CV0,2,0,2,2,0,0,2,0,2
8,-168382.0203,-625245.7533,E8_F65_m84f84_P8_Y6_UO3898,I84_F68_m45f45_P68_Y4_UO2159,ID84_F8_m43f43_P49_Y4_UO2056,FXX,1,0.0,1,1,1.0,0,0,0,-9999.0,0.4375,1,P10_CV0,2,1,1,1,1,0,2,0,2
8,-168382.0203,-625245.7533,E8_F84_m63f63_P8_Y6_UO3018,I63_F68_m25f25_P69_Y4_UO1279,I63_F68_m63f63_P8_Y3_UO3022,FXX,1,0.0,1,1,1.0,0,0,0,-9999.0,0.3125,1,P10_CV0,2,2,0,0,2,0,2,0,2
8,-168382.0203,-625245.7533,E8_F84_m63f63_P68_Y6_UO3102,I63_F8_m-1f-1_P63_Y-1_U82,I63_F98_m11f11_P36_Y0_UO671,FXX,1,0.0,1,1,1.0,0,0,0,-9999.0,0.5,1,P10_CV0,2,1,1,0,2,0,2,0,2
8,-168382.0203,-625245.7533,E8_F25_m100f100_P48_Y5_UO4555,I100_F48_m100f100_P48_Y3_UO4582,I100_F48_m11f11_P68_Y1_UO549,FXX,2,0.0,1,0,1.0,0,0,0,-9999.0,0.625,1,P10_CV0,2,1,1,0,2,0,2,0,2
8,-168382.0203,-625245.7533,E8_F31_m11f11_P68_Y5_UO686,I11_F49_m-1f-1_P11_Y-1_U157,I11_F68_m-1f-1_P11_Y-1_U210,FXX,2,0.0,1,0,1.0,0,0,0,-9999.0,0.75,1,P10_CV0,2,2,0,1,1,0,2,0,2
8,-168382.0203,-625245.7533,E8_F65_m84f84_P68_Y5_UO3844,I84_F8_m25f25_P8_Y3_UO1247,ID84_F8_m100f100_P68_Y3_UO4526,MXY,2,0.0,1,0,0.0,0,0,0,-9999.0,0.75,1,P10_CV0,2,1,1,2,0,0,2,0,2
8,-168382.0203,-625245.7533,E8_F65_m65f65_P8_Y5_UO3138,ID65_F8_m31f31_P8_Y2_UO1522,I65_F98_m11f11_P69_Y0_UO681,FXX,2,0.0,1,0,1.0,0,0,0,-9999.0,0.5,1,P10_CV0,2,1,1,0,2,0,2,0,2
8,-168382.0203,-625245.7533,E8_F84_m100f100_P48_Y5_UO4592,I100_F48_m11f11_P49_Y1_UO580,I100_F48_m73f73_P41_Y2_UO3331,MXY,2,0.0,1,0,0.0,0,0,0,-9999.0,0.625,1,P10_CV0,2,1,1,1,1,0,2,0,2
8,-168382.0203,-625245.7533,E8_F84_m84f84_P8_Y5_UO3853,ID84_F8_m100f100_P48_Y3_UO4540,I84_F8_m-1f-1_P63_Y-1_U107,MXY,2,0.0,1,0,0.0,0,0,0,-9999.0,0.6875,1,P10_CV0,2,1,1,1,1,0,2,0,2
8,-168382.0203,-625245.7533,E8_F85_m11f11_P36_Y5_UO687,I11_F49_m-1f-1_P11_Y-1_U170,I11_F68_m-1f-1_P11_Y-1_U220,FXX,2,0.0,1,0,1.0,0,0,0,-9999.0,0.5,1,P10_CV0,2,2,0,1,1,0,2,0,2
8,-168382.0203,-625245.7533,E8_F31_m63f63_P68_Y4_UO3020,I63_F68_m-1f-1_P63_Y-1_U179,ID63_F98_m11f11_P36_Y0_UO671,FXX,3,0.0,1,0,1.0,0,0,0,-9999.0,0.5,1,P10_CV0,2,0,2,2,0,0,2,0,2
8,-168382.0203,-625245.7533,E8_F63_m31f31_P68_Y4_UO1469,I31_F48_m11f11_P49_Y2_UO625,I31_F8_m-1f-1_P31_Y-1_U169,FXX,3,0.0,1,0,1.0,0,0,0,-9999.0,0.625,1,P10_CV0,2,1,1,2,0,0,2,0,2
8,-168382.0203,-625245.7533,E8_F84_m31f31_P68_Y4_UO1461,I31_F68_m63f63_P8_Y2_UO3045,ID31_F48_m100f100_P49_Y2_UO4565,MXY,3,0.0,1,0,0.0,0,0,0,-9999.0,0.625,1,P10_CV0,2,2,0,0,2,0,2,0,2
8,-168382.0203,-625245.7533,E8_F84_m85f85_P69_Y4_UO3924,I85_F8_m11f11_P2_Y2_UO615,I85_F98_m85f85_P69_Y2_UO3979,MXY,3,0.0,1,0,0.0,0,0,0,-9999.0,0.5,1,P10_CV0,2,1,1,2,0,0,2,0,2
8,-168382.0203,-625245.7533,E8_F100_m100f100_P49_Y4_UO4544,I100_F49_m11f11_P49_Y2_UO655,ID100_F49_m11f11_P68_Y1_UO549,MXY,3,0.0,1,0,0.0,0,0,0,-9999.0,0.25,1,P10_CV0,2,0,2,1,1,0,2,0,2
8,-168382.0203,-625245.7533,E8_F31_m31f31_P8_Y3_UO1527,I31_F68_m-1f-1_P63_Y-1_U163,ID31_F8_m11f11_P69_Y1_UO600,FXX,4,0.0,1,0,1.0,0,0,0,-9999.0,0.875,1,P10_CV0,2,2,0,2,0,0,2,0,2
8,-168382.0203,-625245.7533,E8_F31_m25f25_P8_Y3_UO1268,ID25_F36_m11f11_P2_Y0_UO650,ID25_F69_m65f65_P98_Y1_UO2952,MXY,4,0.0,1,0,0.0,0,0,0,-9999.0,0.75,1,P10_CV0,2,2,0,1,1,0,2,0,2
8,-168382.0203,-625245.7533,E8_F63_m63f63_P8_Y3_UO3022,I63_F68_m-1f-1_P63_Y-1_U121,I63_F68_m11f11_P8_Y1_UO587,MXY,4,0.0,1,0,0.0,0,0,0,-9999.0,0.125,1,P10_CV0,2,1,1,0,2,0,2,0,2
8,-168382.0203,-625245.7533,E8_F85_m11f11_P2_Y3_UO620,ID11_F49_m-1f-1_P11_Y-1_U31,ID11_F48_m-1f-1_P11_Y-1_U64,FXX,4,0.0,1,0,1.0,0,0,0,-9999.0,0.5,1,P10_CV0,2,2,0,1,1,0,2,0,2
8,-168382.0203,-625245.7533,E8_F63_m100f100_P49_Y2_UO4565,I100_F49_m11f11_P49_Y0_UO607,I100_F49_m-1f-1_P100_Y-1_U73,MXY,5,0.0,1,0,0.0,0,0,0,-9999.0,0.625,1,P10_CV0,2,1,1,0,2,0,2,0,2
8,-168382.0203,-625245.7533,E8_F100_m100f100_P48_Y2_UO4586,I100_F48_m-1f-1_P11_Y-1_U175,I100_F48_m43f43_P49_Y0_UO2161,MXY,5,0.0,1,0,0.0,0,0,0,-9999.0,0.375,1,P10_CV0,2,1,1,1,1,0,2,0,2
8,-168382.0203,-625245.7533,E8_F25_m-1f-1_P11_Y-1_U245,-9999,-9999,MXY,14,0.0,1,0,0.0,0,0,0,-9999.0,0.5,1,P10_CV0,2,1,1,1,1,0,2,0,2
8,-168382.0203,-625245.7533,E8_F63_m-1f-1_P11_Y-1_U62,-9999,-9999,FXX,14,0.0,1,0,1.0,0,0,0,-9999.0,0.0,1,P10_CV0,2,0,2,2,0,0,2,0,2
8,-168382.0203,-625245.7533,Age0_F8_m45f45_P8_Y7_UO2250,I45_F68_m-1f-1_P85_Y-1_U212,I45_F57_m12f12_P86_Y5_UO727,FXX,0,0.0,0,0,0.0,0,0,0,0.0,0.59375,1,P11_CV0,2,1,1,1,1,0,2,0,2
8,-168382.0203,-625245.7533,E8_F63_m31f31_P8_Y5_UO1464,ID31_F6_m90f90_P86_Y3_UO4181,I31_F68_m-1f-1_P31_Y-1_U193,FXX,2,0.0,1,0,1.0,0,0,0,-9999.0,0.625,1,P11_CV0,2,1,1,1,1,0,2,0,2
8,-168382.0203,-625245.7533,E8_F45_m12f12_P86_Y4_UO744,I12_F52_m-1f-1_P12_Y-1_U6,I12_F13_m-1f-1_P12_Y-1_U15,MXY,3,0.0,1,0,0.0,0,0,0,-9999.0,0.75,1,P11_CV0,2,1,1,2,0,0,2,0,2
8,-168382.0203,-625245.7533,E8_F45_m90f90_P86_Y4_UO4154,I90_F6_m46f46_P35_Y2_UO2301,I90_F35_m-1f-1_P12_Y-1_U172,FXX,3,0.0,1,0,1.0,0,0,0,-9999.0,0.75,1,P11_CV0,2,2,0,1,1,0,2,0,2
8,-168382.0203,-625245.7533,E8_F63_m12f12_P86_Y4_UO708,I12_F52_m12f12_P52_Y0_UO783,I12_F86_m45f45_P86_Y1_UO1978,MXY,3,0.0,1,0,0.0,0,0,0,-9999.0,0.125,1,P11_CV0,2,1,1,1,1,0,2,0,2
8,-168382.0203,-625245.7533,E8_F45_m12f12_P57_Y1_UO689,I12_F52_m-1f-1_P12_Y-1_U35,I12_F52_m-1f-1_P12_Y-1_U179,MXY,6,0.0,1,0,0.0,0,0,0,-9999.0,0.25,1,P11_CV0,2,0,2,1,1,0,2,0,2
8,-168382.0203,-625245.7533,E8_F100_m43f43_P49_Y6_UO2123,I43_F49_m43f43_P48_Y4_UO2040,ID43_F49_m-1f-1_P43_Y-1_U117,FXX,1,0.0,1,1,1.0,0,0,0,-9999.0,0.375,1,P14_CV0,2,1,1,0,2,0,2,0,2
8,-168382.0203,-625245.7533,E8_F25_m15f15_P41_Y0_UO807,R15_F15_m-1f-1_P15_Y-1_U24,R15_F15_m-1f-1_P15_Y-1_U217,MXY,7,0.0,1,0,0.0,0,0,0,-9999.0,0.25,1,P14_CV0,2,1,1,2,0,0,2,0,2
8,-168382.0203,-625245.7533,Age0_F8_m65f65_P8_Y7_UO3121,I65_F36_m95f95_P28_Y5_UO4494,I65_F91_m63f63_P8_Y4_UO2976,FXX,0,0.0,0,0,0.0,0,0,0,0.0,0.4375,1,P16_CV0,2,2,0,1,1,0,2,0,2
8,-168382.0203,-625245.7533,E8_F65_m95f95_P28_Y5_UO4494,I95_F64_m79f79_P64_Y2_UO3583,I95_F64_m79f79_P64_Y2_UO3602,FXX,2,0.0,1,0,1.0,0,0,0,-9999.0,0.625,1,P16_CV0,2,2,0,1,1,0,2,0,2
8,-168382.0203,-625245.7533,E8_F12_m90f90_P52_Y6_UO4293,I90_F86_m30f30_P52_Y2_UO1430,I90_F57_m23f23_P35_Y1_UO1099,MXY,1,0.0,1,1,0.0,0,0,0,-9999.0,0.6875,1,P22_CV0,2,1,1,1,1,0,2,0,2
8,-168382.0203,-625245.7533,E8_F40_m45f45_P6_Y6_UO2243,I45_F6_m23f23_P57_Y0_UO1294,ID45_F57_m50f50_P99_Y3_UO2434,FXX,1,0.0,1,1,1.0,0,0,0,-9999.0,0.4375,1,P22_CV0,2,0,2,1,1,0,2,0,2
8,-168382.0203,-625245.7533,E8_F45_m23f23_P6_Y6_UO1163,I23_F27_m92f92_P6_Y3_UO4284,I23_F27_m-1f-1_P23_Y-1_U0,FXX,1,0.0,1,1,1.0,0,0,0,-9999.0,0.5625,1,P22_CV0,2,1,1,1,1,0,2,0,2
8,-168382.0203,-625245.7533,E8_F45_m23f23_P6_Y6_UO1241,I23_F57_m-1f-1_P23_Y-1_U186,I23_F57_m92f92_P27_Y4_UO4374,MXY,1,0.0,1,1,0.0,0,0,0,-9999.0,0.5,1,P22_CV0,2,1,1,2,0,0,2,0,2
8,-168382.0203,-625245.7533,E8_F45_m90f90_P57_Y6_UO4241,I90_F86_m90f90_P35_Y4_UO4220,I90_F27_m7f7_P35_Y4_UO411,FXX,1,0.0,1,1,1.0,0,0,0,-9999.0,0.4375,1,P22_CV0,2,0,2,0,2,0,2,0,2
8,-168382.0203,-625245.7533,E8_F45_m90f90_P86_Y6_UO4335,I90_F86_m-1f-1_P23_Y-1_U13,I90_F52_m23f23_P86_Y4_UO1179,MXY,1,0.0,1,1,0.0,0,0,0,-9999.0,0.375,1,P22_CV0,2,1,1,0,2,0,2,0,2
8,-168382.0203,-625245.7533,E8_F63_m63f63_P68_Y6_UO3092,I63_F8_m-1f-1_P11_Y-1_U233,I63_F8_m45f45_P68_Y4_UO2131,FXX,1,0.0,1,1,1.0,0,0,0,-9999.0,0.1875,1,P22_CV0,2,1,1,2,0,0,2,0,2
8,-168382.0203,-625245.7533,E8_F92_m90f90_P27_Y6_UO4334,ID90_F6_m-1f-1_P23_Y-1_U39,I90_F52_m92f92_P6_Y1_UO4158,MXY,1,0.0,1,1,0.0,0,0,0,-9999.0,0.0,1,P22_CV0,2,0,2,2,0,0,2,0,2
8,-168382.0203,-625245.7533,E8_F45_m90f90_P6_Y5_UO4292,ID90_F86_m-1f-1_P23_Y-1_U238,ID90_F99_m58f58_P99_Y0_UO3030,FXX,2,0.0,1,0,1.0,0,0,0,-9999.0,0.375,1,P22_CV0,2,1,1,1,1,0,2,0,2
8,-168382.0203,-625245.7533,E8_F65_m23f23_P86_Y4_UO1232,I23_F27_m-1f-1_P23_Y-1_U36,I23_F86_m50f50_P57_Y2_UO2456,MXY,3,0.0,1,0,0.0,0,0,0,-9999.0,0.375,1,P22_CV0,2,2,0,2,0,0,2,0,2
8,-168382.0203,-625245.7533,Age0_F8_m25f25_P8_Y7_UO1234,I25_F36_m31f31_P68_Y5_UO1452,I25_F68_m85f85_P68_Y2_UO3956,FXX,0,0.0,0,0,0.0,0,0,0,0.0,0.21875,1,P24_CV0,2,0,2,1,1,0,2,0,2
8,-168382.0203,-625245.7533,Age0_F8_m25f25_P8_Y7_UO1245,I25_F8_m43f43_P48_Y5_UO2118,I25_F69_m25f25_P8_Y5_UO1306,MXY,0,0.0,0,0,0.0,0,0,0,0.0,0.3125,1,P24_CV0,2,1,1,1,1,0,2,0,2
8,-168382.0203,-625245.7533,Age0_F8_m25f25_P8_Y7_UO1256,I25_F8_m63f63_P68_Y5_UO3079,ID25_F98_m63f63_P8_Y5_UO2983,FXX,0,0.0,0,0,0.0,0,0,0,0.0,0.625,1,P24_CV0,2,2,0,1,1,0,2,0,2
8,-168382.0203,-625245.7533,Age0_F8_m25f25_P8_Y7_UO1272,ID25_F69_m85f85_P98_Y4_UO3964,I25_F8_m63f63_P8_Y1_UO2915,MXY,0,0.0,0,0,0.0,0,0,0,0.0,0.375,1,P24_CV0,2,1,1,2,0,0,2,0,2
8,-168382.0203,-625245.7533,Age0_F8_m25f25_P8_Y7_UO1277,I25_F36_m25f25_P8_Y4_UO1250,I25_F68_m100f100_P68_Y5_UO4558,MXY,0,0.0,0,0,0.0,0,0,0,0.0,0.28125,1,P24_CV0,2,0,2,2,0,0,2,0,2
8,-168382.0203,-625245.7533,Age0_F8_m25f25_P8_Y7_UO1282,I25_F69_m25f25_P68_Y4_UO1313,ID25_F98_m63f63_P8_Y5_UO2983,FXX,0,0.0,0,0,0.0,0,0,0,0.0,0.625,1,P24_CV0,2,2,0,0,2,0,2,0,2
8,-168382.0203,-625245.7533,Age0_F8_m25f25_P8_Y7_UO1289,I25_F8_m84f84_P68_Y3_UO3889,ID25_F98_m85f85_P36_Y4_UO3934,FXX,0,0.0,0,0,0.0,0,0,0,0.0,0.53125,1,P24_CV0,2,1,1,1,1,0,2,0,2
8,-168382.0203,-625245.7533,Age0_F8_m25f25_P8_Y7_UO1293,ID25_F98_m84f84_P8_Y3_UO3861,I25_F68_m-1f-1_P25_Y-1_U153,FXX,0,0.0,0,0,0.0,0,0,0,0.0,0.875,1,P24_CV0,2,1,1,0,2,0,2,0,2
8,-168382.0203,-625245.7533,Age0_F8_m25f25_P8_Y7_UO1310,I25_F68_m25f25_P36_Y2_UO1334,I25_F68_m84f84_P8_Y5_UO3868,FXX,0,0.0,0,0,0.0,0,0,0,0.0,0.59375,1,P24_CV0,2,1,1,1,1,0,2,0,2
8,-168382.0203,-625245.7533,Age0_F8_m25f25_P8_Y7_UO1323,I25_F68_m25f25_P8_Y0_UO1408,I25_F68_m45f45_P8_Y2_UO2168,MXY,0,0.0,0,0,0.0,0,0,0,0.0,0.25,1,P24_CV0,2,0,2,1,1,0,2,0,2
8,-168382.0203,-625245.7533,Age0_F8_m31f31_P8_Y7_UO1491,I31_F8_m84f84_P68_Y4_UO3834,I31_F8_m85f85_P69_Y5_UO3957,MXY,0,0.0,0,0,0.0,0,0,0,0.0,0.5625,1,P24_CV0,2,0,2,1,1,0,2,0,2
8,-168382.0203,-625245.7533,Age0_F8_m31f31_P8_Y7_UO1494,ID31_F68_m63f63_P8_Y4_UO2959,I31_F68_m-1f-1_P65_Y-1_U20,MXY,0,0.0,0,0,0.0,0,0,0,0.0,0.5625,1,P24_CV0,2,2,0,1,1,0,2,0,2
8,-168382.0203,-625245.7533,Age0_F8_m63f63_P8_Y7_UO3000,I63_F68_m25f25_P69_Y5_UO1255,I63_F68_m42f42_P98_Y5_UO2035,FXX,0,0.0,0,0,0.0,0,0,0,0.0,0.65625,1,P24_CV0,2,2,0,1,1,0,2,0,2
8,-168382.0203,-625245.7533,Age0_F8_m63f63_P8_Y7_UO3012,I63_F69_m100f100_P68_Y5_UO4618,ID63_F48_m-1f-1_P25_Y-1_U38,MXY,0,0.0,0,0,0.0,0,0,0,0.0,0.6875,1,P24_CV0,2,2,0,1,1,0,2,0,2
8,-168382.0203,-625245.7533,Age0_F8_m63f63_P8_Y7_UO3021,I63_F68_m65f65_P69_Y5_UO3167,ID63_F36_m63f63_P68_Y5_UO2985,FXX,0,0.0,0,0,0.0,0,0,0,0.0,0.53125,1,P24_CV0,2,1,1,1,1,0,2,0,2
8,-168382.0203,-625245.7533,Age0_F8_m63f63_P8_Y7_UO3030,I63_F8_m65f65_P8_Y4_UO3119,I63_F68_m85f85_P36_Y5_UO3965,FXX,0,0.0,0,0,0.0,0,0,0,0.0,0.5,1,P24_CV0,2,2,0,0,2,0,2,0,2
8,-168382.0203,-625245.7533,Age0_F8_m63f63_P8_Y7_UO3033,I63_F8_m25f25_P69_Y4_UO1279,ID63_F8_m45f45_P8_Y4_UO2199,FXX,0,0.0,0,0,0.0,0,0,0,0.0,0.375,1,P24_CV0,2,2,0,1,1,0,2,0,2
8,-168382.0203,-625245.7533,Age0_F8_m63f63_P8_Y7_UO3052,I63_F8_m25f25_P68_Y3_UO1308,ID63_F68_m65f65_P36_Y3_UO3075,FXX,0,0.0,0,0,0.0,0,0,0,0.0,0.4375,1,P24_CV0,2,1,1,2,0,0,2,0,2
8,-168382.0203,-625245.7533,Age0_F8_m63f63_P8_Y7_UO3080,I63_F8_m95f95_P28_Y1_UO4320,I63_F69_m31f31_P68_Y4_UO1458,FXX,0,0.0,0,0,0.0,0,0,0,0.0,0.4375,1,P24_CV0,2,1,1,1,1,0,2,0,2
8,-168382.0203,-625245.7533,Age0_F8_m63f63_P8_Y7_UO3086,I63_F8_m25f25_P68_Y0_UO1404,I63_F68_m-1f-1_P31_Y-1_U221,MXY,0,0.0,0,0,0.0,0,0,0,0.0,0.625,1,P24_CV0,2,2,0,0,2,0,2,0,2
8,-168382.0203,-625245.7533,Age0_F8_m63f63_P8_Y7_UO3108,ID63_F68_m-1f-1_P11_Y-1_U62,ID63_F68_m-1f-1_P25_Y-1_U33,MXY,0,0.0,0,0,0.0,0,0,0,0.0,0.0,1,P24_CV0,2,0,2,1,1,0,2,0,2
8,-168382.0203,-625245.7533,Age0_F8_m65f65_P8_Y7_UO3162,I65_F8_m45f45_P8_Y3_UO2205,ID65_F8_m63f63_P36_Y4_UO3037,FXX,0,0.0,0,0,0.0,0,0,0,0.0,1.0,1,P24_CV0,2,2,0,0,2,0,2,0,2
8,-168382.0203,-625245.7533,Age0_F8_m84f84_P8_Y7_UO3844,ID84_F68_m85f85_P36_Y5_UO3951,I84_F8_m-1f-1_P25_Y-1_U208,FXX,0,0.0,0,0,0.0,0,0,0,0.0,0.53125,1,P24_CV0,2,0,2,0,2,0,2,0,2
8,-168382.0203,-625245.7533,Age0_F8_m84f84_P8_Y7_UO3850,I84_F68_m84f84_P68_Y5_UO3928,I84_F8_m-1f-1_P25_Y-1_U223,FXX,0,0.0,0,0,0.0,0,0,0,0.0,0.125,1,P24_CV0,2,0,2,0,2,0,2,0,2
8,-168382.0203,-625245.7533,Age0_F8_m84f84_P8_Y7_UO3874,ID84_F98_m25f25_P8_Y5_UO1320,I84_F68_m63f63_P8_Y4_UO3047,MXY,0,0.0,0,0,0.0,0,0,0,0.0,0.625,1,P24_CV0,2,1,1,1,1,0,2,0,2
8,-168382.0203,-625245.7533,Age0_F8_m84f84_P8_Y7_UO3891,I84_F98_m85f85_P69_Y4_UO3925,I84_F69_m58f58_P98_Y4_UO2751,FXX,0,0.0,0,0,0.0,0,0,0,0.0,0.5,1,P24_CV0,2,1,1,1,1,0,2,0,2
8,-168382.0203,-625245.7533,Age0_F8_m84f84_P8_Y7_UO3954,I84_F68_m-1f-1_P25_Y-1_U86,I84_F69_m-1f-1_P25_Y-1_U100,MXY,0,0.0,0,0,0.0,0,0,0,0.0,0.75,1,P24_CV0,2,1,1,0,2,0,2,0,2
8,-168382.0203,-625245.7533,Age0_F8_m85f85_P8_Y7_UO4022,I85_F69_m31f31_P68_Y2_UO1535,I85_F69_m85f85_P36_Y5_UO4012,FXX,0,0.0,0,0,0.0,0,0,0,0.0,0.5625,1,P24_CV0,2,2,0,1,1,0,2,0,2
8,-168382.0203,-625245.7533,Age0_F8_m85f85_P8_Y7_UO4044,I85_F21_m-1f-1_P25_Y-1_U168,I85_F36_m94f94_P69_Y3_UO4410,FXX,0,0.0,0,0,0.0,0,0,0,0.0,0.5,1,P24_CV0,2,2,0,1,1,0,2,0,2
8,-168382.0203,-625245.7533,E8_F25_m25f25_P36_Y6_UO1260,I25_F69_m85f85_P36_Y4_UO3970,I25_F68_m-1f-1_P84_Y-1_U238,MXY,1,0.0,1,1,0.0,0,0,0,-9999.0,0.25,1,P24_CV0,2,1,1,1,1,0,2,0,2
8,-168382.0203,-625245.7533,E8_F25_m84f84_P68_Y6_UO3935,ID84_F8_m25f25_P68_Y1_UO1251,I84_F8_m63f63_P69_Y3_UO3021,FXX,1,0.0,1,1,1.0,0,0,0,-9999.0,0.25,1,P24_CV0,2,0,2,2,0,0,2,0,2
8,-168382.0203,-625245.7533,E8_F31_m65f65_P8_Y6_UO3179,I65_F36_m100f100_P68_Y1_UO4426,I65_F98_m84f84_P8_Y4_UO3860,FXX,1,0.0,1,1,1.0,0,0,0,-9999.0,0.5,1,P24_CV0,2,1,1,2,0,0,2,0,2
8,-168382.0203,-625245.7533,E8_F63_m63f63_P8_Y6_UO3049,I63_F8_m31f31_P68_Y2_UO1508,I63_F36_m31f31_P8_Y4_UO1474,FXX,1,0.0,1,1,1.0,0,0,0,-9999.0,0.375,1,P24_CV0,2,1,1,2,0,0,2,0,2
8,-168382.0203,-625245.7533,E8_F63_m25f25_P68_Y6_UO1326,ID25_F68_m31f31_P68_Y0_UO1576,I25_F68_m84f84_P68_Y4_UO3836,MXY,1,0.0,1,1,0.0,0,0,0,-9999.0,0.625,1,P24_CV0,2,1,1,0,2,0,2,0,2
8,-168382.0203,-625245.7533,E8_F65_m63f63_P8_Y6_UO3011,I63_F8_m63f63_P8_Y4_UO3035,I63_F68_m25f25_P68_Y2_UO1276,MXY,1,0.0,1,1,0.0,0,0,0,-9999.0,0.5,1,P24_CV0,2,1,1,0,2,0,2,0,2
8,-168382.0203,-625245.7533,E8_F65_m11f11_P69_Y6_UO684,I11_F89_m-1f-1_P11_Y-1_U63,I11_F49_m100f100_P49_Y3_UO4535,MXY,1,0.0,1,1,0.0,0,0,0,-9999.0,0.6875,1,P24_CV0,2,2,0,1,1,0,2,0,2
8,-168382.0203,-625245.7533,E8_F65_m25f25_P69_Y6_UO1336,ID25_F69_m-1f-1_P25_Y-1_U107,I25_F68_m85f85_P68_Y2_UO3956,MXY,1,0.0,1,1,0.0,0,0,0,-9999.0,0.375,1,P24_CV0,2,1,1,2,0,0,2,0,2
8,-168382.0203,-625245.7533,E8_F84_m25f25_P8_Y6_UO1295,I25_F8_m65f65_P36_Y3_UO3124,I25_F8_m-1f-1_P25_Y-1_U197,FXX,1,0.0,1,1,1.0,0,0,0,-9999.0,0.5,1,P24_CV0,2,1,1,2,0,0,2,0,2
8,-168382.0203,-625245.7533,E8_F84_m25f25_P8_Y6_UO1338,I25_F69_m-1f-1_P25_Y-1_U34,ID25_F69_m85f85_P36_Y3_UO3942,FXX,1,0.0,1,1,1.0,0,0,0,-9999.0,0.5,1,P24_CV0,2,1,1,2,0,0,2,0,2
8,-168382.0203,-625245.7533,E8_F84_m63f63_P8_Y6_UO3015,I63_F8_m65f65_P68_Y4_UO3152,I63_F8_m25f25_P8_Y4_UO1330,MXY,1,0.0,1,1,0.0,0,0,0,-9999.0,0.375,1,P24_CV0,2,0,2,0,2,0,2,0,2
8,-168382.0203,-625245.7533,E8_F84_m84f84_P8_Y6_UO3949,ID84_F8_m25f25_P8_Y0_UO1395,I84_F8_m84f84_P68_Y1_UO3677,MXY,1,0.0,1,1,0.0,0,0,0,-9999.0,0.625,1,P24_CV0,2,0,2,0,2,0,2,0,2
8,-168382.0203,-625245.7533,E8_F84_m85f85_P36_Y6_UO4031,I85_F98_m25f25_P8_Y2_UO1299,I85_F69_m85f85_P69_Y3_UO3955,MXY,1,0.0,1,1,0.0,0,0,0,-9999.0,0.25,1,P24_CV0,2,0,2,2,0,0,2,0,2
8,-168382.0203,-625245.7533,E8_F84_m25f25_P68_Y6_UO1263,ID25_F36_m84f84_P8_Y4_UO3841,I25_F8_m31f31_P68_Y2_UO1546,MXY,1,0.0,1,1,0.0,0,0,0,-9999.0,0.4375,1,P24_CV0,2,2,0,1,1,0,2,0,2
8,-168382.0203,-625245.7533,E8_F84_m84f84_P68_Y6_UO3906,I84_F8_m84f84_P68_Y3_UO3814,I84_F98_m25f25_P68_Y0_UO1337,FXX,1,0.0,1,1,1.0,0,0,0,-9999.0,0.5,1,P24_CV0,2,1,1,1,1,0,2,0,2
8,-168382.0203,-625245.7533,E8_F84_m65f65_P98_Y6_UO3139,I65_F8_m25f25_P8_Y3_UO1297,I65_F68_m-1f-1_P25_Y-1_U217,FXX,1,0.0,1,1,1.0,0,0,0,-9999.0,0.8125,1,P24_CV0,2,1,1,0,2,0,2,0,2
8,-168382.0203,-625245.7533,E8_F25_m31f31_P68_Y5_UO1452,I31_F8_m65f65_P69_Y3_UO3165,I31_F8_m-1f-1_P25_Y-1_U97,FXX,2,0.0,1,0,1.0,0,0,0,-9999.0,0.1875,1,P24_CV0,2,0,2,1,1,0,2,0,2
8,-168382.0203,-625245.7533,E8_F31_m25f25_P69_Y5_UO1245,I25_F69_m63f63_P8_Y3_UO3030,I25_F8_m-1f-1_P25_Y-1_U177,FXX,2,0.0,1,0,1.0,0,0,0,-9999.0,0.5,1,P24_CV0,2,1,1,1,1,0,2,0,2
8,-168382.0203,-625245.7533,E8_F63_m25f25_P69_Y5_UO1255,I25_F98_m31f31_P8_Y3_UO1486,I25_F8_m100f100_P48_Y2_UO4605,FXX,2,0.0,1,0,1.0,0,0,0,-9999.0,0.5625,1,P24_CV0,2,1,1,0,2,0,2,0,2
8,-168382.0203,-625245.7533,E8_F63_m85f85_P36_Y5_UO3986,I85_F69_m63f63_P68_Y1_UO2923,I85_F36_m25f25_P8_Y1_UO1223,FXX,2,0.0,1,0,1.0,0,0,0,-9999.0,0.5,1,P24_CV0,2,1,1,1,1,0,2,0,2
8,-168382.0203,-625245.7533,E8_F63_m85f85_P69_Y5_UO3980,ID85_F68_m25f25_P68_Y2_UO1246,I85_F28_m65f65_P98_Y2_UO3137,MXY,2,0.0,1,0,0.0,0,0,0,-9999.0,0.25,1,P24_CV0,2,0,2,1,1,0,2,0,2
8,-168382.0203,-625245.7533,E8_F65_m25f25_P8_Y5_UO1336,ID25_F68_m-1f-1_P25_Y-1_U26,I25_F68_m63f63_P8_Y1_UO2926,MXY,2,0.0,1,0,0.0,0,0,0,-9999.0,0.75,1,P24_CV0,2,2,0,0,2,0,2,0,2
8,-168382.0203,-625245.7533,E8_F84_m25f25_P8_Y5_UO1264,I25_F69_m25f25_P68_Y3_UO1304,I25_F36_m15f15_P41_Y0_UO807,FXX,2,0.0,1,0,1.0,0,0,0,-9999.0,0.25,1,P24_CV0,2,1,1,1,1,0,2,0,2
8,-168382.0203,-625245.7533,E8_F84_m25f25_P36_Y5_UO1268,I25_F68_m65f65_P8_Y2_UO3124,I25_F68_m84f84_P69_Y0_UO4202,MXY,2,0.0,1,0,0.0,0,0,0,-9999.0,0.625,1,P24_CV0,2,2,0,2,0,0,2,0,2
8,-168382.0203,-625245.7533,E8_F84_m25f25_P8_Y5_UO1320,ID25_F68_m-1f-1_P25_Y-1_U86,I25_F68_m-1f-1_P25_Y-1_U153,FXX,2,0.0,1,0,1.0,0,0,0,-9999.0,0.75,1,P24_CV0,2,2,0,0,2,0,2,0,2
8,-168382.0203,-625245.7533,E8_F25_m85f85_P98_Y4_UO3964,ID85_F98_m25f25_P8_Y0_UO1411,ID85_F8_m-1f-1_P84_Y-1_U58,FXX,3,0.0,1,0,1.0,0,0,0,-9999.0,0.5,1,P24_CV0,2,2,0,2,0,0,2,0,2
8,-168382.0203,-625245.7533,E8_F25_m85f85_P36_Y4_UO3970,I85_F68_m-1f-1_P25_Y-1_U175,I85_F68_m85f85_P69_Y2_UO3944,FXX,3,0.0,1,0,1.0,0,0,0,-9999.0,0.5,1,P24_CV0,2,1,1,0,2,0,2,0,2
8,-168382.0203,-625245.7533,E8_F25_m63f63_P8_Y4_UO3061,I63_F8_m-1f-1_P25_Y-1_U115,ID63_F8_m85f85_P69_Y0_UO4249,FXX,3,0.0,1,0,1.0,0,0,0,-9999.0,0.625,1,P24_CV0,2,1,1,1,1,0,2,0,2
8,-168382.0203,-625245.7533,E8_F25_m25f25_P68_Y4_UO1313,I25_F68_m-1f-1_P25_Y-1_U168,ID25_F8_m-1f-1_P84_Y-1_U156,FXX,3,0.0,1,0,1.0,0,0,0,-9999.0,0.75,1,P24_CV0,2,1,1,1,1,0,2,0,2
8,-168382.0203,-625245.7533,E8_F25_m31f31_P68_Y4_UO1543,I31_F8_m-1f-1_P63_Y-1_U60,ID31_F8_m-1f-1_P25_Y-1_U4,MXY,3,0.0,1,0,0.0,0,0,0,-9999.0,0.5,1,P24_CV0,2,1,1,2,0,0,2,0,2
8,-168382.0203,-625245.7533,E8_F31_m65f65_P69_Y4_UO3150,I65_F98_m-1f-1_P65_Y-1_U45,I65_F36_m25f25_P68_Y0_UO1409,MXY,3,0.0,1,0,0.0,0,0,0,-9999.0,0.25,1,P24_CV0,2,1,1,1,1,0,2,0,2
8,-168382.0203,-625245.7533,E8_F31_m25f25_P68_Y4_UO1254,I25_F8_m25f25_P8_Y2_UO1323,ID25_F69_m25f25_P8_Y2_UO1286,MXY,3,0.0,1,0,0.0,0,0,0,-9999.0,0.75,1,P24_CV0,2,2,0,0,2,0,2,0,2
8,-168382.0203,-625245.7533,E8_F31_m84f84_P68_Y4_UO3834,I84_F68_m63f63_P8_Y2_UO3028,I84_F8_m25f25_P8_Y2_UO1318,FXX,3,0.0,1,0,1.0,0,0,0,-9999.0,0.375,1,P24_CV0,2,0,2,1,1,0,2,0,2
8,-168382.0203,-625245.7533,E8_F31_m63f63_P68_Y4_UO3041,I63_F8_m-1f-1_P25_Y-1_U142,I63_F68_m-1f-1_P63_Y-1_U79,FXX,3,0.0,1,0,1.0,0,0,0,-9999.0,0.25,1,P24_CV0,2,1,1,1,1,0,2,0,2
8,-168382.0203,-625245.7533,E8_F31_m63f63_P8_Y4_UO2959,I63_F36_m11f11_P69_Y2_UO598,ID63_F8_m25f25_P69_Y2_UO1280,FXX,3,0.0,1,0,1.0,0,0,0,-9999.0,0.625,1,P24_CV0,2,2,0,0,2,0,2,0,2
8,-168382.0203,-625245.7533,E8_F31_m84f84_P68_Y4_UO3812,I84_F69_m63f63_P69_Y2_UO3055,I84_F69_m-1f-1_P25_Y-1_U123,MXY,3,0.0,1,0,0.0,0,0,0,-9999.0,0.5,1,P24_CV0,2,1,1,2,0,0,2,0,2
8,-168382.0203,-625245.7533,E8_F63_m65f65_P8_Y4_UO3119,ID65_F8_m25f25_P69_Y0_UO1391,I65_F69_m65f65_P98_Y1_UO2975,FXX,3,0.0,1,0,1.0,0,0,0,-9999.0,0.5,1,P24_CV0,2,2,0,0,2,0,2,0,2
8,-168382.0203,-625245.7533,E8_F63_m25f25_P68_Y4_UO1272,I25_F68_m85f85_P8_Y1_UO3805,I25_F36_m-1f-1_P25_Y-1_U93,MXY,3,0.0,1,0,0.0,0,0,0,-9999.0,0.5,1,P24_CV0,2,0,2,1,1,0,2,0,2
8,-168382.0203,-625245.7533,E8_F63_m31f31_P8_Y4_UO1474,I31_F8_m25f25_P68_Y1_UO1206,ID31_F86_m-1f-1_P31_Y-1_U152,MXY,3,0.0,1,0,0.0,0,0,0,-9999.0,0.375,1,P24_CV0,2,1,1,1,1,0,2,0,2
8,-168382.0203,-625245.7533,E8_F63_m25f25_P69_Y4_UO1279,I25_F68_m84f84_P68_Y1_UO3661,I25_F68_m-1f-1_P25_Y-1_U67,FXX,3,0.0,1,0,1.0,0,0,0,-9999.0,0.5,1,P24_CV0,2,2,0,0,2,0,2,0,2
8,-168382.0203,-625245.7533,E8_F63_m25f25_P8_Y4_UO1330,I25_F68_m-1f-1_P63_Y-1_U118,I25_F68_m-1f-1_P25_Y-1_U236,MXY,3,0.0,1,0,0.0,0,0,0,-9999.0,0.5,1,P24_CV0,2,1,1,0,2,0,2,0,2
8,-168382.0203,-625245.7533,E8_F65_m31f31_P68_Y4_UO1451,I31_F68_m25f25_P8_Y2_UO1272,I31_F68_m-1f-1_P31_Y-1_U103,FXX,3,0.0,1,0,1.0,0,0,0,-9999.0,0.625,1,P24_CV0,2,1,1,1,1,0,2,0,2
8,-168382.0203,-625245.7533,E8_F65_m65f65_P28_Y4_UO3105,I65_F98_m25f25_P8_Y1_UO1252,I65_F8_m-1f-1_P65_Y-1_U58,MXY,3,0.0,1,0,0.0,0,0,0,-9999.0,0.375,1,P24_CV0,2,0,2,1,1,0,2,0,2
8,-168382.0203,-625245.7533,E8_F65_m84f84_P68_Y4_UO3871,ID84_F68_m-1f-1_P45_Y-1_U168,ID84_F98_m25f25_P68_Y0_UO1407,MXY,3,0.0,1,0,0.0,0,0,0,-9999.0,0.5,1,P24_CV0,2,2,0,0,2,0,2,0,2
8,-168382.0203,-625245.7533,E8_F84_m85f85_P69_Y4_UO3925,ID85_F68_m25f25_P8_Y2_UO1299,I85_F36_m-1f-1_P65_Y-1_U51,FXX,3,0.0,1,0,1.0,0,0,0,-9999.0,0.5,1,P24_CV0,2,1,1,0,2,0,2,0,2
8,-168382.0203,-625245.7533,E8_F25_m84f84_P68_Y3_UO3889,I84_F69_m-1f-1_P25_Y-1_U201,ID84_F68_m-1f-1_P63_Y-1_U0,FXX,4,0.0,1,0,1.0,0,0,0,-9999.0,0.25,1,P24_CV0,2,0,2,2,0,0,2,0,2
8,-168382.0203,-625245.7533,E8_F25_m65f65_P98_Y3_UO3066,I65_F36_m25f25_P8_Y1_UO1252,I65_F8_m-1f-1_P65_Y-1_U58,MXY,4,0.0,1,0,0.0,0,0,0,-9999.0,0.375,1,P24_CV0,2,1,1,1,1,0,2,0,2
8,-168382.0203,-625245.7533,E8_F31_m25f25_P69_Y3_UO1336,I25_F36_m-1f-1_P25_Y-1_U42,ID25_F68_m-1f-1_P84_Y-1_U156,MXY,4,0.0,1,0,0.0,0,0,0,-9999.0,1.0,1,P24_CV0,2,2,0,1,1,0,2,0,2
8,-168382.0203,-625245.7533,E8_F63_m25f25_P68_Y3_UO1308,I25_F68_m-1f-1_P25_Y-1_U168,I25_F68_m63f63_P8_Y1_UO2879,FXX,4,0.0,1,0,1.0,0,0,0,-9999.0,0.5,1,P24_CV0,2,1,1,1,1,0,2,0,2
8,-168382.0203,-625245.7533,E8_F65_m65f65_P98_Y3_UO3115,I65_F68_m-1f-1_P85_Y-1_U90,ID65_F98_m25f25_P68_Y0_UO1409,MXY,4,0.0,1,0,0.0,0,0,0,-9999.0,0.5,1,P24_CV0,2,1,1,1,1,0,2,0,2
8,-168382.0203,-625245.7533,E8_F84_m31f31_P8_Y3_UO1466,I31_F8_m25f25_P68_Y1_UO1206,I31_F68_m-1f-1_P63_Y-1_U39,MXY,4,0.0,1,0,0.0,0,0,0,-9999.0,0.375,1,P24_CV0,2,0,2,1,1,0,2,0,2
8,-168382.0203,-625245.7533,E8_F25_m25f25_P36_Y2_UO1334,I25_F8_m-1f-1_P25_Y-1_U42,I25_F8_m-1f-1_P25_Y-1_U81,FXX,5,0.0,1,0,1.0,0,0,0,-9999.0,0.75,1,P24_CV0,2,2,0,1,1,0,2,0,2
8,-168382.0203,-625245.7533,E8_F31_m63f63_P8_Y2_UO3082,ID63_F68_m-1f-1_P25_Y-1_U115,ID63_F8_m-1f-1_P31_Y-1_U215,MXY,5,0.0,1,0,0.0,0,0,0,-9999.0,0.75,1,P24_CV0,2,2,0,1,1,0,2,0,2
8,-168382.0203,-625245.7533,E8_F85_m31f31_P68_Y2_UO1535,I31_F8_m-1f-1_P25_Y-1_U47,I31_F68_m-1f-1_P31_Y-1_U96,FXX,5,0.0,1,0,1.0,0,0,0,-9999.0,0.5,1,P24_CV0,2,2,0,2,0,0,2,0,2
8,-168382.0203,-625245.7533,E8_F65_m25f25_P68_Y1_UO1190,I25_F68_m-1f-1_P25_Y-1_U71,I25_F8_m-1f-1_P25_Y-1_U227,FXX,6,0.0,1,0,1.0,0,0,0,-9999.0,0.5,1,P24_CV0,2,0,2,2,0,0,2,0,2
8,-168382.0203,-625245.7533,E8_F84_m25f25_P8_Y1_UO1252,I25_F68_m-1f-1_P25_Y-1_U28,ID25_F8_m-1f-1_P65_Y-1_U132,FXX,6,0.0,1,0,1.0,0,0,0,-9999.0,0.25,1,P24_CV0,2,1,1,2,0,0,2,0,2
8,-168382.0203,-625245.7533,E8_F84_m25f25_P68_Y1_UO1251,I25_F69_m-1f-1_P25_Y-1_U170,I25_F68_m-1f-1_P25_Y-1_U24,FXX,6,0.0,1,0,1.0,0,0,0,-9999.0,0.25,1,P24_CV0,2,0,2,1,1,0,2,0,2
8,-168382.0203,-625245.7533,E8_F25_m25f25_P8_Y0_UO1408,R25_F25_m-1f-1_P25_Y-1_U224,R25_F25_m-1f-1_P25_Y-1_U183,FXX,7,0.0,1,0,1.0,0,0,0,-9999.0,0.5,1,P24_CV0,2,1,1,1,1,0,2,0,2
8,-168382.0203,-625245.7533,E8_F25_m25f25_P8_Y0_UO1415,R25_F25_m-1f-1_P25_Y-1_U240,R25_F25_m-1f-1_P25_Y-1_U183,MXY,7,0.0,1,0,0.0,0,0,0,-9999.0,0.75,1,P24_CV0,2,2,0,1,1,0,2,0,2
8,-168382.0203,-625245.7533,E8_F25_m25f25_P69_Y0_UO1376,R25_F25_m-1f-1_P25_Y-1_U132,R25_F25_m-1f-1_P25_Y-1_U49,FXX,7,0.0,1,0,1.0,0,0,0,-9999.0,1.0,1,P24_CV0,2,2,0,1,1,0,2,0,2
8,-168382.0203,-625245.7533,E8_F63_m25f25_P68_Y0_UO1404,R25_F25_m-1f-1_P25_Y-1_U213,R25_F25_m-1f-1_P25_Y-1_U19,FXX,7,0.0,1,0,1.0,0,0,0,-9999.0,0.75,1,P24_CV0,2,2,0,1,1,0,2,0,2
8,-168382.0203,-625245.7533,E8_F84_m25f25_P8_Y0_UO1375,R25_F25_m-1f-1_P25_Y-1_U131,R25_F25_m-1f-1_P25_Y-1_U93,MXY,7,0.0,1,0,0.0,0,0,0,-9999.0,0.5,1,P24_CV0,2,0,2,2,0,0,2,0,2
8,-168382.0203,-625245.7533,E8_F63_m-1f-1_P25_Y-1_U32,-9999,-9999,MXY,8,0.0,1,0,0.0,0,0,0,-9999.0,0.5,1,P24_CV0,2,1,1,1,1,0,2,0,2
8,-168382.0203,-625245.7533,E8_F63_m-1f-1_P25_Y-1_U33,-9999,-9999,MXY,8,0.0,1,0,0.0,0,0,0,-9999.0,0.0,1,P24_CV0,2,0,2,1,1,0,2,0,2
8,-168382.0203,-625245.7533,E8_F25_m-1f-1_P25_Y-1_U197,-9999,-9999,MXY,9,0.0,1,0,0.0,0,0,0,-9999.0,0.5,1,P24_CV0,2,1,1,2,0,0,2,0,2
8,-168382.0203,-625245.7533,E8_F63_m-1f-1_P25_Y-1_U73,-9999,-9999,MXY,9,0.0,1,0,0.0,0,0,0,-9999.0,0.0,1,P24_CV0,2,0,2,2,0,0,2,0,2
8,-168382.0203,-625245.7533,E8_F63_m-1f-1_P25_Y-1_U71,-9999,-9999,FXX,9,0.0,1,0,1.0,0,0,0,-9999.0,0.5,1,P24_CV0,2,1,1,2,0,0,2,0,2
8,-168382.0203,-625245.7533,E8_F84_m-1f-1_P25_Y-1_U223,-9999,-9999,MXY,9,0.0,1,0,0.0,0,0,0,-9999.0,0.0,1,P24_CV0,2,0,2,0,2,0,2,0,2
8,-168382.0203,-625245.7533,E8_F31_m-1f-1_P25_Y-1_U249,-9999,-9999,MXY,10,0.0,1,0,0.0,0,0,0,-9999.0,0.5,1,P24_CV0,2,1,1,1,1,0,2,0,2
8,-168382.0203,-625245.7533,E8_F85_m-1f-1_P25_Y-1_U168,-9999,-9999,FXX,10,0.0,1,0,1.0,0,0,0,-9999.0,0.5,1,P24_CV0,2,1,1,1,1,0,2,0,2
8,-168382.0203,-625245.7533,E8_F84_m-1f-1_P25_Y-1_U164,-9999,-9999,FXX,11,0.0,1,0,1.0,0,0,0,-9999.0,0.5,1,P24_CV0,2,1,1,0,2,0,2,0,2
8,-168382.0203,-625245.7533,E8_F84_m-1f-1_P25_Y-1_U86,-9999,-9999,FXX,11,0.0,1,0,1.0,0,0,0,-9999.0,0.5,1,P24_CV0,2,1,1,1,1,0,2,0,2
8,-168382.0203,-625245.7533,E8_F25_m-1f-1_P25_Y-1_U236,-9999,-9999,MXY,12,0.0,1,0,0.0,0,0,0,-9999.0,1.0,1,P24_CV0,2,2,0,0,2,0,2,0,2
8,-168382.0203,-625245.7533,E8_F63_m-1f-1_P25_Y-1_U4,-9999,-9999,MXY,15,0.0,1,0,0.0,0,0,0,-9999.0,1.0,1,P24_CV0,2,2,0,2,0,0,2,0,2
8,-168382.0203,-625245.7533,Age0_F8_m45f45_P8_Y7_UO2192,I45_F8_m90f90_P6_Y5_UO4292,I45_F57_m-1f-1_P30_Y-1_U231,FXX,0,0.0,0,0,0.0,0,0,0,0.0,0.4375,1,P29_CV0,2,1,1,1,1,0,2,0,2
8,-168382.0203,-625245.7533,E8_F31_m46f46_P52_Y5_UO2251,ID46_F52_m12f12_P86_Y2_UO719,I46_F13_m-1f-1_P46_Y-1_U19,MXY,2,0.0,1,0,0.0,0,0,0,-9999.0,0.5625,1,P29_CV0,2,1,1,0,2,0,2,0,2
8,-168382.0203,-625245.7533,Age0_F8_m25f25_P8_Y7_UO1261,I25_F36_m31f31_P8_Y5_UO1482,I25_F68_m65f65_P69_Y3_UO3119,MXY,0,0.0,0,0,0.0,0,0,0,0.0,0.28125,1,P30_CV0,2,0,2,1,1,0,2,0,2
8,-168382.0203,-625245.7533,Age0_F8_m25f25_P8_Y7_UO1287,I25_F68_m84f84_P8_Y4_UO3841,I25_F68_m45f45_P8_Y2_UO2168,FXX,0,0.0,0,0,0.0,0,0,0,0.0,0.3125,1,P30_CV0,2,1,1,0,2,0,2,0,2
8,-168382.0203,-625245.7533,Age0_F8_m25f25_P8_Y7_UO1304,ID25_F68_m84f84_P68_Y2_UO3894,I25_F8_m100f100_P68_Y3_UO4559,FXX,0,0.0,0,0,0.0,0,0,0,0.0,0.25,1,P30_CV0,2,0,2,1,1,0,2,0,2
8,-168382.0203,-625245.7533,Age0_F8_m25f25_P8_Y7_UO1335,I25_F68_m-1f-1_P31_Y-1_U214,ID25_F8_m-1f-1_P65_Y-1_U77,MXY,0,0.0,0,0,0.0,0,0,0,0.0,0.75,1,P30_CV0,2,1,1,0,2,0,2,0,2
8,-168382.0203,-625245.7533,Age0_F8_m31f31_P8_Y7_UO1478,ID31_F8_m84f84_P36_Y4_UO3846,I31_F68_m31f31_P8_Y2_UO1529,MXY,0,0.0,0,0,0.0,0,0,0,0.0,0.46875,1,P30_CV0,2,1,1,2,0,0,2,0,2
8,-168382.0203,-625245.7533,Age0_F8_m31f31_P8_Y7_UO1492,I31_F8_m84f84_P68_Y4_UO3832,I31_F68_m63f63_P8_Y2_UO3082,MXY,0,0.0,0,0,0.0,0,0,0,0.0,0.625,1,P30_CV0,2,2,0,0,2,0,2,0,2
8,-168382.0203,-625245.7533,Age0_F8_m31f31_P8_Y7_UO1493,I31_F8_m63f63_P68_Y4_UO3041,I31_F68_m-1f-1_P31_Y-1_U104,MXY,0,0.0,0,0,0.0,0,0,0,0.0,0.375,1,P30_CV0,2,1,1,2,0,0,2,0,2
8,-168382.0203,-625245.7533,Age0_F8_m31f31_P8_Y7_UO1519,ID31_F8_m84f84_P8_Y1_UO3720,I31_F68_m-1f-1_P31_Y-1_U208,FXX,0,0.0,0,0,0.0,0,0,0,0.0,0.5,1,P30_CV0,2,0,2,1,1,0,2,0,2
8,-168382.0203,-625245.7533,Age0_F8_m31f31_P8_Y7_UO1526,I31_F68_m55f55_P49_Y0_UO2785,I31_F8_m63f63_P8_Y3_UO3047,MXY,0,0.0,0,0,0.0,0,0,0,0.0,0.5,1,P30_CV0,2,1,1,1,1,0,2,0,2
8,-168382.0203,-625245.7533,Age0_F8_m31f31_P8_Y7_UO1527,I31_F68_m-1f-1_P84_Y-1_U91,I31_F8_m31f31_P8_Y5_UO1519,FXX,0,0.0,0,0,0.0,0,0,0,0.0,0.5,1,P30_CV0,2,0,2,1,1,0,2,0,2
8,-168382.0203,-625245.7533,Age0_F8_m31f31_P8_Y7_UO1530,I31_F68_m-1f-1_P31_Y-1_U70,I31_F69_m84f84_P68_Y4_UO3812,FXX,0,0.0,0,0,0.0,0,0,0,0.0,0.5,1,P30_CV0,2,1,1,1,1,0,2,0,2
8,-168382.0203,-625245.7533,Age0_F8_m31f31_P8_Y7_UO1531,I31_F8_m-1f-1_P85_Y-1_U231,I31_F8_m-1f-1_P31_Y-1_U78,FXX,0,0.0,0,0,0.0,0,0,0,0.0,0.75,1,P30_CV0,2,1,1,2,0,0,2,0,2
8,-168382.0203,-625245.7533,Age0_F8_m31f31_P8_Y7_UO1537,I31_F49_m-1f-1_P31_Y-1_U210,I31_F68_m-1f-1_P25_Y-1_U97,FXX,0,0.0,0,0,0.0,0,0,0,0.0,0.25,1,P30_CV0,2,1,1,0,2,0,2,0,2
8,-168382.0203,-625245.7533,Age0_F8_m45f45_P8_Y7_UO2208,I45_F6_m45f45_P86_Y4_UO2119,I45_F6_m-1f-1_P40_Y-1_U147,FXX,0,0.0,0,0,0.0,0,0,0,0.0,0.4375,1,P30_CV0,2,1,1,0,2,0,2,0,2
8,-168382.0203,-625245.7533,Age0_F8_m45f45_P8_Y7_UO2227,ID45_F8_m31f31_P8_Y2_UO1460,ID45_F8_m23f23_P57_Y5_UO1143,MXY,0,0.0,0,0,0.0,0,0,0,0.0,0.53125,1,P30_CV0,2,1,1,2,0,0,2,0,2
8,-168382.0203,-625245.7533,Age0_F8_m63f63_P8_Y7_UO3002,ID63_F98_m25f25_P68_Y5_UO1322,I63_F8_m-1f-1_P31_Y-1_U192,FXX,0,0.0,0,0,0.0,0,0,0,0.0,0.3125,1,P30_CV0,2,1,1,1,1,0,2,0,2
8,-168382.0203,-625245.7533,Age0_F8_m63f63_P8_Y7_UO3027,I63_F68_m31f31_P8_Y5_UO1465,I63_F68_m25f25_P8_Y2_UO1247,FXX,0,0.0,0,0,0.0,0,0,0,0.0,0.625,1,P30_CV0,2,2,0,1,1,0,2,0,2
8,-168382.0203,-625245.7533,Age0_F8_m63f63_P8_Y7_UO3049,ID63_F49_m45f45_P68_Y3_UO2163,I63_F8_m31f31_P8_Y1_UO1458,FXX,0,0.0,0,0,0.0,0,0,0,0.0,0.125,1,P30_CV0,2,0,2,1,1,0,2,0,2
8,-168382.0203,-625245.7533,Age0_F8_m63f63_P8_Y7_UO3081,I63_F8_m40f40_P8_Y1_UO1768,I63_F98_m31f31_P8_Y4_UO1518,FXX,0,0.0,0,0,0.0,0,0,0,0.0,0.5,1,P30_CV0,2,1,1,2,0,0,2,0,2
8,-168382.0203,-625245.7533,Age0_F8_m63f63_P8_Y7_UO3093,ID63_F68_m-1f-1_P31_Y-1_U97,ID63_F8_m31f31_P68_Y2_UO1456,MXY,0,0.0,0,0,0.0,0,0,0,0.0,0.5,1,P30_CV0,2,0,2,1,1,0,2,0,2
8,-168382.0203,-625245.7533,Age0_F8_m63f63_P8_Y7_UO3100,I63_F8_m-1f-1_P31_Y-1_U24,I63_F98_m65f65_P68_Y2_UO3155,MXY,0,0.0,0,0,0.0,0,0,0,0.0,0.5625,1,P30_CV0,2,2,0,2,0,0,2,0,2
8,-168382.0203,-625245.7533,Age0_F8_m65f65_P8_Y7_UO3165,I65_F69_m85f85_P36_Y3_UO3912,I65_F69_m84f84_P8_Y3_UO3855,MXY,0,0.0,0,0,0.0,0,0,0,0.0,0.4375,1,P30_CV0,2,1,1,1,1,0,2,0,2
8,-168382.0203,-625245.7533,Age0_F8_m84f84_P8_Y7_UO3854,I84_F8_m25f25_P8_Y5_UO1264,ID84_F68_m31f31_P68_Y3_UO1454,MXY,0,0.0,0,0,0.0,0,0,0,0.0,0.3125,1,P30_CV0,2,1,1,2,0,0,2,0,2
8,-168382.0203,-625245.7533,Age0_F8_m84f84_P8_Y7_UO3855,I84_F8_m31f31_P8_Y5_UO1453,ID84_F98_m95f95_P91_Y4_UO4501,MXY,0,0.0,0,0,0.0,0,0,0,0.0,0.46875,1,P30_CV0,2,1,1,2,0,0,2,0,2
8,-168382.0203,-625245.7533,Age0_F8_m84f84_P8_Y7_UO3867,I84_F68_m25f25_P8_Y5_UO1251,I84_F8_m65f65_P69_Y4_UO3131,FXX,0,0.0,0,0,0.0,0,0,0,0.0,0.40625,1,P30_CV0,2,2,0,1,1,0,2,0,2
8,-168382.0203,-625245.7533,Age0_F8_m84f84_P8_Y7_UO3883,I84_F68_m85f85_P28_Y4_UO3912,I84_F8_m84f84_P8_Y4_UO3850,FXX,0,0.0,0,0,0.0,0,0,0,0.0,0.5,1,P30_CV0,2,0,2,2,0,0,2,0,2
8,-168382.0203,-625245.7533,Age0_F8_m84f84_P8_Y7_UO3889,I84_F68_m31f31_P8_Y4_UO1522,I84_F48_m84f84_P8_Y5_UO3870,MXY,0,0.0,0,0,0.0,0,0,0,0.0,0.59375,1,P30_CV0,2,2,0,2,0,0,2,0,2
8,-168382.0203,-625245.7533,Age0_F8_m84f84_P8_Y7_UO3911,I84_F8_m63f63_P8_Y3_UO3063,I84_F8_m65f65_P69_Y4_UO3131,MXY,0,0.0,0,0,0.0,0,0,0,0.0,0.25,1,P30_CV0,2,2,0,1,1,0,2,0,2
8,-168382.0203,-625245.7533,Age0_F8_m84f84_P8_Y7_UO3942,I84_F98_m-1f-1_P31_Y-1_U8,I84_F36_m31f31_P68_Y3_UO1485,MXY,0,0.0,0,0,0.0,0,0,0,0.0,0.125,1,P30_CV0,2,0,2,2,0,0,2,0,2
8,-168382.0203,-625245.7533,Age0_F8_m84f84_P8_Y7_UO3955,I84_F8_m-1f-1_P84_Y-1_U59,I84_F68_m84f84_P68_Y5_UO3919,MXY,0,0.0,0,0,0.0,0,0,0,0.0,0.5625,1,P30_CV0,2,2,0,1,1,0,2,0,2
8,-168382.0203,-625245.7533,Age0_F8_m85f85_P8_Y7_UO3998,I85_F69_m63f63_P36_Y4_UO2978,I85_F68_m85f85_P36_Y2_UO3925,FXX,0,0.0,0,0,0.0,0,0,0,0.0,0.5625,1,P30_CV0,2,2,0,1,1,0,2,0,2
8,-168382.0203,-625245.7533,E8_F25_m31f31_P8_Y6_UO1471,I31_F8_m84f84_P8_Y4_UO3840,I31_F8_m65f65_P68_Y2_UO3097,FXX,1,0.0,1,1,1.0,0,0,0,-9999.0,0.5625,1,P30_CV0,2,1,1,2,0,0,2,0,2
8,-168382.0203,-625245.7533,E8_F25_m63f63_P36_Y6_UO3090,I63_F68_m-1f-1_P63_Y-1_U181,I63_F8_m31f31_P8_Y4_UO1525,MXY,1,0.0,1,1,0.0,0,0,0,-9999.0,0.375,1,P30_CV0,2,1,1,1,1,0,2,0,2
8,-168382.0203,-625245.7533,E8_F25_m63f63_P68_Y6_UO3062,I63_F8_m31f31_P68_Y1_UO1415,I63_F69_m-1f-1_P31_Y-1_U228,FXX,1,0.0,1,1,1.0,0,0,0,-9999.0,0.0,1,P30_CV0,2,0,2,1,1,0,2,0,2
8,-168382.0203,-625245.7533,E8_F25_m84f84_P68_Y6_UO3867,ID84_F69_m31f31_P68_Y4_UO1469,I84_F8_m63f63_P68_Y2_UO2987,MXY,1,0.0,1,1,0.0,0,0,0,-9999.0,0.5625,1,P30_CV0,2,1,1,2,0,0,2,0,2
8,-168382.0203,-625245.7533,E8_F31_m85f85_P68_Y6_UO3978,I85_F36_m25f25_P36_Y4_UO1292,I85_F2_m65f65_P28_Y4_UO3073,FXX,1,0.0,1,1,1.0,0,0,0,-9999.0,0.5,1,P30_CV0,2,1,1,1,1,0,2,0,2
8,-168382.0203,-625245.7533,E8_F63_m31f31_P8_Y6_UO1508,ID31_F48_m31f31_P48_Y2_UO1496,I31_F49_m25f25_P68_Y4_UO1305,FXX,1,0.0,1,1,1.0,0,0,0,-9999.0,0.25,1,P30_CV0,2,0,2,1,1,0,2,0,2
8,-168382.0203,-625245.7533,E8_F63_m85f85_P8_Y6_UO3997,I85_F36_m84f84_P36_Y4_UO3846,I85_F8_m65f65_P69_Y4_UO3150,FXX,1,0.0,1,1,1.0,0,0,0,-9999.0,0.28125,1,P30_CV0,2,1,1,2,0,0,2,0,2
8,-168382.0203,-625245.7533,E8_F63_m84f84_P68_Y6_UO3936,I84_F36_m63f63_P8_Y1_UO2928,I84_F8_m25f25_P98_Y4_UO1332,FXX,1,0.0,1,1,1.0,0,0,0,-9999.0,0.5,1,P30_CV0,2,1,1,1,1,0,2,0,2
8,-168382.0203,-625245.7533,E8_F63_m84f84_P68_Y6_UO3943,I84_F68_m31f31_P8_Y1_UO1433,I84_F68_m63f63_P36_Y0_UO3223,MXY,1,0.0,1,1,0.0,0,0,0,-9999.0,0.25,1,P30_CV0,2,0,2,0,2,0,2,0,2
8,-168382.0203,-625245.7533,E8_F84_m63f63_P8_Y6_UO3066,ID63_F8_m63f63_P68_Y1_UO2943,I63_F8_m-1f-1_P31_Y-1_U77,FXX,1,0.0,1,1,1.0,0,0,0,-9999.0,1.0,1,P30_CV0,2,2,0,0,2,0,2,0,2
8,-168382.0203,-625245.7533,E8_F84_m63f63_P8_Y6_UO3079,I63_F8_m31f31_P68_Y0_UO1544,ID63_F8_m-1f-1_P63_Y-1_U61,MXY,1,0.0,1,1,0.0,0,0,0,-9999.0,0.875,1,P30_CV0,2,1,1,1,1,0,2,0,2
8,-168382.0203,-625245.7533,E8_F84_m65f65_P8_Y6_UO3200,I65_F8_m31f31_P8_Y0_UO1536,I65_F68_m65f65_P98_Y2_UO3102,FXX,1,0.0,1,1,1.0,0,0,0,-9999.0,0.5,1,P30_CV0,2,2,0,1,1,0,2,0,2
8,-168382.0203,-625245.7533,E8_F84_m31f31_P68_Y6_UO1523,I31_F8_m31f31_P8_Y1_UO1440,I31_F8_m65f65_P68_Y2_UO3097,FXX,1,0.0,1,1,1.0,0,0,0,-9999.0,0.5,1,P30_CV0,2,0,2,1,1,0,2,0,2
8,-168382.0203,-625245.7533,E8_F84_m63f63_P68_Y6_UO3071,I63_F68_m84f84_P68_Y1_UO3659,I63_F36_m31f31_P8_Y4_UO1518,MXY,1,0.0,1,1,0.0,0,0,0,-9999.0,0.75,1,P30_CV0,2,1,1,2,0,0,2,0,2
8,-168382.0203,-625245.7533,E8_F100_m25f25_P49_Y6_UO1337,ID25_F68_m-1f-1_P100_Y-1_U133,I25_F8_m100f100_P48_Y4_UO4589,MXY,1,0.0,1,1,0.0,0,0,0,-9999.0,0.4375,1,P30_CV0,2,1,1,0,2,0,2,0,2
8,-168382.0203,-625245.7533,E8_F25_m31f31_P68_Y5_UO1543,I31_F8_m-1f-1_P31_Y-1_U119,ID31_F68_m-1f-1_P84_Y-1_U195,MXY,2,0.0,1,0,0.0,0,0,0,-9999.0,0.75,1,P30_CV0,2,2,0,2,0,0,2,0,2
8,-168382.0203,-625245.7533,E8_F25_m31f31_P8_Y5_UO1482,I31_F8_m63f63_P68_Y2_UO3000,I31_F8_m-1f-1_P31_Y-1_U249,FXX,2,0.0,1,0,1.0,0,0,0,-9999.0,0.5625,1,P30_CV0,2,1,1,1,1,0,2,0,2
8,-168382.0203,-625245.7533,E8_F31_m31f31_P8_Y5_UO1470,I31_F8_m85f85_P68_Y3_UO3961,I31_F8_m31f31_P68_Y3_UO1462,MXY,2,0.0,1,0,0.0,0,0,0,-9999.0,0.375,1,P30_CV0,2,1,1,2,0,0,2,0,2
8,-168382.0203,-625245.7533,E8_F31_m25f25_P68_Y5_UO1241,I25_F8_m31f31_P68_Y3_UO1474,ID25_F69_m31f31_P8_Y1_UO1444,MXY,2,0.0,1,0,0.0,0,0,0,-9999.0,0.5,1,P30_CV0,2,1,1,0,2,0,2,0,2
8,-168382.0203,-625245.7533,E8_F31_m31f31_P8_Y5_UO1519,I31_F8_m-1f-1_P31_Y-1_U116,I31_F68_m-1f-1_P31_Y-1_U193,MXY,2,0.0,1,0,0.0,0,0,0,-9999.0,0.5,1,P30_CV0,2,0,2,1,1,0,2,0,2
8,-168382.0203,-625245.7533,E8_F31_m63f63_P8_Y5_UO3027,I63_F68_m95f95_P28_Y1_UO4320,ID63_F68_m-1f-1_P31_Y-1_U103,MXY,2,0.0,1,0,0.0,0,0,0,-9999.0,0.625,1,P30_CV0,2,1,1,1,1,0,2,0,2
8,-168382.0203,-625245.7533,E8_F31_m31f31_P8_Y5_UO1477,ID31_F36_m63f63_P68_Y2_UO3048,I31_F48_m-1f-1_P31_Y-1_U62,MXY,2,0.0,1,0,0.0,0,0,0,-9999.0,0.375,1,P30_CV0,2,1,1,1,1,0,2,0,2
8,-168382.0203,-625245.7533,E8_F40_m31f31_P8_Y5_UO1501,ID31_F8_m31f31_P8_Y1_UO1422,I31_F8_m31f31_P8_Y2_UO1529,MXY,2,0.0,1,0,0.0,0,0,0,-9999.0,0.4375,1,P30_CV0,2,1,1,1,1,0,2,0,2
8,-168382.0203,-625245.7533,E8_F63_m31f31_P68_Y5_UO1521,I31_F68_m-1f-1_P31_Y-1_U244,ID31_F8_m-1f-1_P63_Y-1_U117,MXY,2,0.0,1,0,0.0,0,0,0,-9999.0,0.25,1,P30_CV0,2,1,1,1,1,0,2,0,2
8,-168382.0203,-625245.7533,E8_F63_m63f63_P8_Y5_UO3021,I63_F68_m31f31_P68_Y1_UO1415,ID63_F68_m-1f-1_P84_Y-1_U147,FXX,2,0.0,1,0,1.0,0,0,0,-9999.0,0.25,1,P30_CV0,2,1,1,1,1,0,2,0,2
8,-168382.0203,-625245.7533,E8_F63_m25f25_P68_Y5_UO1322,I25_F68_m-1f-1_P25_Y-1_U182,ID25_F68_m100f100_P68_Y3_UO4559,FXX,2,0.0,1,0,1.0,0,0,0,-9999.0,0.125,1,P30_CV0,2,0,2,1,1,0,2,0,2
8,-168382.0203,-625245.7533,E8_F63_m31f31_P8_Y5_UO1465,I31_F8_m31f31_P68_Y3_UO1544,I31_F8_m11f11_P8_Y3_UO612,FXX,2,0.0,1,0,1.0,0,0,0,-9999.0,0.625,1,P30_CV0,2,2,0,2,0,0,2,0,2
8,-168382.0203,-625245.7533,E8_F65_m63f63_P68_Y5_UO3061,I63_F8_m-1f-1_P63_Y-1_U181,I63_F69_m-1f-1_P31_Y-1_U77,MXY,2,0.0,1,0,0.0,0,0,0,-9999.0,0.75,1,P30_CV0,2,2,0,2,0,0,2,0,2
8,-168382.0203,-625245.7533,E8_F65_m85f85_P69_Y5_UO4004,I85_F21_m31f31_P8_Y0_UO1619,I85_F2_m85f85_P69_Y2_UO3979,MXY,2,0.0,1,0,0.0,0,0,0,-9999.0,0.625,1,P30_CV0,2,1,1,0,2,0,2,0,2
8,-168382.0203,-625245.7533,E8_F84_m31f31_P8_Y5_UO1490,I31_F86_m31f31_P8_Y2_UO1460,I31_F8_m63f63_P8_Y2_UO3011,MXY,2,0.0,1,0,0.0,0,0,0,-9999.0,0.5,1,P30_CV0,2,2,0,0,2,0,2,0,2
8,-168382.0203,-625245.7533,E8_F84_m31f31_P8_Y5_UO1453,I31_F8_m31f31_P68_Y3_UO1478,I31_F8_m31f31_P8_Y0_UO1640,FXX,2,0.0,1,0,1.0,0,0,0,-9999.0,0.5625,1,P30_CV0,2,2,0,1,1,0,2,0,2
8,-168382.0203,-625245.7533,E8_F84_m31f31_P8_Y5_UO1527,I31_F8_m-1f-1_P31_Y-1_U219,I31_F68_m-1f-1_P31_Y-1_U221,FXX,2,0.0,1,0,1.0,0,0,0,-9999.0,0.5,1,P30_CV0,2,0,2,2,0,0,2,0,2
8,-168382.0203,-625245.7533,E8_F25_m84f84_P8_Y4_UO3841,ID84_F8_m31f31_P68_Y1_UO1459,I84_F68_m31f31_P8_Y2_UO1479,FXX,3,0.0,1,0,1.0,0,0,0,-9999.0,0.625,1,P30_CV0,2,1,1,1,1,0,2,0,2
8,-168382.0203,-625245.7533,E8_F31_m84f84_P8_Y4_UO3831,I84_F68_m65f65_P8_Y2_UO3092,ID84_F36_m-1f-1_P31_Y-1_U159,MXY,3,0.0,1,0,0.0,0,0,0,-9999.0,0.3125,1,P30_CV0,2,1,1,1,1,0,2,0,2
8,-168382.0203,-625245.7533,E8_F31_m84f84_P36_Y4_UO3846,I84_F68_m84f84_P8_Y1_UO3690,I84_F8_m63f63_P68_Y2_UO3033,FXX,3,0.0,1,0,1.0,0,0,0,-9999.0,0.3125,1,P30_CV0,2,1,1,2,0,0,2,0,2
8,-168382.0203,-625245.7533,E8_F31_m84f84_P68_Y4_UO3832,I84_F68_m63f63_P68_Y2_UO3006,I84_F48_m65f65_P69_Y2_UO3088,FXX,3,0.0,1,0,1.0,0,0,0,-9999.0,0.5,1,P30_CV0,2,1,1,0,2,0,2,0,2
8,-168382.0203,-625245.7533,E8_F31_m84f84_P68_Y4_UO3862,I84_F69_m31f31_P8_Y0_UO1608,I84_F8_m-1f-1_P84_Y-1_U32,MXY,3,0.0,1,0,0.0,0,0,0,-9999.0,0.25,1,P30_CV0,2,0,2,2,0,0,2,0,2
8,-168382.0203,-625245.7533,E8_F45_m45f45_P86_Y4_UO2119,I45_F52_m65f65_P68_Y2_UO3098,I45_F86_m63f63_P8_Y2_UO3084,FXX,3,0.0,1,0,1.0,0,0,0,-9999.0,0.375,1,P30_CV0,2,1,1,1,1,0,2,0,2
8,-168382.0203,-625245.7533,E8_F63_m31f31_P8_Y4_UO1525,I31_F68_m-1f-1_P31_Y-1_U176,I31_F8_m-1f-1_P31_Y-1_U169,MXY,3,0.0,1,0,0.0,0,0,0,-9999.0,0.25,1,P30_CV0,2,0,2,1,1,0,2,0,2
8,-168382.0203,-625245.7533,E8_F63_m31f31_P8_Y4_UO1518,I31_F68_m-1f-1_P31_Y-1_U219,I31_F68_m25f25_P8_Y2_UO1330,MXY,3,0.0,1,0,0.0,0,0,0,-9999.0,0.5,1,P30_CV0,2,1,1,2,0,0,2,0,2
8,-168382.0203,-625245.7533,E8_F84_m31f31_P68_Y4_UO1491,ID31_F68_m31f31_P8_Y1_UO1440,I31_F68_m63f63_P68_Y2_UO3025,MXY,3,0.0,1,0,0.0,0,0,0,-9999.0,0.375,1,P30_CV0,2,1,1,0,2,0,2,0,2
8,-168382.0203,-625245.7533,E8_F84_m85f85_P28_Y4_UO3912,ID85_F69_m31f31_P68_Y2_UO1528,I85_F28_m11f11_P2_Y0_UO642,FXX,3,0.0,1,0,1.0,0,0,0,-9999.0,0.625,1,P30_CV0,2,1,1,1,1,0,2,0,2
8,-168382.0203,-625245.7533,E8_F84_m31f31_P8_Y4_UO1537,I31_F68_m-1f-1_P31_Y-1_U119,I31_F8_m63f63_P8_Y2_UO2986,FXX,3,0.0,1,0,1.0,0,0,0,-9999.0,0.8125,1,P30_CV0,2,2,0,2,0,0,2,0,2
8,-168382.0203,-625245.7533,E8_F84_m31f31_P8_Y4_UO1522,I31_F68_m-1f-1_P31_Y-1_U218,ID31_F98_m65f65_P98_Y1_UO2999,FXX,3,0.0,1,0,1.0,0,0,0,-9999.0,0.875,1,P30_CV0,2,2,0,1,1,0,2,0,2
8,-168382.0203,-625245.7533,E8_F85_m63f63_P36_Y4_UO2978,I63_F8_m85f85_P69_Y1_UO3788,ID63_F8_m-1f-1_P31_Y-1_U105,FXX,3,0.0,1,0,1.0,0,0,0,-9999.0,0.75,1,P30_CV0,2,1,1,1,1,0,2,0,2
8,-168382.0203,-625245.7533,E8_F31_m63f63_P8_Y3_UO3047,I63_F8_m-1f-1_P31_Y-1_U48,I63_F8_m-1f-1_P63_Y-1_U122,MXY,4,0.0,1,0,0.0,0,0,0,-9999.0,0.25,1,P30_CV0,2,1,1,1,1,0,2,0,2
8,-168382.0203,-625245.7533,E8_F63_m63f63_P8_Y3_UO2968,ID63_F68_m31f31_P68_Y1_UO1450,I63_F68_m84f84_P69_Y1_UO3686,MXY,4,0.0,1,0,0.0,0,0,0,-9999.0,0.875,1,P30_CV0,2,1,1,1,1,0,2,0,2
8,-168382.0203,-625245.7533,E8_F84_m31f31_P68_Y3_UO1454,I31_F8_m100f100_P68_Y1_UO4385,I31_F68_m-1f-1_P31_Y-1_U193,MXY,4,0.0,1,0,0.0,0,0,0,-9999.0,0.375,1,P30_CV0,2,1,1,2,0,0,2,0,2
8,-168382.0203,-625245.7533,E8_F84_m63f63_P68_Y3_UO3050,ID63_F8_m-1f-1_P31_Y-1_U24,ID63_F68_m-1f-1_P84_Y-1_U134,MXY,4,0.0,1,0,0.0,0,0,0,-9999.0,0.25,1,P30_CV0,2,1,1,2,0,0,2,0,2
8,-168382.0203,-625245.7533,E8_F25_m45f45_P8_Y2_UO2168,I45_F52_m-1f-1_P31_Y-1_U28,I45_F6_m-1f-1_P90_Y-1_U71,MXY,5,0.0,1,0,0.0,0,0,0,-9999.0,0.0,1,P30_CV0,2,0,2,1,1,0,2,0,2
8,-168382.0203,-625245.7533,E8_F45_m31f31_P8_Y2_UO1460,I31_F8_m45f45_P8_Y0_UO2259,ID31_F8_m-1f-1_P31_Y-1_U200,FXX,5,0.0,1,0,1.0,0,0,0,-9999.0,0.5,1,P30_CV0,2,1,1,1,1,0,2,0,2
8,-168382.0203,-625245.7533,E8_F63_m31f31_P8_Y2_UO1517,I31_F68_m-1f-1_P31_Y-1_U147,I31_F8_m43f43_P48_Y0_UO2187,MXY,5,0.0,1,0,0.0,0,0,0,-9999.0,0.625,1,P30_CV0,2,2,0,0,2,0,2,0,2
8,-168382.0203,-625245.7533,E8_F84_m25f25_P68_Y2_UO1235,I25_F68_m31f31_P68_Y0_UO1595,I25_F36_m65f65_P68_Y0_UO3405,MXY,5,0.0,1,0,0.0,0,0,0,-9999.0,0.5,1,P30_CV0,2,0,2,1,1,0,2,0,2
8,-168382.0203,-625245.7533,E8_F63_m65f65_P8_Y1_UO3029,ID65_F8_m-1f-1_P31_Y-1_U35,I65_F36_m-1f-1_P65_Y-1_U240,MXY,6,0.0,1,0,0.0,0,0,0,-9999.0,0.5,1,P30_CV0,2,1,1,1,1,0,2,0,2
8,-168382.0203,-625245.7533,E8_F84_m31f31_P68_Y1_UO1428,ID31_F8_m-1f-1_P63_Y-1_U137,I31_F8_m-1f-1_P31_Y-1_U22,MXY,6,0.0,1,0,0.0,0,0,0,-9999.0,0.75,1,P30_CV0,2,2,0,0,2,0,2,0,2
8,-168382.0203,-625245.7533,E8_F84_m31f31_P68_Y1_UO1459,I31_F68_m-1f-1_P31_Y-1_U204,I31_F68_m-1f-1_P31_Y-1_U194,FXX,6,0.0,1,0,1.0,0,0,0,-9999.0,0.5,1,P30_CV0,2,0,2,1,1,0,2,0,2
8,-168382.0203,-625245.7533,E8_F84_m31f31_P68_Y1_UO1431,I31_F8_m-1f-1_P31_Y-1_U119,I31_F68_m-1f-1_P31_Y-1_U84,FXX,6,0.0,1,0,1.0,0,0,0,-9999.0,0.75,1,P30_CV0,2,1,1,2,0,0,2,0,2
8,-168382.0203,-625245.7533,E8_F84_m84f84_P8_Y1_UO3696,ID84_F8_m-1f-1_P31_Y-1_U197,I84_F68_m-1f-1_P84_Y-1_U43,MXY,6,0.0,1,0,0.0,0,0,0,-9999.0,0.75,1,P30_CV0,2,2,0,1,1,0,2,0,2
8,-168382.0203,-625245.7533,E8_F84_m31f31_P68_Y0_UO1579,R31_F31_m-1f-1_P31_Y-1_U107,R31_F31_m-1f-1_P31_Y-1_U179,MXY,7,0.0,1,0,0.0,0,0,0,-9999.0,0.75,1,P30_CV0,2,2,0,2,0,0,2,0,2
8,-168382.0203,-625245.7533,E8_F31_m-1f-1_P31_Y-1_U70,-9999,-9999,FXX,8,0.0,1,0,1.0,0,0,0,-9999.0,0.5,1,P30_CV0,2,1,1,0,2,0,2,0,2
8,-168382.0203,-625245.7533,E8_F31_m-1f-1_P31_Y-1_U78,-9999,-9999,MXY,8,0.0,1,0,0.0,0,0,0,-9999.0,0.5,1,P30_CV0,2,1,1,2,0,0,2,0,2
8,-168382.0203,-625245.7533,E8_F63_m-1f-1_P31_Y-1_U97,-9999,-9999,FXX,8,0.0,1,0,1.0,0,0,0,-9999.0,0.5,1,P30_CV0,2,1,1,1,1,0,2,0,2
8,-168382.0203,-625245.7533,E8_F84_m-1f-1_P31_Y-1_U8,-9999,-9999,FXX,8,0.0,1,0,1.0,0,0,0,-9999.0,0.0,1,P30_CV0,2,0,2,1,1,0,2,0,2
8,-168382.0203,-625245.7533,E8_F31_m-1f-1_P31_Y-1_U194,-9999,-9999,MXY,9,0.0,1,0,0.0,0,0,0,-9999.0,0.5,1,P30_CV0,2,1,1,1,1,0,2,0,2
8,-168382.0203,-625245.7533,E8_F63_m-1f-1_P31_Y-1_U103,-9999,-9999,MXY,9,0.0,1,0,0.0,0,0,0,-9999.0,1.0,1,P30_CV0,2,2,0,1,1,0,2,0,2
8,-168382.0203,-625245.7533,E8_F63_m-1f-1_P31_Y-1_U228,-9999,-9999,MXY,9,0.0,1,0,0.0,0,0,0,-9999.0,0.0,1,P30_CV0,2,0,2,2,0,0,2,0,2
8,-168382.0203,-625245.7533,E8_F25_m-1f-1_P31_Y-1_U214,-9999,-9999,FXX,10,0.0,1,0,1.0,0,0,0,-9999.0,0.5,1,P30_CV0,2,1,1,0,2,0,2,0,2
8,-168382.0203,-625245.7533,E8_F31_m-1f-1_P31_Y-1_U210,-9999,-9999,FXX,10,0.0,1,0,1.0,0,0,0,-9999.0,0.5,1,P30_CV0,2,1,1,0,2,0,2,0,2
8,-168382.0203,-625245.7533,E8_F31_m-1f-1_P31_Y-1_U169,-9999,-9999,MXY,11,0.0,1,0,0.0,0,0,0,-9999.0,0.5,1,P30_CV0,2,1,1,2,0,0,2,0,2
8,-168382.0203,-625245.7533,E8_F31_m-1f-1_P31_Y-1_U62,-9999,-9999,MXY,11,0.0,1,0,0.0,0,0,0,-9999.0,0.0,1,P30_CV0,2,0,2,2,0,0,2,0,2
8,-168382.0203,-625245.7533,E8_F63_m-1f-1_P31_Y-1_U24,-9999,-9999,FXX,12,0.0,1,0,1.0,0,0,0,-9999.0,0.5,1,P30_CV0,2,1,1,1,1,0,2,0,2
8,-168382.0203,-625245.7533,E8_F63_m-1f-1_P31_Y-1_U48,-9999,-9999,FXX,12,0.0,1,0,1.0,0,0,0,-9999.0,0.5,1,P30_CV0,2,1,1,1,1,0,2,0,2
8,-168382.0203,-625245.7533,E8_F84_m-1f-1_P31_Y-1_U223,-9999,-9999,FXX,13,0.0,1,0,1.0,0,0,0,-9999.0,0.0,1,P30_CV0,2,0,2,1,1,0,2,0,2
8,-168382.0203,-625245.7533,E8_F40_m46f46_P6_Y5_UO2239,I46_F52_m45f45_P52_Y3_UO2199,ID46_F19_m39f39_P19_Y3_UO1869,MXY,2,0.0,1,0,0.0,0,0,0,-9999.0,0.5,1,P38_CV0,2,0,2,0,2,0,2,0,2
8,-168382.0203,-625245.7533,Age0_F8_m25f25_P8_Y7_UO1313,I25_F8_m94f94_P98_Y2_UO4414,I25_F8_m63f63_P68_Y5_UO3045,FXX,0,0.0,0,0,0.0,0,0,0,0.0,0.6875,1,P39_CV0,2,1,1,1,1,0,2,0,2
8,-168382.0203,-625245.7533,Age0_F8_m45f45_P8_Y7_UO2243,I45_F86_m-1f-1_P45_Y-1_U40,I45_F86_m40f40_P57_Y3_UO1927,MXY,0,0.0,0,0,0.0,0,0,0,0.0,0.375,1,P39_CV0,2,1,1,0,2,0,2,0,2
8,-168382.0203,-625245.7533,Age0_F8_m84f84_P8_Y7_UO3920,I84_F68_m63f63_P8_Y2_UO3065,I84_F68_m-1f-1_P45_Y-1_U216,MXY,0,0.0,0,0,0.0,0,0,0,0.0,0.375,1,P39_CV0,2,0,2,0,2,0,2,0,2
8,-168382.0203,-625245.7533,E8_F31_m63f63_P8_Y6_UO3069,I63_F8_m40f40_P8_Y1_UO1768,I63_F68_m84f84_P8_Y1_UO3672,FXX,1,0.0,1,1,1.0,0,0,0,-9999.0,0.375,1,P39_CV0,2,0,2,2,0,0,2,0,2
8,-168382.0203,-625245.7533,E8_F63_m25f25_P68_Y6_UO1254,I25_F8_m84f84_P68_Y4_UO3837,I25_F68_m84f84_P68_Y4_UO3809,FXX,1,0.0,1,1,1.0,0,0,0,-9999.0,0.3125,1,P39_CV0,2,1,1,0,2,0,2,0,2
8,-168382.0203,-625245.7533,E8_F63_m65f65_P98_Y6_UO3149,I65_F98_m40f40_P8_Y3_UO1912,ID65_F69_m31f31_P68_Y1_UO1413,FXX,1,0.0,1,1,1.0,0,0,0,-9999.0,0.375,1,P39_CV0,2,1,1,2,0,0,2,0,2
8,-168382.0203,-625245.7533,E8_F84_m94f94_P98_Y6_UO4486,I94_F81_m40f40_P99_Y0_UO1970,I94_F81_m-1f-1_P40_Y-1_U242,FXX,1,0.0,1,1,1.0,0,0,0,-9999.0,0.75,1,P39_CV0,2,2,0,1,1,0,2,0,2
8,-168382.0203,-625245.7533,E8_F31_m65f65_P69_Y5_UO3100,I65_F36_m65f65_P98_Y3_UO3108,ID65_F98_m-1f-1_P40_Y-1_U201,MXY,2,0.0,1,0,0.0,0,0,0,-9999.0,0.5,1,P39_CV0,2,1,1,1,1,0,2,0,2
8,-168382.0203,-625245.7533,E8_F31_m63f63_P8_Y5_UO3018,I63_F69_m100f100_P48_Y2_UO4567,ID63_F98_m31f31_P68_Y3_UO1492,FXX,2,0.0,1,0,1.0,0,0,0,-9999.0,0.6875,1,P39_CV0,2,1,1,0,2,0,2,0,2
8,-168382.0203,-625245.7533,E8_F45_m92f92_P57_Y5_UO4302,I92_F6_m40f40_P6_Y3_UO1916,ID92_F99_m92f92_P99_Y3_UO4330,MXY,2,0.0,1,0,0.0,0,0,0,-9999.0,0.5,1,P39_CV0,2,1,1,1,1,0,2,0,2
8,-168382.0203,-625245.7533,E8_F63_m84f84_P68_Y5_UO3918,I84_F68_m-1f-1_P31_Y-1_U214,I84_F68_m40f40_P98_Y0_UO2003,MXY,2,0.0,1,0,0.0,0,0,0,-9999.0,0.375,1,P39_CV0,2,2,0,0,2,0,2,0,2
8,-168382.0203,-625245.7533,E8_F92_m45f45_P6_Y5_UO2150,I45_F57_m90f90_P86_Y3_UO4227,ID45_F6_m-1f-1_P40_Y-1_U197,MXY,2,0.0,1,0,0.0,0,0,0,-9999.0,0.125,1,P39_CV0,2,0,2,1,1,0,2,0,2
8,-168382.0203,-625245.7533,E8_F25_m84f84_P68_Y4_UO3809,I84_F8_m63f63_P8_Y2_UO3065,ID84_F98_m25f25_P68_Y0_UO1407,MXY,3,0.0,1,0,0.0,0,0,0,-9999.0,0.625,1,P39_CV0,2,2,0,0,2,0,2,0,2
8,-168382.0203,-625245.7533,E8_F31_m31f31_P68_Y4_UO1524,I31_F8_m-1f-1_P40_Y-1_U33,I31_F8_m-1f-1_P31_Y-1_U193,MXY,3,0.0,1,0,0.0,0,0,0,-9999.0,0.75,1,P39_CV0,2,1,1,1,1,0,2,0,2
8,-168382.0203,-625245.7533,E8_F63_m45f45_P8_Y4_UO2182,ID45_F86_m-1f-1_P45_Y-1_U78,I45_F57_m-1f-1_P40_Y-1_U147,FXX,3,0.0,1,0,1.0,0,0,0,-9999.0,0.75,1,P39_CV0,2,2,0,1,1,0,2,0,2
8,-168382.0203,-625245.7533,E8_F25_m94f94_P98_Y2_UO4414,I94_F81_m-1f-1_P94_Y-1_U113,ID94_F57_m-1f-1_P40_Y-1_U122,FXX,5,0.0,1,0,1.0,0,0,0,-9999.0,0.75,1,P39_CV0,2,1,1,1,1,0,2,0,2
8,-168382.0203,-625245.7533,E8_F84_m63f63_P8_Y2_UO3065,I63_F68_m-1f-1_P31_Y-1_U24,ID63_F69_m-1f-1_P40_Y-1_U138,FXX,5,0.0,1,0,1.0,0,0,0,-9999.0,0.75,1,P39_CV0,2,1,1,0,2,0,2,0,2
8,-168382.0203,-625245.7533,E8_F63_m40f40_P8_Y1_UO1768,I40_F6_m-1f-1_P40_Y-1_U64,I40_F99_m-1f-1_P40_Y-1_U3,FXX,6,0.0,1,0,1.0,0,0,0,-9999.0,0.5,1,P39_CV0,2,1,1,2,0,0,2,0,2
8,-168382.0203,-625245.7533,E8_F25_m40f40_P98_Y0_UO2003,R40_F40_m-1f-1_P40_Y-1_U214,R40_F40_m-1f-1_P40_Y-1_U203,MXY,7,0.0,1,0,0.0,0,0,0,-9999.0,0.25,1,P39_CV0,2,1,1,0,2,0,2,0,2
8,-168382.0203,-625245.7533,E8_F45_m-1f-1_P40_Y-1_U147,-9999,-9999,MXY,10,0.0,1,0,0.0,0,0,0,-9999.0,0.5,1,P39_CV0,2,1,1,1,1,0,2,0,2
8,-168382.0203,-625245.7533,Age0_F8_m40f40_P8_Y7_UO1921,I40_F98_m92f92_P6_Y4_UO4334,ID40_F99_m-1f-1_P42_Y-1_U197,MXY,0,0.0,0,0,0.0,0,0,0,0.0,0.25,1,P41_CV0,2,0,2,2,0,0,2,0,2
8,-168382.0203,-625245.7533,Age0_F8_m45f45_P8_Y7_UO2256,I45_F57_m-1f-1_P42_Y-1_U204,I45_F6_m90f90_P86_Y4_UO4175,MXY,0,0.0,0,0,0.0,0,0,0,0.0,0.6875,1,P41_CV0,2,2,0,1,1,0,2,0,2
8,-168382.0203,-625245.7533,Age0_F8_m92f92_P8_Y7_UO4409,I92_F6_m-1f-1_P45_Y-1_U202,ID92_F86_m42f42_P99_Y5_UO1979,FXX,0,0.0,0,0,0.0,0,0,0,0.0,0.4375,1,P41_CV0,2,2,0,1,1,0,2,0,2
8,-168382.0203,-625245.7533,E8_F25_m85f85_P69_Y6_UO4016,I85_F36_m58f58_P98_Y3_UO2769,I85_F69_m85f85_P69_Y2_UO3926,MXY,1,0.0,1,1,0.0,0,0,0,-9999.0,0.25,1,P41_CV0,2,0,2,0,2,0,2,0,2
8,-168382.0203,-625245.7533,E8_F31_m84f84_P68_Y6_UO3878,I84_F69_m84f84_P8_Y4_UO3806,ID84_F8_m42f42_P6_Y0_UO2088,MXY,1,0.0,1,1,0.0,0,0,0,-9999.0,0.375,1,P41_CV0,2,2,0,2,0,0,2,0,2
8,-168382.0203,-625245.7533,E8_F31_m84f84_P68_Y6_UO3910,I84_F68_m63f63_P8_Y3_UO3043,ID84_F8_m-1f-1_P42_Y-1_U209,MXY,1,0.0,1,1,0.0,0,0,0,-9999.0,0.75,1,P41_CV0,2,2,0,0,2,0,2,0,2
8,-168382.0203,-625245.7533,E8_F45_m42f42_P6_Y6_UO2098,I42_F99_m-1f-1_P42_Y-1_U1,I42_F99_m42f42_P99_Y0_UO2021,FXX,1,0.0,1,1,1.0,0,0,0,-9999.0,0.25,1,P41_CV0,2,0,2,2,0,0,2,0,2
8,-168382.0203,-625245.7533,E8_F63_m85f85_P8_Y6_UO4041,I85_F69_m85f85_P2_Y1_UO3807,I85_F69_m40f40_P98_Y2_UO1870,MXY,1,0.0,1,1,0.0,0,0,0,-9999.0,0.625,1,P41_CV0,2,1,1,2,0,0,2,0,2
8,-168382.0203,-625245.7533,E8_F40_m45f45_P57_Y5_UO2159,ID45_F86_m23f23_P27_Y3_UO1164,I45_F6_m12f12_P86_Y3_UO700,FXX,2,0.0,1,0,1.0,0,0,0,-9999.0,0.5625,1,P41_CV0,2,0,2,1,1,0,2,0,2
8,-168382.0203,-625245.7533,E8_F40_m42f42_P57_Y5_UO2047,I42_F99_m-1f-1_P42_Y-1_U16,I42_F99_m-1f-1_P42_Y-1_U170,MXY,2,0.0,1,0,0.0,0,0,0,-9999.0,0.25,1,P41_CV0,2,0,2,1,1,0,2,0,2
8,-168382.0203,-625245.7533,E8_F40_m92f92_P6_Y4_UO4334,I92_F99_m40f40_P6_Y0_UO1977,I92_F99_m58f58_P99_Y2_UO2741,FXX,3,0.0,1,0,1.0,0,0,0,-9999.0,0.5,1,P41_CV0,2,1,1,1,1,0,2,0,2
8,-168382.0203,-625245.7533,E8_F45_m42f42_P99_Y0_UO2057,R42_F42_m-1f-1_P42_Y-1_U80,R42_F42_m-1f-1_P42_Y-1_U179,FXX,7,0.0,1,0,1.0,0,0,0,-9999.0,0.75,1,P41_CV0,2,1,1,2,0,0,2,0,2
8,-168382.0203,-625245.7533,E8_F84_m42f42_P6_Y0_UO2088,R42_F42_m-1f-1_P42_Y-1_U180,R42_F42_m-1f-1_P42_Y-1_U240,MXY,7,0.0,1,0,0.0,0,0,0,-9999.0,0.25,1,P41_CV0,2,1,1,1,1,0,2,0,2
8,-168382.0203,-625245.7533,E8_F45_m-1f-1_P42_Y-1_U204,-9999,-9999,FXX,13,0.0,1,0,1.0,0,0,0,-9999.0,1.0,1,P41_CV0,2,2,0,1,1,0,2,0,2
8,-168382.0203,-625245.7533,Age0_F8_m25f25_P8_Y7_UO1244,I25_F69_m31f31_P68_Y5_UO1512,I25_F68_m31f31_P8_Y3_UO1491,FXX,0,0.0,0,0,0.0,0,0,0,0.0,0.4375,1,P42_CV0,2,1,1,2,0,0,2,0,2
8,-168382.0203,-625245.7533,Age0_F8_m25f25_P8_Y7_UO1343,I25_F68_m-1f-1_P100_Y-1_U2,I25_F68_m31f31_P8_Y3_UO1491,MXY,0,0.0,0,0,0.0,0,0,0,0.0,0.5,1,P42_CV0,2,1,1,1,1,0,2,0,2
8,-168382.0203,-625245.7533,Age0_F8_m31f31_P8_Y7_UO1479,I31_F8_m100f100_P48_Y4_UO4561,ID31_F8_m40f40_P6_Y3_UO1918,MXY,0,0.0,0,0,0.0,0,0,0,0.0,0.40625,1,P42_CV0,2,1,1,2,0,0,2,0,2
8,-168382.0203,-625245.7533,Age0_F8_m31f31_P8_Y7_UO1490,I31_F8_m65f65_P68_Y4_UO3135,I31_F8_m84f84_P8_Y5_UO3905,FXX,0,0.0,0,0,0.0,0,0,0,0.0,0.5625,1,P42_CV0,2,1,1,2,0,0,2,0,2
8,-168382.0203,-625245.7533,Age0_F8_m63f63_P8_Y7_UO2998,I63_F68_m63f63_P8_Y5_UO3021,I63_F8_m43f43_P48_Y1_UO1927,MXY,0,0.0,0,0,0.0,0,0,0,0.0,0.5,1,P42_CV0,2,0,2,1,1,0,2,0,2
8,-168382.0203,-625245.7533,Age0_F8_m63f63_P8_Y7_UO3007,ID63_F8_m100f100_P8_Y5_UO4598,I63_F36_m31f31_P69_Y3_UO1506,FXX,0,0.0,0,0,0.0,0,0,0,0.0,0.5625,1,P42_CV0,2,1,1,2,0,0,2,0,2
8,-168382.0203,-625245.7533,Age0_F8_m63f63_P8_Y7_UO3097,I63_F8_m-1f-1_P43_Y-1_U166,ID63_F2_m85f85_P21_Y5_UO3962,FXX,0,0.0,0,0,0.0,0,0,0,0.0,0.5625,1,P42_CV0,2,0,2,1,1,0,2,0,2
8,-168382.0203,-625245.7533,Age0_F8_m100f100_P8_Y7_UO4578,I100_F49_m43f43_P49_Y4_UO2069,ID100_F68_m43f43_P49_Y0_UO2220,MXY,0,0.0,0,0,0.0,0,0,0,0.0,0.3125,1,P42_CV0,2,0,2,1,1,0,2,0,2
8,-168382.0203,-625245.7533,E8_F25_m84f84_P8_Y6_UO3914,I84_F8_m65f65_P68_Y3_UO3137,ID84_F68_m43f43_P49_Y3_UO2038,MXY,1,0.0,1,1,0.0,0,0,0,-9999.0,0.1875,1,P42_CV0,2,1,1,1,1,0,2,0,2
8,-168382.0203,-625245.7533,E8_F25_m100f100_P48_Y6_UO4615,I100_F49_m43f43_P48_Y3_UO2082,I100_F49_m43f43_P48_Y2_UO2050,FXX,1,0.0,1,1,1.0,0,0,0,-9999.0,0.6875,1,P42_CV0,2,0,2,2,0,0,2,0,2
8,-168382.0203,-625245.7533,E8_F31_m63f63_P8_Y6_UO3056,I63_F8_m11f11_P48_Y2_UO648,ID63_F69_m100f100_P68_Y2_UO4631,MXY,1,0.0,1,1,0.0,0,0,0,-9999.0,0.625,1,P42_CV0,2,2,0,2,0,0,2,0,2
8,-168382.0203,-625245.7533,E8_F31_m100f100_P68_Y6_UO4629,I100_F48_m43f43_P48_Y2_UO2079,I100_F48_m100f100_P49_Y3_UO4575,FXX,1,0.0,1,1,1.0,0,0,0,-9999.0,0.5,1,P42_CV0,2,1,1,1,1,0,2,0,2
8,-168382.0203,-625245.7533,E8_F63_m31f31_P8_Y6_UO1485,ID31_F69_m25f25_P69_Y4_UO1333,I31_F48_m43f43_P48_Y0_UO2187,MXY,1,0.0,1,1,0.0,0,0,0,-9999.0,0.75,1,P42_CV0,2,2,0,0,2,0,2,0,2
8,-168382.0203,-625245.7533,E8_F63_m43f43_P48_Y6_UO2179,ID43_F41_m-1f-1_P73_Y-1_U11,I43_F49_m43f43_P48_Y2_UO2098,FXX,1,0.0,1,1,1.0,0,0,0,-9999.0,0.875,1,P42_CV0,2,2,0,2,0,0,2,0,2
8,-168382.0203,-625245.7533,E8_F63_m25f25_P68_Y6_UO1308,I25_F36_m65f65_P8_Y2_UO3124,ID25_F49_m43f43_P48_Y2_UO2045,MXY,1,0.0,1,1,0.0,0,0,0,-9999.0,0.625,1,P42_CV0,2,1,1,1,1,0,2,0,2
8,-168382.0203,-625245.7533,E8_F65_m100f100_P68_Y6_UO4637,I100_F48_m11f11_P49_Y1_UO580,I100_F49_m43f43_P49_Y4_UO2076,MXY,1,0.0,1,1,0.0,0,0,0,-9999.0,0.75,1,P42_CV0,2,1,1,2,0,0,2,0,2
8,-168382.0203,-625245.7533,E8_F65_m63f63_P98_Y6_UO3008,ID63_F2_m94f94_P91_Y4_UO4438,ID63_F69_m100f100_P68_Y2_UO4631,FXX,1,0.0,1,1,1.0,0,0,0,-9999.0,0.5,1,P42_CV0,2,1,1,0,2,0,2,0,2
8,-168382.0203,-625245.7533,E8_F84_m31f31_P8_Y6_UO1516,I31_F8_m43f43_P49_Y2_UO2097,ID31_F48_m31f31_P8_Y3_UO1548,MXY,1,0.0,1,1,0.0,0,0,0,-9999.0,0.375,1,P42_CV0,2,2,0,2,0,0,2,0,2
8,-168382.0203,-625245.7533,E8_F84_m100f100_P49_Y6_UO4624,ID100_F49_m43f43_P49_Y3_UO2111,ID100_F48_m63f63_P68_Y4_UO3050,FXX,1,0.0,1,1,1.0,0,0,0,-9999.0,0.375,1,P42_CV0,2,2,0,1,1,0,2,0,2
8,-168382.0203,-625245.7533,E8_F84_m25f25_P68_Y6_UO1280,I25_F8_m25f25_P68_Y3_UO1243,I25_F68_m31f31_P8_Y3_UO1491,MXY,1,0.0,1,1,0.0,0,0,0,-9999.0,0.5,1,P42_CV0,2,1,1,2,0,0,2,0,2
8,-168382.0203,-625245.7533,E8_F100_m100f100_P48_Y6_UO4664,I100_F48_m-1f-1_P100_Y-1_U58,I100_F48_m43f43_P49_Y4_UO2109,MXY,1,0.0,1,1,0.0,0,0,0,-9999.0,0.375,1,P42_CV0,2,0,2,1,1,0,2,0,2
8,-168382.0203,-625245.7533,E8_F25_m43f43_P48_Y5_UO2118,I43_F14_m43f43_P41_Y0_UO2209,I43_F49_m-1f-1_P43_Y-1_U117,FXX,2,0.0,1,0,1.0,0,0,0,-9999.0,0.375,1,P42_CV0,2,1,1,1,1,0,2,0,2
8,-168382.0203,-625245.7533,E8_F31_m100f100_P68_Y5_UO4586,I100_F49_m11f11_P48_Y2_UO637,ID100_F48_m43f43_P48_Y2_UO2045,MXY,2,0.0,1,0,0.0,0,0,0,-9999.0,0.75,1,P42_CV0,2,2,0,2,0,0,2,0,2
8,-168382.0203,-625245.7533,E8_F31_m100f100_P49_Y5_UO4575,ID100_F48_m43f43_P49_Y2_UO2068,I100_F49_m45f45_P68_Y2_UO2203,FXX,2,0.0,1,0,1.0,0,0,0,-9999.0,0.625,1,P42_CV0,2,1,1,2,0,0,2,0,2
8,-168382.0203,-625245.7533,E8_F63_m85f85_P21_Y5_UO3962,I85_F69_m65f65_P36_Y3_UO3170,I85_F2_m43f43_P49_Y0_UO2148,MXY,2,0.0,1,0,0.0,0,0,0,-9999.0,0.625,1,P42_CV0,2,1,1,0,2,0,2,0,2
8,-168382.0203,-625245.7533,E8_F63_m100f100_P8_Y5_UO4598,ID100_F49_m43f43_P48_Y0_UO2168,I100_F49_m-1f-1_P85_Y-1_U49,FXX,2,0.0,1,0,1.0,0,0,0,-9999.0,0.75,1,P42_CV0,2,1,1,1,1,0,2,0,2
8,-168382.0203,-625245.7533,E8_F84_m84f84_P8_Y5_UO3883,I84_F8_m25f25_P36_Y2_UO1250,I84_F68_m100f100_P68_Y3_UO4562,FXX,2,0.0,1,0,1.0,0,0,0,-9999.0,0.5625,1,P42_CV0,2,2,0,2,0,0,2,0,2
8,-168382.0203,-625245.7533,E8_F31_m100f100_P48_Y4_UO4561,I100_F48_m43f43_P49_Y2_UO2104,ID100_F48_m43f43_P49_Y2_UO2035,FXX,3,0.0,1,0,1.0,0,0,0,-9999.0,0.5625,1,P42_CV0,2,0,2,1,1,0,2,0,2
8,-168382.0203,-625245.7533,E8_F25_m43f43_P48_Y3_UO2079,I43_F48_m43f43_P49_Y0_UO2193,ID43_F49_m43f43_P49_Y1_UO1919,MXY,4,0.0,1,0,0.0,0,0,0,-9999.0,0.75,1,P42_CV0,2,2,0,0,2,0,2,0,2
8,-168382.0203,-625245.7533,E8_F63_m100f100_P68_Y2_UO4631,I100_F68_m-1f-1_P100_Y-1_U131,ID100_F68_m43f43_P49_Y0_UO2120,MXY,5,0.0,1,0,0.0,0,0,0,-9999.0,0.75,1,P42_CV0,2,2,0,1,1,0,2,0,2
8,-168382.0203,-625245.7533,E8_F63_m43f43_P48_Y1_UO1927,I43_F49_m-1f-1_P43_Y-1_U235,ID43_F49_m-1f-1_P43_Y-1_U188,MXY,6,0.0,1,0,0.0,0,0,0,-9999.0,0.75,1,P42_CV0,2,1,1,1,1,0,2,0,2
8,-168382.0203,-625245.7533,E8_F100_m43f43_P49_Y1_UO1939,I43_F89_m-1f-1_P43_Y-1_U249,ID43_F48_m-1f-1_P100_Y-1_U176,FXX,6,0.0,1,0,1.0,0,0,0,-9999.0,0.5,1,P42_CV0,2,1,1,0,2,0,2,0,2
8,-168382.0203,-625245.7533,E8_F31_m43f43_P48_Y0_UO2187,R43_F43_m-1f-1_P43_Y-1_U154,R43_F43_m-1f-1_P43_Y-1_U99,MXY,7,0.0,1,0,0.0,0,0,0,-9999.0,0.75,1,P42_CV0,2,2,0,0,2,0,2,0,2
8,-168382.0203,-625245.7533,E8_F63_m-1f-1_P43_Y-1_U166,-9999,-9999,FXX,10,0.0,1,0,1.0,0,0,0,-9999.0,0.5,1,P42_CV0,2,1,1,1,1,0,2,0,2
8,-168382.0203,-625245.7533,Age0_F8_m25f25_P8_Y7_UO1232,I25_F68_m85f85_P68_Y5_UO3968,I25_F69_m45f45_P68_Y5_UO2148,MXY,0,0.0,0,0,0.0,0,0,0,0.0,0.53125,1,P44_CV0,2,2,0,2,0,0,2,0,2
8,-168382.0203,-625245.7533,Age0_F8_m25f25_P8_Y7_UO1329,ID25_F8_m-1f-1_P85_Y-1_U51,I25_F69_m63f63_P68_Y4_UO2962,MXY,0,0.0,0,0,0.0,0,0,0,0.0,0.1875,1,P44_CV0,2,0,2,1,1,0,2,0,2
8,-168382.0203,-625245.7533,Age0_F8_m40f40_P8_Y7_UO1978,I40_F6_m-1f-1_P45_Y-1_U13,I40_F99_m-1f-1_P42_Y-1_U85,FXX,0,0.0,0,0,0.0,0,0,0,0.0,0.75,1,P44_CV0,2,1,1,1,1,0,2,0,2
8,-168382.0203,-625245.7533,Age0_F8_m45f45_P8_Y7_UO2233,ID45_F52_m42f42_P99_Y0_UO2057,I45_F8_m-1f-1_P45_Y-1_U184,FXX,0,0.0,0,0,0.0,0,0,0,0.0,0.875,1,P44_CV0,2,2,0,2,0,0,2,0,2
8,-168382.0203,-625245.7533,Age0_F8_m45f45_P8_Y7_UO2237,I45_F86_m45f45_P6_Y0_UO2282,I45_F68_m-1f-1_P23_Y-1_U45,MXY,0,0.0,0,0,0.0,0,0,0,0.0,0.625,1,P44_CV0,2,2,0,2,0,0,2,0,2
8,-168382.0203,-625245.7533,Age0_F8_m63f63_P8_Y7_UO3071,I63_F98_m65f65_P8_Y2_UO3096,ID63_F8_m45f45_P68_Y4_UO2164,MXY,0,0.0,0,0,0.0,0,0,0,0.0,0.5625,1,P44_CV0,2,1,1,1,1,0,2,0,2
8,-168382.0203,-625245.7533,Age0_F8_m63f63_P8_Y7_UO3094,I63_F8_m-1f-1_P25_Y-1_U71,I63_F68_m45f45_P8_Y5_UO2206,FXX,0,0.0,0,0,0.0,0,0,0,0.0,0.375,1,P44_CV0,2,1,1,2,0,0,2,0,2
8,-168382.0203,-625245.7533,Age0_F8_m63f63_P8_Y7_UO3096,I63_F68_m-1f-1_P45_Y-1_U125,ID63_F68_m-1f-1_P45_Y-1_U4,FXX,0,0.0,0,0,0.0,0,0,0,0.0,0.25,1,P44_CV0,2,0,2,1,1,0,2,0,2
8,-168382.0203,-625245.7533,Age0_F8_m65f65_P8_Y7_UO3210,I65_F8_m-1f-1_P65_Y-1_U148,I65_F28_m84f84_P36_Y3_UO3880,FXX,0,0.0,0,0,0.0,0,0,0,0.0,0.375,1,P44_CV0,2,2,0,1,1,0,2,0,2
8,-168382.0203,-625245.7533,Age0_F8_m84f84_P8_Y7_UO3947,I84_F8_m-1f-1_P45_Y-1_U168,I84_F8_m43f43_P49_Y4_UO2056,FXX,0,0.0,0,0,0.0,0,0,0,0.0,0.5,1,P44_CV0,2,1,1,0,2,0,2,0,2
8,-168382.0203,-625245.7533,Age0_F8_m85f85_P8_Y7_UO3986,I85_F28_m65f65_P98_Y5_UO3130,ID85_F98_m-1f-1_P25_Y-1_U217,FXX,0,0.0,0,0,0.0,0,0,0,0.0,0.75,1,P44_CV0,2,2,0,0,2,0,2,0,2
8,-168382.0203,-625245.7533,Age0_F8_m85f85_P8_Y7_UO4013,I85_F68_m11f11_P2_Y3_UO620,ID85_F69_m-1f-1_P45_Y-1_U237,MXY,0,0.0,0,0,0.0,0,0,0,0.0,0.5,1,P44_CV0,2,1,1,1,1,0,2,0,2
8,-168382.0203,-625245.7533,E8_F25_m84f84_P68_Y6_UO3955,I84_F68_m-1f-1_P45_Y-1_U120,I84_F8_m100f100_P8_Y4_UO4575,MXY,1,0.0,1,1,0.0,0,0,0,-9999.0,0.5,1,P44_CV0,2,0,2,2,0,0,2,0,2
8,-168382.0203,-625245.7533,E8_F31_m31f31_P8_Y6_UO1492,ID31_F8_m25f25_P8_Y3_UO1306,I31_F8_m-1f-1_P45_Y-1_U65,MXY,1,0.0,1,1,0.0,0,0,0,-9999.0,0.5625,1,P44_CV0,2,2,0,2,0,0,2,0,2
8,-168382.0203,-625245.7533,E8_F31_m84f84_P8_Y6_UO3902,I84_F68_m84f84_P8_Y3_UO3882,I84_F68_m-1f-1_P45_Y-1_U216,FXX,1,0.0,1,1,1.0,0,0,0,-9999.0,0.125,1,P44_CV0,2,1,1,1,1,0,2,0,2
8,-168382.0203,-625245.7533,E8_F40_m90f90_P6_Y6_UO4308,ID90_F86_m45f45_P86_Y1_UO2020,I90_F27_m-1f-1_P90_Y-1_U104,FXX,1,0.0,1,1,1.0,0,0,0,-9999.0,0.75,1,P44_CV0,2,1,1,1,1,0,2,0,2
8,-168382.0203,-625245.7533,E8_F40_m45f45_P86_Y6_UO2262,ID45_F86_m-1f-1_P45_Y-1_U161,I45_F86_m25f25_P8_Y4_UO1244,FXX,1,0.0,1,1,1.0,0,0,0,-9999.0,0.59375,1,P44_CV0,2,1,1,1,1,0,2,0,2
8,-168382.0203,-625245.7533,E8_F63_m84f84_P8_Y6_UO3965,I84_F68_m-1f-1_P45_Y-1_U238,I84_F68_m63f63_P69_Y1_UO2852,FXX,1,0.0,1,1,1.0,0,0,0,-9999.0,0.5,1,P44_CV0,2,0,2,2,0,0,2,0,2
8,-168382.0203,-625245.7533,E8_F63_m45f45_P68_Y6_UO2232,I45_F57_m90f90_P6_Y1_UO3992,I45_F6_m-1f-1_P45_Y-1_U108,MXY,1,0.0,1,1,0.0,0,0,0,-9999.0,0.0,1,P44_CV0,2,0,2,0,2,0,2,0,2
8,-168382.0203,-625245.7533,E8_F63_m63f63_P68_Y6_UO3103,ID63_F48_m-1f-1_P45_Y-1_U37,ID63_F69_m63f63_P68_Y4_UO2992,MXY,1,0.0,1,1,0.0,0,0,0,-9999.0,0.4375,1,P44_CV0,2,1,1,1,1,0,2,0,2
8,-168382.0203,-625245.7533,E8_F65_m45f45_P68_Y6_UO2229,I45_F57_m90f90_P86_Y1_UO4016,ID45_F6_m90f90_P27_Y4_UO4199,FXX,1,0.0,1,1,1.0,0,0,0,-9999.0,0.375,1,P44_CV0,2,1,1,0,2,0,2,0,2
8,-168382.0203,-625245.7533,E8_F25_m45f45_P68_Y5_UO2148,ID45_F57_m40f40_P57_Y3_UO1891,ID45_F86_m-1f-1_P45_Y-1_U184,MXY,2,0.0,1,0,0.0,0,0,0,-9999.0,0.6875,1,P44_CV0,2,1,1,2,0,0,2,0,2
8,-168382.0203,-625245.7533,E8_F84_m45f45_P8_Y5_UO2190,I45_F6_m40f40_P57_Y0_UO1991,ID45_F27_m90f90_P86_Y3_UO4205,FXX,2,0.0,1,0,1.0,0,0,0,-9999.0,0.6875,1,P44_CV0,2,2,0,1,1,0,2,0,2
8,-168382.0203,-625245.7533,E8_F84_m65f65_P98_Y5_UO3185,I65_F68_m-1f-1_P85_Y-1_U53,I65_F98_m63f63_P8_Y3_UO3019,MXY,2,0.0,1,0,0.0,0,0,0,-9999.0,0.375,1,P44_CV0,2,1,1,0,2,0,2,0,2
8,-168382.0203,-625245.7533,E8_F85_m65f65_P98_Y5_UO3130,I65_F98_m45f45_P68_Y2_UO2140,I65_F36_m25f25_P8_Y0_UO1346,FXX,2,0.0,1,0,1.0,0,0,0,-9999.0,0.5,1,P44_CV0,2,2,0,1,1,0,2,0,2
8,-168382.0203,-625245.7533,E8_F63_m45f45_P68_Y3_UO2163,I45_F6_m-1f-1_P45_Y-1_U120,I45_F6_m-1f-1_P45_Y-1_U117,FXX,4,0.0,1,0,1.0,0,0,0,-9999.0,0.25,1,P44_CV0,2,0,2,1,1,0,2,0,2
8,-168382.0203,-625245.7533,E8_F63_m65f65_P98_Y3_UO3114,I65_F36_m-1f-1_P65_Y-1_U231,ID65_F8_m-1f-1_P45_Y-1_U237,FXX,4,0.0,1,0,1.0,0,0,0,-9999.0,0.75,1,P44_CV0,2,2,0,1,1,0,2,0,2
8,-168382.0203,-625245.7533,E8_F65_m45f45_P8_Y3_UO2205,I45_F57_m-1f-1_P45_Y-1_U183,ID45_F52_m-1f-1_P45_Y-1_U7,FXX,4,0.0,1,0,1.0,0,0,0,-9999.0,1.0,1,P44_CV0,2,2,0,1,1,0,2,0,2
8,-168382.0203,-625245.7533,E8_F65_m84f84_P36_Y3_UO3880,I84_F68_m-1f-1_P45_Y-1_U17,ID84_F49_m31f31_P68_Y1_UO1381,MXY,4,0.0,1,0,0.0,0,0,0,-9999.0,0.25,1,P44_CV0,2,1,1,1,1,0,2,0,2
8,-168382.0203,-625245.7533,E8_F63_m65f65_P8_Y2_UO3096,ID65_F2_m84f84_P8_Y0_UO4117,ID65_F57_m-1f-1_P45_Y-1_U138,FXX,5,0.0,1,0,1.0,0,0,0,-9999.0,0.5,1,P44_CV0,2,0,2,1,1,0,2,0,2
8,-168382.0203,-625245.7533,E8_F45_m45f45_P6_Y0_UO2282,R45_F45_m-1f-1_P45_Y-1_U136,R45_F45_m-1f-1_P45_Y-1_U142,FXX,7,0.0,1,0,1.0,0,0,0,-9999.0,0.75,1,P44_CV0,2,2,0,2,0,0,2,0,2
8,-168382.0203,-625245.7533,E8_F45_m-1f-1_P45_Y-1_U30,-9999,-9999,MXY,8,0.0,1,0,0.0,0,0,0,-9999.0,0.5,1,P44_CV0,2,1,1,1,1,0,2,0,2
8,-168382.0203,-625245.7533,E8_F45_m-1f-1_P45_Y-1_U40,-9999,-9999,FXX,8,0.0,1,0,1.0,0,0,0,-9999.0,0.0,1,P44_CV0,2,0,2,1,1,0,2,0,2
8,-168382.0203,-625245.7533,E8_F92_m-1f-1_P45_Y-1_U202,-9999,-9999,FXX,8,0.0,1,0,1.0,0,0,0,-9999.0,0.5,1,P44_CV0,2,1,1,0,2,0,2,0,2
8,-168382.0203,-625245.7533,E8_F84_m-1f-1_P45_Y-1_U168,-9999,-9999,FXX,9,0.0,1,0,1.0,0,0,0,-9999.0,0.5,1,P44_CV0,2,1,1,0,2,0,2,0,2
8,-168382.0203,-625245.7533,E8_F63_m-1f-1_P45_Y-1_U125,-9999,-9999,FXX,10,0.0,1,0,1.0,0,0,0,-9999.0,0.0,1,P44_CV0,2,0,2,1,1,0,2,0,2
8,-168382.0203,-625245.7533,E8_F63_m-1f-1_P45_Y-1_U4,-9999,-9999,MXY,10,0.0,1,0,0.0,0,0,0,-9999.0,0.5,1,P44_CV0,2,1,1,1,1,0,2,0,2
8,-168382.0203,-625245.7533,E8_F31_m-1f-1_P45_Y-1_U182,-9999,-9999,MXY,11,0.0,1,0,0.0,0,0,0,-9999.0,0.5,1,P44_CV0,2,1,1,2,0,0,2,0,2
8,-168382.0203,-625245.7533,E8_F40_m-1f-1_P45_Y-1_U13,-9999,-9999,FXX,12,0.0,1,0,1.0,0,0,0,-9999.0,0.5,1,P44_CV0,2,1,1,2,0,0,2,0,2
8,-168382.0203,-625245.7533,E8_F31_m31f31_P68_Y5_UO1505,I31_F68_m46f46_P52_Y0_UO2372,I31_F8_m-1f-1_P31_Y-1_U104,MXY,2,0.0,1,0,0.0,0,0,0,-9999.0,0.375,1,P45_CV0,2,0,2,1,1,0,2,0,2
8,-168382.0203,-625245.7533,E8_F45_m90f90_P6_Y4_UO4245,ID90_F35_m-1f-1_P46_Y-1_U127,I90_F35_m-1f-1_P12_Y-1_U172,MXY,3,0.0,1,0,0.0,0,0,0,-9999.0,1.0,1,P45_CV0,2,2,0,2,0,0,2,0,2
8,-168382.0203,-625245.7533,E8_F63_m31f31_P68_Y4_UO1495,ID31_F6_m46f46_P52_Y0_UO2372,ID31_F8_m-1f-1_P45_Y-1_U65,FXX,3,0.0,1,0,1.0,0,0,0,-9999.0,0.375,1,P45_CV0,2,1,1,1,1,0,2,0,2
8,-168382.0203,-625245.7533,E8_F45_m92f92_P6_Y5_UO4307,I92_F86_m42f42_P99_Y3_UO1999,I92_F6_m58f58_P99_Y2_UO2772,MXY,2,0.0,1,0,0.0,0,0,0,-9999.0,0.4375,1,P46_CV0,2,1,1,1,1,0,2,0,2
8,-168382.0203,-625245.7533,Age0_F8_m65f65_P8_Y7_UO3211,ID65_F69_m-1f-1_P50_Y-1_U104,I65_F36_m85f85_P36_Y5_UO3956,FXX,0,0.0,0,0,0.0,0,0,0,0.0,0.53125,1,P49_CV0,2,1,1,1,1,0,2,0,2
8,-168382.0203,-625245.7533,E8_F40_m92f92_P57_Y6_UO4439,I92_F6_m-1f-1_P92_Y-1_U244,I92_F27_m50f50_P99_Y4_UO2388,MXY,1,0.0,1,1,0.0,0,0,0,-9999.0,0.375,1,P49_CV0,2,1,1,2,0,0,2,0,2
8,-168382.0203,-625245.7533,E8_F45_m42f42_P6_Y6_UO2060,I42_F99_m50f50_P99_Y0_UO2593,I42_F99_m-1f-1_P50_Y-1_U211,MXY,1,0.0,1,1,0.0,0,0,0,-9999.0,0.75,1,P49_CV0,2,1,1,2,0,0,2,0,2
8,-168382.0203,-625245.7533,E8_F65_m40f40_P98_Y6_UO1927,I40_F6_m92f92_P6_Y4_UO4311,I40_F57_m-1f-1_P42_Y-1_U197,MXY,1,0.0,1,1,0.0,0,0,0,-9999.0,0.25,1,P49_CV0,2,0,2,1,1,0,2,0,2
8,-168382.0203,-625245.7533,E8_F65_m40f40_P98_Y6_UO1938,I40_F86_m50f50_P6_Y3_UO2421,I40_F57_m50f50_P57_Y4_UO2355,MXY,1,0.0,1,1,0.0,0,0,0,-9999.0,0.1875,1,P49_CV0,2,1,1,1,1,0,2,0,2
8,-168382.0203,-625245.7533,E8_F65_m94f94_P98_Y6_UO4468,I94_F81_m50f50_P99_Y3_UO2379,I94_F81_m-1f-1_P58_Y-1_U14,FXX,1,0.0,1,1,1.0,0,0,0,-9999.0,0.5,1,P49_CV0,2,1,1,1,1,0,2,0,2
8,-168382.0203,-625245.7533,E8_F84_m65f65_P68_Y5_UO3190,ID65_F6_m-1f-1_P50_Y-1_U104,I65_F98_m40f40_P98_Y3_UO1924,FXX,2,0.0,1,0,1.0,0,0,0,-9999.0,0.5,1,P49_CV0,2,1,1,1,1,0,2,0,2
8,-168382.0203,-625245.7533,E8_F65_m58f58_P98_Y4_UO2748,ID58_F81_m-1f-1_P50_Y-1_U139,I58_F6_m-1f-1_P58_Y-1_U150,FXX,3,0.0,1,0,1.0,0,0,0,-9999.0,0.75,1,P49_CV0,2,1,1,1,1,0,2,0,2
8,-168382.0203,-625245.7533,E8_F65_m-1f-1_P50_Y-1_U104,-9999,-9999,FXX,14,0.0,1,0,1.0,0,0,0,-9999.0,0.5,1,P49_CV0,2,1,1,1,1,0,2,0,2
8,-168382.0203,-625245.7533,E8_F84_m94f94_P98_Y4_UO4414,I94_F81_m5f5_P81_Y0_UO364,ID94_F6_m58f58_P99_Y2_UO2728,MXY,3,0.0,1,0,0.0,0,0,0,-9999.0,0.5,1,P4_CV0,2,0,2,2,0,0,2,0,2
8,-168382.0203,-625245.7533,E8_F31_m43f43_P68_Y6_UO2135,I43_F48_m55f55_P49_Y3_UO2551,I43_F49_m43f43_P49_Y3_UO2104,FXX,1,0.0,1,1,1.0,0,0,0,-9999.0,0.6875,1,P54_CV0,2,2,0,1,1,0,2,0,2
8,-168382.0203,-625245.7533,E8_F63_m11f11_P48_Y5_UO679,I11_F36_m-1f-1_P11_Y-1_U56,I11_F89_m55f55_P41_Y2_UO2611,MXY,2,0.0,1,0,0.0,0,0,0,-9999.0,0.875,1,P54_CV0,2,2,0,2,0,0,2,0,2
8,-168382.0203,-625245.7533,E8_F31_m55f55_P49_Y0_UO2785,R55_F55_m-1f-1_P55_Y-1_U152,R55_F55_m-1f-1_P55_Y-1_U229,FXX,7,0.0,1,0,1.0,0,0,0,-9999.0,0.75,1,P54_CV0,2,2,0,1,1,0,2,0,2
8,-168382.0203,-625245.7533,Age0_F8_m65f65_P8_Y7_UO3163,ID65_F86_m90f90_P86_Y3_UO4142,I65_F98_m-1f-1_P65_Y-1_U79,MXY,0,0.0,0,0,0.0,0,0,0,0.0,0.625,1,P57_CV0,2,1,1,1,1,0,2,0,2
8,-168382.0203,-625245.7533,E8_F31_m45f45_P68_Y4_UO2180,I45_F6_m-1f-1_P45_Y-1_U109,I45_F86_m40f40_P6_Y2_UO1881,MXY,3,0.0,1,0,0.0,0,0,0,-9999.0,0.125,1,P57_CV0,2,0,2,1,1,0,2,0,2
8,-168382.0203,-625245.7533,E8_F65_m90f90_P86_Y3_UO4142,I90_F86_m58f58_P99_Y1_UO2631,I90_F6_m23f23_P57_Y1_UO1129,FXX,4,0.0,1,0,1.0,0,0,0,-9999.0,0.75,1,P57_CV0,2,1,1,1,1,0,2,0,2
8,-168382.0203,-625245.7533,Age0_F8_m31f31_P8_Y7_UO1501,I31_F8_m65f65_P69_Y3_UO3165,ID31_F48_m100f100_P48_Y5_UO4570,FXX,0,0.0,0,0,0.0,0,0,0,0.0,0.375,1,P59_CV0,2,1,1,2,0,0,2,0,2
8,-168382.0203,-625245.7533,Age0_F8_m65f65_P8_Y7_UO3117,ID65_F68_m43f43_P49_Y5_UO2141,I65_F8_m65f65_P98_Y4_UO3125,MXY,0,0.0,0,0,0.0,0,0,0,0.0,0.375,1,P59_CV0,2,1,1,1,1,0,2,0,2
8,-168382.0203,-625245.7533,E8_F25_m60f60_P48_Y6_UO2806,I60_F75_m60f60_P75_Y3_UO2841,ID60_F19_m39f39_P19_Y2_UO1813,MXY,1,0.0,1,1,0.0,0,0,0,-9999.0,0.75,1,P59_CV0,2,2,0,2,0,0,2,0,2
8,-168382.0203,-625245.7533,E8_F84_m63f63_P68_Y6_UO3003,I63_F8_m100f100_P68_Y4_UO4610,I63_F68_m85f85_P8_Y3_UO3920,FXX,1,0.0,1,1,1.0,0,0,0,-9999.0,0.5625,1,P59_CV0,2,1,1,2,0,0,2,0,2
8,-168382.0203,-625245.7533,E8_F31_m100f100_P48_Y5_UO4570,I100_F68_m43f43_P48_Y2_UO2079,ID100_F89_m60f60_P49_Y3_UO2867,MXY,2,0.0,1,0,0.0,0,0,0,-9999.0,0.375,1,P59_CV0,2,1,1,1,1,0,2,0,2
8,-168382.0203,-625245.7533,E8_F65_m43f43_P49_Y5_UO2141,I43_F48_m-1f-1_P43_Y-1_U247,I43_F48_m-1f-1_P60_Y-1_U16,FXX,2,0.0,1,0,1.0,0,0,0,-9999.0,0.25,1,P59_CV0,2,1,1,0,2,0,2,0,2
8,-168382.0203,-625245.7533,E8_F100_m43f43_P48_Y4_UO2112,I43_F49_m-1f-1_P43_Y-1_U197,ID43_F49_m60f60_P75_Y1_UO2731,MXY,3,0.0,1,0,0.0,0,0,0,-9999.0,0.5,1,P59_CV0,2,0,2,1,1,0,2,0,2
8,-168382.0203,-625245.7533,Age0_F8_m25f25_P8_Y7_UO1236,ID25_F68_m84f84_P8_Y5_UO3894,I25_F8_m84f84_P68_Y5_UO3909,MXY,0,0.0,0,0,0.0,0,0,0,0.0,0.5625,1,P62_CV0,2,1,1,0,2,0,2,0,2
8,-168382.0203,-625245.7533,Age0_F8_m25f25_P8_Y7_UO1248,ID25_F8_m63f63_P68_Y5_UO3003,I25_F68_m63f63_P8_Y1_UO2945,FXX,0,0.0,0,0,0.0,0,0,0,0.0,0.4375,1,P62_CV0,2,0,2,1,1,0,2,0,2
8,-168382.0203,-625245.7533,Age0_F8_m25f25_P8_Y7_UO1263,I25_F8_m63f63_P68_Y5_UO3053,ID25_F8_m85f85_P36_Y4_UO3972,MXY,0,0.0,0,0,0.0,0,0,0,0.0,0.5625,1,P62_CV0,2,1,1,2,0,0,2,0,2
8,-168382.0203,-625245.7533,Age0_F8_m25f25_P8_Y7_UO1266,I25_F8_m65f65_P8_Y5_UO3122,I25_F68_m31f31_P8_Y4_UO1471,MXY,0,0.0,0,0,0.0,0,0,0,0.0,0.375,1,P62_CV0,2,0,2,1,1,0,2,0,2
8,-168382.0203,-625245.7533,Age0_F8_m25f25_P8_Y7_UO1278,I25_F8_m84f84_P8_Y4_UO3872,I25_F8_m43f43_P48_Y3_UO2079,FXX,0,0.0,0,0,0.0,0,0,0,0.0,0.5,1,P62_CV0,2,2,0,0,2,0,2,0,2
8,-168382.0203,-625245.7533,Age0_F8_m25f25_P8_Y7_UO1292,I25_F68_m84f84_P8_Y3_UO3803,I25_F8_m84f84_P68_Y4_UO3809,FXX,0,0.0,0,0,0.0,0,0,0,0.0,0.5,1,P62_CV0,2,1,1,0,2,0,2,0,2
8,-168382.0203,-625245.7533,Age0_F8_m25f25_P8_Y7_UO1315,I25_F68_m63f63_P8_Y2_UO2989,ID25_F48_m73f73_P41_Y4_UO3276,FXX,0,0.0,0,0,0.0,0,0,0,0.0,0.25,1,P62_CV0,2,1,1,1,1,0,2,0,2
8,-168382.0203,-625245.7533,Age0_F8_m31f31_P8_Y7_UO1480,I31_F8_m63f63_P68_Y4_UO2993,I31_F68_m85f85_P69_Y0_UO4242,MXY,0,0.0,0,0,0.0,0,0,0,0.0,0.4375,1,P62_CV0,2,2,0,0,2,0,2,0,2
8,-168382.0203,-625245.7533,Age0_F8_m31f31_P8_Y7_UO1495,I31_F48_m25f25_P68_Y3_UO1317,I31_F68_m31f31_P8_Y4_UO1516,FXX,0,0.0,0,0,0.0,0,0,0,0.0,0.3125,1,P62_CV0,2,0,2,1,1,0,2,0,2
8,-168382.0203,-625245.7533,Age0_F8_m31f31_P8_Y7_UO1511,I31_F68_m63f63_P8_Y2_UO3040,ID31_F52_m46f46_P52_Y5_UO2251,FXX,0,0.0,0,0,0.0,0,0,0,0.0,0.46875,1,P62_CV0,2,1,1,1,1,0,2,0,2
8,-168382.0203,-625245.7533,Age0_F8_m31f31_P8_Y7_UO1514,I31_F36_m84f84_P8_Y2_UO3922,I31_F68_m63f63_P8_Y5_UO3052,FXX,0,0.0,0,0,0.0,0,0,0,0.0,0.5,1,P62_CV0,2,0,2,1,1,0,2,0,2
8,-168382.0203,-625245.7533,Age0_F8_m31f31_P8_Y7_UO1532,ID31_F68_m-1f-1_P63_Y-1_U249,I31_F68_m92f92_P6_Y0_UO4660,FXX,0,0.0,0,0,0.0,0,0,0,0.0,0.5,1,P62_CV0,2,1,1,1,1,0,2,0,2
8,-168382.0203,-625245.7533,Age0_F8_m31f31_P8_Y7_UO1546,I31_F36_m-1f-1_P63_Y-1_U174,I31_F68_m92f92_P6_Y0_UO4660,FXX,0,0.0,0,0,0.0,0,0,0,0.0,0.5,1,P62_CV0,2,1,1,0,2,0,2,0,2
8,-168382.0203,-625245.7533,Age0_F8_m45f45_P8_Y7_UO2198,I45_F57_m92f92_P6_Y5_UO4303,I45_F68_m25f25_P8_Y4_UO1244,MXY,0,0.0,0,0,0.0,0,0,0,0.0,0.65625,1,P62_CV0,2,1,1,0,2,0,2,0,2
8,-168382.0203,-625245.7533,Age0_F8_m63f63_P8_Y7_UO3050,I63_F8_m63f63_P68_Y3_UO2971,I63_F8_m63f63_P68_Y4_UO2992,MXY,0,0.0,0,0,0.0,0,0,0,0.0,0.4375,1,P62_CV0,2,1,1,2,0,0,2,0,2
8,-168382.0203,-625245.7533,Age0_F8_m63f63_P8_Y7_UO3055,I63_F48_m85f85_P69_Y3_UO3896,ID63_F68_m31f31_P68_Y5_UO1521,MXY,0,0.0,0,0,0.0,0,0,0,0.0,0.3125,1,P62_CV0,2,2,0,0,2,0,2,0,2
8,-168382.0203,-625245.7533,Age0_F8_m65f65_P8_Y7_UO3122,I65_F57_m65f65_P98_Y5_UO3132,I65_F98_m25f25_P8_Y3_UO1291,FXX,0,0.0,0,0,0.0,0,0,0,0.0,0.5,1,P62_CV0,2,0,2,0,2,0,2,0,2
8,-168382.0203,-625245.7533,Age0_F8_m65f65_P8_Y7_UO3123,I65_F36_m85f85_P36_Y5_UO3959,I65_F8_m65f65_P98_Y4_UO3125,FXX,0,0.0,0,0,0.0,0,0,0,0.0,0.375,1,P62_CV0,2,1,1,1,1,0,2,0,2
8,-168382.0203,-625245.7533,Age0_F8_m65f65_P8_Y7_UO3144,I65_F68_m58f58_P98_Y4_UO2748,I65_F98_m65f65_P8_Y3_UO3146,FXX,0,0.0,0,0,0.0,0,0,0,0.0,0.5625,1,P62_CV0,2,1,1,0,2,0,2,0,2
8,-168382.0203,-625245.7533,Age0_F8_m65f65_P8_Y7_UO3148,ID65_F98_m65f65_P68_Y4_UO3148,I65_F98_m84f84_P68_Y2_UO3870,FXX,0,0.0,0,0,0.0,0,0,0,0.0,0.25,1,P62_CV0,2,1,1,0,2,0,2,0,2
8,-168382.0203,-625245.7533,Age0_F8_m84f84_P8_Y7_UO3845,I84_F68_m45f45_P8_Y5_UO2190,ID84_F36_m63f63_P8_Y1_UO2859,MXY,0,0.0,0,0,0.0,0,0,0,0.0,0.59375,1,P62_CV0,2,1,1,0,2,0,2,0,2
8,-168382.0203,-625245.7533,Age0_F8_m84f84_P8_Y7_UO3859,ID84_F36_m65f65_P68_Y5_UO3190,I84_F8_m63f63_P69_Y1_UO2852,MXY,0,0.0,0,0,0.0,0,0,0,0.0,0.5,1,P62_CV0,2,0,2,1,1,0,2,0,2
8,-168382.0203,-625245.7533,Age0_F8_m84f84_P8_Y7_UO3887,I84_F8_m25f25_P36_Y4_UO1321,I84_F8_m63f63_P69_Y1_UO2852,MXY,0,0.0,0,0,0.0,0,0,0,0.0,0.4375,1,P62_CV0,2,1,1,1,1,0,2,0,2
8,-168382.0203,-625245.7533,Age0_F8_m84f84_P8_Y7_UO3928,I84_F69_m31f31_P68_Y1_UO1445,I84_F8_m84f84_P8_Y2_UO3841,MXY,0,0.0,0,0,0.0,0,0,0,0.0,0.5625,1,P62_CV0,2,1,1,1,1,0,2,0,2
8,-168382.0203,-625245.7533,E8_F25_m84f84_P8_Y6_UO3903,I84_F68_m25f25_P69_Y3_UO1242,ID84_F68_m31f31_P68_Y1_UO1428,FXX,1,0.0,1,1,1.0,0,0,0,-9999.0,0.625,1,P62_CV0,2,2,0,1,1,0,2,0,2
8,-168382.0203,-625245.7533,E8_F25_m63f63_P68_Y6_UO3007,I63_F8_m84f84_P68_Y4_UO3823,I63_F68_m65f65_P8_Y4_UO3129,FXX,1,0.0,1,1,1.0,0,0,0,-9999.0,0.5,1,P62_CV0,2,1,1,1,1,0,2,0,2
8,-168382.0203,-625245.7533,E8_F25_m63f63_P69_Y6_UO3060,ID63_F68_m65f65_P8_Y2_UO3141,ID63_F68_m85f85_P36_Y4_UO3972,FXX,1,0.0,1,1,1.0,0,0,0,-9999.0,0.5625,1,P62_CV0,2,2,0,2,0,0,2,0,2
8,-168382.0203,-625245.7533,E8_F25_m85f85_P69_Y6_UO4006,I85_F2_m63f63_P69_Y4_UO3013,ID85_F36_m-1f-1_P45_Y-1_U237,MXY,1,0.0,1,1,0.0,0,0,0,-9999.0,0.5,1,P62_CV0,2,0,2,1,1,0,2,0,2
8,-168382.0203,-625245.7533,E8_F63_m25f25_P8_Y6_UO1256,I25_F68_m84f84_P8_Y4_UO3854,I25_F68_m15f15_P41_Y0_UO807,FXX,1,0.0,1,1,1.0,0,0,0,-9999.0,0.4375,1,P62_CV0,2,1,1,1,1,0,2,0,2
8,-168382.0203,-625245.7533,E8_F63_m25f25_P8_Y6_UO1364,I25_F68_m-1f-1_P25_Y-1_U47,ID25_F36_m31f31_P8_Y4_UO1471,FXX,1,0.0,1,1,1.0,0,0,0,-9999.0,0.375,1,P62_CV0,2,1,1,1,1,0,2,0,2
8,-168382.0203,-625245.7533,E8_F63_m63f63_P8_Y6_UO3074,I63_F68_m84f84_P8_Y0_UO4158,I63_F8_m-1f-1_P63_Y-1_U57,MXY,1,0.0,1,1,0.0,0,0,0,-9999.0,0.75,1,P62_CV0,2,1,1,0,2,0,2,0,2
8,-168382.0203,-625245.7533,E8_F63_m65f65_P8_Y6_UO3157,I65_F8_m25f25_P69_Y3_UO1258,I65_F36_m25f25_P8_Y4_UO1315,MXY,1,0.0,1,1,0.0,0,0,0,-9999.0,0.5625,1,P62_CV0,2,2,0,1,1,0,2,0,2
8,-168382.0203,-625245.7533,E8_F63_m85f85_P36_Y6_UO4056,I85_F21_m-1f-1_P63_Y-1_U239,I85_F2_m63f63_P69_Y0_UO3330,FXX,1,0.0,1,1,1.0,0,0,0,-9999.0,0.625,1,P62_CV0,2,1,1,1,1,0,2,0,2
8,-168382.0203,-625245.7533,E8_F63_m25f25_P68_Y6_UO1331,I25_F2_m63f63_P68_Y0_UO3272,I25_F68_m-1f-1_P25_Y-1_U104,FXX,1,0.0,1,1,1.0,0,0,0,-9999.0,0.5,1,P62_CV0,2,2,0,1,1,0,2,0,2
8,-168382.0203,-625245.7533,E8_F63_m31f31_P68_Y6_UO1532,I31_F8_m63f63_P68_Y0_UO3288,I31_F8_m-1f-1_P63_Y-1_U203,FXX,1,0.0,1,1,1.0,0,0,0,-9999.0,0.875,1,P62_CV0,2,2,0,1,1,0,2,0,2
8,-168382.0203,-625245.7533,E8_F63_m31f31_P68_Y6_UO1562,ID31_F98_m-1f-1_P63_Y-1_U228,I31_F68_m84f84_P8_Y4_UO3831,FXX,1,0.0,1,1,1.0,0,0,0,-9999.0,0.15625,1,P62_CV0,2,0,2,2,0,0,2,0,2
8,-168382.0203,-625245.7533,E8_F63_m63f63_P68_Y6_UO3044,ID63_F68_m31f31_P68_Y3_UO1483,ID63_F68_m85f85_P36_Y4_UO3972,MXY,1,0.0,1,1,0.0,0,0,0,-9999.0,0.625,1,P62_CV0,2,2,0,2,0,0,2,0,2
8,-168382.0203,-625245.7533,E8_F65_m25f25_P8_Y6_UO1360,I25_F36_m-1f-1_P63_Y-1_U89,I25_F69_m25f25_P8_Y4_UO1273,FXX,1,0.0,1,1,1.0,0,0,0,-9999.0,0.8125,1,P62_CV0,2,1,1,2,0,0,2,0,2
8,-168382.0203,-625245.7533,E8_F65_m85f85_P28_Y6_UO3979,I85_F36_m63f63_P36_Y4_UO3058,I85_F69_m-1f-1_P85_Y-1_U63,MXY,1,0.0,1,1,0.0,0,0,0,-9999.0,0.5,1,P62_CV0,2,1,1,2,0,0,2,0,2
8,-168382.0203,-625245.7533,E8_F65_m63f63_P98_Y6_UO3023,I63_F69_m31f31_P68_Y4_UO1488,I63_F8_m85f85_P69_Y0_UO4249,MXY,1,0.0,1,1,0.0,0,0,0,-9999.0,0.5625,1,P62_CV0,2,2,0,1,1,0,2,0,2
8,-168382.0203,-625245.7533,E8_F84_m31f31_P8_Y6_UO1469,I31_F8_m31f31_P49_Y4_UO1511,I31_F8_m-1f-1_P63_Y-1_U176,MXY,1,0.0,1,1,0.0,0,0,0,-9999.0,0.625,1,P62_CV0,2,2,0,1,1,0,2,0,2
8,-168382.0203,-625245.7533,E8_F84_m31f31_P8_Y6_UO1513,I31_F68_m100f100_P48_Y2_UO4557,I31_F8_m-1f-1_P63_Y-1_U176,MXY,1,0.0,1,1,0.0,0,0,0,-9999.0,0.625,1,P62_CV0,2,1,1,0,2,0,2,0,2
8,-168382.0203,-625245.7533,E8_F85_m11f11_P69_Y6_UO650,ID11_F98_m31f31_P8_Y3_UO1479,I11_F89_m85f85_P69_Y2_UO3969,MXY,1,0.0,1,1,0.0,0,0,0,-9999.0,0.25,1,P62_CV0,2,1,1,1,1,0,2,0,2
8,-168382.0203,-625245.7533,E8_F85_m65f65_P69_Y6_UO3199,ID65_F68_m63f63_P68_Y0_UO3308,ID65_F98_m85f85_P36_Y4_UO3934,MXY,1,0.0,1,1,0.0,0,0,0,-9999.0,0.53125,1,P62_CV0,2,1,1,2,0,0,2,0,2
8,-168382.0203,-625245.7533,E8_F85_m65f65_P69_Y6_UO3213,ID65_F69_m-1f-1_P63_Y-1_U200,I65_F68_m63f63_P8_Y1_UO2859,FXX,1,0.0,1,1,1.0,0,0,0,-9999.0,0.25,1,P62_CV0,2,0,2,1,1,0,2,0,2
8,-168382.0203,-625245.7533,E8_F100_m25f25_P48_Y6_UO1296,I25_F8_m25f25_P69_Y3_UO1238,ID25_F8_m63f63_P68_Y1_UO2861,MXY,1,0.0,1,1,0.0,0,0,0,-9999.0,0.25,1,P62_CV0,2,0,2,1,1,0,2,0,2
8,-168382.0203,-625245.7533,E8_F25_m31f31_P68_Y5_UO1512,I31_F68_m63f63_P68_Y0_UO3242,I31_F8_m63f63_P8_Y2_UO3011,FXX,2,0.0,1,0,1.0,0,0,0,-9999.0,0.375,1,P62_CV0,2,1,1,1,1,0,2,0,2
8,-168382.0203,-625245.7533,E8_F25_m65f65_P98_Y5_UO3091,I65_F68_m84f84_P8_Y3_UO3856,I65_F98_m-1f-1_P85_Y-1_U102,FXX,2,0.0,1,0,1.0,0,0,0,-9999.0,0.75,1,P62_CV0,2,1,1,2,0,0,2,0,2
8,-168382.0203,-625245.7533,E8_F25_m63f63_P68_Y5_UO3003,I63_F68_m63f63_P68_Y2_UO3077,I63_F68_m-1f-1_P63_Y-1_U47,FXX,2,0.0,1,0,1.0,0,0,0,-9999.0,0.625,1,P62_CV0,2,1,1,0,2,0,2,0,2
8,-168382.0203,-625245.7533,E8_F25_m63f63_P8_Y5_UO3075,I63_F8_m-1f-1_P63_Y-1_U82,I63_F8_m84f84_P8_Y0_UO4184,FXX,2,0.0,1,0,1.0,0,0,0,-9999.0,0.5,1,P62_CV0,2,2,0,0,2,0,2,0,2
8,-168382.0203,-625245.7533,E8_F25_m63f63_P68_Y5_UO3053,ID63_F69_m-1f-1_P63_Y-1_U159,ID63_F49_m100f100_P48_Y3_UO4570,FXX,2,0.0,1,0,1.0,0,0,0,-9999.0,0.5,1,P62_CV0,2,0,2,2,0,0,2,0,2
8,-168382.0203,-625245.7533,E8_F25_m65f65_P8_Y5_UO3122,I65_F69_m65f65_P98_Y3_UO3082,I65_F8_m63f63_P8_Y0_UO3299,FXX,2,0.0,1,0,1.0,0,0,0,-9999.0,0.5,1,P62_CV0,2,1,1,2,0,0,2,0,2
8,-168382.0203,-625245.7533,E8_F31_m63f63_P8_Y5_UO3052,I63_F8_m-1f-1_P63_Y-1_U249,ID63_F8_m84f84_P8_Y3_UO3827,MXY,2,0.0,1,0,0.0,0,0,0,-9999.0,0.5,1,P62_CV0,2,1,1,1,1,0,2,0,2
8,-168382.0203,-625245.7533,E8_F31_m25f25_P36_Y5_UO1256,I25_F69_m63f63_P8_Y3_UO3031,I25_F36_m-1f-1_P100_Y-1_U88,MXY,2,0.0,1,0,0.0,0,0,0,-9999.0,0.75,1,P62_CV0,2,2,0,2,0,0,2,0,2
8,-168382.0203,-625245.7533,E8_F31_m31f31_P68_Y5_UO1542,I31_F8_m-1f-1_P63_Y-1_U174,ID31_F68_m-1f-1_P84_Y-1_U195,MXY,2,0.0,1,0,0.0,0,0,0,-9999.0,0.5,1,P62_CV0,2,1,1,1,1,0,2,0,2
8,-168382.0203,-625245.7533,E8_F65_m65f65_P98_Y5_UO3132,ID65_F68_m63f63_P69_Y2_UO3055,ID65_F8_m63f63_P8_Y1_UO2859,FXX,2,0.0,1,0,1.0,0,0,0,-9999.0,0.5,1,P62_CV0,2,0,2,0,2,0,2,0,2
8,-168382.0203,-625245.7533,E8_F65_m63f63_P69_Y5_UO3050,I63_F68_m-1f-1_P63_Y-1_U102,I63_F8_m100f100_P8_Y2_UO4626,MXY,2,0.0,1,0,0.0,0,0,0,-9999.0,0.625,1,P62_CV0,2,1,1,2,0,0,2,0,2
8,-168382.0203,-625245.7533,E8_F84_m85f85_P36_Y5_UO3951,ID85_F36_m84f84_P98_Y3_UO3800,I85_F28_m-1f-1_P85_Y-1_U188,FXX,2,0.0,1,0,1.0,0,0,0,-9999.0,0.5625,1,P62_CV0,2,0,2,0,2,0,2,0,2
8,-168382.0203,-625245.7533,E8_F84_m84f84_P68_Y5_UO3839,ID84_F98_m63f63_P8_Y3_UO3063,I84_F68_m63f63_P68_Y2_UO3042,MXY,2,0.0,1,0,0.0,0,0,0,-9999.0,0.375,1,P62_CV0,2,1,1,1,1,0,2,0,2
8,-168382.0203,-625245.7533,E8_F84_m85f85_P69_Y5_UO4020,I85_F2_m-1f-1_P63_Y-1_U200,I85_F68_m94f94_P91_Y3_UO4367,MXY,2,0.0,1,0,0.0,0,0,0,-9999.0,0.1875,1,P62_CV0,2,1,1,1,1,0,2,0,2
8,-168382.0203,-625245.7533,E8_F84_m63f63_P8_Y5_UO2979,I63_F8_m31f31_P68_Y3_UO1472,I63_F69_m-1f-1_P31_Y-1_U77,FXX,2,0.0,1,0,1.0,0,0,0,-9999.0,0.75,1,P62_CV0,2,1,1,0,2,0,2,0,2
8,-168382.0203,-625245.7533,E8_F85_m85f85_P98_Y5_UO3985,ID85_F69_m84f84_P68_Y1_UO3661,I85_F21_m85f85_P36_Y2_UO3961,MXY,2,0.0,1,0,0.0,0,0,0,-9999.0,0.375,1,P62_CV0,2,1,1,1,1,0,2,0,2
8,-168382.0203,-625245.7533,E8_F85_m85f85_P21_Y5_UO4008,ID85_F36_m-1f-1_P63_Y-1_U239,ID85_F36_m25f25_P69_Y0_UO1359,FXX,2,0.0,1,0,1.0,0,0,0,-9999.0,0.5,1,P62_CV0,2,0,2,1,1,0,2,0,2
8,-168382.0203,-625245.7533,E8_F25_m84f84_P8_Y4_UO3872,I84_F68_m-1f-1_P63_Y-1_U157,I84_F36_m-1f-1_P84_Y-1_U33,FXX,3,0.0,1,0,1.0,0,0,0,-9999.0,0.25,1,P62_CV0,2,1,1,0,2,0,2,0,2
8,-168382.0203,-625245.7533,E8_F25_m85f85_P36_Y4_UO3972,ID85_F69_m-1f-1_P63_Y-1_U239,I85_F28_m100f100_P68_Y0_UO4972,MXY,3,0.0,1,0,0.0,0,0,0,-9999.0,0.625,1,P62_CV0,2,2,0,2,0,0,2,0,2
8,-168382.0203,-625245.7533,E8_F31_m63f63_P68_Y4_UO2993,ID63_F8_m63f63_P69_Y1_UO2918,I63_F8_m65f65_P8_Y1_UO2980,FXX,3,0.0,1,0,1.0,0,0,0,-9999.0,0.375,1,P62_CV0,2,1,1,0,2,0,2,0,2
8,-168382.0203,-625245.7533,E8_F63_m31f31_P68_Y4_UO1488,ID31_F68_m100f100_P68_Y1_UO4385,I31_F8_m63f63_P8_Y2_UO3011,FXX,3,0.0,1,0,1.0,0,0,0,-9999.0,0.375,1,P62_CV0,2,1,1,0,2,0,2,0,2
8,-168382.0203,-625245.7533,E8_F65_m25f25_P8_Y4_UO1315,I25_F8_m-1f-1_P25_Y-1_U131,I25_F8_m63f63_P8_Y1_UO2879,MXY,3,0.0,1,0,0.0,0,0,0,-9999.0,0.5,1,P62_CV0,2,1,1,2,0,0,2,0,2
8,-168382.0203,-625245.7533,E8_F84_m84f84_P8_Y4_UO3801,I84_F68_m84f84_P68_Y2_UO3912,ID84_F69_m-1f-1_P65_Y-1_U222,FXX,3,0.0,1,0,1.0,0,0,0,-9999.0,0.125,1,P62_CV0,2,0,2,0,2,0,2,0,2
8,-168382.0203,-625245.7533,E8_F84_m25f25_P36_Y4_UO1321,I25_F8_m-1f-1_P100_Y-1_U2,I25_F68_m63f63_P8_Y1_UO2915,FXX,3,0.0,1,0,1.0,0,0,0,-9999.0,0.375,1,P62_CV0,2,1,1,1,1,0,2,0,2
8,-168382.0203,-625245.7533,E8_F84_m63f63_P8_Y4_UO3047,I63_F68_m-1f-1_P31_Y-1_U24,I63_F68_m-1f-1_P63_Y-1_U237,MXY,3,0.0,1,0,0.0,0,0,0,-9999.0,0.5,1,P62_CV0,2,0,2,2,0,0,2,0,2
8,-168382.0203,-625245.7533,E8_F85_m84f84_P69_Y4_UO3866,ID84_F69_m-1f-1_P63_Y-1_U159,I84_F8_m45f45_P8_Y2_UO2166,MXY,3,0.0,1,0,0.0,0,0,0,-9999.0,0.375,1,P62_CV0,2,1,1,2,0,0,2,0,2
8,-168382.0203,-625245.7533,E8_F25_m84f84_P8_Y3_UO3803,I84_F69_m63f63_P68_Y1_UO2932,ID84_F68_m-1f-1_P63_Y-1_U0,FXX,4,0.0,1,0,1.0,0,0,0,-9999.0,0.375,1,P62_CV0,2,1,1,0,2,0,2,0,2
8,-168382.0203,-625245.7533,E8_F31_m65f65_P69_Y3_UO3165,I65_F8_m-1f-1_P65_Y-1_U15,ID65_F8_m63f63_P68_Y0_UO3314,FXX,4,0.0,1,0,1.0,0,0,0,-9999.0,0.375,1,P62_CV0,2,1,1,2,0,0,2,0,2
8,-168382.0203,-625245.7533,E8_F63_m63f63_P68_Y3_UO2971,I63_F69_m84f84_P68_Y1_UO3700,ID63_F8_m-1f-1_P63_Y-1_U79,FXX,4,0.0,1,0,1.0,0,0,0,-9999.0,0.5,1,P62_CV0,2,1,1,2,0,0,2,0,2
8,-168382.0203,-625245.7533,E8_F63_m85f85_P69_Y3_UO3896,I85_F21_m63f63_P36_Y1_UO2853,I85_F36_m65f65_P69_Y0_UO3353,FXX,4,0.0,1,0,1.0,0,0,0,-9999.0,0.375,1,P62_CV0,2,1,1,0,2,0,2,0,2
8,-168382.0203,-625245.7533,E8_F84_m65f65_P68_Y3_UO3137,I65_F69_m-1f-1_P65_Y-1_U181,ID65_F2_m85f85_P69_Y1_UO3781,FXX,4,0.0,1,0,1.0,0,0,0,-9999.0,0.375,1,P62_CV0,2,1,1,1,1,0,2,0,2
8,-168382.0203,-625245.7533,E8_F84_m63f63_P68_Y3_UO3049,I63_F68_m-1f-1_P63_Y-1_U115,ID63_F8_m63f63_P8_Y1_UO2945,MXY,4,0.0,1,0,0.0,0,0,0,-9999.0,0.125,1,P62_CV0,2,0,2,1,1,0,2,0,2
8,-168382.0203,-625245.7533,E8_F25_m84f84_P68_Y2_UO3894,I84_F8_m-1f-1_P63_Y-1_U99,I84_F8_m63f63_P68_Y0_UO3252,FXX,5,0.0,1,0,1.0,0,0,0,-9999.0,0.25,1,P62_CV0,2,0,2,1,1,0,2,0,2
8,-168382.0203,-625245.7533,E8_F25_m84f84_P8_Y2_UO3831,I84_F68_m63f63_P68_Y0_UO3255,I84_F8_m-1f-1_P84_Y-1_U215,FXX,5,0.0,1,0,1.0,0,0,0,-9999.0,0.75,1,P62_CV0,2,1,1,1,1,0,2,0,2
8,-168382.0203,-625245.7533,E8_F25_m63f63_P8_Y2_UO2989,I63_F8_m31f31_P8_Y0_UO1567,I63_F68_m-1f-1_P63_Y-1_U244,FXX,5,0.0,1,0,1.0,0,0,0,-9999.0,0.25,1,P62_CV0,2,1,1,1,1,0,2,0,2
8,-168382.0203,-625245.7533,E8_F31_m63f63_P8_Y2_UO3040,I63_F8_m-1f-1_P63_Y-1_U20,I63_F69_m63f63_P68_Y0_UO3254,FXX,5,0.0,1,0,1.0,0,0,0,-9999.0,0.375,1,P62_CV0,2,0,2,2,0,0,2,0,2
8,-168382.0203,-625245.7533,E8_F31_m63f63_P8_Y2_UO3074,I63_F68_m-1f-1_P63_Y-1_U19,I63_F68_m-1f-1_P63_Y-1_U211,MXY,5,0.0,1,0,0.0,0,0,0,-9999.0,0.5,1,P62_CV0,2,1,1,0,2,0,2,0,2
8,-168382.0203,-625245.7533,E8_F31_m63f63_P8_Y2_UO3011,I63_F36_m-1f-1_P63_Y-1_U159,ID63_F98_m-1f-1_P85_Y-1_U205,MXY,5,0.0,1,0,0.0,0,0,0,-9999.0,0.5,1,P62_CV0,2,2,0,1,1,0,2,0,2
8,-168382.0203,-625245.7533,E8_F63_m63f63_P8_Y2_UO3061,I63_F68_m-1f-1_P63_Y-1_U200,ID63_F8_m65f65_P8_Y0_UO3350,MXY,5,0.0,1,0,0.0,0,0,0,-9999.0,0.25,1,P62_CV0,2,1,1,2,0,0,2,0,2
8,-168382.0203,-625245.7533,E8_F63_m84f84_P8_Y2_UO3848,I84_F69_m63f63_P8_Y0_UO3263,I84_F68_m-1f-1_P84_Y-1_U139,MXY,5,0.0,1,0,0.0,0,0,0,-9999.0,0.625,1,P62_CV0,2,0,2,0,2,0,2,0,2
8,-168382.0203,-625245.7533,E8_F31_m63f63_P68_Y1_UO2916,I63_F68_m-1f-1_P63_Y-1_U144,I63_F68_m-1f-1_P63_Y-1_U62,MXY,6,0.0,1,0,0.0,0,0,0,-9999.0,0.5,1,P62_CV0,2,1,1,0,2,0,2,0,2
8,-168382.0203,-625245.7533,E8_F31_m63f63_P8_Y1_UO2876,ID63_F8_m-1f-1_P84_Y-1_U202,I63_F8_m-1f-1_P63_Y-1_U148,MXY,6,0.0,1,0,0.0,0,0,0,-9999.0,0.5,1,P62_CV0,2,1,1,1,1,0,2,0,2
8,-168382.0203,-625245.7533,E8_F84_m63f63_P8_Y1_UO2859,I63_F69_m-1f-1_P63_Y-1_U249,I63_F68_m-1f-1_P63_Y-1_U69,MXY,6,0.0,1,0,0.0,0,0,0,-9999.0,0.5,1,P62_CV0,2,0,2,1,1,0,2,0,2
8,-168382.0203,-625245.7533,E8_F84_m31f31_P68_Y1_UO1445,ID31_F68_m-1f-1_P63_Y-1_U212,ID31_F36_m-1f-1_P63_Y-1_U94,FXX,6,0.0,1,0,1.0,0,0,0,-9999.0,0.75,1,P62_CV0,2,2,0,1,1,0,2,0,2
8,-168382.0203,-625245.7533,E8_F25_m63f63_P8_Y0_UO3313,R63_F63_m-1f-1_P63_Y-1_U192,R63_F63_m-1f-1_P63_Y-1_U112,FXX,7,0.0,1,0,1.0,0,0,0,-9999.0,0.75,1,P62_CV0,2,1,1,2,0,0,2,0,2
8,-168382.0203,-625245.7533,E8_F84_m63f63_P68_Y0_UO3306,R63_F63_m-1f-1_P63_Y-1_U174,R63_F63_m-1f-1_P63_Y-1_U222,FXX,7,0.0,1,0,1.0,0,0,0,-9999.0,0.75,1,P62_CV0,2,1,1,0,2,0,2,0,2
8,-168382.0203,-625245.7533,E8_F84_m63f63_P68_Y0_UO3322,R63_F63_m-1f-1_P63_Y-1_U214,R63_F63_m-1f-1_P63_Y-1_U148,FXX,7,0.0,1,0,1.0,0,0,0,-9999.0,0.25,1,P62_CV0,2,0,2,1,1,0,2,0,2
8,-168382.0203,-625245.7533,E8_F31_m-1f-1_P63_Y-1_U249,-9999,-9999,FXX,8,0.0,1,0,1.0,0,0,0,-9999.0,0.5,1,P62_CV0,2,1,1,1,1,0,2,0,2
8,-168382.0203,-625245.7533,E8_F63_m-1f-1_P63_Y-1_U47,-9999,-9999,MXY,9,0.0,1,0,0.0,0,0,0,-9999.0,0.5,1,P62_CV0,2,1,1,0,2,0,2,0,2
8,-168382.0203,-625245.7533,E8_F31_m-1f-1_P63_Y-1_U110,-9999,-9999,MXY,10,0.0,1,0,0.0,0,0,0,-9999.0,0.5,1,P62_CV0,2,1,1,1,1,0,2,0,2
8,-168382.0203,-625245.7533,E8_F63_m-1f-1_P63_Y-1_U142,-9999,-9999,MXY,10,0.0,1,0,0.0,0,0,0,-9999.0,0.5,1,P62_CV0,2,1,1,0,2,0,2,0,2
8,-168382.0203,-625245.7533,E8_F63_m-1f-1_P63_Y-1_U61,-9999,-9999,MXY,11,0.0,1,0,0.0,0,0,0,-9999.0,1.0,1,P62_CV0,2,2,0,0,2,0,2,0,2
8,-168382.0203,-625245.7533,E8_F65_m-1f-1_P63_Y-1_U200,-9999,-9999,FXX,12,0.0,1,0,1.0,0,0,0,-9999.0,0.0,1,P62_CV0,2,0,2,1,1,0,2,0,2
8,-168382.0203,-625245.7533,E8_F84_m-1f-1_P63_Y-1_U82,-9999,-9999,FXX,12,0.0,1,0,1.0,0,0,0,-9999.0,0.5,1,P62_CV0,2,1,1,0,2,0,2,0,2
8,-168382.0203,-625245.7533,E8_F31_m-1f-1_P63_Y-1_U174,-9999,-9999,FXX,14,0.0,1,0,1.0,0,0,0,-9999.0,0.5,1,P62_CV0,2,1,1,0,2,0,2,0,2
8,-168382.0203,-625245.7533,E8_F63_m-1f-1_P63_Y-1_U53,-9999,-9999,FXX,16,0.0,1,0,1.0,0,0,0,-9999.0,1.0,1,P62_CV0,2,2,0,2,0,0,2,0,2
8,-168382.0203,-625245.7533,Age0_F8_m25f25_P8_Y7_UO1254,ID25_F36_m63f63_P8_Y5_UO3075,I25_F68_m65f65_P8_Y1_UO3030,MXY,0,0.0,0,0,0.0,0,0,0,0.0,0.375,1,P64_CV0,2,1,1,0,2,0,2,0,2
8,-168382.0203,-625245.7533,Age0_F8_m25f25_P8_Y7_UO1340,ID25_F8_m-1f-1_P65_Y-1_U139,I25_F68_m65f65_P8_Y1_UO3030,FXX,0,0.0,0,0,0.0,0,0,0,0.0,0.375,1,P64_CV0,2,1,1,0,2,0,2,0,2
8,-168382.0203,-625245.7533,Age0_F8_m31f31_P8_Y7_UO1466,I31_F68_m63f63_P8_Y5_UO3034,ID31_F28_m65f65_P69_Y4_UO3150,FXX,0,0.0,0,0,0.0,0,0,0,0.0,0.3125,1,P64_CV0,2,0,2,1,1,0,2,0,2
8,-168382.0203,-625245.7533,Age0_F8_m31f31_P8_Y7_UO1468,I31_F8_m65f65_P68_Y5_UO3159,I31_F8_m63f63_P68_Y1_UO2916,MXY,0,0.0,0,0,0.0,0,0,0,0.0,0.4375,1,P64_CV0,2,0,2,0,2,0,2,0,2
8,-168382.0203,-625245.7533,Age0_F8_m31f31_P8_Y7_UO1487,I31_F68_m65f65_P8_Y4_UO3083,I31_F68_m31f31_P8_Y4_UO1516,MXY,0,0.0,0,0,0.0,0,0,0,0.0,0.625,1,P64_CV0,2,1,1,0,2,0,2,0,2
8,-168382.0203,-625245.7533,Age0_F8_m31f31_P8_Y7_UO1510,I31_F8_m65f65_P98_Y2_UO3123,ID31_F69_m95f95_P91_Y4_UO4528,MXY,0,0.0,0,0,0.0,0,0,0,0.0,0.28125,1,P64_CV0,2,0,2,0,2,0,2,0,2
8,-168382.0203,-625245.7533,Age0_F8_m63f63_P8_Y7_UO2997,I63_F68_m65f65_P8_Y5_UO3111,I63_F8_m65f65_P98_Y1_UO2999,FXX,0,0.0,0,0,0.0,0,0,0,0.0,0.71875,1,P64_CV0,2,1,1,2,0,0,2,0,2
8,-168382.0203,-625245.7533,Age0_F8_m63f63_P8_Y7_UO3009,I63_F8_m31f31_P8_Y5_UO1480,I63_F8_m31f31_P8_Y4_UO1474,FXX,0,0.0,0,0,0.0,0,0,0,0.0,0.59375,1,P64_CV0,2,2,0,1,1,0,2,0,2
8,-168382.0203,-625245.7533,Age0_F8_m63f63_P8_Y7_UO3028,ID63_F68_m31f31_P68_Y4_UO1469,ID63_F68_m65f65_P69_Y1_UO2982,FXX,0,0.0,0,0,0.0,0,0,0,0.0,0.5625,1,P64_CV0,2,1,1,1,1,0,2,0,2
8,-168382.0203,-625245.7533,Age0_F8_m63f63_P8_Y7_UO3029,I63_F98_m65f65_P98_Y4_UO3098,I63_F8_m85f85_P2_Y3_UO3913,FXX,0,0.0,0,0,0.0,0,0,0,0.0,0.5625,1,P64_CV0,2,1,1,0,2,0,2,0,2
8,-168382.0203,-625245.7533,Age0_F8_m63f63_P8_Y7_UO3047,I63_F8_m84f84_P68_Y3_UO3822,ID63_F68_m65f65_P8_Y0_UO3350,MXY,0,0.0,0,0,0.0,0,0,0,0.0,0.4375,1,P64_CV0,2,2,0,1,1,0,2,0,2
8,-168382.0203,-625245.7533,Age0_F8_m63f63_P8_Y7_UO3070,I63_F8_m84f84_P8_Y2_UO3880,I63_F8_m65f65_P8_Y2_UO3104,MXY,0,0.0,0,0,0.0,0,0,0,0.0,0.625,1,P64_CV0,2,1,1,2,0,0,2,0,2
8,-168382.0203,-625245.7533,Age0_F8_m63f63_P8_Y7_UO3073,ID63_F68_m84f84_P8_Y2_UO3904,I63_F68_m-1f-1_P85_Y-1_U223,FXX,0,0.0,0,0,0.0,0,0,0,0.0,0.75,1,P64_CV0,2,1,1,2,0,0,2,0,2
8,-168382.0203,-625245.7533,Age0_F8_m63f63_P8_Y7_UO3092,I63_F68_m-1f-1_P65_Y-1_U190,ID63_F68_m-1f-1_P45_Y-1_U4,FXX,0,0.0,0,0,0.0,0,0,0,0.0,0.25,1,P64_CV0,2,1,1,0,2,0,2,0,2
8,-168382.0203,-625245.7533,Age0_F8_m63f63_P8_Y7_UO3095,I63_F68_m-1f-1_P65_Y-1_U120,I63_F8_m65f65_P98_Y1_UO2999,FXX,0,0.0,0,0,0.0,0,0,0,0.0,0.625,1,P64_CV0,2,1,1,1,1,0,2,0,2
8,-168382.0203,-625245.7533,Age0_F8_m65f65_P8_Y7_UO3137,ID65_F8_m65f65_P68_Y4_UO3152,I65_F36_m63f63_P69_Y5_UO3068,FXX,0,0.0,0,0,0.0,0,0,0,0.0,0.4375,1,P64_CV0,2,0,2,0,2,0,2,0,2
8,-168382.0203,-625245.7533,Age0_F8_m65f65_P8_Y7_UO3164,ID65_F98_m65f65_P98_Y3_UO3082,I65_F36_m63f63_P69_Y5_UO3068,FXX,0,0.0,0,0,0.0,0,0,0,0.0,0.6875,1,P64_CV0,2,0,2,1,1,0,2,0,2
8,-168382.0203,-625245.7533,Age0_F8_m84f84_P8_Y7_UO3847,ID84_F36_m84f84_P36_Y5_UO3855,ID84_F68_m63f63_P68_Y3_UO3049,MXY,0,0.0,0,0,0.0,0,0,0,0.0,0.25,1,P64_CV0,2,0,2,0,2,0,2,0,2
8,-168382.0203,-625245.7533,Age0_F8_m84f84_P8_Y7_UO3869,I84_F68_m63f63_P8_Y5_UO2979,ID84_F68_m84f84_P68_Y4_UO3819,MXY,0,0.0,0,0,0.0,0,0,0,0.0,0.65625,1,P64_CV0,2,0,2,1,1,0,2,0,2
8,-168382.0203,-625245.7533,Age0_F8_m84f84_P8_Y7_UO3886,I84_F8_m84f84_P8_Y4_UO3801,I84_F68_m84f84_P8_Y4_UO3827,MXY,0,0.0,0,0,0.0,0,0,0,0.0,0.28125,1,P64_CV0,2,0,2,0,2,0,2,0,2
8,-168382.0203,-625245.7533,Age0_F8_m84f84_P8_Y7_UO3918,ID84_F69_m65f65_P98_Y2_UO3105,I84_F98_m85f85_P8_Y3_UO3973,FXX,0,0.0,0,0,0.0,0,0,0,0.0,0.8125,1,P64_CV0,2,2,0,1,1,0,2,0,2
8,-168382.0203,-625245.7533,Age0_F8_m84f84_P8_Y7_UO3922,ID84_F98_m25f25_P8_Y2_UO1323,I84_F48_m84f84_P8_Y5_UO3870,FXX,0,0.0,0,0,0.0,0,0,0,0.0,0.65625,1,P64_CV0,2,1,1,0,2,0,2,0,2
8,-168382.0203,-625245.7533,Age0_F8_m84f84_P8_Y7_UO3924,I84_F8_m65f65_P98_Y1_UO3025,I84_F8_m31f31_P68_Y0_UO1579,FXX,0,0.0,0,0,0.0,0,0,0,0.0,0.5,1,P64_CV0,2,1,1,1,1,0,2,0,2
8,-168382.0203,-625245.7533,Age0_F8_m84f84_P8_Y7_UO3956,I84_F8_m-1f-1_P65_Y-1_U45,ID84_F68_m25f25_P8_Y5_UO1275,MXY,0,0.0,0,0,0.0,0,0,0,0.0,0.28125,1,P64_CV0,2,1,1,2,0,0,2,0,2
8,-168382.0203,-625245.7533,Age0_F8_m84f84_P8_Y7_UO3958,I84_F8_m-1f-1_P31_Y-1_U223,ID84_F68_m84f84_P68_Y4_UO3819,FXX,0,0.0,0,0,0.0,0,0,0,0.0,0.28125,1,P64_CV0,2,1,1,1,1,0,2,0,2
8,-168382.0203,-625245.7533,E8_F25_m31f31_P8_Y6_UO1494,I31_F68_m84f84_P68_Y3_UO3839,I31_F69_m63f63_P8_Y1_UO2876,FXX,1,0.0,1,1,1.0,0,0,0,-9999.0,0.4375,1,P64_CV0,2,1,1,1,1,0,2,0,2
8,-168382.0203,-625245.7533,E8_F25_m65f65_P8_Y6_UO3217,I65_F98_m-1f-1_P65_Y-1_U224,ID65_F8_m-1f-1_P84_Y-1_U66,MXY,1,0.0,1,1,0.0,0,0,0,-9999.0,0.75,1,P64_CV0,2,2,0,2,0,0,2,0,2
8,-168382.0203,-625245.7533,E8_F25_m84f84_P8_Y6_UO3872,I84_F68_m65f65_P69_Y4_UO3160,I84_F8_m85f85_P8_Y3_UO3973,MXY,1,0.0,1,1,0.0,0,0,0,-9999.0,0.75,1,P64_CV0,2,1,1,1,1,0,2,0,2
8,-168382.0203,-625245.7533,E8_F25_m25f25_P68_Y6_UO1304,ID25_F8_m25f25_P36_Y2_UO1334,ID25_F36_m65f65_P69_Y3_UO3119,MXY,1,0.0,1,1,0.0,0,0,0,-9999.0,0.375,1,P64_CV0,2,1,1,1,1,0,2,0,2
8,-168382.0203,-625245.7533,E8_F25_m63f63_P68_Y6_UO3059,I63_F68_m84f84_P8_Y2_UO3904,I63_F8_m45f45_P68_Y4_UO2131,FXX,1,0.0,1,1,1.0,0,0,0,-9999.0,0.6875,1,P64_CV0,2,1,1,2,0,0,2,0,2
8,-168382.0203,-625245.7533,E8_F31_m25f25_P8_Y6_UO1294,ID25_F68_m65f65_P68_Y3_UO3133,ID25_F8_m31f31_P68_Y2_UO1487,MXY,1,0.0,1,1,0.0,0,0,0,-9999.0,0.375,1,P64_CV0,2,1,1,1,1,0,2,0,2
8,-168382.0203,-625245.7533,E8_F31_m63f63_P8_Y6_UO3019,I63_F8_m84f84_P68_Y4_UO3880,I63_F69_m-1f-1_P31_Y-1_U228,MXY,1,0.0,1,1,0.0,0,0,0,-9999.0,0.375,1,P64_CV0,2,1,1,1,1,0,2,0,2
8,-168382.0203,-625245.7533,E8_F31_m65f65_P8_Y6_UO3163,ID65_F68_m25f25_P69_Y2_UO1308,I65_F98_m-1f-1_P65_Y-1_U229,MXY,1,0.0,1,1,0.0,0,0,0,-9999.0,0.375,1,P64_CV0,2,1,1,1,1,0,2,0,2
8,-168382.0203,-625245.7533,E8_F31_m84f84_P8_Y6_UO3889,I84_F68_m25f25_P8_Y4_UO1326,I84_F8_m65f65_P68_Y0_UO3405,FXX,1,0.0,1,1,1.0,0,0,0,-9999.0,0.5,1,P64_CV0,2,1,1,1,1,0,2,0,2
8,-168382.0203,-625245.7533,E8_F31_m84f84_P8_Y6_UO3894,ID84_F8_m31f31_P8_Y4_UO1477,I84_F68_m65f65_P68_Y3_UO3135,FXX,1,0.0,1,1,1.0,0,0,0,-9999.0,0.5,1,P64_CV0,2,2,0,2,0,0,2,0,2
8,-168382.0203,-625245.7533,E8_F31_m85f85_P8_Y6_UO4029,I85_F68_m94f94_P98_Y2_UO4394,I85_F2_m65f65_P36_Y3_UO3158,FXX,1,0.0,1,1,1.0,0,0,0,-9999.0,0.375,1,P64_CV0,2,1,1,2,0,0,2,0,2
8,-168382.0203,-625245.7533,E8_F31_m25f25_P68_Y6_UO1307,I25_F36_m25f25_P69_Y2_UO1277,I25_F69_m-1f-1_P25_Y-1_U177,FXX,1,0.0,1,1,1.0,0,0,0,-9999.0,0.625,1,P64_CV0,2,1,1,2,0,0,2,0,2
8,-168382.0203,-625245.7533,E8_F31_m65f65_P68_Y6_UO3212,I65_F98_m-1f-1_P65_Y-1_U213,ID65_F8_m85f85_P68_Y4_UO3948,FXX,1,0.0,1,1,1.0,0,0,0,-9999.0,0.21875,1,P64_CV0,2,0,2,0,2,0,2,0,2
8,-168382.0203,-625245.7533,E8_F31_m65f65_P69_Y6_UO3148,I65_F98_m65f65_P98_Y3_UO3153,I65_F98_m-1f-1_P65_Y-1_U6,MXY,1,0.0,1,1,0.0,0,0,0,-9999.0,0.375,1,P64_CV0,2,1,1,2,0,0,2,0,2
8,-168382.0203,-625245.7533,E8_F31_m85f85_P98_Y6_UO3995,I85_F69_m84f84_P36_Y4_UO3903,I85_F98_m-1f-1_P65_Y-1_U92,FXX,1,0.0,1,1,1.0,0,0,0,-9999.0,0.0,1,P64_CV0,2,0,2,1,1,0,2,0,2
8,-168382.0203,-625245.7533,E8_F45_m65f65_P8_Y6_UO3131,I65_F8_m63f63_P68_Y4_UO3014,I65_F98_m65f65_P68_Y3_UO3101,FXX,1,0.0,1,1,1.0,0,0,0,-9999.0,0.4375,1,P64_CV0,2,0,2,0,2,0,2,0,2
8,-168382.0203,-625245.7533,E8_F63_m25f25_P8_Y6_UO1346,I25_F68_m-1f-1_P25_Y-1_U182,I25_F68_m63f63_P8_Y3_UO3007,FXX,1,0.0,1,1,1.0,0,0,0,-9999.0,0.3125,1,P64_CV0,2,0,2,2,0,0,2,0,2
8,-168382.0203,-625245.7533,E8_F63_m31f31_P68_Y6_UO1544,I31_F68_m-1f-1_P31_Y-1_U244,I31_F8_m65f65_P98_Y3_UO3142,FXX,1,0.0,1,1,1.0,0,0,0,-9999.0,0.1875,1,P64_CV0,2,0,2,0,2,0,2,0,2
8,-168382.0203,-625245.7533,E8_F65_m63f63_P8_Y6_UO3099,ID63_F68_m-1f-1_P31_Y-1_U24,I63_F69_m65f65_P98_Y1_UO3011,FXX,1,0.0,1,1,1.0,0,0,0,-9999.0,0.375,1,P64_CV0,2,1,1,1,1,0,2,0,2
8,-168382.0203,-625245.7533,E8_F65_m25f25_P68_Y6_UO1318,I25_F8_m25f25_P8_Y1_UO1247,I25_F69_m25f25_P98_Y3_UO1289,FXX,1,0.0,1,1,1.0,0,0,0,-9999.0,0.625,1,P64_CV0,2,0,2,2,0,0,2,0,2
8,-168382.0203,-625245.7533,E8_F65_m63f63_P68_Y6_UO3082,ID63_F8_m-1f-1_P65_Y-1_U190,ID63_F8_m31f31_P68_Y3_UO1492,MXY,1,0.0,1,1,0.0,0,0,0,-9999.0,0.3125,1,P64_CV0,2,0,2,1,1,0,2,0,2
8,-168382.0203,-625245.7533,E8_F65_m63f63_P98_Y6_UO3004,I63_F68_m65f65_P98_Y4_UO3098,ID63_F8_m31f31_P68_Y3_UO1487,FXX,1,0.0,1,1,1.0,0,0,0,-9999.0,0.3125,1,P64_CV0,2,0,2,0,2,0,2,0,2
8,-168382.0203,-625245.7533,E8_F84_m31f31_P8_Y6_UO1465,I31_F49_m100f100_P48_Y4_UO4561,ID31_F68_m65f65_P8_Y4_UO3117,FXX,1,0.0,1,1,1.0,0,0,0,-9999.0,0.40625,1,P64_CV0,2,0,2,0,2,0,2,0,2
8,-168382.0203,-625245.7533,E8_F84_m63f63_P8_Y6_UO3038,I63_F8_m100f100_P68_Y3_UO4567,I63_F8_m45f45_P8_Y4_UO2149,MXY,1,0.0,1,1,0.0,0,0,0,-9999.0,0.375,1,P64_CV0,2,1,1,2,0,0,2,0,2
8,-168382.0203,-625245.7533,E8_F84_m65f65_P8_Y6_UO3146,ID65_F69_m65f65_P98_Y3_UO3108,I65_F8_m25f25_P8_Y0_UO1415,MXY,1,0.0,1,1,0.0,0,0,0,-9999.0,0.625,1,P64_CV0,2,1,1,0,2,0,2,0,2
8,-168382.0203,-625245.7533,E8_F84_m65f65_P8_Y6_UO3184,I65_F68_m65f65_P98_Y1_UO3006,ID65_F68_m100f100_P49_Y2_UO4628,MXY,1,0.0,1,1,0.0,0,0,0,-9999.0,0.4375,1,P64_CV0,2,1,1,2,0,0,2,0,2
8,-168382.0203,-625245.7533,E8_F84_m84f84_P8_Y6_UO3947,I84_F8_m25f25_P8_Y1_UO1252,I84_F8_m65f65_P68_Y0_UO3405,FXX,1,0.0,1,1,1.0,0,0,0,-9999.0,0.375,1,P64_CV0,2,1,1,2,0,0,2,0,2
8,-168382.0203,-625245.7533,E8_F84_m63f63_P68_Y6_UO3001,ID63_F68_m84f84_P68_Y4_UO3904,I63_F68_m65f65_P98_Y3_UO3087,FXX,1,0.0,1,1,1.0,0,0,0,-9999.0,0.5,1,P64_CV0,2,2,0,2,0,0,2,0,2
8,-168382.0203,-625245.7533,E8_F85_m85f85_P36_Y6_UO4064,ID85_F69_m-1f-1_P65_Y-1_U70,ID85_F69_m85f85_P2_Y3_UO3948,FXX,1,0.0,1,1,1.0,0,0,0,-9999.0,0.25,1,P64_CV0,2,1,1,1,1,0,2,0,2
8,-168382.0203,-625245.7533,E8_F85_m84f84_P69_Y6_UO3928,I84_F8_m85f85_P68_Y2_UO3989,ID84_F8_m-1f-1_P85_Y-1_U117,FXX,1,0.0,1,1,1.0,0,0,0,-9999.0,0.4375,1,P64_CV0,2,0,2,1,1,0,2,0,2
8,-168382.0203,-625245.7533,E8_F25_m84f84_P8_Y5_UO3830,I84_F68_m100f100_P68_Y3_UO4548,ID84_F8_m-1f-1_P65_Y-1_U56,MXY,2,0.0,1,0,0.0,0,0,0,-9999.0,0.25,1,P64_CV0,2,0,2,1,1,0,2,0,2
8,-168382.0203,-625245.7533,E8_F31_m63f63_P8_Y5_UO3034,I63_F8_m31f31_P68_Y1_UO1445,I63_F8_m-1f-1_P65_Y-1_U57,FXX,2,0.0,1,0,1.0,0,0,0,-9999.0,0.375,1,P64_CV0,2,1,1,1,1,0,2,0,2
8,-168382.0203,-625245.7533,E8_F31_m65f65_P68_Y5_UO3159,I65_F98_m65f65_P98_Y1_UO3006,I65_F68_m84f84_P8_Y3_UO3855,FXX,2,0.0,1,0,1.0,0,0,0,-9999.0,0.375,1,P64_CV0,2,1,1,0,2,0,2,0,2
8,-168382.0203,-625245.7533,E8_F40_m23f23_P57_Y5_UO1145,ID23_F6_m65f65_P98_Y3_UO3173,ID23_F27_m40f40_P57_Y3_UO1900,MXY,2,0.0,1,0,0.0,0,0,0,-9999.0,0.5625,1,P64_CV0,2,1,1,1,1,0,2,0,2
8,-168382.0203,-625245.7533,E8_F63_m85f85_P8_Y5_UO3952,I85_F2_m65f65_P69_Y3_UO3134,ID85_F68_m65f65_P36_Y1_UO2954,MXY,2,0.0,1,0,0.0,0,0,0,-9999.0,0.375,1,P64_CV0,2,1,1,1,1,0,2,0,2
8,-168382.0203,-625245.7533,E8_F63_m85f85_P69_Y5_UO4029,ID85_F98_m-1f-1_P25_Y-1_U138,I85_F36_m65f65_P98_Y0_UO3400,MXY,2,0.0,1,0,0.0,0,0,0,-9999.0,0.375,1,P64_CV0,2,1,1,1,1,0,2,0,2
8,-168382.0203,-625245.7533,E8_F63_m65f65_P8_Y5_UO3111,ID65_F8_m45f45_P8_Y3_UO2183,I65_F98_m-1f-1_P65_Y-1_U195,FXX,2,0.0,1,0,1.0,0,0,0,-9999.0,0.6875,1,P64_CV0,2,1,1,1,1,0,2,0,2
8,-168382.0203,-625245.7533,E8_F63_m65f65_P69_Y5_UO3175,I65_F69_m-1f-1_P100_Y-1_U129,I65_F8_m-1f-1_P65_Y-1_U79,FXX,2,0.0,1,0,1.0,0,0,0,-9999.0,0.25,1,P64_CV0,2,1,1,1,1,0,2,0,2
8,-168382.0203,-625245.7533,E8_F63_m31f31_P8_Y5_UO1480,I31_F8_m65f65_P68_Y2_UO3173,I31_F68_m31f31_P8_Y3_UO1499,FXX,2,0.0,1,0,1.0,0,0,0,-9999.0,0.8125,1,P64_CV0,2,2,0,1,1,0,2,0,2
8,-168382.0203,-625245.7533,E8_F65_m65f65_P98_Y5_UO3108,I65_F68_m65f65_P69_Y3_UO3136,I65_F8_m-1f-1_P65_Y-1_U6,MXY,2,0.0,1,0,0.0,0,0,0,-9999.0,0.25,1,P64_CV0,2,0,2,1,1,0,2,0,2
8,-168382.0203,-625245.7533,E8_F65_m65f65_P98_Y5_UO3113,I65_F98_m63f63_P8_Y3_UO2991,I65_F36_m-1f-1_P65_Y-1_U98,MXY,2,0.0,1,0,0.0,0,0,0,-9999.0,0.8125,1,P64_CV0,2,1,1,0,2,0,2,0,2
8,-168382.0203,-625245.7533,E8_F65_m65f65_P69_Y5_UO3166,I65_F8_m65f65_P98_Y0_UO3424,I65_F8_m65f65_P98_Y3_UO3171,MXY,2,0.0,1,0,0.0,0,0,0,-9999.0,0.625,1,P64_CV0,2,1,1,0,2,0,2,0,2
8,-168382.0203,-625245.7533,E8_F84_m65f65_P68_Y5_UO3093,I65_F69_m65f65_P98_Y3_UO3106,ID65_F69_m65f65_P98_Y3_UO3115,MXY,2,0.0,1,0,0.0,0,0,0,-9999.0,0.4375,1,P64_CV0,2,1,1,2,0,0,2,0,2
8,-168382.0203,-625245.7533,E8_F84_m65f65_P36_Y5_UO3180,I65_F8_m-1f-1_P65_Y-1_U150,I65_F98_m25f25_P8_Y3_UO1241,MXY,2,0.0,1,0,0.0,0,0,0,-9999.0,0.3125,1,P64_CV0,2,1,1,1,1,0,2,0,2
8,-168382.0203,-625245.7533,E8_F84_m84f84_P36_Y5_UO3855,I84_F68_m84f84_P8_Y3_UO3852,I84_F8_m84f84_P98_Y1_UO3726,FXX,2,0.0,1,0,1.0,0,0,0,-9999.0,0.375,1,P64_CV0,2,1,1,0,2,0,2,0,2
8,-168382.0203,-625245.7533,E8_F84_m84f84_P8_Y5_UO3870,I84_F8_m65f65_P36_Y2_UO3175,I84_F69_m63f63_P68_Y3_UO3049,MXY,2,0.0,1,0,0.0,0,0,0,-9999.0,0.3125,1,P64_CV0,2,1,1,1,1,0,2,0,2
8,-168382.0203,-625245.7533,E8_F84_m25f25_P8_Y5_UO1251,I25_F68_m63f63_P36_Y3_UO3037,I25_F8_m65f65_P68_Y3_UO3155,FXX,2,0.0,1,0,1.0,0,0,0,-9999.0,0.5625,1,P64_CV0,2,1,1,0,2,0,2,0,2
8,-168382.0203,-625245.7533,E8_F85_m84f84_P68_Y5_UO3842,I84_F68_m84f84_P8_Y3_UO3882,I84_F68_m31f31_P68_Y1_UO1413,MXY,2,0.0,1,0,0.0,0,0,0,-9999.0,0.375,1,P64_CV0,2,1,1,2,0,0,2,0,2
8,-168382.0203,-625245.7533,E8_F31_m65f65_P8_Y4_UO3083,I65_F36_m25f25_P8_Y2_UO1289,I65_F36_m65f65_P69_Y1_UO2972,FXX,3,0.0,1,0,1.0,0,0,0,-9999.0,0.75,1,P64_CV0,2,0,2,1,1,0,2,0,2
8,-168382.0203,-625245.7533,E8_F31_m65f65_P8_Y4_UO3117,I65_F98_m63f63_P98_Y1_UO2925,ID65_F8_m-1f-1_P65_Y-1_U223,MXY,3,0.0,1,0,0.0,0,0,0,-9999.0,0.25,1,P64_CV0,2,1,1,1,1,0,2,0,2
8,-168382.0203,-625245.7533,E8_F31_m31f31_P68_Y4_UO1521,I31_F49_m-1f-1_P31_Y-1_U207,I31_F68_m63f63_P8_Y2_UO3069,MXY,3,0.0,1,0,0.0,0,0,0,-9999.0,0.0,1,P64_CV0,2,0,2,0,2,0,2,0,2
8,-168382.0203,-625245.7533,E8_F63_m65f65_P98_Y4_UO3098,ID65_F98_m65f65_P98_Y1_UO3006,I65_F98_m40f40_P98_Y2_UO1883,FXX,3,0.0,1,0,1.0,0,0,0,-9999.0,0.375,1,P64_CV0,2,1,1,1,1,0,2,0,2
8,-168382.0203,-625245.7533,E8_F65_m65f65_P68_Y4_UO3152,I65_F8_m-1f-1_P65_Y-1_U162,I65_F8_m65f65_P98_Y2_UO3091,FXX,3,0.0,1,0,1.0,0,0,0,-9999.0,0.25,1,P64_CV0,2,0,2,0,2,0,2,0,2
8,-168382.0203,-625245.7533,E8_F65_m65f65_P68_Y4_UO3148,I65_F98_m-1f-1_P65_Y-1_U213,I65_F98_m-1f-1_P65_Y-1_U4,FXX,3,0.0,1,0,1.0,0,0,0,-9999.0,0.25,1,P64_CV0,2,1,1,1,1,0,2,0,2
8,-168382.0203,-625245.7533,E8_F84_m84f84_P8_Y4_UO3827,I84_F68_m25f25_P68_Y2_UO1244,ID84_F69_m-1f-1_P65_Y-1_U222,MXY,3,0.0,1,0,0.0,0,0,0,-9999.0,0.4375,1,P64_CV0,2,1,1,0,2,0,2,0,2
8,-168382.0203,-625245.7533,E8_F25_m85f85_P69_Y3_UO3908,ID85_F8_m63f63_P68_Y1_UO2923,I85_F36_m85f85_P69_Y1_UO3766,MXY,4,0.0,1,0,0.0,0,0,0,-9999.0,0.25,1,P64_CV0,2,1,1,1,1,0,2,0,2
8,-168382.0203,-625245.7533,E8_F31_m40f40_P98_Y3_UO1906,ID40_F99_m-1f-1_P58_Y-1_U172,ID40_F99_m65f65_P99_Y0_UO3395,FXX,4,0.0,1,0,1.0,0,0,0,-9999.0,0.125,1,P64_CV0,2,0,2,1,1,0,2,0,2
8,-168382.0203,-625245.7533,E8_F63_m65f65_P36_Y3_UO3075,I65_F36_m65f65_P98_Y1_UO2971,I65_F8_m-1f-1_P65_Y-1_U94,MXY,4,0.0,1,0,0.0,0,0,0,-9999.0,0.375,1,P64_CV0,2,0,2,2,0,0,2,0,2
8,-168382.0203,-625245.7533,E8_F63_m65f65_P98_Y3_UO3087,ID65_F98_m84f84_P8_Y1_UO3708,I65_F28_m-1f-1_P65_Y-1_U118,MXY,4,0.0,1,0,0.0,0,0,0,-9999.0,0.75,1,P64_CV0,2,1,1,1,1,0,2,0,2
8,-168382.0203,-625245.7533,E8_F63_m84f84_P68_Y3_UO3839,I84_F8_m65f65_P68_Y0_UO3364,I84_F68_m-1f-1_P84_Y-1_U16,FXX,4,0.0,1,0,1.0,0,0,0,-9999.0,0.375,1,P64_CV0,2,1,1,2,0,0,2,0,2
8,-168382.0203,-625245.7533,E8_F65_m65f65_P98_Y3_UO3082,I65_F8_m65f65_P98_Y1_UO2948,I65_F98_m-1f-1_P65_Y-1_U98,FXX,4,0.0,1,0,1.0,0,0,0,-9999.0,0.75,1,P64_CV0,2,1,1,2,0,0,2,0,2
8,-168382.0203,-625245.7533,E8_F84_m65f65_P98_Y3_UO3142,I65_F8_m-1f-1_P65_Y-1_U70,I65_F8_m65f65_P98_Y0_UO3391,MXY,4,0.0,1,0,0.0,0,0,0,-9999.0,0.375,1,P64_CV0,2,1,1,1,1,0,2,0,2
8,-168382.0203,-625245.7533,E8_F84_m84f84_P8_Y3_UO3882,I84_F68_m-1f-1_P31_Y-1_U223,I84_F8_m65f65_P8_Y1_UO3032,FXX,4,0.0,1,0,1.0,0,0,0,-9999.0,0.25,1,P64_CV0,2,1,1,1,1,0,2,0,2
8,-168382.0203,-625245.7533,E8_F84_m25f25_P8_Y3_UO1315,ID25_F8_m-1f-1_P100_Y-1_U2,ID25_F68_m65f65_P8_Y1_UO2965,MXY,4,0.0,1,0,0.0,0,0,0,-9999.0,0.625,1,P64_CV0,2,1,1,1,1,0,2,0,2
8,-168382.0203,-625245.7533,E8_F84_m63f63_P8_Y3_UO3063,I63_F8_m-1f-1_P25_Y-1_U115,I63_F2_m-1f-1_P65_Y-1_U233,FXX,4,0.0,1,0,1.0,0,0,0,-9999.0,0.25,1,P64_CV0,2,1,1,1,1,0,2,0,2
8,-168382.0203,-625245.7533,E8_F85_m65f65_P98_Y3_UO3091,I65_F8_m58f58_P98_Y1_UO2647,I65_F36_m-1f-1_P65_Y-1_U84,MXY,4,0.0,1,0,0.0,0,0,0,-9999.0,0.5,1,P64_CV0,2,1,1,0,2,0,2,0,2
8,-168382.0203,-625245.7533,E8_F31_m65f65_P98_Y2_UO3123,I65_F69_m-1f-1_P65_Y-1_U46,I65_F98_m-1f-1_P65_Y-1_U118,FXX,5,0.0,1,0,1.0,0,0,0,-9999.0,0.25,1,P64_CV0,2,0,2,0,2,0,2,0,2
8,-168382.0203,-625245.7533,E8_F31_m65f65_P8_Y2_UO3141,ID65_F8_m-1f-1_P65_Y-1_U124,ID65_F8_m-1f-1_P65_Y-1_U121,FXX,5,0.0,1,0,1.0,0,0,0,-9999.0,0.5,1,P64_CV0,2,1,1,2,0,0,2,0,2
8,-168382.0203,-625245.7533,E8_F63_m84f84_P8_Y2_UO3880,ID84_F68_m-1f-1_P63_Y-1_U96,ID84_F68_m-1f-1_P65_Y-1_U65,FXX,5,0.0,1,0,1.0,0,0,0,-9999.0,0.75,1,P64_CV0,2,1,1,1,1,0,2,0,2
8,-168382.0203,-625245.7533,E8_F63_m84f84_P8_Y2_UO3904,I84_F2_m-1f-1_P65_Y-1_U80,I84_F36_m-1f-1_P84_Y-1_U200,FXX,5,0.0,1,0,1.0,0,0,0,-9999.0,1.0,1,P64_CV0,2,2,0,1,1,0,2,0,2
8,-168382.0203,-625245.7533,E8_F65_m84f84_P69_Y2_UO3915,I84_F68_m-1f-1_P63_Y-1_U180,ID84_F8_m65f65_P98_Y0_UO3337,MXY,5,0.0,1,0,0.0,0,0,0,-9999.0,0.5,1,P64_CV0,2,0,2,0,2,0,2,0,2
8,-168382.0203,-625245.7533,E8_F84_m65f65_P98_Y2_UO3105,I65_F68_m65f65_P98_Y0_UO3399,I65_F98_m85f85_P98_Y0_UO4229,FXX,5,0.0,1,0,1.0,0,0,0,-9999.0,0.625,1,P64_CV0,2,1,1,0,2,0,2,0,2
8,-168382.0203,-625245.7533,E8_F84_m65f65_P68_Y2_UO3164,ID65_F69_m-1f-1_P65_Y-1_U224,I65_F98_m-1f-1_P65_Y-1_U26,MXY,5,0.0,1,0,0.0,0,0,0,-9999.0,1.0,1,P64_CV0,2,2,0,1,1,0,2,0,2
8,-168382.0203,-625245.7533,E8_F25_m65f65_P8_Y1_UO3030,I65_F98_m-1f-1_P65_Y-1_U22,I65_F98_m-1f-1_P65_Y-1_U167,MXY,6,0.0,1,0,0.0,0,0,0,-9999.0,0.25,1,P64_CV0,2,0,2,0,2,0,2,0,2
8,-168382.0203,-625245.7533,E8_F63_m65f65_P69_Y1_UO2982,ID65_F8_m-1f-1_P31_Y-1_U210,I65_F68_m-1f-1_P65_Y-1_U118,MXY,6,0.0,1,0,0.0,0,0,0,-9999.0,0.5,1,P64_CV0,2,1,1,0,2,0,2,0,2
8,-168382.0203,-625245.7533,E8_F63_m65f65_P8_Y1_UO3005,I65_F8_m-1f-1_P65_Y-1_U161,I65_F8_m-1f-1_P65_Y-1_U178,MXY,6,0.0,1,0,0.0,0,0,0,-9999.0,0.25,1,P64_CV0,2,1,1,1,1,0,2,0,2
8,-168382.0203,-625245.7533,E8_F84_m65f65_P98_Y1_UO3025,I65_F98_m-1f-1_P65_Y-1_U212,ID65_F98_m-1f-1_P65_Y-1_U96,FXX,6,0.0,1,0,1.0,0,0,0,-9999.0,0.25,1,P64_CV0,2,0,2,0,2,0,2,0,2
8,-168382.0203,-625245.7533,E8_F25_m65f65_P98_Y0_UO3421,R65_F65_m-1f-1_P65_Y-1_U237,R65_F65_m-1f-1_P65_Y-1_U91,MXY,7,0.0,1,0,0.0,0,0,0,-9999.0,0.25,1,P64_CV0,2,0,2,1,1,0,2,0,2
8,-168382.0203,-625245.7533,E8_F63_m65f65_P8_Y0_UO3350,R65_F65_m-1f-1_P65_Y-1_U44,R65_F65_m-1f-1_P65_Y-1_U172,MXY,7,0.0,1,0,0.0,0,0,0,-9999.0,0.5,1,P64_CV0,2,1,1,1,1,0,2,0,2
8,-168382.0203,-625245.7533,E8_F25_m-1f-1_P65_Y-1_U77,-9999,-9999,MXY,8,0.0,1,0,0.0,0,0,0,-9999.0,1.0,1,P64_CV0,2,2,0,1,1,0,2,0,2
8,-168382.0203,-625245.7533,E8_F63_m-1f-1_P65_Y-1_U190,-9999,-9999,FXX,8,0.0,1,0,1.0,0,0,0,-9999.0,0.0,1,P64_CV0,2,0,2,1,1,0,2,0,2
8,-168382.0203,-625245.7533,E8_F63_m-1f-1_P65_Y-1_U4,-9999,-9999,MXY,9,0.0,1,0,0.0,0,0,0,-9999.0,0.5,1,P64_CV0,2,1,1,2,0,0,2,0,2
8,-168382.0203,-625245.7533,E8_F63_m-1f-1_P65_Y-1_U120,-9999,-9999,FXX,9,0.0,1,0,1.0,0,0,0,-9999.0,0.5,1,P64_CV0,2,1,1,1,1,0,2,0,2
8,-168382.0203,-625245.7533,E8_F63_m-1f-1_P65_Y-1_U246,-9999,-9999,MXY,9,0.0,1,0,0.0,0,0,0,-9999.0,1.0,1,P64_CV0,2,2,0,0,2,0,2,0,2
8,-168382.0203,-625245.7533,E8_F84_m-1f-1_P65_Y-1_U57,-9999,-9999,MXY,10,0.0,1,0,0.0,0,0,0,-9999.0,0.0,1,P64_CV0,2,0,2,1,1,0,2,0,2
8,-168382.0203,-625245.7533,E8_F25_m-1f-1_P65_Y-1_U139,-9999,-9999,FXX,12,0.0,1,0,1.0,0,0,0,-9999.0,0.5,1,P64_CV0,2,1,1,0,2,0,2,0,2
8,-168382.0203,-625245.7533,E8_F31_m-1f-1_P65_Y-1_U20,-9999,-9999,MXY,12,0.0,1,0,0.0,0,0,0,-9999.0,0.5,1,P64_CV0,2,1,1,1,1,0,2,0,2
8,-168382.0203,-625245.7533,E8_F65_m-1f-1_P65_Y-1_U242,-9999,-9999,MXY,12,0.0,1,0,0.0,0,0,0,-9999.0,0.5,1,P64_CV0,2,1,1,2,0,0,2,0,2
8,-168382.0203,-625245.7533,E8_F84_m-1f-1_P65_Y-1_U45,-9999,-9999,FXX,12,0.0,1,0,1.0,0,0,0,-9999.0,0.0,1,P64_CV0,2,0,2,1,1,0,2,0,2
8,-168382.0203,-625245.7533,E8_F65_m-1f-1_P65_Y-1_U148,-9999,-9999,FXX,14,0.0,1,0,1.0,0,0,0,-9999.0,0.5,1,P64_CV0,2,1,1,0,2,0,2,0,2
8,-168382.0203,-625245.7533,Age0_F8_m100f100_P8_Y7_UO4557,I100_F48_m100f100_P49_Y5_UO4588,I100_F49_m15f15_P49_Y5_UO853,MXY,0,0.0,0,0,0.0,0,0,0,0.0,0.75,1,P72_CV0,2,1,1,1,1,0,2,0,2
8,-168382.0203,-625245.7533,Age0_F8_m25f25_P8_Y7_UO1237,I25_F8_m45f45_P8_Y5_UO2157,I25_F8_m31f31_P68_Y4_UO1502,FXX,0,0.0,0,0,0.0,0,0,0,0.0,0.5625,1,P83_CV0,2,2,0,1,1,0,2,0,2
8,-168382.0203,-625245.7533,Age0_F8_m25f25_P8_Y7_UO1241,I25_F68_m84f84_P68_Y5_UO3864,I25_F8_m63f63_P68_Y4_UO3056,MXY,0,0.0,0,0,0.0,0,0,0,0.0,0.53125,1,P83_CV0,2,1,1,1,1,0,2,0,2
8,-168382.0203,-625245.7533,Age0_F8_m25f25_P8_Y7_UO1279,I25_F8_m63f63_P8_Y4_UO3061,I25_F8_m31f31_P68_Y4_UO1502,MXY,0,0.0,0,0,0.0,0,0,0,0.0,0.5625,1,P83_CV0,2,1,1,1,1,0,2,0,2
8,-168382.0203,-625245.7533,Age0_F8_m25f25_P8_Y7_UO1280,I25_F68_m85f85_P2_Y4_UO3962,I25_F48_m25f25_P8_Y5_UO1257,MXY,0,0.0,0,0,0.0,0,0,0,0.0,0.5625,1,P83_CV0,2,1,1,2,0,0,2,0,2
8,-168382.0203,-625245.7533,Age0_F8_m25f25_P8_Y7_UO1305,I25_F2_m84f84_P68_Y2_UO3853,I25_F8_m65f65_P69_Y3_UO3068,FXX,0,0.0,0,0,0.0,0,0,0,0.0,0.625,1,P83_CV0,2,0,2,0,2,0,2,0,2
8,-168382.0203,-625245.7533,Age0_F8_m25f25_P8_Y7_UO1316,I25_F68_m84f84_P8_Y1_UO3658,I25_F8_m94f94_P98_Y1_UO4204,FXX,0,0.0,0,0,0.0,0,0,0,0.0,0.25,1,P83_CV0,2,0,2,1,1,0,2,0,2
8,-168382.0203,-625245.7533,Age0_F8_m25f25_P8_Y7_UO1326,I25_F49_m25f25_P69_Y0_UO1376,I25_F8_m31f31_P68_Y4_UO1502,FXX,0,0.0,0,0,0.0,0,0,0,0.0,0.75,1,P83_CV0,2,1,1,1,1,0,2,0,2
8,-168382.0203,-625245.7533,Age0_F8_m25f25_P8_Y7_UO1342,ID25_F8_m-1f-1_P85_Y-1_U243,I25_F69_m25f25_P8_Y5_UO1284,MXY,0,0.0,0,0,0.0,0,0,0,0.0,0.875,1,P83_CV0,2,2,0,0,2,0,2,0,2
8,-168382.0203,-625245.7533,Age0_F8_m25f25_P8_Y7_UO1345,I25_F68_m-1f-1_P84_Y-1_U188,I25_F68_m31f31_P8_Y4_UO1471,MXY,0,0.0,0,0,0.0,0,0,0,0.0,0.125,1,P83_CV0,2,0,2,0,2,0,2,0,2
8,-168382.0203,-625245.7533,Age0_F8_m31f31_P8_Y7_UO1470,I31_F48_m25f25_P68_Y5_UO1281,I31_F8_m31f31_P68_Y5_UO1471,FXX,0,0.0,0,0,0.0,0,0,0,0.0,0.65625,1,P83_CV0,2,1,1,1,1,0,2,0,2
8,-168382.0203,-625245.7533,Age0_F8_m31f31_P8_Y7_UO1473,I31_F69_m84f84_P8_Y5_UO3931,I31_F68_m31f31_P8_Y2_UO1529,FXX,0,0.0,0,0,0.0,0,0,0,0.0,0.4375,1,P83_CV0,2,1,1,1,1,0,2,0,2
8,-168382.0203,-625245.7533,Age0_F8_m31f31_P8_Y7_UO1484,ID31_F8_m63f63_P68_Y4_UO3020,I31_F69_m84f84_P8_Y1_UO3668,FXX,0,0.0,0,0,0.0,0,0,0,0.0,0.5,1,P83_CV0,2,1,1,1,1,0,2,0,2
8,-168382.0203,-625245.7533,Age0_F8_m31f31_P8_Y7_UO1500,I31_F8_m25f25_P8_Y3_UO1254,I31_F68_m-1f-1_P31_Y-1_U208,MXY,0,0.0,0,0,0.0,0,0,0,0.0,0.5,1,P83_CV0,2,1,1,1,1,0,2,0,2
8,-168382.0203,-625245.7533,Age0_F8_m63f63_P8_Y7_UO2993,I63_F36_m65f65_P98_Y5_UO3182,ID63_F68_m31f31_P8_Y3_UO1548,MXY,0,0.0,0,0,0.0,0,0,0,0.0,0.375,1,P83_CV0,2,1,1,1,1,0,2,0,2
8,-168382.0203,-625245.7533,Age0_F8_m63f63_P8_Y7_UO3010,I63_F8_m31f31_P8_Y5_UO1464,ID63_F8_m63f63_P68_Y5_UO3026,MXY,0,0.0,0,0,0.0,0,0,0,0.0,0.8125,1,P83_CV0,2,1,1,2,0,0,2,0,2
8,-168382.0203,-625245.7533,Age0_F8_m63f63_P8_Y7_UO3014,I63_F68_m85f85_P36_Y5_UO3986,I63_F68_m63f63_P68_Y5_UO3072,MXY,0,0.0,0,0,0.0,0,0,0,0.0,0.40625,1,P83_CV0,2,0,2,1,1,0,2,0,2
8,-168382.0203,-625245.7533,Age0_F8_m63f63_P8_Y7_UO3031,ID63_F68_m84f84_P68_Y4_UO3837,I63_F8_m65f65_P8_Y2_UO3104,FXX,0,0.0,0,0,0.0,0,0,0,0.0,0.25,1,P83_CV0,2,0,2,1,1,0,2,0,2
8,-168382.0203,-625245.7533,Age0_F8_m63f63_P8_Y7_UO3037,I63_F98_m31f31_P68_Y4_UO1488,I63_F68_m84f84_P36_Y5_UO3936,FXX,0,0.0,0,0,0.0,0,0,0,0.0,0.625,1,P83_CV0,2,2,0,1,1,0,2,0,2
8,-168382.0203,-625245.7533,Age0_F8_m63f63_P8_Y7_UO3056,ID63_F8_m84f84_P68_Y3_UO3839,I63_F8_m84f84_P68_Y0_UO4150,FXX,0,0.0,0,0,0.0,0,0,0,0.0,0.3125,1,P83_CV0,2,0,2,1,1,0,2,0,2
8,-168382.0203,-625245.7533,Age0_F8_m63f63_P8_Y7_UO3057,I63_F8_m63f63_P8_Y3_UO3003,I63_F98_m65f65_P36_Y5_UO3143,MXY,0,0.0,0,0,0.0,0,0,0,0.0,0.5,1,P83_CV0,2,0,2,0,2,0,2,0,2
8,-168382.0203,-625245.7533,Age0_F8_m63f63_P8_Y7_UO3058,ID63_F36_m65f65_P98_Y3_UO3114,I63_F68_m65f65_P98_Y4_UO3127,FXX,0,0.0,0,0,0.0,0,0,0,0.0,0.5625,1,P83_CV0,2,2,0,1,1,0,2,0,2
8,-168382.0203,-625245.7533,Age0_F8_m63f63_P8_Y7_UO3062,I63_F8_m84f84_P8_Y3_UO3813,I63_F8_m43f43_P48_Y1_UO1927,MXY,0,0.0,0,0,0.0,0,0,0,0.0,0.5,1,P83_CV0,2,0,2,1,1,0,2,0,2
8,-168382.0203,-625245.7533,Age0_F8_m63f63_P8_Y7_UO3063,I63_F68_m31f31_P8_Y3_UO1512,I63_F8_m-1f-1_P31_Y-1_U192,MXY,0,0.0,0,0,0.0,0,0,0,0.0,0.625,1,P83_CV0,2,1,1,1,1,0,2,0,2
8,-168382.0203,-625245.7533,Age0_F8_m63f63_P8_Y7_UO3091,I63_F69_m-1f-1_P84_Y-1_U55,I63_F68_m63f63_P68_Y5_UO3072,FXX,0,0.0,0,0,0.0,0,0,0,0.0,0.65625,1,P83_CV0,2,2,0,2,0,0,2,0,2
8,-168382.0203,-625245.7533,Age0_F8_m63f63_P8_Y7_UO3104,ID63_F68_m-1f-1_P31_Y-1_U48,ID63_F8_m84f84_P68_Y1_UO3735,MXY,0,0.0,0,0,0.0,0,0,0,0.0,0.5,1,P83_CV0,2,1,1,2,0,0,2,0,2
8,-168382.0203,-625245.7533,Age0_F8_m63f63_P8_Y7_UO3111,I63_F8_m-1f-1_P63_Y-1_U53,ID63_F8_m31f31_P8_Y3_UO1473,FXX,0,0.0,0,0,0.0,0,0,0,0.0,0.8125,1,P83_CV0,2,1,1,2,0,0,2,0,2
8,-168382.0203,-625245.7533,Age0_F8_m65f65_P8_Y7_UO3146,I65_F98_m63f63_P68_Y4_UO3028,I65_F8_m25f25_P68_Y4_UO1259,FXX,0,0.0,0,0,0.0,0,0,0,0.0,0.375,1,P83_CV0,2,0,2,1,1,0,2,0,2
8,-168382.0203,-625245.7533,Age0_F8_m65f65_P8_Y7_UO3180,I65_F98_m25f25_P68_Y1_UO1190,I65_F68_m84f84_P8_Y4_UO3861,FXX,0,0.0,0,0,0.0,0,0,0,0.0,0.375,1,P83_CV0,2,0,2,2,0,0,2,0,2
8,-168382.0203,-625245.7533,Age0_F8_m65f65_P8_Y7_UO3205,I65_F69_m-1f-1_P63_Y-1_U200,I65_F98_m-1f-1_P84_Y-1_U66,FXX,0,0.0,0,0,0.0,0,0,0,0.0,0.25,1,P83_CV0,2,1,1,1,1,0,2,0,2
8,-168382.0203,-625245.7533,Age0_F8_m84f84_P8_Y7_UO3848,I84_F68_m31f31_P68_Y5_UO1539,ID84_F36_m63f63_P8_Y1_UO2859,FXX,0,0.0,0,0,0.0,0,0,0,0.0,0.5,1,P83_CV0,2,0,2,0,2,0,2,0,2
8,-168382.0203,-625245.7533,Age0_F8_m84f84_P8_Y7_UO3884,I84_F68_m84f84_P8_Y4_UO3806,I84_F68_m25f25_P68_Y2_UO1235,FXX,0,0.0,0,0,0.0,0,0,0,0.0,0.5,1,P83_CV0,2,1,1,1,1,0,2,0,2
8,-168382.0203,-625245.7533,Age0_F8_m84f84_P8_Y7_UO3888,I84_F68_m31f31_P8_Y4_UO1537,I84_F8_m100f100_P68_Y3_UO4526,MXY,0,0.0,0,0,0.0,0,0,0,0.0,0.78125,1,P83_CV0,2,2,0,1,1,0,2,0,2
8,-168382.0203,-625245.7533,Age0_F8_m84f84_P8_Y7_UO3896,I84_F8_m65f65_P68_Y3_UO3137,I84_F8_m84f84_P8_Y0_UO4216,FXX,0,0.0,0,0,0.0,0,0,0,0.0,0.5625,1,P83_CV0,2,2,0,2,0,0,2,0,2
8,-168382.0203,-625245.7533,Age0_F8_m84f84_P8_Y7_UO3902,I84_F8_m84f84_P8_Y3_UO3882,I84_F68_m-1f-1_P84_Y-1_U32,MXY,0,0.0,0,0,0.0,0,0,0,0.0,0.125,1,P83_CV0,2,1,1,2,0,0,2,0,2
8,-168382.0203,-625245.7533,Age0_F8_m84f84_P8_Y7_UO3926,I84_F48_m84f84_P68_Y1_UO3683,ID84_F6_m65f65_P69_Y5_UO3145,FXX,0,0.0,0,0,0.0,0,0,0,0.0,0.5625,1,P83_CV0,2,2,0,0,2,0,2,0,2
8,-168382.0203,-625245.7533,Age0_F8_m84f84_P8_Y7_UO3927,I84_F8_m25f25_P8_Y1_UO1252,I84_F69_m85f85_P98_Y4_UO3978,MXY,0,0.0,0,0,0.0,0,0,0,0.0,0.375,1,P83_CV0,2,2,0,2,0,0,2,0,2
8,-168382.0203,-625245.7533,Age0_F8_m84f84_P8_Y7_UO3929,I84_F8_m31f31_P68_Y1_UO1431,I84_F69_m85f85_P98_Y4_UO3978,MXY,0,0.0,0,0,0.0,0,0,0,0.0,0.625,1,P83_CV0,2,1,1,1,1,0,2,0,2
8,-168382.0203,-625245.7533,Age0_F8_m84f84_P8_Y7_UO3930,ID84_F69_m84f84_P8_Y1_UO3699,I84_F8_m-1f-1_P84_Y-1_U18,MXY,0,0.0,0,0,0.0,0,0,0,0.0,0.5,1,P83_CV0,2,0,2,1,1,0,2,0,2
8,-168382.0203,-625245.7533,Age0_F8_m84f84_P8_Y7_UO3932,I84_F68_m25f25_P68_Y1_UO1251,ID84_F6_m65f65_P69_Y5_UO3145,FXX,0,0.0,0,0,0.0,0,0,0,0.0,0.3125,1,P83_CV0,2,0,2,2,0,0,2,0,2
8,-168382.0203,-625245.7533,Age0_F8_m84f84_P8_Y7_UO3939,I84_F68_m63f63_P68_Y0_UO3322,I84_F8_m-1f-1_P84_Y-1_U18,MXY,0,0.0,0,0,0.0,0,0,0,0.0,0.375,1,P83_CV0,2,0,2,2,0,0,2,0,2
8,-168382.0203,-625245.7533,Age0_F8_m84f84_P8_Y7_UO3941,I84_F68_m84f84_P8_Y0_UO4212,I84_F68_m31f31_P8_Y3_UO1466,FXX,0,0.0,0,0,0.0,0,0,0,0.0,0.3125,1,P83_CV0,2,1,1,2,0,0,2,0,2
8,-168382.0203,-625245.7533,Age0_F8_m84f84_P8_Y7_UO3952,I84_F69_m-1f-1_P25_Y-1_U164,I84_F68_m-1f-1_P84_Y-1_U56,MXY,0,0.0,0,0,0.0,0,0,0,0.0,0.5,1,P83_CV0,2,0,2,0,2,0,2,0,2
8,-168382.0203,-625245.7533,Age0_F8_m85f85_P8_Y7_UO3989,I85_F69_m65f65_P8_Y5_UO3092,I85_F69_m85f85_P36_Y5_UO4012,MXY,0,0.0,0,0,0.0,0,0,0,0.0,0.46875,1,P83_CV0,2,0,2,1,1,0,2,0,2
8,-168382.0203,-625245.7533,E8_F25_m25f25_P8_Y6_UO1342,ID25_F68_m-1f-1_P84_Y-1_U181,ID25_F2_m-1f-1_P25_Y-1_U206,MXY,1,0.0,1,1,0.0,0,0,0,-9999.0,0.5,1,P83_CV0,2,0,2,1,1,0,2,0,2
8,-168382.0203,-625245.7533,E8_F25_m31f31_P8_Y6_UO1478,I31_F8_m63f63_P8_Y4_UO3004,I31_F8_m63f63_P8_Y3_UO2973,MXY,1,0.0,1,1,0.0,0,0,0,-9999.0,0.8125,1,P83_CV0,2,2,0,0,2,0,2,0,2
8,-168382.0203,-625245.7533,E8_F25_m63f63_P8_Y6_UO3087,I63_F8_m-1f-1_P45_Y-1_U36,ID63_F8_m84f84_P8_Y1_UO3711,FXX,1,0.0,1,1,1.0,0,0,0,-9999.0,0.75,1,P83_CV0,2,1,1,1,1,0,2,0,2
8,-168382.0203,-625245.7533,E8_F25_m84f84_P8_Y6_UO3963,I84_F68_m-1f-1_P45_Y-1_U168,I84_F68_m31f31_P68_Y4_UO1509,FXX,1,0.0,1,1,1.0,0,0,0,-9999.0,0.625,1,P83_CV0,2,1,1,0,2,0,2,0,2
8,-168382.0203,-625245.7533,E8_F25_m84f84_P8_Y6_UO3971,ID84_F86_m-1f-1_P92_Y-1_U211,I84_F68_m25f25_P8_Y3_UO1252,MXY,1,0.0,1,1,0.0,0,0,0,-9999.0,0.3125,1,P83_CV0,2,1,1,1,1,0,2,0,2
8,-168382.0203,-625245.7533,E8_F25_m63f63_P36_Y6_UO3100,I63_F69_m-1f-1_P31_Y-1_U176,I63_F8_m63f63_P8_Y3_UO2998,MXY,1,0.0,1,1,0.0,0,0,0,-9999.0,0.1875,1,P83_CV0,2,0,2,1,1,0,2,0,2
8,-168382.0203,-625245.7533,E8_F25_m25f25_P68_Y6_UO1324,I25_F36_m25f25_P8_Y0_UO1408,ID25_F98_m25f25_P68_Y3_UO1274,FXX,1,0.0,1,1,1.0,0,0,0,-9999.0,0.4375,1,P83_CV0,2,1,1,1,1,0,2,0,2
8,-168382.0203,-625245.7533,E8_F25_m31f31_P68_Y6_UO1486,I31_F68_m63f63_P68_Y4_UO3054,I31_F68_m31f31_P68_Y2_UO1537,MXY,1,0.0,1,1,0.0,0,0,0,-9999.0,0.4375,1,P83_CV0,2,2,0,2,0,0,2,0,2
8,-168382.0203,-625245.7533,E8_F25_m31f31_P68_Y6_UO1561,I31_F8_m-1f-1_P65_Y-1_U9,I31_F68_m84f84_P68_Y2_UO3854,MXY,1,0.0,1,1,0.0,0,0,0,-9999.0,0.625,1,P83_CV0,2,1,1,1,1,0,2,0,2
8,-168382.0203,-625245.7533,E8_F25_m84f84_P68_Y6_UO3887,I84_F8_m84f84_P8_Y4_UO3825,I84_F8_m25f25_P68_Y3_UO1310,FXX,1,0.0,1,1,1.0,0,0,0,-9999.0,0.46875,1,P83_CV0,2,1,1,1,1,0,2,0,2
8,-168382.0203,-625245.7533,E8_F31_m63f63_P8_Y6_UO3037,I63_F98_m63f63_P8_Y3_UO2983,ID63_F68_m65f65_P98_Y4_UO3127,FXX,1,0.0,1,1,1.0,0,0,0,-9999.0,0.4375,1,P83_CV0,2,1,1,1,1,0,2,0,2
8,-168382.0203,-625245.7533,E8_F31_m84f84_P8_Y6_UO3932,I84_F68_m84f84_P68_Y2_UO3896,ID84_F68_m43f43_P49_Y3_UO2038,MXY,1,0.0,1,1,0.0,0,0,0,-9999.0,0.375,1,P83_CV0,2,1,1,1,1,0,2,0,2
8,-168382.0203,-625245.7533,E8_F31_m63f63_P68_Y6_UO3093,ID63_F8_m-1f-1_P45_Y-1_U125,I63_F68_m-1f-1_P84_Y-1_U147,FXX,1,0.0,1,1,1.0,0,0,0,-9999.0,0.25,1,P83_CV0,2,1,1,2,0,0,2,0,2
8,-168382.0203,-625245.7533,E8_F31_m84f84_P68_Y6_UO3953,I84_F8_m84f84_P8_Y0_UO4212,I84_F68_m65f65_P68_Y3_UO3135,MXY,1,0.0,1,1,0.0,0,0,0,-9999.0,0.375,1,P83_CV0,2,1,1,2,0,0,2,0,2
8,-168382.0203,-625245.7533,E8_F63_m65f65_P8_Y6_UO3152,I65_F98_m25f25_P69_Y3_UO1316,I65_F98_m84f84_P8_Y4_UO3860,FXX,1,0.0,1,1,1.0,0,0,0,-9999.0,0.75,1,P83_CV0,2,2,0,0,2,0,2,0,2
8,-168382.0203,-625245.7533,E8_F63_m65f65_P8_Y6_UO3164,I65_F98_m84f84_P8_Y2_UO3886,ID65_F8_m65f65_P8_Y4_UO3149,MXY,1,0.0,1,1,0.0,0,0,0,-9999.0,0.375,1,P83_CV0,2,1,1,1,1,0,2,0,2
8,-168382.0203,-625245.7533,E8_F63_m84f84_P8_Y6_UO3938,I84_F68_m31f31_P68_Y1_UO1431,I84_F36_m84f84_P68_Y2_UO3903,MXY,1,0.0,1,1,0.0,0,0,0,-9999.0,0.625,1,P83_CV0,2,1,1,2,0,0,2,0,2
8,-168382.0203,-625245.7533,E8_F63_m65f65_P36_Y6_UO3169,ID65_F98_m63f63_P8_Y2_UO3039,ID65_F8_m84f84_P8_Y0_UO4184,MXY,1,0.0,1,1,0.0,0,0,0,-9999.0,0.5,1,P83_CV0,2,1,1,0,2,0,2,0,2
8,-168382.0203,-625245.7533,E8_F63_m25f25_P68_Y6_UO1277,I25_F68_m63f63_P8_Y4_UO3001,I25_F36_m-1f-1_P84_Y-1_U156,MXY,1,0.0,1,1,0.0,0,0,0,-9999.0,0.8125,1,P83_CV0,2,1,1,1,1,0,2,0,2
8,-168382.0203,-625245.7533,E8_F63_m25f25_P68_Y6_UO1347,I25_F69_m-1f-1_P84_Y-1_U143,I25_F68_m65f65_P68_Y4_UO3146,FXX,1,0.0,1,1,1.0,0,0,0,-9999.0,0.75,1,P83_CV0,2,2,0,1,1,0,2,0,2
8,-168382.0203,-625245.7533,E8_F63_m63f63_P68_Y6_UO3024,I63_F68_m85f85_P68_Y4_UO4000,I63_F8_m85f85_P69_Y4_UO3924,MXY,1,0.0,1,1,0.0,0,0,0,-9999.0,0.5,1,P83_CV0,2,0,2,1,1,0,2,0,2
8,-168382.0203,-625245.7533,E8_F63_m65f65_P68_Y6_UO3133,I65_F69_m84f84_P68_Y4_UO3890,I65_F8_m-1f-1_P65_Y-1_U101,MXY,1,0.0,1,1,0.0,0,0,0,-9999.0,0.5,1,P83_CV0,2,1,1,0,2,0,2,0,2
8,-168382.0203,-625245.7533,E8_F65_m31f31_P8_Y6_UO1554,I31_F8_m-1f-1_P85_Y-1_U243,I31_F8_m-1f-1_P84_Y-1_U195,MXY,1,0.0,1,1,0.0,0,0,0,-9999.0,0.75,1,P83_CV0,2,1,1,1,1,0,2,0,2
8,-168382.0203,-625245.7533,E8_F65_m65f65_P8_Y6_UO3134,I65_F36_m84f84_P8_Y4_UO3848,ID65_F69_m63f63_P8_Y4_UO2991,MXY,1,0.0,1,1,0.0,0,0,0,-9999.0,0.5625,1,P83_CV0,2,2,0,0,2,0,2,0,2
8,-168382.0203,-625245.7533,E8_F65_m65f65_P28_Y6_UO3203,ID65_F69_m-1f-1_P65_Y-1_U7,I65_F36_m65f65_P98_Y2_UO3091,FXX,1,0.0,1,1,1.0,0,0,0,-9999.0,0.25,1,P83_CV0,2,1,1,1,1,0,2,0,2
8,-168382.0203,-625245.7533,E8_F65_m31f31_P68_Y6_UO1472,ID31_F8_m63f63_P8_Y4_UO3017,I31_F8_m63f63_P68_Y0_UO3257,FXX,1,0.0,1,1,1.0,0,0,0,-9999.0,0.6875,1,P83_CV0,2,2,0,0,2,0,2,0,2
8,-168382.0203,-625245.7533,E8_F65_m65f65_P98_Y6_UO3128,I65_F98_m63f63_P68_Y4_UO3028,ID65_F36_m84f84_P8_Y4_UO3847,FXX,1,0.0,1,1,1.0,0,0,0,-9999.0,0.3125,1,P83_CV0,2,2,0,0,2,0,2,0,2
8,-168382.0203,-625245.7533,E8_F84_m84f84_P8_Y6_UO3913,I84_F8_m31f31_P68_Y3_UO1469,ID84_F8_m-1f-1_P84_Y-1_U51,FXX,1,0.0,1,1,1.0,0,0,0,-9999.0,0.6875,1,P83_CV0,2,1,1,1,1,0,2,0,2
8,-168382.0203,-625245.7533,E8_F84_m84f84_P8_Y6_UO3933,ID84_F69_m31f31_P8_Y2_UO1542,ID84_F69_m-1f-1_P84_Y-1_U32,MXY,1,0.0,1,1,0.0,0,0,0,-9999.0,0.25,1,P83_CV0,2,1,1,1,1,0,2,0,2
8,-168382.0203,-625245.7533,E8_F84_m85f85_P8_Y6_UO4060,ID85_F8_m-1f-1_P84_Y-1_U173,I85_F36_m63f63_P36_Y1_UO2858,MXY,1,0.0,1,1,0.0,0,0,0,-9999.0,0.875,1,P83_CV0,2,2,0,0,2,0,2,0,2
8,-168382.0203,-625245.7533,E8_F84_m63f63_P68_Y6_UO3057,I63_F68_m31f31_P8_Y2_UO1490,I63_F8_m84f84_P68_Y0_UO4150,MXY,1,0.0,1,1,0.0,0,0,0,-9999.0,0.25,1,P83_CV0,2,0,2,1,1,0,2,0,2
8,-168382.0203,-625245.7533,E8_F84_m31f31_P69_Y6_UO1555,I31_F68_m-1f-1_P84_Y-1_U77,I31_F8_m25f25_P8_Y4_UO1289,FXX,1,0.0,1,1,1.0,0,0,0,-9999.0,0.375,1,P83_CV0,2,0,2,1,1,0,2,0,2
8,-168382.0203,-625245.7533,E8_F85_m84f84_P36_Y6_UO3871,I84_F68_m31f31_P68_Y4_UO1482,I84_F69_m84f84_P8_Y4_UO3892,FXX,1,0.0,1,1,1.0,0,0,0,-9999.0,0.5625,1,P83_CV0,2,1,1,0,2,0,2,0,2
8,-168382.0203,-625245.7533,E8_F25_m84f84_P8_Y5_UO3894,ID84_F8_m84f84_P8_Y1_UO3720,I84_F8_m63f63_P36_Y0_UO3223,FXX,2,0.0,1,0,1.0,0,0,0,-9999.0,0.375,1,P83_CV0,2,0,2,0,2,0,2,0,2
8,-168382.0203,-625245.7533,E8_F25_m84f84_P68_Y5_UO3864,I84_F8_m65f65_P8_Y2_UO3092,I84_F8_m-1f-1_P84_Y-1_U16,FXX,2,0.0,1,0,1.0,0,0,0,-9999.0,0.3125,1,P83_CV0,2,0,2,1,1,0,2,0,2
8,-168382.0203,-625245.7533,E8_F25_m63f63_P8_Y5_UO3024,ID63_F48_m65f65_P8_Y1_UO2958,I63_F8_m84f84_P68_Y0_UO4150,MXY,2,0.0,1,0,0.0,0,0,0,-9999.0,0.25,1,P83_CV0,2,0,2,0,2,0,2,0,2
8,-168382.0203,-625245.7533,E8_F31_m85f85_P69_Y5_UO3957,I85_F69_m85f85_P69_Y3_UO3916,I85_F21_m85f85_P2_Y1_UO3789,MXY,2,0.0,1,0,0.0,0,0,0,-9999.0,0.75,1,P83_CV0,2,1,1,1,1,0,2,0,2
8,-168382.0203,-625245.7533,E8_F31_m25f25_P68_Y5_UO1281,I25_F8_m25f25_P69_Y1_UO1236,I25_F36_m65f65_P69_Y3_UO3086,FXX,2,0.0,1,0,1.0,0,0,0,-9999.0,0.6875,1,P83_CV0,2,1,1,2,0,0,2,0,2
8,-168382.0203,-625245.7533,E8_F31_m84f84_P8_Y5_UO3931,I84_F8_m-1f-1_P31_Y-1_U223,I84_F8_m-1f-1_P84_Y-1_U87,FXX,2,0.0,1,0,1.0,0,0,0,-9999.0,0.25,1,P83_CV0,2,0,2,0,2,0,2,0,2
8,-168382.0203,-625245.7533,E8_F63_m63f63_P8_Y5_UO3035,I63_F36_m85f85_P69_Y1_UO3788,I63_F68_m84f84_P8_Y3_UO3888,FXX,2,0.0,1,0,1.0,0,0,0,-9999.0,0.625,1,P83_CV0,2,2,0,1,1,0,2,0,2
8,-168382.0203,-625245.7533,E8_F63_m63f63_P68_Y5_UO3005,I63_F68_m84f84_P8_Y2_UO3904,I63_F8_m84f84_P8_Y0_UO4159,FXX,2,0.0,1,0,1.0,0,0,0,-9999.0,0.75,1,P83_CV0,2,1,1,1,1,0,2,0,2
8,-168382.0203,-625245.7533,E8_F63_m84f84_P36_Y5_UO3936,I84_F8_m-1f-1_P84_Y-1_U203,ID84_F8_m63f63_P68_Y1_UO2920,MXY,2,0.0,1,0,0.0,0,0,0,-9999.0,0.875,1,P83_CV0,2,1,1,1,1,0,2,0,2
8,-168382.0203,-625245.7533,E8_F63_m63f63_P68_Y5_UO3072,I63_F68_m-1f-1_P84_Y-1_U11,I63_F8_m31f31_P68_Y3_UO1467,MXY,2,0.0,1,0,0.0,0,0,0,-9999.0,0.3125,1,P83_CV0,2,1,1,2,0,0,2,0,2
8,-168382.0203,-625245.7533,E8_F63_m63f63_P68_Y5_UO3026,I63_F68_m84f84_P68_Y1_UO3659,I63_F6_m-1f-1_P85_Y-1_U190,MXY,2,0.0,1,0,0.0,0,0,0,-9999.0,1.0,1,P83_CV0,2,2,0,2,0,0,2,0,2
8,-168382.0203,-625245.7533,E8_F84_m31f31_P68_Y5_UO1539,ID31_F48_m-1f-1_P84_Y-1_U77,I31_F8_m90f90_P86_Y1_UO4034,FXX,2,0.0,1,0,1.0,0,0,0,-9999.0,0.5,1,P83_CV0,2,0,2,1,1,0,2,0,2
8,-168382.0203,-625245.7533,E8_F84_m84f84_P68_Y5_UO3928,I84_F68_m-1f-1_P84_Y-1_U140,I84_F8_m-1f-1_P84_Y-1_U18,FXX,2,0.0,1,0,1.0,0,0,0,-9999.0,0.25,1,P83_CV0,2,0,2,1,1,0,2,0,2
8,-168382.0203,-625245.7533,E8_F84_m65f65_P69_Y5_UO3145,I65_F98_m65f65_P36_Y2_UO3170,ID65_F8_m-1f-1_P84_Y-1_U117,MXY,2,0.0,1,0,0.0,0,0,0,-9999.0,0.375,1,P83_CV0,2,1,1,1,1,0,2,0,2
8,-168382.0203,-625245.7533,E8_F85_m63f63_P98_Y5_UO3083,I63_F68_m-1f-1_P84_Y-1_U184,ID63_F68_m-1f-1_P84_Y-1_U147,MXY,2,0.0,1,0,0.0,0,0,0,-9999.0,0.75,1,P83_CV0,2,2,0,1,1,0,2,0,2
8,-168382.0203,-625245.7533,E8_F85_m65f65_P8_Y5_UO3092,I65_F36_m85f85_P36_Y3_UO3912,I65_F8_m84f84_P68_Y3_UO3853,FXX,2,0.0,1,0,1.0,0,0,0,-9999.0,0.3125,1,P83_CV0,2,1,1,1,1,0,2,0,2
8,-168382.0203,-625245.7533,E8_F25_m25f25_P8_Y4_UO1250,ID25_F69_m84f84_P68_Y2_UO3890,I25_F8_m63f63_P68_Y1_UO2861,FXX,3,0.0,1,0,1.0,0,0,0,-9999.0,0.125,1,P83_CV0,2,0,2,2,0,0,2,0,2
8,-168382.0203,-625245.7533,E8_F31_m63f63_P68_Y4_UO3053,ID63_F8_m-1f-1_P84_Y-1_U184,ID63_F68_m25f25_P68_Y1_UO1237,MXY,3,0.0,1,0,0.0,0,0,0,-9999.0,0.875,1,P83_CV0,2,2,0,2,0,0,2,0,2
8,-168382.0203,-625245.7533,E8_F63_m84f84_P68_Y4_UO3837,I84_F68_m84f84_P68_Y1_UO3703,I84_F8_m-1f-1_P84_Y-1_U32,FXX,3,0.0,1,0,1.0,0,0,0,-9999.0,0.0,1,P83_CV0,2,0,2,1,1,0,2,0,2
8,-168382.0203,-625245.7533,E8_F63_m85f85_P68_Y4_UO4000,ID85_F68_m-1f-1_P84_Y-1_U100,I85_F36_m-1f-1_P85_Y-1_U197,FXX,3,0.0,1,0,1.0,0,0,0,-9999.0,0.5,1,P83_CV0,2,0,2,1,1,0,2,0,2
8,-168382.0203,-625245.7533,E8_F63_m65f65_P98_Y4_UO3127,I65_F8_m31f31_P8_Y0_UO1593,I65_F69_m65f65_P98_Y1_UO2975,MXY,3,0.0,1,0,0.0,0,0,0,-9999.0,0.375,1,P83_CV0,2,2,0,1,1,0,2,0,2
8,-168382.0203,-625245.7533,E8_F65_m63f63_P8_Y4_UO2995,I63_F8_m84f84_P8_Y0_UO4160,I63_F68_m-1f-1_P25_Y-1_U32,MXY,3,0.0,1,0,0.0,0,0,0,-9999.0,0.375,1,P83_CV0,2,2,0,0,2,0,2,0,2
8,-168382.0203,-625245.7533,E8_F65_m63f63_P68_Y4_UO3028,I63_F8_m-1f-1_P63_Y-1_U121,I63_F8_m84f84_P8_Y0_UO4159,FXX,3,0.0,1,0,1.0,0,0,0,-9999.0,0.25,1,P83_CV0,2,1,1,0,2,0,2,0,2
8,-168382.0203,-625245.7533,E8_F65_m63f63_P8_Y4_UO2980,I63_F68_m31f31_P68_Y1_UO1420,I63_F8_m84f84_P68_Y1_UO3722,MXY,3,0.0,1,0,0.0,0,0,0,-9999.0,0.375,1,P83_CV0,2,1,1,1,1,0,2,0,2
8,-168382.0203,-625245.7533,E8_F84_m85f85_P98_Y4_UO3978,ID85_F8_m-1f-1_P84_Y-1_U239,I85_F2_m65f65_P69_Y1_UO2982,MXY,3,0.0,1,0,0.0,0,0,0,-9999.0,0.5,1,P83_CV0,2,1,1,1,1,0,2,0,2
8,-168382.0203,-625245.7533,E8_F84_m84f84_P8_Y4_UO3806,I84_F68_m31f31_P68_Y2_UO1548,I84_F8_m25f25_P8_Y2_UO1318,FXX,3,0.0,1,0,1.0,0,0,0,-9999.0,0.5,1,P83_CV0,2,1,1,2,0,0,2,0,2
8,-168382.0203,-625245.7533,E8_F84_m63f63_P8_Y4_UO3051,I63_F8_m-1f-1_P84_Y-1_U13,I63_F69_m85f85_P8_Y0_UO4298,MXY,3,0.0,1,0,0.0,0,0,0,-9999.0,0.25,1,P83_CV0,2,0,2,2,0,0,2,0,2
8,-168382.0203,-625245.7533,E8_F85_m84f84_P69_Y4_UO3906,ID84_F69_m-1f-1_P84_Y-1_U103,I84_F8_m-1f-1_P84_Y-1_U216,MXY,3,0.0,1,0,0.0,0,0,0,-9999.0,0.0,1,P83_CV0,2,0,2,2,0,0,2,0,2
8,-168382.0203,-625245.7533,E8_F25_m84f84_P8_Y3_UO3861,I84_F8_m-1f-1_P84_Y-1_U6,I84_F8_m-1f-1_P84_Y-1_U66,FXX,4,0.0,1,0,1.0,0,0,0,-9999.0,0.75,1,P83_CV0,2,1,1,1,1,0,2,0,2
8,-168382.0203,-625245.7533,E8_F25_m65f65_P69_Y3_UO3068,I65_F68_m84f84_P98_Y1_UO3651,I65_F8_m-1f-1_P65_Y-1_U58,MXY,4,0.0,1,0,0.0,0,0,0,-9999.0,0.5,1,P83_CV0,2,1,1,1,1,0,2,0,2
8,-168382.0203,-625245.7533,E8_F25_m25f25_P68_Y3_UO1282,I25_F8_m25f25_P68_Y0_UO1336,I25_F36_m84f84_P68_Y0_UO4155,FXX,4,0.0,1,0,1.0,0,0,0,-9999.0,0.875,1,P83_CV0,2,2,0,0,2,0,2,0,2
8,-168382.0203,-625245.7533,E8_F25_m100f100_P8_Y3_UO4557,ID100_F68_m-1f-1_P84_Y-1_U78,I100_F48_m60f60_P48_Y1_UO2755,MXY,4,0.0,1,0,0.0,0,0,0,-9999.0,0.125,1,P83_CV0,2,0,2,2,0,0,2,0,2
8,-168382.0203,-625245.7533,E8_F31_m25f25_P68_Y3_UO1317,I25_F8_m-1f-1_P84_Y-1_U136,I25_F69_m63f63_P8_Y0_UO3275,FXX,4,0.0,1,0,1.0,0,0,0,-9999.0,0.125,1,P83_CV0,2,0,2,1,1,0,2,0,2
8,-168382.0203,-625245.7533,E8_F31_m25f25_P8_Y3_UO1254,I25_F8_m11f11_P2_Y1_UO589,I25_F68_m84f84_P68_Y0_UO4190,FXX,4,0.0,1,0,1.0,0,0,0,-9999.0,0.5,1,P83_CV0,2,2,0,1,1,0,2,0,2
8,-168382.0203,-625245.7533,E8_F63_m31f31_P8_Y3_UO1548,I31_F8_m-1f-1_P84_Y-1_U180,I31_F68_m31f31_P8_Y1_UO1446,MXY,4,0.0,1,0,0.0,0,0,0,-9999.0,0.5,1,P83_CV0,2,2,0,1,1,0,2,0,2
8,-168382.0203,-625245.7533,E8_F63_m84f84_P68_Y3_UO3822,ID84_F36_m85f85_P68_Y1_UO3776,I84_F8_m-1f-1_P84_Y-1_U18,FXX,4,0.0,1,0,1.0,0,0,0,-9999.0,0.375,1,P83_CV0,2,1,1,2,0,0,2,0,2
8,-168382.0203,-625245.7533,E8_F63_m63f63_P8_Y3_UO3003,ID63_F8_m84f84_P8_Y0_UO4158,I63_F68_m-1f-1_P63_Y-1_U142,FXX,4,0.0,1,0,1.0,0,0,0,-9999.0,0.5,1,P83_CV0,2,1,1,0,2,0,2,0,2
8,-168382.0203,-625245.7533,E8_F63_m31f31_P8_Y3_UO1473,I31_F48_m84f84_P68_Y1_UO3683,ID31_F68_m63f63_P8_Y0_UO3280,MXY,4,0.0,1,0,0.0,0,0,0,-9999.0,0.625,1,P83_CV0,2,0,2,1,1,0,2,0,2
8,-168382.0203,-625245.7533,E8_F63_m84f84_P8_Y3_UO3813,I84_F8_m84f84_P8_Y1_UO3720,ID84_F68_m31f31_P8_Y0_UO1552,FXX,4,0.0,1,0,1.0,0,0,0,-9999.0,0.25,1,P83_CV0,2,0,2,1,1,0,2,0,2
8,-168382.0203,-625245.7533,E8_F63_m31f31_P8_Y3_UO1512,I31_F8_m-1f-1_P84_Y-1_U173,ID31_F6_m-1f-1_P45_Y-1_U65,FXX,4,0.0,1,0,1.0,0,0,0,-9999.0,0.75,1,P83_CV0,2,1,1,1,1,0,2,0,2
8,-168382.0203,-625245.7533,E8_F25_m84f84_P68_Y2_UO3853,I84_F68_m-1f-1_P84_Y-1_U213,I84_F68_m-1f-1_P84_Y-1_U241,FXX,5,0.0,1,0,1.0,0,0,0,-9999.0,0.75,1,P83_CV0,2,1,1,0,2,0,2,0,2
8,-168382.0203,-625245.7533,E8_F31_m84f84_P8_Y2_UO3922,I84_F68_m-1f-1_P84_Y-1_U155,ID84_F68_m-1f-1_P25_Y-1_U110,FXX,5,0.0,1,0,1.0,0,0,0,-9999.0,0.5,1,P83_CV0,2,0,2,1,1,0,2,0,2
8,-168382.0203,-625245.7533,E8_F84_m65f65_P98_Y2_UO3091,I65_F91_m84f84_P68_Y0_UO4165,I65_F98_m63f63_P36_Y0_UO3223,MXY,5,0.0,1,0,0.0,0,0,0,-9999.0,0.5,1,P83_CV0,2,1,1,0,2,0,2,0,2
8,-168382.0203,-625245.7533,E8_F84_m84f84_P68_Y2_UO3896,I84_F98_m-1f-1_P84_Y-1_U90,I84_F68_m84f84_P68_Y0_UO4132,FXX,5,0.0,1,0,1.0,0,0,0,-9999.0,0.75,1,P83_CV0,2,2,0,2,0,0,2,0,2
8,-168382.0203,-625245.7533,E8_F84_m84f84_P8_Y2_UO3913,I84_F8_m-1f-1_P65_Y-1_U68,I84_F68_m-1f-1_P84_Y-1_U225,MXY,5,0.0,1,0,0.0,0,0,0,-9999.0,0.5,1,P83_CV0,2,0,2,2,0,0,2,0,2
8,-168382.0203,-625245.7533,E8_F25_m84f84_P8_Y1_UO3658,I84_F8_m-1f-1_P84_Y-1_U239,I84_F68_m-1f-1_P84_Y-1_U151,FXX,6,0.0,1,0,1.0,0,0,0,-9999.0,0.5,1,P83_CV0,2,1,1,2,0,0,2,0,2
8,-168382.0203,-625245.7533,E8_F31_m84f84_P8_Y1_UO3720,I84_F69_m-1f-1_P84_Y-1_U220,I84_F69_m-1f-1_P84_Y-1_U72,FXX,6,0.0,1,0,1.0,0,0,0,-9999.0,0.5,1,P83_CV0,2,1,1,0,2,0,2,0,2
8,-168382.0203,-625245.7533,E8_F31_m84f84_P8_Y1_UO3668,I84_F68_m-1f-1_P84_Y-1_U229,I84_F8_m-1f-1_P84_Y-1_U152,MXY,6,0.0,1,0,0.0,0,0,0,-9999.0,0.5,1,P83_CV0,2,2,0,0,2,0,2,0,2
8,-168382.0203,-625245.7533,E8_F63_m84f84_P68_Y1_UO3735,I84_F68_m-1f-1_P84_Y-1_U155,I84_F8_m-1f-1_P84_Y-1_U224,MXY,6,0.0,1,0,0.0,0,0,0,-9999.0,0.5,1,P83_CV0,2,2,0,2,0,0,2,0,2
8,-168382.0203,-625245.7533,E8_F84_m84f84_P8_Y1_UO3667,I84_F8_m-1f-1_P84_Y-1_U60,I84_F8_m-1f-1_P84_Y-1_U129,MXY,6,0.0,1,0,0.0,0,0,0,-9999.0,0.75,1,P83_CV0,2,2,0,0,2,0,2,0,2
8,-168382.0203,-625245.7533,E8_F84_m84f84_P68_Y1_UO3683,ID84_F68_m-1f-1_P31_Y-1_U54,I84_F68_m-1f-1_P84_Y-1_U46,FXX,6,0.0,1,0,1.0,0,0,0,-9999.0,0.75,1,P83_CV0,2,1,1,1,1,0,2,0,2
8,-168382.0203,-625245.7533,E8_F84_m84f84_P8_Y1_UO3699,I84_F8_m-1f-1_P84_Y-1_U77,I84_F36_m-1f-1_P84_Y-1_U223,FXX,6,0.0,1,0,1.0,0,0,0,-9999.0,0.5,1,P83_CV0,2,0,2,1,1,0,2,0,2
8,-168382.0203,-625245.7533,E8_F63_m84f84_P69_Y0_UO4202,R84_F84_m-1f-1_P84_Y-1_U208,R84_F84_m-1f-1_P84_Y-1_U92,MXY,7,0.0,1,0,0.0,0,0,0,-9999.0,0.75,1,P83_CV0,2,2,0,2,0,0,2,0,2
8,-168382.0203,-625245.7533,E8_F65_m84f84_P8_Y0_UO4184,R84_F84_m-1f-1_P84_Y-1_U180,R84_F84_m-1f-1_P84_Y-1_U24,MXY,7,0.0,1,0,0.0,0,0,0,-9999.0,0.5,1,P83_CV0,2,1,1,1,1,0,2,0,2
8,-168382.0203,-625245.7533,E8_F84_m84f84_P68_Y0_UO4132,R84_F84_m-1f-1_P84_Y-1_U52,R84_F84_m-1f-1_P84_Y-1_U112,MXY,7,0.0,1,0,0.0,0,0,0,-9999.0,0.5,1,P83_CV0,2,1,1,2,0,0,2,0,2
8,-168382.0203,-625245.7533,E8_F84_m84f84_P8_Y0_UO4212,R84_F84_m-1f-1_P84_Y-1_U233,R84_F84_m-1f-1_P84_Y-1_U17,FXX,7,0.0,1,0,1.0,0,0,0,-9999.0,0.25,1,P83_CV0,2,1,1,2,0,0,2,0,2
8,-168382.0203,-625245.7533,E8_F31_m-1f-1_P84_Y-1_U91,-9999,-9999,FXX,8,0.0,1,0,1.0,0,0,0,-9999.0,0.5,1,P83_CV0,2,1,1,1,1,0,2,0,2
8,-168382.0203,-625245.7533,E8_F63_m-1f-1_P84_Y-1_U55,-9999,-9999,FXX,8,0.0,1,0,1.0,0,0,0,-9999.0,1.0,1,P83_CV0,2,2,0,2,0,0,2,0,2
8,-168382.0203,-625245.7533,E8_F63_m-1f-1_P84_Y-1_U139,-9999,-9999,MXY,8,0.0,1,0,0.0,0,0,0,-9999.0,0.5,1,P83_CV0,2,1,1,0,2,0,2,0,2
8,-168382.0203,-625245.7533,E8_F65_m-1f-1_P84_Y-1_U117,-9999,-9999,MXY,9,0.0,1,0,0.0,0,0,0,-9999.0,0.0,1,P83_CV0,2,0,2,1,1,0,2,0,2
8,-168382.0203,-625245.7533,E8_F84_m-1f-1_P84_Y-1_U48,-9999,-9999,MXY,10,0.0,1,0,0.0,0,0,0,-9999.0,0.0,1,P83_CV0,2,0,2,1,1,0,2,0,2
8,-168382.0203,-625245.7533,E8_F63_m-1f-1_P84_Y-1_U147,-9999,-9999,MXY,11,0.0,1,0,0.0,0,0,0,-9999.0,0.5,1,P83_CV0,2,1,1,1,1,0,2,0,2
8,-168382.0203,-625245.7533,E8_F25_m-1f-1_P84_Y-1_U238,-9999,-9999,MXY,12,0.0,1,0,0.0,0,0,0,-9999.0,0.0,1,P83_CV0,2,0,2,1,1,0,2,0,2
8,-168382.0203,-625245.7533,E8_F84_m-1f-1_P84_Y-1_U59,-9999,-9999,FXX,12,0.0,1,0,1.0,0,0,0,-9999.0,0.5,1,P83_CV0,2,1,1,2,0,0,2,0,2
8,-168382.0203,-625245.7533,E8_F25_m-1f-1_P84_Y-1_U188,-9999,-9999,FXX,13,0.0,1,0,1.0,0,0,0,-9999.0,0.0,1,P83_CV0,2,0,2,1,1,0,2,0,2
8,-168382.0203,-625245.7533,E8_F100_m-1f-1_P84_Y-1_U131,-9999,-9999,MXY,14,0.0,1,0,0.0,0,0,0,-9999.0,0.5,1,P83_CV0,2,1,1,1,1,0,2,0,2
8,-168382.0203,-625245.7533,Age0_F8_m25f25_P8_Y7_UO1276,I25_F36_m85f85_P36_Y4_UO3970,ID25_F69_m85f85_P2_Y4_UO3932,FXX,0,0.0,0,0,0.0,0,0,0,0.0,0.40625,1,P84_CV0,2,1,1,0,2,0,2,0,2
8,-168382.0203,-625245.7533,Age0_F8_m31f31_P8_Y7_UO1503,I31_F8_m31f31_P8_Y3_UO1527,I31_F69_m85f85_P36_Y1_UO3736,MXY,0,0.0,0,0,0.0,0,0,0,0.0,0.9375,1,P84_CV0,2,2,0,2,0,0,2,0,2
8,-168382.0203,-625245.7533,Age0_F8_m31f31_P8_Y7_UO1505,ID31_F8_m85f85_P68_Y3_UO3961,I31_F8_m25f25_P8_Y5_UO1295,MXY,0,0.0,0,0,0.0,0,0,0,0.0,0.25,1,P84_CV0,2,0,2,1,1,0,2,0,2
8,-168382.0203,-625245.7533,Age0_F8_m31f31_P8_Y7_UO1512,ID31_F8_m85f85_P68_Y2_UO3942,I31_F8_m63f63_P8_Y5_UO3008,MXY,0,0.0,0,0,0.0,0,0,0,0.0,0.5,1,P84_CV0,2,1,1,0,2,0,2,0,2
8,-168382.0203,-625245.7533,Age0_F8_m31f31_P8_Y7_UO1517,ID31_F69_m65f65_P8_Y2_UO3141,ID31_F8_m84f84_P8_Y5_UO3836,FXX,0,0.0,0,0,0.0,0,0,0,0.0,0.625,1,P84_CV0,2,1,1,2,0,0,2,0,2
8,-168382.0203,-625245.7533,Age0_F8_m63f63_P8_Y7_UO2996,ID63_F21_m63f63_P8_Y5_UO3035,I63_F8_m65f65_P8_Y2_UO3103,FXX,0,0.0,0,0,0.0,0,0,0,0.0,0.625,1,P84_CV0,2,2,0,1,1,0,2,0,2
8,-168382.0203,-625245.7533,Age0_F8_m63f63_P8_Y7_UO2999,I63_F68_m65f65_P69_Y5_UO3175,I63_F8_m85f85_P8_Y3_UO3911,FXX,0,0.0,0,0,0.0,0,0,0,0.0,0.5,1,P84_CV0,2,1,1,1,1,0,2,0,2
8,-168382.0203,-625245.7533,Age0_F8_m63f63_P8_Y7_UO3011,I63_F69_m63f63_P68_Y5_UO3005,I63_F98_m65f65_P36_Y5_UO3143,MXY,0,0.0,0,0,0.0,0,0,0,0.0,0.625,1,P84_CV0,2,1,1,0,2,0,2,0,2
8,-168382.0203,-625245.7533,Age0_F8_m63f63_P8_Y7_UO3032,I63_F8_m31f31_P68_Y4_UO1495,I63_F8_m85f85_P68_Y4_UO3940,MXY,0,0.0,0,0,0.0,0,0,0,0.0,0.46875,1,P84_CV0,2,1,1,1,1,0,2,0,2
8,-168382.0203,-625245.7533,Age0_F8_m63f63_P8_Y7_UO3040,I63_F68_m45f45_P8_Y4_UO2182,I63_F98_m65f65_P36_Y5_UO3143,MXY,0,0.0,0,0,0.0,0,0,0,0.0,0.625,1,P84_CV0,2,1,1,0,2,0,2,0,2
8,-168382.0203,-625245.7533,Age0_F8_m63f63_P8_Y7_UO3110,ID63_F8_m-1f-1_P85_Y-1_U221,I63_F8_m-1f-1_P85_Y-1_U190,FXX,0,0.0,0,0,0.0,0,0,0,0.0,1.0,1,P84_CV0,2,2,0,2,0,0,2,0,2
8,-168382.0203,-625245.7533,Age0_F8_m65f65_P8_Y7_UO3138,I65_F21_m25f25_P69_Y4_UO1314,I65_F28_m84f84_P36_Y3_UO3880,MXY,0,0.0,0,0,0.0,0,0,0,0.0,0.5,1,P84_CV0,2,2,0,0,2,0,2,0,2
8,-168382.0203,-625245.7533,Age0_F8_m65f65_P8_Y7_UO3139,ID65_F8_m63f63_P8_Y4_UO3004,I65_F98_m25f25_P68_Y0_UO1409,MXY,0,0.0,0,0,0.0,0,0,0,0.0,0.6875,1,P84_CV0,2,1,1,0,2,0,2,0,2
8,-168382.0203,-625245.7533,Age0_F8_m65f65_P8_Y7_UO3168,I65_F8_m100f100_P68_Y2_UO4609,I65_F98_m65f65_P98_Y2_UO3102,MXY,0,0.0,0,0,0.0,0,0,0,0.0,0.625,1,P84_CV0,2,2,0,0,2,0,2,0,2
8,-168382.0203,-625245.7533,Age0_F8_m65f65_P8_Y7_UO3184,ID65_F68_m85f85_P69_Y1_UO3784,I65_F98_m65f65_P98_Y2_UO3102,MXY,0,0.0,0,0,0.0,0,0,0,0.0,0.75,1,P84_CV0,2,1,1,2,0,0,2,0,2
8,-168382.0203,-625245.7533,Age0_F8_m65f65_P8_Y7_UO3187,I65_F21_m85f85_P2_Y1_UO3806,ID65_F27_m23f23_P86_Y4_UO1232,MXY,0,0.0,0,0,0.0,0,0,0,0.0,0.3125,1,P84_CV0,2,2,0,1,1,0,2,0,2
8,-168382.0203,-625245.7533,Age0_F8_m84f84_P8_Y7_UO3904,I84_F68_m25f25_P68_Y3_UO1257,ID84_F68_m94f94_P98_Y4_UO4414,MXY,0,0.0,0,0,0.0,0,0,0,0.0,0.5,1,P84_CV0,2,1,1,1,1,0,2,0,2
8,-168382.0203,-625245.7533,Age0_F8_m84f84_P8_Y7_UO3915,I84_F8_m84f84_P68_Y2_UO3896,I84_F8_m85f85_P36_Y4_UO3973,FXX,0,0.0,0,0,0.0,0,0,0,0.0,0.5,1,P84_CV0,2,2,0,2,0,0,2,0,2
8,-168382.0203,-625245.7533,Age0_F8_m84f84_P8_Y7_UO3934,ID84_F8_m63f63_P68_Y0_UO3306,ID84_F8_m65f65_P8_Y1_UO3033,FXX,0,0.0,0,0,0.0,0,0,0,0.0,0.375,1,P84_CV0,2,0,2,0,2,0,2,0,2
8,-168382.0203,-625245.7533,Age0_F8_m85f85_P8_Y7_UO3982,I85_F69_m85f85_P21_Y5_UO4008,I85_F69_m85f85_P98_Y5_UO3988,FXX,0,0.0,0,0,0.0,0,0,0,0.0,0.46875,1,P84_CV0,2,1,1,0,2,0,2,0,2
8,-168382.0203,-625245.7533,Age0_F8_m85f85_P8_Y7_UO3992,I85_F36_m85f85_P36_Y5_UO3953,ID85_F2_m85f85_P69_Y2_UO3926,FXX,0,0.0,0,0,0.0,0,0,0,0.0,0.125,1,P84_CV0,2,0,2,0,2,0,2,0,2
8,-168382.0203,-625245.7533,E8_F25_m63f63_P8_Y6_UO3040,I63_F8_m25f25_P8_Y3_UO1331,I63_F8_m85f85_P69_Y3_UO3951,MXY,1,0.0,1,1,0.0,0,0,0,-9999.0,0.625,1,P84_CV0,2,1,1,1,1,0,2,0,2
8,-168382.0203,-625245.7533,E8_F25_m84f84_P8_Y6_UO3924,I84_F36_m65f65_P98_Y2_UO3120,I84_F68_m84f84_P68_Y3_UO3859,MXY,1,0.0,1,1,0.0,0,0,0,-9999.0,0.625,1,P84_CV0,2,2,0,1,1,0,2,0,2
8,-168382.0203,-625245.7533,E8_F25_m85f85_P8_Y6_UO3999,I85_F98_m65f65_P28_Y4_UO3147,I85_F36_m85f85_P36_Y4_UO3957,MXY,1,0.0,1,1,0.0,0,0,0,-9999.0,0.59375,1,P84_CV0,2,1,1,0,2,0,2,0,2
8,-168382.0203,-625245.7533,E8_F25_m31f31_P68_Y6_UO1482,I31_F68_m65f65_P68_Y4_UO3080,I31_F8_m63f63_P68_Y4_UO3010,FXX,1,0.0,1,1,1.0,0,0,0,-9999.0,0.625,1,P84_CV0,2,1,1,1,1,0,2,0,2
8,-168382.0203,-625245.7533,E8_F25_m31f31_P68_Y6_UO1515,ID31_F8_m63f63_P8_Y2_UO3040,I31_F8_m63f63_P68_Y4_UO3010,MXY,1,0.0,1,1,0.0,0,0,0,-9999.0,0.5625,1,P84_CV0,2,1,1,2,0,0,2,0,2
8,-168382.0203,-625245.7533,E8_F25_m45f45_P68_Y6_UO2255,ID45_F98_m-1f-1_P85_Y-1_U212,I45_F68_m45f45_P6_Y0_UO2314,FXX,1,0.0,1,1,1.0,0,0,0,-9999.0,0.75,1,P84_CV0,2,1,1,0,2,0,2,0,2
8,-168382.0203,-625245.7533,E8_F25_m84f84_P68_Y6_UO3900,I84_F36_m25f25_P68_Y3_UO1257,I84_F68_m84f84_P68_Y3_UO3859,MXY,1,0.0,1,1,0.0,0,0,0,-9999.0,0.5,1,P84_CV0,2,1,1,0,2,0,2,0,2
8,-168382.0203,-625245.7533,E8_F31_m25f25_P68_Y6_UO1301,I25_F8_m84f84_P68_Y2_UO3889,I25_F68_m85f85_P2_Y3_UO3927,MXY,1,0.0,1,1,0.0,0,0,0,-9999.0,0.5625,1,P84_CV0,2,2,0,2,0,0,2,0,2
8,-168382.0203,-625245.7533,E8_F63_m63f63_P8_Y6_UO3080,ID63_F8_m-1f-1_P85_Y-1_U51,I63_F8_m65f65_P8_Y2_UO3103,FXX,1,0.0,1,1,1.0,0,0,0,-9999.0,0.3125,1,P84_CV0,2,1,1,2,0,0,2,0,2
8,-168382.0203,-625245.7533,E8_F63_m65f65_P8_Y6_UO3219,I65_F98_m-1f-1_P85_Y-1_U221,ID65_F68_m85f85_P69_Y4_UO3976,FXX,1,0.0,1,1,1.0,0,0,0,-9999.0,0.8125,1,P84_CV0,2,2,0,1,1,0,2,0,2
8,-168382.0203,-625245.7533,E8_F63_m85f85_P36_Y6_UO4068,I85_F98_m-1f-1_P85_Y-1_U159,I85_F8_m85f85_P36_Y2_UO3924,MXY,1,0.0,1,1,0.0,0,0,0,-9999.0,0.9375,1,P84_CV0,2,2,0,2,0,0,2,0,2
8,-168382.0203,-625245.7533,E8_F63_m85f85_P69_Y6_UO3998,I85_F2_m65f65_P69_Y4_UO3123,I85_F2_m-1f-1_P85_Y-1_U33,FXX,1,0.0,1,1,1.0,0,0,0,-9999.0,0.1875,1,P84_CV0,2,0,2,0,2,0,2,0,2
8,-168382.0203,-625245.7533,E8_F63_m31f31_P98_Y6_UO1483,ID31_F68_m65f65_P68_Y4_UO3093,I31_F8_m100f100_P48_Y1_UO4352,FXX,1,0.0,1,1,1.0,0,0,0,-9999.0,0.75,1,P84_CV0,2,2,0,1,1,0,2,0,2
8,-168382.0203,-625245.7533,E8_F63_m84f84_P98_Y6_UO3964,ID84_F36_m-1f-1_P45_Y-1_U156,ID84_F69_m85f85_P36_Y4_UO3973,FXX,1,0.0,1,1,1.0,0,0,0,-9999.0,0.375,1,P84_CV0,2,1,1,0,2,0,2,0,2
8,-168382.0203,-625245.7533,E8_F65_m85f85_P36_Y6_UO3981,I85_F98_m63f63_P98_Y4_UO3029,I85_F69_m85f85_P69_Y0_UO4258,FXX,1,0.0,1,1,1.0,0,0,0,-9999.0,0.78125,1,P84_CV0,2,2,0,1,1,0,2,0,2
8,-168382.0203,-625245.7533,E8_F84_m84f84_P8_Y6_UO3890,I84_F8_m84f84_P68_Y4_UO3893,I84_F8_m-1f-1_P85_Y-1_U44,FXX,1,0.0,1,1,1.0,0,0,0,-9999.0,0.625,1,P84_CV0,2,1,1,2,0,0,2,0,2
8,-168382.0203,-625245.7533,E8_F84_m84f84_P8_Y6_UO3954,I84_F68_m85f85_P8_Y0_UO4230,I84_F8_m31f31_P68_Y4_UO1461,FXX,1,0.0,1,1,1.0,0,0,0,-9999.0,0.6875,1,P84_CV0,2,2,0,1,1,0,2,0,2
8,-168382.0203,-625245.7533,E8_F84_m31f31_P68_Y6_UO1524,I31_F68_m85f85_P21_Y1_UO3745,I31_F8_m31f31_P68_Y3_UO1511,MXY,1,0.0,1,1,0.0,0,0,0,-9999.0,0.375,1,P84_CV0,2,0,2,2,0,0,2,0,2
8,-168382.0203,-625245.7533,E8_F85_m65f65_P36_Y6_UO3190,I65_F36_m85f85_P69_Y1_UO3774,I65_F8_m65f65_P28_Y4_UO3105,FXX,1,0.0,1,1,1.0,0,0,0,-9999.0,0.4375,1,P84_CV0,2,0,2,0,2,0,2,0,2
8,-168382.0203,-625245.7533,E8_F25_m31f31_P8_Y5_UO1529,ID31_F8_m-1f-1_P31_Y-1_U85,I31_F8_m85f85_P98_Y3_UO3931,MXY,2,0.0,1,0,0.0,0,0,0,-9999.0,0.8125,1,P84_CV0,2,1,1,0,2,0,2,0,2
8,-168382.0203,-625245.7533,E8_F31_m84f84_P68_Y5_UO3898,I84_F8_m85f85_P8_Y0_UO4230,ID84_F48_m15f15_P14_Y1_UO779,MXY,2,0.0,1,0,0.0,0,0,0,-9999.0,0.5,1,P84_CV0,2,1,1,2,0,0,2,0,2
8,-168382.0203,-625245.7533,E8_F63_m65f65_P98_Y5_UO3182,ID65_F8_m-1f-1_P25_Y-1_U131,I65_F8_m-1f-1_P85_Y-1_U196,FXX,2,0.0,1,0,1.0,0,0,0,-9999.0,0.25,1,P84_CV0,2,0,2,0,2,0,2,0,2
8,-168382.0203,-625245.7533,E8_F63_m65f65_P69_Y5_UO3167,ID65_F8_m92f92_P57_Y0_UO4642,ID65_F36_m85f85_P98_Y0_UO4283,FXX,2,0.0,1,0,1.0,0,0,0,-9999.0,0.375,1,P84_CV0,2,1,1,1,1,0,2,0,2
8,-168382.0203,-625245.7533,E8_F63_m25f25_P8_Y5_UO1332,I25_F69_m-1f-1_P11_Y-1_U62,I25_F8_m85f85_P2_Y3_UO3927,MXY,2,0.0,1,0,0.0,0,0,0,-9999.0,0.3125,1,P84_CV0,2,0,2,2,0,0,2,0,2
8,-168382.0203,-625245.7533,E8_F63_m65f65_P69_Y5_UO3112,I65_F8_m65f65_P28_Y3_UO3147,I65_F98_m-1f-1_P85_Y-1_U102,MXY,2,0.0,1,0,0.0,0,0,0,-9999.0,0.6875,1,P84_CV0,2,2,0,1,1,0,2,0,2
8,-168382.0203,-625245.7533,E8_F65_m31f31_P68_Y5_UO1510,I31_F68_m65f65_P68_Y0_UO3361,I31_F68_m85f85_P36_Y1_UO3736,MXY,2,0.0,1,0,0.0,0,0,0,-9999.0,0.625,1,P84_CV0,2,2,0,1,1,0,2,0,2
8,-168382.0203,-625245.7533,E8_F85_m85f85_P36_Y5_UO3953,I85_F69_m25f25_P2_Y3_UO1330,I85_F48_m85f85_P69_Y3_UO3954,FXX,2,0.0,1,0,1.0,0,0,0,-9999.0,0.25,1,P84_CV0,2,1,1,0,2,0,2,0,2
8,-168382.0203,-625245.7533,E8_F25_m85f85_P2_Y4_UO3962,ID85_F98_m85f85_P2_Y0_UO4296,ID85_F2_m-1f-1_P85_Y-1_U70,FXX,3,0.0,1,0,1.0,0,0,0,-9999.0,0.625,1,P84_CV0,2,0,2,1,1,0,2,0,2
8,-168382.0203,-625245.7533,E8_F25_m85f85_P2_Y4_UO3932,I85_F69_m65f65_P36_Y2_UO3187,I85_F69_m-1f-1_P85_Y-1_U211,MXY,3,0.0,1,0,0.0,0,0,0,-9999.0,0.3125,1,P84_CV0,2,1,1,1,1,0,2,0,2
8,-168382.0203,-625245.7533,E8_F31_m65f65_P68_Y4_UO3135,I65_F98_m-1f-1_P85_Y-1_U90,I65_F36_m65f65_P69_Y1_UO2972,FXX,3,0.0,1,0,1.0,0,0,0,-9999.0,0.625,1,P84_CV0,2,0,2,1,1,0,2,0,2
8,-168382.0203,-625245.7533,E8_F63_m25f25_P68_Y4_UO1300,I25_F8_m-1f-1_P85_Y-1_U231,I25_F8_m63f63_P68_Y2_UO3014,MXY,3,0.0,1,0,0.0,0,0,0,-9999.0,0.5625,1,P84_CV0,2,1,1,1,1,0,2,0,2
8,-168382.0203,-625245.7533,E8_F65_m25f25_P69_Y4_UO1314,I25_F8_m-1f-1_P25_Y-1_U132,I25_F98_m85f85_P69_Y1_UO3763,FXX,3,0.0,1,0,1.0,0,0,0,-9999.0,0.75,1,P84_CV0,2,1,1,1,1,0,2,0,2
8,-168382.0203,-625245.7533,E8_F65_m63f63_P8_Y4_UO3004,ID63_F68_m25f25_P68_Y0_UO1336,ID63_F8_m85f85_P69_Y0_UO4249,FXX,3,0.0,1,0,1.0,0,0,0,-9999.0,0.875,1,P84_CV0,2,2,0,1,1,0,2,0,2
8,-168382.0203,-625245.7533,E8_F31_m65f65_P68_Y3_UO3090,I65_F98_m94f94_P98_Y1_UO4176,I65_F98_m25f25_P8_Y1_UO1245,MXY,4,0.0,1,0,0.0,0,0,0,-9999.0,0.5,1,P84_CV0,2,1,1,2,0,0,2,0,2
8,-168382.0203,-625245.7533,E8_F31_m85f85_P68_Y3_UO3961,I85_F36_m-1f-1_P85_Y-1_U61,I85_F36_m85f85_P2_Y1_UO3777,FXX,4,0.0,1,0,1.0,0,0,0,-9999.0,0.25,1,P84_CV0,2,1,1,1,1,0,2,0,2
8,-168382.0203,-625245.7533,E8_F63_m85f85_P8_Y3_UO3911,I85_F21_m85f85_P36_Y1_UO3796,I85_F28_m-1f-1_P85_Y-1_U247,MXY,4,0.0,1,0,0.0,0,0,0,-9999.0,0.75,1,P84_CV0,2,2,0,2,0,0,2,0,2
8,-168382.0203,-625245.7533,E8_F65_m85f85_P36_Y3_UO3912,I85_F69_m85f85_P2_Y1_UO3806,I85_F8_m-1f-1_P85_Y-1_U56,FXX,4,0.0,1,0,1.0,0,0,0,-9999.0,0.375,1,P84_CV0,2,1,1,1,1,0,2,0,2
8,-168382.0203,-625245.7533,E8_F84_m25f25_P68_Y3_UO1257,ID25_F8_m84f84_P68_Y1_UO3661,I25_F69_m85f85_P36_Y0_UO4272,FXX,4,0.0,1,0,1.0,0,0,0,-9999.0,0.5,1,P84_CV0,2,1,1,1,1,0,2,0,2
8,-168382.0203,-625245.7533,E8_F25_m85f85_P68_Y2_UO3956,I85_F98_m-1f-1_P25_Y-1_U186,I85_F69_m-1f-1_P85_Y-1_U158,MXY,5,0.0,1,0,0.0,0,0,0,-9999.0,0.25,1,P84_CV0,2,1,1,2,0,0,2,0,2
8,-168382.0203,-625245.7533,E8_F25_m84f84_P68_Y2_UO3852,ID84_F98_m-1f-1_P85_Y-1_U16,I84_F8_m-1f-1_P84_Y-1_U33,MXY,5,0.0,1,0,0.0,0,0,0,-9999.0,0.0,1,P84_CV0,2,0,2,0,2,0,2,0,2
8,-168382.0203,-625245.7533,E8_F31_m85f85_P68_Y2_UO3942,I85_F2_m63f63_P69_Y0_UO3298,I85_F36_m-1f-1_P85_Y-1_U196,FXX,5,0.0,1,0,1.0,0,0,0,-9999.0,0.5,1,P84_CV0,2,1,1,1,1,0,2,0,2
8,-168382.0203,-625245.7533,E8_F63_m65f65_P8_Y2_UO3103,I65_F8_m65f65_P68_Y0_UO3387,I65_F36_m85f85_P69_Y0_UO4249,MXY,5,0.0,1,0,0.0,0,0,0,-9999.0,0.625,1,P84_CV0,2,2,0,1,1,0,2,0,2
8,-168382.0203,-625245.7533,E8_F65_m65f65_P98_Y2_UO3102,I65_F36_m85f85_P98_Y0_UO4247,I65_F69_m85f85_P98_Y0_UO4252,MXY,5,0.0,1,0,0.0,0,0,0,-9999.0,0.5,1,P84_CV0,2,1,1,1,1,0,2,0,2
8,-168382.0203,-625245.7533,E8_F84_m25f25_P8_Y2_UO1323,I25_F68_m-1f-1_P31_Y-1_U189,I25_F68_m-1f-1_P85_Y-1_U44,FXX,5,0.0,1,0,1.0,0,0,0,-9999.0,1.0,1,P84_CV0,2,2,0,0,2,0,2,0,2
8,-168382.0203,-625245.7533,E8_F25_m85f85_P69_Y1_UO3763,I85_F2_m-1f-1_P85_Y-1_U183,I85_F36_m-1f-1_P85_Y-1_U109,MXY,6,0.0,1,0,0.0,0,0,0,-9999.0,0.5,1,P84_CV0,2,1,1,1,1,0,2,0,2
8,-168382.0203,-625245.7533,E8_F65_m85f85_P69_Y1_UO3784,I85_F69_m-1f-1_P85_Y-1_U243,I85_F98_m-1f-1_P85_Y-1_U201,FXX,6,0.0,1,0,1.0,0,0,0,-9999.0,1.0,1,P84_CV0,2,2,0,1,1,0,2,0,2
8,-168382.0203,-625245.7533,E8_F65_m85f85_P2_Y1_UO3806,I85_F21_m-1f-1_P85_Y-1_U115,ID85_F69_m-1f-1_P85_Y-1_U213,FXX,6,0.0,1,0,1.0,0,0,0,-9999.0,0.25,1,P84_CV0,2,1,1,0,2,0,2,0,2
8,-168382.0203,-625245.7533,E8_F45_m85f85_P8_Y0_UO4264,R85_F85_m-1f-1_P85_Y-1_U125,R85_F85_m-1f-1_P85_Y-1_U11,MXY,7,0.0,1,0,0.0,0,0,0,-9999.0,0.75,1,P84_CV0,2,1,1,0,2,0,2,0,2
8,-168382.0203,-625245.7533,E8_F25_m-1f-1_P85_Y-1_U51,-9999,-9999,FXX,8,0.0,1,0,1.0,0,0,0,-9999.0,0.0,1,P84_CV0,2,0,2,1,1,0,2,0,2
8,-168382.0203,-625245.7533,E8_F31_m-1f-1_P85_Y-1_U231,-9999,-9999,FXX,8,0.0,1,0,1.0,0,0,0,-9999.0,1.0,1,P84_CV0,2,2,0,2,0,0,2,0,2
8,-168382.0203,-625245.7533,E8_F84_m-1f-1_P85_Y-1_U196,-9999,-9999,MXY,9,0.0,1,0,0.0,0,0,0,-9999.0,0.0,1,P84_CV0,2,0,2,1,1,0,2,0,2
8,-168382.0203,-625245.7533,E8_F85_m-1f-1_P85_Y-1_U246,-9999,-9999,MXY,10,0.0,1,0,0.0,0,0,0,-9999.0,0.5,1,P84_CV0,2,1,1,0,2,0,2,0,2
8,-168382.0203,-625245.7533,E8_F45_m-1f-1_P85_Y-1_U212,-9999,-9999,FXX,11,0.0,1,0,1.0,0,0,0,-9999.0,1.0,1,P84_CV0,2,2,0,0,2,0,2,0,2
8,-168382.0203,-625245.7533,E8_F63_m-1f-1_P85_Y-1_U190,-9999,-9999,MXY,11,0.0,1,0,0.0,0,0,0,-9999.0,1.0,1,P84_CV0,2,2,0,2,0,0,2,0,2
8,-168382.0203,-625245.7533,E8_F65_m-1f-1_P85_Y-1_U103,-9999,-9999,MXY,11,0.0,1,0,0.0,0,0,0,-9999.0,0.5,1,P84_CV0,2,1,1,1,1,0,2,0,2
8,-168382.0203,-625245.7533,E8_F25_m-1f-1_P85_Y-1_U243,-9999,-9999,FXX,12,0.0,1,0,1.0,0,0,0,-9999.0,1.0,1,P84_CV0,2,2,0,1,1,0,2,0,2
8,-168382.0203,-625245.7533,E8_F84_m-1f-1_P85_Y-1_U117,-9999,-9999,MXY,13,0.0,1,0,0.0,0,0,0,-9999.0,0.5,1,P84_CV0,2,1,1,0,2,0,2,0,2
8,-168382.0203,-625245.7533,E8_F85_m-1f-1_P85_Y-1_U197,-9999,-9999,MXY,14,0.0,1,0,0.0,0,0,0,-9999.0,0.5,1,P84_CV0,2,1,1,1,1,0,2,0,2
8,-168382.0203,-625245.7533,E8_F31_m-1f-1_P85_Y-1_U113,-9999,-9999,FXX,15,0.0,1,0,1.0,0,0,0,-9999.0,1.0,1,P84_CV0,2,2,0,1,1,0,2,0,2
8,-168382.0203,-625245.7533,E8_F63_m-1f-1_P85_Y-1_U221,-9999,-9999,FXX,16,0.0,1,0,1.0,0,0,0,-9999.0,1.0,1,P84_CV0,2,2,0,1,1,0,2,0,2
8,-168382.0203,-625245.7533,Age0_F8_m25f25_P8_Y7_UO1233,I25_F69_m31f31_P8_Y5_UO1515,I25_F8_m100f100_P48_Y5_UO4563,FXX,0,0.0,0,0,0.0,0,0,0,0.0,0.28125,1,P87_CV0,2,0,2,0,2,0,2,0,2
8,-168382.0203,-625245.7533,E8_F25_m31f31_P8_Y5_UO1515,ID31_F8_m-1f-1_P84_Y-1_U75,ID31_F8_m30f30_P52_Y3_UO1375,FXX,2,0.0,1,0,1.0,0,0,0,-9999.0,0.1875,1,P87_CV0,2,1,1,1,1,0,2,0,2
8,-168382.0203,-625245.7533,E8_F84_m31f31_P68_Y5_UO1499,ID31_F68_m100f100_P48_Y1_UO4397,ID31_F8_m30f30_P52_Y3_UO1375,MXY,2,0.0,1,0,0.0,0,0,0,-9999.0,0.4375,1,P87_CV0,2,1,1,0,2,0,2,0,2
8,-168382.0203,-625245.7533,E8_F31_m30f30_P52_Y3_UO1375,ID30_F74_m88f88_P29_Y0_UO4483,ID30_F19_m-1f-1_P12_Y-1_U182,MXY,4,0.0,1,0,0.0,0,0,0,-9999.0,0.375,1,P87_CV0,2,1,1,1,1,0,2,0,2
8,-168382.0203,-625245.7533,Age0_F8_m31f31_P8_Y7_UO1476,I31_F8_m63f63_P8_Y5_UO3018,ID31_F8_m90f90_P86_Y1_UO4034,MXY,0,0.0,0,0,0.0,0,0,0,0.0,0.59375,1,P89_CV0,2,0,2,1,1,0,2,0,2
8,-168382.0203,-625245.7533,Age0_F8_m31f31_P8_Y7_UO1506,I31_F8_m40f40_P98_Y3_UO1906,ID31_F8_m90f90_P86_Y1_UO4034,MXY,0,0.0,0,0,0.0,0,0,0,0.0,0.3125,1,P89_CV0,2,0,2,0,2,0,2,0,2
8,-168382.0203,-625245.7533,Age0_F8_m31f31_P8_Y7_UO1513,I31_F68_m90f90_P6_Y2_UO4187,I31_F68_m31f31_P68_Y5_UO1505,MXY,0,0.0,0,0,0.0,0,0,0,0.0,0.5625,1,P89_CV0,2,0,2,1,1,0,2,0,2
8,-168382.0203,-625245.7533,E8_F25_m100f100_P8_Y6_UO4643,I100_F49_m43f43_P48_Y0_UO2119,ID100_F48_m63f63_P68_Y4_UO3050,MXY,1,0.0,1,1,0.0,0,0,0,-9999.0,0.375,1,P89_CV0,2,1,1,0,2,0,2,0,2
8,-168382.0203,-625245.7533,E8_F63_m84f84_P68_Y6_UO3884,I84_F8_m63f63_P8_Y4_UO3062,ID84_F68_m43f43_P49_Y3_UO2038,FXX,1,0.0,1,1,1.0,0,0,0,-9999.0,0.125,1,P89_CV0,2,0,2,0,2,0,2,0,2
8,-168382.0203,-625245.7533,E8_F25_m45f45_P8_Y5_UO2157,I45_F6_m90f90_P86_Y3_UO4142,I45_F6_m-1f-1_P90_Y-1_U153,FXX,2,0.0,1,0,1.0,0,0,0,-9999.0,0.625,1,P89_CV0,2,2,0,1,1,0,2,0,2
8,-168382.0203,-625245.7533,E8_F25_m31f31_P8_Y5_UO1526,ID31_F8_m-1f-1_P31_Y-1_U210,I31_F8_m90f90_P86_Y1_UO4034,MXY,2,0.0,1,0,0.0,0,0,0,-9999.0,0.5,1,P89_CV0,2,0,2,1,1,0,2,0,2
8,-168382.0203,-625245.7533,E8_F45_m90f90_P86_Y4_UO4201,I90_F6_m42f42_P27_Y1_UO1807,ID90_F27_m90f90_P35_Y1_UO4021,MXY,3,0.0,1,0,0.0,0,0,0,-9999.0,0.625,1,P89_CV0,2,2,0,1,1,0,2,0,2
8,-168382.0203,-625245.7533,E8_F31_m90f90_P6_Y2_UO4187,ID90_F57_m50f50_P57_Y0_UO2617,I90_F86_m-1f-1_P90_Y-1_U104,FXX,5,0.0,1,0,1.0,0,0,0,-9999.0,0.75,1,P89_CV0,2,1,1,2,0,0,2,0,2
8,-168382.0203,-625245.7533,E8_F31_m45f45_P68_Y2_UO2203,I45_F8_m-1f-1_P90_Y-1_U99,I45_F57_m42f42_P6_Y0_UO2088,MXY,5,0.0,1,0,0.0,0,0,0,-9999.0,0.375,1,P89_CV0,2,0,2,1,1,0,2,0,2
8,-168382.0203,-625245.7533,Age0_F8_m31f31_P8_Y7_UO1475,ID31_F48_m100f100_P49_Y5_UO4575,I31_F68_m92f92_P6_Y0_UO4660,MXY,0,0.0,0,0,0.0,0,0,0,0.0,0.5625,1,P91_CV0,2,1,1,2,0,0,2,0,2
8,-168382.0203,-625245.7533,Age0_F8_m40f40_P8_Y7_UO1902,I40_F27_m45f45_P57_Y5_UO2159,I40_F27_m92f92_P99_Y3_UO4330,FXX,0,0.0,0,0,0.0,0,0,0,0.0,0.65625,1,P91_CV0,2,1,1,2,0,0,2,0,2
8,-168382.0203,-625245.7533,Age0_F8_m45f45_P8_Y7_UO2209,I45_F57_m90f90_P86_Y4_UO4154,I45_F27_m92f92_P6_Y1_UO4136,FXX,0,0.0,0,0,0.0,0,0,0,0.0,0.625,1,P91_CV0,2,2,0,0,2,0,2,0,2
8,-168382.0203,-625245.7533,Age0_F8_m84f84_P8_Y7_UO3872,ID84_F8_m84f84_P8_Y5_UO3849,ID84_F68_m31f31_P8_Y5_UO1475,MXY,0,0.0,0,0,0.0,0,0,0,0.0,0.4375,1,P91_CV0,2,2,0,2,0,0,2,0,2
8,-168382.0203,-625245.7533,E8_F45_m92f92_P57_Y6_UO4422,ID92_F99_m92f92_P99_Y1_UO4130,I92_F99_m92f92_P6_Y4_UO4287,FXX,1,0.0,1,1,1.0,0,0,0,-9999.0,0.5625,1,P91_CV0,2,0,2,2,0,0,2,0,2
8,-168382.0203,-625245.7533,E8_F45_m92f92_P6_Y5_UO4303,I92_F27_m23f23_P76_Y3_UO1125,I92_F57_m92f92_P99_Y3_UO4358,FXX,2,0.0,1,0,1.0,0,0,0,-9999.0,0.625,1,P91_CV0,2,2,0,0,2,0,2,0,2
8,-168382.0203,-625245.7533,E8_F84_m84f84_P8_Y5_UO3861,ID84_F91_m31f31_P8_Y2_UO1476,I84_F68_m25f25_P8_Y3_UO1268,MXY,2,0.0,1,0,0.0,0,0,0,-9999.0,0.5,1,P91_CV0,2,1,1,0,2,0,2,0,2
8,-168382.0203,-625245.7533,E8_F84_m84f84_P8_Y5_UO3849,I84_F8_m31f31_P8_Y3_UO1488,ID84_F48_m15f15_P14_Y1_UO779,FXX,2,0.0,1,0,1.0,0,0,0,-9999.0,0.4375,1,P91_CV0,2,1,1,2,0,0,2,0,2
8,-168382.0203,-625245.7533,Age0_F8_m25f25_P8_Y7_UO1246,I25_F8_m65f65_P98_Y5_UO3091,I25_F8_m94f94_P98_Y1_UO4204,MXY,0,0.0,0,0,0.0,0,0,0,0.0,0.375,1,P93_CV0,2,0,2,1,1,0,2,0,2
8,-168382.0203,-625245.7533,Age0_F8_m63f63_P8_Y7_UO3036,I63_F8_m25f25_P8_Y4_UO1335,I63_F98_m31f31_P8_Y4_UO1518,FXX,0,0.0,0,0,0.0,0,0,0,0.0,0.5,1,P93_CV0,2,0,2,1,1,0,2,0,2
8,-168382.0203,-625245.7533,Age0_F8_m84f84_P8_Y7_UO3868,I84_F8_m31f31_P8_Y5_UO1527,I84_F69_m58f58_P98_Y4_UO2751,MXY,0,0.0,0,0,0.0,0,0,0,0.0,0.5,1,P93_CV0,2,0,2,2,0,0,2,0,2
8,-168382.0203,-625245.7533,Age0_F8_m84f84_P8_Y7_UO3908,ID84_F36_m94f94_P91_Y3_UO4386,I84_F8_m65f65_P98_Y5_UO3118,FXX,0,0.0,0,0,0.0,0,0,0,0.0,0.46875,1,P93_CV0,2,0,2,1,1,0,2,0,2
8,-168382.0203,-625245.7533,Age0_F8_m84f84_P8_Y7_UO3938,ID84_F68_m94f94_P91_Y0_UO4732,I84_F68_m65f65_P8_Y4_UO3115,MXY,0,0.0,0,0,0.0,0,0,0,0.0,0.8125,1,P93_CV0,2,2,0,1,1,0,2,0,2
8,-168382.0203,-625245.7533,E8_F25_m84f84_P68_Y6_UO3893,I84_F8_m31f31_P8_Y4_UO1537,ID84_F36_m65f65_P8_Y4_UO3115,FXX,1,0.0,1,1,1.0,0,0,0,-9999.0,0.84375,1,P93_CV0,2,2,0,1,1,0,2,0,2
8,-168382.0203,-625245.7533,E8_F63_m85f85_P36_Y6_UO4015,I85_F36_m84f84_P98_Y3_UO3800,ID85_F2_m94f94_P69_Y3_UO4410,MXY,1,0.0,1,1,0.0,0,0,0,-9999.0,0.5625,1,P93_CV0,2,1,1,0,2,0,2,0,2
8,-168382.0203,-625245.7533,E8_F63_m25f25_P68_Y6_UO1330,I25_F68_m94f94_P91_Y0_UO4732,I25_F8_m45f45_P8_Y2_UO2168,MXY,1,0.0,1,1,0.0,0,0,0,-9999.0,0.375,1,P93_CV0,2,1,1,2,0,0,2,0,2
8,-168382.0203,-625245.7533,E8_F65_m85f85_P98_Y6_UO4013,I85_F36_m25f25_P2_Y3_UO1330,I85_F8_m85f85_P36_Y2_UO3924,FXX,1,0.0,1,1,1.0,0,0,0,-9999.0,0.5,1,P93_CV0,2,1,1,1,1,0,2,0,2
8,-168382.0203,-625245.7533,E8_F65_m94f94_P98_Y6_UO4479,I94_F81_m50f50_P99_Y1_UO2262,I94_F81_m-1f-1_P94_Y-1_U43,FXX,1,0.0,1,1,1.0,0,0,0,-9999.0,0.375,1,P93_CV0,2,1,1,0,2,0,2,0,2
8,-168382.0203,-625245.7533,E8_F65_m94f94_P98_Y6_UO4491,ID94_F6_m58f58_P99_Y0_UO2963,I94_F81_m-1f-1_P94_Y-1_U107,FXX,1,0.0,1,1,1.0,0,0,0,-9999.0,0.375,1,P93_CV0,2,1,1,1,1,0,2,0,2
8,-168382.0203,-625245.7533,E8_F84_m84f84_P8_Y6_UO3873,I84_F68_m84f84_P8_Y4_UO3801,ID84_F69_m58f58_P98_Y4_UO2751,MXY,1,0.0,1,1,0.0,0,0,0,-9999.0,0.3125,1,P93_CV0,2,0,2,1,1,0,2,0,2
8,-168382.0203,-625245.7533,E8_F25_m85f85_P68_Y5_UO3968,I85_F36_m94f94_P98_Y2_UO4394,I85_F68_m85f85_P69_Y3_UO3952,FXX,2,0.0,1,0,1.0,0,0,0,-9999.0,0.375,1,P93_CV0,2,2,0,1,1,0,2,0,2
8,-168382.0203,-625245.7533,E8_F31_m65f65_P68_Y5_UO3099,I65_F68_m84f84_P8_Y3_UO3861,I65_F8_m94f94_P91_Y2_UO4402,MXY,2,0.0,1,0,0.0,0,0,0,-9999.0,0.625,1,P93_CV0,2,0,2,1,1,0,2,0,2
8,-168382.0203,-625245.7533,E8_F31_m25f25_P68_Y5_UO1304,I25_F68_m94f94_P91_Y0_UO4732,ID25_F68_m-1f-1_P84_Y-1_U224,MXY,2,0.0,1,0,0.0,0,0,0,-9999.0,0.625,1,P93_CV0,2,1,1,2,0,0,2,0,2
8,-168382.0203,-625245.7533,E8_F65_m85f85_P36_Y5_UO3959,I85_F36_m85f85_P36_Y3_UO3960,I85_F2_m84f84_P98_Y3_UO3808,FXX,2,0.0,1,0,1.0,0,0,0,-9999.0,0.25,1,P93_CV0,2,1,1,2,0,0,2,0,2
8,-168382.0203,-625245.7533,E8_F63_m25f25_P8_Y4_UO1335,ID25_F68_m-1f-1_P25_Y-1_U47,ID25_F69_m94f94_P91_Y2_UO4398,FXX,3,0.0,1,0,1.0,0,0,0,-9999.0,0.5,1,P93_CV0,2,1,1,1,1,0,2,0,2
8,-168382.0203,-625245.7533,E8_F84_m65f65_P8_Y4_UO3115,I65_F8_m84f84_P68_Y1_UO3652,I65_F98_m94f94_P98_Y1_UO4208,MXY,3,0.0,1,0,0.0,0,0,0,-9999.0,0.875,1,P93_CV0,2,2,0,0,2,0,2,0,2
8,-168382.0203,-625245.7533,E8_F84_m58f58_P98_Y4_UO2751,I58_F99_m-1f-1_P94_Y-1_U93,I58_F99_m-1f-1_P94_Y-1_U180,MXY,3,0.0,1,0,0.0,0,0,0,-9999.0,0.5,1,P93_CV0,2,1,1,2,0,0,2,0,2
8,-168382.0203,-625245.7533,E8_F84_m94f94_P91_Y3_UO4386,I94_F6_m-1f-1_P94_Y-1_U158,I94_F99_m-1f-1_P94_Y-1_U107,FXX,4,0.0,1,0,1.0,0,0,0,-9999.0,0.5,1,P93_CV0,2,0,2,1,1,0,2,0,2
8,-168382.0203,-625245.7533,E8_F40_m92f92_P57_Y1_UO4137,ID92_F81_m-1f-1_P94_Y-1_U244,I92_F57_m-1f-1_P92_Y-1_U248,MXY,6,0.0,1,0,0.0,0,0,0,-9999.0,0.5,1,P93_CV0,2,1,1,1,1,0,2,0,2
8,-168382.0203,-625245.7533,E8_F84_m94f94_P91_Y0_UO4732,R94_F94_m-1f-1_P94_Y-1_U98,R94_F94_m-1f-1_P94_Y-1_U106,FXX,7,0.0,1,0,1.0,0,0,0,-9999.0,0.75,1,P93_CV0,2,2,0,2,0,0,2,0,2
8,-168382.0203,-625245.7533,Age0_F8_m65f65_P8_Y7_UO3191,ID65_F68_m95f95_P28_Y0_UO4862,ID65_F8_m63f63_P36_Y4_UO3037,FXX,0,0.0,0,0,0.0,0,0,0,0.0,0.875,1,P94_CV0,2,2,0,0,2,0,2,0,2
8,-168382.0203,-625245.7533,E8_F63_m84f84_P68_Y6_UO3886,ID84_F36_m85f85_P28_Y4_UO3912,ID84_F2_m95f95_P91_Y4_UO4528,MXY,1,0.0,1,1,0.0,0,0,0,-9999.0,0.46875,1,P94_CV0,2,0,2,0,2,0,2,0,2
8,-168382.0203,-625245.7533,E8_F65_m65f65_P98_Y6_UO3160,ID65_F68_m25f25_P8_Y3_UO1322,I65_F36_m95f95_P91_Y4_UO4501,FXX,1,0.0,1,1,1.0,0,0,0,-9999.0,0.4375,1,P94_CV0,2,1,1,2,0,0,2,0,2
8,-168382.0203,-625245.7533,E8_F85_m95f95_P91_Y6_UO4534,ID95_F64_m17f17_P64_Y3_UO982,ID95_F64_m-1f-1_P95_Y-1_U175,MXY,1,0.0,1,1,0.0,0,0,0,-9999.0,0.4375,1,P94_CV0,2,0,2,1,1,0,2,0,2
8,-168382.0203,-625245.7533,E8_F65_m85f85_P69_Y5_UO3940,I85_F69_m85f85_P36_Y3_UO3930,I85_F8_m95f95_P91_Y3_UO4482,MXY,2,0.0,1,0,0.0,0,0,0,-9999.0,0.4375,1,P94_CV0,2,1,1,0,2,0,2,0,2
8,-168382.0203,-625245.7533,E8_F31_m95f95_P91_Y4_UO4528,I95_F64_m-1f-1_P95_Y-1_U49,I95_F64_m17f17_P64_Y2_UO957,MXY,3,0.0,1,0,0.0,0,0,0,-9999.0,0.3125,1,P94_CV0,2,1,1,0,2,0,2,0,2
8,-168382.0203,-625245.7533,E8_F84_m95f95_P91_Y4_UO4501,ID95_F64_m-1f-1_P95_Y-1_U214,I95_F81_m95f95_P91_Y0_UO4813,MXY,3,0.0,1,0,0.0,0,0,0,-9999.0,0.375,1,P94_CV0,2,0,2,2,0,0,2,0,2
8,-168382.0203,-625245.7533,E8_F63_m95f95_P28_Y1_UO4320,I95_F64_m-1f-1_P95_Y-1_U49,ID95_F64_m-1f-1_P95_Y-1_U4,FXX,6,0.0,1,0,1.0,0,0,0,-9999.0,0.25,1,P94_CV0,2,0,2,1,1,0,2,0,2
8,-168382.0203,-625245.7533,E8_F65_m95f95_P28_Y0_UO4862,R95_F95_m-1f-1_P95_Y-1_U151,R95_F95_m-1f-1_P95_Y-1_U157,FXX,7,0.0,1,0,1.0,0,0,0,-9999.0,0.75,1,P94_CV0,2,1,1,1,1,0,2,0,2
8,-168382.0203,-625245.7533,Age0_F8_m25f25_P8_Y7_UO1324,I25_F36_m63f63_P8_Y0_UO3313,I25_F8_m63f63_P68_Y4_UO3011,FXX,0,0.0,0,0,0.0,0,0,0,0.0,0.75,1,P99_CV0,2,2,0,2,0,0,2,0,2
8,-168382.0203,-625245.7533,Age0_F8_m31f31_P8_Y7_UO1538,ID31_F48_m-1f-1_P100_Y-1_U146,ID31_F8_m31f31_P68_Y5_UO1518,MXY,0,0.0,0,0,0.0,0,0,0,0.0,0.625,1,P99_CV0,2,1,1,0,2,0,2,0,2
8,-168382.0203,-625245.7533,Age0_F8_m31f31_P8_Y7_UO1547,ID31_F49_m-1f-1_P85_Y-1_U113,I31_F68_m25f25_P68_Y4_UO1334,MXY,0,0.0,0,0,0.0,0,0,0,0.0,0.5,1,P99_CV0,2,1,1,0,2,0,2,0,2
8,-168382.0203,-625245.7533,Age0_F8_m63f63_P8_Y7_UO3006,ID63_F68_m63f63_P36_Y5_UO3000,I63_F36_m31f31_P69_Y3_UO1506,FXX,0,0.0,0,0,0.0,0,0,0,0.0,0.40625,1,P99_CV0,2,2,0,2,0,0,2,0,2
8,-168382.0203,-625245.7533,Age0_F8_m63f63_P8_Y7_UO3034,I63_F68_m85f85_P68_Y4_UO4000,I63_F68_m84f84_P68_Y3_UO3893,MXY,0,0.0,0,0,0.0,0,0,0,0.0,0.625,1,P99_CV0,2,1,1,1,1,0,2,0,2
8,-168382.0203,-625245.7533,Age0_F8_m65f65_P8_Y7_UO3119,I65_F28_m65f65_P98_Y5_UO3095,I65_F98_m65f65_P69_Y5_UO3166,MXY,0,0.0,0,0,0.0,0,0,0,0.0,0.4375,1,P99_CV0,2,1,1,0,2,0,2,0,2
8,-168382.0203,-625245.7533,Age0_F8_m65f65_P8_Y7_UO3136,I65_F69_m31f31_P68_Y4_UO1451,I65_F36_m84f84_P68_Y1_UO3656,MXY,0,0.0,0,0,0.0,0,0,0,0.0,0.4375,1,P99_CV0,2,2,0,1,1,0,2,0,2
8,-168382.0203,-625245.7533,Age0_F8_m84f84_P8_Y7_UO3894,I84_F36_m31f31_P68_Y3_UO1535,ID84_F8_m-1f-1_P100_Y-1_U242,MXY,0,0.0,0,0,0.0,0,0,0,0.0,0.5625,1,P99_CV0,2,1,1,0,2,0,2,0,2
8,-168382.0203,-625245.7533,Age0_F8_m84f84_P8_Y7_UO3899,ID84_F98_m25f25_P68_Y3_UO1286,I84_F98_m65f65_P36_Y5_UO3180,MXY,0,0.0,0,0,0.0,0,0,0,0.0,0.40625,1,P99_CV0,2,1,1,1,1,0,2,0,2
8,-168382.0203,-625245.7533,Age0_F8_m84f84_P8_Y7_UO3950,I84_F8_m-1f-1_P100_Y-1_U37,I84_F68_m84f84_P8_Y1_UO3696,FXX,0,0.0,0,0,0.0,0,0,0,0.0,0.625,1,P99_CV0,2,2,0,2,0,0,2,0,2
8,-168382.0203,-625245.7533,Age0_F8_m100f100_P8_Y7_UO4598,I100_F48_m43f43_P49_Y1_UO1939,I100_F49_m-1f-1_P100_Y-1_U167,MXY,0,0.0,0,0,0.0,0,0,0,0.0,0.5,1,P99_CV0,2,2,0,1,1,0,2,0,2
8,-168382.0203,-625245.7533,Age0_F8_m100f100_P8_Y7_UO4614,I100_F48_m-1f-1_P100_Y-1_U28,ID100_F89_m100f100_P49_Y1_UO4410,MXY,0,0.0,0,0,0.0,0,0,0,0.0,0.75,1,P99_CV0,2,2,0,1,1,0,2,0,2
8,-168382.0203,-625245.7533,E8_F25_m100f100_P8_Y6_UO4658,I100_F49_m-1f-1_P100_Y-1_U199,I100_F49_m100f100_P48_Y4_UO4570,FXX,1,0.0,1,1,1.0,0,0,0,-9999.0,0.4375,1,P99_CV0,2,0,2,1,1,0,2,0,2
8,-168382.0203,-625245.7533,E8_F25_m85f85_P69_Y6_UO4028,I85_F36_m31f31_P36_Y2_UO1540,I85_F98_m85f85_P2_Y4_UO3932,MXY,1,0.0,1,1,0.0,0,0,0,-9999.0,0.40625,1,P99_CV0,2,0,2,1,1,0,2,0,2
8,-168382.0203,-625245.7533,E8_F31_m84f84_P8_Y6_UO3952,I84_F8_m31f31_P68_Y0_UO1570,I84_F68_m31f31_P68_Y2_UO1456,FXX,1,0.0,1,1,1.0,0,0,0,-9999.0,0.5,1,P99_CV0,2,2,0,0,2,0,2,0,2
8,-168382.0203,-625245.7533,E8_F63_m31f31_P8_Y6_UO1533,ID31_F69_m100f100_P8_Y0_UO4977,I31_F8_m-1f-1_P45_Y-1_U65,MXY,1,0.0,1,1,0.0,0,0,0,-9999.0,0.5,1,P99_CV0,2,0,2,2,0,0,2,0,2
8,-168382.0203,-625245.7533,E8_F63_m65f65_P68_Y6_UO3209,ID65_F68_m-1f-1_P84_Y-1_U11,I65_F36_m84f84_P68_Y1_UO3656,FXX,1,0.0,1,1,1.0,0,0,0,-9999.0,0.375,1,P99_CV0,2,1,1,0,2,0,2,0,2
8,-168382.0203,-625245.7533,E8_F65_m85f85_P98_Y6_UO4007,ID85_F69_m100f100_P8_Y4_UO4593,I85_F69_m95f95_P91_Y3_UO4482,FXX,1,0.0,1,1,1.0,0,0,0,-9999.0,0.5,1,P99_CV0,2,1,1,0,2,0,2,0,2
8,-168382.0203,-625245.7533,E8_F84_m63f63_P68_Y6_UO3108,ID63_F98_m-1f-1_P84_Y-1_U184,I63_F8_m100f100_P48_Y2_UO4593,MXY,1,0.0,1,1,0.0,0,0,0,-9999.0,0.625,1,P99_CV0,2,1,1,0,2,0,2,0,2
8,-168382.0203,-625245.7533,E8_F84_m85f85_P68_Y6_UO4038,I85_F28_m100f100_P49_Y2_UO4633,I85_F69_m25f25_P8_Y2_UO1233,FXX,1,0.0,1,1,1.0,0,0,0,-9999.0,0.5,1,P99_CV0,2,1,1,1,1,0,2,0,2
8,-168382.0203,-625245.7533,E8_F84_m100f100_P68_Y6_UO4671,I100_F49_m-1f-1_P100_Y-1_U131,I100_F49_m100f100_P48_Y1_UO4399,MXY,1,0.0,1,1,0.0,0,0,0,-9999.0,0.75,1,P99_CV0,2,1,1,2,0,0,2,0,2
8,-168382.0203,-625245.7533,E8_F100_m43f43_P48_Y6_UO2118,I43_F48_m100f100_P48_Y4_UO4567,I43_F49_m43f43_P48_Y1_UO1914,MXY,1,0.0,1,1,0.0,0,0,0,-9999.0,0.5,1,P99_CV0,2,2,0,1,1,0,2,0,2
8,-168382.0203,-625245.7533,E8_F25_m63f63_P68_Y5_UO3079,I63_F8_m-1f-1_P31_Y-1_U48,I63_F69_m-1f-1_P100_Y-1_U212,FXX,2,0.0,1,0,1.0,0,0,0,-9999.0,0.75,1,P99_CV0,2,2,0,1,1,0,2,0,2
8,-168382.0203,-625245.7533,E8_F31_m63f63_P8_Y5_UO3008,ID63_F8_m25f25_P69_Y2_UO1326,I63_F68_m100f100_P48_Y2_UO4619,MXY,2,0.0,1,0,0.0,0,0,0,-9999.0,0.5,1,P99_CV0,2,1,1,0,2,0,2,0,2
8,-168382.0203,-625245.7533,E8_F63_m63f63_P36_Y5_UO3000,I63_F8_m43f43_P49_Y3_UO2080,I63_F8_m25f25_P8_Y3_UO1280,FXX,2,0.0,1,0,1.0,0,0,0,-9999.0,0.4375,1,P99_CV0,2,2,0,1,1,0,2,0,2
8,-168382.0203,-625245.7533,E8_F63_m100f100_P68_Y5_UO4618,I100_F48_m-1f-1_P100_Y-1_U175,I100_F48_m43f43_P48_Y0_UO2186,FXX,2,0.0,1,0,1.0,0,0,0,-9999.0,0.375,1,P99_CV0,2,2,0,1,1,0,2,0,2
8,-168382.0203,-625245.7533,E8_F63_m43f43_P49_Y5_UO2065,I43_F49_m100f100_P48_Y3_UO4597,ID43_F48_m11f11_P49_Y3_UO601,MXY,2,0.0,1,0,0.0,0,0,0,-9999.0,0.5,1,P99_CV0,2,1,1,2,0,0,2,0,2
8,-168382.0203,-625245.7533,E8_F65_m65f65_P98_Y5_UO3095,I65_F28_m40f40_P8_Y3_UO1912,I65_F98_m84f84_P68_Y1_UO3656,FXX,2,0.0,1,0,1.0,0,0,0,-9999.0,0.25,1,P99_CV0,2,1,1,0,2,0,2,0,2
8,-168382.0203,-625245.7533,E8_F100_m100f100_P49_Y5_UO4588,I100_F48_m43f43_P49_Y1_UO1971,I100_F48_m-1f-1_P100_Y-1_U101,FXX,2,0.0,1,0,1.0,0,0,0,-9999.0,0.625,1,P99_CV0,2,0,2,1,1,0,2,0,2
8,-168382.0203,-625245.7533,E8_F100_m43f43_P49_Y5_UO2111,I43_F49_m60f60_P14_Y1_UO2710,ID43_F14_m100f100_P48_Y0_UO4986,MXY,2,0.0,1,0,0.0,0,0,0,-9999.0,0.375,1,P99_CV0,2,0,2,0,2,0,2,0,2
8,-168382.0203,-625245.7533,E8_F31_m25f25_P68_Y4_UO1334,ID25_F8_m-1f-1_P31_Y-1_U155,I25_F8_m-1f-1_P100_Y-1_U53,MXY,3,0.0,1,0,0.0,0,0,0,-9999.0,0.0,1,P99_CV0,2,0,2,1,1,0,2,0,2
8,-168382.0203,-625245.7533,E8_F65_m25f25_P68_Y4_UO1259,ID25_F69_m65f65_P98_Y2_UO3122,I25_F2_m-1f-1_P100_Y-1_U72,MXY,3,0.0,1,0,0.0,0,0,0,-9999.0,0.5,1,P99_CV0,2,0,2,2,0,0,2,0,2
8,-168382.0203,-625245.7533,E8_F100_m43f43_P49_Y4_UO2069,I43_F48_m100f100_P49_Y1_UO4354,I43_F41_m15f15_P14_Y1_UO774,FXX,3,0.0,1,0,1.0,0,0,0,-9999.0,0.375,1,P99_CV0,2,0,2,2,0,0,2,0,2
8,-168382.0203,-625245.7533,E8_F31_m43f43_P49_Y3_UO2114,ID43_F48_m-1f-1_P100_Y-1_U225,I43_F48_m-1f-1_P15_Y-1_U178,MXY,4,0.0,1,0,0.0,0,0,0,-9999.0,0.5,1,P99_CV0,2,1,1,1,1,0,2,0,2
8,-168382.0203,-625245.7533,E8_F84_m31f31_P68_Y3_UO1535,I31_F68_m-1f-1_P31_Y-1_U124,I31_F8_m100f100_P48_Y0_UO4928,FXX,4,0.0,1,0,1.0,0,0,0,-9999.0,0.625,1,P99_CV0,2,1,1,1,1,0,2,0,2
8,-168382.0203,-625245.7533,E8_F84_m25f25_P68_Y3_UO1286,I25_F68_m95f95_P28_Y0_UO4862,I25_F68_m100f100_P49_Y1_UO4415,FXX,4,0.0,1,0,1.0,0,0,0,-9999.0,0.5,1,P99_CV0,2,2,0,1,1,0,2,0,2
8,-168382.0203,-625245.7533,E8_F63_m100f100_P8_Y2_UO4626,I100_F49_m-1f-1_P100_Y-1_U124,I100_F49_m-1f-1_P100_Y-1_U30,MXY,5,0.0,1,0,0.0,0,0,0,-9999.0,0.75,1,P99_CV0,2,2,0,1,1,0,2,0,2
8,-168382.0203,-625245.7533,E8_F63_m31f31_P68_Y2_UO1456,ID31_F98_m100f100_P8_Y0_UO4977,ID31_F68_m100f100_P49_Y0_UO4923,MXY,5,0.0,1,0,0.0,0,0,0,-9999.0,0.5,1,P99_CV0,2,1,1,1,1,0,2,0,2
8,-168382.0203,-625245.7533,E8_F63_m100f100_P48_Y2_UO4593,I100_F49_m-1f-1_P100_Y-1_U216,I100_F49_m-1f-1_P100_Y-1_U26,MXY,5,0.0,1,0,0.0,0,0,0,-9999.0,0.25,1,P99_CV0,2,1,1,1,1,0,2,0,2
8,-168382.0203,-625245.7533,E8_F65_m100f100_P68_Y2_UO4609,I100_F48_m-1f-1_P100_Y-1_U175,I100_F49_m-1f-1_P43_Y-1_U183,FXX,5,0.0,1,0,1.0,0,0,0,-9999.0,0.75,1,P99_CV0,2,1,1,0,2,0,2,0,2
8,-168382.0203,-625245.7533,E8_F25_m100f100_P49_Y1_UO4372,I100_F49_m-1f-1_P100_Y-1_U56,I100_F48_m-1f-1_P100_Y-1_U155,MXY,6,0.0,1,0,0.0,0,0,0,-9999.0,0.5,1,P99_CV0,2,1,1,0,2,0,2,0,2
8,-168382.0203,-625245.7533,E8_F31_m-1f-1_P100_Y-1_U198,-9999,-9999,MXY,9,0.0,1,0,0.0,0,0,0,-9999.0,0.0,1,P99_CV0,2,0,2,1,1,0,2,0,2
8,-168382.0203,-625245.7533,E8_F31_m-1f-1_P100_Y-1_U146,-9999,-9999,FXX,10,0.0,1,0,1.0,0,0,0,-9999.0,0.5,1,P99_CV0,2,1,1,1,1,0,2,0,2
8,-168382.0203,-625245.7533,E8_F63_m-1f-1_P100_Y-1_U163,-9999,-9999,MXY,10,0.0,1,0,0.0,0,0,0,-9999.0,0.0,1,P99_CV0,2,0,2,1,1,0,2,0,2
8,-168382.0203,-625245.7533,E8_F84_m-1f-1_P100_Y-1_U242,-9999,-9999,MXY,10,0.0,1,0,0.0,0,0,0,-9999.0,0.5,1,P99_CV0,2,1,1,0,2,0,2,0,2
8,-168382.0203,-625245.7533,E8_F63_m-1f-1_P100_Y-1_U212,-9999,-9999,MXY,11,0.0,1,0,0.0,0,0,0,-9999.0,1.0,1,P99_CV0,2,2,0,1,1,0,2,0,2
8,-168382.0203,-625245.7533,E8_F84_m-1f-1_P100_Y-1_U37,-9999,-9999,FXX,11,0.0,1,0,1.0,0,0,0,-9999.0,0.5,1,P99_CV0,2,1,1,1,1,0,2,0,2
8,-168382.0203,-625245.7533,E8_F100_m-1f-1_P100_Y-1_U28,-9999,-9999,FXX,11,0.0,1,0,1.0,0,0,0,-9999.0,1.0,1,P99_CV0,2,2,0,2,0,0,2,0,2
8,-168382.0203,-625245.7533,E8_F25_m-1f-1_P100_Y-1_U2,-9999,-9999,FXX,12,0.0,1,0,1.0,0,0,0,-9999.0,0.5,1,P99_CV0,2,1,1,1,1,0,2,0,2
10,-54097.13831,412717.3127,Age0_F10_m1f1_P10_Y7_UO9,I1_F10_m9f9_P33_Y5_UO594,I1_F44_m1f1_P44_Y2_UO36,MXY,0,0.0,0,0,0.0,0,0,0,0.0,0.3125,1,P0_CV0,2,1,1,2,0,0,2,0,2
10,-54097.13831,412717.3127,Age0_F10_m1f1_P10_Y7_UO11,I1_F33_m9f9_P10_Y5_UO605,I1_F44_m-1f-1_P1_Y-1_U111,MXY,0,0.0,0,0,0.0,0,0,0,0.0,0.5625,1,P0_CV0,2,0,2,0,2,0,2,0,2
10,-54097.13831,412717.3127,Age0_F10_m1f1_P10_Y7_UO20,ID1_F44_m9f9_P10_Y5_UO579,I1_F44_m1f1_P33_Y4_UO24,FXX,0,0.0,0,0,0.0,0,0,0,0.0,0.75,1,P0_CV0,2,2,0,1,1,0,2,0,2
10,-54097.13831,412717.3127,Age0_F10_m1f1_P10_Y7_UO26,ID1_F33_m9f9_P33_Y5_UO602,I1_F10_m9f9_P44_Y4_UO584,FXX,0,0.0,0,0,0.0,0,0,0,0.0,0.5625,1,P0_CV0,2,2,0,2,0,0,2,0,2
10,-54097.13831,412717.3127,Age0_F10_m1f1_P10_Y7_UO27,I1_F96_m9f9_P33_Y5_UO649,I1_F33_m1f1_P33_Y3_UO48,MXY,0,0.0,0,0,0.0,0,0,0,0.0,0.375,1,P0_CV0,2,1,1,1,1,0,2,0,2
10,-54097.13831,412717.3127,Age0_F10_m1f1_P10_Y7_UO45,I1_F10_m9f9_P33_Y4_UO575,I1_F33_m1f1_P33_Y5_UO96,MXY,0,0.0,0,0,0.0,0,0,0,0.0,0.625,1,P0_CV0,2,2,0,2,0,0,2,0,2
10,-54097.13831,412717.3127,Age0_F10_m1f1_P10_Y7_UO47,I1_F33_m1f1_P33_Y4_UO11,I1_F10_m77f77_P10_Y3_UO3403,MXY,0,0.0,0,0,0.0,0,0,0,0.0,0.5,1,P0_CV0,2,1,1,2,0,0,2,0,2
10,-54097.13831,412717.3127,Age0_F10_m1f1_P10_Y7_UO51,I1_F10_m1f1_P33_Y4_UO97,I1_F33_m1f1_P33_Y1_UO19,FXX,0,0.0,0,0,0.0,0,0,0,0.0,0.5,1,P0_CV0,2,2,0,2,0,0,2,0,2
10,-54097.13831,412717.3127,Age0_F10_m1f1_P10_Y7_UO53,I1_F33_m1f1_P10_Y4_UO27,I1_F10_m1f1_P33_Y3_UO61,MXY,0,0.0,0,0,0.0,0,0,0,0.0,0.6875,1,P0_CV0,2,2,0,2,0,0,2,0,2
10,-54097.13831,412717.3127,Age0_F10_m1f1_P10_Y7_UO70,I1_F10_m9f9_P33_Y3_UO539,I1_F33_m-1f-1_P1_Y-1_U117,MXY,0,0.0,0,0,0.0,0,0,0,0.0,0.25,1,P0_CV0,2,0,2,0,2,0,2,0,2
10,-54097.13831,412717.3127,Age0_F10_m1f1_P10_Y7_UO78,ID1_F44_m4f4_P33_Y2_UO230,I1_F44_m1f1_P33_Y4_UO24,FXX,0,0.0,0,0,0.0,0,0,0,0.0,0.65625,1,P0_CV0,2,2,0,2,0,0,2,0,2
10,-54097.13831,412717.3127,Age0_F10_m9f9_P10_Y7_UO527,I9_F33_m1f1_P10_Y5_UO98,I9_F33_m1f1_P10_Y1_UO0,FXX,0,0.0,0,0,0.0,0,0,0,0.0,0.46875,1,P0_CV0,2,1,1,1,1,0,2,0,2
10,-54097.13831,412717.3127,Age0_F10_m9f9_P10_Y7_UO538,I9_F10_m9f9_P33_Y5_UO650,I9_F33_m77f77_P10_Y3_UO3404,MXY,0,0.0,0,0,0.0,0,0,0,0.0,0.375,1,P0_CV0,2,1,1,2,0,0,2,0,2
10,-54097.13831,412717.3127,Age0_F10_m9f9_P10_Y7_UO567,ID9_F44_m1f1_P33_Y4_UO71,ID9_F33_m1f1_P10_Y4_UO32,FXX,0,0.0,0,0,0.0,0,0,0,0.0,0.4375,1,P0_CV0,2,0,2,0,2,0,2,0,2
10,-54097.13831,412717.3127,Age0_F10_m9f9_P10_Y7_UO570,I9_F18_m1f1_P33_Y4_UO16,I9_F44_m1f1_P33_Y5_UO1,MXY,0,0.0,0,0,0.0,0,0,0,0.0,0.4375,1,P0_CV0,2,1,1,1,1,0,2,0,2
10,-54097.13831,412717.3127,Age0_F10_m9f9_P10_Y7_UO591,I9_F10_m77f77_P10_Y3_UO3397,I9_F10_m77f77_P33_Y4_UO3399,MXY,0,0.0,0,0,0.0,0,0,0,0.0,0.375,1,P0_CV0,2,2,0,0,2,0,2,0,2
10,-54097.13831,412717.3127,Age0_F10_m9f9_P10_Y7_UO604,I9_F18_m1f1_P33_Y1_UO89,I9_F44_m9f9_P33_Y3_UO528,MXY,0,0.0,0,0,0.0,0,0,0,0.0,0.4375,1,P0_CV0,2,1,1,2,0,0,2,0,2
10,-54097.13831,412717.3127,Age0_F10_m9f9_P10_Y7_UO607,I9_F10_m1f1_P10_Y1_UO38,I9_F33_m77f77_P10_Y5_UO3421,FXX,0,0.0,0,0,0.0,0,0,0,0.0,0.4375,1,P0_CV0,2,1,1,1,1,0,2,0,2
10,-54097.13831,412717.3127,Age0_F10_m9f9_P10_Y7_UO613,I9_F10_m1f1_P10_Y0_UO0,ID9_F33_m1f1_P44_Y4_UO62,MXY,0,0.0,0,0,0.0,0,0,0,0.0,0.5,1,P0_CV0,2,1,1,0,2,0,2,0,2
10,-54097.13831,412717.3127,Age0_F10_m9f9_P10_Y7_UO625,I9_F10_m-1f-1_P9_Y-1_U130,I9_F44_m1f1_P33_Y2_UO87,MXY,0,0.0,0,0,0.0,0,0,0,0.0,0.5,1,P0_CV0,2,1,1,2,0,0,2,0,2
10,-54097.13831,412717.3127,Age0_F10_m9f9_P10_Y7_UO638,ID9_F33_m-1f-1_P1_Y-1_U32,I9_F44_m1f1_P10_Y2_UO51,FXX,0,0.0,0,0,0.0,0,0,0,0.0,0.125,1,P0_CV0,2,1,1,0,2,0,2,0,2
10,-54097.13831,412717.3127,Age0_F10_m77f77_P10_Y7_UO3433,I77_F82_m4f4_P82_Y3_UO235,I77_F33_m1f1_P10_Y3_UO69,FXX,0,0.0,0,0,0.0,0,0,0,0.0,0.25,1,P0_CV0,2,1,1,1,1,0,2,0,2
10,-54097.13831,412717.3127,Age0_F10_m77f77_P10_Y7_UO3447,I77_F10_m1f1_P33_Y1_UO3,I77_F10_m9f9_P33_Y1_UO514,MXY,0,0.0,0,0,0.0,0,0,0,0.0,0.25,1,P0_CV0,2,1,1,1,1,0,2,0,2
10,-54097.13831,412717.3127,Age0_F10_m77f77_P10_Y7_UO3463,I77_F82_m-1f-1_P77_Y-1_U243,I77_F10_m1f1_P10_Y5_UO52,FXX,0,0.0,0,0,0.0,0,0,0,0.0,0.25,1,P0_CV0,2,0,2,2,0,0,2,0,2
10,-54097.13831,412717.3127,E10_F1_m1f1_P10_Y6_UO90,I1_F10_m-1f-1_P9_Y-1_U59,I1_F10_m-1f-1_P1_Y-1_U117,MXY,1,0.0,1,1,0.0,0,0,0,-9999.0,0.5,1,P0_CV0,2,1,1,2,0,0,2,0,2
10,-54097.13831,412717.3127,E10_F1_m77f77_P10_Y6_UO3450,I77_F10_m4f4_P82_Y2_UO250,I77_F10_m1f1_P10_Y3_UO69,FXX,1,0.0,1,1,1.0,0,0,0,-9999.0,0.5,1,P0_CV0,2,1,1,1,1,0,2,0,2
10,-54097.13831,412717.3127,E10_F1_m1f1_P33_Y6_UO13,I1_F10_m1f1_P33_Y4_UO40,ID1_F10_m1f1_P33_Y3_UO48,MXY,1,0.0,1,1,0.0,0,0,0,-9999.0,0.5625,1,P0_CV0,2,2,0,0,2,0,2,0,2
10,-54097.13831,412717.3127,E10_F1_m1f1_P33_Y6_UO17,I1_F33_m9f9_P10_Y4_UO609,I1_F10_m1f1_P33_Y4_UO91,FXX,1,0.0,1,1,1.0,0,0,0,-9999.0,0.75,1,P0_CV0,2,1,1,1,1,0,2,0,2
10,-54097.13831,412717.3127,E10_F1_m1f1_P33_Y6_UO49,I1_F33_m9f9_P33_Y3_UO538,I1_F10_m9f9_P10_Y3_UO587,MXY,1,0.0,1,1,0.0,0,0,0,-9999.0,0.6875,1,P0_CV0,2,2,0,1,1,0,2,0,2
10,-54097.13831,412717.3127,E10_F1_m1f1_P44_Y6_UO33,I1_F33_m1f1_P10_Y3_UO58,I1_F44_m9f9_P18_Y4_UO556,FXX,1,0.0,1,1,1.0,0,0,0,-9999.0,0.5,1,P0_CV0,2,1,1,1,1,0,2,0,2
10,-54097.13831,412717.3127,E10_F1_m9f9_P44_Y6_UO587,I9_F33_m1f1_P33_Y2_UO49,I9_F33_m1f1_P33_Y4_UO15,MXY,1,0.0,1,1,0.0,0,0,0,-9999.0,0.46875,1,P0_CV0,2,1,1,1,1,0,2,0,2
10,-54097.13831,412717.3127,E10_F1_m1f1_P96_Y6_UO36,I1_F44_m9f9_P10_Y3_UO555,I1_F44_m9f9_P10_Y0_UO545,FXX,1,0.0,1,1,1.0,0,0,0,-9999.0,0.5625,1,P0_CV0,2,2,0,0,2,0,2,0,2
10,-54097.13831,412717.3127,E10_F9_m1f1_P10_Y6_UO0,I1_F33_m9f9_P10_Y4_UO613,I1_F33_m-1f-1_P1_Y-1_U178,MXY,1,0.0,1,1,0.0,0,0,0,-9999.0,0.53125,1,P0_CV0,2,2,0,1,1,0,2,0,2
10,-54097.13831,412717.3127,E10_F9_m1f1_P10_Y6_UO3,I1_F10_m9f9_P10_Y4_UO611,I1_F33_m77f77_P33_Y4_UO3420,FXX,1,0.0,1,1,1.0,0,0,0,-9999.0,0.4375,1,P0_CV0,2,0,2,1,1,0,2,0,2
10,-54097.13831,412717.3127,E10_F9_m1f1_P10_Y6_UO58,ID1_F44_m9f9_P33_Y2_UO499,I1_F10_m1f1_P33_Y4_UO36,FXX,1,0.0,1,1,1.0,0,0,0,-9999.0,0.3125,1,P0_CV0,2,1,1,1,1,0,2,0,2
10,-54097.13831,412717.3127,E10_F9_m9f9_P10_Y6_UO605,I9_F10_m1f1_P10_Y1_UO38,I9_F18_m-1f-1_P9_Y-1_U119,FXX,1,0.0,1,1,1.0,0,0,0,-9999.0,0.625,1,P0_CV0,2,2,0,0,2,0,2,0,2
10,-54097.13831,412717.3127,E10_F9_m77f77_P10_Y6_UO3463,ID77_F82_m77f77_P82_Y0_UO3624,I77_F10_m1f1_P10_Y0_UO28,MXY,1,0.0,1,1,0.0,0,0,0,-9999.0,0.5,1,P0_CV0,2,1,1,1,1,0,2,0,2
10,-54097.13831,412717.3127,E10_F9_m1f1_P18_Y6_UO6,I1_F10_m1f1_P96_Y4_UO0,I1_F10_m9f9_P33_Y4_UO564,FXX,1,0.0,1,1,1.0,0,0,0,-9999.0,0.59375,1,P0_CV0,2,2,0,1,1,0,2,0,2
10,-54097.13831,412717.3127,E10_F9_m9f9_P33_Y6_UO547,I9_F33_m9f9_P10_Y4_UO601,I9_F10_m9f9_P10_Y3_UO504,MXY,1,0.0,1,1,0.0,0,0,0,-9999.0,0.4375,1,P0_CV0,2,0,2,0,2,0,2,0,2
10,-54097.13831,412717.3127,E10_F9_m9f9_P33_Y6_UO634,I9_F44_m-1f-1_P9_Y-1_U87,ID9_F33_m-1f-1_P1_Y-1_U175,MXY,1,0.0,1,1,0.0,0,0,0,-9999.0,0.5,1,P0_CV0,2,1,1,2,0,0,2,0,2
10,-54097.13831,412717.3127,E10_F9_m9f9_P33_Y6_UO639,I9_F33_m-1f-1_P1_Y-1_U166,I9_F18_m9f9_P33_Y4_UO528,FXX,1,0.0,1,1,1.0,0,0,0,-9999.0,0.8125,1,P0_CV0,2,2,0,2,0,0,2,0,2
10,-54097.13831,412717.3127,E10_F9_m1f1_P44_Y6_UO22,I1_F10_m1f1_P44_Y4_UO23,I1_F33_m-1f-1_P9_Y-1_U22,FXX,1,0.0,1,1,1.0,0,0,0,-9999.0,0.8125,1,P0_CV0,2,2,0,1,1,0,2,0,2
10,-54097.13831,412717.3127,E10_F9_m1f1_P44_Y6_UO61,I1_F44_m77f77_P10_Y2_UO3411,I1_F10_m-1f-1_P1_Y-1_U117,MXY,1,0.0,1,1,0.0,0,0,0,-9999.0,0.125,1,P0_CV0,2,0,2,1,1,0,2,0,2
10,-54097.13831,412717.3127,E10_F9_m1f1_P44_Y6_UO78,I1_F10_m1f1_P10_Y0_UO33,I1_F44_m1f1_P33_Y0_UO48,FXX,1,0.0,1,1,1.0,0,0,0,-9999.0,0.5,1,P0_CV0,2,0,2,2,0,0,2,0,2
10,-54097.13831,412717.3127,E10_F9_m1f1_P44_Y6_UO102,I1_F44_m-1f-1_P1_Y-1_U76,I1_F33_m1f1_P44_Y4_UO38,FXX,1,0.0,1,1,1.0,0,0,0,-9999.0,0.8125,1,P0_CV0,2,2,0,0,2,0,2,0,2
10,-54097.13831,412717.3127,E10_F9_m9f9_P44_Y6_UO579,I9_F10_m1f1_P33_Y3_UO37,ID9_F33_m-1f-1_P1_Y-1_U22,MXY,1,0.0,1,1,0.0,0,0,0,-9999.0,0.9375,1,P0_CV0,2,2,0,1,1,0,2,0,2
10,-54097.13831,412717.3127,E10_F9_m9f9_P44_Y6_UO645,I9_F33_m-1f-1_P1_Y-1_U33,I9_F10_m77f77_P33_Y1_UO3213,MXY,1,0.0,1,1,0.0,0,0,0,-9999.0,0.75,1,P0_CV0,2,1,1,2,0,0,2,0,2
10,-54097.13831,412717.3127,E10_F77_m77f77_P82_Y6_UO3486,I77_F18_m-1f-1_P77_Y-1_U27,I77_F10_m9f9_P10_Y4_UO517,FXX,1,0.0,1,1,1.0,0,0,0,-9999.0,0.9375,1,P0_CV0,2,1,1,1,1,0,2,0,2
10,-54097.13831,412717.3127,E10_F1_m9f9_P10_Y5_UO605,I9_F33_m1f1_P10_Y1_UO38,I9_F33_m1f1_P33_Y3_UO61,FXX,2,0.0,1,0,1.0,0,0,0,-9999.0,0.625,1,P0_CV0,2,1,1,1,1,0,2,0,2
10,-54097.13831,412717.3127,E10_F1_m9f9_P44_Y5_UO622,I9_F33_m4f4_P82_Y0_UO232,I9_F33_m1f1_P33_Y2_UO87,MXY,2,0.0,1,0,0.0,0,0,0,-9999.0,0.25,1,P0_CV0,2,1,1,1,1,0,2,0,2
10,-54097.13831,412717.3127,E10_F1_m1f1_P33_Y5_UO96,I1_F44_m-1f-1_P1_Y-1_U120,I1_F33_m9f9_P10_Y3_UO587,MXY,2,0.0,1,0,0.0,0,0,0,-9999.0,0.625,1,P0_CV0,2,2,0,2,0,0,2,0,2
10,-54097.13831,412717.3127,E10_F1_m9f9_P10_Y5_UO579,I9_F33_m1f1_P33_Y2_UO68,ID9_F10_m77f77_P10_Y3_UO3373,FXX,2,0.0,1,0,1.0,0,0,0,-9999.0,0.5625,1,P0_CV0,2,1,1,1,1,0,2,0,2
10,-54097.13831,412717.3127,E10_F1_m9f9_P33_Y5_UO602,I9_F33_m1f1_P33_Y1_UO89,I9_F44_m-1f-1_P1_Y-1_U169,FXX,2,0.0,1,0,1.0,0,0,0,-9999.0,0.5,1,P0_CV0,2,1,1,1,1,0,2,0,2
10,-54097.13831,412717.3127,E10_F9_m1f1_P10_Y5_UO98,I1_F33_m-1f-1_P1_Y-1_U249,ID1_F44_m1f1_P33_Y3_UO41,FXX,2,0.0,1,0,1.0,0,0,0,-9999.0,0.4375,1,P0_CV0,2,1,1,1,1,0,2,0,2
10,-54097.13831,412717.3127,E10_F9_m9f9_P10_Y5_UO599,I9_F33_m77f77_P10_Y1_UO3239,I9_F10_m1f1_P33_Y3_UO74,FXX,2,0.0,1,0,1.0,0,0,0,-9999.0,0.625,1,P0_CV0,2,2,0,2,0,0,2,0,2
10,-54097.13831,412717.3127,E10_F9_m9f9_P33_Y5_UO650,I9_F10_m-1f-1_P1_Y-1_U33,ID9_F44_m9f9_P33_Y3_UO563,FXX,2,0.0,1,0,1.0,0,0,0,-9999.0,0.5,1,P0_CV0,2,1,1,2,0,0,2,0,2
10,-54097.13831,412717.3127,E10_F9_m9f9_P44_Y5_UO612,I9_F33_m77f77_P33_Y0_UO3656,I9_F10_m9f9_P44_Y2_UO588,MXY,2,0.0,1,0,0.0,0,0,0,-9999.0,0.8125,1,P0_CV0,2,2,0,1,1,0,2,0,2
10,-54097.13831,412717.3127,E10_F77_m1f1_P10_Y5_UO52,I1_F10_m77f77_P10_Y2_UO3395,I1_F33_m1f1_P44_Y3_UO38,MXY,2,0.0,1,0,0.0,0,0,0,-9999.0,0.5,1,P0_CV0,2,0,2,2,0,0,2,0,2
10,-54097.13831,412717.3127,E10_F1_m9f9_P33_Y4_UO575,I9_F33_m1f1_P44_Y0_UO17,I9_F10_m9f9_P18_Y2_UO557,FXX,3,0.0,1,0,1.0,0,0,0,-9999.0,0.625,1,P0_CV0,2,2,0,2,0,0,2,0,2
10,-54097.13831,412717.3127,E10_F1_m1f1_P33_Y4_UO11,ID1_F33_m77f77_P33_Y2_UO3435,I1_F33_m1f1_P44_Y2_UO69,FXX,3,0.0,1,0,1.0,0,0,0,-9999.0,0.25,1,P0_CV0,2,1,1,1,1,0,2,0,2
10,-54097.13831,412717.3127,E10_F1_m1f1_P33_Y4_UO97,I1_F33_m-1f-1_P1_Y-1_U234,I1_F33_m9f9_P10_Y1_UO464,FXX,3,0.0,1,0,1.0,0,0,0,-9999.0,0.5,1,P0_CV0,2,1,1,2,0,0,2,0,2
10,-54097.13831,412717.3127,E10_F9_m1f1_P33_Y4_UO71,I1_F33_m-1f-1_P1_Y-1_U235,I1_F33_m-1f-1_P1_Y-1_U142,FXX,3,0.0,1,0,1.0,0,0,0,-9999.0,0.25,1,P0_CV0,2,0,2,0,2,0,2,0,2
10,-54097.13831,412717.3127,E10_F9_m1f1_P33_Y4_UO16,ID1_F10_m1f1_P33_Y2_UO54,ID1_F10_m4f4_P82_Y0_UO201,FXX,3,0.0,1,0,1.0,0,0,0,-9999.0,0.375,1,P0_CV0,2,2,0,2,0,0,2,0,2
10,-54097.13831,412717.3127,E10_F9_m77f77_P33_Y4_UO3399,I77_F82_m-1f-1_P77_Y-1_U18,ID77_F33_m-1f-1_P1_Y-1_U55,MXY,3,0.0,1,0,0.0,0,0,0,-9999.0,0.25,1,P0_CV0,2,1,1,1,1,0,2,0,2
10,-54097.13831,412717.3127,E10_F9_m1f1_P33_Y4_UO94,I1_F33_m-1f-1_P1_Y-1_U92,I1_F10_m1f1_P44_Y2_UO95,MXY,3,0.0,1,0,0.0,0,0,0,-9999.0,0.125,1,P0_CV0,2,0,2,2,0,0,2,0,2
10,-54097.13831,412717.3127,E10_F9_m9f9_P10_Y4_UO524,ID9_F33_m1f1_P97_Y2_UO37,ID9_F18_m-1f-1_P9_Y-1_U88,FXX,3,0.0,1,0,1.0,0,0,0,-9999.0,0.125,1,P0_CV0,2,0,2,0,2,0,2,0,2
10,-54097.13831,412717.3127,E10_F9_m1f1_P10_Y4_UO6,I1_F10_m1f1_P10_Y2_UO9,I1_F33_m-1f-1_P1_Y-1_U206,MXY,3,0.0,1,0,0.0,0,0,0,-9999.0,0.3125,1,P0_CV0,2,1,1,1,1,0,2,0,2
10,-54097.13831,412717.3127,E10_F9_m9f9_P33_Y4_UO528,ID9_F10_m9f9_P33_Y2_UO564,I9_F33_m1f1_P44_Y0_UO58,MXY,3,0.0,1,0,0.0,0,0,0,-9999.0,0.625,1,P0_CV0,2,2,0,2,0,0,2,0,2
10,-54097.13831,412717.3127,E10_F77_m9f9_P10_Y4_UO606,ID9_F33_m-1f-1_P1_Y-1_U225,I9_F33_m-1f-1_P9_Y-1_U224,MXY,3,0.0,1,0,0.0,0,0,0,-9999.0,0.75,1,P0_CV0,2,2,0,1,1,0,2,0,2
10,-54097.13831,412717.3127,E10_F77_m9f9_P10_Y4_UO517,ID9_F10_m9f9_P33_Y2_UO516,I9_F10_m77f77_P10_Y1_UO3232,MXY,3,0.0,1,0,0.0,0,0,0,-9999.0,0.875,1,P0_CV0,2,1,1,2,0,0,2,0,2
10,-54097.13831,412717.3127,E10_F1_m9f9_P33_Y3_UO563,I9_F10_m-1f-1_P9_Y-1_U87,I9_F96_m-1f-1_P1_Y-1_U151,MXY,4,0.0,1,0,0.0,0,0,0,-9999.0,0.0,1,P0_CV0,2,0,2,2,0,0,2,0,2
10,-54097.13831,412717.3127,E10_F1_m9f9_P10_Y3_UO555,I9_F10_m-1f-1_P9_Y-1_U30,I9_F33_m9f9_P44_Y1_UO459,FXX,4,0.0,1,0,1.0,0,0,0,-9999.0,0.375,1,P0_CV0,2,1,1,1,1,0,2,0,2
10,-54097.13831,412717.3127,E10_F1_m1f1_P44_Y2_UO73,I1_F44_m-1f-1_P1_Y-1_U42,I1_F33_m-1f-1_P1_Y-1_U24,MXY,5,0.0,1,0,0.0,0,0,0,-9999.0,0.25,1,P0_CV0,2,0,2,1,1,0,2,0,2
10,-54097.13831,412717.3127,E10_F1_m1f1_P10_Y2_UO66,I1_F33_m-1f-1_P1_Y-1_U217,I1_F33_m-1f-1_P1_Y-1_U106,MXY,5,0.0,1,0,0.0,0,0,0,-9999.0,1.0,1,P0_CV0,2,2,0,1,1,0,2,0,2
10,-54097.13831,412717.3127,E10_F1_m1f1_P44_Y2_UO36,ID1_F33_m77f77_P10_Y0_UO3713,I1_F10_m-1f-1_P1_Y-1_U59,MXY,5,0.0,1,0,0.0,0,0,0,-9999.0,0.375,1,P0_CV0,2,1,1,2,0,0,2,0,2
10,-54097.13831,412717.3127,E10_F77_m9f9_P10_Y2_UO512,I9_F10_m1f1_P44_Y0_UO17,I9_F33_m9f9_P33_Y0_UO530,FXX,5,0.0,1,0,1.0,0,0,0,-9999.0,0.75,1,P0_CV0,2,2,0,1,1,0,2,0,2
10,-54097.13831,412717.3127,E10_F1_m1f1_P33_Y1_UO19,I1_F44_m-1f-1_P1_Y-1_U221,I1_F18_m-1f-1_P1_Y-1_U238,MXY,6,0.0,1,0,0.0,0,0,0,-9999.0,0.5,1,P0_CV0,2,1,1,1,1,0,2,0,2
10,-54097.13831,412717.3127,E10_F9_m1f1_P33_Y1_UO89,I1_F10_m-1f-1_P1_Y-1_U43,I1_F33_m-1f-1_P1_Y-1_U34,FXX,6,0.0,1,0,1.0,0,0,0,-9999.0,0.5,1,P0_CV0,2,1,1,2,0,0,2,0,2
10,-54097.13831,412717.3127,E10_F9_m1f1_P10_Y1_UO38,I1_F10_m-1f-1_P1_Y-1_U163,I1_F33_m-1f-1_P1_Y-1_U25,FXX,6,0.0,1,0,1.0,0,0,0,-9999.0,0.75,1,P0_CV0,2,1,1,0,2,0,2,0,2
10,-54097.13831,412717.3127,E10_F9_m1f1_P97_Y1_UO90,ID1_F10_m-1f-1_P1_Y-1_U143,I1_F33_m-1f-1_P1_Y-1_U12,MXY,6,0.0,1,0,0.0,0,0,0,-9999.0,0.5,1,P0_CV0,2,1,1,1,1,0,2,0,2
10,-54097.13831,412717.3127,E10_F9_m1f1_P10_Y1_UO69,I1_F44_m-1f-1_P1_Y-1_U32,I1_F10_m-1f-1_P1_Y-1_U127,MXY,6,0.0,1,0,0.0,0,0,0,-9999.0,0.5,1,P0_CV0,2,1,1,1,1,0,2,0,2
10,-54097.13831,412717.3127,E10_F9_m1f1_P10_Y1_UO32,I1_F96_m-1f-1_P1_Y-1_U183,ID1_F44_m-1f-1_P1_Y-1_U171,MXY,6,0.0,1,0,0.0,0,0,0,-9999.0,0.5,1,P0_CV0,2,0,2,0,2,0,2,0,2
10,-54097.13831,412717.3127,E10_F77_m1f1_P33_Y1_UO3,I1_F44_m-1f-1_P1_Y-1_U208,ID1_F10_m-1f-1_P9_Y-1_U179,FXX,6,0.0,1,0,1.0,0,0,0,-9999.0,0.0,1,P0_CV0,2,0,2,1,1,0,2,0,2
10,-54097.13831,412717.3127,E10_F1_m1f1_P33_Y0_UO48,R1_F1_m-1f-1_P1_Y-1_U155,R1_F1_m-1f-1_P1_Y-1_U11,MXY,7,0.0,1,0,0.0,0,0,0,-9999.0,0.75,1,P0_CV0,2,1,1,2,0,0,2,0,2
10,-54097.13831,412717.3127,E10_F9_m1f1_P10_Y0_UO0,R1_F1_m-1f-1_P1_Y-1_U0,R1_F1_m-1f-1_P1_Y-1_U159,FXX,7,0.0,1,0,1.0,0,0,0,-9999.0,0.5,1,P0_CV0,2,1,1,0,2,0,2,0,2
10,-54097.13831,412717.3127,E10_F9_m1f1_P33_Y0_UO80,R1_F1_m-1f-1_P1_Y-1_U217,R1_F1_m-1f-1_P1_Y-1_U135,MXY,7,0.0,1,0,0.0,0,0,0,-9999.0,0.5,1,P0_CV0,2,1,1,2,0,0,2,0,2
10,-54097.13831,412717.3127,E10_F1_m-1f-1_P1_Y-1_U113,-9999,-9999,MXY,9,0.0,1,0,0.0,0,0,0,-9999.0,0.5,1,P0_CV0,2,1,1,2,0,0,2,0,2
10,-54097.13831,412717.3127,E10_F1_m-1f-1_P1_Y-1_U199,-9999,-9999,MXY,9,0.0,1,0,0.0,0,0,0,-9999.0,0.5,1,P0_CV0,2,1,1,1,1,0,2,0,2
10,-54097.13831,412717.3127,E10_F9_m-1f-1_P1_Y-1_U90,-9999,-9999,MXY,9,0.0,1,0,0.0,0,0,0,-9999.0,0.5,1,P0_CV0,2,1,1,2,0,0,2,0,2
10,-54097.13831,412717.3127,E10_F9_m-1f-1_P1_Y-1_U217,-9999,-9999,FXX,10,0.0,1,0,1.0,0,0,0,-9999.0,1.0,1,P0_CV0,2,2,0,2,0,0,2,0,2
10,-54097.13831,412717.3127,E10_F9_m-1f-1_P1_Y-1_U169,-9999,-9999,MXY,11,0.0,1,0,0.0,0,0,0,-9999.0,0.5,1,P0_CV0,2,1,1,1,1,0,2,0,2
10,-54097.13831,412717.3127,E10_F1_m-1f-1_P1_Y-1_U145,-9999,-9999,FXX,13,0.0,1,0,1.0,0,0,0,-9999.0,1.0,1,P0_CV0,2,2,0,2,0,0,2,0,2
10,-54097.13831,412717.3127,E10_F9_m-1f-1_P1_Y-1_U32,-9999,-9999,FXX,14,0.0,1,0,1.0,0,0,0,-9999.0,0.0,1,P0_CV0,2,0,2,1,1,0,2,0,2
10,-54097.13831,412717.3127,Age0_F10_m1f1_P10_Y7_UO107,I1_F10_m-1f-1_P1_Y-1_U145,ID1_F44_m9f9_P33_Y5_UO582,FXX,0,0.0,0,0,0.0,0,0,0,0.0,0.75,1,P3_CV0,2,1,1,2,0,0,2,0,2
10,-54097.13831,412717.3127,Age0_F10_m4f4_P10_Y7_UO238,I4_F82_m4f4_P82_Y4_UO194,I4_F67_m4f4_P82_Y5_UO287,FXX,0,0.0,0,0,0.0,0,0,0,0.0,0.5625,1,P3_CV0,2,2,0,1,1,0,2,0,2
10,-54097.13831,412717.3127,Age0_F10_m4f4_P10_Y7_UO265,I4_F82_m4f4_P82_Y2_UO263,I4_F67_m87f87_P67_Y5_UO4042,MXY,0,0.0,0,0,0.0,0,0,0,0.0,0.28125,1,P3_CV0,2,1,1,2,0,0,2,0,2
10,-54097.13831,412717.3127,Age0_F10_m4f4_P10_Y7_UO299,ID4_F10_m-1f-1_P4_Y-1_U180,ID4_F82_m-1f-1_P77_Y-1_U101,MXY,0,0.0,0,0,0.0,0,0,0,0.0,0.25,1,P3_CV0,2,1,1,2,0,0,2,0,2
10,-54097.13831,412717.3127,Age0_F10_m9f9_P10_Y7_UO528,I9_F33_m1f1_P33_Y5_UO50,ID9_F10_m77f77_P10_Y4_UO3380,FXX,0,0.0,0,0,0.0,0,0,0,0.0,0.5625,1,P3_CV0,2,1,1,1,1,0,2,0,2
10,-54097.13831,412717.3127,Age0_F10_m9f9_P10_Y7_UO533,I9_F33_m77f77_P33_Y5_UO3423,ID9_F33_m4f4_P96_Y0_UO203,FXX,0,0.0,0,0,0.0,0,0,0,0.0,0.5,1,P3_CV0,2,1,1,2,0,0,2,0,2
10,-54097.13831,412717.3127,Age0_F10_m9f9_P10_Y7_UO559,ID9_F44_m77f77_P33_Y4_UO3412,ID9_F33_m4f4_P10_Y3_UO188,MXY,0,0.0,0,0,0.0,0,0,0,0.0,0.375,1,P3_CV0,2,1,1,2,0,0,2,0,2
10,-54097.13831,412717.3127,Age0_F10_m9f9_P10_Y7_UO594,ID9_F33_m77f77_P10_Y3_UO3386,I9_F10_m1f1_P33_Y5_UO31,FXX,0,0.0,0,0,0.0,0,0,0,0.0,0.71875,1,P3_CV0,2,2,0,0,2,0,2,0,2
10,-54097.13831,412717.3127,Age0_F10_m77f77_P10_Y7_UO3421,I77_F10_m1f1_P33_Y5_UO7,I77_F10_m-1f-1_P4_Y-1_U240,MXY,0,0.0,0,0,0.0,0,0,0,0.0,0.4375,1,P3_CV0,2,0,2,1,1,0,2,0,2
10,-54097.13831,412717.3127,Age0_F10_m77f77_P10_Y7_UO3423,I77_F10_m4f4_P82_Y5_UO282,ID77_F10_m77f77_P10_Y4_UO3425,FXX,0,0.0,0,0,0.0,0,0,0,0.0,0.375,1,P3_CV0,2,0,2,2,0,0,2,0,2
10,-54097.13831,412717.3127,Age0_F10_m77f77_P10_Y7_UO3426,I77_F33_m4f4_P82_Y4_UO253,ID77_F10_m4f4_P82_Y5_UO217,MXY,0,0.0,0,0,0.0,0,0,0,0.0,0.5,1,P3_CV0,2,2,0,0,2,0,2,0,2
10,-54097.13831,412717.3127,Age0_F10_m77f77_P10_Y7_UO3434,I77_F10_m77f77_P10_Y3_UO3411,ID77_F82_m-1f-1_P4_Y-1_U220,FXX,0,0.0,0,0,0.0,0,0,0,0.0,0.625,1,P3_CV0,2,2,0,1,1,0,2,0,2
10,-54097.13831,412717.3127,Age0_F10_m77f77_P10_Y7_UO3444,I77_F82_m9f9_P10_Y2_UO512,I77_F10_m4f4_P82_Y2_UO224,FXX,0,0.0,0,0,0.0,0,0,0,0.0,0.625,1,P3_CV0,2,2,0,1,1,0,2,0,2
10,-54097.13831,412717.3127,Age0_F10_m77f77_P10_Y7_UO3445,I77_F10_m4f4_P82_Y2_UO197,I77_F10_m9f9_P10_Y4_UO577,MXY,0,0.0,0,0,0.0,0,0,0,0.0,0.75,1,P3_CV0,2,2,0,1,1,0,2,0,2
10,-54097.13831,412717.3127,Age0_F10_m77f77_P10_Y7_UO3449,ID77_F82_m4f4_P82_Y1_UO244,I77_F33_m-1f-1_P77_Y-1_U130,MXY,0,0.0,0,0,0.0,0,0,0,0.0,0.375,1,P3_CV0,2,1,1,1,1,0,2,0,2
10,-54097.13831,412717.3127,Age0_F10_m77f77_P10_Y7_UO3458,I77_F33_m-1f-1_P4_Y-1_U115,I77_F10_m9f9_P10_Y4_UO577,MXY,0,0.0,0,0,0.0,0,0,0,0.0,0.4375,1,P3_CV0,2,1,1,1,1,0,2,0,2
10,-54097.13831,412717.3127,Age0_F10_m77f77_P10_Y7_UO3476,ID77_F10_m-1f-1_P77_Y-1_U214,I77_F10_m4f4_P82_Y2_UO213,FXX,0,0.0,0,0,0.0,0,0,0,0.0,0.9375,1,P3_CV0,2,1,1,1,1,0,2,0,2
10,-54097.13831,412717.3127,E10_F1_m4f4_P10_Y6_UO214,I4_F67_m4f4_P82_Y4_UO219,I4_F67_m4f4_P82_Y2_UO191,FXX,1,0.0,1,1,1.0,0,0,0,-9999.0,0.625,1,P3_CV0,2,2,0,2,0,0,2,0,2
10,-54097.13831,412717.3127,E10_F1_m9f9_P33_Y6_UO573,I9_F10_m77f77_P10_Y3_UO3386,I9_F10_m77f77_P33_Y4_UO3368,MXY,1,0.0,1,1,0.0,0,0,0,-9999.0,0.5625,1,P3_CV0,2,1,1,1,1,0,2,0,2
10,-54097.13831,412717.3127,E10_F9_m1f1_P33_Y6_UO66,I1_F33_m4f4_P82_Y1_UO208,I1_F33_m1f1_P33_Y2_UO27,FXX,1,0.0,1,1,1.0,0,0,0,-9999.0,0.625,1,P3_CV0,2,2,0,0,2,0,2,0,2
10,-54097.13831,412717.3127,E10_F9_m9f9_P33_Y6_UO586,ID9_F18_m9f9_P33_Y3_UO543,ID9_F33_m4f4_P10_Y0_UO252,FXX,1,0.0,1,1,1.0,0,0,0,-9999.0,0.375,1,P3_CV0,2,2,0,1,1,0,2,0,2
10,-54097.13831,412717.3127,E10_F9_m77f77_P33_Y6_UO3467,I77_F10_m-1f-1_P4_Y-1_U115,I77_F10_m1f1_P10_Y0_UO65,MXY,1,0.0,1,1,0.0,0,0,0,-9999.0,0.5,1,P3_CV0,2,1,1,1,1,0,2,0,2
10,-54097.13831,412717.3127,E10_F77_m77f77_P10_Y6_UO3461,ID77_F33_m1f1_P33_Y0_UO34,ID77_F10_m4f4_P96_Y0_UO203,MXY,1,0.0,1,1,0.0,0,0,0,-9999.0,0.5,1,P3_CV0,2,0,2,1,1,0,2,0,2
10,-54097.13831,412717.3127,E10_F77_m4f4_P67_Y6_UO295,I4_F82_m-1f-1_P4_Y-1_U57,I4_F67_m77f77_P10_Y4_UO3388,MXY,1,0.0,1,1,0.0,0,0,0,-9999.0,0.875,1,P3_CV0,2,2,0,1,1,0,2,0,2
10,-54097.13831,412717.3127,E10_F77_m4f4_P82_Y6_UO216,I4_F67_m4f4_P82_Y4_UO254,ID4_F82_m-1f-1_P4_Y-1_U51,FXX,1,0.0,1,1,1.0,0,0,0,-9999.0,0.375,1,P3_CV0,2,1,1,1,1,0,2,0,2
10,-54097.13831,412717.3127,E10_F77_m4f4_P82_Y6_UO256,ID4_F96_m4f4_P82_Y2_UO263,I4_F82_m-1f-1_P4_Y-1_U52,MXY,1,0.0,1,1,0.0,0,0,0,-9999.0,0.375,1,P3_CV0,2,2,0,1,1,0,2,0,2
10,-54097.13831,412717.3127,E10_F77_m4f4_P82_Y6_UO279,I4_F82_m-1f-1_P4_Y-1_U8,ID4_F10_m4f4_P82_Y0_UO228,FXX,1,0.0,1,1,1.0,0,0,0,-9999.0,0.5,1,P3_CV0,2,0,2,1,1,0,2,0,2
10,-54097.13831,412717.3127,E10_F77_m4f4_P82_Y6_UO293,I4_F82_m-1f-1_P4_Y-1_U223,ID4_F82_m9f9_P10_Y2_UO569,FXX,1,0.0,1,1,1.0,0,0,0,-9999.0,0.25,1,P3_CV0,2,0,2,1,1,0,2,0,2
10,-54097.13831,412717.3127,E10_F1_m9f9_P33_Y5_UO649,I9_F18_m-1f-1_P9_Y-1_U131,ID9_F44_m4f4_P10_Y3_UO188,FXX,2,0.0,1,0,1.0,0,0,0,-9999.0,0.25,1,P3_CV0,2,0,2,2,0,0,2,0,2
10,-54097.13831,412717.3127,E10_F1_m1f1_P44_Y5_UO10,I1_F33_m9f9_P10_Y3_UO555,I1_F44_m4f4_P10_Y1_UO174,FXX,2,0.0,1,0,1.0,0,0,0,-9999.0,0.4375,1,P3_CV0,2,0,2,1,1,0,2,0,2
10,-54097.13831,412717.3127,E10_F9_m9f9_P10_Y5_UO574,I9_F10_m77f77_P10_Y3_UO3386,I9_F33_m9f9_P33_Y2_UO523,MXY,2,0.0,1,0,0.0,0,0,0,-9999.0,0.5625,1,P3_CV0,2,1,1,0,2,0,2,0,2
10,-54097.13831,412717.3127,E10_F9_m77f77_P10_Y5_UO3403,I77_F10_m4f4_P82_Y2_UO250,I77_F10_m-1f-1_P4_Y-1_U220,MXY,2,0.0,1,0,0.0,0,0,0,-9999.0,0.625,1,P3_CV0,2,2,0,1,1,0,2,0,2
10,-54097.13831,412717.3127,E10_F9_m77f77_P10_Y5_UO3397,I77_F33_m77f77_P82_Y2_UO3417,I77_F10_m-1f-1_P4_Y-1_U220,FXX,2,0.0,1,0,1.0,0,0,0,-9999.0,0.5,1,P3_CV0,2,1,1,1,1,0,2,0,2
10,-54097.13831,412717.3127,E10_F9_m1f1_P44_Y5_UO53,I1_F10_m4f4_P33_Y2_UO230,I1_F10_m9f9_P10_Y3_UO568,MXY,2,0.0,1,0,0.0,0,0,0,-9999.0,0.5,1,P3_CV0,2,0,2,1,1,0,2,0,2
10,-54097.13831,412717.3127,E10_F77_m4f4_P82_Y5_UO217,I4_F82_m4f4_P82_Y3_UO199,I4_F82_m4f4_P82_Y3_UO190,MXY,2,0.0,1,0,0.0,0,0,0,-9999.0,0.5,1,P3_CV0,2,2,0,1,1,0,2,0,2
10,-54097.13831,412717.3127,E10_F77_m4f4_P82_Y5_UO282,ID4_F82_m-1f-1_P4_Y-1_U225,I4_F82_m4f4_P82_Y0_UO208,FXX,2,0.0,1,0,1.0,0,0,0,-9999.0,0.25,1,P3_CV0,2,0,2,2,0,0,2,0,2
10,-54097.13831,412717.3127,E10_F77_m4f4_P82_Y5_UO243,I4_F67_m4f4_P82_Y1_UO227,I4_F82_m4f4_P67_Y3_UO259,FXX,2,0.0,1,0,1.0,0,0,0,-9999.0,0.25,1,P3_CV0,2,0,2,1,1,0,2,0,2
10,-54097.13831,412717.3127,E10_F1_m9f9_P10_Y4_UO553,ID9_F10_m4f4_P10_Y1_UO213,ID9_F33_m77f77_P10_Y1_UO3240,MXY,3,0.0,1,0,0.0,0,0,0,-9999.0,0.625,1,P3_CV0,2,1,1,0,2,0,2,0,2
10,-54097.13831,412717.3127,E10_F4_m4f4_P82_Y4_UO194,I4_F82_m4f4_P82_Y2_UO199,I4_F96_m-1f-1_P4_Y-1_U199,FXX,3,0.0,1,0,1.0,0,0,0,-9999.0,0.625,1,P3_CV0,2,1,1,2,0,0,2,0,2
10,-54097.13831,412717.3127,E10_F9_m77f77_P33_Y4_UO3412,ID77_F10_m-1f-1_P77_Y-1_U216,I77_F10_m-1f-1_P4_Y-1_U220,FXX,3,0.0,1,0,1.0,0,0,0,-9999.0,0.25,1,P3_CV0,2,1,1,1,1,0,2,0,2
10,-54097.13831,412717.3127,E10_F9_m77f77_P10_Y4_UO3380,ID77_F10_m4f4_P82_Y0_UO263,I77_F10_m-1f-1_P77_Y-1_U128,MXY,3,0.0,1,0,0.0,0,0,0,-9999.0,0.75,1,P3_CV0,2,2,0,0,2,0,2,0,2
10,-54097.13831,412717.3127,E10_F9_m77f77_P33_Y4_UO3367,I77_F10_m4f4_P67_Y1_UO240,ID77_F82_m-1f-1_P4_Y-1_U178,MXY,3,0.0,1,0,0.0,0,0,0,-9999.0,0.5,1,P3_CV0,2,0,2,1,1,0,2,0,2
10,-54097.13831,412717.3127,E10_F77_m4f4_P82_Y4_UO253,I4_F82_m-1f-1_P4_Y-1_U197,I4_F82_m87f87_P24_Y1_UO3824,FXX,3,0.0,1,0,1.0,0,0,0,-9999.0,0.5,1,P3_CV0,2,1,1,1,1,0,2,0,2
10,-54097.13831,412717.3127,E10_F77_m4f4_P82_Y3_UO235,I4_F82_m-1f-1_P4_Y-1_U75,I4_F67_m-1f-1_P4_Y-1_U205,FXX,4,0.0,1,0,1.0,0,0,0,-9999.0,0.25,1,P3_CV0,2,0,2,1,1,0,2,0,2
10,-54097.13831,412717.3127,E10_F1_m4f4_P33_Y2_UO230,ID4_F82_m-1f-1_P4_Y-1_U123,I4_F82_m77f77_P82_Y0_UO3688,FXX,5,0.0,1,0,1.0,0,0,0,-9999.0,0.375,1,P3_CV0,2,1,1,2,0,0,2,0,2
10,-54097.13831,412717.3127,E10_F4_m4f4_P82_Y2_UO263,I4_F10_m-1f-1_P4_Y-1_U225,I4_F82_m4f4_P82_Y0_UO239,FXX,5,0.0,1,0,1.0,0,0,0,-9999.0,0.25,1,P3_CV0,2,1,1,2,0,0,2,0,2
10,-54097.13831,412717.3127,E10_F9_m4f4_P82_Y2_UO207,I4_F82_m1f1_P96_Y0_UO73,I4_F82_m-1f-1_P4_Y-1_U73,MXY,5,0.0,1,0,0.0,0,0,0,-9999.0,0.375,1,P3_CV0,2,2,0,1,1,0,2,0,2
10,-54097.13831,412717.3127,E10_F77_m4f4_P82_Y2_UO197,I4_F67_m4f4_P67_Y0_UO207,I4_F67_m-1f-1_P4_Y-1_U220,FXX,5,0.0,1,0,1.0,0,0,0,-9999.0,0.625,1,P3_CV0,2,1,1,0,2,0,2,0,2
10,-54097.13831,412717.3127,E10_F77_m4f4_P82_Y2_UO240,ID4_F82_m-1f-1_P4_Y-1_U211,I4_F82_m-1f-1_P4_Y-1_U40,MXY,5,0.0,1,0,0.0,0,0,0,-9999.0,0.5,1,P3_CV0,2,1,1,2,0,0,2,0,2
10,-54097.13831,412717.3127,E10_F77_m4f4_P82_Y2_UO224,I4_F82_m-1f-1_P4_Y-1_U249,I4_F96_m-1f-1_P4_Y-1_U95,MXY,5,0.0,1,0,0.0,0,0,0,-9999.0,0.5,1,P3_CV0,2,2,0,2,0,0,2,0,2
10,-54097.13831,412717.3127,E10_F4_m4f4_P82_Y1_UO230,I4_F67_m-1f-1_P4_Y-1_U198,I4_F82_m-1f-1_P4_Y-1_U156,FXX,6,0.0,1,0,1.0,0,0,1,-9999.0,0.75,1,P3_CV0,2,1,1,1,1,0,2,0,2
10,-54097.13831,412717.3127,E10_F4_m4f4_P67_Y1_UO258,I4_F96_m-1f-1_P4_Y-1_U24,I4_F82_m-1f-1_P4_Y-1_U22,MXY,6,0.0,1,0,0.0,0,0,1,-9999.0,1.0,1,P3_CV0,2,2,0,0,2,0,2,0,2
10,-54097.13831,412717.3127,E10_F77_m4f4_P82_Y1_UO244,I4_F67_m-1f-1_P4_Y-1_U223,ID4_F96_m-1f-1_P4_Y-1_U95,FXX,6,0.0,1,0,1.0,0,0,0,-9999.0,0.25,1,P3_CV0,2,0,2,1,1,0,2,0,2
10,-54097.13831,412717.3127,E10_F1_m4f4_P82_Y0_UO201,R4_F4_m-1f-1_P4_Y-1_U17,R4_F4_m-1f-1_P4_Y-1_U96,MXY,7,0.0,1,0,0.0,0,0,0,-9999.0,0.25,1,P3_CV0,2,1,1,1,1,0,2,0,2
10,-54097.13831,412717.3127,E10_F9_m4f4_P96_Y0_UO203,R4_F4_m-1f-1_P4_Y-1_U21,R4_F4_m-1f-1_P4_Y-1_U9,MXY,7,0.0,1,0,0.0,0,0,0,-9999.0,0.75,1,P3_CV0,2,1,1,1,1,0,2,0,2
10,-54097.13831,412717.3127,E10_F9_m4f4_P96_Y0_UO205,R4_F4_m-1f-1_P4_Y-1_U24,R4_F4_m-1f-1_P4_Y-1_U224,MXY,7,0.0,1,0,0.0,0,0,0,-9999.0,0.5,1,P3_CV0,2,1,1,1,1,0,2,0,2
10,-54097.13831,412717.3127,E10_F77_m-1f-1_P4_Y-1_U115,-9999,-9999,FXX,8,0.0,1,0,1.0,0,0,0,-9999.0,0.0,1,P3_CV0,2,0,2,1,1,0,2,0,2
10,-54097.13831,412717.3127,E10_F77_m-1f-1_P4_Y-1_U88,-9999,-9999,FXX,9,0.0,1,0,1.0,0,0,0,-9999.0,0.0,1,P3_CV0,2,0,2,1,1,0,2,0,2
10,-54097.13831,412717.3127,E10_F77_m-1f-1_P4_Y-1_U220,-9999,-9999,MXY,10,0.0,1,0,0.0,0,0,0,-9999.0,0.5,1,P3_CV0,2,1,1,1,1,0,2,0,2
10,-54097.13831,412717.3127,E10_F4_m-1f-1_P4_Y-1_U180,-9999,-9999,FXX,14,0.0,1,0,1.0,0,0,0,-9999.0,0.0,1,P3_CV0,2,0,2,2,0,0,2,0,2
10,-54097.13831,412717.3127,Age0_F10_m1f1_P10_Y7_UO8,ID1_F33_m9f9_P33_Y5_UO646,I1_F44_m9f9_P10_Y2_UO513,MXY,0,0.0,0,0,0.0,0,0,0,0.0,0.5625,1,P76_CV0,2,2,0,2,0,0,2,0,2
10,-54097.13831,412717.3127,Age0_F10_m1f1_P10_Y7_UO24,I1_F33_m9f9_P10_Y5_UO559,ID1_F33_m9f9_P10_Y4_UO604,FXX,0,0.0,0,0,0.0,0,0,0,0.0,0.53125,1,P76_CV0,2,0,2,1,1,0,2,0,2
10,-54097.13831,412717.3127,Age0_F10_m1f1_P10_Y7_UO28,ID1_F10_m1f1_P44_Y5_UO93,I1_F33_m77f77_P10_Y0_UO3668,MXY,0,0.0,0,0,0.0,0,0,0,0.0,0.3125,1,P76_CV0,2,0,2,2,0,0,2,0,2
10,-54097.13831,412717.3127,Age0_F10_m1f1_P10_Y7_UO35,I1_F10_m1f1_P33_Y5_UO77,ID1_F10_m9f9_P44_Y2_UO538,FXX,0,0.0,0,0,0.0,0,0,0,0.0,0.75,1,P76_CV0,2,1,1,1,1,0,2,0,2
10,-54097.13831,412717.3127,Age0_F10_m1f1_P10_Y7_UO43,I1_F33_m1f1_P44_Y4_UO35,ID1_F96_m-1f-1_P9_Y-1_U6,FXX,0,0.0,0,0,0.0,0,0,0,0.0,0.25,1,P76_CV0,2,1,1,2,0,0,2,0,2
10,-54097.13831,412717.3127,Age0_F10_m1f1_P10_Y7_UO50,I1_F33_m1f1_P33_Y4_UO2,I1_F33_m1f1_P10_Y5_UO80,MXY,0,0.0,0,0,0.0,0,0,0,0.0,0.3125,1,P76_CV0,2,0,2,2,0,0,2,0,2
10,-54097.13831,412717.3127,Age0_F10_m1f1_P10_Y7_UO52,I1_F44_m1f1_P44_Y4_UO58,ID1_F44_m-1f-1_P9_Y-1_U79,MXY,0,0.0,0,0,0.0,0,0,0,0.0,0.3125,1,P76_CV0,2,0,2,2,0,0,2,0,2
10,-54097.13831,412717.3127,Age0_F10_m1f1_P10_Y7_UO68,I1_F44_m1f1_P44_Y3_UO77,I1_F10_m4f4_P96_Y5_UO226,FXX,0,0.0,0,0,0.0,0,0,0,0.0,0.25,1,P76_CV0,2,1,1,0,2,0,2,0,2
10,-54097.13831,412717.3127,Age0_F10_m1f1_P10_Y7_UO75,I1_F33_m77f77_P33_Y2_UO3387,I1_F10_m-1f-1_P1_Y-1_U142,FXX,0,0.0,0,0,0.0,0,0,0,0.0,0.25,1,P76_CV0,2,0,2,1,1,0,2,0,2
10,-54097.13831,412717.3127,Age0_F10_m1f1_P10_Y7_UO87,I1_F33_m77f77_P10_Y0_UO3702,I1_F33_m77f77_P10_Y0_UO3668,FXX,0,0.0,0,0,0.0,0,0,0,0.0,0.25,1,P76_CV0,2,0,2,1,1,0,2,0,2
10,-54097.13831,412717.3127,Age0_F10_m1f1_P10_Y7_UO94,ID1_F10_m-1f-1_P77_Y-1_U171,I1_F33_m77f77_P10_Y0_UO3668,FXX,0,0.0,0,0,0.0,0,0,0,0.0,0.25,1,P76_CV0,2,1,1,1,1,0,2,0,2
10,-54097.13831,412717.3127,Age0_F10_m1f1_P10_Y7_UO95,ID1_F33_m-1f-1_P77_Y-1_U110,I1_F33_m1f1_P33_Y0_UO48,MXY,0,0.0,0,0,0.0,0,0,0,0.0,0.375,1,P76_CV0,2,1,1,1,1,0,2,0,2
10,-54097.13831,412717.3127,Age0_F10_m4f4_P10_Y7_UO274,I4_F82_m77f77_P82_Y1_UO3234,I4_F82_m77f77_P10_Y4_UO3388,FXX,0,0.0,0,0,0.0,0,0,0,0.0,0.75,1,P76_CV0,2,1,1,1,1,0,2,0,2
10,-54097.13831,412717.3127,Age0_F10_m4f4_P10_Y7_UO282,I4_F82_m77f77_P82_Y0_UO3686,I4_F82_m9f9_P33_Y0_UO569,MXY,0,0.0,0,0,0.0,0,0,0,0.0,0.75,1,P76_CV0,2,2,0,1,1,0,2,0,2
10,-54097.13831,412717.3127,Age0_F10_m9f9_P10_Y7_UO532,I9_F33_m9f9_P44_Y5_UO570,ID9_F33_m77f77_P10_Y5_UO3405,FXX,0,0.0,0,0,0.0,0,0,0,0.0,0.53125,1,P76_CV0,2,1,1,1,1,0,2,0,2
10,-54097.13831,412717.3127,Age0_F10_m9f9_P10_Y7_UO535,I9_F33_m9f9_P10_Y5_UO599,I9_F33_m77f77_P10_Y3_UO3390,MXY,0,0.0,0,0,0.0,0,0,0,0.0,0.4375,1,P76_CV0,2,1,1,1,1,0,2,0,2
10,-54097.13831,412717.3127,Age0_F10_m9f9_P10_Y7_UO543,I9_F18_m1f1_P33_Y5_UO91,I9_F10_m77f77_P18_Y5_UO3439,FXX,0,0.0,0,0,0.0,0,0,0,0.0,0.6875,1,P76_CV0,2,2,0,1,1,0,2,0,2
10,-54097.13831,412717.3127,Age0_F10_m9f9_P10_Y7_UO547,I9_F10_m77f77_P10_Y5_UO3449,ID9_F33_m4f4_P96_Y0_UO203,FXX,0,0.0,0,0,0.0,0,0,0,0.0,0.5,1,P76_CV0,2,2,0,0,2,0,2,0,2
10,-54097.13831,412717.3127,Age0_F10_m9f9_P10_Y7_UO552,ID9_F18_m77f77_P10_Y5_UO3397,I9_F44_m9f9_P33_Y3_UO528,FXX,0,0.0,0,0,0.0,0,0,0,0.0,0.4375,1,P76_CV0,2,1,1,2,0,0,2,0,2
10,-54097.13831,412717.3127,Age0_F10_m9f9_P10_Y7_UO565,ID9_F10_m77f77_P10_Y4_UO3379,ID9_F33_m4f4_P10_Y3_UO188,FXX,0,0.0,0,0,0.0,0,0,0,0.0,0.5,1,P76_CV0,2,2,0,1,1,0,2,0,2
10,-54097.13831,412717.3127,Age0_F10_m9f9_P10_Y7_UO566,I9_F33_m9f9_P10_Y4_UO507,ID9_F44_m77f77_P10_Y5_UO3387,MXY,0,0.0,0,0,0.0,0,0,0,0.0,0.71875,1,P76_CV0,2,2,0,2,0,0,2,0,2
10,-54097.13831,412717.3127,Age0_F10_m9f9_P10_Y7_UO568,I9_F33_m9f9_P18_Y4_UO607,I9_F10_m77f77_P10_Y4_UO3415,FXX,0,0.0,0,0,0.0,0,0,0,0.0,0.375,1,P76_CV0,2,0,2,2,0,0,2,0,2
10,-54097.13831,412717.3127,Age0_F10_m9f9_P10_Y7_UO571,I9_F33_m77f77_P10_Y4_UO3390,ID9_F33_m1f1_P33_Y4_UO20,MXY,0,0.0,0,0,0.0,0,0,0,0.0,0.78125,1,P76_CV0,2,0,2,0,2,0,2,0,2
10,-54097.13831,412717.3127,Age0_F10_m9f9_P10_Y7_UO573,ID9_F10_m9f9_P10_Y4_UO526,I9_F10_m1f1_P33_Y5_UO31,MXY,0,0.0,0,0,0.0,0,0,0,0.0,0.59375,1,P76_CV0,2,1,1,2,0,0,2,0,2
10,-54097.13831,412717.3127,Age0_F10_m9f9_P10_Y7_UO597,I9_F33_m9f9_P10_Y2_UO565,ID9_F33_m77f77_P33_Y1_UO3213,MXY,0,0.0,0,0,0.0,0,0,0,0.0,0.625,1,P76_CV0,2,1,1,1,1,0,2,0,2
10,-54097.13831,412717.3127,Age0_F10_m9f9_P10_Y7_UO608,I9_F33_m77f77_P10_Y1_UO3282,I9_F10_m-1f-1_P1_Y-1_U175,MXY,0,0.0,0,0,0.0,0,0,0,0.0,0.875,1,P76_CV0,2,1,1,2,0,0,2,0,2
10,-54097.13831,412717.3127,Age0_F10_m77f77_P10_Y7_UO3417,ID77_F10_m1f1_P10_Y5_UO26,ID77_F44_m9f9_P44_Y4_UO594,MXY,0,0.0,0,0,0.0,0,0,0,0.0,0.3125,1,P76_CV0,2,0,2,2,0,0,2,0,2
10,-54097.13831,412717.3127,Age0_F10_m77f77_P10_Y7_UO3424,I77_F33_m4f4_P82_Y5_UO243,ID77_F10_m-1f-1_P77_Y-1_U247,MXY,0,0.0,0,0,0.0,0,0,0,0.0,0.375,1,P76_CV0,2,0,2,1,1,0,2,0,2
10,-54097.13831,412717.3127,Age0_F10_m77f77_P10_Y7_UO3432,I77_F82_m9f9_P33_Y3_UO498,ID77_F44_m9f9_P44_Y4_UO594,FXX,0,0.0,0,0,0.0,0,0,0,0.0,0.5625,1,P76_CV0,2,1,1,1,1,0,2,0,2
10,-54097.13831,412717.3127,Age0_F10_m77f77_P10_Y7_UO3439,ID77_F18_m77f77_P10_Y3_UO3400,ID77_F10_m77f77_P10_Y4_UO3425,MXY,0,0.0,0,0,0.0,0,0,0,0.0,0.5,1,P76_CV0,2,0,2,1,1,0,2,0,2
10,-54097.13831,412717.3127,Age0_F10_m77f77_P10_Y7_UO3454,I77_F33_m77f77_P10_Y0_UO3672,I77_F10_m4f4_P82_Y4_UO226,MXY,0,0.0,0,0,0.0,0,0,0,0.0,0.25,1,P76_CV0,2,1,1,0,2,0,2,0,2
10,-54097.13831,412717.3127,Age0_F10_m77f77_P10_Y7_UO3455,I77_F10_m77f77_P10_Y0_UO3639,I77_F10_m-1f-1_P77_Y-1_U126,MXY,0,0.0,0,0,0.0,0,0,0,0.0,0.5,1,P76_CV0,2,1,1,1,1,0,2,0,2
10,-54097.13831,412717.3127,Age0_F10_m77f77_P10_Y7_UO3460,I77_F10_m-1f-1_P77_Y-1_U226,I77_F67_m-1f-1_P77_Y-1_U193,FXX,0,0.0,0,0,0.0,0,0,0,0.0,0.5,1,P76_CV0,2,1,1,1,1,0,2,0,2
10,-54097.13831,412717.3127,Age0_F10_m77f77_P10_Y7_UO3462,I77_F10_m-1f-1_P4_Y-1_U88,I77_F33_m-1f-1_P77_Y-1_U32,FXX,0,0.0,0,0,0.0,0,0,0,0.0,0.5,1,P76_CV0,2,1,1,0,2,0,2,0,2
10,-54097.13831,412717.3127,Age0_F10_m77f77_P10_Y7_UO3464,ID77_F33_m-1f-1_P77_Y-1_U69,I77_F10_m4f4_P82_Y5_UO208,FXX,0,0.0,0,0,0.0,0,0,0,0.0,0.75,1,P76_CV0,2,1,1,0,2,0,2,0,2
10,-54097.13831,412717.3127,Age0_F10_m77f77_P10_Y7_UO3465,I77_F10_m-1f-1_P77_Y-1_U18,I77_F82_m1f1_P33_Y5_UO27,FXX,0,0.0,0,0,0.0,0,0,0,0.0,0.4375,1,P76_CV0,2,0,2,2,0,0,2,0,2
10,-54097.13831,412717.3127,Age0_F10_m77f77_P10_Y7_UO3467,ID77_F82_m-1f-1_P77_Y-1_U165,I77_F10_m-1f-1_P77_Y-1_U126,MXY,0,0.0,0,0,0.0,0,0,0,0.0,0.5,1,P76_CV0,2,1,1,2,0,0,2,0,2
10,-54097.13831,412717.3127,Age0_F10_m77f77_P10_Y7_UO3469,ID77_F33_m-1f-1_P77_Y-1_U224,I77_F10_m-1f-1_P77_Y-1_U233,MXY,0,0.0,0,0,0.0,0,0,0,0.0,0.5,1,P76_CV0,2,1,1,1,1,0,2,0,2
10,-54097.13831,412717.3127,Age0_F10_m77f77_P10_Y7_UO3472,I77_F10_m-1f-1_P77_Y-1_U79,I77_F10_m-1f-1_P77_Y-1_U175,FXX,0,0.0,0,0,0.0,0,0,0,0.0,0.5,1,P76_CV0,2,2,0,1,1,0,2,0,2
10,-54097.13831,412717.3127,Age0_F10_m77f77_P10_Y7_UO3474,I77_F10_m-1f-1_P77_Y-1_U187,ID77_F10_m9f9_P10_Y4_UO606,MXY,0,0.0,0,0,0.0,0,0,0,0.0,0.875,1,P76_CV0,2,2,0,1,1,0,2,0,2
10,-54097.13831,412717.3127,Age0_F10_m77f77_P10_Y7_UO3475,I77_F10_m-1f-1_P77_Y-1_U195,I77_F10_m-1f-1_P77_Y-1_U16,MXY,0,0.0,0,0,0.0,0,0,0,0.0,0.5,1,P76_CV0,2,2,0,0,2,0,2,0,2
10,-54097.13831,412717.3127,E10_F1_m1f1_P10_Y6_UO2,I1_F10_m77f77_P10_Y4_UO3379,I1_F33_m1f1_P44_Y2_UO95,FXX,1,0.0,1,1,1.0,0,0,0,-9999.0,0.375,1,P76_CV0,2,1,1,1,1,0,2,0,2
10,-54097.13831,412717.3127,E10_F1_m1f1_P10_Y6_UO18,I1_F44_m1f1_P33_Y4_UO46,I1_F10_m-1f-1_P9_Y-1_U6,FXX,1,0.0,1,1,1.0,0,0,0,-9999.0,0.25,1,P76_CV0,2,0,2,1,1,0,2,0,2
10,-54097.13831,412717.3127,E10_F1_m1f1_P10_Y6_UO46,I1_F44_m1f1_P44_Y3_UO71,I1_F44_m9f9_P10_Y4_UO573,FXX,1,0.0,1,1,1.0,0,0,0,-9999.0,0.625,1,P76_CV0,2,2,0,0,2,0,2,0,2
10,-54097.13831,412717.3127,E10_F1_m9f9_P10_Y6_UO552,I9_F33_m9f9_P44_Y4_UO538,I9_F10_m77f77_P10_Y4_UO3415,FXX,1,0.0,1,1,1.0,0,0,0,-9999.0,0.375,1,P76_CV0,2,2,0,1,1,0,2,0,2
10,-54097.13831,412717.3127,E10_F1_m9f9_P10_Y6_UO577,ID9_F10_m77f77_P10_Y3_UO3397,I9_F10_m9f9_P10_Y3_UO534,FXX,1,0.0,1,1,1.0,0,0,0,-9999.0,0.5625,1,P76_CV0,2,2,0,0,2,0,2,0,2
10,-54097.13831,412717.3127,E10_F1_m77f77_P10_Y6_UO3443,I77_F18_m77f77_P10_Y3_UO3411,I77_F10_m1f1_P96_Y0_UO27,FXX,1,0.0,1,1,1.0,0,0,0,-9999.0,0.625,1,P76_CV0,2,1,1,0,2,0,2,0,2
10,-54097.13831,412717.3127,E10_F1_m77f77_P10_Y6_UO3475,ID77_F82_m-1f-1_P77_Y-1_U18,I77_F10_m-1f-1_P77_Y-1_U16,FXX,1,0.0,1,1,1.0,0,0,0,-9999.0,0.5,1,P76_CV0,2,0,2,1,1,0,2,0,2
10,-54097.13831,412717.3127,E10_F1_m1f1_P33_Y6_UO42,ID1_F10_m1f1_P10_Y3_UO64,I1_F33_m-1f-1_P1_Y-1_U113,FXX,1,0.0,1,1,1.0,0,0,0,-9999.0,0.375,1,P76_CV0,2,0,2,2,0,0,2,0,2
10,-54097.13831,412717.3127,E10_F1_m9f9_P33_Y6_UO632,I9_F10_m-1f-1_P77_Y-1_U73,I9_F10_m9f9_P44_Y4_UO594,MXY,1,0.0,1,1,0.0,0,0,0,-9999.0,0.5,1,P76_CV0,2,1,1,1,1,0,2,0,2
10,-54097.13831,412717.3127,E10_F1_m1f1_P44_Y6_UO62,I1_F10_m77f77_P10_Y2_UO3395,I1_F33_m-1f-1_P9_Y-1_U147,FXX,1,0.0,1,1,1.0,0,0,0,-9999.0,0.75,1,P76_CV0,2,2,0,1,1,0,2,0,2
10,-54097.13831,412717.3127,E10_F4_m4f4_P82_Y6_UO224,I4_F82_m4f4_P82_Y4_UO235,ID4_F67_m77f77_P82_Y3_UO3407,MXY,1,0.0,1,1,0.0,0,0,0,-9999.0,0.25,1,P76_CV0,2,1,1,0,2,0,2,0,2
10,-54097.13831,412717.3127,E10_F4_m77f77_P82_Y6_UO3431,ID77_F18_m1f1_P10_Y4_UO66,ID77_F10_m77f77_P10_Y1_UO3223,FXX,1,0.0,1,1,1.0,0,0,0,-9999.0,0.5,1,P76_CV0,2,1,1,1,1,0,2,0,2
10,-54097.13831,412717.3127,E10_F4_m77f77_P82_Y6_UO3468,I77_F82_m-1f-1_P77_Y-1_U11,I77_F10_m77f77_P10_Y4_UO3373,MXY,1,0.0,1,1,0.0,0,0,0,-9999.0,0.375,1,P76_CV0,2,0,2,0,2,0,2,0,2
10,-54097.13831,412717.3127,E10_F9_m1f1_P10_Y6_UO35,I1_F33_m77f77_P33_Y3_UO3393,I1_F33_m1f1_P44_Y2_UO36,FXX,1,0.0,1,1,1.0,0,0,0,-9999.0,0.3125,1,P76_CV0,2,1,1,1,1,0,2,0,2
10,-54097.13831,412717.3127,E10_F9_m1f1_P10_Y6_UO84,ID1_F33_m-1f-1_P77_Y-1_U171,I1_F10_m1f1_P44_Y3_UO57,MXY,1,0.0,1,1,0.0,0,0,0,-9999.0,0.5,1,P76_CV0,2,1,1,1,1,0,2,0,2
10,-54097.13831,412717.3127,E10_F9_m9f9_P10_Y6_UO638,I9_F10_m-1f-1_P1_Y-1_U101,I9_F10_m1f1_P44_Y4_UO37,MXY,1,0.0,1,1,0.0,0,0,0,-9999.0,0.8125,1,P76_CV0,2,2,0,1,1,0,2,0,2
10,-54097.13831,412717.3127,E10_F9_m77f77_P10_Y6_UO3474,ID77_F33_m-1f-1_P77_Y-1_U77,ID77_F10_m1f1_P10_Y2_UO50,FXX,1,0.0,1,1,1.0,0,0,0,-9999.0,0.6875,1,P76_CV0,2,1,1,0,2,0,2,0,2
10,-54097.13831,412717.3127,E10_F9_m77f77_P10_Y6_UO3485,I77_F82_m-1f-1_P77_Y-1_U92,ID77_F44_m77f77_P10_Y4_UO3425,MXY,1,0.0,1,1,0.0,0,0,0,-9999.0,0.5,1,P76_CV0,2,1,1,1,1,0,2,0,2
10,-54097.13831,412717.3127,E10_F9_m9f9_P18_Y6_UO559,ID9_F33_m1f1_P33_Y4_UO16,I9_F10_m9f9_P10_Y3_UO534,FXX,1,0.0,1,1,1.0,0,0,0,-9999.0,0.5,1,P76_CV0,2,2,0,1,1,0,2,0,2
10,-54097.13831,412717.3127,E10_F9_m9f9_P18_Y6_UO617,I9_F33_m77f77_P10_Y0_UO3696,I9_F33_m9f9_P18_Y4_UO608,MXY,1,0.0,1,1,0.0,0,0,0,-9999.0,0.375,1,P76_CV0,2,0,2,0,2,0,2,0,2
10,-54097.13831,412717.3127,E10_F9_m77f77_P18_Y6_UO3433,ID77_F33_m9f9_P18_Y4_UO546,I77_F10_m-1f-1_P77_Y-1_U46,MXY,1,0.0,1,1,0.0,0,0,0,-9999.0,0.4375,1,P76_CV0,2,1,1,2,0,0,2,0,2
10,-54097.13831,412717.3127,E10_F9_m1f1_P33_Y6_UO73,I1_F33_m77f77_P10_Y0_UO3702,I1_F33_m1f1_P44_Y2_UO69,FXX,1,0.0,1,1,1.0,0,0,0,-9999.0,0.5,1,P76_CV0,2,2,0,2,0,0,2,0,2
10,-54097.13831,412717.3127,E10_F9_m9f9_P33_Y6_UO541,ID9_F10_m1f1_P10_Y4_UO57,I9_F44_m4f4_P10_Y3_UO188,MXY,1,0.0,1,1,0.0,0,0,0,-9999.0,0.3125,1,P76_CV0,2,2,0,1,1,0,2,0,2
10,-54097.13831,412717.3127,E10_F9_m9f9_P33_Y6_UO570,ID9_F10_m1f1_P10_Y3_UO13,I9_F44_m77f77_P10_Y4_UO3358,MXY,1,0.0,1,1,0.0,0,0,0,-9999.0,0.5625,1,P76_CV0,2,0,2,0,2,0,2,0,2
10,-54097.13831,412717.3127,E10_F9_m9f9_P33_Y6_UO610,I9_F33_m77f77_P10_Y1_UO3236,I9_F10_m77f77_P33_Y2_UO3389,FXX,1,0.0,1,1,1.0,0,0,0,-9999.0,0.125,1,P76_CV0,2,1,1,0,2,0,2,0,2
10,-54097.13831,412717.3127,E10_F9_m9f9_P33_Y6_UO629,I9_F33_m-1f-1_P9_Y-1_U33,I9_F33_m9f9_P10_Y4_UO563,FXX,1,0.0,1,1,1.0,0,0,0,-9999.0,0.5,1,P76_CV0,2,0,2,2,0,0,2,0,2
10,-54097.13831,412717.3127,E10_F9_m9f9_P33_Y6_UO630,I9_F44_m-1f-1_P77_Y-1_U69,I9_F10_m77f77_P10_Y0_UO3694,MXY,1,0.0,1,1,0.0,0,0,0,-9999.0,0.625,1,P76_CV0,2,1,1,1,1,0,2,0,2
10,-54097.13831,412717.3127,E10_F9_m77f77_P33_Y6_UO3469,ID77_F10_m-1f-1_P77_Y-1_U110,ID77_F10_m-1f-1_P77_Y-1_U89,MXY,1,0.0,1,1,0.0,0,0,0,-9999.0,0.25,1,P76_CV0,2,0,2,0,2,0,2,0,2
10,-54097.13831,412717.3127,E10_F9_m77f77_P33_Y6_UO3479,I77_F10_m-1f-1_P77_Y-1_U224,ID77_F10_m-1f-1_P77_Y-1_U160,MXY,1,0.0,1,1,0.0,0,0,0,-9999.0,0.5,1,P76_CV0,2,0,2,2,0,0,2,0,2
10,-54097.13831,412717.3127,E10_F9_m77f77_P33_Y6_UO3490,I77_F82_m-1f-1_P9_Y-1_U217,ID77_F10_m-1f-1_P77_Y-1_U89,FXX,1,0.0,1,1,1.0,0,0,0,-9999.0,0.75,1,P76_CV0,2,1,1,1,1,0,2,0,2
10,-54097.13831,412717.3127,E10_F9_m1f1_P44_Y6_UO31,I1_F96_m1f1_P44_Y3_UO77,I1_F33_m-1f-1_P1_Y-1_U178,MXY,1,0.0,1,1,0.0,0,0,0,-9999.0,0.3125,1,P76_CV0,2,1,1,1,1,0,2,0,2
10,-54097.13831,412717.3127,E10_F77_m77f77_P10_Y6_UO3442,I77_F10_m4f4_P82_Y3_UO225,I77_F33_m-1f-1_P77_Y-1_U211,MXY,1,0.0,1,1,0.0,0,0,0,-9999.0,0.5,1,P76_CV0,2,2,0,1,1,0,2,0,2
10,-54097.13831,412717.3127,E10_F77_m77f77_P10_Y6_UO3477,I77_F10_m-1f-1_P77_Y-1_U212,I77_F10_m-1f-1_P77_Y-1_U6,FXX,1,0.0,1,1,1.0,0,0,0,-9999.0,0.5,1,P76_CV0,2,1,1,2,0,0,2,0,2
10,-54097.13831,412717.3127,E10_F77_m77f77_P82_Y6_UO3453,I77_F82_m1f1_P33_Y2_UO80,I77_F10_m-1f-1_P77_Y-1_U220,FXX,1,0.0,1,1,1.0,0,0,0,-9999.0,0.5,1,P76_CV0,2,1,1,1,1,0,2,0,2
10,-54097.13831,412717.3127,E10_F77_m77f77_P82_Y6_UO3458,I77_F10_m4f4_P82_Y1_UO244,ID77_F82_m-1f-1_P77_Y-1_U193,FXX,1,0.0,1,1,1.0,0,0,0,-9999.0,0.125,1,P76_CV0,2,0,2,1,1,0,2,0,2
10,-54097.13831,412717.3127,E10_F1_m9f9_P33_Y5_UO594,I9_F18_m77f77_P10_Y1_UO3286,I9_F10_m77f77_P10_Y2_UO3425,FXX,2,0.0,1,0,1.0,0,0,0,-9999.0,0.25,1,P76_CV0,2,1,1,2,0,0,2,0,2
10,-54097.13831,412717.3127,E10_F1_m77f77_P33_Y5_UO3435,I77_F10_m-1f-1_P77_Y-1_U139,I77_F10_m-1f-1_P77_Y-1_U175,MXY,2,0.0,1,0,0.0,0,0,0,-9999.0,0.5,1,P76_CV0,2,2,0,2,0,0,2,0,2
10,-54097.13831,412717.3127,E10_F1_m9f9_P33_Y5_UO580,I9_F10_m77f77_P10_Y2_UO3440,I9_F33_m-1f-1_P77_Y-1_U178,MXY,2,0.0,1,0,0.0,0,0,0,-9999.0,0.5,1,P76_CV0,2,2,0,2,0,0,2,0,2
10,-54097.13831,412717.3127,E10_F1_m9f9_P10_Y5_UO559,ID9_F10_m1f1_P33_Y3_UO42,I9_F33_m9f9_P33_Y2_UO526,FXX,2,0.0,1,0,1.0,0,0,0,-9999.0,0.5625,1,P76_CV0,2,1,1,1,1,0,2,0,2
10,-54097.13831,412717.3127,E10_F1_m1f1_P44_Y5_UO15,I1_F33_m1f1_P44_Y3_UO71,ID1_F33_m1f1_P10_Y2_UO66,MXY,2,0.0,1,0,0.0,0,0,0,-9999.0,0.8125,1,P76_CV0,2,2,0,1,1,0,2,0,2
10,-54097.13831,412717.3127,E10_F1_m1f1_P44_Y5_UO93,I1_F44_m-1f-1_P9_Y-1_U239,I1_F44_m77f77_P10_Y0_UO3651,FXX,2,0.0,1,0,1.0,0,0,0,-9999.0,0.625,1,P76_CV0,2,1,1,2,0,0,2,0,2
10,-54097.13831,412717.3127,E10_F1_m1f1_P33_Y5_UO77,ID1_F33_m77f77_P10_Y0_UO3627,ID1_F10_m1f1_P33_Y0_UO48,FXX,2,0.0,1,0,1.0,0,0,0,-9999.0,0.75,1,P76_CV0,2,1,1,2,0,0,2,0,2
10,-54097.13831,412717.3127,E10_F9_m77f77_P33_Y5_UO3423,I77_F10_m-1f-1_P77_Y-1_U145,I77_F82_m-1f-1_P77_Y-1_U160,FXX,2,0.0,1,0,1.0,0,0,0,-9999.0,0.25,1,P76_CV0,2,0,2,2,0,0,2,0,2
10,-54097.13831,412717.3127,E10_F9_m9f9_P33_Y5_UO610,I9_F44_m9f9_P33_Y0_UO540,ID9_F10_m9f9_P10_Y3_UO534,MXY,2,0.0,1,0,0.0,0,0,0,-9999.0,0.6875,1,P76_CV0,2,2,0,1,1,0,2,0,2
10,-54097.13831,412717.3127,E10_F9_m9f9_P10_Y5_UO619,ID9_F10_m77f77_P10_Y0_UO3674,I9_F33_m77f77_P10_Y1_UO3273,FXX,2,0.0,1,0,1.0,0,0,0,-9999.0,0.625,1,P76_CV0,2,2,0,1,1,0,2,0,2
10,-54097.13831,412717.3127,E10_F9_m77f77_P10_Y5_UO3449,I77_F10_m-1f-1_P77_Y-1_U205,I77_F10_m-1f-1_P77_Y-1_U193,FXX,2,0.0,1,0,1.0,0,0,0,-9999.0,0.25,1,P76_CV0,2,1,1,1,1,0,2,0,2
10,-54097.13831,412717.3127,E10_F9_m9f9_P33_Y5_UO644,I9_F10_m-1f-1_P1_Y-1_U166,ID9_F10_m9f9_P10_Y3_UO534,FXX,2,0.0,1,0,1.0,0,0,0,-9999.0,0.8125,1,P76_CV0,2,2,0,1,1,0,2,0,2
10,-54097.13831,412717.3127,E10_F77_m1f1_P10_Y5_UO26,I1_F10_m1f1_P10_Y3_UO64,I1_F10_m77f77_P10_Y0_UO3668,FXX,2,0.0,1,0,1.0,0,0,0,-9999.0,0.125,1,P76_CV0,2,0,2,2,0,0,2,0,2
10,-54097.13831,412717.3127,E10_F77_m4f4_P82_Y5_UO206,ID4_F82_m4f4_P67_Y3_UO193,I4_F82_m4f4_P82_Y3_UO183,MXY,2,0.0,1,0,0.0,0,0,0,-9999.0,0.5625,1,P76_CV0,2,0,2,0,2,0,2,0,2
10,-54097.13831,412717.3127,E10_F77_m1f1_P33_Y5_UO7,I1_F44_m77f77_P33_Y3_UO3393,I1_F33_m9f9_P33_Y0_UO556,FXX,2,0.0,1,0,1.0,0,0,0,-9999.0,0.375,1,P76_CV0,2,1,1,0,2,0,2,0,2
10,-54097.13831,412717.3127,E10_F1_m1f1_P44_Y4_UO35,I1_F33_m77f77_P10_Y1_UO3215,I1_F10_m1f1_P33_Y2_UO0,FXX,3,0.0,1,0,1.0,0,0,0,-9999.0,0.5,1,P76_CV0,2,2,0,2,0,0,2,0,2
10,-54097.13831,412717.3127,E10_F1_m1f1_P44_Y4_UO58,ID1_F33_m77f77_P33_Y0_UO3691,I1_F10_m77f77_P10_Y0_UO3668,FXX,3,0.0,1,0,1.0,0,0,0,-9999.0,0.125,1,P76_CV0,2,0,2,2,0,0,2,0,2
10,-54097.13831,412717.3127,E10_F1_m1f1_P10_Y4_UO27,I1_F10_m77f77_P33_Y2_UO3397,I1_F10_m9f9_P44_Y2_UO555,FXX,3,0.0,1,0,1.0,0,0,0,-9999.0,0.875,1,P76_CV0,2,2,0,1,1,0,2,0,2
10,-54097.13831,412717.3127,E10_F4_m77f77_P10_Y4_UO3388,I77_F82_m-1f-1_P77_Y-1_U105,I77_F82_m1f1_P10_Y1_UO69,MXY,3,0.0,1,0,0.0,0,0,0,-9999.0,0.75,1,P76_CV0,2,1,1,2,0,0,2,0,2
10,-54097.13831,412717.3127,E10_F9_m1f1_P44_Y4_UO37,I1_F33_m77f77_P96_Y1_UO3287,I1_F44_m77f77_P10_Y0_UO3712,MXY,3,0.0,1,0,0.0,0,0,0,-9999.0,0.625,1,P76_CV0,2,2,0,0,2,0,2,0,2
10,-54097.13831,412717.3127,E10_F9_m77f77_P10_Y4_UO3379,ID77_F82_m77f77_P10_Y0_UO3639,I77_F82_m-1f-1_P77_Y-1_U233,FXX,3,0.0,1,0,1.0,0,0,0,-9999.0,0.5,1,P76_CV0,2,2,0,0,2,0,2,0,2
10,-54097.13831,412717.3127,E10_F9_m9f9_P10_Y4_UO507,I9_F33_m9f9_P33_Y2_UO514,I9_F10_m-1f-1_P77_Y-1_U182,FXX,3,0.0,1,0,1.0,0,0,0,-9999.0,0.5,1,P76_CV0,2,2,0,2,0,0,2,0,2
10,-54097.13831,412717.3127,E10_F9_m77f77_P10_Y4_UO3390,I77_F10_m-1f-1_P77_Y-1_U180,I77_F33_m-1f-1_P77_Y-1_U126,FXX,3,0.0,1,0,1.0,0,0,0,-9999.0,0.75,1,P76_CV0,2,1,1,1,1,0,2,0,2
10,-54097.13831,412717.3127,E10_F9_m77f77_P10_Y4_UO3395,I77_F10_m-1f-1_P77_Y-1_U77,I77_F10_m-1f-1_P77_Y-1_U58,MXY,3,0.0,1,0,0.0,0,0,0,-9999.0,0.5,1,P76_CV0,2,1,1,1,1,0,2,0,2
10,-54097.13831,412717.3127,E10_F9_m9f9_P10_Y4_UO526,I9_F10_m1f1_P44_Y2_UO16,I9_F96_m9f9_P33_Y2_UO526,FXX,3,0.0,1,0,1.0,0,0,0,-9999.0,0.5,1,P76_CV0,2,0,2,2,0,0,2,0,2
10,-54097.13831,412717.3127,E10_F77_m77f77_P82_Y4_UO3378,I77_F10_m77f77_P10_Y0_UO3672,I77_F10_m-1f-1_P77_Y-1_U118,MXY,3,0.0,1,0,0.0,0,0,0,-9999.0,0.125,1,P76_CV0,2,0,2,0,2,0,2,0,2
10,-54097.13831,412717.3127,E10_F77_m77f77_P10_Y4_UO3373,I77_F10_m77f77_P33_Y1_UO3260,I77_F10_m-1f-1_P77_Y-1_U32,MXY,3,0.0,1,0,0.0,0,0,0,-9999.0,0.75,1,P76_CV0,2,1,1,0,2,0,2,0,2
10,-54097.13831,412717.3127,E10_F77_m77f77_P10_Y4_UO3425,I77_F10_m-1f-1_P77_Y-1_U205,ID77_F10_m77f77_P82_Y2_UO3386,MXY,3,0.0,1,0,0.0,0,0,0,-9999.0,0.5,1,P76_CV0,2,0,2,2,0,0,2,0,2
10,-54097.13831,412717.3127,E10_F1_m77f77_P33_Y3_UO3401,ID77_F82_m-1f-1_P4_Y-1_U88,I77_F10_m-1f-1_P77_Y-1_U247,MXY,4,0.0,1,0,0.0,0,0,0,-9999.0,0.25,1,P76_CV0,2,1,1,1,1,0,2,0,2
10,-54097.13831,412717.3127,E10_F1_m1f1_P44_Y3_UO77,I1_F10_m-1f-1_P1_Y-1_U246,ID1_F44_m77f77_P10_Y1_UO3233,FXX,4,0.0,1,0,1.0,0,0,0,-9999.0,0.125,1,P76_CV0,2,0,2,1,1,0,2,0,2
10,-54097.13831,412717.3127,E10_F9_m9f9_P33_Y3_UO528,ID9_F10_m9f9_P33_Y0_UO568,I9_F10_m-1f-1_P77_Y-1_U239,MXY,4,0.0,1,0,0.0,0,0,0,-9999.0,0.375,1,P76_CV0,2,1,1,1,1,0,2,0,2
10,-54097.13831,412717.3127,E10_F9_m9f9_P10_Y3_UO504,I9_F33_m77f77_P10_Y1_UO3256,ID9_F33_m-1f-1_P77_Y-1_U67,MXY,4,0.0,1,0,0.0,0,0,0,-9999.0,0.25,1,P76_CV0,2,0,2,0,2,0,2,0,2
10,-54097.13831,412717.3127,E10_F9_m77f77_P10_Y3_UO3397,I77_F82_m-1f-1_P77_Y-1_U180,I77_F10_m-1f-1_P77_Y-1_U169,FXX,4,0.0,1,0,1.0,0,0,0,-9999.0,0.5,1,P76_CV0,2,1,1,0,2,0,2,0,2
10,-54097.13831,412717.3127,E10_F9_m77f77_P10_Y3_UO3386,ID77_F82_m4f4_P82_Y0_UO263,I77_F10_m-1f-1_P77_Y-1_U156,FXX,4,0.0,1,0,1.0,0,0,0,-9999.0,0.75,1,P76_CV0,2,2,0,0,2,0,2,0,2
10,-54097.13831,412717.3127,E10_F77_m77f77_P10_Y3_UO3411,I77_F33_m-1f-1_P77_Y-1_U73,ID77_F10_m-1f-1_P77_Y-1_U128,FXX,4,0.0,1,0,1.0,0,0,0,-9999.0,0.75,1,P76_CV0,2,1,1,1,1,0,2,0,2
10,-54097.13831,412717.3127,E10_F77_m77f77_P10_Y3_UO3400,I77_F33_m-1f-1_P77_Y-1_U137,I77_F10_m-1f-1_P77_Y-1_U130,FXX,4,0.0,1,0,1.0,0,0,0,-9999.0,0.5,1,P76_CV0,2,1,1,0,2,0,2,0,2
10,-54097.13831,412717.3127,E10_F1_m77f77_P33_Y2_UO3387,ID77_F33_m77f77_P82_Y0_UO3648,I77_F82_m-1f-1_P77_Y-1_U16,FXX,5,0.0,1,0,1.0,0,0,0,-9999.0,0.5,1,P76_CV0,2,0,2,1,1,0,2,0,2
10,-54097.13831,412717.3127,E10_F9_m9f9_P33_Y2_UO526,I9_F18_m77f77_P10_Y0_UO3666,I9_F44_m1f1_P96_Y0_UO43,MXY,5,0.0,1,0,0.0,0,0,0,-9999.0,0.625,1,P76_CV0,2,1,1,2,0,0,2,0,2
10,-54097.13831,412717.3127,E10_F9_m77f77_P10_Y2_UO3405,I77_F33_m-1f-1_P77_Y-1_U37,I77_F10_m-1f-1_P77_Y-1_U58,MXY,5,0.0,1,0,0.0,0,0,0,-9999.0,0.25,1,P76_CV0,2,0,2,1,1,0,2,0,2
10,-54097.13831,412717.3127,E10_F4_m77f77_P82_Y1_UO3234,I77_F67_m-1f-1_P77_Y-1_U18,I77_F82_m-1f-1_P77_Y-1_U2,FXX,6,0.0,1,0,1.0,0,0,0,-9999.0,0.75,1,P76_CV0,2,2,0,1,1,0,2,0,2
10,-54097.13831,412717.3127,E10_F9_m77f77_P10_Y1_UO3210,I77_F82_m-1f-1_P77_Y-1_U98,I77_F10_m-1f-1_P77_Y-1_U120,FXX,6,0.0,1,0,1.0,0,0,0,-9999.0,0.25,1,P76_CV0,2,1,1,1,1,0,2,0,2
10,-54097.13831,412717.3127,E10_F9_m77f77_P10_Y1_UO3282,I77_F10_m-1f-1_P77_Y-1_U205,I77_F82_m-1f-1_P77_Y-1_U97,FXX,6,0.0,1,0,1.0,0,0,0,-9999.0,0.75,1,P76_CV0,2,1,1,2,0,0,2,0,2
10,-54097.13831,412717.3127,E10_F9_m77f77_P10_Y1_UO3236,ID77_F10_m-1f-1_P77_Y-1_U56,I77_F82_m-1f-1_P77_Y-1_U119,FXX,6,0.0,1,0,1.0,0,0,0,-9999.0,0.0,1,P76_CV0,2,0,2,0,2,0,2,0,2
10,-54097.13831,412717.3127,E10_F9_m77f77_P33_Y1_UO3207,I77_F82_m-1f-1_P77_Y-1_U208,I77_F10_m-1f-1_P77_Y-1_U150,MXY,6,0.0,1,0,0.0,0,0,0,-9999.0,0.5,1,P76_CV0,2,1,1,1,1,0,2,0,2
10,-54097.13831,412717.3127,E10_F1_m77f77_P10_Y0_UO3702,R77_F77_m-1f-1_P77_Y-1_U217,R77_F77_m-1f-1_P77_Y-1_U53,FXX,7,0.0,1,0,1.0,0,0,0,-9999.0,0.5,1,P76_CV0,2,1,1,1,1,0,2,0,2
10,-54097.13831,412717.3127,E10_F4_m77f77_P82_Y0_UO3686,R77_F77_m-1f-1_P77_Y-1_U162,R77_F77_m-1f-1_P77_Y-1_U112,FXX,7,0.0,1,0,1.0,0,0,0,-9999.0,0.75,1,P76_CV0,2,2,0,2,0,0,2,0,2
10,-54097.13831,412717.3127,E10_F9_m77f77_P10_Y0_UO3674,R77_F77_m-1f-1_P77_Y-1_U137,R77_F77_m-1f-1_P77_Y-1_U179,FXX,7,0.0,1,0,1.0,0,0,0,-9999.0,0.5,1,P76_CV0,2,1,1,1,1,0,2,0,2
10,-54097.13831,412717.3127,E10_F77_m77f77_P10_Y0_UO3672,R77_F77_m-1f-1_P77_Y-1_U132,R77_F77_m-1f-1_P77_Y-1_U75,FXX,7,0.0,1,0,1.0,0,0,0,-9999.0,0.25,1,P76_CV0,2,0,2,0,2,0,2,0,2
10,-54097.13831,412717.3127,E10_F77_m77f77_P10_Y0_UO3639,R77_F77_m-1f-1_P77_Y-1_U49,R77_F77_m-1f-1_P77_Y-1_U167,FXX,7,0.0,1,0,1.0,0,0,0,-9999.0,0.5,1,P76_CV0,2,1,1,1,1,0,2,0,2
10,-54097.13831,412717.3127,E10_F1_m-1f-1_P77_Y-1_U171,-9999,-9999,FXX,8,0.0,1,0,1.0,0,0,0,-9999.0,0.5,1,P76_CV0,2,1,1,1,1,0,2,0,2
10,-54097.13831,412717.3127,E10_F1_m-1f-1_P77_Y-1_U110,-9999,-9999,FXX,8,0.0,1,0,1.0,0,0,0,-9999.0,0.0,1,P76_CV0,2,0,2,1,1,0,2,0,2
10,-54097.13831,412717.3127,E10_F77_m-1f-1_P77_Y-1_U89,-9999,-9999,MXY,8,0.0,1,0,0.0,0,0,0,-9999.0,0.5,1,P76_CV0,2,1,1,0,2,0,2,0,2
10,-54097.13831,412717.3127,E10_F77_m-1f-1_P77_Y-1_U11,-9999,-9999,FXX,8,0.0,1,0,1.0,0,0,0,-9999.0,0.0,1,P76_CV0,2,0,2,0,2,0,2,0,2
10,-54097.13831,412717.3127,E10_F77_m-1f-1_P77_Y-1_U46,-9999,-9999,MXY,8,0.0,1,0,0.0,0,0,0,-9999.0,0.5,1,P76_CV0,2,1,1,2,0,0,2,0,2
10,-54097.13831,412717.3127,E10_F9_m-1f-1_P77_Y-1_U178,-9999,-9999,MXY,9,0.0,1,0,0.0,0,0,0,-9999.0,0.5,1,P76_CV0,2,1,1,1,1,0,2,0,2
10,-54097.13831,412717.3127,E10_F77_m-1f-1_P77_Y-1_U226,-9999,-9999,FXX,9,0.0,1,0,1.0,0,0,0,-9999.0,1.0,1,P76_CV0,2,2,0,1,1,0,2,0,2
10,-54097.13831,412717.3127,E10_F9_m-1f-1_P77_Y-1_U150,-9999,-9999,MXY,10,0.0,1,0,0.0,0,0,0,-9999.0,0.5,1,P76_CV0,2,1,1,1,1,0,2,0,2
10,-54097.13831,412717.3127,E10_F77_m-1f-1_P77_Y-1_U243,-9999,-9999,FXX,10,0.0,1,0,1.0,0,0,0,-9999.0,0.0,1,P76_CV0,2,0,2,1,1,0,2,0,2
10,-54097.13831,412717.3127,E10_F77_m-1f-1_P77_Y-1_U69,-9999,-9999,FXX,10,0.0,1,0,1.0,0,0,0,-9999.0,0.5,1,P76_CV0,2,1,1,1,1,0,2,0,2
10,-54097.13831,412717.3127,E10_F77_m-1f-1_P77_Y-1_U160,-9999,-9999,MXY,10,0.0,1,0,0.0,0,0,0,-9999.0,0.5,1,P76_CV0,2,1,1,2,0,0,2,0,2
10,-54097.13831,412717.3127,E10_F77_m-1f-1_P77_Y-1_U18,-9999,-9999,FXX,10,0.0,1,0,1.0,0,0,0,-9999.0,0.5,1,P76_CV0,2,1,1,1,1,0,2,0,2
10,-54097.13831,412717.3127,E10_F77_m-1f-1_P77_Y-1_U113,-9999,-9999,MXY,10,0.0,1,0,0.0,0,0,0,-9999.0,0.5,1,P76_CV0,2,1,1,1,1,0,2,0,2
10,-54097.13831,412717.3127,E10_F77_m-1f-1_P77_Y-1_U165,-9999,-9999,FXX,11,0.0,1,0,1.0,0,0,0,-9999.0,0.5,1,P76_CV0,2,1,1,2,0,0,2,0,2
10,-54097.13831,412717.3127,E10_F77_m-1f-1_P77_Y-1_U58,-9999,-9999,MXY,11,0.0,1,0,0.0,0,0,0,-9999.0,0.0,1,P76_CV0,2,0,2,2,0,0,2,0,2
10,-54097.13831,412717.3127,E10_F77_m-1f-1_P77_Y-1_U224,-9999,-9999,FXX,11,0.0,1,0,1.0,0,0,0,-9999.0,0.5,1,P76_CV0,2,1,1,1,1,0,2,0,2
10,-54097.13831,412717.3127,E10_F77_m-1f-1_P77_Y-1_U79,-9999,-9999,FXX,12,0.0,1,0,1.0,0,0,0,-9999.0,0.5,1,P76_CV0,2,1,1,1,1,0,2,0,2
10,-54097.13831,412717.3127,E10_F77_m-1f-1_P77_Y-1_U32,-9999,-9999,MXY,13,0.0,1,0,0.0,0,0,0,-9999.0,1.0,1,P76_CV0,2,2,0,1,1,0,2,0,2
10,-54097.13831,412717.3127,E10_F77_m-1f-1_P77_Y-1_U187,-9999,-9999,FXX,14,0.0,1,0,1.0,0,0,0,-9999.0,1.0,1,P76_CV0,2,2,0,2,0,0,2,0,2
10,-54097.13831,412717.3127,E10_F77_m-1f-1_P77_Y-1_U228,-9999,-9999,MXY,14,0.0,1,0,0.0,0,0,0,-9999.0,0.5,1,P76_CV0,2,1,1,2,0,0,2,0,2
10,-54097.13831,412717.3127,E10_F77_m-1f-1_P77_Y-1_U195,-9999,-9999,FXX,15,0.0,1,0,1.0,0,0,0,-9999.0,0.5,1,P76_CV0,2,1,1,0,2,0,2,0,2
10,-54097.13831,412717.3127,E10_F77_m-1f-1_P77_Y-1_U214,-9999,-9999,FXX,16,0.0,1,0,1.0,0,0,0,-9999.0,1.0,1,P76_CV0,2,2,0,0,2,0,2,0,2
10,-54097.13831,412717.3127,Age0_F10_m4f4_P10_Y7_UO275,I4_F10_m4f4_P82_Y1_UO230,ID4_F82_m87f87_P67_Y5_UO4046,MXY,0,0.0,0,0,0.0,0,0,0,0.0,0.4375,1,P86_CV0,2,0,2,2,0,0,2,0,2
10,-54097.13831,412717.3127,Age0_F10_m1f1_P10_Y7_UO0,ID1_F33_m9f9_P33_Y5_UO651,ID1_F10_m1f1_P33_Y5_UO58,FXX,0,0.0,0,0,0.0,0,0,0,0.0,0.5625,1,P8_CV0,2,1,1,0,2,0,2,0,2
10,-54097.13831,412717.3127,Age0_F10_m1f1_P10_Y7_UO5,I1_F33_m1f1_P97_Y5_UO0,I1_F33_m9f9_P33_Y5_UO546,MXY,0,0.0,0,0,0.0,0,0,0,0.0,0.71875,1,P8_CV0,2,2,0,1,1,0,2,0,2
10,-54097.13831,412717.3127,Age0_F10_m1f1_P10_Y7_UO29,I1_F44_m1f1_P44_Y5_UO10,I1_F44_m9f9_P33_Y3_UO556,MXY,0,0.0,0,0,0.0,0,0,0,0.0,0.59375,1,P8_CV0,2,1,1,2,0,0,2,0,2
10,-54097.13831,412717.3127,Age0_F10_m1f1_P10_Y7_UO55,I1_F44_m1f1_P10_Y4_UO92,ID1_F96_m-1f-1_P9_Y-1_U6,FXX,0,0.0,0,0,0.0,0,0,0,0.0,0.25,1,P8_CV0,2,1,1,1,1,0,2,0,2
10,-54097.13831,412717.3127,Age0_F10_m1f1_P10_Y7_UO59,I1_F33_m1f1_P44_Y3_UO26,I1_F97_m9f9_P18_Y4_UO556,FXX,0,0.0,0,0,0.0,0,0,0,0.0,0.5,1,P8_CV0,2,0,2,0,2,0,2,0,2
10,-54097.13831,412717.3127,Age0_F10_m1f1_P10_Y7_UO64,I1_F96_m9f9_P10_Y3_UO555,ID1_F96_m-1f-1_P9_Y-1_U6,FXX,0,0.0,0,0,0.0,0,0,0,0.0,0.1875,1,P8_CV0,2,0,2,1,1,0,2,0,2
10,-54097.13831,412717.3127,Age0_F10_m1f1_P10_Y7_UO80,I1_F33_m1f1_P33_Y1_UO48,I1_F44_m-1f-1_P1_Y-1_U161,MXY,0,0.0,0,0,0.0,0,0,0,0.0,0.0,1,P8_CV0,2,0,2,2,0,0,2,0,2
10,-54097.13831,412717.3127,Age0_F10_m1f1_P10_Y7_UO81,ID1_F44_m9f9_P33_Y1_UO496,ID1_F44_m9f9_P33_Y5_UO582,FXX,0,0.0,0,0,0.0,0,0,0,0.0,0.625,1,P8_CV0,2,1,1,1,1,0,2,0,2
10,-54097.13831,412717.3127,Age0_F10_m9f9_P10_Y7_UO546,I9_F18_m9f9_P10_Y5_UO619,I9_F10_m9f9_P44_Y3_UO593,FXX,0,0.0,0,0,0.0,0,0,0,0.0,0.625,1,P8_CV0,2,1,1,1,1,0,2,0,2
10,-54097.13831,412717.3127,Age0_F10_m9f9_P10_Y7_UO554,I9_F10_m9f9_P44_Y5_UO623,ID9_F33_m1f1_P10_Y4_UO32,MXY,0,0.0,0,0,0.0,0,0,0,0.0,0.4375,1,P8_CV0,2,1,1,2,0,0,2,0,2
10,-54097.13831,412717.3127,Age0_F10_m9f9_P10_Y7_UO555,I9_F33_m9f9_P33_Y5_UO644,I9_F10_m1f1_P44_Y3_UO78,FXX,0,0.0,0,0,0.0,0,0,0,0.0,0.65625,1,P8_CV0,2,1,1,1,1,0,2,0,2
10,-54097.13831,412717.3127,Age0_F10_m9f9_P10_Y7_UO557,I9_F10_m9f9_P18_Y5_UO626,I9_F33_m1f1_P10_Y1_UO69,FXX,0,0.0,0,0,0.0,0,0,0,0.0,0.375,1,P8_CV0,2,2,0,2,0,0,2,0,2
10,-54097.13831,412717.3127,Age0_F10_m9f9_P10_Y7_UO574,ID9_F33_m9f9_P10_Y4_UO524,I9_F33_m-1f-1_P9_Y-1_U128,MXY,0,0.0,0,0,0.0,0,0,0,0.0,0.5625,1,P8_CV0,2,1,1,0,2,0,2,0,2
10,-54097.13831,412717.3127,Age0_F10_m9f9_P10_Y7_UO603,I9_F33_m9f9_P33_Y2_UO536,ID9_F18_m9f9_P33_Y5_UO630,FXX,0,0.0,0,0,0.0,0,0,0,0.0,0.375,1,P8_CV0,2,1,1,1,1,0,2,0,2
10,-54097.13831,412717.3127,Age0_F10_m9f9_P10_Y7_UO606,I9_F10_m77f77_P10_Y1_UO3210,ID9_F33_m9f9_P33_Y3_UO535,FXX,0,0.0,0,0,0.0,0,0,0,0.0,0.4375,1,P8_CV0,2,1,1,1,1,0,2,0,2
10,-54097.13831,412717.3127,Age0_F10_m9f9_P10_Y7_UO609,I9_F33_m77f77_P10_Y1_UO3236,I9_F44_m9f9_P10_Y5_UO624,MXY,0,0.0,0,0,0.0,0,0,0,0.0,0.25,1,P8_CV0,2,0,2,0,2,0,2,0,2
10,-54097.13831,412717.3127,Age0_F10_m9f9_P10_Y7_UO616,I9_F10_m77f77_P10_Y0_UO3674,I9_F33_m9f9_P10_Y4_UO614,FXX,0,0.0,0,0,0.0,0,0,0,0.0,0.375,1,P8_CV0,2,2,0,0,2,0,2,0,2
10,-54097.13831,412717.3127,Age0_F10_m9f9_P10_Y7_UO619,ID9_F33_m9f9_P33_Y0_UO568,I9_F10_m77f77_P33_Y5_UO3393,MXY,0,0.0,0,0,0.0,0,0,0,0.0,0.625,1,P8_CV0,2,1,1,1,1,0,2,0,2
10,-54097.13831,412717.3127,Age0_F10_m9f9_P10_Y7_UO629,ID9_F10_m-1f-1_P1_Y-1_U217,I9_F33_m9f9_P10_Y4_UO614,FXX,0,0.0,0,0,0.0,0,0,0,0.0,0.625,1,P8_CV0,2,1,1,2,0,0,2,0,2
10,-54097.13831,412717.3127,Age0_F10_m9f9_P10_Y7_UO636,I9_F33_m-1f-1_P9_Y-1_U131,ID9_F33_m77f77_P10_Y5_UO3405,MXY,0,0.0,0,0,0.0,0,0,0,0.0,0.25,1,P8_CV0,2,0,2,2,0,0,2,0,2
10,-54097.13831,412717.3127,Age0_F10_m77f77_P10_Y7_UO3420,I77_F10_m1f1_P10_Y5_UO62,ID77_F82_m9f9_P10_Y4_UO517,FXX,0,0.0,0,0,0.0,0,0,0,0.0,0.75,1,P8_CV0,2,0,2,2,0,0,2,0,2
10,-54097.13831,412717.3127,Age0_F10_m77f77_P10_Y7_UO3429,ID77_F82_m9f9_P10_Y4_UO587,I77_F10_m9f9_P10_Y4_UO577,FXX,0,0.0,0,0,0.0,0,0,0,0.0,0.6875,1,P8_CV0,2,1,1,2,0,0,2,0,2
10,-54097.13831,412717.3127,Age0_F10_m77f77_P10_Y7_UO3446,ID77_F82_m9f9_P33_Y2_UO564,ID77_F82_m9f9_P10_Y4_UO517,FXX,0,0.0,0,0,0.0,0,0,0,0.0,0.9375,1,P8_CV0,2,1,1,2,0,0,2,0,2
10,-54097.13831,412717.3127,Age0_F10_m77f77_P10_Y7_UO3448,I77_F82_m9f9_P10_Y1_UO480,I77_F10_m4f4_P82_Y2_UO224,FXX,0,0.0,0,0,0.0,0,0,0,0.0,0.375,1,P8_CV0,2,1,1,2,0,0,2,0,2
10,-54097.13831,412717.3127,Age0_F10_m77f77_P10_Y7_UO3456,I77_F82_m-1f-1_P77_Y-1_U11,I77_F10_m-1f-1_P9_Y-1_U215,FXX,0,0.0,0,0,0.0,0,0,0,0.0,0.25,1,P8_CV0,2,0,2,0,2,0,2,0,2
10,-54097.13831,412717.3127,Age0_F10_m77f77_P10_Y7_UO3466,ID77_F33_m-1f-1_P9_Y-1_U49,I77_F33_m1f1_P10_Y1_UO18,FXX,0,0.0,0,0,0.0,0,0,0,0.0,0.75,1,P8_CV0,2,1,1,1,1,0,2,0,2
10,-54097.13831,412717.3127,E10_F1_m1f1_P10_Y6_UO72,I1_F33_m9f9_P10_Y0_UO552,I1_F33_m-1f-1_P9_Y-1_U79,FXX,1,0.0,1,1,1.0,0,0,0,-9999.0,0.5,1,P8_CV0,2,1,1,1,1,0,2,0,2
10,-54097.13831,412717.3127,E10_F1_m1f1_P33_Y6_UO40,I1_F33_m9f9_P33_Y3_UO517,I1_F33_m77f77_P10_Y3_UO3381,MXY,1,0.0,1,1,0.0,0,0,0,-9999.0,0.625,1,P8_CV0,2,1,1,2,0,0,2,0,2
10,-54097.13831,412717.3127,E10_F1_m9f9_P33_Y6_UO537,I9_F33_m9f9_P18_Y4_UO527,ID9_F44_m-1f-1_P9_Y-1_U137,MXY,1,0.0,1,1,0.0,0,0,0,-9999.0,0.65625,1,P8_CV0,2,2,0,2,0,0,2,0,2
10,-54097.13831,412717.3127,E10_F1_m9f9_P33_Y6_UO592,ID9_F82_m9f9_P10_Y2_UO551,I9_F33_m1f1_P33_Y2_UO92,FXX,1,0.0,1,1,1.0,0,0,0,-9999.0,0.9375,1,P8_CV0,2,2,0,1,1,0,2,0,2
10,-54097.13831,412717.3127,E10_F1_m1f1_P44_Y6_UO43,I1_F97_m9f9_P10_Y3_UO494,I1_F33_m9f9_P10_Y4_UO571,MXY,1,0.0,1,1,0.0,0,0,0,-9999.0,0.625,1,P8_CV0,2,1,1,2,0,0,2,0,2
10,-54097.13831,412717.3127,E10_F1_m9f9_P44_Y6_UO597,I9_F10_m9f9_P10_Y2_UO500,I9_F33_m-1f-1_P9_Y-1_U128,MXY,1,0.0,1,1,0.0,0,0,0,-9999.0,0.8125,1,P8_CV0,2,1,1,1,1,0,2,0,2
10,-54097.13831,412717.3127,E10_F1_m1f1_P97_Y6_UO4,I1_F33_m1f1_P33_Y4_UO72,I1_F97_m9f9_P33_Y3_UO556,MXY,1,0.0,1,1,0.0,0,0,0,-9999.0,0.625,1,P8_CV0,2,1,1,1,1,0,2,0,2
10,-54097.13831,412717.3127,E10_F4_m1f1_P96_Y6_UO64,I1_F10_m9f9_P44_Y2_UO589,I1_F10_m1f1_P44_Y1_UO44,MXY,1,0.0,1,1,0.0,0,0,0,-9999.0,0.25,1,P8_CV0,2,0,2,1,1,0,2,0,2
10,-54097.13831,412717.3127,E10_F4_m1f1_P96_Y6_UO89,I1_F33_m-1f-1_P1_Y-1_U176,ID1_F33_m9f9_P33_Y0_UO518,FXX,1,0.0,1,1,1.0,0,0,1,-9999.0,0.125,1,P8_CV0,2,0,2,1,1,0,2,0,2
10,-54097.13831,412717.3127,E10_F9_m1f1_P10_Y6_UO86,I1_F44_m-1f-1_P9_Y-1_U150,I1_F10_m77f77_P10_Y3_UO3403,MXY,1,0.0,1,1,0.0,0,0,0,-9999.0,0.625,1,P8_CV0,2,2,0,2,0,0,2,0,2
10,-54097.13831,412717.3127,E10_F9_m9f9_P10_Y6_UO620,I9_F33_m9f9_P33_Y0_UO540,I9_F10_m1f1_P10_Y1_UO0,MXY,1,0.0,1,1,0.0,0,0,0,-9999.0,0.625,1,P8_CV0,2,2,0,1,1,0,2,0,2
10,-54097.13831,412717.3127,E10_F9_m9f9_P18_Y6_UO540,ID9_F10_m9f9_P10_Y4_UO591,ID9_F33_m9f9_P10_Y3_UO574,FXX,1,0.0,1,1,1.0,0,0,0,-9999.0,0.65625,1,P8_CV0,2,0,2,2,0,0,2,0,2
10,-54097.13831,412717.3127,E10_F9_m9f9_P18_Y6_UO590,I9_F10_m77f77_P33_Y2_UO3431,I9_F33_m-1f-1_P9_Y-1_U88,MXY,1,0.0,1,1,0.0,0,0,0,-9999.0,0.125,1,P8_CV0,2,0,2,1,1,0,2,0,2
10,-54097.13831,412717.3127,E10_F9_m1f1_P33_Y6_UO1,ID1_F33_m15f15_P96_Y4_UO787,I1_F33_m-1f-1_P9_Y-1_U22,MXY,1,0.0,1,1,0.0,0,0,0,-9999.0,0.6875,1,P8_CV0,2,1,1,1,1,0,2,0,2
10,-54097.13831,412717.3127,E10_F9_m1f1_P33_Y6_UO50,I1_F97_m1f1_P10_Y3_UO70,ID1_F33_m9f9_P33_Y1_UO517,MXY,1,0.0,1,1,0.0,0,0,0,-9999.0,0.75,1,P8_CV0,2,2,0,1,1,0,2,0,2
10,-54097.13831,412717.3127,E10_F9_m1f1_P33_Y6_UO87,I1_F33_m-1f-1_P1_Y-1_U235,I1_F10_m1f1_P33_Y3_UO31,FXX,1,0.0,1,1,1.0,0,0,0,-9999.0,0.4375,1,P8_CV0,2,1,1,0,2,0,2,0,2
10,-54097.13831,412717.3127,E10_F9_m1f1_P33_Y6_UO101,ID1_F33_m-1f-1_P9_Y-1_U238,I1_F33_m1f1_P33_Y4_UO20,FXX,1,0.0,1,1,1.0,0,0,0,-9999.0,0.65625,1,P8_CV0,2,1,1,1,1,0,2,0,2
10,-54097.13831,412717.3127,E10_F9_m9f9_P33_Y6_UO595,I9_F10_m9f9_P33_Y2_UO514,ID9_F18_m77f77_P10_Y2_UO3378,FXX,1,0.0,1,1,1.0,0,0,0,-9999.0,0.625,1,P8_CV0,2,2,0,2,0,0,2,0,2
10,-54097.13831,412717.3127,E10_F9_m9f9_P33_Y6_UO599,I9_F18_m9f9_P33_Y2_UO536,I9_F33_m-1f-1_P9_Y-1_U128,FXX,1,0.0,1,1,1.0,0,0,0,-9999.0,0.625,1,P8_CV0,2,1,1,0,2,0,2,0,2
10,-54097.13831,412717.3127,E10_F9_m1f1_P44_Y6_UO9,I1_F33_m1f1_P10_Y4_UO92,I1_F33_m-1f-1_P9_Y-1_U22,FXX,1,0.0,1,1,1.0,0,0,0,-9999.0,0.75,1,P8_CV0,2,2,0,0,2,0,2,0,2
10,-54097.13831,412717.3127,E10_F77_m1f1_P10_Y6_UO39,I1_F10_m77f77_P33_Y3_UO3413,ID1_F10_m1f1_P33_Y4_UO24,FXX,1,0.0,1,1,1.0,0,0,0,-9999.0,0.71875,1,P8_CV0,2,1,1,2,0,0,2,0,2
10,-54097.13831,412717.3127,E10_F77_m1f1_P10_Y6_UO70,I1_F44_m1f1_P44_Y1_UO73,I1_F33_m1f1_P10_Y3_UO81,MXY,1,0.0,1,1,0.0,0,0,0,-9999.0,0.375,1,P8_CV0,2,1,1,1,1,0,2,0,2
10,-54097.13831,412717.3127,E10_F77_m9f9_P10_Y6_UO625,I9_F18_m-1f-1_P9_Y-1_U75,I9_F33_m9f9_P18_Y4_UO608,MXY,1,0.0,1,1,0.0,0,0,0,-9999.0,0.125,1,P8_CV0,2,0,2,1,1,0,2,0,2
10,-54097.13831,412717.3127,E10_F77_m77f77_P10_Y6_UO3435,I77_F82_m77f77_P10_Y4_UO3376,I77_F82_m9f9_P33_Y1_UO514,FXX,1,0.0,1,1,1.0,0,0,0,-9999.0,0.5625,1,P8_CV0,2,2,0,1,1,0,2,0,2
10,-54097.13831,412717.3127,E10_F77_m1f1_P33_Y6_UO77,I1_F33_m9f9_P10_Y0_UO548,ID1_F33_m-1f-1_P9_Y-1_U83,MXY,1,0.0,1,1,0.0,0,0,0,-9999.0,0.625,1,P8_CV0,2,2,0,1,1,0,2,0,2
10,-54097.13831,412717.3127,E10_F1_m9f9_P33_Y5_UO651,I9_F44_m-1f-1_P9_Y-1_U55,I9_F10_m1f1_P44_Y3_UO2,FXX,2,0.0,1,0,1.0,0,0,0,-9999.0,0.5,1,P8_CV0,2,2,0,1,1,0,2,0,2
10,-54097.13831,412717.3127,E10_F1_m1f1_P97_Y5_UO0,I1_F33_m9f9_P10_Y3_UO494,ID1_F96_m9f9_P33_Y3_UO524,FXX,2,0.0,1,0,1.0,0,0,0,-9999.0,0.6875,1,P8_CV0,2,2,0,1,1,0,2,0,2
10,-54097.13831,412717.3127,E10_F1_m9f9_P44_Y5_UO635,ID9_F44_m-1f-1_P9_Y-1_U87,ID9_F33_m9f9_P18_Y2_UO530,MXY,2,0.0,1,0,0.0,0,0,0,-9999.0,0.25,1,P8_CV0,2,1,1,2,0,0,2,0,2
10,-54097.13831,412717.3127,E10_F1_m9f9_P33_Y5_UO646,ID9_F10_m-1f-1_P9_Y-1_U190,I9_F10_m77f77_P10_Y3_UO3418,FXX,2,0.0,1,0,1.0,0,0,0,-9999.0,0.75,1,P8_CV0,2,1,1,2,0,0,2,0,2
10,-54097.13831,412717.3127,E10_F1_m9f9_P44_Y5_UO551,I9_F33_m77f77_P10_Y3_UO3429,I9_F10_m9f9_P33_Y3_UO535,MXY,2,0.0,1,0,0.0,0,0,0,-9999.0,0.5625,1,P8_CV0,2,1,1,1,1,0,2,0,2
10,-54097.13831,412717.3127,E10_F1_m9f9_P44_Y5_UO573,I9_F10_m1f1_P10_Y3_UO68,I9_F33_m9f9_P44_Y3_UO593,MXY,2,0.0,1,0,0.0,0,0,0,-9999.0,0.5,1,P8_CV0,2,0,2,2,0,0,2,0,2
10,-54097.13831,412717.3127,E10_F9_m9f9_P33_Y5_UO628,ID9_F10_m-1f-1_P9_Y-1_U130,I9_F10_m9f9_P33_Y3_UO535,MXY,2,0.0,1,0,0.0,0,0,0,-9999.0,0.8125,1,P8_CV0,2,2,0,0,2,0,2,0,2
10,-54097.13831,412717.3127,E10_F9_m77f77_P10_Y5_UO3387,ID77_F10_m77f77_P82_Y3_UO3396,I77_F82_m9f9_P10_Y3_UO559,MXY,2,0.0,1,0,0.0,0,0,0,-9999.0,0.9375,1,P8_CV0,2,2,0,1,1,0,2,0,2
10,-54097.13831,412717.3127,E10_F9_m9f9_P10_Y5_UO607,ID9_F33_m77f77_P10_Y1_UO3256,I9_F33_m9f9_P10_Y3_UO557,MXY,2,0.0,1,0,0.0,0,0,0,-9999.0,0.5,1,P8_CV0,2,0,2,2,0,0,2,0,2
10,-54097.13831,412717.3127,E10_F9_m9f9_P33_Y5_UO648,I9_F10_m-1f-1_P1_Y-1_U225,I9_F33_m-1f-1_P9_Y-1_U135,MXY,2,0.0,1,0,0.0,0,0,0,-9999.0,0.5,1,P8_CV0,2,1,1,0,2,0,2,0,2
10,-54097.13831,412717.3127,E10_F9_m1f1_P33_Y5_UO50,I1_F33_m9f9_P33_Y2_UO577,ID1_F33_m-1f-1_P9_Y-1_U155,FXX,2,0.0,1,0,1.0,0,0,0,-9999.0,0.375,1,P8_CV0,2,0,2,2,0,0,2,0,2
10,-54097.13831,412717.3127,E10_F9_m9f9_P44_Y5_UO570,ID9_F33_m9f9_P33_Y3_UO498,I9_F33_m-1f-1_P9_Y-1_U175,FXX,2,0.0,1,0,1.0,0,0,0,-9999.0,0.5625,1,P8_CV0,2,1,1,0,2,0,2,0,2
10,-54097.13831,412717.3127,E10_F9_m1f1_P33_Y5_UO56,I1_F33_m9f9_P33_Y1_UO496,I1_F10_m-1f-1_P1_Y-1_U2,MXY,2,0.0,1,0,0.0,0,0,0,-9999.0,0.875,1,P8_CV0,2,2,0,2,0,0,2,0,2
10,-54097.13831,412717.3127,E10_F9_m1f1_P33_Y5_UO91,I1_F10_m-1f-1_P1_Y-1_U217,I1_F10_m9f9_P33_Y3_UO564,FXX,2,0.0,1,0,1.0,0,0,0,-9999.0,0.75,1,P8_CV0,2,1,1,2,0,0,2,0,2
10,-54097.13831,412717.3127,E10_F9_m9f9_P44_Y5_UO623,I9_F33_m-1f-1_P9_Y-1_U11,ID9_F18_m1f1_P44_Y1_UO34,FXX,2,0.0,1,0,1.0,0,0,0,-9999.0,0.25,1,P8_CV0,2,1,1,1,1,0,2,0,2
10,-54097.13831,412717.3127,E10_F9_m9f9_P18_Y5_UO626,I9_F33_m-1f-1_P9_Y-1_U75,I9_F33_m9f9_P33_Y2_UO566,FXX,2,0.0,1,0,1.0,0,0,0,-9999.0,0.25,1,P8_CV0,2,1,1,2,0,0,2,0,2
10,-54097.13831,412717.3127,E10_F9_m9f9_P33_Y5_UO630,ID9_F10_m-1f-1_P9_Y-1_U232,I9_F10_m1f1_P44_Y3_UO2,MXY,2,0.0,1,0,0.0,0,0,0,-9999.0,0.5,1,P8_CV0,2,2,0,1,1,0,2,0,2
10,-54097.13831,412717.3127,E10_F9_m1f1_P10_Y5_UO68,ID1_F33_m1f1_P33_Y0_UO66,ID1_F44_m-1f-1_P9_Y-1_U137,MXY,2,0.0,1,0,0.0,0,0,0,-9999.0,0.25,1,P8_CV0,2,1,1,1,1,0,2,0,2
10,-54097.13831,412717.3127,E10_F77_m1f1_P10_Y5_UO41,I1_F33_m1f1_P33_Y2_UO89,I1_F10_m9f9_P44_Y2_UO541,MXY,2,0.0,1,0,0.0,0,0,0,-9999.0,0.75,1,P8_CV0,2,2,0,1,1,0,2,0,2
10,-54097.13831,412717.3127,E10_F77_m1f1_P10_Y5_UO62,I1_F44_m77f77_P10_Y1_UO3215,I1_F44_m9f9_P10_Y1_UO464,FXX,2,0.0,1,0,1.0,0,0,0,-9999.0,0.625,1,P8_CV0,2,1,1,2,0,0,2,0,2
10,-54097.13831,412717.3127,E10_F1_m1f1_P33_Y4_UO2,I1_F33_m9f9_P33_Y2_UO577,I1_F10_m77f77_P10_Y0_UO3668,FXX,3,0.0,1,0,1.0,0,0,0,-9999.0,0.125,1,P8_CV0,2,1,1,2,0,0,2,0,2
10,-54097.13831,412717.3127,E10_F1_m1f1_P10_Y4_UO92,ID1_F10_m-1f-1_P1_Y-1_U36,I1_F33_m-1f-1_P9_Y-1_U83,FXX,3,0.0,1,0,1.0,0,0,0,-9999.0,0.5,1,P8_CV0,2,1,1,0,2,0,2,0,2
10,-54097.13831,412717.3127,E10_F9_m9f9_P18_Y4_UO607,I9_F33_m-1f-1_P9_Y-1_U131,I9_F10_m9f9_P18_Y2_UO557,FXX,3,0.0,1,0,1.0,0,0,0,-9999.0,0.25,1,P8_CV0,2,0,2,2,0,0,2,0,2
10,-54097.13831,412717.3127,E10_F9_m1f1_P33_Y4_UO17,ID1_F33_m9f9_P33_Y2_UO519,ID1_F33_m9f9_P33_Y1_UO451,MXY,3,0.0,1,0,0.0,0,0,0,-9999.0,0.3125,1,P8_CV0,2,1,1,1,1,0,2,0,2
10,-54097.13831,412717.3127,E10_F9_m1f1_P33_Y4_UO20,I1_F10_m9f9_P44_Y2_UO511,I1_F10_m9f9_P44_Y2_UO555,MXY,3,0.0,1,0,0.0,0,0,0,-9999.0,0.8125,1,P8_CV0,2,1,1,0,2,0,2,0,2
10,-54097.13831,412717.3127,E10_F77_m1f1_P44_Y4_UO76,I1_F33_m-1f-1_P9_Y-1_U66,I1_F10_m9f9_P10_Y2_UO540,MXY,3,0.0,1,0,0.0,0,0,0,-9999.0,0.375,1,P8_CV0,2,0,2,0,2,0,2,0,2
10,-54097.13831,412717.3127,E10_F77_m9f9_P10_Y4_UO587,I9_F33_m-1f-1_P9_Y-1_U130,ID9_F44_m-1f-1_P9_Y-1_U60,FXX,3,0.0,1,0,1.0,0,0,0,-9999.0,0.5,1,P8_CV0,2,1,1,1,1,0,2,0,2
10,-54097.13831,412717.3127,E10_F77_m9f9_P10_Y4_UO577,I9_F10_m-1f-1_P9_Y-1_U161,ID9_F10_m77f77_P10_Y2_UO3378,MXY,3,0.0,1,0,0.0,0,0,0,-9999.0,0.875,1,P8_CV0,2,1,1,1,1,0,2,0,2
10,-54097.13831,412717.3127,E10_F1_m1f1_P44_Y3_UO26,ID1_F10_m1f1_P33_Y0_UO23,ID1_F44_m-1f-1_P9_Y-1_U80,FXX,4,0.0,1,0,1.0,0,0,0,-9999.0,0.5,1,P8_CV0,2,1,1,1,1,0,2,0,2
10,-54097.13831,412717.3127,E10_F1_m9f9_P33_Y3_UO496,I9_F10_m9f9_P33_Y1_UO452,ID9_F44_m1f1_P33_Y1_UO37,MXY,4,0.0,1,0,0.0,0,0,0,-9999.0,0.5,1,P8_CV0,2,0,2,1,1,0,2,0,2
10,-54097.13831,412717.3127,E10_F1_m9f9_P33_Y3_UO539,ID9_F33_m77f77_P10_Y0_UO3696,I9_F10_m-1f-1_P9_Y-1_U79,FXX,4,0.0,1,0,1.0,0,0,0,-9999.0,0.5,1,P8_CV0,2,1,1,1,1,0,2,0,2
10,-54097.13831,412717.3127,E10_F9_m1f1_P44_Y3_UO78,I1_F33_m-1f-1_P1_Y-1_U249,I1_F33_m-1f-1_P9_Y-1_U200,MXY,4,0.0,1,0,0.0,0,0,0,-9999.0,0.5,1,P8_CV0,2,1,1,1,1,0,2,0,2
10,-54097.13831,412717.3127,E10_F9_m9f9_P10_Y3_UO574,ID9_F10_m-1f-1_P9_Y-1_U108,ID9_F10_m-1f-1_P9_Y-1_U60,MXY,4,0.0,1,0,0.0,0,0,0,-9999.0,0.5,1,P8_CV0,2,1,1,2,0,0,2,0,2
10,-54097.13831,412717.3127,E10_F9_m77f77_P10_Y3_UO3418,ID77_F10_m-1f-1_P77_Y-1_U224,I77_F10_m9f9_P33_Y1_UO514,MXY,4,0.0,1,0,0.0,0,0,0,-9999.0,0.5,1,P8_CV0,2,0,2,2,0,0,2,0,2
10,-54097.13831,412717.3127,E10_F9_m1f1_P10_Y3_UO82,I1_F33_m-1f-1_P1_Y-1_U116,I1_F10_m-1f-1_P9_Y-1_U245,MXY,4,0.0,1,0,0.0,0,0,0,-9999.0,0.5,1,P8_CV0,2,1,1,2,0,0,2,0,2
10,-54097.13831,412717.3127,E10_F9_m9f9_P44_Y3_UO589,I9_F33_m-1f-1_P9_Y-1_U55,I9_F33_m9f9_P33_Y1_UO516,MXY,4,0.0,1,0,0.0,0,0,0,-9999.0,0.75,1,P8_CV0,2,2,0,1,1,0,2,0,2
10,-54097.13831,412717.3127,E10_F77_m9f9_P33_Y3_UO498,ID9_F10_m77f77_P10_Y1_UO3242,I9_F33_m-1f-1_P9_Y-1_U188,FXX,4,0.0,1,0,1.0,0,0,0,-9999.0,0.625,1,P8_CV0,2,1,1,1,1,0,2,0,2
10,-54097.13831,412717.3127,E10_F1_m1f1_P33_Y2_UO27,I1_F33_m1f1_P33_Y0_UO70,I1_F33_m-1f-1_P9_Y-1_U57,MXY,5,0.0,1,0,0.0,0,0,0,-9999.0,0.5,1,P8_CV0,2,1,1,1,1,0,2,0,2
10,-54097.13831,412717.3127,E10_F1_m9f9_P44_Y2_UO538,I9_F33_m-1f-1_P9_Y-1_U161,I9_F10_m-1f-1_P9_Y-1_U137,MXY,5,0.0,1,0,0.0,0,0,0,-9999.0,0.75,1,P8_CV0,2,1,1,1,1,0,2,0,2
10,-54097.13831,412717.3127,E10_F9_m9f9_P10_Y2_UO565,ID9_F33_m-1f-1_P9_Y-1_U108,ID9_F33_m-1f-1_P9_Y-1_U215,FXX,5,0.0,1,0,1.0,0,0,0,-9999.0,0.75,1,P8_CV0,2,1,1,1,1,0,2,0,2
10,-54097.13831,412717.3127,E10_F9_m9f9_P18_Y2_UO528,I9_F33_m9f9_P33_Y0_UO560,I9_F33_m-1f-1_P9_Y-1_U147,MXY,5,0.0,1,0,0.0,0,0,0,-9999.0,1.0,1,P8_CV0,2,2,0,2,0,0,2,0,2
10,-54097.13831,412717.3127,E10_F9_m9f9_P33_Y2_UO536,ID9_F10_m-1f-1_P9_Y-1_U247,I9_F44_m-1f-1_P9_Y-1_U135,FXX,5,0.0,1,0,1.0,0,0,0,-9999.0,0.25,1,P8_CV0,2,1,1,1,1,0,2,0,2
10,-54097.13831,412717.3127,E10_F77_m9f9_P33_Y2_UO564,I9_F10_m-1f-1_P9_Y-1_U44,I9_F10_m-1f-1_P9_Y-1_U224,FXX,5,0.0,1,0,1.0,0,0,0,-9999.0,1.0,1,P8_CV0,2,2,0,2,0,0,2,0,2
10,-54097.13831,412717.3127,E10_F1_m1f1_P33_Y1_UO48,ID1_F10_m-1f-1_P9_Y-1_U28,ID1_F18_m-1f-1_P9_Y-1_U53,FXX,6,0.0,1,0,1.0,0,0,0,-9999.0,0.0,1,P8_CV0,2,0,2,1,1,0,2,0,2
10,-54097.13831,412717.3127,E10_F1_m9f9_P33_Y1_UO496,I9_F10_m-1f-1_P9_Y-1_U108,I9_F33_m-1f-1_P9_Y-1_U135,FXX,6,0.0,1,0,1.0,0,0,0,-9999.0,0.75,1,P8_CV0,2,2,0,1,1,0,2,0,2
10,-54097.13831,412717.3127,E10_F77_m9f9_P10_Y1_UO480,ID9_F33_m-1f-1_P9_Y-1_U66,I9_F10_m-1f-1_P9_Y-1_U19,FXX,6,0.0,1,0,1.0,0,0,0,-9999.0,0.25,1,P8_CV0,2,0,2,2,0,0,2,0,2
10,-54097.13831,412717.3127,E10_F77_m9f9_P33_Y1_UO514,ID9_F33_m-1f-1_P9_Y-1_U138,I9_F10_m-1f-1_P9_Y-1_U168,MXY,6,0.0,1,0,0.0,0,0,0,-9999.0,0.5,1,P8_CV0,2,1,1,1,1,0,2,0,2
10,-54097.13831,412717.3127,E10_F9_m9f9_P33_Y0_UO568,R9_F9_m-1f-1_P9_Y-1_U184,R9_F9_m-1f-1_P9_Y-1_U145,FXX,7,0.0,1,0,1.0,0,0,0,-9999.0,0.75,1,P8_CV0,2,1,1,0,2,0,2,0,2
10,-54097.13831,412717.3127,E10_F1_m-1f-1_P9_Y-1_U80,-9999,-9999,MXY,8,0.0,1,0,0.0,0,0,0,-9999.0,0.5,1,P8_CV0,2,1,1,1,1,0,2,0,2
10,-54097.13831,412717.3127,E10_F1_m-1f-1_P9_Y-1_U245,-9999,-9999,MXY,9,0.0,1,0,0.0,0,0,0,-9999.0,1.0,1,P8_CV0,2,2,0,2,0,0,2,0,2
10,-54097.13831,412717.3127,E10_F9_m-1f-1_P9_Y-1_U130,-9999,-9999,FXX,9,0.0,1,0,1.0,0,0,0,-9999.0,1.0,1,P8_CV0,2,2,0,1,1,0,2,0,2
10,-54097.13831,412717.3127,E10_F9_m-1f-1_P9_Y-1_U137,-9999,-9999,MXY,9,0.0,1,0,0.0,0,0,0,-9999.0,0.5,1,P8_CV0,2,1,1,2,0,0,2,0,2
10,-54097.13831,412717.3127,E10_F77_m-1f-1_P9_Y-1_U215,-9999,-9999,MXY,9,0.0,1,0,0.0,0,0,0,-9999.0,0.5,1,P8_CV0,2,1,1,0,2,0,2,0,2
10,-54097.13831,412717.3127,E10_F9_m-1f-1_P9_Y-1_U128,-9999,-9999,MXY,10,0.0,1,0,0.0,0,0,0,-9999.0,1.0,1,P8_CV0,2,2,0,0,2,0,2,0,2
10,-54097.13831,412717.3127,E10_F77_m-1f-1_P9_Y-1_U49,-9999,-9999,FXX,10,0.0,1,0,1.0,0,0,0,-9999.0,1.0,1,P8_CV0,2,2,0,2,0,0,2,0,2
10,-54097.13831,412717.3127,E10_F9_m-1f-1_P9_Y-1_U240,-9999,-9999,MXY,12,0.0,1,0,0.0,0,0,0,-9999.0,0.5,1,P8_CV0,2,1,1,1,1,0,2,0,2
10,-54097.13831,412717.3127,E10_F9_m-1f-1_P9_Y-1_U131,-9999,-9999,FXX,13,0.0,1,0,1.0,0,0,0,-9999.0,0.0,1,P8_CV0,2,0,2,2,0,0,2,0,2
10,-54097.13831,412717.3127,E10_F1_m-1f-1_P9_Y-1_U129,-9999,-9999,MXY,14,0.0,1,0,0.0,0,0,0,-9999.0,0.5,1,P8_CV0,2,1,1,0,2,0,2,0,2
10,-54097.13831,412717.3127,E10_F1_m-1f-1_P9_Y-1_U12,-9999,-9999,MXY,16,0.0,1,0,0.0,0,0,0,-9999.0,0.5,1,P8_CV0,2,1,1,0,2,0,2,0,2
13,-639791.6009,-208960.2013,Age0_F13_m46f46_P13_Y7_UO2296,ID46_F52_m30f30_P52_Y4_UO1348,ID46_F13_m12f12_P13_Y2_UO701,MXY,0,0.0,0,0,0.0,0,0,0,0.0,0.5625,1,P11_CV0,2,0,2,1,1,0,2,0,2
13,-639791.6009,-208960.2013,Age0_F13_m46f46_P13_Y7_UO2297,ID46_F86_m45f45_P86_Y4_UO2137,I46_F52_m12f12_P52_Y2_UO668,MXY,0,0.0,0,0,0.0,0,0,0,0.0,0.625,1,P11_CV0,2,1,1,2,0,0,2,0,2
13,-639791.6009,-208960.2013,Age0_F13_m46f46_P13_Y7_UO2301,I46_F52_m45f45_P86_Y4_UO2185,I46_F74_m-1f-1_P12_Y-1_U76,MXY,0,0.0,0,0,0.0,0,0,0,0.0,0.25,1,P11_CV0,2,0,2,2,0,0,2,0,2
13,-639791.6009,-208960.2013,Age0_F13_m46f46_P13_Y7_UO2307,I46_F52_m12f12_P52_Y3_UO725,ID46_F38_m12f12_P13_Y5_UO768,MXY,0,0.0,0,0,0.0,0,0,0,0.0,0.9375,1,P11_CV0,2,1,1,2,0,0,2,0,2
13,-639791.6009,-208960.2013,E13_F46_m46f46_P93_Y6_UO2359,ID46_F35_m-1f-1_P12_Y-1_U37,I46_F52_m78f78_P93_Y3_UO3526,MXY,1,0.0,1,1,0.0,0,0,0,-9999.0,0.75,1,P11_CV0,2,2,0,1,1,0,2,0,2
13,-639791.6009,-208960.2013,E13_F78_m46f46_P93_Y6_UO2321,I46_F52_m12f12_P52_Y2_UO754,ID46_F93_m7f7_P38_Y0_UO409,FXX,1,0.0,1,1,1.0,0,0,0,-9999.0,0.625,1,P11_CV0,2,2,0,1,1,0,2,0,2
13,-639791.6009,-208960.2013,E13_F46_m12f12_P52_Y5_UO752,I12_F52_m46f46_P52_Y0_UO2334,I12_F35_m-1f-1_P12_Y-1_U130,MXY,2,0.0,1,0,0.0,0,0,0,-9999.0,0.625,1,P11_CV0,2,2,0,0,2,0,2,0,2
13,-639791.6009,-208960.2013,E13_F46_m12f12_P13_Y5_UO768,I12_F52_m-1f-1_P12_Y-1_U42,I12_F52_m-1f-1_P46_Y-1_U65,MXY,2,0.0,1,0,0.0,0,0,0,-9999.0,1.0,1,P11_CV0,2,2,0,2,0,0,2,0,2
13,-639791.6009,-208960.2013,E13_F78_m37f37_P38_Y5_UO1757,ID37_F38_m88f88_P29_Y0_UO4443,I37_F38_m12f12_P13_Y1_UO623,MXY,2,0.0,1,0,0.0,0,0,1,-9999.0,0.625,1,P11_CV0,2,2,0,1,1,0,2,0,2
13,-639791.6009,-208960.2013,E13_F7_m46f46_P52_Y4_UO2280,ID46_F35_m-1f-1_P12_Y-1_U165,I46_F93_m30f30_P52_Y2_UO1450,FXX,3,0.0,1,0,1.0,0,0,0,-9999.0,0.125,1,P11_CV0,2,0,2,1,1,0,2,0,2
13,-639791.6009,-208960.2013,E13_F30_m30f30_P93_Y3_UO1407,I30_F13_m-1f-1_P12_Y-1_U7,I30_F13_m78f78_P93_Y0_UO3768,FXX,4,0.0,1,0,1.0,0,0,0,-9999.0,0.5,1,P11_CV0,2,1,1,2,0,0,2,0,2
13,-639791.6009,-208960.2013,E13_F46_m12f12_P52_Y3_UO725,I12_F52_m-1f-1_P12_Y-1_U69,I12_F52_m30f30_P52_Y0_UO1521,FXX,4,0.0,1,0,1.0,0,0,0,-9999.0,0.875,1,P11_CV0,2,1,1,1,1,0,2,0,2
13,-639791.6009,-208960.2013,E13_F78_m46f46_P13_Y3_UO2237,I46_F93_m12f12_P86_Y0_UO786,ID46_F86_m-1f-1_P45_Y-1_U96,FXX,4,0.0,1,0,1.0,0,0,1,-9999.0,0.875,1,P11_CV0,2,1,1,0,2,0,2,0,2
13,-639791.6009,-208960.2013,E13_F78_m46f46_P13_Y2_UO2279,ID46_F52_m-1f-1_P12_Y-1_U6,I46_F52_m-1f-1_P46_Y-1_U98,FXX,5,0.0,1,0,1.0,0,0,1,-9999.0,1.0,1,P11_CV0,2,2,0,1,1,0,2,0,2
13,-639791.6009,-208960.2013,E13_F46_m-1f-1_P12_Y-1_U221,-9999,-9999,FXX,10,0.0,1,0,1.0,0,0,0,-9999.0,1.0,1,P11_CV0,2,2,0,1,1,0,2,0,2
13,-639791.6009,-208960.2013,E13_F46_m-1f-1_P12_Y-1_U37,-9999,-9999,FXX,14,0.0,1,0,1.0,0,0,0,-9999.0,1.0,1,P11_CV0,2,2,0,1,1,0,2,0,2
13,-639791.6009,-208960.2013,Age0_F13_m46f46_P13_Y7_UO2312,ID46_F52_m23f23_P86_Y3_UO1206,ID46_F52_m46f46_P52_Y1_UO2134,MXY,0,0.0,0,0,0.0,0,0,0,0.0,0.75,1,P22_CV0,2,1,1,1,1,0,2,0,2
13,-639791.6009,-208960.2013,Age0_F13_m78f78_P13_Y7_UO3493,ID78_F13_m7f7_P38_Y4_UO415,I78_F29_m7f7_P93_Y4_UO463,MXY,0,0.0,0,0,0.0,0,0,0,0.0,0.3125,1,P22_CV0,2,1,1,2,0,0,2,0,2
13,-639791.6009,-208960.2013,E13_F78_m7f7_P38_Y4_UO415,ID7_F29_m23f23_P35_Y2_UO1173,I7_F74_m88f88_P29_Y2_UO4137,FXX,3,0.0,1,0,1.0,0,0,1,-9999.0,0.5,1,P22_CV0,2,2,0,2,0,0,2,0,2
13,-639791.6009,-208960.2013,E13_F46_m23f23_P86_Y3_UO1206,I23_F27_m-1f-1_P23_Y-1_U234,I23_F6_m90f90_P27_Y1_UO4069,FXX,4,0.0,1,0,1.0,0,0,0,-9999.0,0.75,1,P22_CV0,2,2,0,2,0,0,2,0,2
13,-639791.6009,-208960.2013,E13_F30_m46f46_P13_Y2_UO2248,I46_F52_m-1f-1_P46_Y-1_U157,ID46_F52_m-1f-1_P23_Y-1_U21,MXY,5,0.0,1,0,0.0,0,0,0,-9999.0,0.25,1,P22_CV0,2,1,1,1,1,0,2,0,2
13,-639791.6009,-208960.2013,E13_F37_m23f23_P52_Y0_UO1273,R23_F23_m-1f-1_P23_Y-1_U131,R23_F23_m-1f-1_P23_Y-1_U156,MXY,7,0.0,1,0,0.0,0,0,0,-9999.0,1.0,1,P22_CV0,2,2,0,0,2,0,2,0,2
13,-639791.6009,-208960.2013,Age0_F13_m7f7_P13_Y7_UO467,ID7_F29_m30f30_P38_Y3_UO1365,I7_F74_m7f7_P38_Y3_UO393,MXY,0,0.0,0,0,0.0,0,0,0,0.0,0.5,1,P29_CV0,2,1,1,1,1,0,2,0,2
13,-639791.6009,-208960.2013,Age0_F13_m30f30_P13_Y7_UO1381,I30_F52_m78f78_P13_Y4_UO3447,ID30_F74_m88f88_P29_Y5_UO4169,FXX,0,0.0,0,0,0.0,0,0,0,0.0,0.25,1,P29_CV0,2,0,2,2,0,0,2,0,2
13,-639791.6009,-208960.2013,Age0_F13_m30f30_P13_Y7_UO1389,ID30_F74_m7f7_P38_Y4_UO502,I30_F52_m-1f-1_P30_Y-1_U207,MXY,0,0.0,0,0,0.0,0,0,0,0.0,0.5,1,P29_CV0,2,2,0,1,1,0,2,0,2
13,-639791.6009,-208960.2013,Age0_F13_m30f30_P13_Y7_UO1424,I30_F38_m46f46_P52_Y2_UO2241,I30_F38_m12f12_P93_Y5_UO753,MXY,0,0.0,0,0,0.0,0,0,0,0.0,0.5,1,P29_CV0,2,2,0,1,1,0,2,0,2
13,-639791.6009,-208960.2013,Age0_F13_m30f30_P13_Y7_UO1437,I30_F52_m30f30_P74_Y1_UO1286,ID30_F74_m37f37_P38_Y0_UO1833,FXX,0,0.0,0,0,0.0,0,0,0,0.0,0.75,1,P29_CV0,2,2,0,1,1,0,2,0,2
13,-639791.6009,-208960.2013,Age0_F13_m30f30_P13_Y7_UO1459,I30_F35_m-1f-1_P30_Y-1_U59,I30_F52_m46f46_P93_Y3_UO2278,MXY,0,0.0,0,0,0.0,0,0,0,0.0,0.75,1,P29_CV0,2,2,0,1,1,0,2,0,2
13,-639791.6009,-208960.2013,Age0_F13_m37f37_P13_Y7_UO1681,ID37_F74_m30f30_P38_Y5_UO1350,I37_F38_m30f30_P74_Y4_UO1379,FXX,0,0.0,0,0,0.0,0,0,0,0.0,0.40625,1,P29_CV0,2,1,1,2,0,0,2,0,2
13,-639791.6009,-208960.2013,Age0_F13_m37f37_P13_Y7_UO1708,I37_F13_m88f88_P29_Y5_UO4119,I37_F74_m30f30_P52_Y1_UO1326,FXX,0,0.0,0,0,0.0,0,0,0,0.0,0.5625,1,P29_CV0,2,2,0,1,1,0,2,0,2
13,-639791.6009,-208960.2013,Age0_F13_m37f37_P13_Y7_UO1761,I37_F74_m7f7_P74_Y2_UO395,I37_F38_m37f37_P38_Y5_UO1705,MXY,0,0.0,0,0,0.0,0,0,0,0.0,0.5625,1,P29_CV0,2,1,1,1,1,0,2,0,2
13,-639791.6009,-208960.2013,Age0_F13_m46f46_P13_Y7_UO2322,I46_F52_m30f30_P38_Y2_UO1365,I46_F52_m46f46_P52_Y5_UO2265,MXY,0,0.0,0,0,0.0,0,0,0,0.0,0.6875,1,P29_CV0,2,2,0,1,1,0,2,0,2
13,-639791.6009,-208960.2013,Age0_F13_m46f46_P13_Y7_UO2339,ID46_F52_m-1f-1_P30_Y-1_U234,ID46_F52_m46f46_P52_Y1_UO2134,FXX,0,0.0,0,0,0.0,0,0,0,0.0,0.875,1,P29_CV0,2,2,0,0,2,0,2,0,2
13,-639791.6009,-208960.2013,Age0_F13_m78f78_P13_Y7_UO3479,I78_F29_m7f7_P38_Y5_UO468,I78_F29_m7f7_P93_Y4_UO463,FXX,0,0.0,0,0,0.0,0,0,0,0.0,0.4375,1,P29_CV0,2,0,2,1,1,0,2,0,2
13,-639791.6009,-208960.2013,E13_F30_m37f37_P13_Y6_UO1778,I37_F38_m78f78_P29_Y2_UO3525,I37_F38_m78f78_P13_Y2_UO3519,MXY,1,0.0,1,1,0.0,0,0,0,-9999.0,0.625,1,P29_CV0,2,1,1,2,0,0,2,0,2
13,-639791.6009,-208960.2013,E13_F30_m78f78_P13_Y6_UO3543,I78_F29_m30f30_P93_Y0_UO1460,I78_F61_m-1f-1_P78_Y-1_U105,MXY,1,0.0,1,1,0.0,0,0,0,-9999.0,0.625,1,P29_CV0,2,1,1,2,0,0,2,0,2
13,-639791.6009,-208960.2013,E13_F37_m12f12_P13_Y6_UO694,I12_F86_m46f46_P52_Y4_UO2257,I12_F52_m12f12_P52_Y1_UO636,FXX,1,0.0,1,1,1.0,0,0,0,-9999.0,0.5,1,P29_CV0,2,0,2,1,1,0,2,0,2
13,-639791.6009,-208960.2013,E13_F37_m30f30_P74_Y6_UO1430,I30_F13_m12f12_P52_Y1_UO633,I30_F52_m78f78_P93_Y4_UO3500,FXX,1,0.0,1,1,1.0,0,0,0,-9999.0,0.75,1,P29_CV0,2,2,0,1,1,0,2,0,2
13,-639791.6009,-208960.2013,E13_F37_m37f37_P74_Y6_UO1761,I37_F74_m39f39_P93_Y2_UO1763,I37_F38_m37f37_P13_Y4_UO1756,MXY,1,0.0,1,1,0.0,0,0,0,-9999.0,0.375,1,P29_CV0,2,0,2,0,2,0,2,0,2
13,-639791.6009,-208960.2013,E13_F78_m30f30_P13_Y6_UO1431,I30_F52_m30f30_P52_Y1_UO1300,I30_F29_m46f46_P52_Y2_UO2231,FXX,1,0.0,1,1,1.0,0,0,0,-9999.0,0.5,1,P29_CV0,2,2,0,2,0,0,2,0,2
13,-639791.6009,-208960.2013,E13_F78_m78f78_P13_Y6_UO3504,I78_F29_m7f7_P38_Y4_UO415,ID78_F13_m30f30_P13_Y3_UO1451,FXX,1,0.0,1,1,1.0,0,0,1,-9999.0,0.375,1,P29_CV0,2,1,1,1,1,0,2,0,2
13,-639791.6009,-208960.2013,E13_F78_m7f7_P38_Y6_UO498,I7_F38_m7f7_P74_Y0_UO456,ID7_F74_m-1f-1_P30_Y-1_U6,FXX,1,0.0,1,1,1.0,0,0,0,-9999.0,0.375,1,P29_CV0,2,0,2,1,1,0,2,0,2
13,-639791.6009,-208960.2013,E13_F78_m30f30_P38_Y6_UO1398,ID30_F13_m23f23_P52_Y3_UO1205,ID30_F13_m-1f-1_P30_Y-1_U240,FXX,1,0.0,1,1,1.0,0,0,0,-9999.0,0.1875,1,P29_CV0,2,0,2,2,0,0,2,0,2
13,-639791.6009,-208960.2013,E13_F78_m78f78_P93_Y6_UO3558,I78_F93_m-1f-1_P30_Y-1_U217,I78_F54_m34f34_P54_Y2_UO1581,FXX,1,0.0,1,1,1.0,0,0,1,-9999.0,0.5,1,P29_CV0,2,2,0,1,1,0,2,0,2
13,-639791.6009,-208960.2013,E13_F37_m7f7_P29_Y5_UO515,I7_F38_m-1f-1_P30_Y-1_U44,ID7_F38_m-1f-1_P37_Y-1_U118,MXY,2,0.0,1,0,0.0,0,0,0,-9999.0,0.5,1,P29_CV0,2,2,0,1,1,0,2,0,2
13,-639791.6009,-208960.2013,E13_F78_m7f7_P38_Y5_UO468,I7_F29_m78f78_P29_Y2_UO3461,I7_F29_m37f37_P38_Y3_UO1746,FXX,2,0.0,1,0,1.0,0,0,1,-9999.0,0.75,1,P29_CV0,2,1,1,0,2,0,2,0,2
13,-639791.6009,-208960.2013,E13_F78_m7f7_P29_Y5_UO506,I7_F38_m7f7_P74_Y0_UO486,I7_F29_m30f30_P38_Y3_UO1423,MXY,2,0.0,1,0,0.0,0,0,0,-9999.0,0.5,1,P29_CV0,2,0,2,0,2,0,2,0,2
13,-639791.6009,-208960.2013,E13_F30_m78f78_P13_Y4_UO3447,I78_F93_m30f30_P93_Y2_UO1407,I78_F93_m-1f-1_P78_Y-1_U40,FXX,3,0.0,1,0,1.0,0,0,0,-9999.0,0.125,1,P29_CV0,2,0,2,1,1,0,2,0,2
13,-639791.6009,-208960.2013,E13_F46_m12f12_P52_Y4_UO699,I12_F52_m12f12_P52_Y1_UO690,ID12_F52_m30f30_P52_Y1_UO1310,MXY,3,0.0,1,0,0.0,0,0,0,-9999.0,0.375,1,P29_CV0,2,0,2,1,1,0,2,0,2
13,-639791.6009,-208960.2013,E13_F78_m78f78_P13_Y4_UO3481,I78_F13_m-1f-1_P78_Y-1_U219,I78_F29_m30f30_P93_Y2_UO1385,MXY,3,0.0,1,0,0.0,0,0,0,-9999.0,0.625,1,P29_CV0,2,1,1,1,1,0,2,0,2
13,-639791.6009,-208960.2013,E13_F7_m30f30_P38_Y3_UO1365,I30_F38_m78f78_P13_Y1_UO3361,I30_F52_m-1f-1_P30_Y-1_U175,FXX,4,0.0,1,0,1.0,0,0,0,-9999.0,0.625,1,P29_CV0,2,1,1,2,0,0,2,0,2
13,-639791.6009,-208960.2013,E13_F78_m37f37_P29_Y3_UO1677,I37_F38_m37f37_P74_Y1_UO1560,ID37_F35_m-1f-1_P30_Y-1_U108,FXX,4,0.0,1,0,1.0,0,0,0,-9999.0,0.875,1,P29_CV0,2,2,0,2,0,0,2,0,2
13,-639791.6009,-208960.2013,E13_F37_m7f7_P74_Y2_UO395,I7_F74_m39f39_P13_Y0_UO1896,I7_F29_m30f30_P13_Y0_UO1492,FXX,5,0.0,1,0,1.0,0,0,0,-9999.0,0.5,1,P29_CV0,2,1,1,1,1,0,2,0,2
13,-639791.6009,-208960.2013,E13_F46_m30f30_P38_Y2_UO1365,ID30_F74_m30f30_P74_Y0_UO1431,ID30_F38_m-1f-1_P37_Y-1_U150,FXX,5,0.0,1,0,1.0,0,0,0,-9999.0,0.5,1,P29_CV0,2,2,0,1,1,0,2,0,2
13,-639791.6009,-208960.2013,E13_F7_m30f30_P38_Y1_UO1350,I30_F74_m-1f-1_P30_Y-1_U35,I30_F13_m-1f-1_P30_Y-1_U232,FXX,6,0.0,1,0,1.0,0,0,0,-9999.0,0.5,1,P29_CV0,2,1,1,1,1,0,2,0,2
13,-639791.6009,-208960.2013,E13_F30_m30f30_P74_Y1_UO1286,I30_F13_m-1f-1_P30_Y-1_U224,I30_F38_m-1f-1_P30_Y-1_U66,FXX,6,0.0,1,0,1.0,0,0,0,-9999.0,0.5,1,P29_CV0,2,1,1,1,1,0,2,0,2
13,-639791.6009,-208960.2013,E13_F30_m30f30_P93_Y0_UO1436,R30_F30_m-1f-1_P30_Y-1_U46,R30_F30_m-1f-1_P30_Y-1_U203,MXY,7,0.0,1,0,0.0,0,0,0,-9999.0,0.25,1,P29_CV0,2,0,2,1,1,0,2,0,2
13,-639791.6009,-208960.2013,E13_F46_m-1f-1_P30_Y-1_U234,-9999,-9999,FXX,8,0.0,1,0,1.0,0,0,0,-9999.0,1.0,1,P29_CV0,2,2,0,1,1,0,2,0,2
13,-639791.6009,-208960.2013,E13_F30_m-1f-1_P30_Y-1_U199,-9999,-9999,FXX,11,0.0,1,0,1.0,0,0,0,-9999.0,0.5,1,P29_CV0,2,1,1,0,2,0,2,0,2
13,-639791.6009,-208960.2013,E13_F30_m-1f-1_P30_Y-1_U95,-9999,-9999,MXY,12,0.0,1,0,0.0,0,0,0,-9999.0,0.5,1,P29_CV0,2,1,1,2,0,0,2,0,2
13,-639791.6009,-208960.2013,E13_F78_m-1f-1_P30_Y-1_U217,-9999,-9999,FXX,12,0.0,1,0,1.0,0,0,1,-9999.0,0.5,1,P29_CV0,2,1,1,1,1,0,2,0,2
13,-639791.6009,-208960.2013,E13_F30_m-1f-1_P30_Y-1_U59,-9999,-9999,FXX,16,0.0,1,0,1.0,0,0,0,-9999.0,1.0,1,P29_CV0,2,2,0,2,0,0,2,0,2
13,-639791.6009,-208960.2013,E13_F30_m-1f-1_P30_Y-1_U207,-9999,-9999,MXY,16,0.0,1,0,0.0,0,0,0,-9999.0,0.5,1,P29_CV0,2,1,1,1,1,0,2,0,2
13,-639791.6009,-208960.2013,Age0_F13_m78f78_P13_Y7_UO3499,I78_F29_m34f34_P54_Y4_UO1634,I78_F29_m7f7_P93_Y4_UO463,FXX,0,0.0,0,0,0.0,0,0,0,0.0,0.3125,1,P33_CV0,2,1,1,1,1,0,2,0,2
13,-639791.6009,-208960.2013,Age0_F13_m78f78_P13_Y7_UO3539,I78_F38_m-1f-1_P34_Y-1_U128,I78_F13_m39f39_P13_Y4_UO1854,FXX,0,0.0,0,0,0.0,0,0,0,0.0,0.5,1,P33_CV0,2,1,1,1,1,0,2,0,2
13,-639791.6009,-208960.2013,E13_F78_m78f78_P38_Y6_UO3507,ID78_F29_m37f37_P13_Y4_UO1742,I78_F54_m34f34_P54_Y2_UO1581,MXY,1,0.0,1,1,0.0,0,0,1,-9999.0,0.53125,1,P33_CV0,2,2,0,0,2,0,2,0,2
13,-639791.6009,-208960.2013,E13_F78_m34f34_P54_Y6_UO1682,I34_F54_m-1f-1_P34_Y-1_U191,I34_F32_m53f53_P26_Y2_UO2475,MXY,1,0.0,1,1,0.0,0,0,0,-9999.0,0.375,1,P33_CV0,2,1,1,2,0,0,2,0,2
13,-639791.6009,-208960.2013,E13_F30_m30f30_P13_Y5_UO1377,ID30_F13_m46f46_P52_Y2_UO2241,ID30_F38_m34f34_P29_Y2_UO1620,MXY,2,0.0,1,0,0.0,0,0,0,-9999.0,0.5,1,P33_CV0,2,1,1,2,0,0,2,0,2
13,-639791.6009,-208960.2013,E13_F78_m88f88_P29_Y5_UO4162,I88_F29_m-1f-1_P88_Y-1_U104,ID88_F54_m34f34_P66_Y2_UO1589,MXY,2,0.0,1,0,0.0,0,0,1,-9999.0,0.75,1,P33_CV0,2,1,1,0,2,0,2,0,2
13,-639791.6009,-208960.2013,E13_F78_m34f34_P54_Y4_UO1634,I34_F66_m-1f-1_P34_Y-1_U167,I34_F54_m34f34_P66_Y0_UO1694,FXX,3,0.0,1,0,1.0,0,0,1,-9999.0,0.5,1,P33_CV0,2,1,1,1,1,0,2,0,2
13,-639791.6009,-208960.2013,E13_F78_m34f34_P54_Y3_UO1629,ID34_F54_m-1f-1_P34_Y-1_U58,I34_F61_m-1f-1_P34_Y-1_U5,FXX,4,0.0,1,0,1.0,0,0,1,-9999.0,0.5,1,P33_CV0,2,1,1,1,1,0,2,0,2
13,-639791.6009,-208960.2013,E13_F78_m-1f-1_P34_Y-1_U128,-9999,-9999,FXX,10,0.0,1,0,1.0,0,0,0,-9999.0,0.5,1,P33_CV0,2,1,1,2,0,0,2,0,2
13,-639791.6009,-208960.2013,Age0_F13_m7f7_P13_Y7_UO497,I7_F38_m30f30_P38_Y1_UO1350,ID7_F38_m7f7_P38_Y4_UO471,FXX,0,0.0,0,0,0.0,0,0,0,0.0,0.375,1,P36_CV0,2,1,1,0,2,0,2,0,2
13,-639791.6009,-208960.2013,Age0_F13_m7f7_P13_Y7_UO499,I7_F13_m7f7_P38_Y0_UO442,I7_F38_m37f37_P38_Y4_UO1690,FXX,0,0.0,0,0,0.0,0,0,0,0.0,0.46875,1,P36_CV0,2,0,2,0,2,0,2,0,2
13,-639791.6009,-208960.2013,Age0_F13_m30f30_P13_Y7_UO1377,ID30_F52_m7f7_P38_Y4_UO425,I30_F52_m37f37_P74_Y5_UO1694,FXX,0,0.0,0,0,0.0,0,0,0,0.0,0.40625,1,P36_CV0,2,2,0,0,2,0,2,0,2
13,-639791.6009,-208960.2013,Age0_F13_m30f30_P13_Y7_UO1406,I30_F93_m30f30_P93_Y3_UO1407,I30_F35_m30f30_P93_Y1_UO1306,MXY,0,0.0,0,0,0.0,0,0,0,0.0,0.625,1,P36_CV0,2,2,0,1,1,0,2,0,2
13,-639791.6009,-208960.2013,Age0_F13_m30f30_P13_Y7_UO1417,I30_F29_m37f37_P52_Y2_UO1710,ID30_F52_m39f39_P13_Y2_UO1780,MXY,0,0.0,0,0,0.0,0,0,0,0.0,0.375,1,P36_CV0,2,0,2,2,0,0,2,0,2
13,-639791.6009,-208960.2013,Age0_F13_m37f37_P13_Y7_UO1683,I37_F29_m37f37_P38_Y5_UO1739,I37_F74_m88f88_P29_Y4_UO4113,FXX,0,0.0,0,0,0.0,0,0,0,0.0,0.5,1,P36_CV0,2,2,0,0,2,0,2,0,2
13,-639791.6009,-208960.2013,Age0_F13_m37f37_P13_Y7_UO1706,I37_F74_m37f37_P38_Y5_UO1686,I37_F38_m88f88_P74_Y2_UO4105,FXX,0,0.0,0,0,0.0,0,0,0,0.0,0.5,1,P36_CV0,2,0,2,1,1,0,2,0,2
13,-639791.6009,-208960.2013,Age0_F13_m37f37_P13_Y7_UO1749,I37_F35_m37f37_P74_Y3_UO1719,I37_F86_m-1f-1_P37_Y-1_U4,MXY,0,0.0,0,0,0.0,0,0,0,0.0,0.3125,1,P36_CV0,2,0,2,0,2,0,2,0,2
13,-639791.6009,-208960.2013,Age0_F13_m37f37_P13_Y7_UO1776,I37_F74_m7f7_P38_Y1_UO443,ID37_F52_m37f37_P74_Y5_UO1683,FXX,0,0.0,0,0,0.0,0,0,0,0.0,0.5625,1,P36_CV0,2,1,1,2,0,0,2,0,2
13,-639791.6009,-208960.2013,Age0_F13_m78f78_P13_Y7_UO3490,I78_F51_m34f34_P54_Y4_UO1657,I78_F29_m7f7_P93_Y4_UO463,FXX,0,0.0,0,0,0.0,0,0,0,0.0,0.3125,1,P36_CV0,2,0,2,1,1,0,2,0,2
13,-639791.6009,-208960.2013,E13_F30_m7f7_P38_Y6_UO442,ID7_F38_m78f78_P38_Y3_UO3476,ID7_F29_m-1f-1_P37_Y-1_U32,FXX,1,0.0,1,1,1.0,0,0,0,-9999.0,0.375,1,P36_CV0,2,1,1,2,0,0,2,0,2
13,-639791.6009,-208960.2013,E13_F30_m37f37_P38_Y6_UO1705,I37_F38_m7f7_P74_Y4_UO456,I37_F38_m37f37_P74_Y4_UO1729,FXX,1,0.0,1,1,1.0,0,0,0,-9999.0,0.375,1,P36_CV0,2,1,1,0,2,0,2,0,2
13,-639791.6009,-208960.2013,E13_F37_m7f7_P38_Y6_UO486,ID7_F38_m37f37_P38_Y1_UO1554,I7_F74_m37f37_P38_Y3_UO1687,MXY,1,0.0,1,1,0.0,0,0,0,-9999.0,0.5,1,P36_CV0,2,2,0,1,1,0,2,0,2
13,-639791.6009,-208960.2013,E13_F37_m30f30_P52_Y6_UO1403,I30_F52_m7f7_P74_Y3_UO402,ID30_F74_m-1f-1_P7_Y-1_U119,MXY,1,0.0,1,1,0.0,0,0,0,-9999.0,0.6875,1,P36_CV0,2,1,1,1,1,0,2,0,2
13,-639791.6009,-208960.2013,E13_F37_m7f7_P74_Y6_UO488,I7_F38_m37f37_P38_Y1_UO1565,I7_F74_m37f37_P74_Y3_UO1790,FXX,1,0.0,1,1,1.0,0,0,0,-9999.0,0.25,1,P36_CV0,2,0,2,2,0,0,2,0,2
13,-639791.6009,-208960.2013,E13_F37_m37f37_P74_Y6_UO1803,I37_F38_m-1f-1_P37_Y-1_U111,I37_F13_m88f88_P29_Y4_UO4139,FXX,1,0.0,1,1,1.0,0,0,0,-9999.0,0.75,1,P36_CV0,2,1,1,1,1,0,2,0,2
13,-639791.6009,-208960.2013,E13_F78_m7f7_P38_Y6_UO451,I7_F38_m37f37_P29_Y3_UO1765,I7_F74_m7f7_P74_Y4_UO455,FXX,1,0.0,1,1,1.0,0,0,0,-9999.0,0.5,1,P36_CV0,2,1,1,0,2,0,2,0,2
13,-639791.6009,-208960.2013,E13_F30_m30f30_P13_Y5_UO1346,I30_F35_m30f30_P52_Y3_UO1368,I30_F13_m-1f-1_P37_Y-1_U190,MXY,2,0.0,1,0,0.0,0,0,0,-9999.0,0.5625,1,P36_CV0,2,1,1,1,1,0,2,0,2
13,-639791.6009,-208960.2013,E13_F37_m37f37_P38_Y5_UO1739,I37_F74_m37f37_P29_Y1_UO1540,I37_F38_m7f7_P13_Y1_UO395,FXX,2,0.0,1,0,1.0,0,0,0,-9999.0,0.75,1,P36_CV0,2,1,1,1,1,0,2,0,2
13,-639791.6009,-208960.2013,E13_F37_m7f7_P38_Y5_UO484,I7_F29_m30f30_P74_Y1_UO1331,I7_F74_m7f7_P38_Y3_UO440,MXY,2,0.0,1,0,0.0,0,0,0,-9999.0,0.4375,1,P36_CV0,2,0,2,1,1,0,2,0,2
13,-639791.6009,-208960.2013,E13_F37_m37f37_P38_Y5_UO1686,I37_F38_m37f37_P38_Y3_UO1730,I37_F38_m37f37_P13_Y3_UO1785,FXX,2,0.0,1,0,1.0,0,0,0,-9999.0,0.5,1,P36_CV0,2,1,1,0,2,0,2,0,2
13,-639791.6009,-208960.2013,E13_F78_m7f7_P13_Y5_UO539,I7_F74_m-1f-1_P37_Y-1_U36,I7_F74_m37f37_P13_Y2_UO1750,FXX,2,0.0,1,0,1.0,0,0,0,-9999.0,0.5,1,P36_CV0,2,0,2,1,1,0,2,0,2
13,-639791.6009,-208960.2013,E13_F78_m37f37_P13_Y5_UO1729,ID37_F38_m7f7_P74_Y1_UO422,I37_F52_m37f37_P74_Y3_UO1680,MXY,2,0.0,1,0,0.0,0,0,1,-9999.0,0.3125,1,P36_CV0,2,1,1,1,1,0,2,0,2
13,-639791.6009,-208960.2013,E13_F7_m78f78_P38_Y4_UO3437,ID78_F54_m37f37_P38_Y2_UO1713,I78_F38_m-1f-1_P78_Y-1_U7,MXY,3,0.0,1,0,0.0,0,0,0,-9999.0,0.375,1,P36_CV0,2,2,0,1,1,0,2,0,2
13,-639791.6009,-208960.2013,E13_F30_m7f7_P38_Y4_UO425,I7_F38_m7f7_P74_Y1_UO409,I7_F74_m-1f-1_P7_Y-1_U240,FXX,3,0.0,1,0,1.0,0,0,0,-9999.0,0.125,1,P36_CV0,2,1,1,1,1,0,2,0,2
13,-639791.6009,-208960.2013,E13_F30_m7f7_P38_Y4_UO502,I7_F38_m-1f-1_P7_Y-1_U11,I7_F38_m-1f-1_P37_Y-1_U225,FXX,3,0.0,1,0,1.0,0,0,0,-9999.0,0.5,1,P36_CV0,2,1,1,0,2,0,2,0,2
13,-639791.6009,-208960.2013,E13_F30_m37f37_P38_Y4_UO1706,I37_F29_m30f30_P13_Y1_UO1263,I37_F74_m37f37_P29_Y1_UO1584,MXY,3,0.0,1,0,0.0,0,0,0,-9999.0,0.625,1,P36_CV0,2,0,2,0,2,0,2,0,2
13,-639791.6009,-208960.2013,E13_F46_m37f37_P13_Y4_UO1761,I37_F74_m-1f-1_P37_Y-1_U18,I37_F38_m7f7_P74_Y2_UO417,FXX,3,0.0,1,0,1.0,0,0,0,-9999.0,0.4375,1,P36_CV0,2,1,1,1,1,0,2,0,2
13,-639791.6009,-208960.2013,E13_F78_m7f7_P93_Y4_UO463,I7_F38_m88f88_P29_Y0_UO4471,I7_F29_m-1f-1_P37_Y-1_U96,MXY,3,0.0,1,0,0.0,0,0,1,-9999.0,0.125,1,P36_CV0,2,0,2,2,0,0,2,0,2
13,-639791.6009,-208960.2013,E13_F78_m37f37_P13_Y4_UO1738,I37_F38_m7f7_P74_Y0_UO395,I37_F38_m7f7_P38_Y2_UO392,FXX,3,0.0,1,0,1.0,0,0,0,-9999.0,0.75,1,P36_CV0,2,1,1,0,2,0,2,0,2
13,-639791.6009,-208960.2013,E13_F37_m37f37_P74_Y3_UO1719,I37_F38_m37f37_P38_Y0_UO1778,ID37_F74_m37f37_P38_Y1_UO1575,FXX,4,0.0,1,0,1.0,0,0,0,-9999.0,0.625,1,P36_CV0,2,1,1,0,2,0,2,0,2
13,-639791.6009,-208960.2013,E13_F30_m37f37_P52_Y2_UO1710,I37_F38_m-1f-1_P37_Y-1_U148,I37_F74_m37f37_P38_Y0_UO1769,FXX,5,0.0,1,0,1.0,0,0,0,-9999.0,0.625,1,P36_CV0,2,1,1,1,1,0,2,0,2
13,-639791.6009,-208960.2013,E13_F30_m46f46_P93_Y2_UO2247,I46_F52_m-1f-1_P39_Y-1_U10,ID46_F52_m37f37_P74_Y0_UO1773,MXY,5,0.0,1,0,0.0,0,0,0,-9999.0,0.75,1,P36_CV0,2,2,0,2,0,0,2,0,2
13,-639791.6009,-208960.2013,E13_F37_m7f7_P38_Y2_UO434,I7_F38_m-1f-1_P7_Y-1_U91,ID7_F38_m-1f-1_P37_Y-1_U96,MXY,5,0.0,1,0,0.0,0,0,0,-9999.0,0.25,1,P36_CV0,2,0,2,1,1,0,2,0,2
13,-639791.6009,-208960.2013,E13_F37_m37f37_P74_Y2_UO1734,I37_F29_m-1f-1_P37_Y-1_U130,I37_F38_m-1f-1_P37_Y-1_U19,FXX,5,0.0,1,0,1.0,0,0,0,-9999.0,0.5,1,P36_CV0,2,0,2,1,1,0,2,0,2
13,-639791.6009,-208960.2013,E13_F78_m37f37_P29_Y2_UO1743,I37_F38_m-1f-1_P37_Y-1_U109,I37_F38_m-1f-1_P30_Y-1_U74,MXY,5,0.0,1,0,0.0,0,0,0,-9999.0,0.25,1,P36_CV0,2,1,1,2,0,0,2,0,2
13,-639791.6009,-208960.2013,E13_F30_m37f37_P29_Y1_UO1540,I37_F38_m-1f-1_P37_Y-1_U174,ID37_F38_m-1f-1_P7_Y-1_U52,FXX,6,0.0,1,0,1.0,0,0,0,-9999.0,0.75,1,P36_CV0,2,1,1,0,2,0,2,0,2
13,-639791.6009,-208960.2013,Age0_F13_m87f87_P13_Y7_UO4085,I87_F24_m87f87_P24_Y4_UO4020,I87_F24_m60f60_P75_Y4_UO2827,FXX,0,0.0,0,0,0.0,0,0,0,0.0,0.375,1,P38_CV0,2,1,1,1,1,0,2,0,2
13,-639791.6009,-208960.2013,E13_F30_m39f39_P93_Y3_UO1829,I39_F19_m46f46_P19_Y0_UO2354,ID39_F75_m-1f-1_P39_Y-1_U25,FXX,4,0.0,1,0,1.0,0,0,0,-9999.0,0.625,1,P38_CV0,2,1,1,0,2,0,2,0,2
13,-639791.6009,-208960.2013,Age0_F13_m46f46_P13_Y7_UO2355,I46_F93_m-1f-1_P12_Y-1_U37,I46_F52_m45f45_P52_Y5_UO2166,MXY,0,0.0,0,0,0.0,0,0,0,0.0,0.875,1,P39_CV0,2,2,0,0,2,0,2,0,2
13,-639791.6009,-208960.2013,E13_F46_m92f92_P6_Y3_UO4255,I92_F6_m40f40_P99_Y1_UO1733,I92_F99_m45f45_P86_Y0_UO2321,MXY,4,0.0,1,0,0.0,0,0,0,-9999.0,0.125,1,P39_CV0,2,0,2,0,2,0,2,0,2
13,-639791.6009,-208960.2013,E13_F30_m90f90_P35_Y6_UO4318,I90_F35_m31f31_P8_Y0_UO1620,ID90_F86_m90f90_P86_Y4_UO4158,FXX,1,0.0,1,1,1.0,0,0,0,-9999.0,0.34375,1,P41_CV0,2,1,1,1,1,0,2,0,2
13,-639791.6009,-208960.2013,E13_F46_m45f45_P86_Y4_UO2137,I45_F86_m42f42_P99_Y1_UO1802,I45_F6_m25f25_P8_Y2_UO1328,FXX,3,0.0,1,0,1.0,0,0,0,-9999.0,0.5,1,P41_CV0,2,0,2,1,1,0,2,0,2
13,-639791.6009,-208960.2013,E13_F46_m90f90_P35_Y3_UO4149,I90_F86_m30f30_P35_Y1_UO1347,I90_F27_m42f42_P6_Y0_UO2043,MXY,4,0.0,1,0,0.0,0,0,0,-9999.0,0.375,1,P41_CV0,2,1,1,1,1,0,2,0,2
13,-639791.6009,-208960.2013,E13_F7_m7f7_P74_Y6_UO479,ID7_F74_m7f7_P74_Y2_UO430,ID7_F38_m23f23_P52_Y2_UO1180,MXY,1,0.0,1,1,0.0,0,0,0,-9999.0,0.75,1,P44_CV0,2,2,0,0,2,0,2,0,2
13,-639791.6009,-208960.2013,E13_F30_m46f46_P93_Y6_UO2317,I46_F52_m12f12_P52_Y2_UO700,ID46_F86_m39f39_P93_Y2_UO1784,MXY,1,0.0,1,1,0.0,0,0,0,-9999.0,0.4375,1,P44_CV0,2,0,2,0,2,0,2,0,2
13,-639791.6009,-208960.2013,E13_F30_m45f45_P86_Y0_UO2247,R45_F45_m-1f-1_P45_Y-1_U54,R45_F45_m-1f-1_P45_Y-1_U237,MXY,7,0.0,1,0,0.0,0,0,0,-9999.0,0.5,1,P44_CV0,2,0,2,0,2,0,2,0,2
13,-639791.6009,-208960.2013,Age0_F13_m30f30_P13_Y7_UO1400,I30_F74_m39f39_P93_Y3_UO1829,I30_F13_m46f46_P93_Y1_UO2103,FXX,0,0.0,0,0,0.0,0,0,0,0.0,0.5625,1,P45_CV0,2,1,1,1,1,0,2,0,2
13,-639791.6009,-208960.2013,Age0_F13_m30f30_P13_Y7_UO1444,ID30_F38_m-1f-1_P46_Y-1_U102,I30_F38_m30f30_P13_Y5_UO1346,MXY,0,0.0,0,0,0.0,0,0,0,0.0,0.28125,1,P45_CV0,2,0,2,0,2,0,2,0,2
13,-639791.6009,-208960.2013,Age0_F13_m46f46_P13_Y7_UO2294,I46_F93_m37f37_P13_Y4_UO1761,I46_F52_m-1f-1_P46_Y-1_U213,MXY,0,0.0,0,0,0.0,0,0,0,0.0,0.46875,1,P45_CV0,2,2,0,1,1,0,2,0,2
13,-639791.6009,-208960.2013,Age0_F13_m46f46_P13_Y7_UO2299,ID46_F86_m46f46_P52_Y4_UO2228,I46_F19_m90f90_P52_Y2_UO4198,FXX,0,0.0,0,0,0.0,0,0,0,0.0,0.25,1,P45_CV0,2,0,2,1,1,0,2,0,2
13,-639791.6009,-208960.2013,Age0_F13_m46f46_P13_Y7_UO2357,I46_F86_m-1f-1_P46_Y-1_U62,I46_F93_m7f7_P38_Y0_UO409,MXY,0,0.0,0,0,0.0,0,0,0,0.0,0.875,1,P45_CV0,2,2,0,2,0,0,2,0,2
13,-639791.6009,-208960.2013,E13_F7_m30f30_P38_Y6_UO1423,I30_F13_m46f46_P52_Y2_UO2271,I30_F74_m30f30_P38_Y4_UO1436,MXY,1,0.0,1,1,0.0,0,0,0,-9999.0,0.5625,1,P45_CV0,2,1,1,2,0,0,2,0,2
13,-639791.6009,-208960.2013,E13_F30_m78f78_P38_Y6_UO3518,I78_F13_m30f30_P13_Y3_UO1345,I78_F13_m39f39_P19_Y1_UO1704,FXX,1,0.0,1,1,1.0,0,0,0,-9999.0,0.5625,1,P45_CV0,2,1,1,2,0,0,2,0,2
13,-639791.6009,-208960.2013,E13_F30_m46f46_P52_Y6_UO2357,ID46_F52_m-1f-1_P46_Y-1_U108,I46_F13_m45f45_P86_Y0_UO2258,FXX,1,0.0,1,1,1.0,0,0,0,-9999.0,0.375,1,P45_CV0,2,0,2,0,2,0,2,0,2
13,-639791.6009,-208960.2013,E13_F39_m39f39_P19_Y6_UO1850,ID39_F75_m39f39_P19_Y4_UO1864,I39_F19_m-1f-1_P46_Y-1_U246,MXY,1,0.0,1,1,0.0,0,0,0,-9999.0,0.53125,1,P45_CV0,2,2,0,0,2,0,2,0,2
13,-639791.6009,-208960.2013,E13_F46_m46f46_P52_Y6_UO2314,ID46_F13_m30f30_P38_Y2_UO1365,I46_F52_m-1f-1_P46_Y-1_U98,FXX,1,0.0,1,1,1.0,0,0,0,-9999.0,0.75,1,P45_CV0,2,2,0,0,2,0,2,0,2
13,-639791.6009,-208960.2013,E13_F78_m30f30_P13_Y5_UO1391,ID30_F52_m46f46_P52_Y2_UO2271,ID30_F38_m30f30_P38_Y3_UO1371,MXY,2,0.0,1,0,0.0,0,0,1,-9999.0,0.5,1,P45_CV0,2,1,1,1,1,0,2,0,2
13,-639791.6009,-208960.2013,E13_F46_m46f46_P52_Y4_UO2228,I46_F52_m12f12_P52_Y1_UO644,I46_F52_m-1f-1_P46_Y-1_U175,FXX,3,0.0,1,0,1.0,0,0,0,-9999.0,0.25,1,P45_CV0,2,0,2,1,1,0,2,0,2
13,-639791.6009,-208960.2013,E13_F78_m30f30_P13_Y3_UO1345,ID30_F13_m46f46_P93_Y1_UO2122,I30_F13_m-1f-1_P30_Y-1_U6,FXX,4,0.0,1,0,1.0,0,0,0,-9999.0,0.625,1,P45_CV0,2,1,1,1,1,0,2,0,2
13,-639791.6009,-208960.2013,E13_F30_m46f46_P52_Y2_UO2241,ID46_F52_m-1f-1_P12_Y-1_U17,I46_F52_m-1f-1_P46_Y-1_U28,FXX,5,0.0,1,0,1.0,0,0,0,-9999.0,0.5,1,P45_CV0,2,2,0,1,1,0,2,0,2
13,-639791.6009,-208960.2013,E13_F78_m46f46_P13_Y0_UO2388,R46_F46_m-1f-1_P46_Y-1_U150,R46_F46_m-1f-1_P46_Y-1_U244,MXY,7,0.0,1,0,0.0,0,0,1,-9999.0,0.75,1,P45_CV0,2,2,0,2,0,0,2,0,2
13,-639791.6009,-208960.2013,E13_F30_m-1f-1_P46_Y-1_U102,-9999,-9999,FXX,8,0.0,1,0,1.0,0,0,0,-9999.0,0.0,1,P45_CV0,2,0,2,1,1,0,2,0,2
13,-639791.6009,-208960.2013,E13_F46_m-1f-1_P46_Y-1_U20,-9999,-9999,MXY,12,0.0,1,0,0.0,0,0,0,-9999.0,1.0,1,P45_CV0,2,2,0,1,1,0,2,0,2
13,-639791.6009,-208960.2013,E13_F46_m-1f-1_P46_Y-1_U62,-9999,-9999,FXX,15,0.0,1,0,1.0,0,0,0,-9999.0,1.0,1,P45_CV0,2,2,0,2,0,0,2,0,2
13,-639791.6009,-208960.2013,Age0_F13_m78f78_P13_Y7_UO3534,I78_F13_m-1f-1_P78_Y-1_U99,ID78_F54_m34f34_P54_Y5_UO1556,FXX,0,0.0,0,0,0.0,0,0,0,0.0,0.53125,1,P52_CV0,2,1,1,2,0,0,2,0,2
13,-639791.6009,-208960.2013,Age0_F13_m39f39_P13_Y7_UO1848,I39_F51_m39f39_P75_Y4_UO1818,I39_F51_m87f87_P19_Y1_UO3871,FXX,0,0.0,0,0,0.0,0,0,0,0.0,0.375,1,P59_CV0,2,0,2,0,2,0,2,0,2
13,-639791.6009,-208960.2013,Age0_F13_m39f39_P13_Y7_UO1873,I39_F75_m60f60_P75_Y1_UO2695,ID39_F19_m39f39_P75_Y3_UO1868,MXY,0,0.0,0,0,0.0,0,0,0,0.0,0.5625,1,P59_CV0,2,1,1,1,1,0,2,0,2
13,-639791.6009,-208960.2013,Age0_F13_m60f60_P13_Y7_UO2775,I60_F75_m60f60_P75_Y5_UO2783,ID60_F48_m39f39_P75_Y4_UO1849,MXY,0,0.0,0,0,0.0,0,0,0,0.0,0.40625,1,P59_CV0,2,1,1,1,1,0,2,0,2
13,-639791.6009,-208960.2013,Age0_F13_m87f87_P13_Y7_UO4099,I87_F24_m39f39_P51_Y3_UO1843,ID87_F67_m87f87_P24_Y2_UO4035,MXY,0,0.0,0,0,0.0,0,0,0,0.0,0.6875,1,P59_CV0,2,1,1,2,0,0,2,0,2
13,-639791.6009,-208960.2013,E13_F30_m39f39_P93_Y6_UO1883,ID39_F51_m60f60_P75_Y1_UO2759,I39_F51_m39f39_P19_Y4_UO1862,FXX,1,0.0,1,1,1.0,0,0,0,-9999.0,0.4375,1,P59_CV0,2,1,1,1,1,0,2,0,2
13,-639791.6009,-208960.2013,E13_F87_m39f39_P19_Y6_UO1916,I39_F75_m-1f-1_P39_Y-1_U145,I39_F93_m60f60_P75_Y3_UO2815,FXX,1,0.0,1,1,1.0,0,0,0,-9999.0,0.25,1,P59_CV0,2,0,2,1,1,0,2,0,2
13,-639791.6009,-208960.2013,E13_F60_m60f60_P75_Y5_UO2783,ID60_F51_m46f46_P13_Y3_UO2228,I60_F75_m-1f-1_P60_Y-1_U246,FXX,2,0.0,1,0,1.0,0,0,0,-9999.0,0.5625,1,P59_CV0,2,2,0,0,2,0,2,0,2
13,-639791.6009,-208960.2013,E13_F39_m39f39_P75_Y4_UO1818,I39_F75_m60f60_P75_Y1_UO2695,I39_F52_m-1f-1_P39_Y-1_U111,FXX,3,0.0,1,0,1.0,0,0,0,-9999.0,0.25,1,P59_CV0,2,0,2,0,2,0,2,0,2
13,-639791.6009,-208960.2013,E13_F87_m39f39_P51_Y3_UO1843,I39_F75_m-1f-1_P39_Y-1_U207,I39_F51_m60f60_P75_Y0_UO3034,FXX,4,0.0,1,0,1.0,0,0,0,-9999.0,0.625,1,P59_CV0,2,1,1,2,0,0,2,0,2
13,-639791.6009,-208960.2013,E13_F39_m60f60_P75_Y1_UO2695,I60_F14_m-1f-1_P60_Y-1_U21,I60_F75_m-1f-1_P60_Y-1_U188,FXX,6,0.0,1,0,1.0,0,0,0,-9999.0,0.5,1,P59_CV0,2,1,1,1,1,0,2,0,2
13,-639791.6009,-208960.2013,E13_F39_m60f60_P75_Y0_UO3082,R60_F60_m-1f-1_P60_Y-1_U125,R60_F60_m-1f-1_P60_Y-1_U162,MXY,7,0.0,1,0,0.0,0,0,0,-9999.0,0.75,1,P59_CV0,2,1,1,1,1,0,2,0,2
13,-639791.6009,-208960.2013,E13_F46_m45f45_P86_Y4_UO2185,I45_F86_m-1f-1_P42_Y-1_U204,I45_F57_m-1f-1_P63_Y-1_U162,FXX,3,0.0,1,0,1.0,0,0,0,-9999.0,0.5,1,P62_CV0,2,1,1,1,1,0,2,0,2
13,-639791.6009,-208960.2013,Age0_F13_m7f7_P13_Y7_UO456,ID7_F74_m46f46_P52_Y4_UO2280,I7_F38_m37f37_P38_Y5_UO1773,FXX,0,0.0,0,0,0.0,0,0,0,0.0,0.34375,1,P6_CV0,2,0,2,1,1,0,2,0,2
13,-639791.6009,-208960.2013,Age0_F13_m7f7_P13_Y7_UO462,I7_F38_m37f37_P74_Y3_UO1774,ID7_F38_m-1f-1_P7_Y-1_U244,MXY,0,0.0,0,0,0.0,0,0,0,0.0,0.5,1,P6_CV0,2,2,0,0,2,0,2,0,2
13,-639791.6009,-208960.2013,Age0_F13_m30f30_P13_Y7_UO1397,I30_F29_m37f37_P38_Y4_UO1748,ID30_F52_m39f39_P13_Y2_UO1780,FXX,0,0.0,0,0,0.0,0,0,0,0.0,0.1875,1,P6_CV0,2,0,2,1,1,0,2,0,2
13,-639791.6009,-208960.2013,Age0_F13_m30f30_P13_Y7_UO1435,I30_F38_m7f7_P74_Y1_UO446,I30_F38_m30f30_P13_Y5_UO1346,FXX,0,0.0,0,0,0.0,0,0,0,0.0,0.65625,1,P6_CV0,2,0,2,1,1,0,2,0,2
13,-639791.6009,-208960.2013,Age0_F13_m30f30_P13_Y7_UO1456,I30_F93_m-1f-1_P7_Y-1_U105,I30_F93_m78f78_P13_Y4_UO3503,FXX,0,0.0,0,0,0.0,0,0,0,0.0,0.25,1,P6_CV0,2,0,2,1,1,0,2,0,2
13,-639791.6009,-208960.2013,Age0_F13_m37f37_P13_Y7_UO1724,ID37_F38_m37f37_P74_Y4_UO1671,I37_F13_m37f37_P38_Y3_UO1776,MXY,0,0.0,0,0,0.0,0,0,0,0.0,0.5,1,P6_CV0,2,0,2,1,1,0,2,0,2
13,-639791.6009,-208960.2013,Age0_F13_m37f37_P13_Y7_UO1765,I37_F13_m37f37_P74_Y2_UO1734,I37_F38_m37f37_P38_Y5_UO1747,MXY,0,0.0,0,0,0.0,0,0,0,0.0,0.59375,1,P6_CV0,2,1,1,2,0,0,2,0,2
13,-639791.6009,-208960.2013,Age0_F13_m37f37_P13_Y7_UO1788,I37_F29_m-1f-1_P7_Y-1_U140,I37_F29_m-1f-1_P30_Y-1_U10,MXY,0,0.0,0,0,0.0,0,0,0,0.0,0.25,1,P6_CV0,2,0,2,0,2,0,2,0,2
13,-639791.6009,-208960.2013,Age0_F13_m46f46_P13_Y7_UO2344,I46_F52_m-1f-1_P12_Y-1_U221,I46_F93_m7f7_P38_Y0_UO409,FXX,0,0.0,0,0,0.0,0,0,0,0.0,0.875,1,P6_CV0,2,2,0,0,2,0,2,0,2
13,-639791.6009,-208960.2013,Age0_F13_m78f78_P13_Y7_UO3503,ID78_F54_m30f30_P13_Y3_UO1435,ID78_F93_m-1f-1_P78_Y-1_U123,MXY,0,0.0,0,0,0.0,0,0,0,0.0,0.5625,1,P6_CV0,2,1,1,1,1,0,2,0,2
13,-639791.6009,-208960.2013,Age0_F13_m78f78_P13_Y7_UO3538,ID78_F38_m-1f-1_P7_Y-1_U21,I78_F13_m46f46_P93_Y5_UO2266,FXX,0,0.0,0,0,0.0,0,0,0,0.0,0.4375,1,P6_CV0,2,0,2,1,1,0,2,0,2
13,-639791.6009,-208960.2013,E13_F7_m7f7_P38_Y6_UO520,I7_F74_m-1f-1_P37_Y-1_U215,I7_F74_m7f7_P74_Y4_UO391,MXY,1,0.0,1,1,0.0,0,0,0,-9999.0,0.40625,1,P6_CV0,2,1,1,0,2,0,2,0,2
13,-639791.6009,-208960.2013,E13_F7_m37f37_P74_Y6_UO1732,I37_F38_m30f30_P74_Y4_UO1447,ID37_F74_m37f37_P74_Y4_UO1771,MXY,1,0.0,1,1,0.0,0,0,0,-9999.0,0.375,1,P6_CV0,2,0,2,1,1,0,2,0,2
13,-639791.6009,-208960.2013,E13_F30_m7f7_P38_Y6_UO446,ID7_F74_m7f7_P74_Y3_UO411,ID7_F74_m37f37_P74_Y3_UO1771,MXY,1,0.0,1,1,0.0,0,0,0,-9999.0,0.5,1,P6_CV0,2,1,1,1,1,0,2,0,2
13,-639791.6009,-208960.2013,E13_F30_m30f30_P38_Y6_UO1415,I30_F52_m37f37_P38_Y2_UO1683,I30_F52_m30f30_P52_Y4_UO1440,MXY,1,0.0,1,1,0.0,0,0,0,-9999.0,0.625,1,P6_CV0,2,2,0,1,1,0,2,0,2
13,-639791.6009,-208960.2013,E13_F30_m37f37_P38_Y6_UO1816,I37_F38_m-1f-1_P7_Y-1_U5,I37_F38_m12f12_P93_Y2_UO744,FXX,1,0.0,1,1,1.0,0,0,0,-9999.0,0.875,1,P6_CV0,2,2,0,1,1,0,2,0,2
13,-639791.6009,-208960.2013,E13_F30_m7f7_P74_Y6_UO416,I7_F74_m78f78_P74_Y4_UO3427,I7_F38_m7f7_P38_Y3_UO485,MXY,1,0.0,1,1,0.0,0,0,0,-9999.0,0.8125,1,P6_CV0,2,2,0,1,1,0,2,0,2
13,-639791.6009,-208960.2013,E13_F37_m88f88_P29_Y6_UO4182,I88_F29_m-1f-1_P88_Y-1_U235,I88_F29_m78f78_P29_Y3_UO3463,FXX,1,0.0,1,1,1.0,0,0,0,-9999.0,0.5625,1,P6_CV0,2,1,1,1,1,0,2,0,2
13,-639791.6009,-208960.2013,E13_F37_m30f30_P38_Y6_UO1457,I30_F74_m-1f-1_P30_Y-1_U235,I30_F52_m7f7_P38_Y0_UO499,MXY,1,0.0,1,1,0.0,0,0,0,-9999.0,0.625,1,P6_CV0,2,1,1,2,0,0,2,0,2
13,-639791.6009,-208960.2013,E13_F37_m37f37_P38_Y6_UO1824,ID37_F38_m-1f-1_P7_Y-1_U163,I37_F38_m30f30_P52_Y1_UO1326,FXX,1,0.0,1,1,1.0,0,0,0,-9999.0,0.875,1,P6_CV0,2,2,0,1,1,0,2,0,2
13,-639791.6009,-208960.2013,E13_F46_m12f12_P52_Y6_UO733,ID12_F93_m7f7_P38_Y2_UO447,I12_F52_m12f12_P52_Y3_UO680,MXY,1,0.0,1,1,0.0,0,0,0,-9999.0,0.625,1,P6_CV0,2,2,0,2,0,0,2,0,2
13,-639791.6009,-208960.2013,E13_F78_m30f30_P38_Y6_UO1370,ID30_F38_m7f7_P74_Y4_UO477,I30_F38_m7f7_P38_Y2_UO410,MXY,1,0.0,1,1,0.0,0,0,1,-9999.0,0.8125,1,P6_CV0,2,2,0,1,1,0,2,0,2
13,-639791.6009,-208960.2013,E13_F37_m37f37_P38_Y5_UO1783,I37_F38_m-1f-1_P7_Y-1_U198,I37_F74_m37f37_P38_Y3_UO1760,FXX,2,0.0,1,0,1.0,0,0,0,-9999.0,0.25,1,P6_CV0,2,1,1,1,1,0,2,0,2
13,-639791.6009,-208960.2013,E13_F78_m46f46_P93_Y5_UO2266,I46_F19_m12f12_P52_Y2_UO675,ID46_F86_m30f30_P52_Y2_UO1450,MXY,2,0.0,1,0,0.0,0,0,0,-9999.0,0.375,1,P6_CV0,2,0,2,1,1,0,2,0,2
13,-639791.6009,-208960.2013,E13_F30_m37f37_P38_Y4_UO1748,I37_F52_m-1f-1_P7_Y-1_U230,I37_F74_m78f78_P29_Y2_UO3517,FXX,3,0.0,1,0,1.0,0,0,0,-9999.0,0.25,1,P6_CV0,2,1,1,0,2,0,2,0,2
13,-639791.6009,-208960.2013,E13_F37_m7f7_P74_Y4_UO493,I7_F74_m-1f-1_P7_Y-1_U77,I7_F38_m7f7_P74_Y1_UO427,MXY,3,0.0,1,0,0.0,0,0,0,-9999.0,0.25,1,P6_CV0,2,1,1,1,1,0,2,0,2
13,-639791.6009,-208960.2013,E13_F37_m37f37_P74_Y4_UO1671,I37_F52_m37f37_P74_Y2_UO1747,ID37_F74_m7f7_P38_Y0_UO464,FXX,3,0.0,1,0,1.0,0,0,0,-9999.0,0.5,1,P6_CV0,2,1,1,0,2,0,2,0,2
13,-639791.6009,-208960.2013,E13_F37_m37f37_P38_Y4_UO1668,I37_F38_m7f7_P38_Y2_UO422,I37_F74_m-1f-1_P37_Y-1_U239,FXX,3,0.0,1,0,1.0,0,0,0,-9999.0,0.375,1,P6_CV0,2,1,1,0,2,0,2,0,2
13,-639791.6009,-208960.2013,E13_F78_m37f37_P13_Y4_UO1708,ID37_F13_m37f37_P13_Y1_UO1621,I37_F38_m7f7_P38_Y2_UO437,MXY,3,0.0,1,0,0.0,0,0,0,-9999.0,0.5625,1,P6_CV0,2,2,0,2,0,0,2,0,2
13,-639791.6009,-208960.2013,E13_F7_m37f37_P74_Y3_UO1774,I37_F52_m-1f-1_P7_Y-1_U133,I37_F74_m-1f-1_P7_Y-1_U155,FXX,4,0.0,1,0,1.0,0,0,0,-9999.0,0.5,1,P6_CV0,2,2,0,0,2,0,2,0,2
13,-639791.6009,-208960.2013,E13_F30_m7f7_P38_Y3_UO437,I7_F74_m-1f-1_P7_Y-1_U82,I7_F74_m-1f-1_P7_Y-1_U35,FXX,4,0.0,1,0,1.0,0,0,0,-9999.0,0.5,1,P6_CV0,2,1,1,1,1,0,2,0,2
13,-639791.6009,-208960.2013,E13_F78_m30f30_P13_Y3_UO1435,I30_F93_m-1f-1_P30_Y-1_U235,I30_F52_m7f7_P38_Y1_UO362,FXX,4,0.0,1,0,1.0,0,0,0,-9999.0,0.625,1,P6_CV0,2,1,1,1,1,0,2,0,2
13,-639791.6009,-208960.2013,E13_F30_m7f7_P74_Y1_UO383,I7_F38_m-1f-1_P7_Y-1_U212,I7_F74_m-1f-1_P7_Y-1_U171,MXY,6,0.0,1,0,0.0,0,0,0,-9999.0,0.5,1,P6_CV0,2,1,1,2,0,0,2,0,2
13,-639791.6009,-208960.2013,E13_F30_m7f7_P74_Y1_UO446,ID7_F38_m-1f-1_P7_Y-1_U70,I7_F74_m-1f-1_P7_Y-1_U244,FXX,6,0.0,1,0,1.0,0,0,0,-9999.0,0.75,1,P6_CV0,2,1,1,0,2,0,2,0,2
13,-639791.6009,-208960.2013,E13_F37_m7f7_P38_Y1_UO443,I7_F38_m-1f-1_P7_Y-1_U246,I7_F38_m-1f-1_P7_Y-1_U176,FXX,6,0.0,1,0,1.0,0,0,0,-9999.0,0.75,1,P6_CV0,2,2,0,2,0,0,2,0,2
13,-639791.6009,-208960.2013,E13_F46_m7f7_P35_Y1_UO442,I7_F74_m-1f-1_P7_Y-1_U243,ID7_F13_m-1f-1_P7_Y-1_U151,FXX,6,0.0,1,0,1.0,0,0,0,-9999.0,0.25,1,P6_CV0,2,1,1,0,2,0,2,0,2
13,-639791.6009,-208960.2013,E13_F7_m7f7_P38_Y0_UO442,R7_F7_m-1f-1_P7_Y-1_U111,R7_F7_m-1f-1_P7_Y-1_U160,FXX,7,0.0,1,0,1.0,0,0,0,-9999.0,0.75,1,P6_CV0,2,1,1,0,2,0,2,0,2
13,-639791.6009,-208960.2013,E13_F30_m7f7_P38_Y0_UO489,R7_F7_m-1f-1_P7_Y-1_U224,R7_F7_m-1f-1_P7_Y-1_U147,MXY,7,0.0,1,0,0.0,0,0,0,-9999.0,0.25,1,P6_CV0,2,1,1,1,1,0,2,0,2
13,-639791.6009,-208960.2013,E13_F46_m7f7_P74_Y0_UO471,R7_F7_m-1f-1_P7_Y-1_U187,R7_F7_m-1f-1_P7_Y-1_U97,MXY,7,0.0,1,0,0.0,0,0,0,-9999.0,0.75,1,P6_CV0,2,2,0,1,1,0,2,0,2
13,-639791.6009,-208960.2013,E13_F46_m-1f-1_P7_Y-1_U119,-9999,-9999,MXY,9,0.0,1,0,0.0,0,0,0,-9999.0,1.0,1,P6_CV0,2,2,0,2,0,0,2,0,2
13,-639791.6009,-208960.2013,E13_F37_m-1f-1_P7_Y-1_U140,-9999,-9999,FXX,10,0.0,1,0,1.0,0,0,0,-9999.0,0.5,1,P6_CV0,2,1,1,1,1,0,2,0,2
13,-639791.6009,-208960.2013,E13_F78_m-1f-1_P7_Y-1_U21,-9999,-9999,FXX,10,0.0,1,0,1.0,0,0,1,-9999.0,0.5,1,P6_CV0,2,1,1,1,1,0,2,0,2
13,-639791.6009,-208960.2013,E13_F30_m-1f-1_P7_Y-1_U105,-9999,-9999,FXX,14,0.0,1,0,1.0,0,0,0,-9999.0,0.0,1,P6_CV0,2,0,2,1,1,0,2,0,2
13,-639791.6009,-208960.2013,Age0_F13_m30f30_P13_Y7_UO1410,I30_F74_m7f7_P38_Y3_UO437,ID30_F29_m78f78_P29_Y4_UO3509,MXY,0,0.0,0,0,0.0,0,0,0,0.0,0.6875,1,P77_CV0,2,1,1,1,1,0,2,0,2
13,-639791.6009,-208960.2013,Age0_F13_m30f30_P13_Y7_UO1443,I30_F13_m-1f-1_P78_Y-1_U235,ID30_F13_m7f7_P38_Y5_UO475,MXY,0,0.0,0,0,0.0,0,0,0,0.0,0.40625,1,P77_CV0,2,1,1,0,2,0,2,0,2
13,-639791.6009,-208960.2013,Age0_F13_m30f30_P13_Y7_UO1449,I30_F38_m-1f-1_P30_Y-1_U199,I30_F93_m78f78_P13_Y4_UO3503,MXY,0,0.0,0,0,0.0,0,0,0,0.0,0.5,1,P77_CV0,2,1,1,1,1,0,2,0,2
13,-639791.6009,-208960.2013,Age0_F13_m37f37_P13_Y7_UO1685,I37_F38_m37f37_P38_Y5_UO1783,ID37_F38_m78f78_P13_Y2_UO3521,MXY,0,0.0,0,0,0.0,0,0,0,0.0,0.3125,1,P77_CV0,2,2,0,1,1,0,2,0,2
13,-639791.6009,-208960.2013,Age0_F13_m46f46_P13_Y7_UO2336,I46_F52_m78f78_P93_Y0_UO3771,I46_F13_m-1f-1_P46_Y-1_U76,FXX,0,0.0,0,0,0.0,0,0,0,0.0,1.0,1,P77_CV0,2,2,0,1,1,0,2,0,2
13,-639791.6009,-208960.2013,Age0_F13_m78f78_P13_Y7_UO3488,I78_F38_m7f7_P13_Y5_UO539,I78_F38_m-1f-1_P78_Y-1_U40,FXX,0,0.0,0,0,0.0,0,0,0,0.0,0.25,1,P77_CV0,2,0,2,1,1,0,2,0,2
13,-639791.6009,-208960.2013,Age0_F13_m78f78_P13_Y7_UO3492,I78_F13_m78f78_P29_Y4_UO3448,ID78_F29_m-1f-1_P78_Y-1_U65,MXY,0,0.0,0,0,0.0,0,0,0,0.0,0.625,1,P77_CV0,2,1,1,2,0,0,2,0,2
13,-639791.6009,-208960.2013,Age0_F13_m78f78_P13_Y7_UO3496,ID78_F38_m37f37_P13_Y4_UO1738,I78_F13_m-1f-1_P78_Y-1_U226,MXY,0,0.0,0,0,0.0,0,0,0,0.0,0.625,1,P77_CV0,2,1,1,1,1,0,2,0,2
13,-639791.6009,-208960.2013,Age0_F13_m78f78_P13_Y7_UO3502,I78_F93_m78f78_P93_Y3_UO3478,I78_F38_m-1f-1_P78_Y-1_U40,MXY,0,0.0,0,0,0.0,0,0,0,0.0,0.25,1,P77_CV0,2,0,2,1,1,0,2,0,2
13,-639791.6009,-208960.2013,Age0_F13_m78f78_P13_Y7_UO3504,I78_F13_m37f37_P29_Y3_UO1677,ID78_F74_m-1f-1_P78_Y-1_U133,MXY,0,0.0,0,0,0.0,0,0,0,0.0,0.4375,1,P77_CV0,2,1,1,1,1,0,2,0,2
13,-639791.6009,-208960.2013,Age0_F13_m78f78_P13_Y7_UO3506,ID78_F13_m46f46_P13_Y3_UO2237,I78_F13_m78f78_P29_Y1_UO3320,MXY,0,0.0,0,0,0.0,0,0,0,0.0,0.8125,1,P77_CV0,2,2,0,1,1,0,2,0,2
13,-639791.6009,-208960.2013,Age0_F13_m78f78_P13_Y7_UO3507,I78_F38_m30f30_P13_Y3_UO1345,I78_F13_m78f78_P29_Y1_UO3320,FXX,0,0.0,0,0,0.0,0,0,0,0.0,0.6875,1,P77_CV0,2,2,0,2,0,0,2,0,2
13,-639791.6009,-208960.2013,Age0_F13_m78f78_P13_Y7_UO3509,I78_F51_m88f88_P29_Y3_UO4121,ID78_F93_m-1f-1_P78_Y-1_U123,MXY,0,0.0,0,0,0.0,0,0,0,0.0,0.5,1,P77_CV0,2,1,1,1,1,0,2,0,2
13,-639791.6009,-208960.2013,Age0_F13_m78f78_P13_Y7_UO3510,I78_F74_m34f34_P54_Y3_UO1629,I78_F38_m-1f-1_P78_Y-1_U98,FXX,0,0.0,0,0,0.0,0,0,0,0.0,0.5,1,P77_CV0,2,0,2,2,0,0,2,0,2
13,-639791.6009,-208960.2013,Age0_F13_m78f78_P13_Y7_UO3518,I78_F54_m78f78_P13_Y2_UO3491,I78_F13_m88f88_P29_Y2_UO4113,MXY,0,0.0,0,0,0.0,0,0,0,0.0,0.25,1,P77_CV0,2,0,2,1,1,0,2,0,2
13,-639791.6009,-208960.2013,Age0_F13_m78f78_P13_Y7_UO3519,I78_F13_m88f88_P29_Y2_UO4145,I78_F29_m78f78_P13_Y4_UO3485,FXX,0,0.0,0,0,0.0,0,0,0,0.0,0.625,1,P77_CV0,2,1,1,2,0,0,2,0,2
13,-639791.6009,-208960.2013,Age0_F13_m78f78_P13_Y7_UO3522,ID78_F38_m78f78_P13_Y1_UO3336,I78_F38_m88f88_P54_Y4_UO4150,FXX,0,0.0,0,0,0.0,0,0,0,0.0,0.375,1,P77_CV0,2,1,1,1,1,0,2,0,2
13,-639791.6009,-208960.2013,Age0_F13_m78f78_P13_Y7_UO3523,I78_F54_m78f78_P29_Y1_UO3330,I78_F93_m-1f-1_P78_Y-1_U233,MXY,0,0.0,0,0,0.0,0,0,0,0.0,0.25,1,P77_CV0,2,1,1,1,1,0,2,0,2
13,-639791.6009,-208960.2013,Age0_F13_m78f78_P13_Y7_UO3529,I78_F29_m-1f-1_P78_Y-1_U180,ID78_F13_m78f78_P13_Y5_UO3482,FXX,0,0.0,0,0,0.0,0,0,0,0.0,0.53125,1,P77_CV0,2,0,2,1,1,0,2,0,2
13,-639791.6009,-208960.2013,Age0_F13_m78f78_P13_Y7_UO3549,I78_F29_m-1f-1_P78_Y-1_U135,ID78_F54_m78f78_P93_Y1_UO3298,FXX,0,0.0,0,0,0.0,0,0,0,0.0,0.375,1,P77_CV0,2,1,1,2,0,0,2,0,2
13,-639791.6009,-208960.2013,E13_F30_m46f46_P13_Y6_UO2303,I46_F52_m12f12_P52_Y3_UO706,I46_F93_m78f78_P13_Y1_UO3332,MXY,1,0.0,1,1,0.0,0,0,0,-9999.0,0.25,1,P77_CV0,2,0,2,0,2,0,2,0,2
13,-639791.6009,-208960.2013,E13_F30_m7f7_P38_Y6_UO463,ID7_F74_m7f7_P38_Y3_UO454,I7_F38_m12f12_P52_Y1_UO651,FXX,1,0.0,1,1,1.0,0,0,0,-9999.0,0.375,1,P77_CV0,2,1,1,2,0,0,2,0,2
13,-639791.6009,-208960.2013,E13_F30_m30f30_P38_Y6_UO1441,I30_F13_m90f90_P52_Y0_UO4571,ID30_F29_m78f78_P29_Y3_UO3510,FXX,1,0.0,1,1,1.0,0,0,0,-9999.0,0.625,1,P77_CV0,2,1,1,1,1,0,2,0,2
13,-639791.6009,-208960.2013,E13_F30_m37f37_P38_Y6_UO1745,I37_F74_m7f7_P38_Y3_UO423,I37_F74_m78f78_P13_Y4_UO3512,FXX,1,0.0,1,1,1.0,0,0,0,-9999.0,0.5625,1,P77_CV0,2,1,1,1,1,0,2,0,2
13,-639791.6009,-208960.2013,E13_F30_m30f30_P93_Y6_UO1417,I30_F74_m37f37_P38_Y2_UO1679,I30_F93_m78f78_P13_Y3_UO3519,MXY,1,0.0,1,1,0.0,0,0,0,-9999.0,0.375,1,P77_CV0,2,0,2,2,0,0,2,0,2
13,-639791.6009,-208960.2013,E13_F37_m78f78_P13_Y6_UO3532,I78_F38_m78f78_P13_Y2_UO3504,I78_F29_m-1f-1_P78_Y-1_U45,FXX,1,0.0,1,1,1.0,0,0,0,-9999.0,0.25,1,P77_CV0,2,0,2,1,1,0,2,0,2
13,-639791.6009,-208960.2013,E13_F78_m7f7_P38_Y6_UO466,I7_F38_m30f30_P74_Y3_UO1341,I7_F35_m78f78_P13_Y2_UO3489,MXY,1,0.0,1,1,0.0,0,0,0,-9999.0,0.5625,1,P77_CV0,2,2,0,1,1,0,2,0,2
13,-639791.6009,-208960.2013,E13_F78_m78f78_P93_Y6_UO3522,I78_F38_m78f78_P13_Y3_UO3446,I78_F38_m-1f-1_P78_Y-1_U54,MXY,1,0.0,1,1,0.0,0,0,0,-9999.0,0.375,1,P77_CV0,2,0,2,1,1,0,2,0,2
13,-639791.6009,-208960.2013,E13_F30_m78f78_P13_Y5_UO3531,I78_F13_m-1f-1_P78_Y-1_U78,I78_F13_m37f37_P38_Y3_UO1780,MXY,2,0.0,1,0,0.0,0,0,0,-9999.0,0.75,1,P77_CV0,2,1,1,0,2,0,2,0,2
13,-639791.6009,-208960.2013,E13_F30_m78f78_P93_Y5_UO3489,I78_F93_m78f78_P29_Y1_UO3330,I78_F54_m-1f-1_P78_Y-1_U98,MXY,2,0.0,1,0,0.0,0,0,0,-9999.0,0.25,1,P77_CV0,2,0,2,2,0,0,2,0,2
13,-639791.6009,-208960.2013,E13_F37_m78f78_P38_Y5_UO3539,I78_F13_m-1f-1_P78_Y-1_U243,I78_F29_m88f88_P29_Y2_UO4113,MXY,2,0.0,1,0,0.0,0,0,0,-9999.0,0.375,1,P77_CV0,2,0,2,1,1,0,2,0,2
13,-639791.6009,-208960.2013,E13_F37_m7f7_P38_Y5_UO472,I7_F35_m7f7_P38_Y2_UO456,I7_F38_m78f78_P93_Y1_UO3348,MXY,2,0.0,1,0,0.0,0,0,0,-9999.0,0.375,1,P77_CV0,2,1,1,2,0,0,2,0,2
13,-639791.6009,-208960.2013,E13_F37_m78f78_P38_Y5_UO3525,I78_F13_m-1f-1_P78_Y-1_U184,I78_F38_m30f30_P93_Y3_UO1440,MXY,2,0.0,1,0,0.0,0,0,0,-9999.0,0.4375,1,P77_CV0,2,1,1,1,1,0,2,0,2
13,-639791.6009,-208960.2013,E13_F78_m30f30_P93_Y5_UO1395,ID30_F74_m30f30_P38_Y2_UO1373,I30_F93_m7f7_P74_Y1_UO423,MXY,2,0.0,1,0,0.0,0,0,1,-9999.0,0.75,1,P77_CV0,2,2,0,2,0,0,2,0,2
13,-639791.6009,-208960.2013,E13_F78_m78f78_P13_Y5_UO3482,I78_F29_m78f78_P29_Y2_UO3465,I78_F19_m78f78_P29_Y1_UO3359,MXY,2,0.0,1,0,0.0,0,0,0,-9999.0,0.5625,1,P77_CV0,2,0,2,0,2,0,2,0,2
13,-639791.6009,-208960.2013,E13_F7_m30f30_P38_Y4_UO1386,I30_F38_m78f78_P13_Y0_UO3785,I30_F52_m78f78_P13_Y2_UO3457,MXY,3,0.0,1,0,0.0,0,0,0,-9999.0,0.6875,1,P77_CV0,2,2,0,1,1,0,2,0,2
13,-639791.6009,-208960.2013,E13_F30_m37f37_P38_Y4_UO1731,ID37_F38_m78f78_P93_Y0_UO3766,I37_F38_m78f78_P13_Y2_UO3454,MXY,3,0.0,1,0,0.0,0,0,0,-9999.0,0.5625,1,P77_CV0,2,0,2,1,1,0,2,0,2
13,-639791.6009,-208960.2013,E13_F30_m78f78_P29_Y4_UO3492,ID78_F13_m-1f-1_P78_Y-1_U176,I78_F29_m-1f-1_P78_Y-1_U13,MXY,3,0.0,1,0,0.0,0,0,0,-9999.0,0.75,1,P77_CV0,2,2,0,0,2,0,2,0,2
13,-639791.6009,-208960.2013,E13_F30_m78f78_P13_Y4_UO3503,I78_F13_m-1f-1_P78_Y-1_U184,I78_F29_m-1f-1_P78_Y-1_U121,MXY,3,0.0,1,0,0.0,0,0,0,-9999.0,0.5,1,P77_CV0,2,1,1,2,0,0,2,0,2
13,-639791.6009,-208960.2013,E13_F37_m30f30_P38_Y4_UO1378,ID30_F35_m37f37_P38_Y1_UO1591,I30_F38_m78f78_P93_Y2_UO3467,MXY,3,0.0,1,0,0.0,0,0,0,-9999.0,0.375,1,P77_CV0,2,0,2,0,2,0,2,0,2
13,-639791.6009,-208960.2013,E13_F46_m30f30_P52_Y4_UO1348,I30_F38_m78f78_P13_Y2_UO3494,I30_F74_m78f78_P13_Y2_UO3513,FXX,3,0.0,1,0,1.0,0,0,0,-9999.0,0.375,1,P77_CV0,2,1,1,1,1,0,2,0,2
13,-639791.6009,-208960.2013,E13_F78_m34f34_P54_Y4_UO1657,I34_F32_m-1f-1_P34_Y-1_U245,I34_F54_m78f78_P54_Y1_UO3353,FXX,3,0.0,1,0,1.0,0,0,0,-9999.0,0.5,1,P77_CV0,2,1,1,1,1,0,2,0,2
13,-639791.6009,-208960.2013,E13_F78_m78f78_P29_Y4_UO3448,I78_F38_m88f88_P29_Y2_UO4108,I78_F29_m-1f-1_P78_Y-1_U121,FXX,3,0.0,1,0,1.0,0,0,1,-9999.0,0.25,1,P77_CV0,2,0,2,2,0,0,2,0,2
13,-639791.6009,-208960.2013,E13_F30_m78f78_P13_Y3_UO3519,I78_F13_m-1f-1_P78_Y-1_U135,I78_F93_m-1f-1_P78_Y-1_U45,MXY,4,0.0,1,0,0.0,0,0,0,-9999.0,0.25,1,P77_CV0,2,1,1,1,1,0,2,0,2
13,-639791.6009,-208960.2013,E13_F78_m78f78_P93_Y3_UO3478,I78_F29_m-1f-1_P78_Y-1_U141,I78_F93_m-1f-1_P78_Y-1_U45,FXX,4,0.0,1,0,1.0,0,0,0,-9999.0,0.5,1,P77_CV0,2,1,1,2,0,0,2,0,2
13,-639791.6009,-208960.2013,E13_F78_m78f78_P13_Y3_UO3464,I78_F29_m78f78_P54_Y0_UO3755,ID78_F38_m-1f-1_P78_Y-1_U1,MXY,4,0.0,1,0,0.0,0,0,0,-9999.0,0.25,1,P77_CV0,2,1,1,0,2,0,2,0,2
13,-639791.6009,-208960.2013,E13_F78_m78f78_P13_Y2_UO3491,ID78_F66_m-1f-1_P34_Y-1_U128,I78_F13_m-1f-1_P78_Y-1_U40,FXX,5,0.0,1,0,1.0,0,0,1,-9999.0,0.25,1,P77_CV0,2,1,1,1,1,0,2,0,2
13,-639791.6009,-208960.2013,E13_F78_m78f78_P13_Y1_UO3336,I78_F13_m-1f-1_P78_Y-1_U140,I78_F93_m-1f-1_P78_Y-1_U232,FXX,6,0.0,1,0,1.0,0,0,0,-9999.0,0.0,1,P77_CV0,2,0,2,0,2,0,2,0,2
13,-639791.6009,-208960.2013,E13_F78_m78f78_P29_Y1_UO3330,I78_F93_m-1f-1_P78_Y-1_U2,I78_F13_m-1f-1_P78_Y-1_U51,FXX,6,0.0,1,0,1.0,0,0,0,-9999.0,0.0,1,P77_CV0,2,0,2,1,1,0,2,0,2
13,-639791.6009,-208960.2013,E13_F78_m78f78_P13_Y1_UO3360,I78_F13_m-1f-1_P78_Y-1_U156,I78_F29_m-1f-1_P78_Y-1_U154,MXY,6,0.0,1,0,0.0,0,0,0,-9999.0,0.0,1,P77_CV0,2,0,2,1,1,0,2,0,2
13,-639791.6009,-208960.2013,E13_F37_m78f78_P29_Y0_UO3749,R78_F78_m-1f-1_P78_Y-1_U72,R78_F78_m-1f-1_P78_Y-1_U65,MXY,7,0.0,1,0,0.0,0,0,0,-9999.0,0.5,1,P77_CV0,2,1,1,2,0,0,2,0,2
13,-639791.6009,-208960.2013,E13_F46_m78f78_P93_Y0_UO3771,R78_F78_m-1f-1_P78_Y-1_U136,R78_F78_m-1f-1_P78_Y-1_U105,FXX,7,0.0,1,0,1.0,0,0,0,-9999.0,1.0,1,P77_CV0,2,2,0,1,1,0,2,0,2
13,-639791.6009,-208960.2013,E13_F30_m-1f-1_P78_Y-1_U235,-9999,-9999,FXX,8,0.0,1,0,1.0,0,0,0,-9999.0,0.5,1,P77_CV0,2,1,1,1,1,0,2,0,2
13,-639791.6009,-208960.2013,E13_F78_m-1f-1_P78_Y-1_U40,-9999,-9999,MXY,8,0.0,1,0,0.0,0,0,0,-9999.0,0.0,1,P77_CV0,2,0,2,1,1,0,2,0,2
13,-639791.6009,-208960.2013,E13_F78_m-1f-1_P78_Y-1_U180,-9999,-9999,FXX,8,0.0,1,0,1.0,0,0,0,-9999.0,0.5,1,P77_CV0,2,1,1,2,0,0,2,0,2
13,-639791.6009,-208960.2013,E13_F78_m-1f-1_P78_Y-1_U21,-9999,-9999,MXY,8,0.0,1,0,0.0,0,0,1,-9999.0,0.5,1,P77_CV0,2,1,1,1,1,0,2,0,2
13,-639791.6009,-208960.2013,E13_F78_m-1f-1_P78_Y-1_U188,-9999,-9999,FXX,9,0.0,1,0,1.0,0,0,0,-9999.0,0.5,1,P77_CV0,2,1,1,0,2,0,2,0,2
13,-639791.6009,-208960.2013,E13_F78_m-1f-1_P78_Y-1_U99,-9999,-9999,FXX,10,0.0,1,0,1.0,0,0,0,-9999.0,0.5,1,P77_CV0,2,1,1,2,0,0,2,0,2
13,-639791.6009,-208960.2013,E13_F78_m-1f-1_P78_Y-1_U123,-9999,-9999,MXY,10,0.0,1,0,0.0,0,0,0,-9999.0,0.5,1,P77_CV0,2,1,1,2,0,0,2,0,2
13,-639791.6009,-208960.2013,E13_F78_m-1f-1_P78_Y-1_U113,-9999,-9999,MXY,11,0.0,1,0,0.0,0,0,1,-9999.0,0.5,1,P77_CV0,2,1,1,0,2,0,2,0,2
13,-639791.6009,-208960.2013,E13_F78_m-1f-1_P78_Y-1_U119,-9999,-9999,MXY,11,0.0,1,0,0.0,0,0,1,-9999.0,0.0,1,P77_CV0,2,0,2,2,0,0,2,0,2
13,-639791.6009,-208960.2013,E13_F78_m-1f-1_P78_Y-1_U54,-9999,-9999,MXY,11,0.0,1,0,0.0,0,0,1,-9999.0,0.5,1,P77_CV0,2,1,1,1,1,0,2,0,2
13,-639791.6009,-208960.2013,E13_F78_m-1f-1_P78_Y-1_U140,-9999,-9999,FXX,11,0.0,1,0,1.0,0,0,0,-9999.0,0.0,1,P77_CV0,2,0,2,1,1,0,2,0,2
13,-639791.6009,-208960.2013,E13_F78_m-1f-1_P78_Y-1_U121,-9999,-9999,MXY,12,0.0,1,0,0.0,0,0,0,-9999.0,0.5,1,P77_CV0,2,1,1,2,0,0,2,0,2
13,-639791.6009,-208960.2013,E13_F78_m-1f-1_P78_Y-1_U169,-9999,-9999,MXY,12,0.0,1,0,0.0,0,0,0,-9999.0,0.5,1,P77_CV0,2,1,1,1,1,0,2,0,2
13,-639791.6009,-208960.2013,E13_F78_m-1f-1_P78_Y-1_U131,-9999,-9999,MXY,13,0.0,1,0,0.0,0,0,1,-9999.0,1.0,1,P77_CV0,2,2,0,1,1,0,2,0,2
13,-639791.6009,-208960.2013,E13_F78_m-1f-1_P78_Y-1_U65,-9999,-9999,MXY,13,0.0,1,0,0.0,0,0,0,-9999.0,1.0,1,P77_CV0,2,2,0,1,1,0,2,0,2
13,-639791.6009,-208960.2013,E13_F78_m-1f-1_P78_Y-1_U135,-9999,-9999,FXX,15,0.0,1,0,1.0,0,0,0,-9999.0,0.5,1,P77_CV0,2,1,1,1,1,0,2,0,2
13,-639791.6009,-208960.2013,Age0_F13_m37f37_P13_Y7_UO1746,I37_F38_m87f87_P13_Y3_UO3986,ID37_F38_m78f78_P13_Y2_UO3521,FXX,0,0.0,0,0,0.0,0,0,0,0.0,0.25,1,P86_CV0,2,1,1,0,2,0,2,0,2
13,-639791.6009,-208960.2013,Age0_F13_m39f39_P13_Y7_UO1847,I39_F19_m39f39_P19_Y4_UO1864,I39_F19_m12f12_P19_Y2_UO741,FXX,0,0.0,0,0,0.0,0,0,0,0.0,0.28125,1,P86_CV0,2,0,2,2,0,0,2,0,2
13,-639791.6009,-208960.2013,Age0_F13_m39f39_P13_Y7_UO1868,I39_F51_m87f87_P51_Y1_UO3873,I39_F19_m37f37_P93_Y5_UO1693,FXX,0,0.0,0,0,0.0,0,0,0,0.0,0.34375,1,P86_CV0,2,0,2,1,1,0,2,0,2
13,-639791.6009,-208960.2013,Age0_F13_m78f78_P13_Y7_UO3516,I78_F38_m46f46_P13_Y2_UO2279,I78_F54_m87f87_P24_Y3_UO4021,MXY,0,0.0,0,0,0.0,0,0,0,0.0,0.875,1,P86_CV0,2,2,0,2,0,0,2,0,2
13,-639791.6009,-208960.2013,Age0_F13_m87f87_P13_Y7_UO4125,I87_F24_m87f87_P51_Y1_UO3859,I87_F24_m4f4_P67_Y5_UO220,FXX,0,0.0,0,0,0.0,0,0,0,0.0,0.59375,1,P86_CV0,2,0,2,1,1,0,2,0,2
13,-639791.6009,-208960.2013,E13_F78_m87f87_P13_Y6_UO4162,ID87_F38_m-1f-1_P78_Y-1_U67,I87_F24_m87f87_P51_Y2_UO4038,MXY,1,0.0,1,1,0.0,0,0,0,-9999.0,0.75,1,P86_CV0,2,2,0,0,2,0,2,0,2
13,-639791.6009,-208960.2013,E13_F46_m39f39_P19_Y5_UO1817,ID39_F93_m60f60_P19_Y3_UO2826,I39_F75_m39f39_P51_Y0_UO1881,MXY,2,0.0,1,0,0.0,0,0,0,-9999.0,0.5625,1,P86_CV0,2,1,1,1,1,0,2,0,2
13,-639791.6009,-208960.2013,E13_F78_m78f78_P93_Y5_UO3523,I78_F29_m-1f-1_P30_Y-1_U217,ID78_F24_m87f87_P24_Y3_UO4053,MXY,2,0.0,1,0,0.0,0,0,0,-9999.0,0.5625,1,P86_CV0,2,2,0,1,1,0,2,0,2
13,-639791.6009,-208960.2013,E13_F78_m78f78_P93_Y5_UO3477,ID78_F93_m12f12_P93_Y2_UO693,ID78_F24_m-1f-1_P87_Y-1_U47,FXX,2,0.0,1,0,1.0,0,0,0,-9999.0,0.75,1,P86_CV0,2,1,1,1,1,0,2,0,2
13,-639791.6009,-208960.2013,E13_F39_m39f39_P19_Y4_UO1864,I39_F51_m-1f-1_P39_Y-1_U178,I39_F19_m87f87_P51_Y2_UO4006,FXX,3,0.0,1,0,1.0,0,0,0,-9999.0,0.5625,1,P86_CV0,2,1,1,1,1,0,2,0,2
13,-639791.6009,-208960.2013,E13_F87_m87f87_P24_Y4_UO4020,I87_F24_m87f87_P24_Y2_UO4057,I87_F51_m87f87_P24_Y2_UO4032,FXX,3,0.0,1,0,1.0,0,0,0,-9999.0,0.25,1,P86_CV0,2,0,2,0,2,0,2,0,2
13,-639791.6009,-208960.2013,E13_F37_m87f87_P13_Y3_UO3986,I87_F51_m87f87_P24_Y1_UO3819,I87_F75_m87f87_P24_Y0_UO4336,FXX,4,0.0,1,0,1.0,0,0,0,-9999.0,0.125,1,P86_CV0,2,0,2,1,1,0,2,0,2
13,-639791.6009,-208960.2013,E13_F87_m87f87_P51_Y2_UO4038,I87_F24_m-1f-1_P87_Y-1_U124,I87_F24_m-1f-1_P87_Y-1_U233,MXY,5,0.0,1,0,0.0,0,0,0,-9999.0,0.5,1,P86_CV0,2,2,0,1,1,0,2,0,2
13,-639791.6009,-208960.2013,E13_F39_m87f87_P51_Y1_UO3873,ID87_F13_m-1f-1_P87_Y-1_U234,I87_F24_m-1f-1_P87_Y-1_U176,FXX,6,0.0,1,0,1.0,0,0,0,-9999.0,0.25,1,P86_CV0,2,0,2,1,1,0,2,0,2
13,-639791.6009,-208960.2013,E13_F87_m87f87_P51_Y1_UO3859,ID87_F24_m-1f-1_P87_Y-1_U211,I87_F24_m-1f-1_P87_Y-1_U44,FXX,6,0.0,1,0,1.0,0,0,0,-9999.0,0.5,1,P86_CV0,2,1,1,0,2,0,2,0,2
13,-639791.6009,-208960.2013,Age0_F13_m30f30_P13_Y7_UO1382,I30_F13_m88f88_P29_Y4_UO4121,I30_F35_m30f30_P29_Y0_UO1532,MXY,0,0.0,0,0,0.0,0,0,0,0.0,0.3125,1,P87_CV0,2,0,2,1,1,0,2,0,2
13,-639791.6009,-208960.2013,Age0_F13_m30f30_P13_Y7_UO1396,I30_F13_m88f88_P29_Y4_UO4145,I30_F13_m30f30_P38_Y2_UO1435,FXX,0,0.0,0,0,0.0,0,0,0,0.0,0.5,1,P87_CV0,2,0,2,1,1,0,2,0,2
13,-639791.6009,-208960.2013,Age0_F13_m30f30_P13_Y7_UO1429,I30_F13_m88f88_P29_Y1_UO3948,ID30_F74_m37f37_P74_Y5_UO1737,FXX,0,0.0,0,0,0.0,0,0,0,0.0,0.5,1,P87_CV0,2,1,1,0,2,0,2,0,2
13,-639791.6009,-208960.2013,Age0_F13_m30f30_P13_Y7_UO1430,I30_F52_m37f37_P29_Y1_UO1540,I30_F74_m88f88_P29_Y0_UO4442,MXY,0,0.0,0,0,0.0,0,0,0,0.0,0.625,1,P87_CV0,2,1,1,0,2,0,2,0,2
13,-639791.6009,-208960.2013,Age0_F13_m37f37_P13_Y7_UO1701,I37_F29_m88f88_P38_Y5_UO4138,I37_F74_m88f88_P29_Y5_UO4134,FXX,0,0.0,0,0,0.0,0,0,0,0.0,0.25,1,P87_CV0,2,1,1,2,0,0,2,0,2
13,-639791.6009,-208960.2013,Age0_F13_m37f37_P13_Y7_UO1705,I37_F74_m88f88_P29_Y5_UO4166,ID37_F74_m7f7_P74_Y5_UO489,MXY,0,0.0,0,0,0.0,0,0,0,0.0,0.375,1,P87_CV0,2,1,1,1,1,0,2,0,2
13,-639791.6009,-208960.2013,Age0_F13_m37f37_P13_Y7_UO1730,ID37_F74_m37f37_P38_Y4_UO1668,I37_F74_m88f88_P29_Y0_UO4436,MXY,0,0.0,0,0,0.0,0,0,0,0.0,0.4375,1,P87_CV0,2,2,0,0,2,0,2,0,2
13,-639791.6009,-208960.2013,Age0_F13_m37f37_P13_Y7_UO1767,I37_F38_m88f88_P74_Y1_UO3942,I37_F38_m-1f-1_P78_Y-1_U187,FXX,0,0.0,0,0,0.0,0,0,0,0.0,0.625,1,P87_CV0,2,2,0,2,0,0,2,0,2
13,-639791.6009,-208960.2013,Age0_F13_m78f78_P13_Y7_UO3480,ID78_F13_m88f88_P29_Y5_UO4153,I78_F54_m88f88_P29_Y2_UO4098,MXY,0,0.0,0,0,0.0,0,0,0,0.0,0.25,1,P87_CV0,2,1,1,0,2,0,2,0,2
13,-639791.6009,-208960.2013,Age0_F13_m78f78_P13_Y7_UO3486,I78_F54_m78f78_P93_Y5_UO3477,I78_F54_m88f88_P29_Y2_UO4098,MXY,0,0.0,0,0,0.0,0,0,0,0.0,0.5,1,P87_CV0,2,1,1,1,1,0,2,0,2
13,-639791.6009,-208960.2013,Age0_F13_m78f78_P13_Y7_UO3505,I78_F13_m88f88_P29_Y3_UO4082,I78_F93_m30f30_P13_Y5_UO1445,FXX,0,0.0,0,0,0.0,0,0,0,0.0,0.1875,1,P87_CV0,2,1,1,1,1,0,2,0,2
13,-639791.6009,-208960.2013,Age0_F13_m78f78_P13_Y7_UO3533,I78_F93_m-1f-1_P78_Y-1_U188,I78_F93_m88f88_P29_Y0_UO4488,FXX,0,0.0,0,0,0.0,0,0,0,0.0,0.5,1,P87_CV0,2,2,0,1,1,0,2,0,2
13,-639791.6009,-208960.2013,Age0_F13_m78f78_P13_Y7_UO3541,I78_F74_m-1f-1_P78_Y-1_U140,I78_F13_m88f88_P29_Y2_UO4113,FXX,0,0.0,0,0,0.0,0,0,0,0.0,0.125,1,P87_CV0,2,0,2,0,2,0,2,0,2
13,-639791.6009,-208960.2013,Age0_F13_m78f78_P13_Y7_UO3542,ID78_F93_m-1f-1_P30_Y-1_U217,I78_F13_m88f88_P54_Y0_UO4418,MXY,0,0.0,0,0,0.0,0,0,0,0.0,0.625,1,P87_CV0,2,2,0,2,0,0,2,0,2
13,-639791.6009,-208960.2013,E13_F7_m37f37_P74_Y6_UO1716,I37_F74_m78f78_P13_Y4_UO3459,I37_F38_m78f78_P74_Y3_UO3444,MXY,1,0.0,1,1,0.0,0,0,0,-9999.0,0.625,1,P87_CV0,2,2,0,1,1,0,2,0,2
13,-639791.6009,-208960.2013,E13_F30_m7f7_P38_Y6_UO497,I7_F74_m88f88_P29_Y0_UO4472,I7_F29_m37f37_P38_Y4_UO1723,FXX,1,0.0,1,1,1.0,0,0,0,-9999.0,0.375,1,P87_CV0,2,1,1,0,2,0,2,0,2
13,-639791.6009,-208960.2013,E13_F37_m30f30_P13_Y6_UO1369,I30_F35_m88f88_P29_Y4_UO4145,I30_F38_m37f37_P38_Y3_UO1749,FXX,1,0.0,1,1,1.0,0,0,0,-9999.0,0.375,1,P87_CV0,2,0,2,1,1,0,2,0,2
13,-639791.6009,-208960.2013,E13_F37_m30f30_P38_Y6_UO1380,ID30_F52_m39f39_P13_Y4_UO1829,ID30_F74_m88f88_P29_Y2_UO4165,FXX,1,0.0,1,1,1.0,0,0,0,-9999.0,0.5625,1,P87_CV0,2,1,1,1,1,0,2,0,2
13,-639791.6009,-208960.2013,E13_F37_m37f37_P74_Y6_UO1725,I37_F38_m78f78_P38_Y4_UO3460,I37_F38_m88f88_P29_Y4_UO4099,FXX,1,0.0,1,1,1.0,0,0,0,-9999.0,0.625,1,P87_CV0,2,2,0,1,1,0,2,0,2
13,-639791.6009,-208960.2013,E13_F78_m88f88_P29_Y6_UO4199,I88_F54_m-1f-1_P88_Y-1_U236,ID88_F29_m-1f-1_P88_Y-1_U123,FXX,1,0.0,1,1,1.0,0,0,0,-9999.0,0.5,1,P87_CV0,2,1,1,2,0,0,2,0,2
13,-639791.6009,-208960.2013,E13_F78_m34f34_P54_Y6_UO1576,ID34_F66_m88f88_P54_Y4_UO4102,I34_F54_m78f78_P54_Y4_UO3511,FXX,1,0.0,1,1,1.0,0,0,1,-9999.0,0.375,1,P87_CV0,2,1,1,2,0,0,2,0,2
13,-639791.6009,-208960.2013,E13_F30_m78f78_P38_Y5_UO3475,I78_F29_m88f88_P29_Y2_UO4110,I78_F19_m78f78_P29_Y1_UO3359,MXY,2,0.0,1,0,0.0,0,0,0,-9999.0,0.625,1,P87_CV0,2,2,0,2,0,0,2,0,2
13,-639791.6009,-208960.2013,E13_F37_m30f30_P38_Y5_UO1350,ID30_F38_m78f78_P29_Y3_UO3485,I30_F38_m-1f-1_P30_Y-1_U181,FXX,2,0.0,1,0,1.0,0,0,0,-9999.0,0.4375,1,P87_CV0,2,0,2,2,0,0,2,0,2
13,-639791.6009,-208960.2013,E13_F37_m88f88_P29_Y5_UO4147,I88_F54_m-1f-1_P88_Y-1_U134,I88_F29_m-1f-1_P88_Y-1_U84,MXY,2,0.0,1,0,0.0,0,0,0,-9999.0,0.25,1,P87_CV0,2,1,1,1,1,0,2,0,2
13,-639791.6009,-208960.2013,E13_F37_m88f88_P38_Y5_UO4138,ID88_F29_m-1f-1_P88_Y-1_U22,I88_F74_m-1f-1_P88_Y-1_U151,FXX,2,0.0,1,0,1.0,0,0,0,-9999.0,0.0,1,P87_CV0,2,0,2,2,0,0,2,0,2
13,-639791.6009,-208960.2013,E13_F37_m88f88_P29_Y5_UO4166,I88_F74_m-1f-1_P88_Y-1_U133,ID88_F74_m-1f-1_P88_Y-1_U191,FXX,2,0.0,1,0,1.0,0,0,0,-9999.0,0.25,1,P87_CV0,2,1,1,1,1,0,2,0,2
13,-639791.6009,-208960.2013,E13_F37_m88f88_P29_Y5_UO4119,ID88_F29_m78f78_P29_Y3_UO3530,I88_F54_m-1f-1_P88_Y-1_U103,FXX,2,0.0,1,0,1.0,0,0,0,-9999.0,0.375,1,P87_CV0,2,2,0,2,0,0,2,0,2
13,-639791.6009,-208960.2013,E13_F78_m88f88_P29_Y5_UO4153,I88_F54_m-1f-1_P88_Y-1_U64,I88_F29_m-1f-1_P88_Y-1_U246,FXX,2,0.0,1,0,1.0,0,0,0,-9999.0,0.25,1,P87_CV0,2,0,2,0,2,0,2,0,2
13,-639791.6009,-208960.2013,E13_F78_m88f88_P29_Y5_UO4146,I88_F29_m-1f-1_P88_Y-1_U201,I88_F29_m-1f-1_P34_Y-1_U101,MXY,2,0.0,1,0,0.0,0,0,1,-9999.0,0.25,1,P87_CV0,2,0,2,1,1,0,2,0,2
13,-639791.6009,-208960.2013,E13_F30_m88f88_P29_Y4_UO4121,I88_F29_m-1f-1_P88_Y-1_U89,ID88_F29_m78f78_P29_Y2_UO3501,FXX,3,0.0,1,0,1.0,0,0,0,-9999.0,0.375,1,P87_CV0,2,0,2,0,2,0,2,0,2
13,-639791.6009,-208960.2013,E13_F30_m88f88_P29_Y4_UO4145,I88_F29_m-1f-1_P88_Y-1_U226,I88_F74_m-1f-1_P88_Y-1_U13,FXX,3,0.0,1,0,1.0,0,0,0,-9999.0,0.5,1,P87_CV0,2,0,2,2,0,0,2,0,2
13,-639791.6009,-208960.2013,E13_F78_m88f88_P29_Y4_UO4142,ID88_F29_m-1f-1_P88_Y-1_U14,I88_F29_m-1f-1_P88_Y-1_U191,MXY,3,0.0,1,0,0.0,0,0,0,-9999.0,0.0,1,P87_CV0,2,0,2,2,0,0,2,0,2
13,-639791.6009,-208960.2013,E13_F30_m37f37_P38_Y3_UO1749,ID37_F52_m-1f-1_P30_Y-1_U171,I37_F38_m88f88_P29_Y0_UO4442,MXY,4,0.0,1,0,0.0,0,0,0,-9999.0,0.25,1,P87_CV0,2,1,1,0,2,0,2,0,2
13,-639791.6009,-208960.2013,E13_F78_m88f88_P29_Y3_UO4082,I88_F54_m88f88_P29_Y0_UO4409,I88_F29_m-1f-1_P88_Y-1_U246,FXX,4,0.0,1,0,1.0,0,0,1,-9999.0,0.0,1,P87_CV0,2,0,2,1,1,0,2,0,2
13,-639791.6009,-208960.2013,E13_F78_m88f88_P29_Y3_UO4121,I88_F29_m-1f-1_P88_Y-1_U196,I88_F29_m-1f-1_P88_Y-1_U58,FXX,4,0.0,1,0,1.0,0,0,1,-9999.0,0.5,1,P87_CV0,2,1,1,1,1,0,2,0,2
13,-639791.6009,-208960.2013,E13_F78_m88f88_P29_Y2_UO4145,I88_F29_m-1f-1_P88_Y-1_U94,I88_F74_m-1f-1_P88_Y-1_U84,FXX,5,0.0,1,0,1.0,0,0,1,-9999.0,0.5,1,P87_CV0,2,1,1,1,1,0,2,0,2
13,-639791.6009,-208960.2013,E13_F30_m88f88_P29_Y1_UO3948,ID88_F29_m-1f-1_P88_Y-1_U2,I88_F54_m-1f-1_P88_Y-1_U200,FXX,6,0.0,1,0,1.0,0,0,0,-9999.0,0.5,1,P87_CV0,2,1,1,1,1,0,2,0,2
13,-639791.6009,-208960.2013,E13_F37_m88f88_P74_Y1_UO3942,I88_F29_m-1f-1_P88_Y-1_U150,I88_F29_m-1f-1_P88_Y-1_U101,FXX,6,0.0,1,0,1.0,0,0,0,-9999.0,0.25,1,P87_CV0,2,1,1,1,1,0,2,0,2
13,-639791.6009,-208960.2013,E13_F30_m88f88_P29_Y0_UO4442,R88_F88_m-1f-1_P88_Y-1_U102,R88_F88_m-1f-1_P88_Y-1_U168,MXY,7,0.0,1,0,0.0,0,0,0,-9999.0,0.5,1,P87_CV0,2,2,0,1,1,0,2,0,2
13,-639791.6009,-208960.2013,E13_F37_m88f88_P29_Y0_UO4436,R88_F88_m-1f-1_P88_Y-1_U89,R88_F88_m-1f-1_P88_Y-1_U101,MXY,7,0.0,1,0,0.0,0,0,0,-9999.0,0.5,1,P87_CV0,2,1,1,0,2,0,2,0,2
13,-639791.6009,-208960.2013,E13_F78_m88f88_P29_Y0_UO4492,R88_F88_m-1f-1_P88_Y-1_U227,R88_F88_m-1f-1_P88_Y-1_U114,MXY,7,0.0,1,0,0.0,0,0,0,-9999.0,0.5,1,P87_CV0,2,1,1,0,2,0,2,0,2
13,-639791.6009,-208960.2013,Age0_F13_m30f30_P13_Y7_UO1351,I30_F52_m12f12_P52_Y5_UO734,ID30_F52_m30f30_P13_Y3_UO1366,FXX,0,0.0,0,0,0.0,0,0,0,0.0,0.3125,1,P89_CV0,2,0,2,1,1,0,2,0,2
13,-639791.6009,-208960.2013,Age0_F13_m46f46_P13_Y7_UO2298,ID46_F52_m90f90_P52_Y4_UO4252,I46_F52_m90f90_P52_Y5_UO4262,FXX,0,0.0,0,0,0.0,0,0,0,0.0,0.375,1,P89_CV0,2,0,2,2,0,0,2,0,2
13,-639791.6009,-208960.2013,E13_F30_m23f23_P35_Y5_UO1144,I23_F86_m40f40_P6_Y3_UO1904,I23_F27_m90f90_P27_Y1_UO4069,MXY,2,0.0,1,0,0.0,0,0,0,-9999.0,0.625,1,P89_CV0,2,1,1,0,2,0,2,0,2
13,-639791.6009,-208960.2013,E13_F30_m12f12_P52_Y5_UO734,I12_F6_m23f23_P86_Y1_UO1151,I12_F52_m12f12_P86_Y3_UO744,FXX,2,0.0,1,0,1.0,0,0,0,-9999.0,0.25,1,P89_CV0,2,0,2,2,0,0,2,0,2
13,-639791.6009,-208960.2013,E13_F30_m7f7_P74_Y5_UO521,ID7_F54_m-1f-1_P78_Y-1_U177,I7_F29_m7f7_P38_Y3_UO420,MXY,2,0.0,1,0,0.0,0,0,0,-9999.0,0.5625,1,P89_CV0,2,2,0,0,2,0,2,0,2
13,-639791.6009,-208960.2013,E13_F30_m90f90_P52_Y4_UO4218,ID90_F86_m90f90_P52_Y0_UO4600,I90_F57_m-1f-1_P90_Y-1_U221,MXY,3,0.0,1,0,0.0,0,0,0,-9999.0,0.5,1,P89_CV0,2,2,0,1,1,0,2,0,2
13,-639791.6009,-208960.2013,E13_F46_m90f90_P52_Y4_UO4252,I90_F52_m-1f-1_P90_Y-1_U42,I90_F35_m90f90_P35_Y2_UO4253,FXX,3,0.0,1,0,1.0,0,0,0,-9999.0,0.375,1,P89_CV0,2,0,2,2,0,0,2,0,2
13,-639791.6009,-208960.2013,E13_F30_m30f30_P38_Y3_UO1351,I30_F74_m37f37_P38_Y1_UO1612,I30_F38_m90f90_P86_Y1_UO3996,MXY,4,0.0,1,0,0.0,0,0,0,-9999.0,0.375,1,P89_CV0,2,1,1,0,2,0,2,0,2
13,-639791.6009,-208960.2013,Age0_F13_m46f46_P13_Y7_UO2330,ID46_F52_m7f7_P35_Y1_UO442,I46_F52_m90f90_P52_Y5_UO4262,FXX,0,0.0,0,0,0.0,0,0,0,0.0,0.3125,1,P91_CV0,2,0,2,1,1,0,2,0,2
13,-639791.6009,-208960.2013,E13_F46_m90f90_P52_Y5_UO4262,I90_F52_m92f92_P6_Y0_UO4641,I90_F57_m-1f-1_P23_Y-1_U45,MXY,2,0.0,1,0,0.0,0,0,0,-9999.0,0.375,1,P91_CV0,2,0,2,2,0,0,2,0,2
14,68222.41714,-88719.87843,Age0_F14_m15f15_P14_Y7_UO826,I15_F41_m11f11_P89_Y4_UO664,I15_F41_m55f55_P89_Y5_UO2595,MXY,0,0.0,0,0,0.0,0,0,0,0.0,0.3125,1,P10_CV0,2,0,2,1,1,0,2,0,2
14,68222.41714,-88719.87843,Age0_F14_m15f15_P14_Y7_UO871,ID15_F14_m-1f-1_P11_Y-1_U228,I15_F89_m15f15_P14_Y1_UO781,MXY,0,0.0,0,0,0.0,0,0,0,0.0,0.5,1,P10_CV0,2,1,1,1,1,0,2,0,2
14,68222.41714,-88719.87843,Age0_F14_m43f43_P14_Y7_UO2097,ID43_F49_m100f100_P48_Y5_UO4574,ID43_F48_m100f100_P49_Y4_UO4558,FXX,0,0.0,0,0,0.0,0,0,0,0.0,0.4375,1,P10_CV0,2,2,0,1,1,0,2,0,2
14,68222.41714,-88719.87843,Age0_F14_m43f43_P14_Y7_UO2129,I43_F49_m60f60_P75_Y3_UO2810,I43_F49_m-1f-1_P11_Y-1_U113,MXY,0,0.0,0,0,0.0,0,0,0,0.0,0.125,1,P10_CV0,2,0,2,1,1,0,2,0,2
14,68222.41714,-88719.87843,E14_F15_m15f15_P41_Y6_UO791,I15_F48_m15f15_P14_Y4_UO857,I15_F41_m73f73_P41_Y0_UO3552,FXX,1,0.0,1,1,1.0,0,0,0,-9999.0,0.875,1,P10_CV0,2,2,0,1,1,0,2,0,2
14,68222.41714,-88719.87843,E14_F15_m55f55_P41_Y6_UO2563,I55_F41_m55f55_P89_Y4_UO2569,I55_F89_m11f11_P89_Y4_UO651,MXY,1,0.0,1,1,0.0,0,0,0,-9999.0,0.5625,1,P10_CV0,2,1,1,1,1,0,2,0,2
14,68222.41714,-88719.87843,E14_F55_m11f11_P41_Y6_UO674,ID11_F49_m-1f-1_P11_Y-1_U162,ID11_F69_m-1f-1_P11_Y-1_U68,MXY,1,0.0,1,1,0.0,0,0,0,-9999.0,0.5,1,P10_CV0,2,1,1,0,2,0,2,0,2
14,68222.41714,-88719.87843,E14_F55_m73f73_P41_Y6_UO3333,I73_F89_m73f73_P89_Y4_UO3301,I73_F14_m-1f-1_P11_Y-1_U151,MXY,1,0.0,1,1,0.0,0,0,0,-9999.0,0.6875,1,P10_CV0,2,1,1,1,1,0,2,0,2
14,68222.41714,-88719.87843,E14_F55_m43f43_P48_Y6_UO2159,I43_F49_m11f11_P49_Y1_UO591,I43_F49_m100f100_P49_Y4_UO4546,MXY,1,0.0,1,1,0.0,0,0,0,-9999.0,0.4375,1,P10_CV0,2,0,2,0,2,0,2,0,2
14,68222.41714,-88719.87843,E14_F55_m11f11_P89_Y6_UO662,I11_F48_m-1f-1_P11_Y-1_U45,I11_F49_m100f100_P48_Y3_UO4533,FXX,1,0.0,1,1,1.0,0,0,0,-9999.0,0.625,1,P10_CV0,2,2,0,2,0,0,2,0,2
14,68222.41714,-88719.87843,E14_F73_m73f73_P89_Y6_UO3408,I73_F41_m-1f-1_P73_Y-1_U177,I73_F89_m73f73_P89_Y2_UO3295,MXY,1,0.0,1,1,0.0,0,0,0,-9999.0,0.625,1,P10_CV0,2,1,1,0,2,0,2,0,2
14,68222.41714,-88719.87843,E14_F15_m73f73_P89_Y5_UO3322,I73_F89_m100f100_P48_Y2_UO4549,I73_F89_m73f73_P41_Y3_UO3268,MXY,2,0.0,1,0,0.0,0,0,0,-9999.0,0.625,1,P10_CV0,2,0,2,0,2,0,2,0,2
14,68222.41714,-88719.87843,E14_F15_m15f15_P14_Y5_UO802,I15_F41_m11f11_P48_Y3_UO629,ID15_F89_m-1f-1_P55_Y-1_U112,MXY,2,0.0,1,0,0.0,0,0,0,-9999.0,0.5,1,P10_CV0,2,0,2,1,1,0,2,0,2
14,68222.41714,-88719.87843,E14_F43_m100f100_P48_Y5_UO4574,ID100_F49_m11f11_P49_Y2_UO660,I100_F48_m60f60_P48_Y1_UO2755,FXX,2,0.0,1,0,1.0,0,0,0,-9999.0,0.5,1,P10_CV0,2,1,1,2,0,0,2,0,2
14,68222.41714,-88719.87843,E14_F15_m11f11_P89_Y4_UO664,I11_F36_m-1f-1_P11_Y-1_U152,I11_F49_m-1f-1_P11_Y-1_U220,FXX,3,0.0,1,0,1.0,0,0,0,-9999.0,0.25,1,P10_CV0,2,1,1,1,1,0,2,0,2
14,68222.41714,-88719.87843,E14_F15_m-1f-1_P11_Y-1_U228,-9999,-9999,FXX,10,0.0,1,0,1.0,0,0,0,-9999.0,1.0,1,P10_CV0,2,2,0,1,1,0,2,0,2
14,68222.41714,-88719.87843,E14_F55_m-1f-1_P11_Y-1_U6,-9999,-9999,MXY,13,0.0,1,0,0.0,0,0,0,-9999.0,0.5,1,P10_CV0,2,1,1,2,0,0,2,0,2
14,68222.41714,-88719.87843,Age0_F14_m15f15_P14_Y7_UO785,I15_F49_m55f55_P89_Y5_UO2590,I15_F41_m15f15_P89_Y0_UO824,MXY,0,0.0,0,0,0.0,0,0,0,0.0,0.6875,1,P14_CV0,2,1,1,1,1,0,2,0,2
14,68222.41714,-88719.87843,Age0_F14_m15f15_P14_Y7_UO796,I15_F41_m15f15_P41_Y5_UO854,ID15_F89_m55f55_P14_Y5_UO2633,MXY,0,0.0,0,0,0.0,0,0,0,0.0,0.5625,1,P14_CV0,2,1,1,2,0,0,2,0,2
14,68222.41714,-88719.87843,Age0_F14_m15f15_P14_Y7_UO804,ID15_F14_m55f55_P41_Y4_UO2578,I15_F89_m43f43_P41_Y3_UO2100,MXY,0,0.0,0,0,0.0,0,0,0,0.0,0.5,1,P14_CV0,2,1,1,1,1,0,2,0,2
14,68222.41714,-88719.87843,Age0_F14_m15f15_P14_Y7_UO821,I15_F89_m15f15_P89_Y4_UO845,ID15_F14_m15f15_P14_Y4_UO855,FXX,0,0.0,0,0,0.0,0,0,0,0.0,0.6875,1,P14_CV0,2,2,0,1,1,0,2,0,2
14,68222.41714,-88719.87843,Age0_F14_m15f15_P14_Y7_UO857,I15_F89_m43f43_P41_Y1_UO1941,I15_F89_m73f73_P41_Y5_UO3297,FXX,0,0.0,0,0,0.0,0,0,0,0.0,0.5625,1,P14_CV0,2,0,2,0,2,0,2,0,2
14,68222.41714,-88719.87843,Age0_F14_m15f15_P14_Y7_UO862,I15_F14_m15f15_P41_Y0_UO870,ID15_F89_m55f55_P41_Y4_UO2555,MXY,0,0.0,0,0,0.0,0,0,0,0.0,0.375,1,P14_CV0,2,0,2,1,1,0,2,0,2
14,68222.41714,-88719.87843,Age0_F14_m15f15_P14_Y7_UO864,I15_F41_m15f15_P14_Y0_UO843,I15_F41_m55f55_P14_Y5_UO2549,FXX,0,0.0,0,0,0.0,0,0,0,0.0,0.71875,1,P14_CV0,2,2,0,1,1,0,2,0,2
14,68222.41714,-88719.87843,Age0_F14_m43f43_P14_Y7_UO2139,ID43_F75_m60f60_P75_Y3_UO2789,I43_F48_m15f15_P48_Y0_UO814,MXY,0,0.0,0,0,0.0,0,0,0,0.0,0.6875,1,P14_CV0,2,2,0,1,1,0,2,0,2
14,68222.41714,-88719.87843,Age0_F14_m55f55_P14_Y7_UO2613,I55_F41_m15f15_P89_Y1_UO727,I55_F89_m73f73_P89_Y2_UO3336,MXY,0,0.0,0,0,0.0,0,0,0,0.0,0.375,1,P14_CV0,2,0,2,0,2,0,2,0,2
14,68222.41714,-88719.87843,E14_F15_m15f15_P41_Y6_UO852,I15_F14_m15f15_P14_Y1_UO757,I15_F89_m-1f-1_P15_Y-1_U241,MXY,1,0.0,1,1,0.0,0,0,0,-9999.0,0.75,1,P14_CV0,2,1,1,1,1,0,2,0,2
14,68222.41714,-88719.87843,E14_F15_m55f55_P41_Y6_UO2551,ID55_F41_m15f15_P41_Y4_UO803,I55_F49_m-1f-1_P73_Y-1_U105,FXX,1,0.0,1,1,1.0,0,0,0,-9999.0,0.375,1,P14_CV0,2,1,1,2,0,0,2,0,2
14,68222.41714,-88719.87843,E14_F15_m73f73_P89_Y6_UO3341,I73_F14_m15f15_P89_Y4_UO772,I73_F41_m73f73_P89_Y1_UO3164,FXX,1,0.0,1,1,1.0,0,0,0,-9999.0,0.65625,1,P14_CV0,2,1,1,1,1,0,2,0,2
14,68222.41714,-88719.87843,E14_F55_m73f73_P89_Y6_UO3412,ID73_F89_m-1f-1_P15_Y-1_U226,I73_F41_m55f55_P89_Y3_UO2558,MXY,1,0.0,1,1,0.0,0,0,0,-9999.0,0.3125,1,P14_CV0,2,0,2,0,2,0,2,0,2
14,68222.41714,-88719.87843,E14_F15_m55f55_P14_Y5_UO2577,ID55_F41_m73f73_P89_Y1_UO3131,I55_F41_m-1f-1_P15_Y-1_U115,MXY,2,0.0,1,0,0.0,0,0,0,-9999.0,0.625,1,P14_CV0,2,1,1,1,1,0,2,0,2
14,68222.41714,-88719.87843,E14_F15_m55f55_P89_Y5_UO2590,I55_F48_m15f15_P89_Y1_UO740,I55_F41_m73f73_P89_Y2_UO3355,FXX,2,0.0,1,0,1.0,0,0,0,-9999.0,0.875,1,P14_CV0,2,2,0,0,2,0,2,0,2
14,68222.41714,-88719.87843,E14_F15_m73f73_P41_Y5_UO3344,I73_F41_m15f15_P89_Y0_UO875,ID73_F89_m15f15_P41_Y2_UO816,MXY,2,0.0,1,0,0.0,0,0,0,-9999.0,0.5,1,P14_CV0,2,1,1,1,1,0,2,0,2
14,68222.41714,-88719.87843,E14_F15_m15f15_P41_Y5_UO854,I15_F89_m55f55_P41_Y0_UO2784,I15_F14_m55f55_P41_Y3_UO2532,FXX,2,0.0,1,0,1.0,0,0,0,-9999.0,0.625,1,P14_CV0,2,1,1,1,1,0,2,0,2
14,68222.41714,-88719.87843,E14_F55_m15f15_P89_Y5_UO785,ID15_F41_m55f55_P41_Y3_UO2563,I15_F89_m73f73_P41_Y0_UO3583,MXY,2,0.0,1,0,0.0,0,0,0,-9999.0,0.9375,1,P14_CV0,2,2,0,1,1,0,2,0,2
14,68222.41714,-88719.87843,E14_F55_m73f73_P89_Y5_UO3311,I73_F14_m73f73_P89_Y3_UO3298,I73_F89_m-1f-1_P15_Y-1_U3,MXY,2,0.0,1,0,0.0,0,0,0,-9999.0,0.4375,1,P14_CV0,2,1,1,2,0,0,2,0,2
14,68222.41714,-88719.87843,E14_F15_m55f55_P41_Y4_UO2578,I55_F89_m-1f-1_P15_Y-1_U139,I55_F89_m73f73_P89_Y2_UO3332,FXX,3,0.0,1,0,1.0,0,0,0,-9999.0,0.5,1,P14_CV0,2,1,1,1,1,0,2,0,2
14,68222.41714,-88719.87843,E14_F15_m15f15_P89_Y4_UO805,I15_F14_m73f73_P41_Y1_UO3205,I15_F41_m-1f-1_P15_Y-1_U40,FXX,3,0.0,1,0,1.0,0,0,0,-9999.0,0.375,1,P14_CV0,2,1,1,0,2,0,2,0,2
14,68222.41714,-88719.87843,E14_F15_m55f55_P89_Y4_UO2508,I55_F41_m43f43_P48_Y2_UO2042,I55_F41_m15f15_P14_Y1_UO710,MXY,3,0.0,1,0,0.0,0,0,0,-9999.0,0.5,1,P14_CV0,2,1,1,2,0,0,2,0,2
14,68222.41714,-88719.87843,E14_F15_m15f15_P89_Y4_UO845,I15_F41_m-1f-1_P15_Y-1_U158,ID15_F14_m73f73_P14_Y2_UO3316,FXX,3,0.0,1,0,1.0,0,0,0,-9999.0,0.875,1,P14_CV0,2,2,0,0,2,0,2,0,2
14,68222.41714,-88719.87843,E14_F73_m73f73_P89_Y4_UO3273,I73_F41_m73f73_P41_Y2_UO3307,I73_F89_m15f15_P41_Y2_UO792,MXY,3,0.0,1,0,0.0,0,0,0,-9999.0,0.625,1,P14_CV0,2,2,0,0,2,0,2,0,2
14,68222.41714,-88719.87843,E14_F15_m55f55_P14_Y3_UO2559,I55_F89_m11f11_P89_Y0_UO597,I55_F41_m15f15_P89_Y1_UO787,MXY,4,0.0,1,0,0.0,0,0,0,-9999.0,0.5,1,P14_CV0,2,2,0,2,0,0,2,0,2
14,68222.41714,-88719.87843,E14_F15_m55f55_P89_Y3_UO2579,I55_F89_m-1f-1_P55_Y-1_U151,I55_F89_m15f15_P41_Y0_UO806,MXY,4,0.0,1,0,0.0,0,0,0,-9999.0,0.5,1,P14_CV0,2,0,2,1,1,0,2,0,2
14,68222.41714,-88719.87843,E14_F55_m15f15_P89_Y1_UO727,I15_F89_m-1f-1_P15_Y-1_U181,I15_F89_m-1f-1_P15_Y-1_U102,FXX,6,0.0,1,0,1.0,0,0,0,-9999.0,0.0,1,P14_CV0,2,0,2,1,1,0,2,0,2
14,68222.41714,-88719.87843,E14_F15_m15f15_P89_Y0_UO873,R15_F15_m-1f-1_P15_Y-1_U173,R15_F15_m-1f-1_P15_Y-1_U19,MXY,7,0.0,1,0,0.0,0,0,0,-9999.0,0.75,1,P14_CV0,2,2,0,0,2,0,2,0,2
14,68222.41714,-88719.87843,E14_F15_m15f15_P41_Y0_UO811,R15_F15_m-1f-1_P15_Y-1_U34,R15_F15_m-1f-1_P15_Y-1_U247,MXY,7,0.0,1,0,0.0,0,0,0,-9999.0,0.25,1,P14_CV0,2,0,2,1,1,0,2,0,2
14,68222.41714,-88719.87843,E14_F15_m15f15_P41_Y0_UO829,R15_F15_m-1f-1_P15_Y-1_U81,R15_F15_m-1f-1_P15_Y-1_U76,MXY,7,0.0,1,0,0.0,0,0,0,-9999.0,0.0,1,P14_CV0,2,0,2,1,1,0,2,0,2
14,68222.41714,-88719.87843,E14_F15_m15f15_P41_Y0_UO870,R15_F15_m-1f-1_P15_Y-1_U162,R15_F15_m-1f-1_P15_Y-1_U102,FXX,7,0.0,1,0,1.0,0,0,0,-9999.0,0.25,1,P14_CV0,2,1,1,1,1,0,2,0,2
14,68222.41714,-88719.87843,E14_F15_m15f15_P14_Y0_UO843,R15_F15_m-1f-1_P15_Y-1_U120,R15_F15_m-1f-1_P15_Y-1_U188,FXX,7,0.0,1,0,1.0,0,0,0,-9999.0,0.75,1,P14_CV0,2,2,0,0,2,0,2,0,2
14,68222.41714,-88719.87843,E14_F55_m15f15_P89_Y0_UO875,R15_F15_m-1f-1_P15_Y-1_U181,R15_F15_m-1f-1_P15_Y-1_U188,FXX,7,0.0,1,0,1.0,0,0,0,-9999.0,0.5,1,P14_CV0,2,1,1,0,2,0,2,0,2
14,68222.41714,-88719.87843,E14_F15_m-1f-1_P15_Y-1_U227,-9999,-9999,MXY,12,0.0,1,0,0.0,0,0,0,-9999.0,0.0,1,P14_CV0,2,0,2,0,2,0,2,0,2
14,68222.41714,-88719.87843,E14_F15_m-1f-1_P15_Y-1_U105,-9999,-9999,MXY,14,0.0,1,0,0.0,0,0,0,-9999.0,1.0,1,P14_CV0,2,2,0,2,0,0,2,0,2
14,68222.41714,-88719.87843,E14_F73_m-1f-1_P15_Y-1_U111,-9999,-9999,MXY,15,0.0,1,0,0.0,0,0,0,-9999.0,0.0,1,P14_CV0,2,0,2,1,1,0,2,0,2
14,68222.41714,-88719.87843,E14_F43_m31f31_P48_Y6_UO1507,ID31_F48_m100f100_P48_Y3_UO4582,I31_F8_m31f31_P8_Y3_UO1499,FXX,1,0.0,1,1,1.0,0,0,0,-9999.0,0.8125,1,P24_CV0,2,2,0,0,2,0,2,0,2
14,68222.41714,-88719.87843,E14_F55_m43f43_P41_Y6_UO2120,ID43_F49_m25f25_P68_Y4_UO1285,I43_F49_m100f100_P49_Y2_UO4570,MXY,1,0.0,1,1,0.0,0,0,0,-9999.0,0.6875,1,P24_CV0,2,2,0,0,2,0,2,0,2
14,68222.41714,-88719.87843,E14_F15_m60f60_P14_Y6_UO2829,I60_F75_m39f39_P75_Y1_UO1687,I60_F75_m39f39_P75_Y2_UO1775,MXY,1,0.0,1,1,0.0,0,0,0,-9999.0,0.625,1,P38_CV0,2,0,2,1,1,0,2,0,2
14,68222.41714,-88719.87843,E14_F60_m60f60_P75_Y4_UO2773,I60_F19_m39f39_P75_Y2_UO1826,I60_F48_m-1f-1_P39_Y-1_U97,MXY,3,0.0,1,0,0.0,0,0,1,-9999.0,0.875,1,P38_CV0,2,2,0,1,1,0,2,0,2
14,68222.41714,-88719.87843,E14_F60_m39f39_P75_Y4_UO1849,I39_F19_m-1f-1_P39_Y-1_U236,I39_F75_m87f87_P51_Y0_UO4403,MXY,3,0.0,1,0,0.0,0,0,0,-9999.0,0.25,1,P38_CV0,2,1,1,1,1,0,2,0,2
14,68222.41714,-88719.87843,E14_F43_m60f60_P75_Y3_UO2810,I60_F96_m39f39_P51_Y0_UO1852,ID60_F75_m-1f-1_P60_Y-1_U75,FXX,4,0.0,1,0,1.0,0,0,0,-9999.0,0.25,1,P38_CV0,2,0,2,0,2,0,2,0,2
14,68222.41714,-88719.87843,E14_F60_m-1f-1_P39_Y-1_U97,-9999,-9999,MXY,10,0.0,1,0,0.0,0,0,0,-9999.0,1.0,1,P38_CV0,2,2,0,2,0,0,2,0,2
14,68222.41714,-88719.87843,Age0_F14_m15f15_P14_Y7_UO795,I15_F14_m55f55_P14_Y5_UO2584,I15_F41_m73f73_P41_Y5_UO3369,MXY,0,0.0,0,0,0.0,0,0,0,0.0,0.375,1,P42_CV0,2,1,1,2,0,0,2,0,2
14,68222.41714,-88719.87843,E14_F15_m73f73_P41_Y6_UO3337,I73_F89_m55f55_P89_Y4_UO2565,I73_F41_m55f55_P89_Y3_UO2558,FXX,1,0.0,1,1,1.0,0,0,0,-9999.0,0.75,1,P42_CV0,2,1,1,0,2,0,2,0,2
14,68222.41714,-88719.87843,E14_F15_m15f15_P89_Y6_UO789,ID15_F89_m43f43_P89_Y4_UO2055,ID15_F41_m-1f-1_P73_Y-1_U192,MXY,1,0.0,1,1,0.0,0,0,0,-9999.0,0.1875,1,P42_CV0,2,0,2,1,1,0,2,0,2
14,68222.41714,-88719.87843,E14_F55_m55f55_P89_Y6_UO2565,I55_F41_m15f15_P41_Y4_UO797,ID55_F48_m43f43_P14_Y1_UO1957,FXX,1,0.0,1,1,1.0,0,0,0,-9999.0,0.75,1,P42_CV0,2,2,0,1,1,0,2,0,2
14,68222.41714,-88719.87843,E14_F15_m55f55_P14_Y5_UO2584,I55_F89_m43f43_P41_Y1_UO1934,I55_F89_m60f60_P14_Y0_UO3128,FXX,2,0.0,1,0,1.0,0,0,0,-9999.0,0.5,1,P42_CV0,2,1,1,1,1,0,2,0,2
14,68222.41714,-88719.87843,E14_F73_m43f43_P41_Y5_UO2127,ID43_F49_m-1f-1_P60_Y-1_U86,I43_F49_m-1f-1_P43_Y-1_U180,FXX,2,0.0,1,0,1.0,0,0,0,-9999.0,0.5,1,P42_CV0,2,1,1,0,2,0,2,0,2
14,68222.41714,-88719.87843,E14_F43_m11f11_P49_Y3_UO644,I11_F49_m-1f-1_P11_Y-1_U244,ID11_F48_m43f43_P49_Y1_UO1909,MXY,4,0.0,1,0,0.0,0,0,0,-9999.0,0.625,1,P42_CV0,2,1,1,0,2,0,2,0,2
14,68222.41714,-88719.87843,E14_F60_m-1f-1_P43_Y-1_U226,-9999,-9999,MXY,10,0.0,1,0,0.0,0,0,0,-9999.0,0.5,1,P42_CV0,2,1,1,2,0,0,2,0,2
14,68222.41714,-88719.87843,Age0_F14_m15f15_P14_Y7_UO805,I15_F41_m15f15_P89_Y4_UO805,I15_F41_m73f73_P89_Y4_UO3281,FXX,0,0.0,0,0,0.0,0,0,0,0.0,0.5,1,P54_CV0,2,0,2,1,1,0,2,0,2
14,68222.41714,-88719.87843,Age0_F14_m15f15_P14_Y7_UO814,I15_F41_m55f55_P14_Y4_UO2543,ID15_F89_m55f55_P89_Y5_UO2627,MXY,0,0.0,0,0,0.0,0,0,0,0.0,0.4375,1,P54_CV0,2,1,1,1,1,0,2,0,2
14,68222.41714,-88719.87843,Age0_F14_m15f15_P14_Y7_UO831,I15_F89_m73f73_P41_Y3_UO3315,I15_F41_m55f55_P48_Y3_UO2567,FXX,0,0.0,0,0,0.0,0,0,0,0.0,0.5,1,P54_CV0,2,2,0,2,0,0,2,0,2
14,68222.41714,-88719.87843,Age0_F14_m15f15_P14_Y7_UO835,ID15_F41_m15f15_P41_Y3_UO815,ID15_F41_m73f73_P41_Y5_UO3344,MXY,0,0.0,0,0,0.0,0,0,0,0.0,0.625,1,P54_CV0,2,1,1,1,1,0,2,0,2
14,68222.41714,-88719.87843,Age0_F14_m73f73_P14_Y7_UO3328,ID73_F89_m55f55_P41_Y5_UO2582,I73_F14_m55f55_P89_Y2_UO2587,FXX,0,0.0,0,0,0.0,0,0,0,0.0,0.3125,1,P54_CV0,2,1,1,1,1,0,2,0,2
14,68222.41714,-88719.87843,Age0_F14_m73f73_P14_Y7_UO3354,ID73_F41_m73f73_P41_Y4_UO3289,I73_F41_m11f11_P89_Y1_UO573,FXX,0,0.0,0,0,0.0,0,0,0,0.0,0.625,1,P54_CV0,2,0,2,1,1,0,2,0,2
14,68222.41714,-88719.87843,E14_F15_m15f15_P14_Y6_UO799,ID15_F41_m15f15_P14_Y4_UO798,I15_F14_m15f15_P41_Y3_UO800,FXX,1,0.0,1,1,1.0,0,0,0,-9999.0,0.625,1,P54_CV0,2,2,0,1,1,0,2,0,2
14,68222.41714,-88719.87843,E14_F15_m15f15_P14_Y6_UO815,I15_F89_m15f15_P41_Y4_UO793,I15_F41_m-1f-1_P55_Y-1_U38,FXX,1,0.0,1,1,1.0,0,0,0,-9999.0,0.125,1,P54_CV0,2,0,2,0,2,0,2,0,2
14,68222.41714,-88719.87843,E14_F15_m15f15_P14_Y6_UO822,I15_F41_m11f11_P41_Y3_UO604,I15_F89_m15f15_P14_Y4_UO855,MXY,1,0.0,1,1,0.0,0,0,0,-9999.0,0.375,1,P54_CV0,2,1,1,2,0,0,2,0,2
14,68222.41714,-88719.87843,E14_F15_m15f15_P41_Y6_UO861,I15_F49_m55f55_P41_Y0_UO2781,I15_F41_m73f73_P41_Y4_UO3284,MXY,1,0.0,1,1,0.0,0,0,0,-9999.0,0.6875,1,P54_CV0,2,2,0,1,1,0,2,0,2
14,68222.41714,-88719.87843,E14_F15_m55f55_P41_Y6_UO2591,I55_F41_m73f73_P89_Y3_UO3360,I55_F89_m-1f-1_P55_Y-1_U185,FXX,1,0.0,1,1,1.0,0,0,0,-9999.0,0.625,1,P54_CV0,2,1,1,1,1,0,2,0,2
14,68222.41714,-88719.87843,E14_F43_m55f55_P48_Y6_UO2604,I55_F41_m55f55_P41_Y2_UO2622,I55_F89_m55f55_P89_Y4_UO2517,FXX,1,0.0,1,1,1.0,0,0,0,-9999.0,0.5,1,P54_CV0,2,2,0,2,0,0,2,0,2
14,68222.41714,-88719.87843,E14_F55_m55f55_P89_Y6_UO2607,I55_F49_m55f55_P14_Y2_UO2613,I55_F41_m-1f-1_P55_Y-1_U49,FXX,1,0.0,1,1,1.0,0,0,0,-9999.0,0.1875,1,P54_CV0,2,1,1,2,0,0,2,0,2
14,68222.41714,-88719.87843,E14_F55_m73f73_P89_Y6_UO3362,I73_F41_m15f15_P41_Y3_UO803,I73_F89_m55f55_P14_Y0_UO2821,FXX,1,0.0,1,1,1.0,0,0,0,-9999.0,0.625,1,P54_CV0,2,1,1,2,0,0,2,0,2
14,68222.41714,-88719.87843,E14_F73_m55f55_P89_Y6_UO2643,I55_F89_m-1f-1_P73_Y-1_U203,I55_F89_m73f73_P41_Y4_UO3277,MXY,1,0.0,1,1,0.0,0,0,0,-9999.0,0.5,1,P54_CV0,2,1,1,1,1,0,2,0,2
14,68222.41714,-88719.87843,E14_F73_m73f73_P89_Y6_UO3343,ID73_F41_m55f55_P14_Y4_UO2596,I73_F89_m73f73_P89_Y2_UO3334,FXX,1,0.0,1,1,1.0,0,0,0,-9999.0,0.375,1,P54_CV0,2,1,1,1,1,0,2,0,2
14,68222.41714,-88719.87843,E14_F73_m73f73_P89_Y6_UO3410,I73_F89_m-1f-1_P73_Y-1_U166,I73_F41_m-1f-1_P55_Y-1_U218,MXY,1,0.0,1,1,0.0,0,0,0,-9999.0,0.5,1,P54_CV0,2,2,0,1,1,0,2,0,2
14,68222.41714,-88719.87843,E14_F15_m43f43_P14_Y5_UO2097,I43_F14_m55f55_P49_Y2_UO2598,ID43_F41_m73f73_P14_Y3_UO3342,MXY,2,0.0,1,0,0.0,0,0,0,-9999.0,0.375,1,P54_CV0,2,1,1,1,1,0,2,0,2
14,68222.41714,-88719.87843,E14_F15_m73f73_P14_Y5_UO3362,I73_F89_m-1f-1_P15_Y-1_U77,I73_F89_m-1f-1_P55_Y-1_U218,MXY,2,0.0,1,0,0.0,0,0,0,-9999.0,0.75,1,P54_CV0,2,1,1,1,1,0,2,0,2
14,68222.41714,-88719.87843,E14_F15_m73f73_P41_Y5_UO3305,ID73_F48_m60f60_P49_Y3_UO2797,I73_F41_m55f55_P89_Y2_UO2587,MXY,2,0.0,1,0,0.0,0,0,0,-9999.0,0.1875,1,P54_CV0,2,0,2,1,1,0,2,0,2
14,68222.41714,-88719.87843,E14_F15_m55f55_P89_Y5_UO2542,I55_F41_m55f55_P89_Y3_UO2581,I55_F89_m73f73_P89_Y3_UO3340,MXY,2,0.0,1,0,0.0,0,0,0,-9999.0,0.5,1,P54_CV0,2,2,0,0,2,0,2,0,2
14,68222.41714,-88719.87843,E14_F55_m55f55_P89_Y5_UO2557,I55_F89_m55f55_P89_Y2_UO2616,ID55_F89_m55f55_P89_Y3_UO2571,MXY,2,0.0,1,0,0.0,0,0,0,-9999.0,0.6875,1,P54_CV0,2,2,0,1,1,0,2,0,2
14,68222.41714,-88719.87843,E14_F55_m15f15_P89_Y5_UO799,I15_F41_m73f73_P89_Y3_UO3302,I15_F41_m55f55_P14_Y0_UO2763,MXY,2,0.0,1,0,0.0,0,0,0,-9999.0,0.5,1,P54_CV0,2,2,0,1,1,0,2,0,2
14,68222.41714,-88719.87843,E14_F15_m55f55_P14_Y4_UO2543,I55_F49_m15f15_P41_Y1_UO743,I55_F49_m55f55_P41_Y2_UO2586,FXX,3,0.0,1,0,1.0,0,0,0,-9999.0,0.5,1,P54_CV0,2,2,0,2,0,0,2,0,2
14,68222.41714,-88719.87843,E14_F73_m73f73_P41_Y4_UO3289,I73_F41_m55f55_P89_Y1_UO2473,I73_F41_m-1f-1_P55_Y-1_U29,FXX,3,0.0,1,0,1.0,0,0,0,-9999.0,0.5,1,P54_CV0,2,0,2,1,1,0,2,0,2
14,68222.41714,-88719.87843,E14_F15_m73f73_P41_Y3_UO3315,I73_F89_m-1f-1_P73_Y-1_U177,I73_F41_m55f55_P89_Y0_UO2742,FXX,4,0.0,1,0,1.0,0,0,0,-9999.0,0.75,1,P54_CV0,2,2,0,1,1,0,2,0,2
14,68222.41714,-88719.87843,E14_F15_m15f15_P41_Y3_UO815,I15_F41_m-1f-1_P15_Y-1_U158,I15_F14_m55f55_P89_Y0_UO2800,FXX,4,0.0,1,0,1.0,0,0,0,-9999.0,0.75,1,P54_CV0,2,1,1,1,1,0,2,0,2
14,68222.41714,-88719.87843,E14_F73_m55f55_P41_Y3_UO2529,ID55_F41_m55f55_P41_Y1_UO2435,I55_F89_m-1f-1_P55_Y-1_U58,MXY,4,0.0,1,0,0.0,0,0,0,-9999.0,0.5,1,P54_CV0,2,2,0,2,0,0,2,0,2
14,68222.41714,-88719.87843,E14_F55_m55f55_P41_Y2_UO2622,I55_F89_m-1f-1_P55_Y-1_U182,I55_F41_m-1f-1_P55_Y-1_U16,FXX,5,0.0,1,0,1.0,0,0,0,-9999.0,0.25,1,P54_CV0,2,1,1,1,1,0,2,0,2
14,68222.41714,-88719.87843,E14_F55_m-1f-1_P55_Y-1_U36,-9999,-9999,MXY,9,0.0,1,0,0.0,0,0,0,-9999.0,1.0,1,P54_CV0,2,2,0,1,1,0,2,0,2
14,68222.41714,-88719.87843,E14_F15_m-1f-1_P55_Y-1_U158,-9999,-9999,MXY,11,0.0,1,0,0.0,0,0,0,-9999.0,0.0,1,P54_CV0,2,0,2,1,1,0,2,0,2
14,68222.41714,-88719.87843,E14_F55_m-1f-1_P55_Y-1_U80,-9999,-9999,MXY,14,0.0,1,0,0.0,0,0,0,-9999.0,0.5,1,P54_CV0,2,1,1,2,0,0,2,0,2
14,68222.41714,-88719.87843,E14_F15_m-1f-1_P55_Y-1_U4,-9999,-9999,MXY,15,0.0,1,0,0.0,0,0,0,-9999.0,0.5,1,P54_CV0,2,1,1,2,0,0,2,0,2
14,68222.41714,-88719.87843,E14_F15_m43f43_P14_Y6_UO2176,ID43_F41_m-1f-1_P60_Y-1_U86,ID43_F48_m11f11_P49_Y4_UO640,MXY,1,0.0,1,1,0.0,0,0,0,-9999.0,0.125,1,P59_CV0,2,0,2,0,2,0,2,0,2
14,68222.41714,-88719.87843,E14_F60_m39f39_P75_Y6_UO1837,I39_F19_m39f39_P75_Y4_UO1834,ID39_F14_m60f60_P75_Y3_UO2862,FXX,1,0.0,1,1,1.0,0,0,0,-9999.0,0.3125,1,P59_CV0,2,1,1,1,1,0,2,0,2
14,68222.41714,-88719.87843,E14_F60_m60f60_P75_Y6_UO2805,ID60_F75_m60f60_P75_Y3_UO2816,ID60_F75_m-1f-1_P60_Y-1_U84,FXX,1,0.0,1,1,1.0,0,0,0,-9999.0,0.5,1,P59_CV0,2,2,0,1,1,0,2,0,2
14,68222.41714,-88719.87843,E14_F60_m60f60_P75_Y4_UO2790,I60_F14_m60f60_P75_Y1_UO2722,I60_F75_m-1f-1_P60_Y-1_U159,MXY,3,0.0,1,0,0.0,0,0,0,-9999.0,0.625,1,P59_CV0,2,2,0,0,2,0,2,0,2
14,68222.41714,-88719.87843,E14_F43_m60f60_P75_Y3_UO2789,I60_F49_m60f60_P75_Y1_UO2703,I60_F75_m-1f-1_P39_Y-1_U139,FXX,4,0.0,1,0,1.0,0,0,0,-9999.0,0.625,1,P59_CV0,2,2,0,1,1,0,2,0,2
14,68222.41714,-88719.87843,E14_F60_m60f60_P75_Y0_UO3098,R60_F60_m-1f-1_P60_Y-1_U161,R60_F60_m-1f-1_P60_Y-1_U51,MXY,7,0.0,1,0,0.0,0,0,0,-9999.0,0.25,1,P59_CV0,2,1,1,2,0,0,2,0,2
14,68222.41714,-88719.87843,Age0_F14_m15f15_P14_Y7_UO782,I15_F41_m73f73_P41_Y5_UO3320,I15_F14_m15f15_P41_Y4_UO851,MXY,0,0.0,0,0,0.0,0,0,0,0.0,0.1875,1,P72_CV0,2,0,2,0,2,0,2,0,2
14,68222.41714,-88719.87843,Age0_F14_m15f15_P14_Y7_UO870,I15_F89_m-1f-1_P73_Y-1_U220,I15_F41_m55f55_P41_Y4_UO2521,FXX,0,0.0,0,0,0.0,0,0,0,0.0,0.75,1,P72_CV0,2,2,0,0,2,0,2,0,2
14,68222.41714,-88719.87843,Age0_F14_m43f43_P14_Y7_UO2107,I43_F48_m73f73_P41_Y5_UO3321,I43_F48_m100f100_P48_Y2_UO4553,MXY,0,0.0,0,0,0.0,0,0,0,0.0,0.4375,1,P72_CV0,2,0,2,1,1,0,2,0,2
14,68222.41714,-88719.87843,Age0_F14_m55f55_P14_Y7_UO2605,I55_F48_m55f55_P41_Y2_UO2622,ID55_F14_m-1f-1_P73_Y-1_U236,MXY,0,0.0,0,0,0.0,0,0,0,0.0,0.125,1,P72_CV0,2,0,2,0,2,0,2,0,2
14,68222.41714,-88719.87843,Age0_F14_m55f55_P14_Y7_UO2618,ID55_F41_m15f15_P89_Y0_UO875,I55_F41_m73f73_P41_Y3_UO3316,MXY,0,0.0,0,0,0.0,0,0,0,0.0,0.5,1,P72_CV0,2,0,2,1,1,0,2,0,2
14,68222.41714,-88719.87843,Age0_F14_m55f55_P14_Y7_UO2623,I55_F89_m-1f-1_P73_Y-1_U208,I55_F89_m43f43_P14_Y1_UO1957,MXY,0,0.0,0,0,0.0,0,0,0,0.0,0.75,1,P72_CV0,2,1,1,2,0,0,2,0,2
14,68222.41714,-88719.87843,Age0_F14_m55f55_P14_Y7_UO2633,I55_F89_m-1f-1_P73_Y-1_U99,I55_F89_m11f11_P89_Y3_UO596,FXX,0,0.0,0,0,0.0,0,0,0,0.0,0.625,1,P72_CV0,2,1,1,1,1,0,2,0,2
14,68222.41714,-88719.87843,Age0_F14_m73f73_P14_Y7_UO3342,I73_F89_m43f43_P41_Y5_UO2127,I73_F89_m-1f-1_P73_Y-1_U1,MXY,0,0.0,0,0,0.0,0,0,0,0.0,0.75,1,P72_CV0,2,2,0,1,1,0,2,0,2
14,68222.41714,-88719.87843,Age0_F14_m73f73_P14_Y7_UO3365,I73_F41_m15f15_P89_Y3_UO786,I73_F89_m55f55_P89_Y5_UO2535,MXY,0,0.0,0,0,0.0,0,0,0,0.0,0.3125,1,P72_CV0,2,2,0,1,1,0,2,0,2
14,68222.41714,-88719.87843,Age0_F14_m73f73_P14_Y7_UO3391,I73_F89_m73f73_P89_Y0_UO3542,I73_F41_m11f11_P89_Y3_UO622,FXX,0,0.0,0,0,0.0,0,0,0,0.0,0.5,1,P72_CV0,2,1,1,2,0,0,2,0,2
14,68222.41714,-88719.87843,Age0_F14_m73f73_P14_Y7_UO3404,I73_F41_m-1f-1_P73_Y-1_U152,I73_F89_m-1f-1_P73_Y-1_U20,FXX,0,0.0,0,0,0.0,0,0,0,0.0,0.25,1,P72_CV0,2,1,1,2,0,0,2,0,2
14,68222.41714,-88719.87843,E14_F15_m15f15_P14_Y6_UO808,I15_F14_m55f55_P41_Y4_UO2578,ID15_F89_m-1f-1_P73_Y-1_U4,FXX,1,0.0,1,1,1.0,0,0,0,-9999.0,0.25,1,P72_CV0,2,1,1,0,2,0,2,0,2
14,68222.41714,-88719.87843,E14_F15_m55f55_P41_Y6_UO2633,I55_F89_m73f73_P41_Y1_UO3179,I55_F89_m-1f-1_P73_Y-1_U156,MXY,1,0.0,1,1,0.0,0,0,0,-9999.0,0.875,1,P72_CV0,2,1,1,1,1,0,2,0,2
14,68222.41714,-88719.87843,E14_F15_m55f55_P89_Y6_UO2556,I55_F41_m73f73_P89_Y4_UO3261,I55_F49_m73f73_P41_Y3_UO3307,MXY,1,0.0,1,1,0.0,0,0,0,-9999.0,0.4375,1,P72_CV0,2,0,2,1,1,0,2,0,2
14,68222.41714,-88719.87843,E14_F15_m55f55_P89_Y6_UO2582,I55_F49_m55f55_P89_Y3_UO2596,I55_F49_m43f43_P41_Y3_UO2116,FXX,1,0.0,1,1,1.0,0,0,0,-9999.0,0.4375,1,P72_CV0,2,1,1,1,1,0,2,0,2
14,68222.41714,-88719.87843,E14_F55_m15f15_P41_Y6_UO810,I15_F89_m55f55_P14_Y4_UO2543,I15_F89_m73f73_P41_Y2_UO3372,FXX,1,0.0,1,1,1.0,0,0,0,-9999.0,0.5,1,P72_CV0,2,2,0,1,1,0,2,0,2
14,68222.41714,-88719.87843,E14_F55_m15f15_P89_Y6_UO804,I15_F89_m55f55_P41_Y4_UO2554,I15_F41_m73f73_P89_Y2_UO3313,FXX,1,0.0,1,1,1.0,0,0,0,-9999.0,0.5,1,P72_CV0,2,1,1,2,0,0,2,0,2
14,68222.41714,-88719.87843,E14_F15_m73f73_P41_Y5_UO3320,ID73_F89_m73f73_P89_Y2_UO3338,I73_F89_m73f73_P41_Y3_UO3330,FXX,2,0.0,1,0,1.0,0,0,0,-9999.0,0.375,1,P72_CV0,2,0,2,0,2,0,2,0,2
14,68222.41714,-88719.87843,E14_F15_m55f55_P89_Y5_UO2598,I55_F41_m43f43_P89_Y0_UO2153,ID55_F89_m73f73_P41_Y3_UO3273,MXY,2,0.0,1,0,0.0,0,0,0,-9999.0,0.375,1,P72_CV0,2,1,1,1,1,0,2,0,2
14,68222.41714,-88719.87843,E14_F15_m55f55_P89_Y5_UO2627,ID55_F89_m-1f-1_P73_Y-1_U99,I55_F89_m73f73_P89_Y1_UO3204,MXY,2,0.0,1,0,0.0,0,0,0,-9999.0,0.375,1,P72_CV0,2,0,2,0,2,0,2,0,2
14,68222.41714,-88719.87843,E14_F15_m73f73_P89_Y5_UO3315,I73_F41_m73f73_P41_Y3_UO3320,ID73_F41_m73f73_P89_Y1_UO3125,MXY,2,0.0,1,0,0.0,0,0,0,-9999.0,0.125,1,P72_CV0,2,0,2,2,0,0,2,0,2
14,68222.41714,-88719.87843,E14_F43_m15f15_P41_Y5_UO870,I15_F89_m-1f-1_P15_Y-1_U46,ID15_F89_m43f43_P14_Y3_UO2081,MXY,2,0.0,1,0,0.0,0,0,0,-9999.0,0.375,1,P72_CV0,2,1,1,2,0,0,2,0,2
14,68222.41714,-88719.87843,E14_F43_m73f73_P41_Y5_UO3321,I73_F89_m73f73_P89_Y2_UO3366,I73_F89_m11f11_P89_Y3_UO606,FXX,2,0.0,1,0,1.0,0,0,0,-9999.0,0.375,1,P72_CV0,2,0,2,2,0,0,2,0,2
14,68222.41714,-88719.87843,E14_F55_m15f15_P41_Y5_UO840,ID15_F14_m11f11_P49_Y1_UO596,I15_F89_m73f73_P41_Y0_UO3583,MXY,2,0.0,1,0,0.0,0,0,0,-9999.0,0.625,1,P72_CV0,2,2,0,1,1,0,2,0,2
14,68222.41714,-88719.87843,E14_F73_m55f55_P41_Y5_UO2582,I55_F89_m55f55_P41_Y1_UO2425,I55_F89_m-1f-1_P73_Y-1_U87,FXX,2,0.0,1,0,1.0,0,0,0,-9999.0,0.375,1,P72_CV0,2,1,1,0,2,0,2,0,2
14,68222.41714,-88719.87843,E14_F73_m55f55_P89_Y5_UO2586,ID55_F89_m73f73_P41_Y1_UO3197,I55_F89_m55f55_P89_Y0_UO2804,MXY,2,0.0,1,0,0.0,0,0,0,-9999.0,0.5,1,P72_CV0,2,1,1,0,2,0,2,0,2
14,68222.41714,-88719.87843,E14_F15_m55f55_P89_Y4_UO2516,I55_F41_m73f73_P41_Y2_UO3376,I55_F41_m-1f-1_P55_Y-1_U76,MXY,3,0.0,1,0,0.0,0,0,0,-9999.0,0.375,1,P72_CV0,2,1,1,2,0,0,2,0,2
14,68222.41714,-88719.87843,E14_F15_m15f15_P41_Y4_UO851,ID15_F41_m-1f-1_P55_Y-1_U25,I15_F41_m73f73_P89_Y0_UO3530,MXY,3,0.0,1,0,0.0,0,0,0,-9999.0,0.0,1,P72_CV0,2,0,2,1,1,0,2,0,2
14,68222.41714,-88719.87843,E14_F15_m73f73_P89_Y3_UO3327,I73_F89_m-1f-1_P73_Y-1_U167,I73_F89_m-1f-1_P73_Y-1_U246,MXY,4,0.0,1,0,0.0,0,0,0,-9999.0,0.25,1,P72_CV0,2,0,2,1,1,0,2,0,2
14,68222.41714,-88719.87843,E14_F15_m55f55_P48_Y3_UO2555,I55_F48_m73f73_P89_Y0_UO3547,I55_F41_m73f73_P89_Y0_UO3565,MXY,4,0.0,1,0,0.0,0,0,0,-9999.0,0.75,1,P72_CV0,2,2,0,2,0,0,2,0,2
14,68222.41714,-88719.87843,E14_F15_m73f73_P89_Y3_UO3343,I73_F41_m-1f-1_P73_Y-1_U135,I73_F41_m55f55_P89_Y0_UO2786,MXY,4,0.0,1,0,0.0,0,0,0,-9999.0,0.625,1,P72_CV0,2,1,1,1,1,0,2,0,2
14,68222.41714,-88719.87843,E14_F55_m11f11_P89_Y3_UO626,ID11_F89_m-1f-1_P73_Y-1_U141,ID11_F48_m-1f-1_P11_Y-1_U232,MXY,4,0.0,1,0,0.0,0,0,0,-9999.0,0.25,1,P72_CV0,2,0,2,0,2,0,2,0,2
14,68222.41714,-88719.87843,E14_F73_m15f15_P89_Y3_UO786,I15_F41_m73f73_P89_Y0_UO3601,I15_F14_m-1f-1_P15_Y-1_U0,FXX,4,0.0,1,0,1.0,0,0,0,-9999.0,0.375,1,P72_CV0,2,1,1,2,0,0,2,0,2
14,68222.41714,-88719.87843,E14_F43_m73f73_P41_Y0_UO3599,R73_F73_m-1f-1_P73_Y-1_U194,R73_F73_m-1f-1_P73_Y-1_U101,FXX,7,0.0,1,0,1.0,0,0,0,-9999.0,0.5,1,P72_CV0,2,2,0,1,1,0,2,0,2
14,68222.41714,-88719.87843,E14_F73_m73f73_P89_Y0_UO3542,R73_F73_m-1f-1_P73_Y-1_U48,R73_F73_m-1f-1_P73_Y-1_U2,FXX,7,0.0,1,0,1.0,0,0,0,-9999.0,0.5,1,P72_CV0,2,1,1,2,0,0,2,0,2
14,68222.41714,-88719.87843,E14_F15_m-1f-1_P73_Y-1_U189,-9999,-9999,FXX,8,0.0,1,0,1.0,0,0,0,-9999.0,0.0,1,P72_CV0,2,0,2,1,1,0,2,0,2
14,68222.41714,-88719.87843,E14_F55_m-1f-1_P73_Y-1_U208,-9999,-9999,FXX,8,0.0,1,0,1.0,0,0,0,-9999.0,0.5,1,P72_CV0,2,1,1,2,0,0,2,0,2
14,68222.41714,-88719.87843,E14_F15_m-1f-1_P73_Y-1_U220,-9999,-9999,FXX,9,0.0,1,0,1.0,0,0,0,-9999.0,1.0,1,P72_CV0,2,2,0,1,1,0,2,0,2
14,68222.41714,-88719.87843,E14_F73_m-1f-1_P73_Y-1_U152,-9999,-9999,FXX,9,0.0,1,0,1.0,0,0,0,-9999.0,0.0,1,P72_CV0,2,0,2,2,0,0,2,0,2
14,68222.41714,-88719.87843,E14_F73_m-1f-1_P73_Y-1_U101,-9999,-9999,MXY,10,0.0,1,0,0.0,0,0,0,-9999.0,0.5,1,P72_CV0,2,1,1,1,1,0,2,0,2
14,68222.41714,-88719.87843,E14_F55_m-1f-1_P73_Y-1_U99,-9999,-9999,FXX,13,0.0,1,0,1.0,0,0,0,-9999.0,0.5,1,P72_CV0,2,1,1,1,1,0,2,0,2
14,68222.41714,-88719.87843,E14_F55_m-1f-1_P73_Y-1_U176,-9999,-9999,MXY,13,0.0,1,0,0.0,0,0,0,-9999.0,0.0,1,P72_CV0,2,0,2,1,1,0,2,0,2
14,68222.41714,-88719.87843,E14_F15_m-1f-1_P73_Y-1_U136,-9999,-9999,MXY,14,0.0,1,0,0.0,0,0,0,-9999.0,0.0,1,P72_CV0,2,0,2,0,2,0,2,0,2
14,68222.41714,-88719.87843,E14_F15_m11f11_P89_Y6_UO687,I11_F48_m-1f-1_P11_Y-1_U244,I11_F49_m85f85_P36_Y2_UO3982,FXX,1,0.0,1,1,1.0,0,0,0,-9999.0,0.375,1,P84_CV0,2,1,1,0,2,0,2,0,2
14,68222.41714,-88719.87843,E14_F43_m63f63_P48_Y6_UO3047,I63_F8_m25f25_P69_Y2_UO1326,I63_F68_m85f85_P8_Y3_UO3920,FXX,1,0.0,1,1,1.0,0,0,0,-9999.0,0.5625,1,P84_CV0,2,1,1,1,1,0,2,0,2
14,68222.41714,-88719.87843,E14_F43_m-1f-1_P85_Y-1_U49,-9999,-9999,MXY,10,0.0,1,0,0.0,0,0,0,-9999.0,1.0,1,P84_CV0,2,2,0,0,2,0,2,0,2
14,68222.41714,-88719.87843,E14_F60_m60f60_P75_Y6_UO2800,I60_F75_m87f87_P51_Y4_UO4012,I60_F75_m-1f-1_P60_Y-1_U175,FXX,1,0.0,1,1,1.0,0,0,0,-9999.0,0.65625,1,P86_CV0,2,2,0,0,2,0,2,0,2
14,68222.41714,-88719.87843,E14_F15_m100f100_P49_Y6_UO4645,I100_F49_m43f43_P48_Y0_UO2131,ID100_F48_m63f63_P68_Y4_UO3050,FXX,1,0.0,1,1,1.0,0,0,0,-9999.0,0.375,1,P89_CV0,2,0,2,1,1,0,2,0,2
14,68222.41714,-88719.87843,Age0_F14_m15f15_P14_Y7_UO865,I15_F89_m-1f-1_P73_Y-1_U189,ID15_F89_m55f55_P49_Y4_UO2494,FXX,0,0.0,0,0,0.0,0,0,0,0.0,0.3125,1,P99_CV0,2,0,2,2,0,0,2,0,2
14,68222.41714,-88719.87843,Age0_F14_m43f43_P14_Y7_UO2110,I43_F49_m31f31_P48_Y5_UO1461,I43_F48_m-1f-1_P100_Y-1_U197,MXY,0,0.0,0,0,0.0,0,0,0,0.0,0.4375,1,P99_CV0,2,1,1,1,1,0,2,0,2
14,68222.41714,-88719.87843,Age0_F14_m43f43_P14_Y7_UO2161,ID43_F48_m73f73_P41_Y0_UO3599,I43_F49_m100f100_P49_Y3_UO4599,FXX,0,0.0,0,0,0.0,0,0,0,0.0,0.375,1,P99_CV0,2,2,0,1,1,0,2,0,2
14,68222.41714,-88719.87843,Age0_F14_m43f43_P14_Y7_UO2173,ID43_F49_m-1f-1_P100_Y-1_U149,I43_F41_m73f73_P89_Y4_UO3306,MXY,0,0.0,0,0,0.0,0,0,0,0.0,0.5625,1,P99_CV0,2,2,0,0,2,0,2,0,2
14,68222.41714,-88719.87843,Age0_F14_m55f55_P14_Y7_UO2624,ID55_F49_m-1f-1_P100_Y-1_U35,I55_F89_m73f73_P89_Y5_UO3367,FXX,0,0.0,0,0,0.0,0,0,0,0.0,0.375,1,P99_CV0,2,0,2,0,2,0,2,0,2
14,68222.41714,-88719.87843,E14_F43_m100f100_P48_Y6_UO4630,I100_F49_m43f43_P49_Y2_UO2068,I100_F48_m100f100_P49_Y1_UO4388,FXX,1,0.0,1,1,1.0,0,0,0,-9999.0,0.6875,1,P99_CV0,2,2,0,2,0,0,2,0,2
14,68222.41714,-88719.87843,E14_F55_m43f43_P89_Y6_UO2180,I43_F49_m-1f-1_P43_Y-1_U8,ID43_F89_m100f100_P49_Y1_UO4380,MXY,1,0.0,1,1,0.0,0,0,0,-9999.0,0.75,1,P99_CV0,2,1,1,1,1,0,2,0,2
14,68222.41714,-88719.87843,E14_F55_m73f73_P89_Y6_UO3328,I73_F89_m73f73_P89_Y4_UO3351,I73_F89_m-1f-1_P73_Y-1_U179,FXX,1,0.0,1,1,1.0,0,0,0,-9999.0,0.5625,1,P99_CV0,2,2,0,2,0,0,2,0,2
14,68222.41714,-88719.87843,E14_F55_m73f73_P89_Y6_UO3409,I73_F41_m-1f-1_P43_Y-1_U187,ID73_F14_m100f100_P48_Y0_UO4909,MXY,1,0.0,1,1,0.0,0,0,0,-9999.0,0.375,1,P99_CV0,2,1,1,1,1,0,2,0,2
14,68222.41714,-88719.87843,E14_F43_m31f31_P48_Y5_UO1461,ID31_F69_m25f25_P69_Y3_UO1307,I31_F8_m31f31_P8_Y0_UO1640,FXX,2,0.0,1,0,1.0,0,0,0,-9999.0,0.375,1,P99_CV0,2,2,0,2,0,0,2,0,2
14,68222.41714,-88719.87843,E14_F43_m100f100_P49_Y2_UO4614,ID100_F49_m-1f-1_P100_Y-1_U113,ID100_F75_m-1f-1_P60_Y-1_U109,MXY,5,0.0,1,0,0.0,0,0,0,-9999.0,0.5,1,P99_CV0,2,0,2,0,2,0,2,0,2
14,68222.41714,-88719.87843,E14_F15_m43f43_P41_Y1_UO1941,I43_F49_m-1f-1_P43_Y-1_U143,ID43_F48_m-1f-1_P100_Y-1_U117,FXX,6,0.0,1,0,1.0,0,0,0,-9999.0,0.75,1,P99_CV0,2,1,1,1,1,0,2,0,2
14,68222.41714,-88719.87843,E14_F55_m-1f-1_P100_Y-1_U35,-9999,-9999,FXX,8,0.0,1,0,1.0,0,0,0,-9999.0,0.5,1,P99_CV0,2,1,1,1,1,0,2,0,2
14,68222.41714,-88719.87843,E14_F43_m-1f-1_P100_Y-1_U149,-9999,-9999,FXX,11,0.0,1,0,1.0,0,0,0,-9999.0,0.5,1,P99_CV0,2,1,1,1,1,0,2,0,2
18,30334.53548,667284.8501,Age0_F18_m1f1_P18_Y7_UO65,I1_F33_m1f1_P10_Y3_UO64,ID1_F10_m1f1_P10_Y1_UO39,FXX,0,0.0,0,0,0.0,0,0,0,0.0,0.25,1,P0_CV0,2,0,2,2,0,0,2,0,2
18,30334.53548,667284.8501,Age0_F18_m9f9_P18_Y7_UO536,I9_F33_m9f9_P10_Y5_UO589,I9_F18_m9f9_P33_Y3_UO560,FXX,0,0.0,0,0,0.0,0,0,0,0.0,0.53125,1,P0_CV0,2,0,2,2,0,0,2,0,2
18,30334.53548,667284.8501,Age0_F18_m9f9_P18_Y7_UO541,ID9_F10_m1f1_P33_Y5_UO30,I9_F33_m1f1_P10_Y1_UO0,MXY,0,0.0,0,0,0.0,0,0,0,0.0,0.4375,1,P0_CV0,2,1,1,2,0,0,2,0,2
18,30334.53548,667284.8501,Age0_F18_m9f9_P18_Y7_UO577,I9_F10_m9f9_P33_Y4_UO574,I9_F10_m9f9_P33_Y5_UO648,FXX,0,0.0,0,0,0.0,0,0,0,0.0,0.5625,1,P0_CV0,2,0,2,0,2,0,2,0,2
18,30334.53548,667284.8501,E18_F9_m77f77_P10_Y6_UO3445,I77_F33_m77f77_P82_Y3_UO3408,I77_F67_m1f1_P33_Y2_UO18,MXY,1,0.0,1,1,0.0,0,0,0,-9999.0,0.4375,1,P0_CV0,2,2,0,2,0,0,2,0,2
18,30334.53548,667284.8501,E18_F9_m9f9_P18_Y6_UO606,I9_F33_m1f1_P33_Y1_UO89,I9_F10_m1f1_P44_Y4_UO37,FXX,1,0.0,1,1,1.0,0,0,0,-9999.0,0.5625,1,P0_CV0,2,2,0,1,1,0,2,0,2
18,30334.53548,667284.8501,E18_F77_m4f4_P82_Y6_UO239,ID4_F82_m77f77_P82_Y3_UO3383,I4_F82_m-1f-1_P4_Y-1_U20,FXX,1,0.0,1,1,1.0,0,0,0,-9999.0,0.125,1,P0_CV0,2,0,2,1,1,0,2,0,2
18,30334.53548,667284.8501,E18_F9_m1f1_P33_Y5_UO30,ID1_F10_m9f9_P33_Y3_UO573,I1_F33_m-1f-1_P1_Y-1_U23,FXX,2,0.0,1,0,1.0,0,0,0,-9999.0,0.375,1,P0_CV0,2,1,1,2,0,0,2,0,2
18,30334.53548,667284.8501,E18_F77_m77f77_P33_Y5_UO3388,I77_F82_m9f9_P33_Y3_UO583,I77_F82_m-1f-1_P77_Y-1_U93,MXY,2,0.0,1,0,0.0,0,0,0,-9999.0,0.625,1,P0_CV0,2,2,0,1,1,0,2,0,2
18,30334.53548,667284.8501,E18_F9_m9f9_P33_Y4_UO574,I9_F33_m9f9_P33_Y0_UO568,ID9_F33_m-1f-1_P1_Y-1_U169,FXX,3,0.0,1,0,1.0,0,0,0,-9999.0,0.625,1,P0_CV0,2,1,1,0,2,0,2,0,2
18,30334.53548,667284.8501,E18_F9_m9f9_P33_Y3_UO502,I9_F33_m77f77_P10_Y1_UO3239,I9_F18_m1f1_P44_Y1_UO66,MXY,4,0.0,1,0,0.0,0,0,0,-9999.0,0.75,1,P0_CV0,2,1,1,2,0,0,2,0,2
18,30334.53548,667284.8501,E18_F9_m1f1_P33_Y2_UO49,I1_F33_m-1f-1_P77_Y-1_U171,I1_F10_m-1f-1_P1_Y-1_U206,FXX,5,0.0,1,0,1.0,0,0,0,-9999.0,0.5,1,P0_CV0,2,0,2,2,0,0,2,0,2
18,30334.53548,667284.8501,E18_F9_m-1f-1_P1_Y-1_U22,-9999,-9999,MXY,14,0.0,1,0,0.0,0,0,0,-9999.0,1.0,1,P0_CV0,2,2,0,1,1,0,2,0,2
18,30334.53548,667284.8501,Age0_F18_m9f9_P18_Y7_UO542,ID9_F10_m77f77_P10_Y5_UO3411,ID9_F10_m9f9_P44_Y5_UO612,FXX,0,0.0,0,0,0.0,0,0,0,0.0,0.71875,1,P3_CV0,2,2,0,1,1,0,2,0,2
18,30334.53548,667284.8501,Age0_F18_m9f9_P18_Y7_UO599,I9_F44_m1f1_P33_Y2_UO49,I9_F10_m4f4_P10_Y1_UO174,MXY,0,0.0,0,0,0.0,0,0,0,0.0,0.5,1,P3_CV0,2,0,2,2,0,0,2,0,2
18,30334.53548,667284.8501,E18_F9_m77f77_P10_Y5_UO3411,ID77_F33_m4f4_P82_Y0_UO290,I77_F10_m9f9_P33_Y1_UO514,FXX,2,0.0,1,0,1.0,0,0,0,-9999.0,0.625,1,P3_CV0,2,1,1,1,1,0,2,0,2
18,30334.53548,667284.8501,E18_F77_m4f4_P82_Y2_UO250,I4_F82_m-1f-1_P4_Y-1_U154,I4_F82_m-1f-1_P4_Y-1_U53,FXX,5,0.0,1,0,1.0,0,0,0,-9999.0,0.75,1,P3_CV0,2,2,0,0,2,0,2,0,2
18,30334.53548,667284.8501,Age0_F18_m77f77_P18_Y7_UO3440,ID77_F10_m4f4_P82_Y2_UO250,I77_F10_m77f77_P10_Y4_UO3373,FXX,0,0.0,0,0,0.0,0,0,0,0.0,0.75,1,P76_CV0,2,1,1,0,2,0,2,0,2
18,30334.53548,667284.8501,Age0_F18_m77f77_P18_Y7_UO3441,I77_F82_m9f9_P33_Y2_UO519,I77_F10_m77f77_P10_Y1_UO3263,MXY,0,0.0,0,0,0.0,0,0,0,0.0,0.4375,1,P76_CV0,2,1,1,1,1,0,2,0,2
18,30334.53548,667284.8501,E18_F9_m1f1_P33_Y6_UO59,I1_F44_m77f77_P33_Y2_UO3387,ID1_F44_m9f9_P33_Y4_UO539,MXY,1,0.0,1,1,0.0,0,0,0,-9999.0,0.5,1,P76_CV0,2,1,1,2,0,0,2,0,2
18,30334.53548,667284.8501,E18_F9_m9f9_P33_Y6_UO635,ID9_F10_m-1f-1_P9_Y-1_U219,I9_F33_m77f77_P10_Y3_UO3390,FXX,1,0.0,1,1,1.0,0,0,0,-9999.0,0.375,1,P76_CV0,2,1,1,1,1,0,2,0,2
18,30334.53548,667284.8501,E18_F9_m77f77_P18_Y5_UO3439,I77_F10_m-1f-1_P77_Y-1_U27,ID77_F82_m1f1_P10_Y3_UO69,MXY,2,0.0,1,0,0.0,0,0,0,-9999.0,0.625,1,P76_CV0,2,2,0,1,1,0,2,0,2
18,30334.53548,667284.8501,E18_F9_m9f9_P33_Y4_UO588,I9_F10_m-1f-1_P9_Y-1_U25,ID9_F33_m77f77_P33_Y1_UO3207,MXY,3,0.0,1,0,0.0,0,0,0,-9999.0,0.75,1,P76_CV0,2,2,0,1,1,0,2,0,2
18,30334.53548,667284.8501,E18_F1_m1f1_P10_Y3_UO64,I1_F33_m-1f-1_P77_Y-1_U25,ID1_F33_m-1f-1_P1_Y-1_U215,FXX,4,0.0,1,0,1.0,0,0,0,-9999.0,0.25,1,P76_CV0,2,0,2,2,0,0,2,0,2
18,30334.53548,667284.8501,E18_F9_m77f77_P10_Y2_UO3438,ID77_F10_m-1f-1_P77_Y-1_U109,I77_F33_m-1f-1_P77_Y-1_U134,MXY,5,0.0,1,0,0.0,0,0,0,-9999.0,0.5,1,P76_CV0,2,1,1,1,1,0,2,0,2
18,30334.53548,667284.8501,Age0_F18_m9f9_P18_Y7_UO581,ID9_F10_m9f9_P44_Y4_UO561,ID9_F33_m1f1_P44_Y4_UO62,MXY,0,0.0,0,0,0.0,0,0,0,0.0,0.4375,1,P8_CV0,2,1,1,1,1,0,2,0,2
18,30334.53548,667284.8501,Age0_F18_m9f9_P18_Y7_UO633,ID9_F44_m-1f-1_P9_Y-1_U190,I9_F33_m-1f-1_P77_Y-1_U178,MXY,0,0.0,0,0,0.0,0,0,0,0.0,0.75,1,P8_CV0,2,2,0,1,1,0,2,0,2
18,30334.53548,667284.8501,E18_F9_m9f9_P10_Y5_UO589,ID9_F10_m9f9_P10_Y2_UO500,I9_F10_m77f77_P10_Y2_UO3378,FXX,2,0.0,1,0,1.0,0,0,0,-9999.0,0.6875,1,P8_CV0,2,0,2,2,0,0,2,0,2
18,30334.53548,667284.8501,E18_F9_m9f9_P10_Y4_UO614,I9_F44_m-1f-1_P9_Y-1_U110,ID9_F10_m-1f-1_P77_Y-1_U178,MXY,3,0.0,1,0,0.0,0,0,0,-9999.0,0.25,1,P8_CV0,2,1,1,1,1,0,2,0,2
18,30334.53548,667284.8501,E18_F9_m9f9_P44_Y4_UO561,ID9_F33_m9f9_P33_Y0_UO540,I9_F10_m-1f-1_P9_Y-1_U134,FXX,3,0.0,1,0,1.0,0,0,0,-9999.0,0.375,1,P8_CV0,2,1,1,1,1,0,2,0,2
18,30334.53548,667284.8501,E18_F1_m9f9_P33_Y3_UO556,ID9_F33_m-1f-1_P9_Y-1_U130,I9_F33_m-1f-1_P9_Y-1_U119,MXY,4,0.0,1,0,0.0,0,0,0,-9999.0,0.75,1,P8_CV0,2,1,1,2,0,0,2,0,2
18,30334.53548,667284.8501,E18_F9_m9f9_P33_Y3_UO535,I9_F10_m9f9_P33_Y0_UO540,I9_F10_m1f1_P33_Y1_UO28,MXY,4,0.0,1,0,0.0,0,0,0,-9999.0,0.625,1,P8_CV0,2,2,0,1,1,0,2,0,2
18,30334.53548,667284.8501,E18_F77_m9f9_P33_Y2_UO519,I9_F82_m9f9_P33_Y0_UO508,I9_F44_m-1f-1_P9_Y-1_U16,FXX,5,0.0,1,0,1.0,0,0,0,-9999.0,0.625,1,P8_CV0,2,2,0,1,1,0,2,0,2
18,30334.53548,667284.8501,E18_F9_m9f9_P33_Y1_UO451,I9_F18_m-1f-1_P9_Y-1_U11,ID9_F33_m-1f-1_P1_Y-1_U55,MXY,6,0.0,1,0,0.0,0,0,0,-9999.0,0.0,1,P8_CV0,2,0,2,2,0,0,2,0,2
18,30334.53548,667284.8501,E18_F9_m-1f-1_P9_Y-1_U190,-9999,-9999,FXX,12,0.0,1,0,1.0,0,0,0,-9999.0,1.0,1,P8_CV0,2,2,0,1,1,0,2,0,2
19,-449394.4292,-121093.3935,E19_F39_m60f60_P19_Y6_UO2845,ID60_F19_m-1f-1_P39_Y-1_U169,I60_F75_m39f39_P75_Y4_UO1866,FXX,1,0.0,1,1,1.0,0,0,0,-9999.0,0.5,1,P11_CV0,2,1,1,1,1,0,2,0,2
19,-449394.4292,-121093.3935,E19_F39_m39f39_P51_Y6_UO1881,I39_F93_m39f39_P19_Y1_UO1676,I39_F19_m39f39_P75_Y4_UO1800,FXX,1,0.0,1,1,1.0,0,0,0,-9999.0,0.71875,1,P11_CV0,2,1,1,2,0,0,2,0,2
19,-449394.4292,-121093.3935,E19_F39_m46f46_P93_Y5_UO2301,ID46_F52_m-1f-1_P12_Y-1_U79,ID46_F86_m90f90_P86_Y3_UO4176,FXX,2,0.0,1,0,1.0,0,0,0,-9999.0,0.4375,1,P11_CV0,2,0,2,0,2,0,2,0,2
19,-449394.4292,-121093.3935,E19_F39_m39f39_P75_Y4_UO1800,ID39_F19_m39f39_P75_Y2_UO1806,I39_F51_m46f46_P19_Y2_UO2214,MXY,3,0.0,1,0,0.0,0,0,0,-9999.0,0.6875,1,P11_CV0,2,1,1,2,0,0,2,0,2
19,-449394.4292,-121093.3935,E19_F39_m39f39_P75_Y1_UO1666,I39_F19_m-1f-1_P39_Y-1_U18,ID39_F52_m-1f-1_P12_Y-1_U205,MXY,6,0.0,1,0,0.0,0,0,0,-9999.0,0.75,1,P11_CV0,2,1,1,0,2,0,2,0,2
19,-449394.4292,-121093.3935,E19_F39_m60f60_P75_Y5_UO2804,I60_F19_m60f60_P75_Y2_UO2841,I60_F19_m60f60_P75_Y2_UO2820,MXY,2,0.0,1,0,0.0,0,0,0,-9999.0,0.375,1,P14_CV0,2,1,1,2,0,0,2,0,2
19,-449394.4292,-121093.3935,E19_F39_m46f46_P93_Y6_UO2337,I46_F93_m23f23_P52_Y0_UO1315,I46_F52_m-1f-1_P46_Y-1_U76,FXX,1,0.0,1,1,1.0,0,0,0,-9999.0,0.625,1,P22_CV0,2,2,0,2,0,0,2,0,2
19,-449394.4292,-121093.3935,Age0_F19_m30f30_P19_Y7_UO1441,I30_F13_m30f30_P13_Y0_UO1429,ID30_F74_m37f37_P38_Y0_UO1833,MXY,0,0.0,0,0,0.0,0,0,0,0.0,0.75,1,P29_CV0,2,1,1,1,1,0,2,0,2
19,-449394.4292,-121093.3935,Age0_F19_m39f39_P19_Y7_UO1849,ID39_F19_m12f12_P93_Y4_UO752,I39_F19_m30f30_P13_Y2_UO1454,MXY,0,0.0,0,0,0.0,0,0,0,0.0,0.3125,1,P29_CV0,2,2,0,1,1,0,2,0,2
19,-449394.4292,-121093.3935,E19_F37_m90f90_P35_Y6_UO4266,I90_F35_m46f46_P52_Y3_UO2236,ID90_F6_m40f40_P57_Y4_UO1921,MXY,1,0.0,1,1,0.0,0,0,0,-9999.0,0.625,1,P29_CV0,2,2,0,2,0,0,2,0,2
19,-449394.4292,-121093.3935,E19_F39_m37f37_P93_Y5_UO1761,I37_F13_m78f78_P93_Y0_UO3767,I37_F74_m30f30_P13_Y1_UO1349,MXY,2,0.0,1,0,0.0,0,0,0,-9999.0,0.75,1,P29_CV0,2,2,0,2,0,0,2,0,2
19,-449394.4292,-121093.3935,E19_F39_m30f30_P13_Y2_UO1454,I30_F52_m-1f-1_P30_Y-1_U172,I30_F38_m-1f-1_P30_Y-1_U134,MXY,5,0.0,1,0,0.0,0,0,0,-9999.0,0.25,1,P29_CV0,2,1,1,0,2,0,2,0,2
19,-449394.4292,-121093.3935,E19_F30_m30f30_P13_Y0_UO1429,R30_F30_m-1f-1_P30_Y-1_U29,R30_F30_m-1f-1_P30_Y-1_U19,FXX,7,0.0,1,0,1.0,0,0,0,-9999.0,0.5,1,P29_CV0,2,1,1,1,1,0,2,0,2
19,-449394.4292,-121093.3935,Age0_F19_m78f78_P19_Y7_UO3550,I78_F93_m-1f-1_P34_Y-1_U168,ID78_F93_m34f34_P54_Y2_UO1581,FXX,0,0.0,0,0,0.0,0,0,0,0.0,0.75,1,P33_CV0,2,1,1,1,1,0,2,0,2
19,-449394.4292,-121093.3935,E19_F78_m-1f-1_P34_Y-1_U168,-9999,-9999,FXX,16,0.0,1,0,1.0,0,0,1,-9999.0,1.0,1,P33_CV0,2,2,0,1,1,0,2,0,2
19,-449394.4292,-121093.3935,E19_F30_m30f30_P38_Y6_UO1400,ID30_F74_m78f78_P29_Y3_UO3461,I30_F38_m-1f-1_P46_Y-1_U51,FXX,1,0.0,1,1,1.0,0,0,0,-9999.0,0.625,1,P36_CV0,2,2,0,0,2,0,2,0,2
19,-449394.4292,-121093.3935,Age0_F19_m39f39_P19_Y7_UO1808,I39_F19_m39f39_P19_Y5_UO1831,I39_F19_m87f87_P51_Y5_UO4071,MXY,0,0.0,0,0,0.0,0,0,0,0.0,0.40625,1,P38_CV0,2,1,1,1,1,0,2,0,2
19,-449394.4292,-121093.3935,Age0_F19_m39f39_P19_Y7_UO1811,ID39_F19_m46f46_P19_Y5_UO2263,ID39_F51_m39f39_P19_Y2_UO1778,FXX,0,0.0,0,0,0.0,0,0,0,0.0,0.375,1,P38_CV0,2,1,1,0,2,0,2,0,2
19,-449394.4292,-121093.3935,Age0_F19_m39f39_P19_Y7_UO1819,ID39_F19_m46f46_P93_Y5_UO2301,I39_F19_m-1f-1_P39_Y-1_U136,FXX,0,0.0,0,0,0.0,0,0,0,0.0,0.46875,1,P38_CV0,2,0,2,0,2,0,2,0,2
19,-449394.4292,-121093.3935,Age0_F19_m39f39_P19_Y7_UO1822,I39_F75_m39f39_P19_Y5_UO1804,I39_F75_m39f39_P19_Y5_UO1832,MXY,0,0.0,0,0,0.0,0,0,0,0.0,0.375,1,P38_CV0,2,1,1,1,1,0,2,0,2
19,-449394.4292,-121093.3935,Age0_F19_m39f39_P19_Y7_UO1829,ID39_F14_m60f60_P75_Y5_UO2786,ID39_F75_m87f87_P51_Y3_UO4040,FXX,0,0.0,0,0,0.0,0,0,0,0.0,0.4375,1,P38_CV0,2,0,2,0,2,0,2,0,2
19,-449394.4292,-121093.3935,Age0_F19_m39f39_P19_Y7_UO1843,I39_F19_m60f60_P75_Y4_UO2838,I39_F19_m39f39_P19_Y3_UO1820,FXX,0,0.0,0,0,0.0,0,0,0,0.0,0.625,1,P38_CV0,2,0,2,0,2,0,2,0,2
19,-449394.4292,-121093.3935,Age0_F19_m39f39_P19_Y7_UO1851,I39_F19_m60f60_P19_Y3_UO2833,I39_F19_m37f37_P93_Y5_UO1693,FXX,0,0.0,0,0,0.0,0,0,0,0.0,0.46875,1,P38_CV0,2,1,1,2,0,0,2,0,2
19,-449394.4292,-121093.3935,Age0_F19_m39f39_P19_Y7_UO1860,I39_F19_m39f39_P19_Y3_UO1870,I39_F51_m60f60_P75_Y5_UO2807,MXY,0,0.0,0,0,0.0,0,0,0,0.0,0.375,1,P38_CV0,2,2,0,1,1,0,2,0,2
19,-449394.4292,-121093.3935,Age0_F19_m39f39_P19_Y7_UO1866,I39_F75_m60f60_P75_Y2_UO2803,I39_F51_m-1f-1_P39_Y-1_U227,FXX,0,0.0,0,0,0.0,0,0,0,0.0,0.9375,1,P38_CV0,2,2,0,2,0,0,2,0,2
19,-449394.4292,-121093.3935,Age0_F19_m39f39_P19_Y7_UO1874,ID39_F51_m39f39_P19_Y1_UO1676,I39_F19_m-1f-1_P39_Y-1_U160,MXY,0,0.0,0,0,0.0,0,0,0,0.0,0.625,1,P38_CV0,2,0,2,1,1,0,2,0,2
19,-449394.4292,-121093.3935,Age0_F19_m39f39_P19_Y7_UO1877,I39_F19_m39f39_P75_Y0_UO1884,ID39_F19_m39f39_P75_Y3_UO1868,FXX,0,0.0,0,0,0.0,0,0,0,0.0,0.4375,1,P38_CV0,2,2,0,0,2,0,2,0,2
19,-449394.4292,-121093.3935,Age0_F19_m39f39_P19_Y7_UO1880,ID39_F19_m39f39_P19_Y0_UO1906,ID39_F93_m39f39_P19_Y4_UO1872,MXY,0,0.0,0,0,0.0,0,0,0,0.0,0.3125,1,P38_CV0,2,1,1,2,0,0,2,0,2
19,-449394.4292,-121093.3935,Age0_F19_m39f39_P19_Y7_UO1884,I39_F75_m-1f-1_P39_Y-1_U95,I39_F75_m87f87_P51_Y5_UO4085,FXX,0,0.0,0,0,0.0,0,0,0,0.0,0.375,1,P38_CV0,2,1,1,0,2,0,2,0,2
19,-449394.4292,-121093.3935,Age0_F19_m46f46_P19_Y7_UO2334,ID46_F52_m46f46_P52_Y0_UO2392,I46_F52_m46f46_P52_Y2_UO2294,MXY,0,0.0,0,0,0.0,0,0,0,0.0,0.625,1,P38_CV0,2,2,0,1,1,0,2,0,2
19,-449394.4292,-121093.3935,Age0_F19_m60f60_P19_Y7_UO2819,I60_F75_m39f39_P75_Y2_UO1777,I60_F75_m60f60_P75_Y3_UO2818,FXX,0,0.0,0,0,0.0,0,0,0,0.0,0.625,1,P38_CV0,2,1,1,2,0,0,2,0,2
19,-449394.4292,-121093.3935,Age0_F19_m60f60_P19_Y7_UO2832,ID60_F75_m-1f-1_P60_Y-1_U219,I60_F19_m39f39_P19_Y2_UO1804,FXX,0,0.0,0,0,0.0,0,0,0,0.0,0.125,1,P38_CV0,2,0,2,2,0,0,2,0,2
19,-449394.4292,-121093.3935,Age0_F19_m60f60_P19_Y7_UO2843,I60_F75_m-1f-1_P39_Y-1_U20,ID60_F75_m-1f-1_P60_Y-1_U240,MXY,0,0.0,0,0,0.0,0,0,0,0.0,0.5,1,P38_CV0,2,1,1,0,2,0,2,0,2
19,-449394.4292,-121093.3935,E19_F39_m39f39_P19_Y6_UO1853,I39_F19_m46f46_P19_Y3_UO2233,I39_F19_m39f39_P51_Y3_UO1860,FXX,1,0.0,1,1,1.0,0,0,0,-9999.0,0.625,1,P38_CV0,2,0,2,2,0,0,2,0,2
19,-449394.4292,-121093.3935,E19_F39_m39f39_P19_Y6_UO1862,I39_F19_m39f39_P19_Y3_UO1870,ID39_F19_m39f39_P19_Y1_UO1659,FXX,1,0.0,1,1,1.0,0,0,0,-9999.0,0.5,1,P38_CV0,2,1,1,2,0,0,2,0,2
19,-449394.4292,-121093.3935,E19_F39_m39f39_P19_Y6_UO1882,ID39_F19_m39f39_P51_Y1_UO1637,I39_F19_m60f60_P75_Y4_UO2781,MXY,1,0.0,1,1,0.0,0,0,0,-9999.0,0.5625,1,P38_CV0,2,2,0,0,2,0,2,0,2
19,-449394.4292,-121093.3935,E19_F39_m39f39_P19_Y6_UO1907,I39_F75_m-1f-1_P60_Y-1_U56,I39_F51_m39f39_P19_Y4_UO1862,FXX,1,0.0,1,1,1.0,0,0,0,-9999.0,0.5625,1,P38_CV0,2,2,0,2,0,0,2,0,2
19,-449394.4292,-121093.3935,E19_F39_m39f39_P19_Y6_UO1914,I39_F51_m-1f-1_P39_Y-1_U180,I39_F19_m60f60_P75_Y2_UO2846,FXX,1,0.0,1,1,1.0,0,0,0,-9999.0,0.5,1,P38_CV0,2,0,2,2,0,0,2,0,2
19,-449394.4292,-121093.3935,E19_F39_m60f60_P19_Y6_UO2798,I60_F75_m39f39_P75_Y4_UO1860,I60_F75_m39f39_P75_Y2_UO1775,MXY,1,0.0,1,1,0.0,0,0,0,-9999.0,0.625,1,P38_CV0,2,1,1,1,1,0,2,0,2
19,-449394.4292,-121093.3935,E19_F39_m39f39_P51_Y6_UO1844,I39_F51_m39f39_P75_Y4_UO1818,I39_F93_m39f39_P75_Y0_UO1907,FXX,1,0.0,1,1,1.0,0,0,0,-9999.0,0.625,1,P38_CV0,2,1,1,1,1,0,2,0,2
19,-449394.4292,-121093.3935,E19_F39_m39f39_P51_Y6_UO1905,I39_F19_m-1f-1_P39_Y-1_U153,I39_F51_m39f39_P19_Y4_UO1807,MXY,1,0.0,1,1,0.0,0,0,0,-9999.0,0.625,1,P38_CV0,2,1,1,1,1,0,2,0,2
19,-449394.4292,-121093.3935,E19_F39_m39f39_P75_Y6_UO1828,I39_F19_m60f60_P75_Y4_UO2835,I39_F19_m-1f-1_P39_Y-1_U160,FXX,1,0.0,1,1,1.0,0,0,0,-9999.0,0.6875,1,P38_CV0,2,2,0,1,1,0,2,0,2
19,-449394.4292,-121093.3935,E19_F39_m39f39_P75_Y6_UO1848,I39_F75_m60f60_P75_Y4_UO2784,I39_F51_m-1f-1_P39_Y-1_U205,MXY,1,0.0,1,1,0.0,0,0,0,-9999.0,0.40625,1,P38_CV0,2,1,1,0,2,0,2,0,2
19,-449394.4292,-121093.3935,E19_F39_m39f39_P75_Y6_UO1866,I39_F19_m39f39_P75_Y3_UO1800,I39_F19_m-1f-1_P39_Y-1_U130,MXY,1,0.0,1,1,0.0,0,0,0,-9999.0,0.8125,1,P38_CV0,2,2,0,1,1,0,2,0,2
19,-449394.4292,-121093.3935,E19_F39_m39f39_P75_Y6_UO1899,ID39_F19_m-1f-1_P39_Y-1_U142,ID39_F19_m39f39_P19_Y2_UO1819,MXY,1,0.0,1,1,0.0,0,0,0,-9999.0,0.5,1,P38_CV0,2,1,1,1,1,0,2,0,2
19,-449394.4292,-121093.3935,E19_F39_m39f39_P75_Y6_UO1901,I39_F19_m-1f-1_P39_Y-1_U95,I39_F19_m-1f-1_P39_Y-1_U130,MXY,1,0.0,1,1,0.0,0,0,0,-9999.0,0.5,1,P38_CV0,2,1,1,2,0,0,2,0,2
19,-449394.4292,-121093.3935,E19_F39_m60f60_P75_Y6_UO2796,I60_F75_m43f43_P48_Y4_UO2062,I60_F19_m-1f-1_P39_Y-1_U163,FXX,1,0.0,1,1,1.0,0,0,0,-9999.0,0.6875,1,P38_CV0,2,2,0,0,2,0,2,0,2
19,-449394.4292,-121093.3935,E19_F39_m60f60_P75_Y6_UO2804,I60_F75_m39f39_P19_Y4_UO1833,I60_F75_m39f39_P75_Y2_UO1775,MXY,1,0.0,1,1,0.0,0,0,0,-9999.0,0.8125,1,P38_CV0,2,2,0,0,2,0,2,0,2
19,-449394.4292,-121093.3935,E19_F39_m60f60_P75_Y6_UO2810,I60_F49_m60f60_P75_Y3_UO2791,ID60_F75_m-1f-1_P60_Y-1_U242,FXX,1,0.0,1,1,1.0,0,0,0,-9999.0,0.25,1,P38_CV0,2,0,2,1,1,0,2,0,2
19,-449394.4292,-121093.3935,E19_F60_m60f60_P75_Y6_UO2859,I60_F51_m-1f-1_P39_Y-1_U133,I60_F75_m60f60_P75_Y1_UO2720,FXX,1,0.0,1,1,1.0,0,0,1,-9999.0,0.75,1,P38_CV0,2,1,1,1,1,0,2,0,2
19,-449394.4292,-121093.3935,E19_F78_m78f78_P29_Y6_UO3517,I78_F29_m30f30_P13_Y3_UO1420,I78_F54_m39f39_P13_Y4_UO1854,FXX,1,0.0,1,1,1.0,0,0,0,-9999.0,0.4375,1,P38_CV0,2,1,1,1,1,0,2,0,2
19,-449394.4292,-121093.3935,E19_F39_m39f39_P19_Y5_UO1831,I39_F19_m60f60_P75_Y2_UO2803,ID39_F75_m-1f-1_P39_Y-1_U205,FXX,2,0.0,1,0,1.0,0,0,0,-9999.0,0.6875,1,P38_CV0,2,1,1,0,2,0,2,0,2
19,-449394.4292,-121093.3935,E19_F39_m39f39_P75_Y5_UO1838,I39_F19_m39f39_P51_Y2_UO1786,ID39_F51_m-1f-1_P39_Y-1_U151,MXY,2,0.0,1,0,0.0,0,0,0,-9999.0,0.0625,1,P38_CV0,2,0,2,1,1,0,2,0,2
19,-449394.4292,-121093.3935,E19_F39_m39f39_P19_Y5_UO1846,ID39_F19_m60f60_P75_Y1_UO2738,ID39_F19_m39f39_P19_Y3_UO1816,FXX,2,0.0,1,0,1.0,0,0,0,-9999.0,0.125,1,P38_CV0,2,0,2,1,1,0,2,0,2
19,-449394.4292,-121093.3935,E19_F39_m39f39_P19_Y5_UO1873,ID39_F19_m-1f-1_P39_Y-1_U218,I39_F75_m-1f-1_P60_Y-1_U91,FXX,2,0.0,1,0,1.0,0,0,0,-9999.0,0.5,1,P38_CV0,2,1,1,0,2,0,2,0,2
19,-449394.4292,-121093.3935,E19_F39_m39f39_P19_Y5_UO1802,ID39_F75_m60f60_P19_Y3_UO2833,ID39_F19_m-1f-1_P39_Y-1_U48,MXY,2,0.0,1,0,0.0,0,0,0,-9999.0,0.5,1,P38_CV0,2,2,0,2,0,0,2,0,2
19,-449394.4292,-121093.3935,E19_F39_m39f39_P51_Y5_UO1859,I39_F19_m39f39_P19_Y0_UO1866,I39_F75_m39f39_P75_Y2_UO1818,MXY,2,0.0,1,0,0.0,0,0,0,-9999.0,0.25,1,P38_CV0,2,1,1,0,2,0,2,0,2
19,-449394.4292,-121093.3935,E19_F39_m39f39_P19_Y5_UO1804,ID39_F75_m39f39_P19_Y3_UO1870,ID39_F51_m-1f-1_P39_Y-1_U151,FXX,2,0.0,1,0,1.0,0,0,0,-9999.0,0.125,1,P38_CV0,2,1,1,1,1,0,2,0,2
19,-449394.4292,-121093.3935,E19_F39_m39f39_P19_Y5_UO1883,I39_F19_m-1f-1_P39_Y-1_U241,I39_F51_m39f39_P51_Y1_UO1640,FXX,2,0.0,1,0,1.0,0,0,0,-9999.0,0.375,1,P38_CV0,2,0,2,1,1,0,2,0,2
19,-449394.4292,-121093.3935,E19_F39_m60f60_P75_Y5_UO2786,I60_F48_m60f60_P75_Y3_UO2810,I60_F75_m-1f-1_P60_Y-1_U48,FXX,2,0.0,1,0,1.0,0,0,1,-9999.0,0.375,1,P38_CV0,2,1,1,0,2,0,2,0,2
19,-449394.4292,-121093.3935,E19_F39_m39f39_P19_Y5_UO1851,I39_F19_m39f39_P19_Y1_UO1651,I39_F75_m60f60_P75_Y3_UO2821,MXY,2,0.0,1,0,0.0,0,0,0,-9999.0,0.125,1,P38_CV0,2,0,2,2,0,0,2,0,2
19,-449394.4292,-121093.3935,E19_F60_m60f60_P75_Y5_UO2815,ID60_F51_m39f39_P75_Y1_UO1687,ID60_F48_m100f100_P48_Y1_UO4370,MXY,2,0.0,1,0,0.0,0,0,1,-9999.0,0.625,1,P38_CV0,2,2,0,1,1,0,2,0,2
19,-449394.4292,-121093.3935,E19_F39_m60f60_P75_Y4_UO2775,ID60_F75_m60f60_P75_Y2_UO2844,ID60_F19_m-1f-1_P39_Y-1_U163,MXY,3,0.0,1,0,0.0,0,0,0,-9999.0,0.625,1,P38_CV0,2,1,1,0,2,0,2,0,2
19,-449394.4292,-121093.3935,E19_F39_m39f39_P19_Y4_UO1789,I39_F19_m39f39_P19_Y2_UO1761,I39_F51_m-1f-1_P39_Y-1_U136,MXY,3,0.0,1,0,0.0,0,0,0,-9999.0,0.375,1,P38_CV0,2,0,2,1,1,0,2,0,2
19,-449394.4292,-121093.3935,E19_F39_m39f39_P19_Y4_UO1862,I39_F19_m-1f-1_P39_Y-1_U75,I39_F93_m39f39_P19_Y2_UO1817,MXY,3,0.0,1,0,0.0,0,0,0,-9999.0,0.625,1,P38_CV0,2,2,0,2,0,0,2,0,2
19,-449394.4292,-121093.3935,E19_F39_m60f60_P19_Y3_UO2833,I60_F75_m-1f-1_P60_Y-1_U241,ID60_F19_m39f39_P19_Y1_UO1712,FXX,4,0.0,1,0,1.0,0,0,0,-9999.0,0.5,1,P38_CV0,2,2,0,2,0,0,2,0,2
19,-449394.4292,-121093.3935,E19_F39_m60f60_P75_Y3_UO2821,I60_F75_m-1f-1_P60_Y-1_U1,I60_F75_m-1f-1_P39_Y-1_U139,MXY,4,0.0,1,0,0.0,0,0,0,-9999.0,0.25,1,P38_CV0,2,1,1,2,0,0,2,0,2
19,-449394.4292,-121093.3935,E19_F39_m39f39_P75_Y3_UO1823,I39_F75_m39f39_P19_Y0_UO1916,ID39_F75_m-1f-1_P39_Y-1_U25,MXY,4,0.0,1,0,0.0,0,0,0,-9999.0,0.875,1,P38_CV0,2,2,0,0,2,0,2,0,2
19,-449394.4292,-121093.3935,E19_F39_m39f39_P19_Y3_UO1820,I39_F19_m39f39_P51_Y0_UO1919,ID39_F75_m39f39_P75_Y0_UO1889,MXY,4,0.0,1,0,0.0,0,0,0,-9999.0,0.5,1,P38_CV0,2,1,1,0,2,0,2,0,2
19,-449394.4292,-121093.3935,E19_F39_m39f39_P19_Y3_UO1816,I39_F19_m39f39_P19_Y1_UO1639,I39_F51_m-1f-1_P39_Y-1_U172,MXY,4,0.0,1,0,0.0,0,0,0,-9999.0,0.25,1,P38_CV0,2,0,2,0,2,0,2,0,2
19,-449394.4292,-121093.3935,E19_F39_m60f60_P75_Y3_UO2862,ID60_F75_m-1f-1_P60_Y-1_U187,ID60_F75_m39f39_P51_Y0_UO1835,MXY,4,0.0,1,0,0.0,0,0,0,-9999.0,0.0,1,P38_CV0,2,0,2,2,0,0,2,0,2
19,-449394.4292,-121093.3935,E19_F39_m39f39_P19_Y3_UO1870,ID39_F19_m-1f-1_P39_Y-1_U133,I39_F19_m-1f-1_P39_Y-1_U4,FXX,4,0.0,1,0,1.0,0,0,0,-9999.0,0.25,1,P38_CV0,2,1,1,2,0,0,2,0,2
19,-449394.4292,-121093.3935,E19_F39_m39f39_P51_Y2_UO1809,I39_F19_m-1f-1_P39_Y-1_U24,ID39_F19_m-1f-1_P39_Y-1_U63,MXY,5,0.0,1,0,0.0,0,0,0,-9999.0,0.75,1,P38_CV0,2,2,0,0,2,0,2,0,2
19,-449394.4292,-121093.3935,E19_F39_m39f39_P19_Y2_UO1778,I39_F75_m39f39_P51_Y0_UO1887,I39_F51_m-1f-1_P39_Y-1_U25,MXY,5,0.0,1,0,0.0,0,0,0,-9999.0,0.625,1,P38_CV0,2,2,0,0,2,0,2,0,2
19,-449394.4292,-121093.3935,E19_F39_m60f60_P75_Y2_UO2803,I60_F75_m39f39_P75_Y0_UO1888,I60_F19_m-1f-1_P60_Y-1_U152,FXX,5,0.0,1,0,1.0,0,0,0,-9999.0,0.875,1,P38_CV0,2,2,0,1,1,0,2,0,2
19,-449394.4292,-121093.3935,E19_F60_m39f39_P75_Y2_UO1777,ID39_F51_m39f39_P51_Y0_UO1859,I39_F75_m-1f-1_P39_Y-1_U2,FXX,5,0.0,1,0,1.0,0,0,0,-9999.0,0.75,1,P38_CV0,2,2,0,2,0,0,2,0,2
19,-449394.4292,-121093.3935,E19_F60_m60f60_P75_Y2_UO2804,ID60_F75_m60f60_P75_Y0_UO3069,ID60_F75_m39f39_P19_Y0_UO1869,MXY,5,0.0,1,0,0.0,0,0,1,-9999.0,0.75,1,P38_CV0,2,2,0,1,1,0,2,0,2
19,-449394.4292,-121093.3935,E19_F39_m39f39_P19_Y1_UO1676,I39_F51_m-1f-1_P39_Y-1_U171,I39_F51_m-1f-1_P39_Y-1_U51,FXX,6,0.0,1,0,1.0,0,0,0,-9999.0,0.75,1,P38_CV0,2,1,1,1,1,0,2,0,2
19,-449394.4292,-121093.3935,E19_F39_m39f39_P75_Y0_UO1884,R39_F39_m-1f-1_P39_Y-1_U128,R39_F39_m-1f-1_P39_Y-1_U248,FXX,7,0.0,1,0,1.0,0,0,0,-9999.0,0.25,1,P38_CV0,2,1,1,0,2,0,2,0,2
19,-449394.4292,-121093.3935,E19_F39_m39f39_P19_Y0_UO1851,R39_F39_m-1f-1_P39_Y-1_U46,R39_F39_m-1f-1_P39_Y-1_U226,MXY,7,0.0,1,0,0.0,0,0,0,-9999.0,0.5,1,P38_CV0,2,2,0,1,1,0,2,0,2
19,-449394.4292,-121093.3935,E19_F39_m39f39_P19_Y0_UO1906,R39_F39_m-1f-1_P39_Y-1_U189,R39_F39_m-1f-1_P39_Y-1_U74,FXX,7,0.0,1,0,1.0,0,0,0,-9999.0,0.25,1,P38_CV0,2,0,2,1,1,0,2,0,2
19,-449394.4292,-121093.3935,E19_F39_m39f39_P19_Y0_UO1927,R39_F39_m-1f-1_P39_Y-1_U243,R39_F39_m-1f-1_P39_Y-1_U163,MXY,7,0.0,1,0,0.0,0,0,0,-9999.0,0.75,1,P38_CV0,2,2,0,0,2,0,2,0,2
19,-449394.4292,-121093.3935,E19_F39_m-1f-1_P39_Y-1_U235,-9999,-9999,MXY,8,0.0,1,0,0.0,0,0,0,-9999.0,0.5,1,P38_CV0,2,1,1,0,2,0,2,0,2
19,-449394.4292,-121093.3935,E19_F39_m-1f-1_P39_Y-1_U195,-9999,-9999,MXY,8,0.0,1,0,0.0,0,0,0,-9999.0,0.0,1,P38_CV0,2,0,2,0,2,0,2,0,2
19,-449394.4292,-121093.3935,E19_F39_m-1f-1_P39_Y-1_U95,-9999,-9999,FXX,9,0.0,1,0,1.0,0,0,0,-9999.0,0.0,1,P38_CV0,2,0,2,1,1,0,2,0,2
19,-449394.4292,-121093.3935,E19_F39_m-1f-1_P39_Y-1_U147,-9999,-9999,MXY,9,0.0,1,0,0.0,0,0,0,-9999.0,0.5,1,P38_CV0,2,1,1,0,2,0,2,0,2
19,-449394.4292,-121093.3935,E19_F39_m-1f-1_P39_Y-1_U227,-9999,-9999,MXY,9,0.0,1,0,0.0,0,0,0,-9999.0,1.0,1,P38_CV0,2,2,0,2,0,0,2,0,2
19,-449394.4292,-121093.3935,E19_F39_m-1f-1_P39_Y-1_U105,-9999,-9999,MXY,10,0.0,1,0,0.0,0,0,0,-9999.0,0.0,1,P38_CV0,2,0,2,1,1,0,2,0,2
19,-449394.4292,-121093.3935,E19_F39_m-1f-1_P39_Y-1_U89,-9999,-9999,MXY,10,0.0,1,0,0.0,0,0,0,-9999.0,1.0,1,P38_CV0,2,2,0,2,0,0,2,0,2
19,-449394.4292,-121093.3935,E19_F39_m-1f-1_P39_Y-1_U160,-9999,-9999,MXY,11,0.0,1,0,0.0,0,0,0,-9999.0,0.5,1,P38_CV0,2,1,1,1,1,0,2,0,2
19,-449394.4292,-121093.3935,E19_F60_m-1f-1_P39_Y-1_U20,-9999,-9999,FXX,11,0.0,1,0,1.0,0,0,1,-9999.0,0.5,1,P38_CV0,2,1,1,0,2,0,2,0,2
19,-449394.4292,-121093.3935,E19_F39_m-1f-1_P39_Y-1_U4,-9999,-9999,MXY,13,0.0,1,0,0.0,0,0,0,-9999.0,0.0,1,P38_CV0,2,0,2,2,0,0,2,0,2
19,-449394.4292,-121093.3935,Age0_F19_m87f87_P19_Y7_UO4133,I87_F51_m87f87_P24_Y0_UO4330,I87_F19_m4f4_P67_Y4_UO225,FXX,0,0.0,0,0,0.0,0,0,0,0.0,0.6875,1,P3_CV0,2,2,0,0,2,0,2,0,2
19,-449394.4292,-121093.3935,E19_F39_m87f87_P51_Y5_UO4071,I87_F24_m87f87_P51_Y1_UO3889,ID87_F24_m4f4_P67_Y2_UO214,MXY,2,0.0,1,0,0.0,0,0,0,-9999.0,0.125,1,P3_CV0,2,1,1,1,1,0,2,0,2
19,-449394.4292,-121093.3935,E19_F12_m90f90_P86_Y5_UO4189,ID90_F86_m23f23_P57_Y3_UO1159,ID90_F93_m-1f-1_P23_Y-1_U88,MXY,2,0.0,1,0,0.0,0,0,0,-9999.0,0.4375,1,P41_CV0,2,1,1,2,0,0,2,0,2
19,-449394.4292,-121093.3935,E19_F39_m60f60_P75_Y6_UO2809,I60_F75_m39f39_P75_Y3_UO1846,I60_F75_m43f43_P14_Y1_UO1959,MXY,1,0.0,1,1,0.0,0,0,0,-9999.0,0.6875,1,P42_CV0,2,2,0,0,2,0,2,0,2
19,-449394.4292,-121093.3935,E19_F46_m46f46_P52_Y5_UO2273,I46_F86_m45f45_P86_Y1_UO1994,I46_F93_m78f78_P13_Y1_UO3332,MXY,2,0.0,1,0,0.0,0,0,0,-9999.0,0.375,1,P44_CV0,2,1,1,0,2,0,2,0,2
19,-449394.4292,-121093.3935,E19_F39_m12f12_P93_Y4_UO752,I12_F86_m-1f-1_P12_Y-1_U189,I12_F52_m90f90_P52_Y2_UO4180,FXX,3,0.0,1,0,1.0,0,0,0,-9999.0,0.375,1,P44_CV0,2,1,1,1,1,0,2,0,2
19,-449394.4292,-121093.3935,E19_F46_m-1f-1_P45_Y-1_U53,-9999,-9999,MXY,14,0.0,1,0,0.0,0,0,0,-9999.0,0.0,1,P44_CV0,2,0,2,0,2,0,2,0,2
19,-449394.4292,-121093.3935,Age0_F19_m12f12_P19_Y7_UO748,I12_F52_m46f46_P52_Y1_UO2115,ID12_F52_m30f30_P52_Y5_UO1385,FXX,0,0.0,0,0,0.0,0,0,0,0.0,0.65625,1,P45_CV0,2,2,0,2,0,0,2,0,2
19,-449394.4292,-121093.3935,E19_F12_m46f46_P86_Y6_UO2340,I46_F52_m-1f-1_P30_Y-1_U223,I46_F52_m46f46_P93_Y3_UO2276,MXY,1,0.0,1,1,0.0,0,0,0,-9999.0,0.5,1,P45_CV0,2,1,1,2,0,0,2,0,2
19,-449394.4292,-121093.3935,E19_F39_m39f39_P19_Y6_UO1838,I39_F19_m39f39_P19_Y4_UO1817,I39_F19_m-1f-1_P39_Y-1_U172,MXY,1,0.0,1,1,0.0,0,0,0,-9999.0,0.15625,1,P45_CV0,2,0,2,0,2,0,2,0,2
19,-449394.4292,-121093.3935,E19_F39_m39f39_P19_Y6_UO1843,I39_F75_m39f39_P19_Y4_UO1797,I39_F19_m46f46_P93_Y2_UO2217,FXX,1,0.0,1,1,1.0,0,0,0,-9999.0,0.8125,1,P45_CV0,2,1,1,1,1,0,2,0,2
19,-449394.4292,-121093.3935,E19_F46_m30f30_P13_Y6_UO1373,ID30_F38_m88f88_P29_Y4_UO4121,I30_F13_m78f78_P93_Y4_UO3444,FXX,1,0.0,1,1,1.0,0,0,0,-9999.0,0.4375,1,P45_CV0,2,1,1,0,2,0,2,0,2
19,-449394.4292,-121093.3935,E19_F12_m46f46_P52_Y1_UO2115,I46_F52_m-1f-1_P46_Y-1_U158,I46_F19_m-1f-1_P46_Y-1_U210,FXX,6,0.0,1,0,1.0,0,0,0,-9999.0,0.75,1,P45_CV0,2,1,1,2,0,0,2,0,2
19,-449394.4292,-121093.3935,E19_F46_m46f46_P52_Y0_UO2392,R46_F46_m-1f-1_P46_Y-1_U163,R46_F46_m-1f-1_P46_Y-1_U180,FXX,7,0.0,1,0,1.0,0,0,0,-9999.0,0.25,1,P45_CV0,2,1,1,0,2,0,2,0,2
19,-449394.4292,-121093.3935,E19_F39_m30f30_P93_Y6_UO1394,ID30_F74_m30f30_P38_Y3_UO1359,I30_F52_m50f50_P86_Y2_UO2424,MXY,1,0.0,1,1,0.0,0,0,0,-9999.0,0.625,1,P49_CV0,2,2,0,0,2,0,2,0,2
19,-449394.4292,-121093.3935,Age0_F19_m39f39_P19_Y7_UO1814,I39_F75_m39f39_P19_Y5_UO1873,I39_F19_m-1f-1_P60_Y-1_U91,FXX,0,0.0,0,0,0.0,0,0,0,0.0,0.5,1,P59_CV0,2,2,0,0,2,0,2,0,2
19,-449394.4292,-121093.3935,Age0_F19_m39f39_P19_Y7_UO1821,I39_F75_m39f39_P19_Y5_UO1849,I39_F75_m39f39_P75_Y5_UO1875,MXY,0,0.0,0,0,0.0,0,0,0,0.0,0.25,1,P59_CV0,2,0,2,1,1,0,2,0,2
19,-449394.4292,-121093.3935,Age0_F19_m39f39_P19_Y7_UO1823,I39_F75_m60f60_P75_Y5_UO2833,I39_F93_m39f39_P19_Y5_UO1851,FXX,0,0.0,0,0,0.0,0,0,0,0.0,0.3125,1,P59_CV0,2,1,1,2,0,0,2,0,2
19,-449394.4292,-121093.3935,Age0_F19_m39f39_P19_Y7_UO1826,I39_F19_m39f39_P19_Y5_UO1883,I39_F75_m60f60_P75_Y4_UO2785,FXX,0,0.0,0,0,0.0,0,0,0,0.0,0.625,1,P59_CV0,2,0,2,2,0,0,2,0,2
19,-449394.4292,-121093.3935,Age0_F19_m39f39_P19_Y7_UO1827,I39_F75_m60f60_P75_Y5_UO2845,I39_F75_m39f39_P51_Y5_UO1859,MXY,0,0.0,0,0,0.0,0,0,0,0.0,0.5,1,P59_CV0,2,1,1,1,1,0,2,0,2
19,-449394.4292,-121093.3935,Age0_F19_m39f39_P19_Y7_UO1836,I39_F75_m60f60_P19_Y4_UO2786,ID39_F49_m39f39_P19_Y2_UO1819,FXX,0,0.0,0,0,0.0,0,0,0,0.0,0.4375,1,P59_CV0,2,1,1,1,1,0,2,0,2
19,-449394.4292,-121093.3935,Age0_F19_m39f39_P19_Y7_UO1846,I39_F75_m39f39_P75_Y4_UO1834,I39_F75_m60f60_P75_Y5_UO2829,FXX,0,0.0,0,0,0.0,0,0,0,0.0,0.5625,1,P59_CV0,2,2,0,0,2,0,2,0,2
19,-449394.4292,-121093.3935,Age0_F19_m39f39_P19_Y7_UO1862,I39_F75_m60f60_P75_Y2_UO2828,I39_F19_m-1f-1_P39_Y-1_U83,MXY,0,0.0,0,0,0.0,0,0,0,0.0,0.5,1,P59_CV0,2,1,1,0,2,0,2,0,2
19,-449394.4292,-121093.3935,Age0_F19_m39f39_P19_Y7_UO1869,ID39_F75_m60f60_P75_Y1_UO2771,I39_F19_m-1f-1_P39_Y-1_U160,MXY,0,0.0,0,0,0.0,0,0,0,0.0,0.625,1,P59_CV0,2,1,1,1,1,0,2,0,2
19,-449394.4292,-121093.3935,Age0_F19_m60f60_P19_Y7_UO2796,I60_F19_m39f39_P75_Y4_UO1860,I60_F75_m39f39_P51_Y4_UO1799,MXY,0,0.0,0,0,0.0,0,0,0,0.0,0.3125,1,P59_CV0,2,0,2,2,0,0,2,0,2
19,-449394.4292,-121093.3935,Age0_F19_m60f60_P19_Y7_UO2836,I60_F75_m-1f-1_P60_Y-1_U19,ID60_F41_m60f60_P75_Y1_UO2731,FXX,0,0.0,0,0,0.0,0,0,0,0.0,0.75,1,P59_CV0,2,1,1,0,2,0,2,0,2
19,-449394.4292,-121093.3935,E19_F39_m39f39_P19_Y6_UO1840,I39_F19_m39f39_P19_Y4_UO1837,ID39_F75_m60f60_P75_Y4_UO2785,MXY,1,0.0,1,1,0.0,0,0,0,-9999.0,0.5,1,P59_CV0,2,1,1,1,1,0,2,0,2
19,-449394.4292,-121093.3935,E19_F39_m39f39_P19_Y6_UO1846,ID39_F19_m60f60_P75_Y4_UO2838,I39_F51_m60f60_P75_Y4_UO2824,MXY,1,0.0,1,1,0.0,0,0,0,-9999.0,0.5625,1,P59_CV0,2,1,1,0,2,0,2,0,2
19,-449394.4292,-121093.3935,E19_F39_m39f39_P19_Y6_UO1856,I39_F19_m39f39_P19_Y3_UO1794,ID39_F75_m39f39_P19_Y4_UO1845,FXX,1,0.0,1,1,1.0,0,0,0,-9999.0,0.5,1,P59_CV0,2,2,0,2,0,0,2,0,2
19,-449394.4292,-121093.3935,E19_F39_m39f39_P19_Y6_UO1869,ID39_F19_m60f60_P19_Y2_UO2875,I39_F75_m39f39_P51_Y1_UO1660,MXY,1,0.0,1,1,0.0,0,0,0,-9999.0,0.375,1,P59_CV0,2,2,0,1,1,0,2,0,2
19,-449394.4292,-121093.3935,E19_F39_m60f60_P19_Y6_UO2855,ID60_F75_m-1f-1_P60_Y-1_U236,I60_F75_m-1f-1_P60_Y-1_U38,MXY,1,0.0,1,1,0.0,0,0,0,-9999.0,0.75,1,P59_CV0,2,2,0,1,1,0,2,0,2
19,-449394.4292,-121093.3935,E19_F39_m39f39_P51_Y6_UO1855,ID39_F51_m39f39_P75_Y3_UO1878,I39_F75_m46f46_P93_Y2_UO2240,MXY,1,0.0,1,1,0.0,0,0,0,-9999.0,0.625,1,P59_CV0,2,1,1,1,1,0,2,0,2
19,-449394.4292,-121093.3935,E19_F39_m39f39_P51_Y6_UO1886,I39_F51_m87f87_P51_Y1_UO3873,I39_F75_m60f60_P75_Y2_UO2811,FXX,1,0.0,1,1,1.0,0,0,0,-9999.0,0.4375,1,P59_CV0,2,1,1,2,0,0,2,0,2
19,-449394.4292,-121093.3935,E19_F39_m60f60_P51_Y6_UO2823,I60_F75_m60f60_P75_Y2_UO2841,I60_F75_m-1f-1_P60_Y-1_U89,FXX,1,0.0,1,1,1.0,0,0,0,-9999.0,0.625,1,P59_CV0,2,2,0,1,1,0,2,0,2
19,-449394.4292,-121093.3935,E19_F39_m39f39_P75_Y6_UO1870,ID39_F19_m60f60_P75_Y2_UO2869,I39_F19_m60f60_P51_Y1_UO2768,FXX,1,0.0,1,1,1.0,0,0,0,-9999.0,0.75,1,P59_CV0,2,1,1,2,0,0,2,0,2
19,-449394.4292,-121093.3935,E19_F39_m60f60_P75_Y6_UO2797,I60_F75_m60f60_P75_Y4_UO2844,ID60_F75_m-1f-1_P60_Y-1_U75,FXX,1,0.0,1,1,1.0,0,0,0,-9999.0,0.125,1,P59_CV0,2,1,1,2,0,0,2,0,2
19,-449394.4292,-121093.3935,E19_F39_m60f60_P75_Y6_UO2843,I60_F75_m-1f-1_P60_Y-1_U21,I60_F75_m39f39_P75_Y2_UO1775,MXY,1,0.0,1,1,0.0,0,0,0,-9999.0,0.875,1,P59_CV0,2,2,0,1,1,0,2,0,2
19,-449394.4292,-121093.3935,E19_F39_m60f60_P75_Y6_UO2844,I60_F75_m-1f-1_P60_Y-1_U219,I60_F75_m60f60_P75_Y3_UO2783,MXY,1,0.0,1,1,0.0,0,0,0,-9999.0,0.375,1,P59_CV0,2,1,1,1,1,0,2,0,2
19,-449394.4292,-121093.3935,E19_F39_m60f60_P75_Y6_UO2846,I60_F51_m-1f-1_P60_Y-1_U177,I60_F75_m39f39_P51_Y4_UO1799,FXX,1,0.0,1,1,1.0,0,0,0,-9999.0,0.0625,1,P59_CV0,2,0,2,1,1,0,2,0,2
19,-449394.4292,-121093.3935,E19_F39_m60f60_P75_Y6_UO2853,I60_F75_m-1f-1_P60_Y-1_U139,ID60_F14_m60f60_P75_Y4_UO2817,FXX,1,0.0,1,1,1.0,0,0,0,-9999.0,0.5625,1,P59_CV0,2,1,1,2,0,0,2,0,2
19,-449394.4292,-121093.3935,E19_F39_m60f60_P75_Y6_UO2857,ID60_F19_m-1f-1_P39_Y-1_U20,I60_F75_m60f60_P75_Y3_UO2804,FXX,1,0.0,1,1,1.0,0,0,0,-9999.0,0.375,1,P59_CV0,2,1,1,0,2,0,2,0,2
19,-449394.4292,-121093.3935,E19_F39_m60f60_P75_Y6_UO2858,I60_F75_m-1f-1_P60_Y-1_U128,I60_F75_m39f39_P75_Y4_UO1866,FXX,1,0.0,1,1,1.0,0,0,0,-9999.0,0.25,1,P59_CV0,2,1,1,0,2,0,2,0,2
19,-449394.4292,-121093.3935,E19_F39_m39f39_P93_Y6_UO1847,I39_F75_m60f60_P75_Y4_UO2814,ID39_F14_m60f60_P75_Y3_UO2862,FXX,1,0.0,1,1,1.0,0,0,0,-9999.0,0.25,1,P59_CV0,2,0,2,1,1,0,2,0,2
19,-449394.4292,-121093.3935,E19_F60_m60f60_P75_Y6_UO2799,I60_F75_m60f60_P75_Y4_UO2776,I60_F19_m39f39_P75_Y1_UO1666,MXY,1,0.0,1,1,0.0,0,0,0,-9999.0,0.75,1,P59_CV0,2,2,0,1,1,0,2,0,2
19,-449394.4292,-121093.3935,E19_F60_m60f60_P75_Y6_UO2803,I60_F49_m39f39_P75_Y4_UO1801,I60_F75_m60f60_P75_Y3_UO2781,FXX,1,0.0,1,1,1.0,0,0,0,-9999.0,0.40625,1,P59_CV0,2,0,2,2,0,0,2,0,2
19,-449394.4292,-121093.3935,E19_F60_m60f60_P75_Y6_UO2808,ID60_F75_m60f60_P75_Y3_UO2789,ID60_F19_m60f60_P75_Y1_UO2686,MXY,1,0.0,1,1,0.0,0,0,1,-9999.0,0.6875,1,P59_CV0,2,2,0,0,2,0,2,0,2
19,-449394.4292,-121093.3935,E19_F60_m60f60_P75_Y6_UO2841,I60_F14_m39f39_P75_Y0_UO1928,I60_F75_m-1f-1_P60_Y-1_U186,FXX,1,0.0,1,1,1.0,0,0,0,-9999.0,0.25,1,P59_CV0,2,1,1,1,1,0,2,0,2
19,-449394.4292,-121093.3935,E19_F87_m39f39_P51_Y6_UO1835,I39_F75_m39f39_P19_Y4_UO1814,I39_F75_m60f60_P75_Y4_UO2821,FXX,1,0.0,1,1,1.0,0,0,0,-9999.0,0.40625,1,P59_CV0,2,1,1,2,0,0,2,0,2
19,-449394.4292,-121093.3935,E19_F39_m39f39_P19_Y5_UO1852,I39_F75_m39f39_P51_Y1_UO1662,I39_F19_m39f39_P19_Y3_UO1857,MXY,2,0.0,1,0,0.0,0,0,0,-9999.0,0.625,1,P59_CV0,2,1,1,2,0,0,2,0,2
19,-449394.4292,-121093.3935,E19_F39_m60f60_P75_Y5_UO2777,ID60_F75_m60f60_P75_Y3_UO2789,I60_F75_m-1f-1_P60_Y-1_U159,MXY,2,0.0,1,0,0.0,0,0,0,-9999.0,0.5625,1,P59_CV0,2,1,1,2,0,0,2,0,2
19,-449394.4292,-121093.3935,E19_F39_m60f60_P75_Y5_UO2829,I60_F75_m-1f-1_P60_Y-1_U5,I60_F75_m-1f-1_P60_Y-1_U246,MXY,2,0.0,1,0,0.0,0,0,0,-9999.0,0.5,1,P59_CV0,2,2,0,0,2,0,2,0,2
19,-449394.4292,-121093.3935,E19_F39_m39f39_P19_Y5_UO1849,ID39_F19_m60f60_P75_Y1_UO2713,I39_F19_m39f39_P19_Y3_UO1876,FXX,2,0.0,1,0,1.0,0,0,0,-9999.0,0.125,1,P59_CV0,2,0,2,0,2,0,2,0,2
19,-449394.4292,-121093.3935,E19_F39_m60f60_P75_Y5_UO2833,ID60_F75_m-1f-1_P60_Y-1_U119,I60_F75_m15f15_P48_Y3_UO826,FXX,2,0.0,1,0,1.0,0,0,0,-9999.0,0.5,1,P59_CV0,2,1,1,2,0,0,2,0,2
19,-449394.4292,-121093.3935,E19_F39_m39f39_P75_Y5_UO1837,I39_F19_m39f39_P19_Y2_UO1758,I39_F75_m60f60_P75_Y2_UO2853,MXY,2,0.0,1,0,0.0,0,0,0,-9999.0,0.4375,1,P59_CV0,2,1,1,0,2,0,2,0,2
19,-449394.4292,-121093.3935,E19_F39_m60f60_P75_Y5_UO2845,ID60_F75_m-1f-1_P60_Y-1_U94,I60_F19_m60f60_P75_Y3_UO2838,FXX,2,0.0,1,0,1.0,0,0,0,-9999.0,0.75,1,P59_CV0,2,1,1,1,1,0,2,0,2
19,-449394.4292,-121093.3935,E19_F60_m60f60_P75_Y5_UO2797,ID60_F14_m60f60_P75_Y2_UO2823,I60_F89_m60f60_P75_Y1_UO2686,MXY,2,0.0,1,0,0.0,0,0,1,-9999.0,0.5,1,P59_CV0,2,1,1,2,0,0,2,0,2
19,-449394.4292,-121093.3935,E19_F39_m60f60_P19_Y4_UO2786,I60_F75_m60f60_P75_Y2_UO2841,ID60_F75_m-1f-1_P60_Y-1_U102,FXX,3,0.0,1,0,1.0,0,0,0,-9999.0,0.375,1,P59_CV0,2,1,1,2,0,0,2,0,2
19,-449394.4292,-121093.3935,E19_F39_m39f39_P75_Y4_UO1848,I39_F93_m-1f-1_P39_Y-1_U142,I39_F75_m-1f-1_P60_Y-1_U243,MXY,3,0.0,1,0,0.0,0,0,0,-9999.0,0.75,1,P59_CV0,2,1,1,2,0,0,2,0,2
19,-449394.4292,-121093.3935,E19_F39_m39f39_P19_Y4_UO1845,I39_F51_m39f39_P19_Y0_UO1906,I39_F19_m60f60_P75_Y1_UO2718,MXY,3,0.0,1,0,0.0,0,0,0,-9999.0,0.375,1,P59_CV0,2,1,1,2,0,0,2,0,2
19,-449394.4292,-121093.3935,E19_F39_m39f39_P19_Y4_UO1850,I39_F51_m-1f-1_P39_Y-1_U207,I39_F93_m39f39_P19_Y2_UO1819,MXY,3,0.0,1,0,0.0,0,0,0,-9999.0,0.5,1,P59_CV0,2,1,1,1,1,0,2,0,2
19,-449394.4292,-121093.3935,E19_F39_m60f60_P75_Y4_UO2781,I60_F75_m60f60_P75_Y2_UO2870,I60_F75_m-1f-1_P60_Y-1_U175,MXY,3,0.0,1,0,0.0,0,0,0,-9999.0,0.625,1,P59_CV0,2,1,1,0,2,0,2,0,2
19,-449394.4292,-121093.3935,E19_F39_m60f60_P75_Y4_UO2838,I60_F75_m-1f-1_P60_Y-1_U236,ID60_F75_m-1f-1_P60_Y-1_U137,FXX,3,0.0,1,0,1.0,0,0,0,-9999.0,0.75,1,P59_CV0,2,1,1,1,1,0,2,0,2
19,-449394.4292,-121093.3935,E19_F39_m39f39_P19_Y4_UO1872,I39_F75_m-1f-1_P39_Y-1_U145,I39_F75_m60f60_P75_Y2_UO2845,MXY,3,0.0,1,0,0.0,0,0,0,-9999.0,0.375,1,P59_CV0,2,1,1,1,1,0,2,0,2
19,-449394.4292,-121093.3935,E19_F39_m39f39_P75_Y4_UO1834,I39_F75_m60f60_P75_Y1_UO2706,I39_F93_m-1f-1_P39_Y-1_U89,FXX,3,0.0,1,0,1.0,0,0,0,-9999.0,0.625,1,P59_CV0,2,2,0,1,1,0,2,0,2
19,-449394.4292,-121093.3935,E19_F39_m60f60_P75_Y4_UO2824,I60_F19_m-1f-1_P60_Y-1_U198,I60_F75_m87f87_P51_Y0_UO4359,MXY,3,0.0,1,0,0.0,0,0,0,-9999.0,0.375,1,P59_CV0,2,1,1,1,1,0,2,0,2
19,-449394.4292,-121093.3935,E19_F60_m60f60_P75_Y4_UO2776,I60_F75_m60f60_P75_Y2_UO2864,I60_F75_m39f39_P75_Y2_UO1768,FXX,3,0.0,1,0,1.0,0,0,0,-9999.0,0.75,1,P59_CV0,2,2,0,2,0,0,2,0,2
19,-449394.4292,-121093.3935,E19_F60_m39f39_P75_Y4_UO1860,I39_F19_m-1f-1_P39_Y-1_U122,I39_F19_m60f60_P75_Y1_UO2690,FXX,3,0.0,1,0,1.0,0,0,0,-9999.0,0.5,1,P59_CV0,2,0,2,2,0,0,2,0,2
19,-449394.4292,-121093.3935,E19_F39_m39f39_P51_Y3_UO1795,ID39_F19_m39f39_P51_Y1_UO1662,ID39_F75_m60f60_P19_Y1_UO2758,MXY,4,0.0,1,0,0.0,0,0,0,-9999.0,0.5,1,P59_CV0,2,0,2,0,2,0,2,0,2
19,-449394.4292,-121093.3935,E19_F39_m60f60_P75_Y3_UO2815,I60_F75_m-1f-1_P60_Y-1_U191,I60_F51_m-1f-1_P60_Y-1_U229,MXY,4,0.0,1,0,0.0,0,0,0,-9999.0,0.5,1,P59_CV0,2,0,2,1,1,0,2,0,2
19,-449394.4292,-121093.3935,E19_F39_m60f60_P75_Y3_UO2865,I60_F14_m-1f-1_P60_Y-1_U66,I60_F75_m-1f-1_P60_Y-1_U248,MXY,4,0.0,1,0,0.0,0,0,0,-9999.0,0.75,1,P59_CV0,2,2,0,2,0,0,2,0,2
19,-449394.4292,-121093.3935,E19_F39_m60f60_P75_Y2_UO2828,ID60_F75_m-1f-1_P60_Y-1_U191,I60_F75_m-1f-1_P60_Y-1_U231,FXX,5,0.0,1,0,1.0,0,0,0,-9999.0,0.5,1,P59_CV0,2,1,1,0,2,0,2,0,2
19,-449394.4292,-121093.3935,E19_F39_m39f39_P19_Y2_UO1819,ID39_F14_m-1f-1_P60_Y-1_U56,I39_F75_m39f39_P19_Y0_UO1849,MXY,5,0.0,1,0,0.0,0,0,0,-9999.0,0.5,1,P59_CV0,2,1,1,0,2,0,2,0,2
19,-449394.4292,-121093.3935,E19_F39_m60f60_P75_Y2_UO2811,I60_F49_m60f60_P75_Y0_UO3123,I60_F75_m-1f-1_P60_Y-1_U54,MXY,5,0.0,1,0,0.0,0,0,0,-9999.0,0.625,1,P59_CV0,2,1,1,1,1,0,2,0,2
19,-449394.4292,-121093.3935,E19_F39_m60f60_P75_Y2_UO2853,I60_F75_m-1f-1_P60_Y-1_U87,ID60_F75_m-1f-1_P60_Y-1_U181,MXY,5,0.0,1,0,0.0,0,0,0,-9999.0,0.5,1,P59_CV0,2,0,2,1,1,0,2,0,2
19,-449394.4292,-121093.3935,E19_F60_m60f60_P75_Y2_UO2873,I60_F75_m-1f-1_P60_Y-1_U207,I60_F14_m60f60_P75_Y0_UO3051,MXY,5,0.0,1,0,0.0,0,0,0,-9999.0,0.625,1,P59_CV0,2,0,2,0,2,0,2,0,2
19,-449394.4292,-121093.3935,E19_F39_m60f60_P75_Y1_UO2771,I60_F51_m-1f-1_P60_Y-1_U79,I60_F75_m-1f-1_P60_Y-1_U175,FXX,6,0.0,1,0,1.0,0,0,1,-9999.0,0.75,1,P59_CV0,2,2,0,1,1,0,2,0,2
19,-449394.4292,-121093.3935,E19_F60_m60f60_P75_Y1_UO2743,I60_F75_m-1f-1_P60_Y-1_U180,I60_F19_m-1f-1_P60_Y-1_U48,MXY,6,0.0,1,0,0.0,0,0,1,-9999.0,0.75,1,P59_CV0,2,2,0,0,2,0,2,0,2
19,-449394.4292,-121093.3935,E19_F39_m60f60_P75_Y0_UO3076,R60_F60_m-1f-1_P60_Y-1_U106,R60_F60_m-1f-1_P60_Y-1_U77,MXY,7,0.0,1,0,0.0,0,0,0,-9999.0,0.75,1,P59_CV0,2,2,0,1,1,0,2,0,2
19,-449394.4292,-121093.3935,E19_F39_m-1f-1_P60_Y-1_U230,-9999,-9999,MXY,8,0.0,1,0,0.0,0,0,0,-9999.0,1.0,1,P59_CV0,2,2,0,0,2,0,2,0,2
19,-449394.4292,-121093.3935,E19_F60_m-1f-1_P60_Y-1_U219,-9999,-9999,FXX,8,0.0,1,0,1.0,0,0,0,-9999.0,0.0,1,P59_CV0,2,0,2,2,0,0,2,0,2
19,-449394.4292,-121093.3935,E19_F39_m-1f-1_P60_Y-1_U23,-9999,-9999,MXY,9,0.0,1,0,0.0,0,0,0,-9999.0,1.0,1,P59_CV0,2,2,0,1,1,0,2,0,2
19,-449394.4292,-121093.3935,E19_F60_m-1f-1_P60_Y-1_U19,-9999,-9999,FXX,10,0.0,1,0,1.0,0,0,1,-9999.0,1.0,1,P59_CV0,2,2,0,0,2,0,2,0,2
19,-449394.4292,-121093.3935,E19_F39_m-1f-1_P60_Y-1_U121,-9999,-9999,MXY,11,0.0,1,0,0.0,0,0,0,-9999.0,0.5,1,P59_CV0,2,1,1,1,1,0,2,0,2
19,-449394.4292,-121093.3935,E19_F60_m-1f-1_P60_Y-1_U175,-9999,-9999,MXY,11,0.0,1,0,0.0,0,0,0,-9999.0,1.0,1,P59_CV0,2,2,0,1,1,0,2,0,2
19,-449394.4292,-121093.3935,E19_F39_m-1f-1_P60_Y-1_U130,-9999,-9999,MXY,14,0.0,1,0,0.0,0,0,0,-9999.0,1.0,1,P59_CV0,2,2,0,1,1,0,2,0,2
19,-449394.4292,-121093.3935,Age0_F19_m46f46_P19_Y7_UO2323,ID46_F93_m7f7_P38_Y2_UO476,I46_F19_m90f90_P52_Y2_UO4198,FXX,0,0.0,0,0,0.0,0,0,0,0.0,0.25,1,P6_CV0,2,0,2,2,0,0,2,0,2
19,-449394.4292,-121093.3935,E19_F46_m30f30_P93_Y4_UO1345,I30_F35_m7f7_P38_Y2_UO450,I30_F52_m78f78_P13_Y2_UO3457,MXY,3,0.0,1,0,0.0,0,0,0,-9999.0,0.8125,1,P6_CV0,2,2,0,0,2,0,2,0,2
19,-449394.4292,-121093.3935,E19_F46_m7f7_P38_Y2_UO476,I7_F74_m-1f-1_P7_Y-1_U107,I7_F38_m7f7_P74_Y0_UO433,FXX,5,0.0,1,0,1.0,0,0,0,-9999.0,0.25,1,P6_CV0,2,1,1,1,1,0,2,0,2
19,-449394.4292,-121093.3935,Age0_F19_m39f39_P19_Y7_UO1855,I39_F51_m87f87_P51_Y3_UO4008,ID39_F75_m46f46_P93_Y2_UO2240,FXX,0,0.0,0,0,0.0,0,0,0,0.0,0.4375,1,P77_CV0,2,0,2,0,2,0,2,0,2
19,-449394.4292,-121093.3935,E19_F39_m78f78_P51_Y6_UO3500,I78_F13_m34f34_P54_Y4_UO1657,I78_F29_m37f37_P38_Y2_UO1726,MXY,1,0.0,1,1,0.0,0,0,0,-9999.0,0.5,1,P77_CV0,2,2,0,0,2,0,2,0,2
19,-449394.4292,-121093.3935,E19_F39_m87f87_P51_Y6_UO4094,I87_F24_m87f87_P24_Y4_UO4087,I87_F51_m87f87_P24_Y1_UO3883,FXX,1,0.0,1,1,1.0,0,0,0,-9999.0,0.625,1,P77_CV0,2,0,2,1,1,0,2,0,2
19,-449394.4292,-121093.3935,E19_F39_m78f78_P93_Y5_UO3499,I78_F13_m78f78_P13_Y0_UO3737,ID78_F93_m78f78_P13_Y3_UO3464,MXY,2,0.0,1,0,0.0,0,0,0,-9999.0,0.5,1,P77_CV0,2,2,0,1,1,0,2,0,2
19,-449394.4292,-121093.3935,E19_F39_m87f87_P51_Y3_UO4040,I87_F24_m-1f-1_P78_Y-1_U224,I87_F67_m-1f-1_P87_Y-1_U185,MXY,4,0.0,1,0,0.0,0,0,0,-9999.0,0.5,1,P77_CV0,2,1,1,0,2,0,2,0,2
19,-449394.4292,-121093.3935,E19_F39_m46f46_P93_Y2_UO2240,I46_F13_m78f78_P93_Y0_UO3738,I46_F52_m-1f-1_P46_Y-1_U1,MXY,5,0.0,1,0,0.0,0,0,0,-9999.0,0.25,1,P77_CV0,2,0,2,1,1,0,2,0,2
19,-449394.4292,-121093.3935,Age0_F19_m39f39_P19_Y7_UO1810,I39_F75_m39f39_P19_Y5_UO1846,I39_F19_m87f87_P19_Y4_UO4011,MXY,0,0.0,0,0,0.0,0,0,0,0.0,0.21875,1,P86_CV0,2,0,2,0,2,0,2,0,2
19,-449394.4292,-121093.3935,Age0_F19_m39f39_P19_Y7_UO1816,I39_F19_m39f39_P19_Y5_UO1874,I39_F19_m39f39_P75_Y4_UO1848,FXX,0,0.0,0,0,0.0,0,0,0,0.0,0.625,1,P86_CV0,2,0,2,1,1,0,2,0,2
19,-449394.4292,-121093.3935,Age0_F19_m39f39_P19_Y7_UO1857,I39_F75_m87f87_P51_Y3_UO4064,I39_F51_m-1f-1_P39_Y-1_U227,MXY,0,0.0,0,0,0.0,0,0,0,0.0,0.8125,1,P86_CV0,2,2,0,1,1,0,2,0,2
19,-449394.4292,-121093.3935,Age0_F19_m39f39_P19_Y7_UO1859,I39_F19_m60f60_P19_Y3_UO2826,I39_F75_m60f60_P75_Y4_UO2785,FXX,0,0.0,0,0,0.0,0,0,0,0.0,0.75,1,P86_CV0,2,1,1,2,0,0,2,0,2
19,-449394.4292,-121093.3935,Age0_F19_m39f39_P19_Y7_UO1861,I39_F19_m87f87_P51_Y3_UO4034,I39_F51_m60f60_P75_Y5_UO2777,FXX,0,0.0,0,0,0.0,0,0,0,0.0,0.71875,1,P86_CV0,2,1,1,1,1,0,2,0,2
19,-449394.4292,-121093.3935,Age0_F19_m46f46_P19_Y7_UO2263,ID46_F52_m46f46_P52_Y5_UO2270,I46_F52_m-1f-1_P12_Y-1_U235,FXX,0,0.0,0,0,0.0,0,0,0,0.0,0.3125,1,P86_CV0,2,1,1,1,1,0,2,0,2
19,-449394.4292,-121093.3935,Age0_F19_m60f60_P19_Y7_UO2789,I60_F75_m60f60_P75_Y4_UO2776,I60_F75_m87f87_P51_Y3_UO4007,FXX,0,0.0,0,0,0.0,0,0,0,0.0,0.6875,1,P86_CV0,2,1,1,1,1,0,2,0,2
19,-449394.4292,-121093.3935,Age0_F19_m87f87_P19_Y7_UO4062,I87_F67_m87f87_P24_Y5_UO4050,I87_F24_m87f87_P24_Y5_UO4073,FXX,0,0.0,0,0,0.0,0,0,0,0.0,0.4375,1,P86_CV0,2,0,2,1,1,0,2,0,2
19,-449394.4292,-121093.3935,Age0_F19_m87f87_P19_Y7_UO4063,I87_F24_m87f87_P24_Y5_UO4107,I87_F13_m87f87_P24_Y5_UO4030,FXX,0,0.0,0,0,0.0,0,0,0,0.0,0.5625,1,P86_CV0,2,1,1,0,2,0,2,0,2
19,-449394.4292,-121093.3935,Age0_F19_m87f87_P19_Y7_UO4146,I87_F24_m-1f-1_P87_Y-1_U142,I87_F24_m87f87_P24_Y2_UO4017,MXY,0,0.0,0,0,0.0,0,0,0,0.0,0.0625,1,P86_CV0,2,0,2,1,1,0,2,0,2
19,-449394.4292,-121093.3935,Age0_F19_m87f87_P19_Y7_UO4150,ID87_F67_m-1f-1_P87_Y-1_U163,I87_F24_m87f87_P51_Y5_UO4094,MXY,0,0.0,0,0,0.0,0,0,0,0.0,0.4375,1,P86_CV0,2,1,1,1,1,0,2,0,2
19,-449394.4292,-121093.3935,E19_F39_m39f39_P19_Y6_UO1867,I39_F19_m60f60_P19_Y3_UO2826,I39_F19_m39f39_P51_Y3_UO1795,FXX,1,0.0,1,1,1.0,0,0,0,-9999.0,0.5625,1,P86_CV0,2,1,1,1,1,0,2,0,2
19,-449394.4292,-121093.3935,E19_F39_m87f87_P19_Y6_UO4091,ID87_F24_m39f39_P19_Y4_UO1835,I87_F24_m-1f-1_P87_Y-1_U4,FXX,1,0.0,1,1,1.0,0,0,0,-9999.0,0.4375,1,P86_CV0,2,1,1,0,2,0,2,0,2
19,-449394.4292,-121093.3935,E19_F39_m87f87_P19_Y6_UO4151,I87_F24_m-1f-1_P87_Y-1_U166,ID87_F19_m87f87_P24_Y0_UO4336,FXX,1,0.0,1,1,1.0,0,0,0,-9999.0,0.375,1,P86_CV0,2,1,1,0,2,0,2,0,2
19,-449394.4292,-121093.3935,E19_F39_m87f87_P51_Y6_UO4081,I87_F51_m87f87_P24_Y4_UO4009,ID87_F51_m87f87_P24_Y4_UO4088,MXY,1,0.0,1,1,0.0,0,0,0,-9999.0,0.375,1,P86_CV0,2,0,2,1,1,0,2,0,2
19,-449394.4292,-121093.3935,E19_F39_m87f87_P51_Y6_UO4088,ID87_F24_m87f87_P24_Y4_UO4078,I87_F24_m87f87_P24_Y1_UO3866,MXY,1,0.0,1,1,0.0,0,0,0,-9999.0,0.4375,1,P86_CV0,2,1,1,0,2,0,2,0,2
19,-449394.4292,-121093.3935,E19_F39_m87f87_P51_Y6_UO4141,ID87_F24_m87f87_P24_Y0_UO4341,I87_F24_m4f4_P67_Y4_UO225,FXX,1,0.0,1,1,1.0,0,0,0,-9999.0,0.4375,1,P86_CV0,2,1,1,1,1,0,2,0,2
19,-449394.4292,-121093.3935,E19_F39_m87f87_P51_Y6_UO4154,I87_F24_m-1f-1_P87_Y-1_U72,ID87_F24_m87f87_P24_Y4_UO4060,MXY,1,0.0,1,1,0.0,0,0,0,-9999.0,0.375,1,P86_CV0,2,1,1,2,0,0,2,0,2
19,-449394.4292,-121093.3935,E19_F39_m87f87_P51_Y6_UO4158,ID87_F24_m-1f-1_P78_Y-1_U176,I87_F24_m-1f-1_P87_Y-1_U186,MXY,1,0.0,1,1,0.0,0,0,0,-9999.0,1.0,1,P86_CV0,2,2,0,1,1,0,2,0,2
19,-449394.4292,-121093.3935,E19_F39_m60f60_P75_Y6_UO2817,I60_F96_m60f60_P75_Y2_UO2815,I60_F75_m60f60_P75_Y4_UO2789,MXY,1,0.0,1,1,0.0,0,0,0,-9999.0,0.25,1,P86_CV0,2,1,1,1,1,0,2,0,2
19,-449394.4292,-121093.3935,E19_F39_m60f60_P75_Y6_UO2851,I60_F75_m-1f-1_P39_Y-1_U18,I60_F19_m87f87_P51_Y3_UO4007,MXY,1,0.0,1,1,0.0,0,0,0,-9999.0,0.5625,1,P86_CV0,2,0,2,1,1,0,2,0,2
19,-449394.4292,-121093.3935,E19_F87_m87f87_P24_Y6_UO4082,I87_F24_m87f87_P24_Y4_UO4086,I87_F24_m87f87_P24_Y4_UO4080,MXY,1,0.0,1,1,0.0,0,0,0,-9999.0,0.5625,1,P86_CV0,2,1,1,1,1,0,2,0,2
19,-449394.4292,-121093.3935,E19_F87_m87f87_P24_Y6_UO4103,I87_F51_m87f87_P24_Y3_UO4046,I87_F51_m87f87_P24_Y2_UO4040,MXY,1,0.0,1,1,0.0,0,0,0,-9999.0,0.5,1,P86_CV0,2,0,2,2,0,0,2,0,2
19,-449394.4292,-121093.3935,E19_F87_m87f87_P24_Y6_UO4113,I87_F67_m30f30_P93_Y3_UO1453,I87_F51_m87f87_P24_Y2_UO4004,MXY,1,0.0,1,1,0.0,0,0,0,-9999.0,0.5,1,P86_CV0,2,1,1,1,1,0,2,0,2
19,-449394.4292,-121093.3935,E19_F87_m87f87_P24_Y6_UO4146,I87_F51_m-1f-1_P87_Y-1_U48,ID87_F51_m87f87_P24_Y4_UO4088,MXY,1,0.0,1,1,0.0,0,0,0,-9999.0,0.25,1,P86_CV0,2,1,1,2,0,0,2,0,2
19,-449394.4292,-121093.3935,E19_F87_m87f87_P24_Y6_UO4165,ID87_F24_m-1f-1_P87_Y-1_U191,I87_F24_m87f87_P24_Y3_UO3996,FXX,1,0.0,1,1,1.0,0,0,0,-9999.0,0.1875,1,P86_CV0,2,0,2,2,0,0,2,0,2
19,-449394.4292,-121093.3935,E19_F39_m39f39_P19_Y5_UO1874,I39_F19_m-1f-1_P39_Y-1_U20,I39_F51_m87f87_P19_Y1_UO3871,FXX,2,0.0,1,0,1.0,0,0,0,-9999.0,0.5,1,P86_CV0,2,0,2,0,2,0,2,0,2
19,-449394.4292,-121093.3935,E19_F46_m46f46_P52_Y5_UO2270,I46_F38_m87f87_P51_Y1_UO3903,I46_F13_m46f46_P52_Y3_UO2288,FXX,2,0.0,1,0,1.0,0,0,0,-9999.0,0.625,1,P86_CV0,2,2,0,1,1,0,2,0,2
19,-449394.4292,-121093.3935,E19_F87_m87f87_P24_Y5_UO4050,I87_F24_m87f87_P24_Y3_UO4042,I87_F51_m87f87_P24_Y2_UO4056,FXX,2,0.0,1,0,1.0,0,0,0,-9999.0,0.625,1,P86_CV0,2,1,1,0,2,0,2,0,2
19,-449394.4292,-121093.3935,E19_F87_m87f87_P24_Y5_UO4107,I87_F24_m-1f-1_P87_Y-1_U163,I87_F24_m39f39_P51_Y2_UO1838,FXX,2,0.0,1,0,1.0,0,0,0,-9999.0,0.375,1,P86_CV0,2,1,1,0,2,0,2,0,2
19,-449394.4292,-121093.3935,E19_F39_m39f39_P51_Y4_UO1806,ID39_F19_m60f60_P75_Y2_UO2815,I39_F75_m87f87_P51_Y0_UO4403,MXY,3,0.0,1,0,0.0,0,0,0,-9999.0,0.3125,1,P86_CV0,2,1,1,1,1,0,2,0,2
19,-449394.4292,-121093.3935,E19_F39_m87f87_P51_Y3_UO4008,ID87_F24_m87f87_P24_Y0_UO4330,ID87_F24_m87f87_P24_Y1_UO3897,FXX,4,0.0,1,0,1.0,0,0,0,-9999.0,0.625,1,P86_CV0,2,0,2,0,2,0,2,0,2
19,-449394.4292,-121093.3935,E19_F39_m87f87_P51_Y3_UO4048,I87_F19_m-1f-1_P87_Y-1_U59,ID87_F24_m-1f-1_P87_Y-1_U0,MXY,4,0.0,1,0,0.0,0,0,0,-9999.0,0.25,1,P86_CV0,2,1,1,1,1,0,2,0,2
19,-449394.4292,-121093.3935,E19_F39_m87f87_P51_Y3_UO4064,I87_F24_m-1f-1_P87_Y-1_U133,I87_F24_m87f87_P51_Y1_UO3836,FXX,4,0.0,1,0,1.0,0,0,0,-9999.0,0.625,1,P86_CV0,2,1,1,1,1,0,2,0,2
19,-449394.4292,-121093.3935,E19_F39_m60f60_P19_Y3_UO2826,I60_F75_m-1f-1_P60_Y-1_U33,I60_F75_m87f87_P51_Y0_UO4359,FXX,4,0.0,1,0,1.0,0,0,0,-9999.0,0.625,1,P86_CV0,2,2,0,1,1,0,2,0,2
19,-449394.4292,-121093.3935,E19_F39_m87f87_P51_Y3_UO4034,I87_F24_m-1f-1_P87_Y-1_U170,I87_F24_m87f87_P24_Y0_UO4322,FXX,4,0.0,1,0,1.0,0,0,0,-9999.0,0.875,1,P86_CV0,2,1,1,0,2,0,2,0,2
19,-449394.4292,-121093.3935,E19_F39_m87f87_P19_Y2_UO4051,I87_F24_m-1f-1_P87_Y-1_U209,ID87_F24_m-1f-1_P87_Y-1_U54,MXY,5,0.0,1,0,0.0,0,0,0,-9999.0,0.5,1,P86_CV0,2,1,1,1,1,0,2,0,2
19,-449394.4292,-121093.3935,E19_F87_m87f87_P51_Y0_UO4324,R87_F87_m-1f-1_P87_Y-1_U38,R87_F87_m-1f-1_P87_Y-1_U93,MXY,7,0.0,1,0,0.0,0,0,0,-9999.0,0.0,1,P86_CV0,2,0,2,2,0,0,2,0,2
19,-449394.4292,-121093.3935,E19_F87_m87f87_P24_Y0_UO4330,R87_F87_m-1f-1_P87_Y-1_U55,R87_F87_m-1f-1_P87_Y-1_U198,FXX,7,0.0,1,0,1.0,0,0,0,-9999.0,0.75,1,P86_CV0,2,1,1,1,1,0,2,0,2
19,-449394.4292,-121093.3935,E19_F87_m-1f-1_P87_Y-1_U142,-9999,-9999,FXX,10,0.0,1,0,1.0,0,0,0,-9999.0,0.0,1,P86_CV0,2,0,2,0,2,0,2,0,2
19,-449394.4292,-121093.3935,E19_F87_m-1f-1_P87_Y-1_U163,-9999,-9999,FXX,11,0.0,1,0,1.0,0,0,0,-9999.0,0.0,1,P86_CV0,2,0,2,1,1,0,2,0,2
19,-449394.4292,-121093.3935,E19_F87_m-1f-1_P87_Y-1_U249,-9999,-9999,MXY,12,0.0,1,0,0.0,0,0,0,-9999.0,0.5,1,P86_CV0,2,1,1,0,2,0,2,0,2
19,-449394.4292,-121093.3935,E19_F46_m78f78_P13_Y6_UO3496,I78_F13_m88f88_P29_Y4_UO4125,I78_F93_m-1f-1_P90_Y-1_U66,FXX,1,0.0,1,1,1.0,0,0,0,-9999.0,0.0,1,P89_CV0,2,0,2,1,1,0,2,0,2
19,-449394.4292,-121093.3935,E19_F39_m46f46_P19_Y5_UO2263,ID46_F93_m78f78_P93_Y2_UO3502,I46_F93_m45f45_P86_Y3_UO2151,FXX,2,0.0,1,0,1.0,0,0,0,-9999.0,0.125,1,P89_CV0,2,1,1,0,2,0,2,0,2
19,-449394.4292,-121093.3935,Age0_F19_m39f39_P19_Y7_UO1824,ID39_F75_m60f60_P75_Y5_UO2816,I39_F75_m60f60_P75_Y2_UO2846,MXY,0,0.0,0,0,0.0,0,0,0,0.0,0.4375,1,P99_CV0,2,1,1,2,0,0,2,0,2
19,-449394.4292,-121093.3935,E19_F39_m60f60_P75_Y5_UO2816,I60_F75_m15f15_P14_Y0_UO842,ID60_F48_m100f100_P48_Y1_UO4370,FXX,2,0.0,1,0,1.0,0,0,0,-9999.0,0.375,1,P99_CV0,2,1,1,2,0,0,2,0,2
19,-449394.4292,-121093.3935,E19_F39_m60f60_P75_Y4_UO2850,I60_F75_m-1f-1_P60_Y-1_U187,ID60_F75_m100f100_P48_Y0_UO4912,MXY,3,0.0,1,0,0.0,0,0,0,-9999.0,0.125,1,P99_CV0,2,0,2,1,1,0,2,0,2
20,-1503771.641,444502.6321,Age0_F20_m62f62_P20_Y7_UO2853,I62_F20_m53f53_P26_Y5_UO2493,I62_F20_m62f62_P20_Y5_UO2962,MXY,0,0.0,0,0,0.0,0,0,0,0.0,0.40625,1,P52_CV0,2,1,1,1,1,0,2,0,2
20,-1503771.641,444502.6321,Age0_F20_m62f62_P20_Y7_UO2870,ID62_F20_m62f62_P20_Y5_UO2932,ID62_F20_m53f53_P26_Y5_UO2475,FXX,0,0.0,0,0,0.0,0,0,0,0.0,0.5,1,P52_CV0,2,1,1,2,0,0,2,0,2
20,-1503771.641,444502.6321,Age0_F20_m62f62_P20_Y7_UO2891,ID62_F20_m62f62_P20_Y4_UO2912,I62_F20_m70f70_P20_Y5_UO3267,MXY,0,0.0,0,0,0.0,0,0,0,0.0,0.625,1,P52_CV0,2,2,0,0,2,0,2,0,2
20,-1503771.641,444502.6321,Age0_F20_m62f62_P20_Y7_UO2893,I62_F20_m53f53_P26_Y4_UO2455,I62_F20_m70f70_P20_Y5_UO3237,FXX,0,0.0,0,0,0.0,0,0,0,0.0,0.375,1,P52_CV0,2,1,1,2,0,0,2,0,2
20,-1503771.641,444502.6321,Age0_F20_m62f62_P20_Y7_UO2905,ID62_F20_m62f62_P20_Y4_UO2930,I62_F20_m62f62_P20_Y4_UO2933,MXY,0,0.0,0,0,0.0,0,0,0,0.0,0.125,1,P52_CV0,2,0,2,1,1,0,2,0,2
20,-1503771.641,444502.6321,Age0_F20_m62f62_P20_Y7_UO2906,I62_F20_m53f53_P26_Y4_UO2435,ID62_F20_m53f53_P26_Y5_UO2469,FXX,0,0.0,0,0,0.0,0,0,0,0.0,0.625,1,P52_CV0,2,2,0,2,0,0,2,0,2
20,-1503771.641,444502.6321,Age0_F20_m62f62_P20_Y7_UO2917,I62_F20_m53f53_P26_Y4_UO2486,I62_F20_m83f83_P20_Y2_UO3819,FXX,0,0.0,0,0,0.0,0,0,0,0.0,0.375,1,P52_CV0,2,2,0,1,1,0,2,0,2
20,-1503771.641,444502.6321,Age0_F20_m62f62_P20_Y7_UO2921,I62_F20_m62f62_P20_Y4_UO2865,I62_F20_m70f70_P20_Y0_UO3463,FXX,0,0.0,0,0,0.0,0,0,0,0.0,0.4375,1,P52_CV0,2,0,2,1,1,0,2,0,2
20,-1503771.641,444502.6321,Age0_F20_m62f62_P20_Y7_UO2928,I62_F20_m62f62_P20_Y3_UO2956,I62_F20_m62f62_P20_Y5_UO2966,MXY,0,0.0,0,0,0.0,0,0,0,0.0,0.3125,1,P52_CV0,2,1,1,0,2,0,2,0,2
20,-1503771.641,444502.6321,Age0_F20_m62f62_P20_Y7_UO2930,ID62_F20_m62f62_P20_Y3_UO2896,I62_F20_m62f62_P20_Y4_UO2933,MXY,0,0.0,0,0,0.0,0,0,0,0.0,0.375,1,P52_CV0,2,1,1,0,2,0,2,0,2
20,-1503771.641,444502.6321,Age0_F20_m62f62_P20_Y7_UO2938,I62_F20_m62f62_P26_Y3_UO2957,I62_F20_m53f53_P26_Y2_UO2537,MXY,0,0.0,0,0,0.0,0,0,0,0.0,0.625,1,P52_CV0,2,0,2,1,1,0,2,0,2
20,-1503771.641,444502.6321,Age0_F20_m62f62_P20_Y7_UO2987,I62_F20_m-1f-1_P62_Y-1_U32,I62_F20_m53f53_P26_Y1_UO2417,FXX,0,0.0,0,0,0.0,0,0,0,0.0,0.625,1,P52_CV0,2,2,0,1,1,0,2,0,2
20,-1503771.641,444502.6321,Age0_F20_m62f62_P20_Y7_UO2989,I62_F20_m-1f-1_P62_Y-1_U229,I62_F20_m62f62_P20_Y5_UO2863,FXX,0,0.0,0,0,0.0,0,0,0,0.0,0.21875,1,P52_CV0,2,0,2,1,1,0,2,0,2
20,-1503771.641,444502.6321,Age0_F20_m70f70_P20_Y7_UO3220,I70_F20_m83f83_P20_Y5_UO3801,I70_F20_m62f62_P20_Y5_UO2866,FXX,0,0.0,0,0,0.0,0,0,0,0.0,0.5625,1,P52_CV0,2,1,1,1,1,0,2,0,2
20,-1503771.641,444502.6321,Age0_F20_m70f70_P20_Y7_UO3241,I70_F20_m83f83_P20_Y5_UO3794,ID70_F20_m62f62_P20_Y5_UO2958,FXX,0,0.0,0,0,0.0,0,0,0,0.0,0.4375,1,P52_CV0,2,2,0,2,0,0,2,0,2
20,-1503771.641,444502.6321,Age0_F20_m70f70_P20_Y7_UO3249,I70_F20_m70f70_P20_Y4_UO3256,ID70_F20_m62f62_P20_Y5_UO2920,MXY,0,0.0,0,0,0.0,0,0,0,0.0,0.875,1,P52_CV0,2,2,0,2,0,0,2,0,2
20,-1503771.641,444502.6321,Age0_F20_m70f70_P20_Y7_UO3253,ID70_F20_m62f62_P20_Y4_UO2852,I70_F20_m-1f-1_P70_Y-1_U220,MXY,0,0.0,0,0,0.0,0,0,0,0.0,0.5,1,P52_CV0,2,2,0,0,2,0,2,0,2
20,-1503771.641,444502.6321,Age0_F20_m70f70_P20_Y7_UO3254,I70_F20_m70f70_P20_Y4_UO3192,I70_F20_m62f62_P20_Y3_UO2875,MXY,0,0.0,0,0,0.0,0,0,0,0.0,0.40625,1,P52_CV0,2,2,0,1,1,0,2,0,2
20,-1503771.641,444502.6321,Age0_F20_m70f70_P20_Y7_UO3278,I70_F20_m70f70_P20_Y2_UO3224,I70_F20_m62f62_P20_Y5_UO2866,FXX,0,0.0,0,0,0.0,0,0,0,0.0,0.4375,1,P52_CV0,2,1,1,2,0,0,2,0,2
20,-1503771.641,444502.6321,Age0_F20_m83f83_P20_Y7_UO3802,ID83_F20_m62f62_P20_Y5_UO2918,ID83_F20_m-1f-1_P83_Y-1_U50,FXX,0,0.0,0,0,0.0,0,0,0,0.0,0.5,1,P52_CV0,2,1,1,1,1,0,2,0,2
20,-1503771.641,444502.6321,E20_F62_m62f62_P20_Y6_UO2894,I62_F20_m53f53_P26_Y4_UO2471,ID62_F20_m83f83_P20_Y4_UO3777,FXX,1,0.0,1,1,1.0,0,0,0,-9999.0,0.75,1,P52_CV0,2,1,1,1,1,0,2,0,2
20,-1503771.641,444502.6321,E20_F62_m62f62_P20_Y6_UO2917,I62_F20_m62f62_P20_Y3_UO2956,I62_F20_m-1f-1_P62_Y-1_U102,MXY,1,0.0,1,1,0.0,0,0,0,-9999.0,0.1875,1,P52_CV0,2,0,2,2,0,0,2,0,2
20,-1503771.641,444502.6321,E20_F62_m62f62_P20_Y6_UO2922,I62_F20_m62f62_P20_Y3_UO2887,ID62_F26_m83f83_P20_Y3_UO3752,FXX,1,0.0,1,1,1.0,0,0,0,-9999.0,0.6875,1,P52_CV0,2,2,0,1,1,0,2,0,2
20,-1503771.641,444502.6321,E20_F62_m62f62_P20_Y6_UO2924,I62_F20_m53f53_P26_Y3_UO2447,I62_F20_m-1f-1_P62_Y-1_U234,FXX,1,0.0,1,1,1.0,0,0,0,-9999.0,0.75,1,P52_CV0,2,1,1,0,2,0,2,0,2
20,-1503771.641,444502.6321,E20_F62_m62f62_P20_Y6_UO2937,I62_F20_m62f62_P20_Y3_UO2896,I62_F20_m83f83_P20_Y3_UO3786,MXY,1,0.0,1,1,0.0,0,0,0,-9999.0,0.625,1,P52_CV0,2,1,1,1,1,0,2,0,2
20,-1503771.641,444502.6321,E20_F62_m62f62_P20_Y6_UO2956,I62_F20_m53f53_P26_Y2_UO2476,I62_F20_m-1f-1_P62_Y-1_U234,FXX,1,0.0,1,1,1.0,0,0,0,-9999.0,0.625,1,P52_CV0,2,1,1,1,1,0,2,0,2
20,-1503771.641,444502.6321,E20_F62_m62f62_P20_Y6_UO2977,I62_F20_m83f83_P20_Y0_UO4019,I62_F20_m62f62_P20_Y4_UO2933,FXX,1,0.0,1,1,1.0,0,0,0,-9999.0,0.375,1,P52_CV0,2,1,1,1,1,0,2,0,2
20,-1503771.641,444502.6321,E20_F62_m62f62_P20_Y6_UO2984,I62_F20_m-1f-1_P62_Y-1_U151,ID62_F20_m53f53_P26_Y1_UO2417,FXX,1,0.0,1,1,1.0,0,0,0,-9999.0,0.625,1,P52_CV0,2,1,1,0,2,0,2,0,2
20,-1503771.641,444502.6321,E20_F62_m53f53_P26_Y6_UO2500,I53_F26_m53f53_P26_Y4_UO2470,I53_F26_m53f53_P26_Y3_UO2476,MXY,1,0.0,1,1,0.0,0,0,0,-9999.0,0.3125,1,P52_CV0,2,0,2,1,1,0,2,0,2
20,-1503771.641,444502.6321,E20_F62_m53f53_P26_Y6_UO2504,I53_F26_m53f53_P26_Y4_UO2492,ID53_F26_m53f53_P26_Y0_UO2689,FXX,1,0.0,1,1,1.0,0,0,0,-9999.0,0.625,1,P52_CV0,2,2,0,0,2,0,2,0,2
20,-1503771.641,444502.6321,E20_F62_m53f53_P26_Y6_UO2508,I53_F26_m53f53_P26_Y3_UO2496,I53_F66_m-1f-1_P53_Y-1_U118,MXY,1,0.0,1,1,0.0,0,0,0,-9999.0,0.75,1,P52_CV0,2,1,1,1,1,0,2,0,2
20,-1503771.641,444502.6321,E20_F62_m53f53_P26_Y6_UO2510,I53_F26_m53f53_P26_Y3_UO2448,I53_F26_m-1f-1_P53_Y-1_U178,FXX,1,0.0,1,1,1.0,0,0,0,-9999.0,0.1875,1,P52_CV0,2,1,1,1,1,0,2,0,2
20,-1503771.641,444502.6321,E20_F62_m53f53_P26_Y6_UO2512,I53_F26_m53f53_P26_Y2_UO2503,I53_F26_m53f53_P26_Y0_UO2641,FXX,1,0.0,1,1,1.0,0,0,0,-9999.0,0.375,1,P52_CV0,2,2,0,1,1,0,2,0,2
20,-1503771.641,444502.6321,E20_F62_m53f53_P26_Y6_UO2517,I53_F26_m53f53_P26_Y1_UO2349,I53_F26_m-1f-1_P53_Y-1_U171,FXX,1,0.0,1,1,1.0,0,0,0,-9999.0,0.375,1,P52_CV0,2,1,1,1,1,0,2,0,2
20,-1503771.641,444502.6321,E20_F62_m53f53_P26_Y6_UO2519,I53_F26_m53f53_P26_Y0_UO2671,ID53_F66_m-1f-1_P53_Y-1_U225,MXY,1,0.0,1,1,0.0,0,0,0,-9999.0,0.5,1,P52_CV0,2,2,0,1,1,0,2,0,2
20,-1503771.641,444502.6321,E20_F62_m53f53_P26_Y6_UO2521,I53_F26_m-1f-1_P53_Y-1_U83,ID53_F26_m-1f-1_P53_Y-1_U115,MXY,1,0.0,1,1,0.0,0,0,0,-9999.0,0.5,1,P52_CV0,2,2,0,0,2,0,2,0,2
20,-1503771.641,444502.6321,E20_F62_m53f53_P26_Y6_UO2522,I53_F26_m-1f-1_P53_Y-1_U120,ID53_F26_m-1f-1_P53_Y-1_U12,FXX,1,0.0,1,1,1.0,0,0,0,-9999.0,0.75,1,P52_CV0,2,1,1,1,1,0,2,0,2
20,-1503771.641,444502.6321,E20_F62_m53f53_P26_Y6_UO2523,I53_F26_m-1f-1_P53_Y-1_U130,ID53_F26_m-1f-1_P53_Y-1_U247,FXX,1,0.0,1,1,1.0,0,0,0,-9999.0,0.5,1,P52_CV0,2,1,1,1,1,0,2,0,2
20,-1503771.641,444502.6321,E20_F62_m53f53_P26_Y6_UO2526,I53_F26_m-1f-1_P53_Y-1_U57,ID53_F26_m53f53_P26_Y3_UO2457,FXX,1,0.0,1,1,1.0,0,0,0,-9999.0,0.0625,1,P52_CV0,2,0,2,0,2,0,2,0,2
20,-1503771.641,444502.6321,E20_F62_m53f53_P26_Y6_UO2529,I53_F26_m-1f-1_P53_Y-1_U232,I53_F26_m-1f-1_P53_Y-1_U188,FXX,1,0.0,1,1,1.0,0,0,0,-9999.0,0.5,1,P52_CV0,2,1,1,0,2,0,2,0,2
20,-1503771.641,444502.6321,E20_F62_m53f53_P26_Y6_UO2531,ID53_F26_m-1f-1_P53_Y-1_U185,I53_F26_m53f53_P26_Y4_UO2453,FXX,1,0.0,1,1,1.0,0,0,0,-9999.0,0.375,1,P52_CV0,2,0,2,1,1,0,2,0,2
20,-1503771.641,444502.6321,E20_F62_m53f53_P26_Y6_UO2532,ID53_F26_m-1f-1_P53_Y-1_U106,I53_F26_m53f53_P26_Y3_UO2466,MXY,1,0.0,1,1,0.0,0,0,0,-9999.0,0.75,1,P52_CV0,2,1,1,1,1,0,2,0,2
20,-1503771.641,444502.6321,E20_F62_m53f53_P26_Y6_UO2538,I53_F26_m-1f-1_P53_Y-1_U76,I53_F26_m-1f-1_P53_Y-1_U34,MXY,1,0.0,1,1,0.0,0,0,0,-9999.0,0.25,1,P52_CV0,2,1,1,0,2,0,2,0,2
20,-1503771.641,444502.6321,E20_F62_m53f53_P26_Y6_UO2540,I53_F26_m-1f-1_P53_Y-1_U111,I53_F26_m53f53_P26_Y3_UO2455,FXX,1,0.0,1,1,1.0,0,0,0,-9999.0,0.3125,1,P52_CV0,2,1,1,2,0,0,2,0,2
20,-1503771.641,444502.6321,E20_F62_m53f53_P26_Y6_UO2541,I53_F26_m-1f-1_P53_Y-1_U163,I53_F26_m53f53_P26_Y1_UO2356,MXY,1,0.0,1,1,0.0,0,0,0,-9999.0,0.375,1,P52_CV0,2,1,1,1,1,0,2,0,2
20,-1503771.641,444502.6321,E20_F62_m53f53_P26_Y6_UO2542,I53_F26_m-1f-1_P53_Y-1_U126,I53_F26_m53f53_P26_Y0_UO2649,FXX,1,0.0,1,1,1.0,0,0,0,-9999.0,0.625,1,P52_CV0,2,2,0,2,0,0,2,0,2
20,-1503771.641,444502.6321,E20_F62_m53f53_P26_Y6_UO2546,I53_F26_m-1f-1_P53_Y-1_U97,I53_F66_m-1f-1_P53_Y-1_U118,MXY,1,0.0,1,1,0.0,0,0,0,-9999.0,0.5,1,P52_CV0,2,0,2,1,1,0,2,0,2
20,-1503771.641,444502.6321,E20_F70_m62f62_P20_Y6_UO2863,I62_F20_m62f62_P20_Y4_UO2913,ID62_F20_m62f62_P20_Y4_UO2875,FXX,1,0.0,1,1,1.0,0,0,0,-9999.0,0.375,1,P52_CV0,2,0,2,1,1,0,2,0,2
20,-1503771.641,444502.6321,E20_F70_m62f62_P20_Y6_UO2878,I62_F20_m53f53_P26_Y4_UO2449,ID62_F20_m83f83_P20_Y1_UO3575,MXY,1,0.0,1,1,0.0,0,0,0,-9999.0,0.625,1,P52_CV0,2,1,1,1,1,0,2,0,2
20,-1503771.641,444502.6321,E20_F70_m62f62_P20_Y6_UO2890,I62_F20_m62f62_P20_Y4_UO2865,I62_F20_m53f53_P26_Y2_UO2473,MXY,1,0.0,1,1,0.0,0,0,0,-9999.0,0.1875,1,P52_CV0,2,1,1,0,2,0,2,0,2
20,-1503771.641,444502.6321,E20_F70_m62f62_P20_Y6_UO2892,I62_F20_m62f62_P20_Y4_UO2892,I62_F20_m62f62_P20_Y4_UO2894,FXX,1,0.0,1,1,1.0,0,0,0,-9999.0,0.75,1,P52_CV0,2,2,0,0,2,0,2,0,2
20,-1503771.641,444502.6321,E20_F70_m62f62_P20_Y6_UO2911,I62_F20_m53f53_P26_Y3_UO2453,ID62_F20_m83f83_P20_Y3_UO3757,MXY,1,0.0,1,1,0.0,0,0,0,-9999.0,0.625,1,P52_CV0,2,2,0,1,1,0,2,0,2
20,-1503771.641,444502.6321,E20_F70_m62f62_P20_Y6_UO2919,I62_F26_m53f53_P26_Y3_UO2478,ID62_F20_m53f53_P26_Y2_UO2537,MXY,1,0.0,1,1,0.0,0,0,0,-9999.0,0.5,1,P52_CV0,2,1,1,1,1,0,2,0,2
20,-1503771.641,444502.6321,E20_F70_m62f62_P20_Y6_UO2971,I62_F20_m53f53_P26_Y1_UO2395,I62_F20_m-1f-1_P62_Y-1_U121,MXY,1,0.0,1,1,0.0,0,0,0,-9999.0,0.75,1,P52_CV0,2,1,1,1,1,0,2,0,2
20,-1503771.641,444502.6321,E20_F70_m62f62_P20_Y6_UO2987,I62_F20_m-1f-1_P62_Y-1_U116,I62_F20_m53f53_P26_Y4_UO2458,FXX,1,0.0,1,1,1.0,0,0,0,-9999.0,0.75,1,P52_CV0,2,1,1,2,0,0,2,0,2
20,-1503771.641,444502.6321,E20_F70_m62f62_P20_Y6_UO2998,I62_F20_m-1f-1_P62_Y-1_U110,I62_F20_m53f53_P26_Y2_UO2473,MXY,1,0.0,1,1,0.0,0,0,0,-9999.0,0.375,1,P52_CV0,2,1,1,0,2,0,2,0,2
20,-1503771.641,444502.6321,E20_F70_m70f70_P20_Y6_UO3251,ID70_F20_m62f62_P20_Y4_UO2852,ID70_F20_m62f62_P20_Y3_UO2875,MXY,1,0.0,1,1,0.0,0,0,0,-9999.0,0.5625,1,P52_CV0,2,2,0,0,2,0,2,0,2
20,-1503771.641,444502.6321,E20_F83_m62f62_P20_Y6_UO2866,I62_F20_m62f62_P20_Y4_UO2917,I62_F20_m62f62_P20_Y4_UO2894,MXY,1,0.0,1,1,0.0,0,0,0,-9999.0,0.625,1,P52_CV0,2,1,1,1,1,0,2,0,2
20,-1503771.641,444502.6321,E20_F83_m62f62_P20_Y6_UO2938,ID62_F20_m62f62_P20_Y3_UO2911,ID62_F20_m70f70_P20_Y4_UO3184,MXY,1,0.0,1,1,0.0,0,0,0,-9999.0,0.4375,1,P52_CV0,2,0,2,1,1,0,2,0,2
20,-1503771.641,444502.6321,E20_F62_m53f53_P26_Y5_UO2491,I53_F26_m-1f-1_P53_Y-1_U210,I53_F26_m53f53_P26_Y2_UO2496,MXY,2,0.0,1,0,0.0,0,0,0,-9999.0,0.625,1,P52_CV0,2,2,0,0,2,0,2,0,2
20,-1503771.641,444502.6321,E20_F62_m53f53_P26_Y5_UO2493,I53_F26_m-1f-1_P53_Y-1_U232,ID53_F26_m53f53_P26_Y3_UO2490,FXX,2,0.0,1,0,1.0,0,0,0,-9999.0,0.3125,1,P52_CV0,2,2,0,0,2,0,2,0,2
20,-1503771.641,444502.6321,E20_F62_m62f62_P20_Y5_UO2863,ID62_F20_m62f62_P20_Y3_UO2956,I62_F20_m-1f-1_P62_Y-1_U222,MXY,2,0.0,1,0,0.0,0,0,0,-9999.0,0.4375,1,P52_CV0,2,0,2,0,2,0,2,0,2
20,-1503771.641,444502.6321,E20_F62_m53f53_P26_Y5_UO2495,ID53_F26_m-1f-1_P53_Y-1_U131,I53_F26_m-1f-1_P53_Y-1_U95,MXY,2,0.0,1,0,0.0,0,0,0,-9999.0,0.75,1,P52_CV0,2,1,1,1,1,0,2,0,2
20,-1503771.641,444502.6321,E20_F62_m62f62_P20_Y5_UO2971,ID62_F20_m-1f-1_P62_Y-1_U64,ID62_F20_m53f53_P26_Y2_UO2537,FXX,2,0.0,1,0,1.0,0,0,0,-9999.0,0.5,1,P52_CV0,2,1,1,2,0,0,2,0,2
20,-1503771.641,444502.6321,E20_F62_m62f62_P20_Y5_UO2864,ID62_F20_m53f53_P26_Y3_UO2453,I62_F20_m83f83_P20_Y1_UO3599,FXX,2,0.0,1,0,1.0,0,0,0,-9999.0,0.4375,1,P52_CV0,2,1,1,1,1,0,2,0,2
20,-1503771.641,444502.6321,E20_F62_m62f62_P20_Y5_UO2910,I62_F20_m53f53_P26_Y2_UO2477,I62_F20_m53f53_P26_Y1_UO2417,MXY,2,0.0,1,0,0.0,0,0,0,-9999.0,0.625,1,P52_CV0,2,0,2,1,1,0,2,0,2
20,-1503771.641,444502.6321,E20_F62_m53f53_P26_Y5_UO2469,ID53_F26_m53f53_P26_Y3_UO2505,ID53_F26_m53f53_P26_Y3_UO2492,MXY,2,0.0,1,0,0.0,0,0,0,-9999.0,0.75,1,P52_CV0,2,2,0,1,1,0,2,0,2
20,-1503771.641,444502.6321,E20_F62_m53f53_P26_Y5_UO2475,ID53_F26_m53f53_P26_Y1_UO2343,I53_F26_m-1f-1_P53_Y-1_U108,MXY,2,0.0,1,0,0.0,0,0,0,-9999.0,0.75,1,P52_CV0,2,2,0,1,1,0,2,0,2
20,-1503771.641,444502.6321,E20_F62_m53f53_P26_Y5_UO2509,I53_F26_m-1f-1_P53_Y-1_U37,I53_F26_m53f53_P26_Y3_UO2466,MXY,2,0.0,1,0,0.0,0,0,0,-9999.0,0.5,1,P52_CV0,2,2,0,0,2,0,2,0,2
20,-1503771.641,444502.6321,E20_F62_m53f53_P26_Y5_UO2466,I53_F26_m53f53_P26_Y3_UO2460,I53_F66_m53f53_P26_Y3_UO2487,FXX,2,0.0,1,0,1.0,0,0,0,-9999.0,0.5,1,P52_CV0,2,1,1,1,1,0,2,0,2
20,-1503771.641,444502.6321,E20_F62_m53f53_P26_Y5_UO2489,I53_F26_m-1f-1_P53_Y-1_U197,I53_F26_m-1f-1_P53_Y-1_U34,MXY,2,0.0,1,0,0.0,0,0,0,-9999.0,0.5,1,P52_CV0,2,1,1,1,1,0,2,0,2
20,-1503771.641,444502.6321,E20_F70_m62f62_P20_Y5_UO2920,ID62_F20_m53f53_P26_Y1_UO2395,I62_F20_m-1f-1_P62_Y-1_U168,MXY,2,0.0,1,0,0.0,0,0,0,-9999.0,0.75,1,P52_CV0,2,2,0,1,1,0,2,0,2
20,-1503771.641,444502.6321,E20_F70_m62f62_P20_Y5_UO2883,I62_F20_m62f62_P20_Y3_UO2896,I62_F20_m70f70_P20_Y2_UO3262,FXX,2,0.0,1,0,1.0,0,0,0,-9999.0,0.5,1,P52_CV0,2,2,0,0,2,0,2,0,2
20,-1503771.641,444502.6321,E20_F70_m62f62_P20_Y5_UO2866,I62_F20_m53f53_P26_Y3_UO2501,I62_F20_m83f83_P20_Y2_UO3761,MXY,2,0.0,1,0,0.0,0,0,0,-9999.0,0.375,1,P52_CV0,2,1,1,2,0,0,2,0,2
20,-1503771.641,444502.6321,E20_F70_m62f62_P20_Y5_UO2958,I62_F20_m-1f-1_P62_Y-1_U66,I62_F20_m53f53_P26_Y2_UO2506,MXY,2,0.0,1,0,0.0,0,0,0,-9999.0,0.625,1,P52_CV0,2,2,0,1,1,0,2,0,2
20,-1503771.641,444502.6321,E20_F83_m62f62_P20_Y5_UO2907,I62_F20_m70f70_P20_Y2_UO3246,I62_F20_m53f53_P26_Y0_UO2715,MXY,2,0.0,1,0,0.0,0,0,0,-9999.0,0.5625,1,P52_CV0,2,1,1,0,2,0,2,0,2
20,-1503771.641,444502.6321,E20_F83_m62f62_P20_Y5_UO2918,I62_F20_m53f53_P26_Y2_UO2507,ID62_F20_m53f53_P26_Y2_UO2537,FXX,2,0.0,1,0,1.0,0,0,0,-9999.0,0.5,1,P52_CV0,2,2,0,1,1,0,2,0,2
20,-1503771.641,444502.6321,E20_F62_m62f62_P20_Y4_UO2912,I62_F20_m53f53_P26_Y0_UO2648,ID62_F20_m70f70_P20_Y1_UO3095,FXX,3,0.0,1,0,1.0,0,0,0,-9999.0,0.5,1,P52_CV0,2,1,1,1,1,0,2,0,2
20,-1503771.641,444502.6321,E20_F62_m53f53_P26_Y4_UO2440,I53_F26_m53f53_P26_Y1_UO2343,ID53_F26_m-1f-1_P53_Y-1_U133,FXX,3,0.0,1,0,1.0,0,0,0,-9999.0,0.5,1,P52_CV0,2,1,1,2,0,0,2,0,2
20,-1503771.641,444502.6321,E20_F62_m53f53_P26_Y4_UO2455,I53_F26_m-1f-1_P53_Y-1_U130,I53_F26_m-1f-1_P53_Y-1_U71,FXX,3,0.0,1,0,1.0,0,0,0,-9999.0,0.5,1,P52_CV0,2,1,1,2,0,0,2,0,2
20,-1503771.641,444502.6321,E20_F62_m62f62_P20_Y4_UO2894,ID62_F20_m53f53_P26_Y1_UO2395,I62_F20_m53f53_P26_Y2_UO2506,MXY,3,0.0,1,0,0.0,0,0,0,-9999.0,0.875,1,P52_CV0,2,1,1,1,1,0,2,0,2
20,-1503771.641,444502.6321,E20_F62_m53f53_P26_Y4_UO2458,ID53_F26_m-1f-1_P53_Y-1_U232,I53_F26_m53f53_P26_Y2_UO2534,MXY,3,0.0,1,0,0.0,0,0,0,-9999.0,0.5,1,P52_CV0,2,1,1,2,0,0,2,0,2
20,-1503771.641,444502.6321,E20_F62_m53f53_P26_Y4_UO2491,I53_F26_m-1f-1_P53_Y-1_U141,I53_F26_m-1f-1_P53_Y-1_U148,FXX,3,0.0,1,0,1.0,0,0,0,-9999.0,0.25,1,P52_CV0,2,1,1,2,0,0,2,0,2
20,-1503771.641,444502.6321,E20_F62_m53f53_P26_Y4_UO2435,I53_F26_m53f53_P26_Y2_UO2508,I53_F26_m53f53_P26_Y1_UO2406,FXX,3,0.0,1,0,1.0,0,0,0,-9999.0,0.5,1,P52_CV0,2,1,1,2,0,0,2,0,2
20,-1503771.641,444502.6321,E20_F62_m53f53_P26_Y4_UO2465,I53_F26_m-1f-1_P53_Y-1_U106,I53_F26_m53f53_P26_Y2_UO2489,MXY,3,0.0,1,0,0.0,0,0,0,-9999.0,0.75,1,P52_CV0,2,1,1,0,2,0,2,0,2
20,-1503771.641,444502.6321,E20_F62_m53f53_P26_Y4_UO2479,I53_F26_m-1f-1_P53_Y-1_U50,I53_F26_m-1f-1_P53_Y-1_U170,FXX,3,0.0,1,0,1.0,0,0,0,-9999.0,0.25,1,P52_CV0,2,1,1,2,0,0,2,0,2
20,-1503771.641,444502.6321,E20_F62_m62f62_P20_Y4_UO2933,I62_F20_m-1f-1_P62_Y-1_U225,ID62_F20_m53f53_P26_Y0_UO2710,MXY,3,0.0,1,0,0.0,0,0,0,-9999.0,0.25,1,P52_CV0,2,1,1,1,1,0,2,0,2
20,-1503771.641,444502.6321,E20_F62_m53f53_P26_Y4_UO2486,I53_F26_m-1f-1_P53_Y-1_U97,I53_F26_m-1f-1_P53_Y-1_U247,FXX,3,0.0,1,0,1.0,0,0,0,-9999.0,0.5,1,P52_CV0,2,1,1,0,2,0,2,0,2
20,-1503771.641,444502.6321,E20_F62_m53f53_P26_Y4_UO2483,I53_F26_m-1f-1_P53_Y-1_U67,I53_F26_m-1f-1_P53_Y-1_U151,MXY,3,0.0,1,0,0.0,0,0,0,-9999.0,0.5,1,P52_CV0,2,0,2,2,0,0,2,0,2
20,-1503771.641,444502.6321,E20_F62_m62f62_P20_Y4_UO2865,I62_F20_m53f53_P26_Y2_UO2476,I62_F20_m-1f-1_P62_Y-1_U102,FXX,3,0.0,1,0,1.0,0,0,0,-9999.0,0.125,1,P52_CV0,2,0,2,0,2,0,2,0,2
20,-1503771.641,444502.6321,E20_F70_m62f62_P20_Y4_UO2852,ID62_F20_m53f53_P26_Y2_UO2488,I62_F20_m53f53_P26_Y2_UO2492,FXX,3,0.0,1,0,1.0,0,0,0,-9999.0,0.5,1,P52_CV0,2,2,0,1,1,0,2,0,2
20,-1503771.641,444502.6321,E20_F62_m62f62_P20_Y3_UO2887,I62_F20_m70f70_P20_Y1_UO3111,I62_F20_m53f53_P26_Y1_UO2402,FXX,4,0.0,1,0,1.0,0,0,0,-9999.0,0.625,1,P52_CV0,2,2,0,0,2,0,2,0,2
20,-1503771.641,444502.6321,E20_F62_m62f62_P20_Y3_UO2956,I62_F20_m-1f-1_P62_Y-1_U110,ID62_F20_m53f53_P26_Y0_UO2647,FXX,4,0.0,1,0,1.0,0,0,0,-9999.0,0.375,1,P52_CV0,2,0,2,1,1,0,2,0,2
20,-1503771.641,444502.6321,E20_F62_m62f62_P20_Y3_UO2896,ID62_F20_m62f62_P20_Y1_UO2808,I62_F20_m53f53_P26_Y0_UO2715,FXX,4,0.0,1,0,1.0,0,0,0,-9999.0,0.5,1,P52_CV0,2,1,1,0,2,0,2,0,2
20,-1503771.641,444502.6321,E20_F62_m62f62_P20_Y3_UO2936,I62_F20_m-1f-1_P62_Y-1_U116,ID62_F20_m53f53_P26_Y0_UO2647,MXY,4,0.0,1,0,0.0,0,0,0,-9999.0,0.625,1,P52_CV0,2,1,1,1,1,0,2,0,2
20,-1503771.641,444502.6321,E20_F62_m53f53_P26_Y3_UO2501,I53_F26_m-1f-1_P53_Y-1_U139,I53_F26_m-1f-1_P53_Y-1_U19,FXX,4,0.0,1,0,1.0,0,0,0,-9999.0,0.25,1,P52_CV0,2,1,1,2,0,0,2,0,2
20,-1503771.641,444502.6321,E20_F62_m53f53_P26_Y3_UO2447,ID53_F26_m53f53_P26_Y1_UO2343,I53_F26_m53f53_P26_Y0_UO2646,FXX,4,0.0,1,0,1.0,0,0,0,-9999.0,0.5,1,P52_CV0,2,0,2,1,1,0,2,0,2
20,-1503771.641,444502.6321,E20_F70_m62f62_P20_Y3_UO2875,I62_F20_m53f53_P26_Y1_UO2361,ID62_F20_m-1f-1_P62_Y-1_U50,MXY,4,0.0,1,0,0.0,0,0,0,-9999.0,0.625,1,P52_CV0,2,2,0,1,1,0,2,0,2
20,-1503771.641,444502.6321,E20_F62_m53f53_P26_Y2_UO2520,I53_F26_m-1f-1_P53_Y-1_U126,I53_F26_m-1f-1_P53_Y-1_U202,MXY,5,0.0,1,0,0.0,0,0,0,-9999.0,0.5,1,P52_CV0,2,1,1,0,2,0,2,0,2
20,-1503771.641,444502.6321,E20_F62_m53f53_P26_Y2_UO2537,I53_F26_m-1f-1_P53_Y-1_U141,ID53_F26_m-1f-1_P53_Y-1_U96,MXY,5,0.0,1,0,0.0,0,0,0,-9999.0,0.5,1,P52_CV0,2,1,1,2,0,0,2,0,2
20,-1503771.641,444502.6321,E20_F62_m53f53_P26_Y2_UO2476,I53_F26_m53f53_P26_Y0_UO2704,ID53_F26_m-1f-1_P53_Y-1_U170,FXX,5,0.0,1,0,1.0,0,0,0,-9999.0,0.25,1,P52_CV0,2,0,2,1,1,0,2,0,2
20,-1503771.641,444502.6321,E20_F62_m53f53_P26_Y2_UO2481,I53_F26_m-1f-1_P53_Y-1_U66,I53_F26_m-1f-1_P53_Y-1_U216,FXX,5,0.0,1,0,1.0,0,0,0,-9999.0,0.0,1,P52_CV0,2,0,2,0,2,0,2,0,2
20,-1503771.641,444502.6321,E20_F62_m53f53_P26_Y2_UO2477,I53_F26_m-1f-1_P53_Y-1_U11,I53_F26_m-1f-1_P53_Y-1_U229,FXX,5,0.0,1,0,1.0,0,0,0,-9999.0,0.5,1,P52_CV0,2,0,2,2,0,0,2,0,2
20,-1503771.641,444502.6321,E20_F62_m53f53_P26_Y1_UO2409,I53_F26_m-1f-1_P53_Y-1_U233,ID53_F26_m-1f-1_P53_Y-1_U200,MXY,6,0.0,1,0,0.0,0,0,0,-9999.0,0.25,1,P52_CV0,2,0,2,2,0,0,2,0,2
20,-1503771.641,444502.6321,E20_F62_m53f53_P26_Y1_UO2417,I53_F26_m-1f-1_P53_Y-1_U193,ID53_F26_m-1f-1_P53_Y-1_U138,MXY,6,0.0,1,0,0.0,0,0,0,-9999.0,0.75,1,P52_CV0,2,1,1,0,2,0,2,0,2
20,-1503771.641,444502.6321,E20_F62_m53f53_P26_Y0_UO2697,R53_F53_m-1f-1_P53_Y-1_U182,R53_F53_m-1f-1_P53_Y-1_U74,MXY,7,0.0,1,0,0.0,0,0,0,-9999.0,0.75,1,P52_CV0,2,2,0,2,0,0,2,0,2
20,-1503771.641,444502.6321,E20_F53_m-1f-1_P53_Y-1_U225,-9999,-9999,MXY,10,0.0,1,0,0.0,0,0,0,-9999.0,0.5,1,P52_CV0,2,1,1,0,2,0,2,0,2
20,-1503771.641,444502.6321,Age0_F20_m62f62_P20_Y7_UO2849,I62_F20_m62f62_P20_Y5_UO2890,I62_F20_m53f53_P26_Y5_UO2491,MXY,0,0.0,0,0,0.0,0,0,0,0.0,0.5625,1,P61_CV0,2,1,1,1,1,0,2,0,2
20,-1503771.641,444502.6321,Age0_F20_m62f62_P20_Y7_UO2857,I62_F20_m70f70_P20_Y5_UO3231,I62_F20_m62f62_P20_Y5_UO2865,MXY,0,0.0,0,0,0.0,0,0,0,0.0,0.4375,1,P61_CV0,2,1,1,0,2,0,2,0,2
20,-1503771.641,444502.6321,Age0_F20_m62f62_P20_Y7_UO2858,I62_F20_m62f62_P20_Y5_UO2936,I62_F20_m62f62_P20_Y4_UO2867,MXY,0,0.0,0,0,0.0,0,0,0,0.0,0.6875,1,P61_CV0,2,1,1,1,1,0,2,0,2
20,-1503771.641,444502.6321,Age0_F20_m62f62_P20_Y7_UO2861,I62_F20_m83f83_P20_Y5_UO3821,I62_F20_m-1f-1_P62_Y-1_U139,FXX,0,0.0,0,0,0.0,0,0,0,0.0,0.875,1,P61_CV0,2,1,1,0,2,0,2,0,2
20,-1503771.641,444502.6321,Age0_F20_m62f62_P20_Y7_UO2864,I62_F20_m62f62_P20_Y5_UO2885,I62_F20_m70f70_P20_Y5_UO3218,FXX,0,0.0,0,0,0.0,0,0,0,0.0,0.46875,1,P61_CV0,2,1,1,1,1,0,2,0,2
20,-1503771.641,444502.6321,Age0_F20_m62f62_P20_Y7_UO2869,I62_F20_m62f62_P20_Y5_UO2864,I62_F20_m62f62_P20_Y5_UO2970,FXX,0,0.0,0,0,0.0,0,0,0,0.0,0.59375,1,P61_CV0,2,1,1,1,1,0,2,0,2
20,-1503771.641,444502.6321,Age0_F20_m62f62_P20_Y7_UO2871,I62_F20_m83f83_P20_Y5_UO3771,I62_F20_m62f62_P20_Y4_UO2867,MXY,0,0.0,0,0,0.0,0,0,0,0.0,0.5625,1,P61_CV0,2,0,2,0,2,0,2,0,2
20,-1503771.641,444502.6321,Age0_F20_m62f62_P20_Y7_UO2874,I62_F20_m62f62_P20_Y5_UO2862,I62_F20_m62f62_P20_Y5_UO2909,MXY,0,0.0,0,0,0.0,0,0,0,0.0,0.28125,1,P61_CV0,2,0,2,2,0,0,2,0,2
20,-1503771.641,444502.6321,Age0_F20_m62f62_P20_Y7_UO2875,I62_F20_m70f70_P20_Y5_UO3206,I62_F20_m-1f-1_P62_Y-1_U140,MXY,0,0.0,0,0,0.0,0,0,0,0.0,0.46875,1,P61_CV0,2,2,0,2,0,0,2,0,2
20,-1503771.641,444502.6321,Age0_F20_m62f62_P20_Y7_UO2876,I62_F20_m62f62_P20_Y5_UO2861,I62_F20_m83f83_P20_Y5_UO3802,FXX,0,0.0,0,0,0.0,0,0,0,0.0,0.625,1,P61_CV0,2,1,1,2,0,0,2,0,2
20,-1503771.641,444502.6321,Age0_F20_m62f62_P20_Y7_UO2880,I62_F20_m62f62_P20_Y5_UO2955,ID62_F20_m83f83_P20_Y4_UO3770,MXY,0,0.0,0,0,0.0,0,0,0,0.0,0.6875,1,P61_CV0,2,1,1,2,0,0,2,0,2
20,-1503771.641,444502.6321,Age0_F20_m62f62_P20_Y7_UO2881,I62_F20_m62f62_P20_Y5_UO2959,I62_F20_m62f62_P26_Y5_UO2870,FXX,0,0.0,0,0,0.0,0,0,0,0.0,0.59375,1,P61_CV0,2,2,0,1,1,0,2,0,2
20,-1503771.641,444502.6321,Age0_F20_m62f62_P20_Y7_UO2883,I62_F20_m53f53_P26_Y5_UO2466,ID62_F20_m62f62_P20_Y4_UO2925,FXX,0,0.0,0,0,0.0,0,0,0,0.0,0.375,1,P61_CV0,2,1,1,1,1,0,2,0,2
20,-1503771.641,444502.6321,Age0_F20_m62f62_P20_Y7_UO2888,I62_F20_m62f62_P20_Y5_UO2893,I62_F20_m-1f-1_P62_Y-1_U168,MXY,0,0.0,0,0,0.0,0,0,0,0.0,0.4375,1,P61_CV0,2,2,0,0,2,0,2,0,2
20,-1503771.641,444502.6321,Age0_F20_m62f62_P20_Y7_UO2889,I62_F20_m70f70_P20_Y4_UO3210,I62_F20_m62f62_P20_Y5_UO2909,MXY,0,0.0,0,0,0.0,0,0,0,0.0,0.3125,1,P61_CV0,2,1,1,1,1,0,2,0,2
20,-1503771.641,444502.6321,Age0_F20_m62f62_P20_Y7_UO2892,I62_F20_m53f53_P26_Y4_UO2440,I62_F20_m62f62_P20_Y2_UO2958,MXY,0,0.0,0,0,0.0,0,0,0,0.0,0.375,1,P61_CV0,2,0,2,2,0,0,2,0,2
20,-1503771.641,444502.6321,Age0_F20_m62f62_P20_Y7_UO2895,ID62_F20_m62f62_P20_Y4_UO2890,I62_F20_m83f83_P20_Y0_UO4038,MXY,0,0.0,0,0,0.0,0,0,0,0.0,0.6875,1,P61_CV0,2,1,1,1,1,0,2,0,2
20,-1503771.641,444502.6321,Age0_F20_m62f62_P20_Y7_UO2902,I62_F20_m62f62_P20_Y4_UO2917,I62_F20_m-1f-1_P62_Y-1_U6,MXY,0,0.0,0,0,0.0,0,0,0,0.0,0.6875,1,P61_CV0,2,1,1,1,1,0,2,0,2
20,-1503771.641,444502.6321,Age0_F20_m62f62_P20_Y7_UO2916,ID62_F20_m70f70_P20_Y4_UO3188,I62_F20_m-1f-1_P62_Y-1_U176,MXY,0,0.0,0,0,0.0,0,0,0,0.0,0.5,1,P61_CV0,2,2,0,2,0,0,2,0,2
20,-1503771.641,444502.6321,Age0_F20_m62f62_P20_Y7_UO2919,I62_F20_m70f70_P20_Y4_UO3200,I62_F20_m70f70_P20_Y3_UO3241,FXX,0,0.0,0,0,0.0,0,0,0,0.0,0.5625,1,P61_CV0,2,1,1,0,2,0,2,0,2
20,-1503771.641,444502.6321,Age0_F20_m62f62_P20_Y7_UO2923,I62_F20_m70f70_P20_Y3_UO3183,I62_F20_m83f83_P20_Y5_UO3800,MXY,0,0.0,0,0,0.0,0,0,0,0.0,0.375,1,P61_CV0,2,1,1,0,2,0,2,0,2
20,-1503771.641,444502.6321,Age0_F20_m62f62_P20_Y7_UO2925,I62_F20_m62f62_P20_Y3_UO2887,I62_F20_m70f70_P20_Y5_UO3237,MXY,0,0.0,0,0,0.0,0,0,0,0.0,0.4375,1,P61_CV0,2,2,0,1,1,0,2,0,2
20,-1503771.641,444502.6321,Age0_F20_m62f62_P20_Y7_UO2926,I62_F20_m83f83_P20_Y3_UO3770,I62_F20_m62f62_P20_Y5_UO2923,FXX,0,0.0,0,0,0.0,0,0,0,0.0,0.5,1,P61_CV0,2,0,2,0,2,0,2,0,2
20,-1503771.641,444502.6321,Age0_F20_m62f62_P20_Y7_UO2932,ID62_F20_m83f83_P20_Y3_UO3748,I62_F20_m-1f-1_P62_Y-1_U237,FXX,0,0.0,0,0,0.0,0,0,0,0.0,0.375,1,P61_CV0,2,1,1,2,0,0,2,0,2
20,-1503771.641,444502.6321,Age0_F20_m62f62_P20_Y7_UO2945,ID62_F20_m70f70_P20_Y3_UO3246,ID62_F20_m-1f-1_P62_Y-1_U123,FXX,0,0.0,0,0,0.0,0,0,0,0.0,0.625,1,P61_CV0,2,1,1,1,1,0,2,0,2
20,-1503771.641,444502.6321,Age0_F20_m62f62_P20_Y7_UO2947,I62_F20_m53f53_P26_Y3_UO2447,I62_F20_m70f70_P20_Y5_UO3234,MXY,0,0.0,0,0,0.0,0,0,0,0.0,0.5625,1,P61_CV0,2,0,2,0,2,0,2,0,2
20,-1503771.641,444502.6321,Age0_F20_m62f62_P20_Y7_UO2948,I62_F20_m62f62_P20_Y2_UO2977,I62_F20_m70f70_P20_Y4_UO3191,FXX,0,0.0,0,0,0.0,0,0,0,0.0,0.75,1,P61_CV0,2,2,0,1,1,0,2,0,2
20,-1503771.641,444502.6321,Age0_F20_m62f62_P20_Y7_UO2950,I62_F20_m53f53_P26_Y2_UO2481,ID62_F20_m-1f-1_P62_Y-1_U123,MXY,0,0.0,0,0,0.0,0,0,0,0.0,0.5,1,P61_CV0,2,1,1,0,2,0,2,0,2
20,-1503771.641,444502.6321,Age0_F20_m62f62_P20_Y7_UO2955,I62_F20_m62f62_P20_Y2_UO2928,I62_F20_m83f83_P20_Y5_UO3790,FXX,0,0.0,0,0,0.0,0,0,0,0.0,0.625,1,P61_CV0,2,1,1,1,1,0,2,0,2
20,-1503771.641,444502.6321,Age0_F20_m62f62_P20_Y7_UO2956,I62_F20_m70f70_P20_Y2_UO3246,I62_F20_m70f70_P20_Y4_UO3167,MXY,0,0.0,0,0,0.0,0,0,0,0.0,0.8125,1,P61_CV0,2,2,0,1,1,0,2,0,2
20,-1503771.641,444502.6321,Age0_F20_m62f62_P20_Y7_UO2957,I62_F20_m62f62_P20_Y2_UO2971,ID62_F20_m-1f-1_P62_Y-1_U123,MXY,0,0.0,0,0,0.0,0,0,0,0.0,0.75,1,P61_CV0,2,2,0,0,2,0,2,0,2
20,-1503771.641,444502.6321,Age0_F20_m62f62_P20_Y7_UO2959,I62_F20_m62f62_P20_Y2_UO2905,I62_F20_m83f83_P20_Y0_UO4096,MXY,0,0.0,0,0,0.0,0,0,0,0.0,0.25,1,P61_CV0,2,1,1,0,2,0,2,0,2
20,-1503771.641,444502.6321,Age0_F20_m62f62_P20_Y7_UO2960,ID62_F20_m83f83_P20_Y1_UO3556,I62_F20_m62f62_P20_Y5_UO2941,MXY,0,0.0,0,0,0.0,0,0,0,0.0,0.5,1,P61_CV0,2,1,1,2,0,0,2,0,2
20,-1503771.641,444502.6321,Age0_F20_m62f62_P20_Y7_UO2969,I62_F20_m62f62_P20_Y1_UO2784,I62_F20_m-1f-1_P62_Y-1_U6,FXX,0,0.0,0,0,0.0,0,0,0,0.0,0.75,1,P61_CV0,2,1,1,1,1,0,2,0,2
20,-1503771.641,444502.6321,Age0_F20_m62f62_P20_Y7_UO2971,I62_F20_m62f62_P20_Y0_UO3212,I62_F20_m53f53_P26_Y4_UO2458,MXY,0,0.0,0,0,0.0,0,0,0,0.0,0.25,1,P61_CV0,2,0,2,2,0,0,2,0,2
20,-1503771.641,444502.6321,Age0_F20_m62f62_P20_Y7_UO2975,I62_F20_m83f83_P20_Y0_UO4059,ID62_F20_m70f70_P20_Y2_UO3213,MXY,0,0.0,0,0,0.0,0,0,0,0.0,0.5,1,P61_CV0,2,0,2,2,0,0,2,0,2
20,-1503771.641,444502.6321,Age0_F20_m62f62_P20_Y7_UO2977,I62_F20_m62f62_P20_Y0_UO3151,I62_F20_m70f70_P20_Y1_UO3071,FXX,0,0.0,0,0,0.0,0,0,0,0.0,0.5,1,P61_CV0,2,1,1,0,2,0,2,0,2
20,-1503771.641,444502.6321,Age0_F20_m62f62_P20_Y7_UO2980,I62_F20_m-1f-1_P62_Y-1_U151,I62_F20_m-1f-1_P62_Y-1_U237,MXY,0,0.0,0,0,0.0,0,0,0,0.0,0.5,1,P61_CV0,2,1,1,1,1,0,2,0,2
20,-1503771.641,444502.6321,Age0_F20_m62f62_P20_Y7_UO2981,I62_F20_m-1f-1_P62_Y-1_U216,I62_F20_m70f70_P20_Y1_UO3071,MXY,0,0.0,0,0,0.0,0,0,0,0.0,0.75,1,P61_CV0,2,1,1,1,1,0,2,0,2
20,-1503771.641,444502.6321,Age0_F20_m62f62_P20_Y7_UO2982,I62_F20_m-1f-1_P62_Y-1_U205,I62_F20_m62f62_P20_Y5_UO2910,MXY,0,0.0,0,0,0.0,0,0,0,0.0,0.5625,1,P61_CV0,2,1,1,1,1,0,2,0,2
20,-1503771.641,444502.6321,Age0_F20_m62f62_P20_Y7_UO2983,ID62_F20_m-1f-1_P62_Y-1_U116,I62_F20_m83f83_P20_Y5_UO3820,FXX,0,0.0,0,0,0.0,0,0,0,0.0,0.625,1,P61_CV0,2,1,1,2,0,0,2,0,2
20,-1503771.641,444502.6321,Age0_F20_m62f62_P20_Y7_UO2984,I62_F26_m-1f-1_P62_Y-1_U66,ID62_F20_m70f70_P20_Y2_UO3213,FXX,0,0.0,0,0,0.0,0,0,0,0.0,0.375,1,P61_CV0,2,0,2,0,2,0,2,0,2
20,-1503771.641,444502.6321,Age0_F20_m62f62_P20_Y7_UO2986,I62_F20_m-1f-1_P62_Y-1_U53,I62_F20_m53f53_P26_Y5_UO2495,FXX,0,0.0,0,0,0.0,0,0,0,0.0,0.875,1,P61_CV0,2,1,1,1,1,0,2,0,2
20,-1503771.641,444502.6321,Age0_F20_m62f62_P20_Y7_UO2990,I62_F20_m-1f-1_P62_Y-1_U231,I62_F20_m70f70_P20_Y5_UO3237,MXY,0,0.0,0,0,0.0,0,0,0,0.0,0.125,1,P61_CV0,2,1,1,2,0,0,2,0,2
20,-1503771.641,444502.6321,Age0_F20_m62f62_P20_Y7_UO2991,ID62_F20_m-1f-1_P62_Y-1_U11,I62_F26_m-1f-1_P62_Y-1_U148,MXY,0,0.0,0,0,0.0,0,0,0,0.0,0.75,1,P61_CV0,2,2,0,0,2,0,2,0,2
20,-1503771.641,444502.6321,Age0_F20_m70f70_P20_Y7_UO3215,I70_F20_m62f62_P20_Y5_UO2901,I70_F20_m70f70_P20_Y1_UO3072,FXX,0,0.0,0,0,0.0,0,0,0,0.0,0.6875,1,P61_CV0,2,1,1,1,1,0,2,0,2
20,-1503771.641,444502.6321,Age0_F20_m70f70_P20_Y7_UO3222,I70_F20_m62f62_P20_Y5_UO2883,I70_F20_m62f62_P20_Y5_UO2963,FXX,0,0.0,0,0,0.0,0,0,0,0.0,0.375,1,P61_CV0,2,2,0,0,2,0,2,0,2
20,-1503771.641,444502.6321,Age0_F20_m70f70_P20_Y7_UO3227,I70_F20_m62f62_P20_Y5_UO2969,I70_F20_m83f83_P20_Y5_UO3807,MXY,0,0.0,0,0,0.0,0,0,0,0.0,0.625,1,P61_CV0,2,2,0,1,1,0,2,0,2
20,-1503771.641,444502.6321,Age0_F20_m70f70_P20_Y7_UO3231,I70_F20_m62f62_P20_Y5_UO2950,I70_F20_m83f83_P20_Y3_UO3756,MXY,0,0.0,0,0,0.0,0,0,0,0.0,0.40625,1,P61_CV0,2,1,1,2,0,0,2,0,2
20,-1503771.641,444502.6321,Age0_F20_m70f70_P20_Y7_UO3242,I70_F20_m83f83_P20_Y5_UO3780,ID70_F20_m70f70_P20_Y3_UO3202,FXX,0,0.0,0,0,0.0,0,0,0,0.0,0.4375,1,P61_CV0,2,1,1,2,0,0,2,0,2
20,-1503771.641,444502.6321,Age0_F20_m70f70_P20_Y7_UO3248,ID70_F20_m62f62_P20_Y4_UO2857,ID70_F20_m-1f-1_P83_Y-1_U178,FXX,0,0.0,0,0,0.0,0,0,0,0.0,0.5625,1,P61_CV0,2,0,2,1,1,0,2,0,2
20,-1503771.641,444502.6321,Age0_F20_m70f70_P20_Y7_UO3250,I70_F20_m83f83_P20_Y4_UO3767,I70_F20_m83f83_P20_Y5_UO3777,MXY,0,0.0,0,0,0.0,0,0,0,0.0,0.34375,1,P61_CV0,2,1,1,0,2,0,2,0,2
20,-1503771.641,444502.6321,Age0_F20_m70f70_P20_Y7_UO3252,I70_F20_m62f62_P20_Y4_UO2937,ID70_F20_m62f62_P20_Y4_UO2878,FXX,0,0.0,0,0,0.0,0,0,0,0.0,0.375,1,P61_CV0,2,1,1,1,1,0,2,0,2
20,-1503771.641,444502.6321,Age0_F20_m70f70_P20_Y7_UO3257,I70_F20_m62f62_P20_Y4_UO2902,I70_F20_m62f62_P20_Y4_UO2885,MXY,0,0.0,0,0,0.0,0,0,0,0.0,0.375,1,P61_CV0,2,2,0,0,2,0,2,0,2
20,-1503771.641,444502.6321,Age0_F20_m70f70_P20_Y7_UO3258,I70_F20_m70f70_P20_Y4_UO3254,I70_F20_m62f62_P20_Y3_UO2961,FXX,0,0.0,0,0,0.0,0,0,0,0.0,0.625,1,P61_CV0,2,1,1,0,2,0,2,0,2
20,-1503771.641,444502.6321,Age0_F20_m70f70_P20_Y7_UO3260,I70_F20_m62f62_P20_Y4_UO2855,I70_F20_m62f62_P20_Y3_UO2944,FXX,0,0.0,0,0,0.0,0,0,0,0.0,0.21875,1,P61_CV0,2,1,1,1,1,0,2,0,2
20,-1503771.641,444502.6321,Age0_F20_m70f70_P20_Y7_UO3262,ID70_F20_m70f70_P20_Y4_UO3225,ID70_F20_m70f70_P20_Y5_UO3240,MXY,0,0.0,0,0,0.0,0,0,0,0.0,0.53125,1,P61_CV0,2,1,1,1,1,0,2,0,2
20,-1503771.641,444502.6321,Age0_F20_m70f70_P20_Y7_UO3268,I70_F20_m70f70_P20_Y3_UO3213,I70_F20_m83f83_P20_Y2_UO3801,FXX,0,0.0,0,0,0.0,0,0,0,0.0,0.375,1,P61_CV0,2,1,1,1,1,0,2,0,2
20,-1503771.641,444502.6321,Age0_F20_m70f70_P20_Y7_UO3271,I70_F20_m70f70_P20_Y3_UO3188,I70_F20_m-1f-1_P83_Y-1_U19,FXX,0,0.0,0,0,0.0,0,0,0,0.0,0.6875,1,P61_CV0,2,2,0,2,0,0,2,0,2
20,-1503771.641,444502.6321,Age0_F20_m70f70_P20_Y7_UO3274,I70_F20_m62f62_P20_Y3_UO2960,I70_F20_m-1f-1_P70_Y-1_U233,FXX,0,0.0,0,0,0.0,0,0,0,0.0,0.625,1,P61_CV0,2,1,1,2,0,0,2,0,2
20,-1503771.641,444502.6321,Age0_F20_m70f70_P20_Y7_UO3275,ID70_F20_m70f70_P20_Y3_UO3242,I70_F20_m62f62_P20_Y5_UO2860,MXY,0,0.0,0,0,0.0,0,0,0,0.0,0.5625,1,P61_CV0,2,2,0,1,1,0,2,0,2
20,-1503771.641,444502.6321,Age0_F20_m70f70_P20_Y7_UO3276,I70_F20_m62f62_P20_Y2_UO2968,I70_F20_m70f70_P20_Y5_UO3290,MXY,0,0.0,0,0,0.0,0,0,0,0.0,0.5,1,P61_CV0,2,0,2,1,1,0,2,0,2
20,-1503771.641,444502.6321,Age0_F20_m70f70_P20_Y7_UO3277,ID70_F20_m62f62_P20_Y2_UO2953,ID70_F20_m70f70_P20_Y3_UO3244,MXY,0,0.0,0,0,0.0,0,0,0,0.0,0.375,1,P61_CV0,2,1,1,1,1,0,2,0,2
20,-1503771.641,444502.6321,Age0_F20_m70f70_P20_Y7_UO3283,I70_F20_m62f62_P20_Y2_UO2973,ID70_F20_m70f70_P20_Y3_UO3244,MXY,0,0.0,0,0,0.0,0,0,0,0.0,0.5,1,P61_CV0,2,2,0,0,2,0,2,0,2
20,-1503771.641,444502.6321,Age0_F20_m70f70_P20_Y7_UO3287,I70_F20_m62f62_P20_Y2_UO2970,ID70_F20_m62f62_P20_Y5_UO2881,FXX,0,0.0,0,0,0.0,0,0,0,0.0,0.34375,1,P61_CV0,2,1,1,2,0,0,2,0,2
20,-1503771.641,444502.6321,Age0_F20_m70f70_P20_Y7_UO3295,ID70_F20_m62f62_P20_Y1_UO2843,ID70_F20_m62f62_P20_Y4_UO2878,FXX,0,0.0,0,0,0.0,0,0,0,0.0,0.5,1,P61_CV0,2,1,1,0,2,0,2,0,2
20,-1503771.641,444502.6321,Age0_F20_m70f70_P20_Y7_UO3296,ID70_F20_m62f62_P20_Y0_UO3174,I70_F20_m62f62_P20_Y3_UO2950,FXX,0,0.0,0,0,0.0,0,0,0,0.0,0.375,1,P61_CV0,2,1,1,2,0,0,2,0,2
20,-1503771.641,444502.6321,Age0_F20_m70f70_P20_Y7_UO3299,I70_F20_m62f62_P20_Y0_UO3193,I70_F20_m70f70_P20_Y5_UO3290,FXX,0,0.0,0,0,0.0,0,0,0,0.0,0.5,1,P61_CV0,2,0,2,0,2,0,2,0,2
20,-1503771.641,444502.6321,Age0_F20_m70f70_P20_Y7_UO3301,I70_F20_m62f62_P20_Y0_UO3186,I70_F20_m62f62_P20_Y2_UO2940,FXX,0,0.0,0,0,0.0,0,0,0,0.0,0.5,1,P61_CV0,2,1,1,1,1,0,2,0,2
20,-1503771.641,444502.6321,Age0_F20_m70f70_P20_Y7_UO3302,I70_F20_m83f83_P20_Y0_UO4049,I70_F20_m62f62_P20_Y0_UO3218,MXY,0,0.0,0,0,0.0,0,0,0,0.0,0.375,1,P61_CV0,2,2,0,2,0,0,2,0,2
20,-1503771.641,444502.6321,Age0_F20_m70f70_P20_Y7_UO3303,I70_F20_m-1f-1_P83_Y-1_U68,I70_F20_m83f83_P20_Y5_UO3777,FXX,0,0.0,0,0,0.0,0,0,0,0.0,0.46875,1,P61_CV0,2,0,2,1,1,0,2,0,2
20,-1503771.641,444502.6321,Age0_F20_m70f70_P20_Y7_UO3310,I70_F20_m-1f-1_P70_Y-1_U83,I70_F20_m62f62_P20_Y0_UO3218,FXX,0,0.0,0,0,0.0,0,0,0,0.0,0.125,1,P61_CV0,2,0,2,0,2,0,2,0,2
20,-1503771.641,444502.6321,Age0_F20_m70f70_P20_Y7_UO3314,ID70_F20_m-1f-1_P70_Y-1_U109,I70_F20_m70f70_P20_Y4_UO3247,FXX,0,0.0,0,0,0.0,0,0,0,0.0,0.3125,1,P61_CV0,2,0,2,1,1,0,2,0,2
20,-1503771.641,444502.6321,Age0_F20_m70f70_P20_Y7_UO3316,I70_F20_m-1f-1_P70_Y-1_U116,I70_F20_m62f62_P20_Y3_UO2944,FXX,0,0.0,0,0,0.0,0,0,0,0.0,0.0,1,P61_CV0,2,0,2,2,0,0,2,0,2
20,-1503771.641,444502.6321,Age0_F20_m83f83_P20_Y7_UO3810,I83_F20_m70f70_P20_Y2_UO3195,I83_F20_m62f62_P20_Y1_UO2785,MXY,0,0.0,0,0,0.0,0,0,0,0.0,0.5,1,P61_CV0,2,1,1,0,2,0,2,0,2
20,-1503771.641,444502.6321,E20_F62_m62f62_P20_Y6_UO2880,ID62_F20_m62f62_P20_Y4_UO2868,I62_F20_m70f70_P20_Y4_UO3220,FXX,1,0.0,1,1,1.0,0,0,0,-9999.0,0.3125,1,P61_CV0,2,1,1,0,2,0,2,0,2
20,-1503771.641,444502.6321,E20_F62_m62f62_P20_Y6_UO2882,I62_F20_m70f70_P20_Y4_UO3200,I62_F20_m-1f-1_P62_Y-1_U176,MXY,1,0.0,1,1,0.0,0,0,0,-9999.0,0.4375,1,P61_CV0,2,0,2,0,2,0,2,0,2
20,-1503771.641,444502.6321,E20_F62_m62f62_P20_Y6_UO2886,I62_F20_m53f53_P26_Y4_UO2440,I62_F20_m-1f-1_P62_Y-1_U181,FXX,1,0.0,1,1,1.0,0,0,0,-9999.0,0.25,1,P61_CV0,2,1,1,2,0,0,2,0,2
20,-1503771.641,444502.6321,E20_F62_m62f62_P20_Y6_UO2888,I62_F20_m70f70_P20_Y4_UO3260,I62_F20_m62f62_P20_Y4_UO2925,FXX,1,0.0,1,1,1.0,0,0,0,-9999.0,0.40625,1,P61_CV0,2,0,2,1,1,0,2,0,2
20,-1503771.641,444502.6321,E20_F62_m62f62_P20_Y6_UO2891,ID62_F20_m83f83_P20_Y4_UO3750,I62_F20_m62f62_P20_Y4_UO2925,FXX,1,0.0,1,1,1.0,0,0,0,-9999.0,0.5,1,P61_CV0,2,1,1,1,1,0,2,0,2
20,-1503771.641,444502.6321,E20_F62_m62f62_P20_Y6_UO2895,I62_F20_m62f62_P20_Y4_UO2930,I62_F20_m62f62_P20_Y4_UO2862,MXY,1,0.0,1,1,0.0,0,0,0,-9999.0,0.40625,1,P61_CV0,2,1,1,1,1,0,2,0,2
20,-1503771.641,444502.6321,E20_F62_m62f62_P20_Y6_UO2896,I62_F20_m53f53_P26_Y4_UO2491,I62_F20_m-1f-1_P62_Y-1_U246,FXX,1,0.0,1,1,1.0,0,0,0,-9999.0,0.375,1,P61_CV0,2,0,2,2,0,0,2,0,2
20,-1503771.641,444502.6321,E20_F62_m62f62_P20_Y6_UO2897,I62_F20_m53f53_P26_Y4_UO2479,I62_F20_m-1f-1_P62_Y-1_U237,FXX,1,0.0,1,1,1.0,0,0,0,-9999.0,0.375,1,P61_CV0,2,0,2,2,0,0,2,0,2
20,-1503771.641,444502.6321,E20_F62_m62f62_P20_Y6_UO2906,I62_F20_m83f83_P20_Y4_UO3781,I62_F20_m-1f-1_P62_Y-1_U121,FXX,1,0.0,1,1,1.0,0,0,0,-9999.0,0.5625,1,P61_CV0,2,1,1,1,1,0,2,0,2
20,-1503771.641,444502.6321,E20_F62_m62f62_P20_Y6_UO2908,I62_F20_m70f70_P20_Y4_UO3187,I62_F20_m62f62_P20_Y3_UO2936,FXX,1,0.0,1,1,1.0,0,0,0,-9999.0,0.5,1,P61_CV0,2,1,1,1,1,0,2,0,2
20,-1503771.641,444502.6321,E20_F62_m62f62_P20_Y6_UO2923,I62_F20_m70f70_P20_Y3_UO3180,ID62_F20_m83f83_P20_Y4_UO3759,FXX,1,0.0,1,1,1.0,0,0,0,-9999.0,0.6875,1,P61_CV0,2,1,1,2,0,0,2,0,2
20,-1503771.641,444502.6321,E20_F62_m62f62_P20_Y6_UO2926,ID62_F20_m62f62_P20_Y3_UO2918,ID62_F20_m-1f-1_P62_Y-1_U68,MXY,1,0.0,1,1,0.0,0,0,0,-9999.0,0.5,1,P61_CV0,2,1,1,1,1,0,2,0,2
20,-1503771.641,444502.6321,E20_F62_m62f62_P20_Y6_UO2948,I62_F20_m62f62_P20_Y2_UO2928,I62_F20_m83f83_P20_Y4_UO3769,MXY,1,0.0,1,1,0.0,0,0,0,-9999.0,0.5,1,P61_CV0,2,1,1,0,2,0,2,0,2
20,-1503771.641,444502.6321,E20_F62_m62f62_P20_Y6_UO2949,ID62_F20_m62f62_P20_Y2_UO2971,I62_F20_m62f62_P20_Y4_UO2925,MXY,1,0.0,1,1,0.0,0,0,0,-9999.0,0.375,1,P61_CV0,2,2,0,1,1,0,2,0,2
20,-1503771.641,444502.6321,E20_F62_m62f62_P20_Y6_UO2958,ID62_F20_m62f62_P20_Y2_UO2951,I62_F20_m62f62_P20_Y4_UO2925,FXX,1,0.0,1,1,1.0,0,0,0,-9999.0,0.625,1,P61_CV0,2,1,1,0,2,0,2,0,2
20,-1503771.641,444502.6321,E20_F62_m62f62_P20_Y6_UO2966,I62_F20_m62f62_P20_Y1_UO2817,I62_F20_m83f83_P20_Y2_UO3819,FXX,1,0.0,1,1,1.0,0,0,0,-9999.0,0.5,1,P61_CV0,2,2,0,1,1,0,2,0,2
20,-1503771.641,444502.6321,E20_F62_m62f62_P20_Y6_UO2978,I62_F20_m62f62_P20_Y0_UO3151,ID62_F20_m62f62_P20_Y4_UO2875,MXY,1,0.0,1,1,0.0,0,0,0,-9999.0,0.375,1,P61_CV0,2,1,1,1,1,0,2,0,2
20,-1503771.641,444502.6321,E20_F62_m62f62_P20_Y6_UO2985,ID62_F20_m-1f-1_P62_Y-1_U216,I62_F20_m62f62_P20_Y2_UO2933,MXY,1,0.0,1,1,0.0,0,0,0,-9999.0,0.75,1,P61_CV0,2,1,1,0,2,0,2,0,2
20,-1503771.641,444502.6321,E20_F62_m62f62_P20_Y6_UO2991,I62_F20_m-1f-1_P62_Y-1_U147,ID62_F20_m83f83_P20_Y1_UO3575,MXY,1,0.0,1,1,0.0,0,0,0,-9999.0,0.625,1,P61_CV0,2,2,0,1,1,0,2,0,2
20,-1503771.641,444502.6321,E20_F62_m62f62_P20_Y6_UO2995,ID62_F20_m-1f-1_P62_Y-1_U239,I62_F20_m70f70_P20_Y3_UO3192,FXX,1,0.0,1,1,1.0,0,0,0,-9999.0,0.4375,1,P61_CV0,2,1,1,2,0,0,2,0,2
20,-1503771.641,444502.6321,E20_F62_m62f62_P20_Y6_UO2997,I62_F20_m-1f-1_P62_Y-1_U231,I62_F20_m-1f-1_P62_Y-1_U33,MXY,1,0.0,1,1,0.0,0,0,0,-9999.0,0.25,1,P61_CV0,2,1,1,0,2,0,2,0,2
20,-1503771.641,444502.6321,E20_F62_m62f62_P20_Y6_UO3000,I62_F20_m-1f-1_P62_Y-1_U11,ID62_F20_m53f53_P26_Y2_UO2506,FXX,1,0.0,1,1,1.0,0,0,0,-9999.0,0.625,1,P61_CV0,2,1,1,1,1,0,2,0,2
20,-1503771.641,444502.6321,E20_F62_m70f70_P20_Y6_UO3224,I70_F20_m62f62_P20_Y4_UO2937,I70_F20_m70f70_P20_Y2_UO3194,MXY,1,0.0,1,1,0.0,0,0,0,-9999.0,0.5625,1,P61_CV0,2,1,1,2,0,0,2,0,2
20,-1503771.641,444502.6321,E20_F62_m70f70_P20_Y6_UO3231,I70_F20_m62f62_P20_Y4_UO2855,I70_F20_m70f70_P20_Y3_UO3251,MXY,1,0.0,1,1,0.0,0,0,0,-9999.0,0.46875,1,P61_CV0,2,0,2,1,1,0,2,0,2
20,-1503771.641,444502.6321,E20_F62_m70f70_P20_Y6_UO3240,I70_F20_m83f83_P20_Y4_UO3796,I70_F20_m62f62_P20_Y2_UO2940,MXY,1,0.0,1,1,0.0,0,0,0,-9999.0,0.625,1,P61_CV0,2,2,0,0,2,0,2,0,2
20,-1503771.641,444502.6321,E20_F62_m70f70_P20_Y6_UO3248,I70_F20_m62f62_P20_Y4_UO2931,I70_F20_m83f83_P20_Y4_UO3760,FXX,1,0.0,1,1,1.0,0,0,0,-9999.0,0.6875,1,P61_CV0,2,2,0,2,0,0,2,0,2
20,-1503771.641,444502.6321,E20_F62_m70f70_P20_Y6_UO3249,I70_F20_m62f62_P20_Y4_UO2902,I70_F20_m62f62_P20_Y2_UO2980,MXY,1,0.0,1,1,0.0,0,0,0,-9999.0,0.375,1,P61_CV0,2,2,0,1,1,0,2,0,2
20,-1503771.641,444502.6321,E20_F62_m70f70_P20_Y6_UO3261,ID70_F20_m70f70_P20_Y3_UO3213,I70_F20_m-1f-1_P70_Y-1_U126,FXX,1,0.0,1,1,1.0,0,0,0,-9999.0,0.625,1,P61_CV0,2,2,0,2,0,0,2,0,2
20,-1503771.641,444502.6321,E20_F62_m70f70_P20_Y6_UO3265,I70_F20_m62f62_P20_Y3_UO2960,ID70_F20_m62f62_P20_Y2_UO2898,MXY,1,0.0,1,1,0.0,0,0,0,-9999.0,0.625,1,P61_CV0,2,1,1,1,1,0,2,0,2
20,-1503771.641,444502.6321,E20_F62_m70f70_P20_Y6_UO3269,ID70_F20_m70f70_P20_Y3_UO3242,I70_F20_m62f62_P20_Y4_UO2945,MXY,1,0.0,1,1,0.0,0,0,0,-9999.0,0.6875,1,P61_CV0,2,1,1,1,1,0,2,0,2
20,-1503771.641,444502.6321,E20_F62_m70f70_P20_Y6_UO3270,ID70_F20_m70f70_P20_Y3_UO3247,I70_F20_m70f70_P20_Y4_UO3208,MXY,1,0.0,1,1,0.0,0,0,0,-9999.0,0.53125,1,P61_CV0,2,1,1,1,1,0,2,0,2
20,-1503771.641,444502.6321,E20_F62_m70f70_P20_Y6_UO3277,ID70_F20_m62f62_P20_Y2_UO2973,I70_F20_m62f62_P20_Y3_UO2944,MXY,1,0.0,1,1,0.0,0,0,0,-9999.0,0.25,1,P61_CV0,2,1,1,1,1,0,2,0,2
20,-1503771.641,444502.6321,E20_F62_m70f70_P20_Y6_UO3295,I70_F20_m83f83_P20_Y1_UO3631,ID70_F20_m62f62_P20_Y2_UO2898,FXX,1,0.0,1,1,1.0,0,0,0,-9999.0,0.625,1,P61_CV0,2,2,0,0,2,0,2,0,2
20,-1503771.641,444502.6321,E20_F62_m70f70_P20_Y6_UO3299,I70_F20_m83f83_P20_Y0_UO4041,I70_F20_m62f62_P20_Y0_UO3218,MXY,1,0.0,1,1,0.0,0,0,0,-9999.0,0.5,1,P61_CV0,2,2,0,2,0,0,2,0,2
20,-1503771.641,444502.6321,E20_F62_m70f70_P20_Y6_UO3300,I70_F20_m62f62_P20_Y0_UO3186,ID70_F20_m70f70_P20_Y1_UO3085,MXY,1,0.0,1,1,0.0,0,0,0,-9999.0,0.5,1,P61_CV0,2,0,2,2,0,0,2,0,2
20,-1503771.641,444502.6321,E20_F62_m70f70_P20_Y6_UO3305,I70_F20_m-1f-1_P70_Y-1_U203,I70_F20_m62f62_P20_Y3_UO2870,FXX,1,0.0,1,1,1.0,0,0,0,-9999.0,0.6875,1,P61_CV0,2,1,1,1,1,0,2,0,2
20,-1503771.641,444502.6321,E20_F62_m70f70_P20_Y6_UO3322,I70_F20_m-1f-1_P70_Y-1_U210,I70_F20_m62f62_P20_Y0_UO3218,FXX,1,0.0,1,1,1.0,0,0,0,-9999.0,0.625,1,P61_CV0,2,1,1,1,1,0,2,0,2
20,-1503771.641,444502.6321,E20_F62_m83f83_P20_Y6_UO3818,ID83_F20_m62f62_P20_Y4_UO2923,I83_F20_m62f62_P20_Y0_UO3217,FXX,1,0.0,1,1,1.0,0,0,0,-9999.0,0.5625,1,P61_CV0,2,1,1,2,0,0,2,0,2
20,-1503771.641,444502.6321,E20_F62_m83f83_P20_Y6_UO3819,I83_F20_m83f83_P20_Y4_UO3754,I83_F20_m62f62_P20_Y1_UO2785,MXY,1,0.0,1,1,0.0,0,0,0,-9999.0,0.4375,1,P61_CV0,2,1,1,0,2,0,2,0,2
20,-1503771.641,444502.6321,E20_F62_m83f83_P20_Y6_UO3823,I83_F20_m62f62_P20_Y2_UO2954,I83_F20_m-1f-1_P83_Y-1_U204,MXY,1,0.0,1,1,0.0,0,0,0,-9999.0,0.1875,1,P61_CV0,2,0,2,0,2,0,2,0,2
20,-1503771.641,444502.6321,E20_F62_m83f83_P20_Y6_UO3826,I83_F20_m70f70_P20_Y1_UO3086,ID83_F20_m62f62_P20_Y0_UO3142,FXX,1,0.0,1,1,1.0,0,0,0,-9999.0,0.625,1,P61_CV0,2,2,0,1,1,0,2,0,2
20,-1503771.641,444502.6321,E20_F62_m83f83_P20_Y6_UO3834,I83_F20_m-1f-1_P70_Y-1_U213,I83_F20_m62f62_P20_Y1_UO2785,FXX,1,0.0,1,1,1.0,0,0,0,-9999.0,0.5,1,P61_CV0,2,0,2,0,2,0,2,0,2
20,-1503771.641,444502.6321,E20_F62_m83f83_P20_Y6_UO3852,ID83_F20_m-1f-1_P70_Y-1_U166,ID83_F20_m62f62_P20_Y0_UO3142,FXX,1,0.0,1,1,1.0,0,0,0,-9999.0,0.75,1,P61_CV0,2,2,0,1,1,0,2,0,2
20,-1503771.641,444502.6321,E20_F62_m62f62_P26_Y6_UO2989,I62_F20_m-1f-1_P62_Y-1_U66,I62_F20_m-1f-1_P62_Y-1_U139,FXX,1,0.0,1,1,1.0,0,0,0,-9999.0,0.75,1,P61_CV0,2,1,1,0,2,0,2,0,2
20,-1503771.641,444502.6321,E20_F70_m62f62_P20_Y6_UO2865,I62_F20_m70f70_P20_Y4_UO3231,I62_F20_m-1f-1_P62_Y-1_U6,FXX,1,0.0,1,1,1.0,0,0,0,-9999.0,0.625,1,P61_CV0,2,2,0,2,0,0,2,0,2
20,-1503771.641,444502.6321,E20_F70_m62f62_P20_Y6_UO2867,ID62_F20_m62f62_P20_Y4_UO2890,I62_F20_m-1f-1_P62_Y-1_U102,MXY,1,0.0,1,1,0.0,0,0,0,-9999.0,0.3125,1,P61_CV0,2,0,2,1,1,0,2,0,2
20,-1503771.641,444502.6321,E20_F70_m62f62_P20_Y6_UO2876,ID62_F20_m70f70_P20_Y4_UO3210,I62_F20_m83f83_P20_Y0_UO4042,FXX,1,0.0,1,1,1.0,0,0,0,-9999.0,0.8125,1,P61_CV0,2,2,0,1,1,0,2,0,2
20,-1503771.641,444502.6321,E20_F70_m62f62_P20_Y6_UO2889,ID62_F20_m62f62_P20_Y4_UO2866,ID62_F20_m70f70_P20_Y4_UO3196,FXX,1,0.0,1,1,1.0,0,0,0,-9999.0,0.65625,1,P61_CV0,2,1,1,2,0,0,2,0,2
20,-1503771.641,444502.6321,E20_F70_m62f62_P20_Y6_UO2903,ID62_F20_m70f70_P20_Y4_UO3250,I62_F20_m62f62_P20_Y0_UO3179,FXX,1,0.0,1,1,1.0,0,0,0,-9999.0,0.5625,1,P61_CV0,2,1,1,2,0,0,2,0,2
20,-1503771.641,444502.6321,E20_F70_m62f62_P20_Y6_UO2910,ID62_F20_m62f62_P20_Y3_UO2892,ID62_F20_m-1f-1_P62_Y-1_U49,FXX,1,0.0,1,1,1.0,0,0,0,-9999.0,0.5,1,P61_CV0,2,2,0,1,1,0,2,0,2
20,-1503771.641,444502.6321,E20_F70_m62f62_P20_Y6_UO2921,I62_F20_m62f62_P20_Y3_UO2951,ID62_F20_m62f62_P20_Y3_UO2916,MXY,1,0.0,1,1,0.0,0,0,0,-9999.0,0.25,1,P61_CV0,2,1,1,2,0,0,2,0,2
20,-1503771.641,444502.6321,E20_F70_m62f62_P20_Y6_UO2925,ID62_F20_m83f83_P20_Y3_UO3748,I62_F20_m-1f-1_P62_Y-1_U42,MXY,1,0.0,1,1,0.0,0,0,0,-9999.0,0.125,1,P61_CV0,2,1,1,1,1,0,2,0,2
20,-1503771.641,444502.6321,E20_F70_m62f62_P20_Y6_UO2928,I62_F20_m70f70_P20_Y3_UO3218,I62_F20_m-1f-1_P62_Y-1_U176,FXX,1,0.0,1,1,1.0,0,0,0,-9999.0,0.5625,1,P61_CV0,2,0,2,0,2,0,2,0,2
20,-1503771.641,444502.6321,E20_F70_m62f62_P20_Y6_UO2932,I62_F20_m83f83_P20_Y3_UO3770,ID62_F20_m-1f-1_P62_Y-1_U57,MXY,1,0.0,1,1,0.0,0,0,0,-9999.0,0.625,1,P61_CV0,2,1,1,2,0,0,2,0,2
20,-1503771.641,444502.6321,E20_F70_m62f62_P20_Y6_UO2945,ID62_F20_m53f53_P26_Y2_UO2477,I62_F20_m62f62_P20_Y4_UO2862,FXX,1,0.0,1,1,1.0,0,0,0,-9999.0,0.65625,1,P61_CV0,2,1,1,1,1,0,2,0,2
20,-1503771.641,444502.6321,E20_F70_m62f62_P20_Y6_UO2946,I62_F20_m62f62_P20_Y2_UO2908,I62_F26_m83f83_P20_Y1_UO3590,FXX,1,0.0,1,1,1.0,0,0,0,-9999.0,0.5,1,P61_CV0,2,1,1,2,0,0,2,0,2
20,-1503771.641,444502.6321,E20_F70_m62f62_P20_Y6_UO2955,I62_F20_m62f62_P20_Y2_UO2891,I62_F20_m62f62_P20_Y0_UO3179,MXY,1,0.0,1,1,0.0,0,0,0,-9999.0,0.4375,1,P61_CV0,2,2,0,2,0,0,2,0,2
20,-1503771.641,444502.6321,E20_F70_m62f62_P20_Y6_UO2957,I62_F20_m70f70_P20_Y2_UO3246,I62_F20_m53f53_P26_Y4_UO2458,MXY,1,0.0,1,1,0.0,0,0,0,-9999.0,0.6875,1,P61_CV0,2,2,0,2,0,0,2,0,2
20,-1503771.641,444502.6321,E20_F70_m62f62_P20_Y6_UO2965,I62_F20_m83f83_P20_Y1_UO3594,I62_F20_m62f62_P20_Y3_UO2940,FXX,1,0.0,1,1,1.0,0,0,0,-9999.0,0.5,1,P61_CV0,2,0,2,1,1,0,2,0,2
20,-1503771.641,444502.6321,E20_F70_m62f62_P20_Y6_UO2968,I62_F20_m53f53_P26_Y1_UO2353,I62_F20_m70f70_P20_Y4_UO3191,FXX,1,0.0,1,1,1.0,0,0,0,-9999.0,0.625,1,P61_CV0,2,2,0,1,1,0,2,0,2
20,-1503771.641,444502.6321,E20_F70_m62f62_P20_Y6_UO2972,I62_F20_m62f62_P20_Y1_UO2784,I62_F20_m70f70_P20_Y4_UO3220,FXX,1,0.0,1,1,1.0,0,0,0,-9999.0,0.25,1,P61_CV0,2,0,2,1,1,0,2,0,2
20,-1503771.641,444502.6321,E20_F70_m62f62_P20_Y6_UO2982,I62_F20_m62f62_P20_Y0_UO3216,ID62_F20_m70f70_P20_Y2_UO3213,MXY,1,0.0,1,1,0.0,0,0,0,-9999.0,0.5,1,P61_CV0,2,1,1,2,0,0,2,0,2
20,-1503771.641,444502.6321,E20_F70_m62f62_P20_Y6_UO2983,I62_F20_m-1f-1_P62_Y-1_U71,ID62_F20_m-1f-1_P62_Y-1_U57,MXY,1,0.0,1,1,0.0,0,0,0,-9999.0,0.75,1,P61_CV0,2,1,1,2,0,0,2,0,2
20,-1503771.641,444502.6321,E20_F70_m62f62_P20_Y6_UO2988,ID62_F20_m-1f-1_P62_Y-1_U134,I62_F20_m70f70_P20_Y3_UO3262,FXX,1,0.0,1,1,1.0,0,0,0,-9999.0,0.5,1,P61_CV0,2,2,0,1,1,0,2,0,2
20,-1503771.641,444502.6321,E20_F70_m62f62_P20_Y6_UO2990,I62_F20_m-1f-1_P62_Y-1_U53,I62_F20_m-1f-1_P62_Y-1_U148,FXX,1,0.0,1,1,1.0,0,0,0,-9999.0,1.0,1,P61_CV0,2,2,0,0,2,0,2,0,2
20,-1503771.641,444502.6321,E20_F70_m62f62_P20_Y6_UO2992,I62_F20_m-1f-1_P62_Y-1_U32,I62_F20_m70f70_P20_Y3_UO3241,FXX,1,0.0,1,1,1.0,0,0,0,-9999.0,0.625,1,P61_CV0,2,1,1,1,1,0,2,0,2
20,-1503771.641,444502.6321,E20_F70_m62f62_P20_Y6_UO2996,I62_F20_m-1f-1_P62_Y-1_U158,ID62_F20_m70f70_P20_Y3_UO3212,MXY,1,0.0,1,1,0.0,0,0,0,-9999.0,0.1875,1,P61_CV0,2,0,2,2,0,0,2,0,2
20,-1503771.641,444502.6321,E20_F70_m70f70_P20_Y6_UO3232,I70_F20_m62f62_P20_Y4_UO2857,I70_F20_m70f70_P20_Y4_UO3208,MXY,1,0.0,1,1,0.0,0,0,0,-9999.0,0.71875,1,P61_CV0,2,2,0,1,1,0,2,0,2
20,-1503771.641,444502.6321,E20_F70_m70f70_P20_Y6_UO3236,I70_F20_m62f62_P20_Y4_UO2948,I70_F20_m-1f-1_P70_Y-1_U126,FXX,1,0.0,1,1,1.0,0,0,0,-9999.0,0.5,1,P61_CV0,2,0,2,1,1,0,2,0,2
20,-1503771.641,444502.6321,E20_F70_m70f70_P20_Y6_UO3241,I70_F20_m70f70_P20_Y4_UO3198,I70_F20_m70f70_P20_Y3_UO3179,MXY,1,0.0,1,1,0.0,0,0,0,-9999.0,0.6875,1,P61_CV0,2,2,0,0,2,0,2,0,2
20,-1503771.641,444502.6321,E20_F70_m70f70_P20_Y6_UO3242,I70_F20_m70f70_P20_Y4_UO3183,I70_F20_m62f62_P20_Y0_UO3139,MXY,1,0.0,1,1,0.0,0,0,0,-9999.0,0.5,1,P61_CV0,2,1,1,2,0,0,2,0,2
20,-1503771.641,444502.6321,E20_F70_m70f70_P20_Y6_UO3252,I70_F20_m70f70_P20_Y4_UO3225,ID70_F20_m-1f-1_P70_Y-1_U233,FXX,1,0.0,1,1,1.0,0,0,0,-9999.0,0.5,1,P61_CV0,2,0,2,2,0,0,2,0,2
20,-1503771.641,444502.6321,E20_F70_m70f70_P20_Y6_UO3256,I70_F20_m70f70_P20_Y3_UO3188,I70_F20_m70f70_P20_Y3_UO3202,FXX,1,0.0,1,1,1.0,0,0,0,-9999.0,0.25,1,P61_CV0,2,1,1,1,1,0,2,0,2
20,-1503771.641,444502.6321,E20_F70_m70f70_P20_Y6_UO3273,I70_F20_m62f62_P20_Y2_UO2968,ID70_F20_m-1f-1_P83_Y-1_U247,MXY,1,0.0,1,1,0.0,0,0,0,-9999.0,0.75,1,P61_CV0,2,2,0,2,0,0,2,0,2
20,-1503771.641,444502.6321,E20_F70_m70f70_P20_Y6_UO3276,I70_F20_m62f62_P20_Y2_UO2970,I70_F20_m-1f-1_P70_Y-1_U161,FXX,1,0.0,1,1,1.0,0,0,0,-9999.0,0.0,1,P61_CV0,2,0,2,1,1,0,2,0,2
20,-1503771.641,444502.6321,E20_F70_m70f70_P20_Y6_UO3278,I70_F20_m70f70_P20_Y2_UO3217,I70_F20_m62f62_P20_Y4_UO2864,FXX,1,0.0,1,1,1.0,0,0,0,-9999.0,0.5,1,P61_CV0,2,1,1,1,1,0,2,0,2
20,-1503771.641,444502.6321,E20_F70_m70f70_P20_Y6_UO3279,I70_F20_m62f62_P20_Y2_UO2941,I70_F20_m-1f-1_P83_Y-1_U178,FXX,1,0.0,1,1,1.0,0,0,0,-9999.0,0.75,1,P61_CV0,2,2,0,2,0,0,2,0,2
20,-1503771.641,444502.6321,E20_F70_m70f70_P20_Y6_UO3282,I70_F20_m83f83_P20_Y2_UO3802,I70_F20_m62f62_P20_Y4_UO2945,FXX,1,0.0,1,1,1.0,0,0,0,-9999.0,0.6875,1,P61_CV0,2,2,0,2,0,0,2,0,2
20,-1503771.641,444502.6321,E20_F70_m70f70_P20_Y6_UO3285,I70_F20_m62f62_P20_Y2_UO2953,I70_F20_m83f83_P20_Y3_UO3780,FXX,1,0.0,1,1,1.0,0,0,0,-9999.0,0.625,1,P61_CV0,2,1,1,2,0,0,2,0,2
20,-1503771.641,444502.6321,E20_F70_m70f70_P20_Y6_UO3287,I70_F20_m62f62_P20_Y1_UO2779,I70_F20_m-1f-1_P70_Y-1_U50,FXX,1,0.0,1,1,1.0,0,0,0,-9999.0,0.25,1,P61_CV0,2,1,1,1,1,0,2,0,2
20,-1503771.641,444502.6321,E20_F70_m70f70_P20_Y6_UO3293,I70_F20_m62f62_P20_Y1_UO2803,I70_F20_m62f62_P20_Y3_UO2870,MXY,1,0.0,1,1,0.0,0,0,0,-9999.0,0.6875,1,P61_CV0,2,1,1,1,1,0,2,0,2
20,-1503771.641,444502.6321,E20_F70_m70f70_P20_Y6_UO3294,I70_F20_m70f70_P20_Y1_UO3112,I70_F20_m62f62_P20_Y0_UO3139,MXY,1,0.0,1,1,0.0,0,0,0,-9999.0,0.75,1,P61_CV0,2,2,0,1,1,0,2,0,2
20,-1503771.641,444502.6321,E20_F70_m70f70_P20_Y6_UO3296,I70_F20_m62f62_P20_Y0_UO3174,I70_F20_m70f70_P20_Y2_UO3194,MXY,1,0.0,1,1,0.0,0,0,0,-9999.0,0.5625,1,P61_CV0,2,2,0,2,0,0,2,0,2
20,-1503771.641,444502.6321,E20_F70_m70f70_P20_Y6_UO3297,ID70_F20_m83f83_P20_Y0_UO4049,I70_F20_m62f62_P20_Y2_UO2940,MXY,1,0.0,1,1,0.0,0,0,0,-9999.0,0.5,1,P61_CV0,2,1,1,1,1,0,2,0,2
20,-1503771.641,444502.6321,E20_F70_m70f70_P20_Y6_UO3298,I70_F20_m62f62_P20_Y0_UO3193,I70_F20_m70f70_P20_Y3_UO3251,MXY,1,0.0,1,1,0.0,0,0,0,-9999.0,0.5,1,P61_CV0,2,2,0,2,0,0,2,0,2
20,-1503771.641,444502.6321,E20_F70_m70f70_P20_Y6_UO3302,ID70_F20_m62f62_P20_Y0_UO3156,ID70_F20_m-1f-1_P70_Y-1_U76,FXX,1,0.0,1,1,1.0,0,0,0,-9999.0,0.875,1,P61_CV0,2,2,0,2,0,0,2,0,2
20,-1503771.641,444502.6321,E20_F70_m70f70_P20_Y6_UO3312,I70_F20_m-1f-1_P70_Y-1_U100,I70_F20_m62f62_P20_Y0_UO3139,FXX,1,0.0,1,1,1.0,0,0,0,-9999.0,0.625,1,P61_CV0,2,1,1,2,0,0,2,0,2
20,-1503771.641,444502.6321,E20_F70_m83f83_P20_Y6_UO3817,ID83_F20_m62f62_P20_Y4_UO2916,ID83_F20_m-1f-1_P83_Y-1_U13,FXX,1,0.0,1,1,1.0,0,0,0,-9999.0,0.28125,1,P61_CV0,2,1,1,0,2,0,2,0,2
20,-1503771.641,444502.6321,E20_F70_m83f83_P20_Y6_UO3846,ID83_F20_m-1f-1_P70_Y-1_U22,I83_F20_m62f62_P20_Y0_UO3217,MXY,1,0.0,1,1,0.0,0,0,0,-9999.0,0.5,1,P61_CV0,2,1,1,1,1,0,2,0,2
20,-1503771.641,444502.6321,E20_F83_m62f62_P20_Y6_UO2918,I62_F20_m83f83_P20_Y3_UO3777,I62_F20_m-1f-1_P62_Y-1_U168,MXY,1,0.0,1,1,0.0,0,0,0,-9999.0,0.5,1,P61_CV0,2,0,2,0,2,0,2,0,2
20,-1503771.641,444502.6321,E20_F62_m70f70_P20_Y5_UO3237,I70_F20_m62f62_P20_Y2_UO2970,I70_F20_m70f70_P20_Y1_UO3064,MXY,2,0.0,1,0,0.0,0,0,0,-9999.0,0.25,1,P61_CV0,2,1,1,1,1,0,2,0,2
20,-1503771.641,444502.6321,E20_F62_m70f70_P20_Y5_UO3234,I70_F20_m70f70_P20_Y2_UO3217,I70_F20_m62f62_P20_Y2_UO2980,MXY,2,0.0,1,0,0.0,0,0,0,-9999.0,0.625,1,P61_CV0,2,1,1,1,1,0,2,0,2
20,-1503771.641,444502.6321,E20_F62_m62f62_P20_Y5_UO2882,I62_F20_m62f62_P26_Y3_UO2957,ID62_F20_m70f70_P20_Y3_UO3241,FXX,2,0.0,1,0,1.0,0,0,0,-9999.0,0.75,1,P61_CV0,2,0,2,0,2,0,2,0,2
20,-1503771.641,444502.6321,E20_F62_m62f62_P20_Y5_UO2890,I62_F20_m83f83_P20_Y3_UO3769,I62_F20_m62f62_P20_Y2_UO2933,FXX,2,0.0,1,0,1.0,0,0,0,-9999.0,0.5,1,P61_CV0,2,0,2,2,0,0,2,0,2
20,-1503771.641,444502.6321,E20_F62_m62f62_P20_Y5_UO2960,I62_F20_m-1f-1_P62_Y-1_U147,I62_F20_m-1f-1_P62_Y-1_U6,MXY,2,0.0,1,0,0.0,0,0,0,-9999.0,0.75,1,P61_CV0,2,1,1,0,2,0,2,0,2
20,-1503771.641,444502.6321,E20_F62_m70f70_P20_Y5_UO3231,I70_F20_m62f62_P20_Y2_UO2956,ID70_F20_m62f62_P20_Y2_UO2940,FXX,2,0.0,1,0,1.0,0,0,0,-9999.0,0.625,1,P61_CV0,2,2,0,0,2,0,2,0,2
20,-1503771.641,444502.6321,E20_F62_m62f62_P20_Y5_UO2936,ID62_F20_m70f70_P20_Y1_UO3097,ID62_F20_m-1f-1_P62_Y-1_U124,FXX,2,0.0,1,0,1.0,0,0,0,-9999.0,0.875,1,P61_CV0,2,1,1,1,1,0,2,0,2
20,-1503771.641,444502.6321,E20_F62_m62f62_P20_Y5_UO2909,ID62_F20_m53f53_P26_Y2_UO2481,I62_F20_m62f62_P20_Y2_UO2960,MXY,2,0.0,1,0,0.0,0,0,0,-9999.0,0.0,1,P61_CV0,2,0,2,1,1,0,2,0,2
20,-1503771.641,444502.6321,E20_F62_m62f62_P20_Y5_UO2913,I62_F20_m62f62_P20_Y2_UO2908,I62_F20_m62f62_P20_Y0_UO3179,MXY,2,0.0,1,0,0.0,0,0,0,-9999.0,0.5,1,P61_CV0,2,2,0,1,1,0,2,0,2
20,-1503771.641,444502.6321,E20_F62_m62f62_P20_Y5_UO2923,I62_F20_m83f83_P20_Y1_UO3626,I62_F20_m70f70_P20_Y2_UO3213,MXY,2,0.0,1,0,0.0,0,0,0,-9999.0,0.25,1,P61_CV0,2,1,1,0,2,0,2,0,2
20,-1503771.641,444502.6321,E20_F62_m62f62_P20_Y5_UO2885,ID62_F20_m70f70_P20_Y3_UO3190,I62_F20_m62f62_P20_Y2_UO2967,FXX,2,0.0,1,0,1.0,0,0,0,-9999.0,0.6875,1,P61_CV0,2,2,0,1,1,0,2,0,2
20,-1503771.641,444502.6321,E20_F62_m62f62_P20_Y5_UO2862,I62_F20_m62f62_P20_Y3_UO2918,I62_F20_m62f62_P20_Y3_UO2908,FXX,2,0.0,1,0,1.0,0,0,0,-9999.0,0.5625,1,P61_CV0,2,1,1,2,0,0,2,0,2
20,-1503771.641,444502.6321,E20_F62_m70f70_P20_Y5_UO3206,I70_F20_m70f70_P20_Y3_UO3188,I70_F20_m62f62_P20_Y2_UO2969,FXX,2,0.0,1,0,1.0,0,0,0,-9999.0,0.4375,1,P61_CV0,2,2,0,1,1,0,2,0,2
20,-1503771.641,444502.6321,E20_F62_m62f62_P20_Y5_UO2964,ID62_F20_m-1f-1_P62_Y-1_U229,ID62_F20_m-1f-1_P62_Y-1_U148,MXY,2,0.0,1,0,0.0,0,0,0,-9999.0,0.5,1,P61_CV0,2,1,1,1,1,0,2,0,2
20,-1503771.641,444502.6321,E20_F62_m62f62_P20_Y5_UO2861,I62_F20_m53f53_P26_Y3_UO2447,I62_F20_m-1f-1_P62_Y-1_U234,FXX,2,0.0,1,0,1.0,0,0,0,-9999.0,0.75,1,P61_CV0,2,1,1,1,1,0,2,0,2
20,-1503771.641,444502.6321,E20_F62_m62f62_P20_Y5_UO2970,I62_F20_m-1f-1_P62_Y-1_U153,I62_F20_m-1f-1_P62_Y-1_U49,MXY,2,0.0,1,0,0.0,0,0,0,-9999.0,0.75,1,P61_CV0,2,2,0,1,1,0,2,0,2
20,-1503771.641,444502.6321,E20_F62_m62f62_P20_Y5_UO2955,I62_F20_m-1f-1_P62_Y-1_U116,I62_F20_m70f70_P20_Y0_UO3509,FXX,2,0.0,1,0,1.0,0,0,0,-9999.0,0.875,1,P61_CV0,2,2,0,2,0,0,2,0,2
20,-1503771.641,444502.6321,E20_F62_m62f62_P20_Y5_UO2941,I62_F20_m62f62_P20_Y0_UO3212,I62_F20_m70f70_P20_Y3_UO3210,MXY,2,0.0,1,0,0.0,0,0,0,-9999.0,0.25,1,P61_CV0,2,1,1,2,0,0,2,0,2
20,-1503771.641,444502.6321,E20_F62_m62f62_P20_Y5_UO2959,I62_F20_m-1f-1_P62_Y-1_U53,I62_F20_m-1f-1_P62_Y-1_U98,FXX,2,0.0,1,0,1.0,0,0,0,-9999.0,0.75,1,P61_CV0,2,2,0,2,0,0,2,0,2
20,-1503771.641,444502.6321,E20_F62_m62f62_P20_Y5_UO2957,I62_F20_m-1f-1_P62_Y-1_U82,I62_F20_m62f62_P20_Y2_UO2916,FXX,2,0.0,1,0,1.0,0,0,0,-9999.0,0.125,1,P61_CV0,2,0,2,2,0,0,2,0,2
20,-1503771.641,444502.6321,E20_F62_m62f62_P20_Y5_UO2867,I62_F20_m70f70_P20_Y3_UO3227,I62_F20_m70f70_P20_Y3_UO3261,MXY,2,0.0,1,0,0.0,0,0,0,-9999.0,0.6875,1,P61_CV0,2,2,0,2,0,0,2,0,2
20,-1503771.641,444502.6321,E20_F62_m62f62_P20_Y5_UO2893,I62_F20_m70f70_P20_Y3_UO3246,I62_F20_m-1f-1_P62_Y-1_U33,FXX,2,0.0,1,0,1.0,0,0,0,-9999.0,0.375,1,P61_CV0,2,2,0,1,1,0,2,0,2
20,-1503771.641,444502.6321,E20_F70_m62f62_P20_Y5_UO2963,I62_F20_m-1f-1_P62_Y-1_U239,I62_F20_m53f53_P26_Y0_UO2645,MXY,2,0.0,1,0,0.0,0,0,0,-9999.0,0.25,1,P61_CV0,2,1,1,1,1,0,2,0,2
20,-1503771.641,444502.6321,E20_F70_m62f62_P20_Y5_UO2901,I62_F20_m62f62_P20_Y2_UO2977,I62_F20_m-1f-1_P62_Y-1_U237,FXX,2,0.0,1,0,1.0,0,0,0,-9999.0,0.625,1,P61_CV0,2,1,1,1,1,0,2,0,2
20,-1503771.641,444502.6321,E20_F70_m70f70_P20_Y5_UO3217,ID70_F20_m83f83_P20_Y3_UO3749,I70_F20_m62f62_P20_Y3_UO2961,MXY,2,0.0,1,0,0.0,0,0,0,-9999.0,0.625,1,P61_CV0,2,1,1,1,1,0,2,0,2
20,-1503771.641,444502.6321,E20_F70_m62f62_P20_Y5_UO2908,I62_F20_m62f62_P20_Y2_UO2971,I62_F20_m70f70_P20_Y3_UO3261,FXX,2,0.0,1,0,1.0,0,0,0,-9999.0,0.625,1,P61_CV0,2,1,1,0,2,0,2,0,2
20,-1503771.641,444502.6321,E20_F70_m62f62_P20_Y5_UO2854,ID62_F26_m83f83_P20_Y3_UO3794,I62_F20_m-1f-1_P62_Y-1_U33,FXX,2,0.0,1,0,1.0,0,0,0,-9999.0,0.625,1,P61_CV0,2,2,0,0,2,0,2,0,2
20,-1503771.641,444502.6321,E20_F70_m62f62_P20_Y5_UO2961,ID62_F20_m-1f-1_P62_Y-1_U10,I62_F20_m-1f-1_P62_Y-1_U8,MXY,2,0.0,1,0,0.0,0,0,0,-9999.0,0.25,1,P61_CV0,2,0,2,1,1,0,2,0,2
20,-1503771.641,444502.6321,E20_F70_m62f62_P20_Y5_UO2937,ID62_F20_m83f83_P20_Y0_UO4074,ID62_F20_m62f62_P20_Y3_UO2909,FXX,2,0.0,1,0,1.0,0,0,0,-9999.0,0.4375,1,P61_CV0,2,0,2,0,2,0,2,0,2
20,-1503771.641,444502.6321,E20_F70_m62f62_P20_Y5_UO2967,I62_F20_m-1f-1_P62_Y-1_U158,I62_F20_m83f83_P20_Y1_UO3630,FXX,2,0.0,1,0,1.0,0,0,0,-9999.0,0.5,1,P61_CV0,2,1,1,1,1,0,2,0,2
20,-1503771.641,444502.6321,E20_F70_m70f70_P20_Y5_UO3222,I70_F20_m62f62_P20_Y2_UO2953,I70_F20_m62f62_P20_Y3_UO2944,FXX,2,0.0,1,0,1.0,0,0,0,-9999.0,0.125,1,P61_CV0,2,1,1,2,0,0,2,0,2
20,-1503771.641,444502.6321,E20_F70_m62f62_P20_Y5_UO2969,I62_F20_m-1f-1_P62_Y-1_U110,I62_F20_m-1f-1_P62_Y-1_U123,FXX,2,0.0,1,0,1.0,0,0,0,-9999.0,0.75,1,P61_CV0,2,2,0,1,1,0,2,0,2
20,-1503771.641,444502.6321,E20_F70_m62f62_P20_Y5_UO2956,I62_F26_m-1f-1_P62_Y-1_U134,ID62_F20_m-1f-1_P62_Y-1_U124,MXY,2,0.0,1,0,0.0,0,0,0,-9999.0,0.75,1,P61_CV0,2,2,0,0,2,0,2,0,2
20,-1503771.641,444502.6321,E20_F70_m62f62_P20_Y5_UO2950,ID62_F20_m-1f-1_P62_Y-1_U71,ID62_F20_m62f62_P20_Y3_UO2909,FXX,2,0.0,1,0,1.0,0,0,0,-9999.0,0.8125,1,P61_CV0,2,2,0,2,0,0,2,0,2
20,-1503771.641,444502.6321,E20_F70_m83f83_P20_Y5_UO3777,ID83_F20_m62f62_P20_Y2_UO2954,I83_F20_m-1f-1_P83_Y-1_U239,MXY,2,0.0,1,0,0.0,0,0,0,-9999.0,0.4375,1,P61_CV0,2,1,1,0,2,0,2,0,2
20,-1503771.641,444502.6321,E20_F70_m62f62_P20_Y5_UO2881,ID62_F20_m62f62_P20_Y3_UO2941,I62_F20_m62f62_P20_Y2_UO2933,MXY,2,0.0,1,0,0.0,0,0,0,-9999.0,0.6875,1,P61_CV0,2,1,1,1,1,0,2,0,2
20,-1503771.641,444502.6321,E20_F70_m83f83_P20_Y5_UO3780,I83_F20_m62f62_P20_Y1_UO2825,ID83_F20_m-1f-1_P83_Y-1_U83,FXX,2,0.0,1,0,1.0,0,0,0,-9999.0,0.75,1,P61_CV0,2,1,1,1,1,0,2,0,2
20,-1503771.641,444502.6321,E20_F62_m70f70_P20_Y4_UO3210,ID70_F20_m83f83_P20_Y1_UO3555,I70_F20_m62f62_P20_Y2_UO2963,FXX,3,0.0,1,0,1.0,0,0,0,-9999.0,0.625,1,P61_CV0,2,1,1,1,1,0,2,0,2
20,-1503771.641,444502.6321,E20_F62_m62f62_P20_Y4_UO2862,I62_F20_m62f62_P20_Y2_UO2951,I62_F20_m53f53_P26_Y2_UO2471,MXY,3,0.0,1,0,0.0,0,0,0,-9999.0,0.8125,1,P61_CV0,2,2,0,0,2,0,2,0,2
20,-1503771.641,444502.6321,E20_F62_m70f70_P20_Y4_UO3191,ID70_F20_m62f62_P20_Y2_UO2941,I70_F20_m62f62_P20_Y0_UO3202,MXY,3,0.0,1,0,0.0,0,0,0,-9999.0,0.75,1,P61_CV0,2,2,0,2,0,0,2,0,2
20,-1503771.641,444502.6321,E20_F62_m62f62_P20_Y4_UO2890,I62_F20_m53f53_P26_Y1_UO2413,ID62_F20_m-1f-1_P62_Y-1_U214,FXX,3,0.0,1,0,1.0,0,0,0,-9999.0,0.625,1,P61_CV0,2,1,1,1,1,0,2,0,2
20,-1503771.641,444502.6321,E20_F62_m62f62_P20_Y4_UO2867,I62_F20_m53f53_P26_Y2_UO2507,I62_F20_m62f62_P20_Y2_UO2945,MXY,3,0.0,1,0,0.0,0,0,0,-9999.0,0.5,1,P61_CV0,2,1,1,1,1,0,2,0,2
20,-1503771.641,444502.6321,E20_F62_m62f62_P20_Y4_UO2868,I62_F20_m62f62_P20_Y2_UO2971,ID62_F20_m53f53_P26_Y0_UO2697,FXX,3,0.0,1,0,1.0,0,0,0,-9999.0,0.625,1,P61_CV0,2,2,0,1,1,0,2,0,2
20,-1503771.641,444502.6321,E20_F62_m62f62_P20_Y4_UO2866,I62_F20_m62f62_P20_Y2_UO2961,ID62_F20_m70f70_P20_Y1_UO3071,FXX,3,0.0,1,0,1.0,0,0,0,-9999.0,0.625,1,P61_CV0,2,2,0,2,0,0,2,0,2
20,-1503771.641,444502.6321,E20_F62_m62f62_P20_Y4_UO2917,I62_F20_m83f83_P20_Y0_UO4035,ID62_F20_m-1f-1_P62_Y-1_U130,FXX,3,0.0,1,0,1.0,0,0,0,-9999.0,0.375,1,P61_CV0,2,0,2,1,1,0,2,0,2
20,-1503771.641,444502.6321,E20_F62_m62f62_P20_Y4_UO2930,I62_F20_m-1f-1_P62_Y-1_U10,I62_F20_m-1f-1_P62_Y-1_U240,FXX,3,0.0,1,0,1.0,0,0,0,-9999.0,0.0,1,P61_CV0,2,0,2,1,1,0,2,0,2
20,-1503771.641,444502.6321,E20_F62_m62f62_P26_Y4_UO2928,ID62_F20_m-1f-1_P62_Y-1_U134,ID62_F20_m83f83_P20_Y2_UO3767,MXY,3,0.0,1,0,0.0,0,0,0,-9999.0,0.75,1,P61_CV0,2,1,1,2,0,0,2,0,2
20,-1503771.641,444502.6321,E20_F62_m70f70_P20_Y4_UO3200,ID70_F20_m62f62_P20_Y1_UO2829,ID70_F20_m70f70_P20_Y1_UO3080,FXX,3,0.0,1,0,1.0,0,0,0,-9999.0,0.375,1,P61_CV0,2,0,2,1,1,0,2,0,2
20,-1503771.641,444502.6321,E20_F62_m62f62_P20_Y4_UO2925,ID62_F20_m-1f-1_P62_Y-1_U219,I62_F20_m53f53_P26_Y2_UO2520,MXY,3,0.0,1,0,0.0,0,0,0,-9999.0,0.25,1,P61_CV0,2,1,1,0,2,0,2,0,2
20,-1503771.641,444502.6321,E20_F70_m62f62_P20_Y4_UO2857,ID62_F20_m53f53_P26_Y2_UO2513,I62_F20_m-1f-1_P62_Y-1_U38,FXX,3,0.0,1,0,1.0,0,0,0,-9999.0,0.625,1,P61_CV0,2,1,1,1,1,0,2,0,2
20,-1503771.641,444502.6321,E20_F70_m70f70_P20_Y4_UO3247,I70_F20_m-1f-1_P70_Y-1_U143,I70_F20_m62f62_P20_Y2_UO2938,MXY,3,0.0,1,0,0.0,0,0,0,-9999.0,0.625,1,P61_CV0,2,1,1,2,0,0,2,0,2
20,-1503771.641,444502.6321,E20_F70_m62f62_P20_Y4_UO2937,I62_F20_m-1f-1_P62_Y-1_U23,I62_F20_m-1f-1_P62_Y-1_U33,FXX,3,0.0,1,0,1.0,0,0,0,-9999.0,0.5,1,P61_CV0,2,0,2,1,1,0,2,0,2
20,-1503771.641,444502.6321,E20_F70_m70f70_P20_Y4_UO3192,ID70_F20_m62f62_P20_Y2_UO2970,ID70_F20_m70f70_P20_Y2_UO3236,FXX,3,0.0,1,0,1.0,0,0,0,-9999.0,0.1875,1,P61_CV0,2,1,1,1,1,0,2,0,2
20,-1503771.641,444502.6321,E20_F70_m62f62_P20_Y4_UO2902,I62_F20_m70f70_P20_Y1_UO3049,I62_F20_m62f62_P20_Y0_UO3180,FXX,3,0.0,1,0,1.0,0,0,0,-9999.0,0.25,1,P61_CV0,2,1,1,0,2,0,2,0,2
20,-1503771.641,444502.6321,E20_F70_m62f62_P20_Y4_UO2855,I62_F20_m70f70_P20_Y2_UO3246,I62_F20_m-1f-1_P62_Y-1_U240,FXX,3,0.0,1,0,1.0,0,0,0,-9999.0,0.4375,1,P61_CV0,2,1,1,0,2,0,2,0,2
20,-1503771.641,444502.6321,E20_F70_m62f62_P20_Y4_UO2878,I62_F20_m83f83_P20_Y2_UO3789,ID62_F20_m62f62_P20_Y1_UO2816,MXY,3,0.0,1,0,0.0,0,0,0,-9999.0,0.25,1,P61_CV0,2,2,0,1,1,0,2,0,2
20,-1503771.641,444502.6321,E20_F70_m70f70_P20_Y4_UO3225,I70_F20_m-1f-1_P70_Y-1_U65,I70_F20_m62f62_P20_Y0_UO3142,FXX,3,0.0,1,0,1.0,0,0,0,-9999.0,0.5,1,P61_CV0,2,1,1,1,1,0,2,0,2
20,-1503771.641,444502.6321,E20_F70_m62f62_P20_Y4_UO2948,I62_F20_m-1f-1_P62_Y-1_U48,I62_F20_m62f62_P20_Y2_UO2945,FXX,3,0.0,1,0,1.0,0,0,0,-9999.0,0.5,1,P61_CV0,2,1,1,0,2,0,2,0,2
20,-1503771.641,444502.6321,E20_F83_m83f83_P20_Y4_UO3754,I83_F20_m62f62_P20_Y0_UO3140,I83_F20_m-1f-1_P83_Y-1_U134,FXX,3,0.0,1,0,1.0,0,0,0,-9999.0,0.375,1,P61_CV0,2,0,2,1,1,0,2,0,2
20,-1503771.641,444502.6321,E20_F62_m70f70_P20_Y3_UO3183,I70_F20_m62f62_P20_Y1_UO2779,I70_F20_m70f70_P20_Y0_UO3465,FXX,4,0.0,1,0,1.0,0,0,0,-9999.0,0.5,1,P61_CV0,2,0,2,1,1,0,2,0,2
20,-1503771.641,444502.6321,E20_F62_m62f62_P20_Y3_UO2940,ID62_F20_m-1f-1_P62_Y-1_U147,I62_F26_m-1f-1_P62_Y-1_U246,MXY,4,0.0,1,0,0.0,0,0,0,-9999.0,0.5,1,P61_CV0,2,0,2,1,1,0,2,0,2
20,-1503771.641,444502.6321,E20_F62_m62f62_P20_Y3_UO2927,I62_F20_m-1f-1_P62_Y-1_U219,I62_F20_m-1f-1_P62_Y-1_U69,MXY,4,0.0,1,0,0.0,0,0,0,-9999.0,0.5,1,P61_CV0,2,1,1,0,2,0,2,0,2
20,-1503771.641,444502.6321,E20_F62_m62f62_P26_Y3_UO2957,I62_F20_m-1f-1_P62_Y-1_U11,I62_F20_m-1f-1_P62_Y-1_U169,FXX,4,0.0,1,0,1.0,0,0,0,-9999.0,0.75,1,P61_CV0,2,1,1,0,2,0,2,0,2
20,-1503771.641,444502.6321,E20_F62_m62f62_P20_Y3_UO2918,I62_F20_m53f53_P26_Y0_UO2648,I62_F20_m-1f-1_P62_Y-1_U4,FXX,4,0.0,1,0,1.0,0,0,0,-9999.0,0.5,1,P61_CV0,2,1,1,1,1,0,2,0,2
20,-1503771.641,444502.6321,E20_F70_m70f70_P20_Y3_UO3179,I70_F20_m62f62_P20_Y1_UO2829,I70_F20_m-1f-1_P70_Y-1_U175,MXY,4,0.0,1,0,0.0,0,0,0,-9999.0,0.625,1,P61_CV0,2,2,0,1,1,0,2,0,2
20,-1503771.641,444502.6321,E20_F70_m70f70_P20_Y3_UO3213,I70_F20_m62f62_P20_Y0_UO3186,ID70_F20_m-1f-1_P83_Y-1_U157,FXX,4,0.0,1,0,1.0,0,0,0,-9999.0,0.75,1,P61_CV0,2,2,0,2,0,0,2,0,2
20,-1503771.641,444502.6321,E20_F70_m70f70_P20_Y3_UO3188,ID70_F20_m62f62_P20_Y1_UO2811,I70_F20_m62f62_P20_Y0_UO3142,FXX,4,0.0,1,0,1.0,0,0,0,-9999.0,0.375,1,P61_CV0,2,1,1,1,1,0,2,0,2
20,-1503771.641,444502.6321,E20_F70_m62f62_P20_Y3_UO2870,I62_F20_m62f62_P20_Y1_UO2845,I62_F20_m-1f-1_P62_Y-1_U29,MXY,4,0.0,1,0,0.0,0,0,0,-9999.0,0.875,1,P61_CV0,2,1,1,1,1,0,2,0,2
20,-1503771.641,444502.6321,E20_F70_m62f62_P20_Y3_UO2955,ID62_F20_m-1f-1_P62_Y-1_U162,I62_F20_m-1f-1_P62_Y-1_U88,FXX,4,0.0,1,0,1.0,0,0,0,-9999.0,0.5,1,P61_CV0,2,1,1,2,0,0,2,0,2
20,-1503771.641,444502.6321,E20_F70_m62f62_P20_Y3_UO2944,I62_F20_m-1f-1_P62_Y-1_U229,I62_F20_m53f53_P26_Y0_UO2645,MXY,4,0.0,1,0,0.0,0,0,0,-9999.0,0.0,1,P61_CV0,2,0,2,2,0,0,2,0,2
20,-1503771.641,444502.6321,E20_F70_m62f62_P20_Y3_UO2961,I62_F20_m-1f-1_P62_Y-1_U48,I62_F20_m-1f-1_P62_Y-1_U124,MXY,4,0.0,1,0,0.0,0,0,0,-9999.0,0.75,1,P61_CV0,2,1,1,0,2,0,2,0,2
20,-1503771.641,444502.6321,E20_F70_m62f62_P20_Y3_UO2960,I62_F20_m-1f-1_P62_Y-1_U157,I62_F26_m-1f-1_P62_Y-1_U38,FXX,4,0.0,1,0,1.0,0,0,0,-9999.0,0.75,1,P61_CV0,2,1,1,1,1,0,2,0,2
20,-1503771.641,444502.6321,E20_F70_m70f70_P20_Y3_UO3242,ID70_F20_m-1f-1_P62_Y-1_U172,I70_F20_m-1f-1_P70_Y-1_U159,FXX,4,0.0,1,0,1.0,0,0,0,-9999.0,0.5,1,P61_CV0,2,1,1,1,1,0,2,0,2
20,-1503771.641,444502.6321,E20_F83_m62f62_P20_Y3_UO2931,I62_F20_m-1f-1_P62_Y-1_U199,ID62_F20_m-1f-1_P62_Y-1_U186,FXX,4,0.0,1,0,1.0,0,0,0,-9999.0,0.75,1,P61_CV0,2,1,1,1,1,0,2,0,2
20,-1503771.641,444502.6321,E20_F62_m62f62_P20_Y2_UO2977,ID62_F20_m-1f-1_P62_Y-1_U11,I62_F20_m-1f-1_P62_Y-1_U155,FXX,5,0.0,1,0,1.0,0,0,0,-9999.0,0.75,1,P61_CV0,2,1,1,0,2,0,2,0,2
20,-1503771.641,444502.6321,E20_F62_m62f62_P20_Y2_UO2933,ID62_F20_m-1f-1_P62_Y-1_U196,I62_F20_m-1f-1_P62_Y-1_U13,MXY,5,0.0,1,0,0.0,0,0,0,-9999.0,0.5,1,P61_CV0,2,0,2,1,1,0,2,0,2
20,-1503771.641,444502.6321,E20_F62_m62f62_P20_Y2_UO2975,I62_F20_m-1f-1_P62_Y-1_U153,I62_F20_m83f83_P20_Y0_UO4106,FXX,5,0.0,1,0,1.0,0,0,0,-9999.0,1.0,1,P61_CV0,2,2,0,1,1,0,2,0,2
20,-1503771.641,444502.6321,E20_F62_m70f70_P20_Y2_UO3213,I70_F20_m62f62_P20_Y0_UO3186,I70_F20_m-1f-1_P70_Y-1_U87,MXY,5,0.0,1,0,0.0,0,0,0,-9999.0,0.25,1,P61_CV0,2,0,2,1,1,0,2,0,2
20,-1503771.641,444502.6321,E20_F62_m62f62_P20_Y2_UO2958,I62_F20_m-1f-1_P62_Y-1_U229,I62_F20_m-1f-1_P62_Y-1_U52,MXY,5,0.0,1,0,0.0,0,0,0,-9999.0,0.25,1,P61_CV0,2,1,1,2,0,0,2,0,2
20,-1503771.641,444502.6321,E20_F62_m62f62_P20_Y2_UO2891,I62_F20_m83f83_P20_Y0_UO4074,I62_F20_m-1f-1_P62_Y-1_U237,FXX,5,0.0,1,0,1.0,0,0,0,-9999.0,0.375,1,P61_CV0,2,1,1,1,1,0,2,0,2
20,-1503771.641,444502.6321,E20_F62_m62f62_P20_Y2_UO2928,I62_F20_m-1f-1_P62_Y-1_U115,I62_F20_m-1f-1_P62_Y-1_U227,FXX,5,0.0,1,0,1.0,0,0,0,-9999.0,0.5,1,P61_CV0,2,1,1,1,1,0,2,0,2
20,-1503771.641,444502.6321,E20_F62_m70f70_P20_Y2_UO3246,ID70_F20_m-1f-1_P70_Y-1_U23,ID70_F20_m62f62_P20_Y0_UO3145,FXX,5,0.0,1,0,1.0,0,0,0,-9999.0,0.875,1,P61_CV0,2,1,1,1,1,0,2,0,2
20,-1503771.641,444502.6321,E20_F62_m62f62_P20_Y2_UO2971,I62_F20_m-1f-1_P62_Y-1_U231,I62_F26_m-1f-1_P62_Y-1_U40,FXX,5,0.0,1,0,1.0,0,0,0,-9999.0,0.5,1,P61_CV0,2,1,1,1,1,0,2,0,2
20,-1503771.641,444502.6321,E20_F62_m62f62_P20_Y2_UO2951,I62_F20_m-1f-1_P62_Y-1_U41,I62_F26_m-1f-1_P62_Y-1_U40,FXX,5,0.0,1,0,1.0,0,0,0,-9999.0,1.0,1,P61_CV0,2,2,0,0,2,0,2,0,2
20,-1503771.641,444502.6321,E20_F62_m62f62_P20_Y2_UO2905,I62_F20_m62f62_P20_Y0_UO3212,I62_F20_m-1f-1_P62_Y-1_U42,FXX,5,0.0,1,0,1.0,0,0,0,-9999.0,0.0,1,P61_CV0,2,0,2,1,1,0,2,0,2
20,-1503771.641,444502.6321,E20_F70_m62f62_P20_Y2_UO2968,I62_F20_m-1f-1_P62_Y-1_U152,I62_F20_m-1f-1_P62_Y-1_U4,FXX,5,0.0,1,0,1.0,0,0,0,-9999.0,0.5,1,P61_CV0,2,1,1,2,0,0,2,0,2
20,-1503771.641,444502.6321,E20_F70_m62f62_P20_Y2_UO2953,ID62_F20_m-1f-1_P62_Y-1_U32,ID62_F20_m-1f-1_P62_Y-1_U170,FXX,5,0.0,1,0,1.0,0,0,0,-9999.0,0.25,1,P61_CV0,2,1,1,2,0,0,2,0,2
20,-1503771.641,444502.6321,E20_F70_m62f62_P20_Y2_UO2898,I62_F20_m62f62_P20_Y0_UO3151,I62_F20_m-1f-1_P62_Y-1_U106,MXY,5,0.0,1,0,0.0,0,0,0,-9999.0,0.5,1,P61_CV0,2,2,0,0,2,0,2,0,2
20,-1503771.641,444502.6321,E20_F70_m62f62_P20_Y2_UO2969,I62_F20_m-1f-1_P62_Y-1_U244,I62_F20_m-1f-1_P62_Y-1_U121,MXY,5,0.0,1,0,0.0,0,0,0,-9999.0,0.5,1,P61_CV0,2,1,1,2,0,0,2,0,2
20,-1503771.641,444502.6321,E20_F70_m62f62_P20_Y2_UO2941,I62_F20_m-1f-1_P62_Y-1_U116,ID62_F20_m-1f-1_P62_Y-1_U29,FXX,5,0.0,1,0,1.0,0,0,0,-9999.0,1.0,1,P61_CV0,2,2,0,2,0,0,2,0,2
20,-1503771.641,444502.6321,E20_F70_m62f62_P20_Y2_UO2973,ID62_F26_m-1f-1_P62_Y-1_U110,I62_F26_m-1f-1_P62_Y-1_U50,FXX,5,0.0,1,0,1.0,0,0,0,-9999.0,0.5,1,P61_CV0,2,2,0,1,1,0,2,0,2
20,-1503771.641,444502.6321,E20_F70_m62f62_P20_Y2_UO2970,I62_F20_m-1f-1_P62_Y-1_U158,I62_F20_m-1f-1_P62_Y-1_U96,FXX,5,0.0,1,0,1.0,0,0,0,-9999.0,0.0,1,P61_CV0,2,0,2,2,0,0,2,0,2
20,-1503771.641,444502.6321,E20_F70_m62f62_P20_Y2_UO2940,ID62_F20_m-1f-1_P62_Y-1_U82,I62_F20_m-1f-1_P62_Y-1_U86,MXY,5,0.0,1,0,0.0,0,0,0,-9999.0,0.5,1,P61_CV0,2,1,1,1,1,0,2,0,2
20,-1503771.641,444502.6321,E20_F83_m62f62_P20_Y2_UO2954,I62_F20_m-1f-1_P62_Y-1_U28,I62_F20_m70f70_P20_Y0_UO3447,FXX,5,0.0,1,0,1.0,0,0,0,-9999.0,0.375,1,P61_CV0,2,0,2,1,1,0,2,0,2
20,-1503771.641,444502.6321,E20_F62_m62f62_P20_Y1_UO2784,I62_F20_m-1f-1_P62_Y-1_U103,ID62_F20_m-1f-1_P62_Y-1_U186,FXX,6,0.0,1,0,1.0,0,0,0,-9999.0,0.5,1,P61_CV0,2,1,1,2,0,0,2,0,2
20,-1503771.641,444502.6321,E20_F62_m62f62_P20_Y1_UO2817,I62_F20_m-1f-1_P62_Y-1_U172,ID62_F20_m-1f-1_P62_Y-1_U104,FXX,6,0.0,1,0,1.0,0,0,0,-9999.0,0.75,1,P61_CV0,2,1,1,0,2,0,2,0,2
20,-1503771.641,444502.6321,E20_F70_m62f62_P20_Y1_UO2803,I62_F20_m-1f-1_P62_Y-1_U134,I62_F20_m-1f-1_P62_Y-1_U50,FXX,6,0.0,1,0,1.0,0,0,0,-9999.0,0.5,1,P61_CV0,2,1,1,1,1,0,2,0,2
20,-1503771.641,444502.6321,E20_F70_m62f62_P20_Y1_UO2779,ID62_F20_m-1f-1_P62_Y-1_U151,I62_F20_m-1f-1_P62_Y-1_U193,FXX,6,0.0,1,0,1.0,0,0,0,-9999.0,0.5,1,P61_CV0,2,1,1,1,1,0,2,0,2
20,-1503771.641,444502.6321,E20_F70_m62f62_P20_Y1_UO2839,I62_F20_m-1f-1_P62_Y-1_U198,I62_F20_m-1f-1_P62_Y-1_U40,MXY,6,0.0,1,0,0.0,0,0,0,-9999.0,0.5,1,P61_CV0,2,1,1,1,1,0,2,0,2
20,-1503771.641,444502.6321,E20_F70_m62f62_P20_Y1_UO2843,ID62_F20_m-1f-1_P62_Y-1_U11,I62_F20_m-1f-1_P62_Y-1_U4,FXX,6,0.0,1,0,1.0,0,0,0,-9999.0,0.75,1,P61_CV0,2,1,1,1,1,0,2,0,2
20,-1503771.641,444502.6321,E20_F83_m62f62_P20_Y1_UO2785,ID62_F20_m-1f-1_P62_Y-1_U232,ID62_F20_m-1f-1_P62_Y-1_U183,MXY,6,0.0,1,0,0.0,0,0,0,-9999.0,0.5,1,P61_CV0,2,1,1,1,1,0,2,0,2
20,-1503771.641,444502.6321,E20_F83_m62f62_P20_Y1_UO2825,I62_F20_m-1f-1_P62_Y-1_U125,I62_F20_m-1f-1_P62_Y-1_U223,FXX,6,0.0,1,0,1.0,0,0,0,-9999.0,0.5,1,P61_CV0,2,1,1,2,0,0,2,0,2
20,-1503771.641,444502.6321,E20_F62_m62f62_P20_Y0_UO3212,R62_F62_m-1f-1_P62_Y-1_U229,R62_F62_m-1f-1_P62_Y-1_U58,FXX,7,0.0,1,0,1.0,0,0,0,-9999.0,0.0,1,P61_CV0,2,0,2,2,0,0,2,0,2
20,-1503771.641,444502.6321,E20_F62_m62f62_P20_Y0_UO3163,R62_F62_m-1f-1_P62_Y-1_U79,R62_F62_m-1f-1_P62_Y-1_U193,MXY,7,0.0,1,0,0.0,0,0,0,-9999.0,0.25,1,P61_CV0,2,1,1,1,1,0,2,0,2
20,-1503771.641,444502.6321,E20_F62_m62f62_P20_Y0_UO3216,R62_F62_m-1f-1_P62_Y-1_U236,R62_F62_m-1f-1_P62_Y-1_U233,FXX,7,0.0,1,0,1.0,0,0,0,-9999.0,0.75,1,P61_CV0,2,1,1,2,0,0,2,0,2
20,-1503771.641,444502.6321,E20_F62_m62f62_P20_Y0_UO3151,R62_F62_m-1f-1_P62_Y-1_U48,R62_F62_m-1f-1_P62_Y-1_U122,FXX,7,0.0,1,0,1.0,0,0,0,-9999.0,0.5,1,P61_CV0,2,2,0,0,2,0,2,0,2
20,-1503771.641,444502.6321,E20_F70_m62f62_P20_Y0_UO3174,R62_F62_m-1f-1_P62_Y-1_U117,R62_F62_m-1f-1_P62_Y-1_U57,FXX,7,0.0,1,0,1.0,0,0,0,-9999.0,0.5,1,P61_CV0,2,1,1,2,0,0,2,0,2
20,-1503771.641,444502.6321,E20_F70_m62f62_P20_Y0_UO3156,R62_F62_m-1f-1_P62_Y-1_U62,R62_F62_m-1f-1_P62_Y-1_U35,FXX,7,0.0,1,0,1.0,0,0,0,-9999.0,0.75,1,P61_CV0,2,2,0,1,1,0,2,0,2
20,-1503771.641,444502.6321,E20_F70_m62f62_P20_Y0_UO3202,R62_F62_m-1f-1_P62_Y-1_U208,R62_F62_m-1f-1_P62_Y-1_U237,MXY,7,0.0,1,0,0.0,0,0,0,-9999.0,0.5,1,P61_CV0,2,1,1,2,0,0,2,0,2
20,-1503771.641,444502.6321,E20_F70_m62f62_P20_Y0_UO3218,R62_F62_m-1f-1_P62_Y-1_U241,R62_F62_m-1f-1_P62_Y-1_U26,MXY,7,0.0,1,0,0.0,0,0,0,-9999.0,0.25,1,P61_CV0,2,1,1,1,1,0,2,0,2
20,-1503771.641,444502.6321,E20_F70_m62f62_P20_Y0_UO3139,R62_F62_m-1f-1_P62_Y-1_U15,R62_F62_m-1f-1_P62_Y-1_U210,MXY,7,0.0,1,0,0.0,0,0,0,-9999.0,0.75,1,P61_CV0,2,2,0,2,0,0,2,0,2
20,-1503771.641,444502.6321,E20_F70_m62f62_P20_Y0_UO3193,R62_F62_m-1f-1_P62_Y-1_U179,R62_F62_m-1f-1_P62_Y-1_U102,FXX,7,0.0,1,0,1.0,0,0,0,-9999.0,0.5,1,P61_CV0,2,1,1,1,1,0,2,0,2
20,-1503771.641,444502.6321,E20_F70_m62f62_P20_Y0_UO3186,R62_F62_m-1f-1_P62_Y-1_U158,R62_F62_m-1f-1_P62_Y-1_U35,FXX,7,0.0,1,0,1.0,0,0,0,-9999.0,0.5,1,P61_CV0,2,1,1,2,0,0,2,0,2
20,-1503771.641,444502.6321,E20_F83_m62f62_P20_Y0_UO3142,R62_F62_m-1f-1_P62_Y-1_U23,R62_F62_m-1f-1_P62_Y-1_U111,MXY,7,0.0,1,0,0.0,0,0,0,-9999.0,0.5,1,P61_CV0,2,1,1,0,2,0,2,0,2
20,-1503771.641,444502.6321,E20_F83_m62f62_P20_Y0_UO3217,R62_F62_m-1f-1_P62_Y-1_U239,R62_F62_m-1f-1_P62_Y-1_U176,MXY,7,0.0,1,0,0.0,0,0,0,-9999.0,0.5,1,P61_CV0,2,1,1,1,1,0,2,0,2
20,-1503771.641,444502.6321,E20_F62_m-1f-1_P62_Y-1_U186,-9999,-9999,MXY,8,0.0,1,0,0.0,0,0,0,-9999.0,1.0,1,P61_CV0,2,2,0,2,0,0,2,0,2
20,-1503771.641,444502.6321,E20_F62_m-1f-1_P62_Y-1_U71,-9999,-9999,FXX,8,0.0,1,0,1.0,0,0,0,-9999.0,1.0,1,P61_CV0,2,2,0,2,0,0,2,0,2
20,-1503771.641,444502.6321,E20_F62_m-1f-1_P62_Y-1_U168,-9999,-9999,MXY,8,0.0,1,0,0.0,0,0,0,-9999.0,0.5,1,P61_CV0,2,1,1,1,1,0,2,0,2
20,-1503771.641,444502.6321,E20_F62_m-1f-1_P62_Y-1_U8,-9999,-9999,MXY,8,0.0,1,0,0.0,0,0,0,-9999.0,0.5,1,P61_CV0,2,1,1,0,2,0,2,0,2
20,-1503771.641,444502.6321,E20_F62_m-1f-1_P62_Y-1_U151,-9999,-9999,FXX,8,0.0,1,0,1.0,0,0,0,-9999.0,0.5,1,P61_CV0,2,1,1,0,2,0,2,0,2
20,-1503771.641,444502.6321,E20_F62_m-1f-1_P62_Y-1_U216,-9999,-9999,FXX,9,0.0,1,0,1.0,0,0,0,-9999.0,1.0,1,P61_CV0,2,2,0,0,2,0,2,0,2
20,-1503771.641,444502.6321,E20_F62_m-1f-1_P62_Y-1_U57,-9999,-9999,MXY,9,0.0,1,0,0.0,0,0,0,-9999.0,0.5,1,P61_CV0,2,1,1,1,1,0,2,0,2
20,-1503771.641,444502.6321,E20_F62_m-1f-1_P62_Y-1_U139,-9999,-9999,MXY,9,0.0,1,0,0.0,0,0,0,-9999.0,1.0,1,P61_CV0,2,2,0,1,1,0,2,0,2
20,-1503771.641,444502.6321,E20_F62_m-1f-1_P62_Y-1_U237,-9999,-9999,MXY,9,0.0,1,0,0.0,0,0,0,-9999.0,0.5,1,P61_CV0,2,1,1,2,0,0,2,0,2
20,-1503771.641,444502.6321,E20_F62_m-1f-1_P62_Y-1_U205,-9999,-9999,FXX,9,0.0,1,0,1.0,0,0,0,-9999.0,0.5,1,P61_CV0,2,1,1,1,1,0,2,0,2
20,-1503771.641,444502.6321,E20_F62_m-1f-1_P62_Y-1_U102,-9999,-9999,MXY,10,0.0,1,0,0.0,0,0,0,-9999.0,0.0,1,P61_CV0,2,0,2,1,1,0,2,0,2
20,-1503771.641,444502.6321,E20_F62_m-1f-1_P62_Y-1_U116,-9999,-9999,FXX,10,0.0,1,0,1.0,0,0,0,-9999.0,1.0,1,P61_CV0,2,2,0,2,0,0,2,0,2
20,-1503771.641,444502.6321,E20_F62_m-1f-1_P62_Y-1_U66,-9999,-9999,FXX,11,0.0,1,0,1.0,0,0,0,-9999.0,0.5,1,P61_CV0,2,1,1,0,2,0,2,0,2
20,-1503771.641,444502.6321,E20_F62_m-1f-1_P62_Y-1_U6,-9999,-9999,MXY,11,0.0,1,0,0.0,0,0,0,-9999.0,1.0,1,P61_CV0,2,2,0,1,1,0,2,0,2
20,-1503771.641,444502.6321,E20_F62_m-1f-1_P62_Y-1_U147,-9999,-9999,FXX,11,0.0,1,0,1.0,0,0,0,-9999.0,0.5,1,P61_CV0,2,1,1,0,2,0,2,0,2
20,-1503771.641,444502.6321,E20_F62_m-1f-1_P62_Y-1_U53,-9999,-9999,FXX,11,0.0,1,0,1.0,0,0,0,-9999.0,1.0,1,P61_CV0,2,2,0,1,1,0,2,0,2
20,-1503771.641,444502.6321,E20_F62_m-1f-1_P62_Y-1_U141,-9999,-9999,MXY,11,0.0,1,0,0.0,0,0,0,-9999.0,1.0,1,P61_CV0,2,2,0,1,1,0,2,0,2
20,-1503771.641,444502.6321,E20_F62_m-1f-1_P62_Y-1_U49,-9999,-9999,MXY,12,0.0,1,0,0.0,0,0,0,-9999.0,0.5,1,P61_CV0,2,1,1,0,2,0,2,0,2
20,-1503771.641,444502.6321,E20_F62_m-1f-1_P62_Y-1_U148,-9999,-9999,MXY,12,0.0,1,0,0.0,0,0,0,-9999.0,1.0,1,P61_CV0,2,2,0,0,2,0,2,0,2
20,-1503771.641,444502.6321,E20_F62_m-1f-1_P62_Y-1_U32,-9999,-9999,FXX,12,0.0,1,0,1.0,0,0,0,-9999.0,0.5,1,P61_CV0,2,1,1,2,0,0,2,0,2
20,-1503771.641,444502.6321,E20_F62_m-1f-1_P62_Y-1_U234,-9999,-9999,MXY,13,0.0,1,0,0.0,0,0,0,-9999.0,1.0,1,P61_CV0,2,2,0,1,1,0,2,0,2
20,-1503771.641,444502.6321,E20_F62_m-1f-1_P62_Y-1_U239,-9999,-9999,FXX,13,0.0,1,0,1.0,0,0,0,-9999.0,0.5,1,P61_CV0,2,1,1,1,1,0,2,0,2
20,-1503771.641,444502.6321,E20_F62_m-1f-1_P62_Y-1_U229,-9999,-9999,FXX,13,0.0,1,0,1.0,0,0,0,-9999.0,0.0,1,P61_CV0,2,0,2,2,0,0,2,0,2
20,-1503771.641,444502.6321,E20_F62_m-1f-1_P62_Y-1_U176,-9999,-9999,MXY,13,0.0,1,0,0.0,0,0,0,-9999.0,0.5,1,P61_CV0,2,1,1,1,1,0,2,0,2
20,-1503771.641,444502.6321,E20_F62_m-1f-1_P62_Y-1_U140,-9999,-9999,MXY,14,0.0,1,0,0.0,0,0,0,-9999.0,0.5,1,P61_CV0,2,1,1,1,1,0,2,0,2
20,-1503771.641,444502.6321,E20_F62_m-1f-1_P62_Y-1_U231,-9999,-9999,FXX,14,0.0,1,0,1.0,0,0,0,-9999.0,0.0,1,P61_CV0,2,0,2,1,1,0,2,0,2
20,-1503771.641,444502.6321,E20_F62_m-1f-1_P62_Y-1_U88,-9999,-9999,MXY,15,0.0,1,0,0.0,0,0,0,-9999.0,0.5,1,P61_CV0,2,1,1,1,1,0,2,0,2
20,-1503771.641,444502.6321,E20_F62_m-1f-1_P62_Y-1_U11,-9999,-9999,FXX,16,0.0,1,0,1.0,0,0,0,-9999.0,0.5,1,P61_CV0,2,1,1,0,2,0,2,0,2
20,-1503771.641,444502.6321,Age0_F20_m62f62_P20_Y7_UO2848,I62_F20_m62f62_P20_Y5_UO2882,ID62_F20_m83f83_P20_Y3_UO3786,MXY,0,0.0,0,0,0.0,0,0,0,0.0,0.75,1,P69_CV0,2,1,1,1,1,0,2,0,2
20,-1503771.641,444502.6321,Age0_F20_m62f62_P20_Y7_UO2850,I62_F20_m70f70_P20_Y5_UO3204,ID62_F20_m70f70_P20_Y1_UO3078,MXY,0,0.0,0,0,0.0,0,0,0,0.0,0.59375,1,P69_CV0,2,2,0,1,1,0,2,0,2
20,-1503771.641,444502.6321,Age0_F20_m62f62_P20_Y7_UO2851,ID62_F20_m70f70_P20_Y5_UO3266,I62_F20_m70f70_P20_Y5_UO3229,MXY,0,0.0,0,0,0.0,0,0,0,0.0,0.5,1,P69_CV0,2,0,2,2,0,0,2,0,2
20,-1503771.641,444502.6321,Age0_F20_m62f62_P20_Y7_UO2854,I62_F20_m62f62_P26_Y5_UO2874,I62_F20_m83f83_P20_Y5_UO3790,MXY,0,0.0,0,0,0.0,0,0,0,0.0,0.625,1,P69_CV0,2,2,0,2,0,0,2,0,2
20,-1503771.641,444502.6321,Age0_F20_m62f62_P20_Y7_UO2856,ID62_F20_m70f70_P20_Y5_UO3221,I62_F20_m70f70_P20_Y3_UO3241,FXX,0,0.0,0,0,0.0,0,0,0,0.0,0.6875,1,P69_CV0,2,2,0,1,1,0,2,0,2
20,-1503771.641,444502.6321,Age0_F20_m62f62_P20_Y7_UO2859,I62_F20_m62f62_P20_Y5_UO2971,I62_F20_m70f70_P20_Y1_UO3071,MXY,0,0.0,0,0,0.0,0,0,0,0.0,0.5,1,P69_CV0,2,0,2,2,0,0,2,0,2
20,-1503771.641,444502.6321,Age0_F20_m62f62_P20_Y7_UO2862,I62_F20_m62f62_P20_Y5_UO2911,I62_F20_m70f70_P20_Y3_UO3241,FXX,0,0.0,0,0,0.0,0,0,0,0.0,0.59375,1,P69_CV0,2,1,1,1,1,0,2,0,2
20,-1503771.641,444502.6321,Age0_F20_m62f62_P20_Y7_UO2873,I62_F20_m70f70_P20_Y5_UO3252,I62_F20_m62f62_P20_Y5_UO2930,MXY,0,0.0,0,0,0.0,0,0,0,0.0,0.3125,1,P69_CV0,2,1,1,1,1,0,2,0,2
20,-1503771.641,444502.6321,Age0_F20_m62f62_P20_Y7_UO2878,I62_F20_m62f62_P20_Y5_UO2942,ID62_F20_m70f70_P20_Y2_UO3234,FXX,0,0.0,0,0,0.0,0,0,0,0.0,0.4375,1,P69_CV0,2,1,1,1,1,0,2,0,2
20,-1503771.641,444502.6321,Age0_F20_m62f62_P20_Y7_UO2879,ID62_F26_m83f83_P20_Y5_UO3812,ID62_F20_m83f83_P20_Y3_UO3786,FXX,0,0.0,0,0,0.0,0,0,0,0.0,0.375,1,P69_CV0,2,0,2,2,0,0,2,0,2
20,-1503771.641,444502.6321,Age0_F20_m62f62_P20_Y7_UO2884,I62_F20_m62f62_P20_Y5_UO2957,I62_F20_m62f62_P20_Y5_UO2930,FXX,0,0.0,0,0,0.0,0,0,0,0.0,0.25,1,P69_CV0,2,1,1,1,1,0,2,0,2
20,-1503771.641,444502.6321,Age0_F20_m62f62_P20_Y7_UO2885,I62_F20_m62f62_P20_Y5_UO2952,I62_F20_m53f53_P26_Y4_UO2483,FXX,0,0.0,0,0,0.0,0,0,0,0.0,0.5,1,P69_CV0,2,0,2,1,1,0,2,0,2
20,-1503771.641,444502.6321,Age0_F20_m62f62_P20_Y7_UO2886,ID62_F20_m70f70_P20_Y5_UO3257,I62_F20_m62f62_P20_Y5_UO2873,FXX,0,0.0,0,0,0.0,0,0,0,0.0,0.625,1,P69_CV0,2,2,0,2,0,0,2,0,2
20,-1503771.641,444502.6321,Age0_F20_m62f62_P20_Y7_UO2894,I62_F20_m83f83_P20_Y4_UO3752,I62_F20_m83f83_P20_Y2_UO3815,FXX,0,0.0,0,0,0.0,0,0,0,0.0,0.375,1,P69_CV0,2,0,2,2,0,0,2,0,2
20,-1503771.641,444502.6321,Age0_F20_m62f62_P20_Y7_UO2900,I62_F20_m70f70_P20_Y4_UO3171,I62_F20_m62f62_P20_Y3_UO2927,FXX,0,0.0,0,0,0.0,0,0,0,0.0,0.53125,1,P69_CV0,2,0,2,1,1,0,2,0,2
20,-1503771.641,444502.6321,Age0_F20_m62f62_P20_Y7_UO2909,I62_F20_m70f70_P20_Y4_UO3195,I62_F20_m83f83_P20_Y2_UO3761,MXY,0,0.0,0,0,0.0,0,0,0,0.0,0.4375,1,P69_CV0,2,2,0,1,1,0,2,0,2
20,-1503771.641,444502.6321,Age0_F20_m62f62_P20_Y7_UO2911,I62_F20_m83f83_P20_Y4_UO3751,ID62_F20_m70f70_P20_Y0_UO3437,FXX,0,0.0,0,0,0.0,0,0,0,0.0,0.5,1,P69_CV0,2,1,1,2,0,0,2,0,2
20,-1503771.641,444502.6321,Age0_F20_m62f62_P20_Y7_UO2913,I62_F20_m83f83_P20_Y4_UO3789,ID62_F20_m-1f-1_P62_Y-1_U49,FXX,0,0.0,0,0,0.0,0,0,0,0.0,0.375,1,P69_CV0,2,1,1,1,1,0,2,0,2
20,-1503771.641,444502.6321,Age0_F20_m62f62_P20_Y7_UO2915,I62_F20_m70f70_P20_Y4_UO3260,ID62_F20_m62f62_P20_Y4_UO2894,FXX,0,0.0,0,0,0.0,0,0,0,0.0,0.71875,1,P69_CV0,2,0,2,1,1,0,2,0,2
20,-1503771.641,444502.6321,Age0_F20_m62f62_P20_Y7_UO2922,I62_F20_m62f62_P20_Y3_UO2941,I62_F20_m62f62_P20_Y3_UO2927,MXY,0,0.0,0,0,0.0,0,0,0,0.0,0.6875,1,P69_CV0,2,2,0,1,1,0,2,0,2
20,-1503771.641,444502.6321,Age0_F20_m62f62_P20_Y7_UO2924,I62_F20_m83f83_P20_Y3_UO3769,I62_F20_m70f70_P20_Y1_UO3071,FXX,0,0.0,0,0,0.0,0,0,0,0.0,0.5,1,P69_CV0,2,2,0,2,0,0,2,0,2
20,-1503771.641,444502.6321,Age0_F20_m62f62_P20_Y7_UO2929,I62_F20_m70f70_P20_Y3_UO3218,I62_F20_m70f70_P20_Y0_UO3463,MXY,0,0.0,0,0,0.0,0,0,0,0.0,0.6875,1,P69_CV0,2,1,1,0,2,0,2,0,2
20,-1503771.641,444502.6321,Age0_F20_m62f62_P20_Y7_UO2931,I62_F20_m70f70_P20_Y3_UO3253,I62_F20_m62f62_P20_Y5_UO2923,FXX,0,0.0,0,0,0.0,0,0,0,0.0,0.375,1,P69_CV0,2,1,1,0,2,0,2,0,2
20,-1503771.641,444502.6321,Age0_F20_m62f62_P20_Y7_UO2939,ID62_F20_m62f62_P20_Y3_UO2918,I62_F20_m83f83_P20_Y5_UO3785,FXX,0,0.0,0,0,0.0,0,0,0,0.0,0.3125,1,P69_CV0,2,0,2,1,1,0,2,0,2
20,-1503771.641,444502.6321,Age0_F20_m62f62_P20_Y7_UO2940,I62_F20_m83f83_P20_Y3_UO3777,I62_F20_m70f70_P20_Y0_UO3463,MXY,0,0.0,0,0,0.0,0,0,0,0.0,0.625,1,P69_CV0,2,1,1,1,1,0,2,0,2
20,-1503771.641,444502.6321,Age0_F20_m62f62_P20_Y7_UO2941,I62_F20_m62f62_P20_Y3_UO2874,ID62_F20_m62f62_P20_Y4_UO2939,MXY,0,0.0,0,0,0.0,0,0,0,0.0,0.71875,1,P69_CV0,2,0,2,1,1,0,2,0,2
20,-1503771.641,444502.6321,Age0_F20_m62f62_P20_Y7_UO2942,I62_F20_m62f62_P20_Y3_UO2943,ID62_F20_m83f83_P20_Y3_UO3786,FXX,0,0.0,0,0,0.0,0,0,0,0.0,0.5,1,P69_CV0,2,1,1,1,1,0,2,0,2
20,-1503771.641,444502.6321,Age0_F20_m62f62_P20_Y7_UO2943,ID62_F20_m53f53_P26_Y3_UO2501,I62_F20_m70f70_P20_Y3_UO3181,FXX,0,0.0,0,0,0.0,0,0,0,0.0,0.3125,1,P69_CV0,2,2,0,2,0,0,2,0,2
20,-1503771.641,444502.6321,Age0_F20_m62f62_P20_Y7_UO2944,I62_F20_m70f70_P20_Y3_UO3207,I62_F20_m70f70_P20_Y0_UO3463,FXX,0,0.0,0,0,0.0,0,0,0,0.0,0.625,1,P69_CV0,2,1,1,2,0,0,2,0,2
20,-1503771.641,444502.6321,Age0_F20_m62f62_P20_Y7_UO2951,I62_F20_m62f62_P20_Y2_UO2975,ID62_F20_m83f83_P20_Y3_UO3786,FXX,0,0.0,0,0,0.0,0,0,0,0.0,0.875,1,P69_CV0,2,2,0,1,1,0,2,0,2
20,-1503771.641,444502.6321,Age0_F20_m62f62_P20_Y7_UO2952,ID62_F20_m53f53_P26_Y2_UO2477,I62_F20_m70f70_P20_Y5_UO3229,MXY,0,0.0,0,0,0.0,0,0,0,0.0,0.5,1,P69_CV0,2,1,1,1,1,0,2,0,2
20,-1503771.641,444502.6321,Age0_F20_m62f62_P20_Y7_UO2954,ID62_F20_m62f62_P20_Y2_UO2901,I62_F20_m70f70_P20_Y5_UO3214,MXY,0,0.0,0,0,0.0,0,0,0,0.0,0.65625,1,P69_CV0,2,2,0,2,0,0,2,0,2
20,-1503771.641,444502.6321,Age0_F20_m62f62_P20_Y7_UO2958,I62_F20_m62f62_P20_Y2_UO2951,I62_F20_m70f70_P20_Y0_UO3463,MXY,0,0.0,0,0,0.0,0,0,0,0.0,0.875,1,P69_CV0,2,1,1,1,1,0,2,0,2
20,-1503771.641,444502.6321,Age0_F20_m62f62_P20_Y7_UO2963,ID62_F20_m70f70_P20_Y1_UO3068,I62_F20_m83f83_P20_Y5_UO3790,MXY,0,0.0,0,0,0.0,0,0,0,0.0,0.75,1,P69_CV0,2,2,0,2,0,0,2,0,2
20,-1503771.641,444502.6321,Age0_F20_m62f62_P20_Y7_UO2967,I62_F20_m70f70_P20_Y1_UO3110,ID62_F20_m-1f-1_P62_Y-1_U234,MXY,0,0.0,0,0,0.0,0,0,0,0.0,0.75,1,P69_CV0,2,2,0,1,1,0,2,0,2
20,-1503771.641,444502.6321,Age0_F20_m62f62_P20_Y7_UO2968,ID62_F20_m70f70_P20_Y1_UO3111,I62_F20_m70f70_P20_Y0_UO3463,MXY,0,0.0,0,0,0.0,0,0,0,0.0,0.75,1,P69_CV0,2,2,0,0,2,0,2,0,2
20,-1503771.641,444502.6321,Age0_F20_m62f62_P20_Y7_UO2970,I62_F20_m62f62_P20_Y1_UO2817,ID62_F20_m70f70_P20_Y1_UO3078,FXX,0,0.0,0,0,0.0,0,0,0,0.0,0.75,1,P69_CV0,2,1,1,1,1,0,2,0,2
20,-1503771.641,444502.6321,Age0_F20_m62f62_P20_Y7_UO2972,I62_F20_m70f70_P20_Y0_UO3487,I62_F20_m70f70_P20_Y5_UO3218,FXX,0,0.0,0,0,0.0,0,0,0,0.0,0.25,1,P69_CV0,2,1,1,2,0,0,2,0,2
20,-1503771.641,444502.6321,Age0_F20_m62f62_P20_Y7_UO2978,ID62_F20_m70f70_P20_Y0_UO3435,I62_F20_m83f83_P20_Y2_UO3761,MXY,0,0.0,0,0,0.0,0,0,0,0.0,0.375,1,P69_CV0,2,1,1,2,0,0,2,0,2
20,-1503771.641,444502.6321,Age0_F20_m62f62_P20_Y7_UO2979,I62_F20_m-1f-1_P62_Y-1_U71,I62_F20_m70f70_P20_Y5_UO3229,FXX,0,0.0,0,0,0.0,0,0,0,0.0,0.75,1,P69_CV0,2,1,1,2,0,0,2,0,2
20,-1503771.641,444502.6321,Age0_F20_m70f70_P20_Y7_UO3212,I70_F20_m70f70_P20_Y5_UO3219,I70_F20_m83f83_P20_Y4_UO3753,MXY,0,0.0,0,0,0.0,0,0,0,0.0,0.6875,1,P69_CV0,2,2,0,2,0,0,2,0,2
20,-1503771.641,444502.6321,Age0_F20_m70f70_P20_Y7_UO3214,I70_F20_m70f70_P20_Y5_UO3239,I70_F20_m70f70_P20_Y3_UO3198,MXY,0,0.0,0,0,0.0,0,0,0,0.0,0.6875,1,P69_CV0,2,0,2,1,1,0,2,0,2
20,-1503771.641,444502.6321,Age0_F20_m70f70_P20_Y7_UO3221,I70_F20_m62f62_P20_Y5_UO2937,I70_F20_m-1f-1_P70_Y-1_U200,FXX,0,0.0,0,0,0.0,0,0,0,0.0,0.46875,1,P69_CV0,2,1,1,1,1,0,2,0,2
20,-1503771.641,444502.6321,Age0_F20_m70f70_P20_Y7_UO3223,I70_F20_m83f83_P20_Y5_UO3798,I70_F20_m70f70_P20_Y2_UO3194,MXY,0,0.0,0,0,0.0,0,0,0,0.0,0.5625,1,P69_CV0,2,2,0,1,1,0,2,0,2
20,-1503771.641,444502.6321,Age0_F20_m70f70_P20_Y7_UO3224,I70_F20_m83f83_P20_Y5_UO3774,I70_F20_m83f83_P20_Y5_UO3778,FXX,0,0.0,0,0,0.0,0,0,0,0.0,0.75,1,P69_CV0,2,1,1,2,0,0,2,0,2
20,-1503771.641,444502.6321,Age0_F20_m70f70_P20_Y7_UO3225,ID70_F20_m62f62_P20_Y5_UO2967,ID70_F20_m70f70_P20_Y4_UO3233,FXX,0,0.0,0,0,0.0,0,0,0,0.0,0.375,1,P69_CV0,2,1,1,1,1,0,2,0,2
20,-1503771.641,444502.6321,Age0_F20_m70f70_P20_Y7_UO3228,ID70_F20_m70f70_P20_Y5_UO3276,ID70_F20_m70f70_P20_Y1_UO3080,MXY,0,0.0,0,0,0.0,0,0,0,0.0,0.25,1,P69_CV0,2,0,2,2,0,0,2,0,2
20,-1503771.641,444502.6321,Age0_F20_m70f70_P20_Y7_UO3229,I70_F20_m62f62_P20_Y5_UO2856,I70_F20_m-1f-1_P70_Y-1_U161,FXX,0,0.0,0,0,0.0,0,0,0,0.0,0.3125,1,P69_CV0,2,0,2,1,1,0,2,0,2
20,-1503771.641,444502.6321,Age0_F20_m70f70_P20_Y7_UO3233,I70_F20_m62f62_P20_Y5_UO2933,I70_F20_m83f83_P20_Y4_UO3791,FXX,0,0.0,0,0,0.0,0,0,0,0.0,0.6875,1,P69_CV0,2,1,1,0,2,0,2,0,2
20,-1503771.641,444502.6321,Age0_F20_m70f70_P20_Y7_UO3234,ID70_F20_m70f70_P20_Y5_UO3233,I70_F20_m-1f-1_P70_Y-1_U14,MXY,0,0.0,0,0,0.0,0,0,0,0.0,0.5625,1,P69_CV0,2,2,0,1,1,0,2,0,2
20,-1503771.641,444502.6321,Age0_F20_m70f70_P20_Y7_UO3235,I70_F20_m70f70_P20_Y5_UO3244,I70_F20_m-1f-1_P70_Y-1_U200,FXX,0,0.0,0,0,0.0,0,0,0,0.0,0.5625,1,P69_CV0,2,2,0,1,1,0,2,0,2
20,-1503771.641,444502.6321,Age0_F20_m70f70_P20_Y7_UO3236,I70_F20_m62f62_P20_Y5_UO2940,ID70_F20_m70f70_P20_Y3_UO3202,MXY,0,0.0,0,0,0.0,0,0,0,0.0,0.3125,1,P69_CV0,2,1,1,2,0,0,2,0,2
20,-1503771.641,444502.6321,Age0_F20_m70f70_P20_Y7_UO3238,I70_F20_m70f70_P20_Y5_UO3201,I70_F20_m83f83_P20_Y5_UO3786,MXY,0,0.0,0,0,0.0,0,0,0,0.0,0.53125,1,P69_CV0,2,1,1,2,0,0,2,0,2
20,-1503771.641,444502.6321,Age0_F20_m70f70_P20_Y7_UO3239,ID70_F20_m70f70_P20_Y5_UO3250,I70_F20_m62f62_P20_Y3_UO2944,MXY,0,0.0,0,0,0.0,0,0,0,0.0,0.1875,1,P69_CV0,2,0,2,1,1,0,2,0,2
20,-1503771.641,444502.6321,Age0_F20_m70f70_P20_Y7_UO3240,I70_F20_m70f70_P20_Y5_UO3251,I70_F20_m-1f-1_P70_Y-1_U224,MXY,0,0.0,0,0,0.0,0,0,0,0.0,0.375,1,P69_CV0,2,0,2,2,0,0,2,0,2
20,-1503771.641,444502.6321,Age0_F20_m70f70_P20_Y7_UO3244,I70_F20_m83f83_P20_Y4_UO3745,ID70_F20_m70f70_P20_Y1_UO3080,MXY,0,0.0,0,0,0.0,0,0,0,0.0,0.375,1,P69_CV0,2,1,1,1,1,0,2,0,2
20,-1503771.641,444502.6321,Age0_F20_m70f70_P20_Y7_UO3246,I70_F20_m70f70_P20_Y4_UO3183,I70_F20_m70f70_P20_Y1_UO3072,FXX,0,0.0,0,0,0.0,0,0,0,0.0,0.5,1,P69_CV0,2,1,1,2,0,0,2,0,2
20,-1503771.641,444502.6321,Age0_F20_m70f70_P20_Y7_UO3261,I70_F20_m70f70_P20_Y4_UO3241,I70_F20_m70f70_P20_Y5_UO3282,FXX,0,0.0,0,0,0.0,0,0,0,0.0,0.375,1,P69_CV0,2,0,2,2,0,0,2,0,2
20,-1503771.641,444502.6321,Age0_F20_m70f70_P20_Y7_UO3263,I70_F20_m62f62_P20_Y4_UO2948,I70_F20_m70f70_P20_Y1_UO3072,MXY,0,0.0,0,0,0.0,0,0,0,0.0,0.625,1,P69_CV0,2,2,0,1,1,0,2,0,2
20,-1503771.641,444502.6321,Age0_F20_m70f70_P20_Y7_UO3266,ID70_F20_m62f62_P20_Y3_UO2959,ID70_F20_m70f70_P20_Y3_UO3202,FXX,0,0.0,0,0,0.0,0,0,0,0.0,0.5,1,P69_CV0,2,1,1,2,0,0,2,0,2
20,-1503771.641,444502.6321,Age0_F20_m70f70_P20_Y7_UO3269,I70_F20_m70f70_P20_Y3_UO3247,I70_F20_m62f62_P20_Y3_UO2875,FXX,0,0.0,0,0,0.0,0,0,0,0.0,0.4375,1,P69_CV0,2,1,1,0,2,0,2,0,2
20,-1503771.641,444502.6321,Age0_F20_m70f70_P20_Y7_UO3282,I70_F20_m70f70_P20_Y2_UO3252,I70_F20_m70f70_P20_Y4_UO3247,FXX,0,0.0,0,0,0.0,0,0,0,0.0,0.4375,1,P69_CV0,2,1,1,2,0,0,2,0,2
20,-1503771.641,444502.6321,Age0_F20_m70f70_P20_Y7_UO3284,I70_F20_m70f70_P20_Y2_UO3217,I70_F20_m62f62_P20_Y3_UO2875,FXX,0,0.0,0,0,0.0,0,0,0,0.0,0.6875,1,P69_CV0,2,2,0,1,1,0,2,0,2
20,-1503771.641,444502.6321,Age0_F20_m70f70_P20_Y7_UO3285,I70_F20_m83f83_P20_Y2_UO3802,I70_F20_m83f83_P20_Y4_UO3791,MXY,0,0.0,0,0,0.0,0,0,0,0.0,0.625,1,P69_CV0,2,2,0,0,2,0,2,0,2
20,-1503771.641,444502.6321,Age0_F20_m70f70_P20_Y7_UO3289,I70_F20_m62f62_P20_Y1_UO2779,I70_F20_m-1f-1_P70_Y-1_U87,FXX,0,0.0,0,0,0.0,0,0,0,0.0,0.25,1,P69_CV0,2,0,2,1,1,0,2,0,2
20,-1503771.641,444502.6321,Age0_F20_m70f70_P20_Y7_UO3291,I70_F20_m83f83_P20_Y1_UO3609,I70_F20_m70f70_P20_Y1_UO3072,MXY,0,0.0,0,0,0.0,0,0,0,0.0,0.75,1,P69_CV0,2,2,0,2,0,0,2,0,2
20,-1503771.641,444502.6321,Age0_F20_m70f70_P20_Y7_UO3292,I70_F20_m70f70_P20_Y1_UO3112,I70_F20_m70f70_P20_Y3_UO3179,MXY,0,0.0,0,0,0.0,0,0,0,0.0,0.6875,1,P69_CV0,2,1,1,1,1,0,2,0,2
20,-1503771.641,444502.6321,Age0_F20_m70f70_P20_Y7_UO3294,I70_F20_m83f83_P20_Y1_UO3621,I70_F20_m70f70_P20_Y1_UO3072,FXX,0,0.0,0,0,0.0,0,0,0,0.0,0.625,1,P69_CV0,2,2,0,1,1,0,2,0,2
20,-1503771.641,444502.6321,Age0_F20_m70f70_P20_Y7_UO3297,I70_F20_m62f62_P20_Y0_UO3156,I70_F20_m-1f-1_P70_Y-1_U126,FXX,0,0.0,0,0,0.0,0,0,0,0.0,0.625,1,P69_CV0,2,2,0,1,1,0,2,0,2
20,-1503771.641,444502.6321,Age0_F20_m70f70_P20_Y7_UO3298,I70_F20_m83f83_P20_Y0_UO4041,ID70_F20_m70f70_P20_Y1_UO3080,MXY,0,0.0,0,0,0.0,0,0,0,0.0,0.375,1,P69_CV0,2,1,1,2,0,0,2,0,2
20,-1503771.641,444502.6321,Age0_F20_m70f70_P20_Y7_UO3300,ID70_F20_m83f83_P20_Y0_UO4066,ID70_F20_m-1f-1_P70_Y-1_U206,FXX,0,0.0,0,0,0.0,0,0,0,0.0,0.75,1,P69_CV0,2,2,0,1,1,0,2,0,2
20,-1503771.641,444502.6321,Age0_F20_m70f70_P20_Y7_UO3305,I70_F20_m-1f-1_P70_Y-1_U130,I70_F20_m-1f-1_P70_Y-1_U161,FXX,0,0.0,0,0,0.0,0,0,0,0.0,0.0,1,P69_CV0,2,0,2,2,0,0,2,0,2
20,-1503771.641,444502.6321,Age0_F20_m70f70_P20_Y7_UO3307,ID70_F20_m-1f-1_P70_Y-1_U22,I70_F20_m83f83_P20_Y3_UO3756,MXY,0,0.0,0,0,0.0,0,0,0,0.0,0.25,1,P69_CV0,2,0,2,2,0,0,2,0,2
20,-1503771.641,444502.6321,Age0_F20_m70f70_P20_Y7_UO3308,I70_F20_m-1f-1_P70_Y-1_U79,I70_F20_m62f62_P20_Y2_UO2940,MXY,0,0.0,0,0,0.0,0,0,0,0.0,0.5,1,P69_CV0,2,0,2,2,0,0,2,0,2
20,-1503771.641,444502.6321,Age0_F20_m70f70_P20_Y7_UO3311,I70_F20_m-1f-1_P70_Y-1_U180,I70_F20_m-1f-1_P70_Y-1_U59,MXY,0,0.0,0,0,0.0,0,0,0,0.0,0.5,1,P69_CV0,2,1,1,0,2,0,2,0,2
20,-1503771.641,444502.6321,Age0_F20_m70f70_P20_Y7_UO3313,ID70_F20_m-1f-1_P70_Y-1_U148,I70_F20_m83f83_P20_Y3_UO3765,FXX,0,0.0,0,0,0.0,0,0,0,0.0,0.375,1,P69_CV0,2,1,1,0,2,0,2,0,2
20,-1503771.641,444502.6321,Age0_F20_m70f70_P20_Y7_UO3315,I70_F20_m-1f-1_P70_Y-1_U195,I70_F20_m62f62_P20_Y2_UO2969,FXX,0,0.0,0,0,0.0,0,0,0,0.0,0.5,1,P69_CV0,2,2,0,1,1,0,2,0,2
20,-1503771.641,444502.6321,Age0_F20_m70f70_P20_Y7_UO3317,I70_F20_m-1f-1_P70_Y-1_U210,I70_F20_m70f70_P20_Y4_UO3242,MXY,0,0.0,0,0,0.0,0,0,0,0.0,0.6875,1,P69_CV0,2,1,1,0,2,0,2,0,2
20,-1503771.641,444502.6321,Age0_F20_m83f83_P20_Y7_UO3803,ID83_F20_m70f70_P20_Y4_UO3216,I83_F20_m83f83_P20_Y2_UO3821,FXX,0,0.0,0,0,0.0,0,0,0,0.0,0.125,1,P69_CV0,2,0,2,1,1,0,2,0,2
20,-1503771.641,444502.6321,Age0_F20_m83f83_P20_Y7_UO3806,I83_F20_m83f83_P20_Y4_UO3754,I83_F20_m-1f-1_P70_Y-1_U223,MXY,0,0.0,0,0,0.0,0,0,0,0.0,0.1875,1,P69_CV0,2,0,2,1,1,0,2,0,2
20,-1503771.641,444502.6321,Age0_F20_m83f83_P20_Y7_UO3807,I83_F20_m62f62_P20_Y3_UO2931,ID83_F20_m70f70_P20_Y5_UO3212,MXY,0,0.0,0,0,0.0,0,0,0,0.0,0.46875,1,P69_CV0,2,0,2,0,2,0,2,0,2
20,-1503771.641,444502.6321,Age0_F20_m83f83_P20_Y7_UO3809,I83_F20_m83f83_P20_Y2_UO3799,I83_F20_m70f70_P20_Y3_UO3245,MXY,0,0.0,0,0,0.0,0,0,0,0.0,0.9375,1,P69_CV0,2,2,0,1,1,0,2,0,2
20,-1503771.641,444502.6321,Age0_F20_m83f83_P20_Y7_UO3812,I83_F20_m62f62_P20_Y1_UO2825,ID83_F20_m70f70_P20_Y3_UO3243,MXY,0,0.0,0,0,0.0,0,0,0,0.0,0.5,1,P69_CV0,2,1,1,1,1,0,2,0,2
20,-1503771.641,444502.6321,Age0_F20_m83f83_P20_Y7_UO3813,I83_F20_m70f70_P20_Y1_UO3086,I83_F20_m-1f-1_P83_Y-1_U213,MXY,0,0.0,0,0,0.0,0,0,0,0.0,0.875,1,P69_CV0,2,2,0,2,0,0,2,0,2
20,-1503771.641,444502.6321,Age0_F20_m83f83_P20_Y7_UO3814,I83_F20_m70f70_P20_Y0_UO3468,I83_F20_m-1f-1_P83_Y-1_U193,MXY,0,0.0,0,0,0.0,0,0,0,0.0,0.375,1,P69_CV0,2,0,2,1,1,0,2,0,2
20,-1503771.641,444502.6321,Age0_F20_m83f83_P20_Y7_UO3819,I83_F20_m-1f-1_P83_Y-1_U42,I83_F20_m-1f-1_P70_Y-1_U223,FXX,0,0.0,0,0,0.0,0,0,0,0.0,0.0,1,P69_CV0,2,0,2,1,1,0,2,0,2
20,-1503771.641,444502.6321,Age0_F20_m83f83_P20_Y7_UO3829,I83_F20_m-1f-1_P83_Y-1_U40,ID83_F20_m83f83_P20_Y3_UO3778,FXX,0,0.0,0,0,0.0,0,0,0,0.0,0.5,1,P69_CV0,2,0,2,1,1,0,2,0,2
20,-1503771.641,444502.6321,Age0_F20_m83f83_P20_Y7_UO3832,I83_F20_m-1f-1_P70_Y-1_U166,ID83_F20_m83f83_P20_Y5_UO3793,MXY,0,0.0,0,0,0.0,0,0,0,0.0,0.75,1,P69_CV0,2,1,1,2,0,0,2,0,2
20,-1503771.641,444502.6321,Age0_F20_m83f83_P20_Y7_UO3835,I83_F20_m-1f-1_P83_Y-1_U55,ID83_F20_m83f83_P20_Y3_UO3778,FXX,0,0.0,0,0,0.0,0,0,0,0.0,0.25,1,P69_CV0,2,0,2,2,0,0,2,0,2
20,-1503771.641,444502.6321,Age0_F20_m83f83_P20_Y7_UO3838,I83_F20_m-1f-1_P70_Y-1_U242,I83_F20_m83f83_P20_Y2_UO3821,MXY,0,0.0,0,0,0.0,0,0,0,0.0,0.625,1,P69_CV0,2,1,1,2,0,0,2,0,2
20,-1503771.641,444502.6321,Age0_F20_m83f83_P20_Y7_UO3840,I83_F20_m-1f-1_P83_Y-1_U131,ID83_F20_m-1f-1_P70_Y-1_U17,FXX,0,0.0,0,0,0.0,0,0,0,0.0,0.25,1,P69_CV0,2,1,1,2,0,0,2,0,2
20,-1503771.641,444502.6321,E20_F62_m62f62_P20_Y6_UO2874,ID62_F20_m70f70_P20_Y4_UO3188,I62_F20_m-1f-1_P62_Y-1_U102,MXY,1,0.0,1,1,0.0,0,0,0,-9999.0,0.25,1,P69_CV0,2,1,1,1,1,0,2,0,2
20,-1503771.641,444502.6321,E20_F62_m62f62_P20_Y6_UO2877,I62_F20_m83f83_P20_Y4_UO3789,I62_F20_m83f83_P20_Y3_UO3786,MXY,1,0.0,1,1,0.0,0,0,0,-9999.0,0.5,1,P69_CV0,2,1,1,1,1,0,2,0,2
20,-1503771.641,444502.6321,E20_F62_m62f62_P20_Y6_UO2901,I62_F20_m70f70_P20_Y4_UO3195,I62_F20_m70f70_P20_Y2_UO3234,MXY,1,0.0,1,1,0.0,0,0,0,-9999.0,0.4375,1,P69_CV0,2,2,0,2,0,0,2,0,2
20,-1503771.641,444502.6321,E20_F62_m62f62_P20_Y6_UO2904,I62_F20_m62f62_P20_Y4_UO2858,I62_F20_m83f83_P20_Y2_UO3761,MXY,1,0.0,1,1,0.0,0,0,0,-9999.0,0.625,1,P69_CV0,2,0,2,2,0,0,2,0,2
20,-1503771.641,444502.6321,E20_F62_m62f62_P20_Y6_UO2907,I62_F20_m83f83_P20_Y4_UO3752,I62_F20_m62f62_P20_Y4_UO2925,MXY,1,0.0,1,1,0.0,0,0,0,-9999.0,0.375,1,P69_CV0,2,0,2,1,1,0,2,0,2
20,-1503771.641,444502.6321,E20_F62_m62f62_P20_Y6_UO2916,I62_F26_m70f70_P20_Y3_UO3183,I62_F20_m62f62_P20_Y3_UO2884,MXY,1,0.0,1,1,0.0,0,0,0,-9999.0,0.6875,1,P69_CV0,2,1,1,1,1,0,2,0,2
20,-1503771.641,444502.6321,E20_F62_m62f62_P20_Y6_UO2933,I62_F20_m62f62_P20_Y3_UO2941,I62_F26_m83f83_P20_Y4_UO3782,MXY,1,0.0,1,1,0.0,0,0,0,-9999.0,0.6875,1,P69_CV0,2,2,0,1,1,0,2,0,2
20,-1503771.641,444502.6321,E20_F62_m62f62_P20_Y6_UO2935,I62_F20_m53f53_P26_Y3_UO2501,ID62_F20_m70f70_P20_Y0_UO3509,MXY,1,0.0,1,1,0.0,0,0,0,-9999.0,0.5,1,P69_CV0,2,1,1,2,0,0,2,0,2
20,-1503771.641,444502.6321,E20_F62_m62f62_P20_Y6_UO2953,I62_F20_m62f62_P20_Y2_UO2901,I62_F20_m83f83_P20_Y3_UO3786,FXX,1,0.0,1,1,1.0,0,0,0,-9999.0,0.6875,1,P69_CV0,2,1,1,1,1,0,2,0,2
20,-1503771.641,444502.6321,E20_F62_m62f62_P20_Y6_UO2954,I62_F26_m70f70_P20_Y2_UO3225,I62_F20_m62f62_P20_Y4_UO2862,MXY,1,0.0,1,1,0.0,0,0,0,-9999.0,0.65625,1,P69_CV0,2,1,1,1,1,0,2,0,2
20,-1503771.641,444502.6321,E20_F62_m62f62_P20_Y6_UO2961,I62_F20_m70f70_P20_Y1_UO3097,I62_F20_m-1f-1_P62_Y-1_U181,MXY,1,0.0,1,1,0.0,0,0,0,-9999.0,0.375,1,P69_CV0,2,0,2,1,1,0,2,0,2
20,-1503771.641,444502.6321,E20_F62_m62f62_P20_Y6_UO2964,I62_F20_m70f70_P20_Y1_UO3110,I62_F20_m70f70_P20_Y2_UO3234,MXY,1,0.0,1,1,0.0,0,0,0,-9999.0,0.5,1,P69_CV0,2,1,1,2,0,0,2,0,2
20,-1503771.641,444502.6321,E20_F62_m62f62_P20_Y6_UO2974,I62_F20_m70f70_P20_Y0_UO3487,ID62_F26_m83f83_P20_Y3_UO3752,MXY,1,0.0,1,1,0.0,0,0,0,-9999.0,0.5,1,P69_CV0,2,1,1,2,0,0,2,0,2
20,-1503771.641,444502.6321,E20_F62_m70f70_P20_Y6_UO3221,I70_F20_m70f70_P20_Y4_UO3203,I70_F20_m70f70_P20_Y1_UO3080,FXX,1,0.0,1,1,1.0,0,0,0,-9999.0,0.375,1,P69_CV0,2,1,1,2,0,0,2,0,2
20,-1503771.641,444502.6321,E20_F62_m70f70_P20_Y6_UO3233,I70_F20_m70f70_P20_Y4_UO3192,I70_F20_m70f70_P20_Y0_UO3507,MXY,1,0.0,1,1,0.0,0,0,0,-9999.0,0.46875,1,P69_CV0,2,1,1,0,2,0,2,0,2
20,-1503771.641,444502.6321,E20_F62_m70f70_P20_Y6_UO3235,I70_F20_m70f70_P20_Y4_UO3194,I70_F20_m70f70_P20_Y3_UO3179,MXY,1,0.0,1,1,0.0,0,0,0,-9999.0,0.3125,1,P69_CV0,2,1,1,1,1,0,2,0,2
20,-1503771.641,444502.6321,E20_F62_m70f70_P20_Y6_UO3255,I70_F20_m83f83_P20_Y3_UO3785,I70_F20_m70f70_P20_Y2_UO3194,FXX,1,0.0,1,1,1.0,0,0,0,-9999.0,0.5625,1,P69_CV0,2,2,0,1,1,0,2,0,2
20,-1503771.641,444502.6321,E20_F62_m70f70_P20_Y6_UO3260,I70_F20_m83f83_P20_Y3_UO3791,I70_F20_m62f62_P20_Y4_UO2906,FXX,1,0.0,1,1,1.0,0,0,0,-9999.0,0.5,1,P69_CV0,2,2,0,1,1,0,2,0,2
20,-1503771.641,444502.6321,E20_F62_m70f70_P20_Y6_UO3264,ID70_F20_m70f70_P20_Y3_UO3201,I70_F20_m-1f-1_P70_Y-1_U217,FXX,1,0.0,1,1,1.0,0,0,0,-9999.0,0.625,1,P69_CV0,2,2,0,1,1,0,2,0,2
20,-1503771.641,444502.6321,E20_F62_m70f70_P20_Y6_UO3281,I70_F20_m83f83_P20_Y2_UO3804,I70_F20_m62f62_P20_Y4_UO2906,MXY,1,0.0,1,1,0.0,0,0,0,-9999.0,0.5625,1,P69_CV0,2,2,0,0,2,0,2,0,2
20,-1503771.641,444502.6321,E20_F62_m70f70_P20_Y6_UO3292,I70_F20_m62f62_P20_Y1_UO2836,I70_F20_m-1f-1_P70_Y-1_U206,MXY,1,0.0,1,1,0.0,0,0,0,-9999.0,0.625,1,P69_CV0,2,1,1,1,1,0,2,0,2
20,-1503771.641,444502.6321,E20_F62_m70f70_P20_Y6_UO3304,I70_F20_m-1f-1_P70_Y-1_U179,I70_F20_m62f62_P20_Y4_UO2904,FXX,1,0.0,1,1,1.0,0,0,0,-9999.0,0.4375,1,P69_CV0,2,1,1,1,1,0,2,0,2
20,-1503771.641,444502.6321,E20_F62_m70f70_P20_Y6_UO3307,I70_F20_m-1f-1_P70_Y-1_U86,ID70_F20_m-1f-1_P83_Y-1_U247,FXX,1,0.0,1,1,1.0,0,0,0,-9999.0,1.0,1,P69_CV0,2,2,0,1,1,0,2,0,2
20,-1503771.641,444502.6321,E20_F62_m70f70_P20_Y6_UO3311,I70_F20_m-1f-1_P70_Y-1_U79,I70_F20_m62f62_P20_Y4_UO2911,MXY,1,0.0,1,1,0.0,0,0,0,-9999.0,0.5625,1,P69_CV0,2,2,0,0,2,0,2,0,2
20,-1503771.641,444502.6321,E20_F62_m70f70_P20_Y6_UO3316,ID70_F20_m-1f-1_P83_Y-1_U217,I70_F20_m-1f-1_P70_Y-1_U126,FXX,1,0.0,1,1,1.0,0,0,0,-9999.0,0.75,1,P69_CV0,2,1,1,1,1,0,2,0,2
20,-1503771.641,444502.6321,E20_F62_m83f83_P20_Y6_UO3820,ID83_F20_m70f70_P20_Y3_UO3257,ID83_F20_m-1f-1_P70_Y-1_U57,FXX,1,0.0,1,1,1.0,0,0,0,-9999.0,0.625,1,P69_CV0,2,2,0,0,2,0,2,0,2
20,-1503771.641,444502.6321,E20_F62_m83f83_P20_Y6_UO3847,ID83_F20_m-1f-1_P70_Y-1_U194,I83_F20_m70f70_P20_Y3_UO3245,MXY,1,0.0,1,1,0.0,0,0,0,-9999.0,0.6875,1,P69_CV0,2,1,1,2,0,0,2,0,2
20,-1503771.641,444502.6321,E20_F62_m83f83_P20_Y6_UO3851,I83_F20_m-1f-1_P83_Y-1_U9,I83_F20_m-1f-1_P70_Y-1_U78,MXY,1,0.0,1,1,0.0,0,0,0,-9999.0,0.75,1,P69_CV0,2,1,1,1,1,0,2,0,2
20,-1503771.641,444502.6321,E20_F62_m83f83_P20_Y6_UO3857,ID83_F20_m-1f-1_P70_Y-1_U232,ID83_F20_m-1f-1_P83_Y-1_U193,MXY,1,0.0,1,1,0.0,0,0,0,-9999.0,0.25,1,P69_CV0,2,1,1,1,1,0,2,0,2
20,-1503771.641,444502.6321,E20_F62_m83f83_P20_Y6_UO3863,I83_F20_m-1f-1_P83_Y-1_U206,ID83_F20_m83f83_P20_Y3_UO3778,MXY,1,0.0,1,1,0.0,0,0,0,-9999.0,0.75,1,P69_CV0,2,1,1,2,0,0,2,0,2
20,-1503771.641,444502.6321,E20_F62_m83f83_P20_Y6_UO3864,I83_F20_m-1f-1_P70_Y-1_U43,I83_F20_m-1f-1_P83_Y-1_U83,FXX,1,0.0,1,1,1.0,0,0,0,-9999.0,0.75,1,P69_CV0,2,2,0,2,0,0,2,0,2
20,-1503771.641,444502.6321,E20_F70_m62f62_P20_Y6_UO2862,I62_F20_m83f83_P20_Y4_UO3748,I62_F20_m83f83_P20_Y1_UO3599,MXY,1,0.0,1,1,0.0,0,0,0,-9999.0,0.4375,1,P69_CV0,2,1,1,1,1,0,2,0,2
20,-1503771.641,444502.6321,E20_F70_m62f62_P20_Y6_UO2871,ID62_F20_m70f70_P20_Y4_UO3197,I62_F20_m70f70_P20_Y2_UO3262,FXX,1,0.0,1,1,1.0,0,0,0,-9999.0,0.4375,1,P69_CV0,2,1,1,1,1,0,2,0,2
20,-1503771.641,444502.6321,E20_F70_m62f62_P20_Y6_UO2872,ID62_F20_m83f83_P20_Y4_UO3751,ID62_F20_m83f83_P20_Y4_UO3759,MXY,1,0.0,1,1,0.0,0,0,0,-9999.0,0.625,1,P69_CV0,2,1,1,2,0,0,2,0,2
20,-1503771.641,444502.6321,E20_F70_m62f62_P20_Y6_UO2873,I62_F20_m70f70_P20_Y4_UO3171,I62_F20_m83f83_P20_Y4_UO3771,FXX,1,0.0,1,1,1.0,0,0,0,-9999.0,0.40625,1,P69_CV0,2,1,1,0,2,0,2,0,2
20,-1503771.641,444502.6321,E20_F70_m62f62_P20_Y6_UO2884,ID62_F20_m70f70_P20_Y4_UO3224,I62_F20_m83f83_P20_Y3_UO3786,FXX,1,0.0,1,1,1.0,0,0,0,-9999.0,0.5625,1,P69_CV0,2,2,0,2,0,0,2,0,2
20,-1503771.641,444502.6321,E20_F70_m62f62_P20_Y6_UO2902,I62_F20_m70f70_P20_Y4_UO3169,I62_F20_m70f70_P20_Y0_UO3437,FXX,1,0.0,1,1,1.0,0,0,0,-9999.0,0.46875,1,P69_CV0,2,1,1,1,1,0,2,0,2
20,-1503771.641,444502.6321,E20_F70_m62f62_P20_Y6_UO2912,I62_F20_m62f62_P26_Y3_UO2957,I62_F20_m62f62_P20_Y3_UO2884,MXY,1,0.0,1,1,0.0,0,0,0,-9999.0,0.8125,1,P69_CV0,2,1,1,1,1,0,2,0,2
20,-1503771.641,444502.6321,E20_F70_m62f62_P20_Y6_UO2920,I62_F20_m70f70_P20_Y3_UO3246,I62_F20_m62f62_P20_Y0_UO3163,MXY,1,0.0,1,1,0.0,0,0,0,-9999.0,0.25,1,P69_CV0,2,1,1,2,0,0,2,0,2
20,-1503771.641,444502.6321,E20_F70_m62f62_P20_Y6_UO2930,ID62_F20_m70f70_P20_Y3_UO3255,ID62_F20_m70f70_P20_Y4_UO3196,MXY,1,0.0,1,1,0.0,0,0,0,-9999.0,0.59375,1,P69_CV0,2,1,1,1,1,0,2,0,2
20,-1503771.641,444502.6321,E20_F70_m62f62_P20_Y6_UO2931,I62_F20_m70f70_P20_Y3_UO3207,ID62_F20_m83f83_P20_Y4_UO3759,FXX,1,0.0,1,1,1.0,0,0,0,-9999.0,0.625,1,P69_CV0,2,1,1,1,1,0,2,0,2
20,-1503771.641,444502.6321,E20_F70_m62f62_P20_Y6_UO2940,I62_F20_m70f70_P20_Y3_UO3253,ID62_F20_m70f70_P20_Y4_UO3196,FXX,1,0.0,1,1,1.0,0,0,0,-9999.0,0.59375,1,P69_CV0,2,2,0,1,1,0,2,0,2
20,-1503771.641,444502.6321,E20_F70_m62f62_P20_Y6_UO2947,I62_F20_m62f62_P20_Y2_UO2977,ID62_F20_m83f83_P20_Y4_UO3770,FXX,1,0.0,1,1,1.0,0,0,0,-9999.0,0.625,1,P69_CV0,2,0,2,0,2,0,2,0,2
20,-1503771.641,444502.6321,E20_F70_m62f62_P20_Y6_UO2951,I62_F20_m70f70_P20_Y2_UO3231,I62_F20_m53f53_P26_Y1_UO2409,FXX,1,0.0,1,1,1.0,0,0,0,-9999.0,0.375,1,P69_CV0,2,0,2,2,0,0,2,0,2
20,-1503771.641,444502.6321,E20_F70_m62f62_P20_Y6_UO2960,ID62_F20_m70f70_P20_Y1_UO3111,ID62_F20_m70f70_P20_Y4_UO3167,MXY,1,0.0,1,1,0.0,0,0,0,-9999.0,0.75,1,P69_CV0,2,2,0,1,1,0,2,0,2
20,-1503771.641,444502.6321,E20_F70_m62f62_P20_Y6_UO2969,I62_F20_m70f70_P20_Y1_UO3049,I62_F20_m-1f-1_P62_Y-1_U176,MXY,1,0.0,1,1,0.0,0,0,0,-9999.0,0.375,1,P69_CV0,2,1,1,0,2,0,2,0,2
20,-1503771.641,444502.6321,E20_F70_m62f62_P20_Y6_UO2970,ID62_F20_m70f70_P20_Y1_UO3068,I62_F20_m-1f-1_P62_Y-1_U6,MXY,1,0.0,1,1,0.0,0,0,0,-9999.0,0.875,1,P69_CV0,2,2,0,1,1,0,2,0,2
20,-1503771.641,444502.6321,E20_F70_m62f62_P20_Y6_UO2986,I62_F20_m-1f-1_P62_Y-1_U205,I62_F20_m70f70_P20_Y0_UO3437,FXX,1,0.0,1,1,1.0,0,0,0,-9999.0,0.5,1,P69_CV0,2,1,1,1,1,0,2,0,2
20,-1503771.641,444502.6321,E20_F70_m70f70_P20_Y6_UO3223,I70_F20_m70f70_P20_Y4_UO3172,I70_F20_m70f70_P20_Y3_UO3198,FXX,1,0.0,1,1,1.0,0,0,0,-9999.0,0.5,1,P69_CV0,2,1,1,2,0,0,2,0,2
20,-1503771.641,444502.6321,E20_F70_m70f70_P20_Y6_UO3227,ID70_F20_m83f83_P20_Y4_UO3745,I70_F20_m83f83_P20_Y4_UO3756,MXY,1,0.0,1,1,0.0,0,0,0,-9999.0,0.5625,1,P69_CV0,2,2,0,1,1,0,2,0,2
20,-1503771.641,444502.6321,E20_F70_m70f70_P20_Y6_UO3228,I70_F20_m70f70_P20_Y4_UO3256,I70_F20_m62f62_P20_Y3_UO2870,FXX,1,0.0,1,1,1.0,0,0,0,-9999.0,0.9375,1,P69_CV0,2,2,0,1,1,0,2,0,2
20,-1503771.641,444502.6321,E20_F70_m70f70_P20_Y6_UO3230,ID70_F20_m70f70_P20_Y4_UO3254,I70_F20_m70f70_P20_Y4_UO3240,FXX,1,0.0,1,1,1.0,0,0,0,-9999.0,0.46875,1,P69_CV0,2,0,2,1,1,0,2,0,2
20,-1503771.641,444502.6321,E20_F70_m70f70_P20_Y6_UO3237,I70_F20_m70f70_P20_Y4_UO3218,I70_F20_m83f83_P20_Y3_UO3780,FXX,1,0.0,1,1,1.0,0,0,0,-9999.0,0.6875,1,P69_CV0,2,1,1,0,2,0,2,0,2
20,-1503771.641,444502.6321,E20_F70_m70f70_P20_Y6_UO3244,I70_F20_m70f70_P20_Y4_UO3168,ID70_F20_m-1f-1_P70_Y-1_U14,FXX,1,0.0,1,1,1.0,0,0,0,-9999.0,0.46875,1,P69_CV0,2,1,1,1,1,0,2,0,2
20,-1503771.641,444502.6321,E20_F70_m70f70_P20_Y6_UO3246,I70_F20_m83f83_P20_Y4_UO3767,I70_F20_m-1f-1_P70_Y-1_U87,FXX,1,0.0,1,1,1.0,0,0,0,-9999.0,0.125,1,P69_CV0,2,0,2,0,2,0,2,0,2
20,-1503771.641,444502.6321,E20_F70_m70f70_P20_Y6_UO3257,ID70_F20_m62f62_P20_Y3_UO2959,I70_F20_m62f62_P20_Y4_UO2859,FXX,1,0.0,1,1,1.0,0,0,0,-9999.0,0.6875,1,P69_CV0,2,2,0,2,0,0,2,0,2
20,-1503771.641,444502.6321,E20_F70_m70f70_P20_Y6_UO3283,I70_F20_m70f70_P20_Y2_UO3252,I70_F20_m62f62_P20_Y3_UO2944,FXX,1,0.0,1,1,1.0,0,0,0,-9999.0,0.125,1,P69_CV0,2,0,2,2,0,0,2,0,2
20,-1503771.641,444502.6321,E20_F70_m70f70_P20_Y6_UO3286,I70_F20_m70f70_P20_Y2_UO3224,ID70_F20_m83f83_P20_Y2_UO3781,MXY,1,0.0,1,1,0.0,0,0,0,-9999.0,0.25,1,P69_CV0,2,1,1,1,1,0,2,0,2
20,-1503771.641,444502.6321,E20_F70_m70f70_P20_Y6_UO3308,I70_F20_m-1f-1_P70_Y-1_U130,I70_F20_m-1f-1_P70_Y-1_U157,FXX,1,0.0,1,1,1.0,0,0,0,-9999.0,0.25,1,P69_CV0,2,0,2,1,1,0,2,0,2
20,-1503771.641,444502.6321,E20_F70_m70f70_P20_Y6_UO3310,I70_F20_m-1f-1_P83_Y-1_U168,ID70_F20_m62f62_P20_Y3_UO2950,FXX,1,0.0,1,1,1.0,0,0,0,-9999.0,0.375,1,P69_CV0,2,1,1,1,1,0,2,0,2
20,-1503771.641,444502.6321,E20_F70_m70f70_P20_Y6_UO3313,ID70_F20_m-1f-1_P70_Y-1_U83,I70_F20_m83f83_P20_Y4_UO3791,FXX,1,0.0,1,1,1.0,0,0,0,-9999.0,0.375,1,P69_CV0,2,1,1,1,1,0,2,0,2
20,-1503771.641,444502.6321,E20_F70_m70f70_P20_Y6_UO3314,ID70_F20_m-1f-1_P70_Y-1_U180,I70_F20_m62f62_P20_Y4_UO2859,MXY,1,0.0,1,1,0.0,0,0,0,-9999.0,0.5,1,P69_CV0,2,1,1,1,1,0,2,0,2
20,-1503771.641,444502.6321,E20_F70_m70f70_P20_Y6_UO3318,I70_F20_m-1f-1_P70_Y-1_U148,I70_F20_m83f83_P20_Y4_UO3760,FXX,1,0.0,1,1,1.0,0,0,0,-9999.0,0.375,1,P69_CV0,2,1,1,1,1,0,2,0,2
20,-1503771.641,444502.6321,E20_F70_m70f70_P20_Y6_UO3320,I70_F20_m-1f-1_P70_Y-1_U116,I70_F20_m70f70_P20_Y2_UO3194,MXY,1,0.0,1,1,0.0,0,0,0,-9999.0,0.3125,1,P69_CV0,2,1,1,2,0,0,2,0,2
20,-1503771.641,444502.6321,E20_F70_m83f83_P20_Y6_UO3825,ID83_F20_m70f70_P20_Y2_UO3195,I83_F20_m-1f-1_P70_Y-1_U223,FXX,1,0.0,1,1,1.0,0,0,0,-9999.0,0.25,1,P69_CV0,2,0,2,1,1,0,2,0,2
20,-1503771.641,444502.6321,E20_F70_m83f83_P20_Y6_UO3833,ID83_F20_m-1f-1_P70_Y-1_U152,I83_F20_m-1f-1_P70_Y-1_U212,FXX,1,0.0,1,1,1.0,0,0,0,-9999.0,0.5,1,P69_CV0,2,2,0,0,2,0,2,0,2
20,-1503771.641,444502.6321,E20_F70_m83f83_P20_Y6_UO3856,I83_F20_m-1f-1_P70_Y-1_U38,I83_F20_m-1f-1_P83_Y-1_U108,FXX,1,0.0,1,1,1.0,0,0,0,-9999.0,0.75,1,P69_CV0,2,1,1,0,2,0,2,0,2
20,-1503771.641,444502.6321,E20_F70_m83f83_P20_Y6_UO3860,ID83_F20_m-1f-1_P70_Y-1_U242,I83_F20_m-1f-1_P70_Y-1_U212,FXX,1,0.0,1,1,1.0,0,0,0,-9999.0,0.75,1,P69_CV0,2,2,0,1,1,0,2,0,2
20,-1503771.641,444502.6321,E20_F62_m70f70_P20_Y5_UO3242,I70_F20_m83f83_P20_Y1_UO3600,ID70_F20_m-1f-1_P70_Y-1_U59,MXY,2,0.0,1,0,0.0,0,0,0,-9999.0,0.5,1,P69_CV0,2,1,1,1,1,0,2,0,2
20,-1503771.641,444502.6321,E20_F62_m70f70_P20_Y5_UO3204,ID70_F20_m62f62_P20_Y3_UO2913,I70_F20_m-1f-1_P70_Y-1_U112,FXX,2,0.0,1,0,1.0,0,0,0,-9999.0,0.4375,1,P69_CV0,2,2,0,1,1,0,2,0,2
20,-1503771.641,444502.6321,E20_F62_m70f70_P20_Y5_UO3211,ID70_F20_m70f70_P20_Y3_UO3257,I70_F20_m70f70_P20_Y1_UO3064,MXY,2,0.0,1,0,0.0,0,0,0,-9999.0,0.625,1,P69_CV0,2,2,0,0,2,0,2,0,2
20,-1503771.641,444502.6321,E20_F62_m70f70_P20_Y5_UO3266,ID70_F20_m-1f-1_P70_Y-1_U65,I70_F20_m70f70_P20_Y0_UO3510,FXX,2,0.0,1,0,1.0,0,0,0,-9999.0,0.5,1,P69_CV0,2,1,1,2,0,0,2,0,2
20,-1503771.641,444502.6321,E20_F62_m62f62_P26_Y5_UO2874,I62_F20_m53f53_P26_Y3_UO2478,I62_F20_m70f70_P20_Y0_UO3437,FXX,2,0.0,1,0,1.0,0,0,0,-9999.0,0.5,1,P69_CV0,2,1,1,2,0,0,2,0,2
20,-1503771.641,444502.6321,E20_F62_m62f62_P20_Y5_UO2873,ID62_F20_m83f83_P20_Y3_UO3767,I62_F20_m-1f-1_P62_Y-1_U6,MXY,2,0.0,1,0,0.0,0,0,0,-9999.0,0.75,1,P69_CV0,2,2,0,2,0,0,2,0,2
20,-1503771.641,444502.6321,E20_F62_m62f62_P26_Y5_UO2870,I62_F20_m70f70_P20_Y3_UO3183,I62_F20_m70f70_P20_Y3_UO3181,MXY,2,0.0,1,0,0.0,0,0,0,-9999.0,0.4375,1,P69_CV0,2,1,1,0,2,0,2,0,2
20,-1503771.641,444502.6321,E20_F62_m62f62_P20_Y5_UO2857,I62_F20_m83f83_P20_Y3_UO3777,I62_F20_m70f70_P20_Y1_UO3054,MXY,2,0.0,1,0,0.0,0,0,0,-9999.0,0.5,1,P69_CV0,2,0,2,0,2,0,2,0,2
20,-1503771.641,444502.6321,E20_F62_m83f83_P20_Y5_UO3800,I83_F20_m-1f-1_P70_Y-1_U16,I83_F20_m-1f-1_P83_Y-1_U108,MXY,2,0.0,1,0,0.0,0,0,0,-9999.0,0.25,1,P69_CV0,2,1,1,1,1,0,2,0,2
20,-1503771.641,444502.6321,E20_F62_m62f62_P20_Y5_UO2966,ID62_F20_m-1f-1_P62_Y-1_U231,I62_F20_m70f70_P20_Y2_UO3214,MXY,2,0.0,1,0,0.0,0,0,0,-9999.0,0.25,1,P69_CV0,2,1,1,0,2,0,2,0,2
20,-1503771.641,444502.6321,E20_F62_m83f83_P20_Y5_UO3797,I83_F20_m-1f-1_P70_Y-1_U165,ID83_F20_m70f70_P20_Y1_UO3061,MXY,2,0.0,1,0,0.0,0,0,0,-9999.0,0.5,1,P69_CV0,2,1,1,2,0,0,2,0,2
20,-1503771.641,444502.6321,E20_F62_m70f70_P20_Y5_UO3229,I70_F20_m70f70_P20_Y2_UO3224,I70_F20_m70f70_P20_Y3_UO3184,MXY,2,0.0,1,0,0.0,0,0,0,-9999.0,0.5,1,P69_CV0,2,1,1,1,1,0,2,0,2
20,-1503771.641,444502.6321,E20_F62_m83f83_P20_Y5_UO3771,ID83_F20_m62f62_P20_Y3_UO2931,ID83_F20_m83f83_P20_Y3_UO3778,FXX,2,0.0,1,0,1.0,0,0,0,-9999.0,0.625,1,P69_CV0,2,1,1,0,2,0,2,0,2
20,-1503771.641,444502.6321,E20_F62_m70f70_P20_Y5_UO3252,ID70_F20_m70f70_P20_Y0_UO3501,I70_F20_m70f70_P20_Y1_UO3081,FXX,2,0.0,1,0,1.0,0,0,0,-9999.0,0.25,1,P69_CV0,2,0,2,2,0,0,2,0,2
20,-1503771.641,444502.6321,E20_F62_m62f62_P20_Y5_UO2930,I62_F20_m70f70_P20_Y1_UO3049,I62_F20_m70f70_P20_Y2_UO3214,MXY,2,0.0,1,0,0.0,0,0,0,-9999.0,0.375,1,P69_CV0,2,1,1,0,2,0,2,0,2
20,-1503771.641,444502.6321,E20_F62_m70f70_P20_Y5_UO3218,ID70_F20_m62f62_P20_Y3_UO2955,I70_F20_m-1f-1_P70_Y-1_U87,MXY,2,0.0,1,0,0.0,0,0,0,-9999.0,0.25,1,P69_CV0,2,1,1,2,0,0,2,0,2
20,-1503771.641,444502.6321,E20_F62_m83f83_P20_Y5_UO3785,I83_F20_m70f70_P20_Y0_UO3468,ID83_F20_m-1f-1_P83_Y-1_U204,MXY,2,0.0,1,0,0.0,0,0,0,-9999.0,0.125,1,P69_CV0,2,0,2,2,0,0,2,0,2
20,-1503771.641,444502.6321,E20_F62_m70f70_P20_Y5_UO3279,I70_F20_m-1f-1_P70_Y-1_U109,I70_F20_m-1f-1_P70_Y-1_U144,MXY,2,0.0,1,0,0.0,0,0,0,-9999.0,0.25,1,P69_CV0,2,0,2,2,0,0,2,0,2
20,-1503771.641,444502.6321,E20_F62_m62f62_P20_Y5_UO2952,I62_F20_m-1f-1_P62_Y-1_U219,ID62_F20_m70f70_P20_Y1_UO3095,FXX,2,0.0,1,0,1.0,0,0,0,-9999.0,0.5,1,P69_CV0,2,1,1,1,1,0,2,0,2
20,-1503771.641,444502.6321,E20_F62_m70f70_P20_Y5_UO3267,ID70_F20_m-1f-1_P70_Y-1_U47,I70_F20_m-1f-1_P70_Y-1_U206,MXY,2,0.0,1,0,0.0,0,0,0,-9999.0,0.75,1,P69_CV0,2,2,0,1,1,0,2,0,2
20,-1503771.641,444502.6321,E20_F62_m70f70_P20_Y5_UO3257,I70_F20_m83f83_P20_Y0_UO4068,ID70_F20_m70f70_P20_Y1_UO3109,FXX,2,0.0,1,0,1.0,0,0,0,-9999.0,0.5,1,P69_CV0,2,1,1,1,1,0,2,0,2
20,-1503771.641,444502.6321,E20_F70_m70f70_P20_Y5_UO3219,I70_F20_m70f70_P20_Y3_UO3213,I70_F20_m-1f-1_P70_Y-1_U126,FXX,2,0.0,1,0,1.0,0,0,0,-9999.0,0.625,1,P69_CV0,2,2,0,2,0,0,2,0,2
20,-1503771.641,444502.6321,E20_F70_m83f83_P20_Y5_UO3813,ID83_F20_m-1f-1_P70_Y-1_U38,I83_F20_m-1f-1_P83_Y-1_U58,MXY,2,0.0,1,0,0.0,0,0,0,-9999.0,0.5,1,P69_CV0,2,1,1,0,2,0,2,0,2
20,-1503771.641,444502.6321,E20_F70_m83f83_P20_Y5_UO3778,ID83_F20_m70f70_P20_Y2_UO3195,I83_F20_m-1f-1_P83_Y-1_U19,MXY,2,0.0,1,0,0.0,0,0,0,-9999.0,0.75,1,P69_CV0,2,1,1,2,0,0,2,0,2
20,-1503771.641,444502.6321,E20_F70_m70f70_P20_Y5_UO3239,I70_F20_m83f83_P20_Y2_UO3822,I70_F20_m70f70_P20_Y2_UO3245,FXX,2,0.0,1,0,1.0,0,0,0,-9999.0,0.625,1,P69_CV0,2,0,2,2,0,0,2,0,2
20,-1503771.641,444502.6321,E20_F70_m70f70_P20_Y5_UO3230,I70_F20_m62f62_P20_Y2_UO2941,I70_F20_m70f70_P20_Y1_UO3064,MXY,2,0.0,1,0,0.0,0,0,0,-9999.0,0.75,1,P69_CV0,2,2,0,1,1,0,2,0,2
20,-1503771.641,444502.6321,E20_F70_m70f70_P20_Y5_UO3258,ID70_F20_m62f62_P20_Y0_UO3186,I70_F20_m-1f-1_P70_Y-1_U14,FXX,2,0.0,1,0,1.0,0,0,0,-9999.0,0.5,1,P69_CV0,2,0,2,2,0,0,2,0,2
20,-1503771.641,444502.6321,E20_F70_m83f83_P20_Y5_UO3801,I83_F20_m-1f-1_P83_Y-1_U138,ID83_F20_m-1f-1_P70_Y-1_U158,FXX,2,0.0,1,0,1.0,0,0,0,-9999.0,0.75,1,P69_CV0,2,2,0,1,1,0,2,0,2
20,-1503771.641,444502.6321,E20_F70_m83f83_P20_Y5_UO3798,I83_F20_m-1f-1_P70_Y-1_U129,I83_F20_m-1f-1_P83_Y-1_U239,FXX,2,0.0,1,0,1.0,0,0,0,-9999.0,0.5,1,P69_CV0,2,2,0,1,1,0,2,0,2
20,-1503771.641,444502.6321,E20_F70_m70f70_P20_Y5_UO3276,I70_F20_m-1f-1_P70_Y-1_U166,I70_F20_m-1f-1_P70_Y-1_U224,FXX,2,0.0,1,0,1.0,0,0,0,-9999.0,0.5,1,P69_CV0,2,1,1,2,0,0,2,0,2
20,-1503771.641,444502.6321,E20_F70_m70f70_P20_Y5_UO3265,I70_F20_m-1f-1_P70_Y-1_U86,I70_F20_m70f70_P20_Y2_UO3194,FXX,2,0.0,1,0,1.0,0,0,0,-9999.0,0.8125,1,P69_CV0,2,2,0,1,1,0,2,0,2
20,-1503771.641,444502.6321,E20_F70_m62f62_P20_Y5_UO2933,ID62_F20_m70f70_P20_Y1_UO3110,I62_F20_m53f53_P26_Y1_UO2417,FXX,2,0.0,1,0,1.0,0,0,0,-9999.0,0.625,1,P69_CV0,2,0,2,0,2,0,2,0,2
20,-1503771.641,444502.6321,E20_F70_m70f70_P20_Y5_UO3233,I70_F20_m70f70_P20_Y2_UO3259,ID70_F20_m70f70_P20_Y3_UO3235,FXX,2,0.0,1,0,1.0,0,0,0,-9999.0,0.625,1,P69_CV0,2,2,0,1,1,0,2,0,2
20,-1503771.641,444502.6321,E20_F70_m62f62_P20_Y5_UO2940,I62_F20_m70f70_P20_Y0_UO3435,I62_F20_m62f62_P20_Y2_UO2967,FXX,2,0.0,1,0,1.0,0,0,0,-9999.0,0.5,1,P69_CV0,2,2,0,2,0,0,2,0,2
20,-1503771.641,444502.6321,E20_F70_m62f62_P20_Y5_UO2860,I62_F20_m62f62_P20_Y3_UO2943,I62_F20_m83f83_P20_Y2_UO3767,MXY,2,0.0,1,0,0.0,0,0,0,-9999.0,0.625,1,P69_CV0,2,2,0,1,1,0,2,0,2
20,-1503771.641,444502.6321,E20_F70_m62f62_P20_Y5_UO2935,ID62_F20_m53f53_P26_Y1_UO2413,I62_F20_m70f70_P20_Y3_UO3181,MXY,2,0.0,1,0,0.0,0,0,0,-9999.0,0.3125,1,P69_CV0,2,1,1,0,2,0,2,0,2
20,-1503771.641,444502.6321,E20_F70_m70f70_P20_Y5_UO3201,ID70_F20_m70f70_P20_Y3_UO3247,ID70_F20_m83f83_P20_Y2_UO3755,FXX,2,0.0,1,0,1.0,0,0,0,-9999.0,0.3125,1,P69_CV0,2,0,2,2,0,0,2,0,2
20,-1503771.641,444502.6321,E20_F70_m70f70_P20_Y5_UO3250,I70_F20_m62f62_P20_Y1_UO2836,I70_F20_m70f70_P20_Y3_UO3244,FXX,2,0.0,1,0,1.0,0,0,0,-9999.0,0.375,1,P69_CV0,2,1,1,0,2,0,2,0,2
20,-1503771.641,444502.6321,E20_F70_m70f70_P20_Y5_UO3251,ID70_F20_m62f62_P20_Y0_UO3156,ID70_F20_m70f70_P20_Y1_UO3109,FXX,2,0.0,1,0,1.0,0,0,0,-9999.0,0.75,1,P69_CV0,2,1,1,1,1,0,2,0,2
20,-1503771.641,444502.6321,E20_F83_m83f83_P20_Y5_UO3793,I83_F20_m-1f-1_P83_Y-1_U31,I83_F20_m-1f-1_P70_Y-1_U223,MXY,2,0.0,1,0,0.0,0,0,0,-9999.0,0.5,1,P69_CV0,2,1,1,1,1,0,2,0,2
20,-1503771.641,444502.6321,E20_F83_m83f83_P20_Y5_UO3789,I83_F20_m-1f-1_P70_Y-1_U152,I83_F20_m-1f-1_P83_Y-1_U95,FXX,2,0.0,1,0,1.0,0,0,0,-9999.0,0.5,1,P69_CV0,2,1,1,0,2,0,2,0,2
20,-1503771.641,444502.6321,E20_F83_m70f70_P20_Y5_UO3212,ID70_F20_m70f70_P20_Y3_UO3201,I70_F20_m70f70_P20_Y3_UO3202,MXY,2,0.0,1,0,0.0,0,0,0,-9999.0,0.1875,1,P69_CV0,2,0,2,1,1,0,2,0,2
20,-1503771.641,444502.6321,E20_F62_m70f70_P20_Y4_UO3197,I70_F20_m62f62_P20_Y1_UO2837,I70_F20_m70f70_P20_Y0_UO3510,FXX,3,0.0,1,0,1.0,0,0,0,-9999.0,0.375,1,P69_CV0,2,1,1,2,0,0,2,0,2
20,-1503771.641,444502.6321,E20_F62_m83f83_P20_Y4_UO3752,ID83_F20_m70f70_P20_Y0_UO3468,ID83_F20_m83f83_P20_Y0_UO4111,FXX,3,0.0,1,0,1.0,0,0,0,-9999.0,0.5,1,P69_CV0,2,1,1,2,0,0,2,0,2
20,-1503771.641,444502.6321,E20_F62_m83f83_P20_Y4_UO3770,I83_F20_m-1f-1_P70_Y-1_U129,ID83_F20_m-1f-1_P83_Y-1_U50,MXY,3,0.0,1,0,0.0,0,0,0,-9999.0,0.5,1,P69_CV0,2,0,2,1,1,0,2,0,2
20,-1503771.641,444502.6321,E20_F62_m62f62_P20_Y4_UO2939,I62_F20_m-1f-1_P62_Y-1_U239,I62_F20_m70f70_P20_Y2_UO3212,MXY,3,0.0,1,0,0.0,0,0,0,-9999.0,0.5625,1,P69_CV0,2,1,1,2,0,0,2,0,2
20,-1503771.641,444502.6321,E20_F62_m70f70_P20_Y4_UO3171,I70_F20_m62f62_P20_Y2_UO2954,I70_F20_m70f70_P20_Y0_UO3507,FXX,3,0.0,1,0,1.0,0,0,0,-9999.0,0.5625,1,P69_CV0,2,1,1,1,1,0,2,0,2
20,-1503771.641,444502.6321,E20_F62_m70f70_P20_Y4_UO3167,I70_F20_m70f70_P20_Y2_UO3259,I70_F20_m70f70_P20_Y0_UO3507,MXY,3,0.0,1,0,0.0,0,0,0,-9999.0,0.75,1,P69_CV0,2,2,0,1,1,0,2,0,2
20,-1503771.641,444502.6321,E20_F62_m70f70_P20_Y4_UO3195,ID70_F20_m70f70_P20_Y1_UO3112,I70_F20_m-1f-1_P70_Y-1_U224,FXX,3,0.0,1,0,1.0,0,0,0,-9999.0,0.375,1,P69_CV0,2,1,1,1,1,0,2,0,2
20,-1503771.641,444502.6321,E20_F62_m62f62_P20_Y4_UO2909,I62_F20_m70f70_P20_Y0_UO3454,I62_F20_m62f62_P20_Y2_UO2967,MXY,3,0.0,1,0,0.0,0,0,0,-9999.0,0.75,1,P69_CV0,2,2,0,1,1,0,2,0,2
20,-1503771.641,444502.6321,E20_F62_m70f70_P20_Y4_UO3212,I70_F20_m62f62_P20_Y0_UO3193,I70_F20_m83f83_P20_Y2_UO3755,MXY,3,0.0,1,0,0.0,0,0,0,-9999.0,0.4375,1,P69_CV0,2,1,1,1,1,0,2,0,2
20,-1503771.641,444502.6321,E20_F62_m83f83_P20_Y4_UO3789,I83_F20_m-1f-1_P70_Y-1_U205,I83_F20_m-1f-1_P83_Y-1_U204,FXX,3,0.0,1,0,1.0,0,0,0,-9999.0,0.25,1,P69_CV0,2,1,1,1,1,0,2,0,2
20,-1503771.641,444502.6321,E20_F62_m70f70_P20_Y4_UO3260,I70_F20_m-1f-1_P70_Y-1_U193,I70_F20_m62f62_P20_Y2_UO2902,FXX,3,0.0,1,0,1.0,0,0,0,-9999.0,0.5625,1,P69_CV0,2,0,2,1,1,0,2,0,2
20,-1503771.641,444502.6321,E20_F62_m70f70_P20_Y4_UO3188,I70_F20_m83f83_P20_Y2_UO3802,ID70_F20_m-1f-1_P70_Y-1_U220,FXX,3,0.0,1,0,1.0,0,0,0,-9999.0,0.5,1,P69_CV0,2,1,1,2,0,0,2,0,2
20,-1503771.641,444502.6321,E20_F62_m83f83_P20_Y4_UO3748,ID83_F20_m70f70_P20_Y1_UO3086,ID83_F20_m-1f-1_P83_Y-1_U29,FXX,3,0.0,1,0,1.0,0,0,0,-9999.0,0.625,1,P69_CV0,2,1,1,2,0,0,2,0,2
20,-1503771.641,444502.6321,E20_F62_m70f70_P20_Y4_UO3244,I70_F20_m-1f-1_P83_Y-1_U130,ID70_F20_m70f70_P20_Y2_UO3236,FXX,3,0.0,1,0,1.0,0,0,0,-9999.0,0.4375,1,P69_CV0,2,1,1,1,1,0,2,0,2
20,-1503771.641,444502.6321,E20_F70_m83f83_P20_Y4_UO3745,ID83_F20_m83f83_P20_Y2_UO3811,ID83_F20_m-1f-1_P83_Y-1_U69,FXX,3,0.0,1,0,1.0,0,0,0,-9999.0,0.75,1,P69_CV0,2,2,0,1,1,0,2,0,2
20,-1503771.641,444502.6321,E20_F70_m70f70_P20_Y4_UO3183,I70_F20_m83f83_P20_Y2_UO3817,I70_F20_m-1f-1_P70_Y-1_U224,FXX,3,0.0,1,0,1.0,0,0,0,-9999.0,0.25,1,P69_CV0,2,0,2,2,0,0,2,0,2
20,-1503771.641,444502.6321,E20_F70_m70f70_P20_Y4_UO3170,I70_F20_m83f83_P20_Y2_UO3773,I70_F20_m70f70_P20_Y0_UO3519,FXX,3,0.0,1,0,1.0,0,0,0,-9999.0,0.5,1,P69_CV0,2,1,1,0,2,0,2,0,2
20,-1503771.641,444502.6321,E20_F70_m70f70_P20_Y4_UO3256,I70_F20_m-1f-1_P70_Y-1_U1,ID70_F20_m-1f-1_P83_Y-1_U91,FXX,3,0.0,1,0,1.0,0,0,0,-9999.0,1.0,1,P69_CV0,2,2,0,1,1,0,2,0,2
20,-1503771.641,444502.6321,E20_F70_m83f83_P20_Y4_UO3746,I83_F20_m83f83_P20_Y2_UO3799,ID83_F20_m-1f-1_P83_Y-1_U81,MXY,3,0.0,1,0,0.0,0,0,0,-9999.0,0.5,1,P69_CV0,2,1,1,2,0,0,2,0,2
20,-1503771.641,444502.6321,E20_F70_m70f70_P20_Y4_UO3242,I70_F20_m-1f-1_P70_Y-1_U148,I70_F20_m70f70_P20_Y0_UO3507,MXY,3,0.0,1,0,0.0,0,0,0,-9999.0,0.375,1,P69_CV0,2,1,1,0,2,0,2,0,2
20,-1503771.641,444502.6321,E20_F70_m70f70_P20_Y4_UO3233,I70_F20_m-1f-1_P70_Y-1_U79,I70_F20_m83f83_P20_Y2_UO3781,MXY,3,0.0,1,0,0.0,0,0,0,-9999.0,0.25,1,P69_CV0,2,1,1,1,1,0,2,0,2
20,-1503771.641,444502.6321,E20_F70_m62f62_P20_Y4_UO2906,ID62_F20_m70f70_P20_Y0_UO3435,ID62_F20_m-1f-1_P62_Y-1_U130,MXY,3,0.0,1,0,0.0,0,0,0,-9999.0,0.375,1,P69_CV0,2,1,1,1,1,0,2,0,2
20,-1503771.641,444502.6321,E20_F70_m70f70_P20_Y4_UO3254,I70_F20_m-1f-1_P70_Y-1_U137,I70_F20_m-1f-1_P70_Y-1_U199,FXX,3,0.0,1,0,1.0,0,0,0,-9999.0,0.5,1,P69_CV0,2,1,1,0,2,0,2,0,2
20,-1503771.641,444502.6321,E20_F70_m70f70_P20_Y4_UO3241,I70_F20_m-1f-1_P70_Y-1_U83,I70_F20_m62f62_P20_Y2_UO2969,FXX,3,0.0,1,0,1.0,0,0,0,-9999.0,0.25,1,P69_CV0,2,0,2,1,1,0,2,0,2
20,-1503771.641,444502.6321,E20_F70_m70f70_P20_Y4_UO3198,I70_F20_m70f70_P20_Y1_UO3098,I70_F20_m70f70_P20_Y0_UO3519,FXX,3,0.0,1,0,1.0,0,0,0,-9999.0,0.75,1,P69_CV0,2,2,0,1,1,0,2,0,2
20,-1503771.641,444502.6321,E20_F83_m70f70_P20_Y4_UO3216,I70_F20_m83f83_P20_Y0_UO4110,I70_F20_m-1f-1_P70_Y-1_U50,FXX,3,0.0,1,0,1.0,0,0,0,-9999.0,0.0,1,P69_CV0,2,0,2,1,1,0,2,0,2
20,-1503771.641,444502.6321,E20_F83_m70f70_P20_Y4_UO3257,ID70_F20_m-1f-1_P83_Y-1_U92,I70_F20_m-1f-1_P70_Y-1_U199,FXX,3,0.0,1,0,1.0,0,0,0,-9999.0,0.75,1,P69_CV0,2,1,1,0,2,0,2,0,2
20,-1503771.641,444502.6321,E20_F83_m62f62_P20_Y4_UO2896,I62_F20_m70f70_P20_Y1_UO3110,ID62_F20_m70f70_P20_Y2_UO3221,MXY,3,0.0,1,0,0.0,0,0,0,-9999.0,0.375,1,P69_CV0,2,0,2,1,1,0,2,0,2
20,-1503771.641,444502.6321,E20_F83_m62f62_P20_Y4_UO2923,ID62_F20_m-1f-1_P62_Y-1_U205,I62_F20_m70f70_P20_Y1_UO3078,FXX,3,0.0,1,0,1.0,0,0,0,-9999.0,0.625,1,P69_CV0,2,2,0,2,0,0,2,0,2
20,-1503771.641,444502.6321,E20_F62_m62f62_P20_Y3_UO2941,I62_F20_m-1f-1_P62_Y-1_U41,I62_F20_m70f70_P20_Y1_UO3078,FXX,4,0.0,1,0,1.0,0,0,0,-9999.0,0.875,1,P69_CV0,2,2,0,1,1,0,2,0,2
20,-1503771.641,444502.6321,E20_F62_m62f62_P20_Y3_UO2884,I62_F20_m70f70_P20_Y1_UO3068,I62_F26_m-1f-1_P62_Y-1_U38,MXY,4,0.0,1,0,0.0,0,0,0,-9999.0,0.875,1,P69_CV0,2,2,0,2,0,0,2,0,2
20,-1503771.641,444502.6321,E20_F62_m70f70_P20_Y3_UO3241,I70_F20_m-1f-1_P70_Y-1_U195,I70_F20_m-1f-1_P70_Y-1_U206,MXY,4,0.0,1,0,0.0,0,0,0,-9999.0,0.75,1,P69_CV0,2,1,1,0,2,0,2,0,2
20,-1503771.641,444502.6321,E20_F62_m70f70_P20_Y3_UO3218,I70_F20_m-1f-1_P70_Y-1_U179,I70_F20_m70f70_P20_Y1_UO3103,FXX,4,0.0,1,0,1.0,0,0,0,-9999.0,0.625,1,P69_CV0,2,0,2,0,2,0,2,0,2
20,-1503771.641,444502.6321,E20_F62_m70f70_P20_Y3_UO3253,I70_F20_m-1f-1_P70_Y-1_U143,I70_F20_m70f70_P20_Y0_UO3465,FXX,4,0.0,1,0,1.0,0,0,0,-9999.0,0.5,1,P69_CV0,2,1,1,1,1,0,2,0,2
20,-1503771.641,444502.6321,E20_F62_m70f70_P20_Y3_UO3222,I70_F20_m-1f-1_P70_Y-1_U65,I70_F20_m70f70_P20_Y0_UO3519,MXY,4,0.0,1,0,0.0,0,0,0,-9999.0,0.75,1,P69_CV0,2,1,1,1,1,0,2,0,2
20,-1503771.641,444502.6321,E20_F62_m70f70_P20_Y3_UO3181,I70_F20_m70f70_P20_Y1_UO3112,I70_F20_m-1f-1_P70_Y-1_U159,MXY,4,0.0,1,0,0.0,0,0,0,-9999.0,0.375,1,P69_CV0,2,1,1,1,1,0,2,0,2
20,-1503771.641,444502.6321,E20_F62_m70f70_P20_Y3_UO3192,I70_F20_m70f70_P20_Y1_UO3098,ID70_F20_m70f70_P20_Y1_UO3081,MXY,4,0.0,1,0,0.0,0,0,0,-9999.0,0.375,1,P69_CV0,2,1,1,2,0,0,2,0,2
20,-1503771.641,444502.6321,E20_F62_m62f62_P20_Y3_UO2874,ID62_F20_m53f53_P26_Y1_UO2345,ID62_F20_m70f70_P20_Y0_UO3485,FXX,4,0.0,1,0,1.0,0,0,0,-9999.0,0.875,1,P69_CV0,2,1,1,0,2,0,2,0,2
20,-1503771.641,444502.6321,E20_F62_m83f83_P20_Y3_UO3786,I83_F20_m-1f-1_P70_Y-1_U205,I83_F20_m-1f-1_P83_Y-1_U14,MXY,4,0.0,1,0,0.0,0,0,0,-9999.0,0.75,1,P69_CV0,2,1,1,1,1,0,2,0,2
20,-1503771.641,444502.6321,E20_F62_m70f70_P20_Y3_UO3212,I70_F20_m83f83_P20_Y0_UO4068,I70_F20_m-1f-1_P70_Y-1_U0,MXY,4,0.0,1,0,0.0,0,0,0,-9999.0,0.375,1,P69_CV0,2,0,2,1,1,0,2,0,2
20,-1503771.641,444502.6321,E20_F62_m62f62_P20_Y3_UO2943,I62_F20_m-1f-1_P62_Y-1_U225,ID62_F20_m70f70_P20_Y1_UO3071,FXX,4,0.0,1,0,1.0,0,0,0,-9999.0,0.25,1,P69_CV0,2,1,1,2,0,0,2,0,2
20,-1503771.641,444502.6321,E20_F62_m70f70_P20_Y3_UO3246,I70_F20_m-1f-1_P83_Y-1_U130,ID70_F20_m-1f-1_P70_Y-1_U241,FXX,4,0.0,1,0,1.0,0,0,0,-9999.0,0.25,1,P69_CV0,2,1,1,1,1,0,2,0,2
20,-1503771.641,444502.6321,E20_F70_m62f62_P20_Y3_UO2959,ID62_F20_m-1f-1_P62_Y-1_U153,ID62_F20_m70f70_P20_Y0_UO3509,FXX,4,0.0,1,0,1.0,0,0,0,-9999.0,0.875,1,P69_CV0,2,2,0,2,0,0,2,0,2
20,-1503771.641,444502.6321,E20_F70_m70f70_P20_Y3_UO3264,ID70_F20_m-1f-1_P70_Y-1_U193,I70_F20_m-1f-1_P70_Y-1_U115,MXY,4,0.0,1,0,0.0,0,0,0,-9999.0,0.5,1,P69_CV0,2,1,1,1,1,0,2,0,2
20,-1503771.641,444502.6321,E20_F70_m83f83_P20_Y3_UO3765,ID83_F20_m-1f-1_P70_Y-1_U165,I83_F20_m-1f-1_P83_Y-1_U14,MXY,4,0.0,1,0,0.0,0,0,0,-9999.0,0.75,1,P69_CV0,2,2,0,0,2,0,2,0,2
20,-1503771.641,444502.6321,E20_F70_m70f70_P20_Y3_UO3247,ID70_F20_m-1f-1_P70_Y-1_U248,I70_F20_m-1f-1_P70_Y-1_U159,FXX,4,0.0,1,0,1.0,0,0,0,-9999.0,0.25,1,P69_CV0,2,1,1,1,1,0,2,0,2
20,-1503771.641,444502.6321,E20_F70_m62f62_P20_Y3_UO2950,I62_F20_m-1f-1_P62_Y-1_U220,I62_F20_m70f70_P20_Y1_UO3054,MXY,4,0.0,1,0,0.0,0,0,0,-9999.0,0.25,1,P69_CV0,2,0,2,2,0,0,2,0,2
20,-1503771.641,444502.6321,E20_F70_m70f70_P20_Y3_UO3248,ID70_F20_m-1f-1_P70_Y-1_U38,I70_F20_m-1f-1_P70_Y-1_U0,MXY,4,0.0,1,0,0.0,0,0,0,-9999.0,0.75,1,P69_CV0,2,2,0,1,1,0,2,0,2
20,-1503771.641,444502.6321,E20_F70_m70f70_P20_Y3_UO3198,ID70_F20_m70f70_P20_Y1_UO3086,I70_F20_m62f62_P20_Y1_UO2795,MXY,4,0.0,1,0,0.0,0,0,0,-9999.0,0.75,1,P69_CV0,2,1,1,1,1,0,2,0,2
20,-1503771.641,444502.6321,E20_F70_m70f70_P20_Y3_UO3202,I70_F20_m70f70_P20_Y0_UO3501,I70_F20_m70f70_P20_Y1_UO3080,MXY,4,0.0,1,0,0.0,0,0,0,-9999.0,0.125,1,P69_CV0,2,0,2,2,0,0,2,0,2
20,-1503771.641,444502.6321,E20_F70_m70f70_P20_Y3_UO3244,I70_F20_m-1f-1_P70_Y-1_U148,I70_F20_m-1f-1_P70_Y-1_U247,MXY,4,0.0,1,0,0.0,0,0,0,-9999.0,0.5,1,P69_CV0,2,1,1,0,2,0,2,0,2
20,-1503771.641,444502.6321,E20_F83_m70f70_P20_Y3_UO3245,I70_F20_m-1f-1_P70_Y-1_U166,I70_F20_m62f62_P20_Y1_UO2787,MXY,4,0.0,1,0,0.0,0,0,0,-9999.0,0.875,1,P69_CV0,2,2,0,1,1,0,2,0,2
20,-1503771.641,444502.6321,E20_F83_m83f83_P20_Y3_UO3778,I83_F20_m-1f-1_P83_Y-1_U15,ID83_F20_m-1f-1_P70_Y-1_U70,MXY,4,0.0,1,0,0.0,0,0,0,-9999.0,0.5,1,P69_CV0,2,1,1,1,1,0,2,0,2
20,-1503771.641,444502.6321,E20_F83_m83f83_P20_Y3_UO3740,ID83_F20_m83f83_P20_Y1_UO3621,I83_F20_m-1f-1_P83_Y-1_U102,MXY,4,0.0,1,0,0.0,0,0,0,-9999.0,0.5,1,P69_CV0,2,2,0,0,2,0,2,0,2
20,-1503771.641,444502.6321,E20_F83_m70f70_P20_Y3_UO3243,I70_F20_m-1f-1_P70_Y-1_U109,I70_F20_m-1f-1_P70_Y-1_U206,MXY,4,0.0,1,0,0.0,0,0,0,-9999.0,0.5,1,P69_CV0,2,1,1,0,2,0,2,0,2
20,-1503771.641,444502.6321,E20_F83_m70f70_P20_Y3_UO3257,I70_F20_m-1f-1_P70_Y-1_U69,I70_F20_m70f70_P20_Y0_UO3519,FXX,4,0.0,1,0,1.0,0,0,0,-9999.0,0.75,1,P69_CV0,2,2,0,0,2,0,2,0,2
20,-1503771.641,444502.6321,E20_F62_m70f70_P20_Y2_UO3262,ID70_F20_m-1f-1_P70_Y-1_U143,I70_F20_m-1f-1_P70_Y-1_U30,MXY,5,0.0,1,0,0.0,0,0,0,-9999.0,0.5,1,P69_CV0,2,2,0,1,1,0,2,0,2
20,-1503771.641,444502.6321,E20_F62_m70f70_P20_Y2_UO3234,ID70_F20_m-1f-1_P70_Y-1_U186,I70_F20_m-1f-1_P70_Y-1_U0,MXY,5,0.0,1,0,0.0,0,0,0,-9999.0,0.5,1,P69_CV0,2,2,0,1,1,0,2,0,2
20,-1503771.641,444502.6321,E20_F62_m62f62_P20_Y2_UO2901,I62_F20_m70f70_P20_Y0_UO3435,I62_F20_m-1f-1_P62_Y-1_U86,FXX,5,0.0,1,0,1.0,0,0,0,-9999.0,0.625,1,P69_CV0,2,1,1,1,1,0,2,0,2
20,-1503771.641,444502.6321,E20_F70_m70f70_P20_Y2_UO3224,I70_F20_m-1f-1_P70_Y-1_U234,ID70_F20_m62f62_P20_Y0_UO3202,FXX,5,0.0,1,0,1.0,0,0,0,-9999.0,0.5,1,P69_CV0,2,2,0,2,0,0,2,0,2
20,-1503771.641,444502.6321,E20_F70_m70f70_P20_Y2_UO3260,I70_F20_m-1f-1_P70_Y-1_U248,I70_F20_m70f70_P20_Y0_UO3507,FXX,5,0.0,1,0,1.0,0,0,0,-9999.0,0.625,1,P69_CV0,2,2,0,0,2,0,2,0,2
20,-1503771.641,444502.6321,E20_F70_m70f70_P20_Y2_UO3252,I70_F20_m-1f-1_P70_Y-1_U109,I70_F20_m70f70_P20_Y0_UO3453,FXX,5,0.0,1,0,1.0,0,0,0,-9999.0,0.25,1,P69_CV0,2,0,2,2,0,0,2,0,2
20,-1503771.641,444502.6321,E20_F70_m83f83_P20_Y2_UO3801,ID83_F20_m-1f-1_P70_Y-1_U232,I83_F20_m-1f-1_P83_Y-1_U230,MXY,5,0.0,1,0,0.0,0,0,0,-9999.0,0.0,1,P69_CV0,2,0,2,0,2,0,2,0,2
20,-1503771.641,444502.6321,E20_F70_m70f70_P20_Y2_UO3217,I70_F20_m-1f-1_P70_Y-1_U53,I70_F20_m-1f-1_P70_Y-1_U235,FXX,5,0.0,1,0,1.0,0,0,0,-9999.0,0.75,1,P69_CV0,2,2,0,0,2,0,2,0,2
20,-1503771.641,444502.6321,E20_F70_m70f70_P20_Y2_UO3233,I70_F20_m-1f-1_P70_Y-1_U22,I70_F20_m-1f-1_P70_Y-1_U199,MXY,5,0.0,1,0,0.0,0,0,0,-9999.0,0.75,1,P69_CV0,2,2,0,0,2,0,2,0,2
20,-1503771.641,444502.6321,E20_F70_m83f83_P20_Y2_UO3802,ID83_F20_m-1f-1_P70_Y-1_U111,I83_F20_m-1f-1_P83_Y-1_U116,FXX,5,0.0,1,0,1.0,0,0,0,-9999.0,0.5,1,P69_CV0,2,2,0,1,1,0,2,0,2
20,-1503771.641,444502.6321,E20_F70_m70f70_P20_Y2_UO3194,ID70_F20_m83f83_P20_Y0_UO4041,ID70_F20_m-1f-1_P70_Y-1_U151,MXY,5,0.0,1,0,0.0,0,0,0,-9999.0,0.625,1,P69_CV0,2,2,0,2,0,0,2,0,2
20,-1503771.641,444502.6321,E20_F83_m83f83_P20_Y2_UO3755,ID83_F20_m70f70_P20_Y0_UO3468,I83_F20_m-1f-1_P83_Y-1_U95,MXY,5,0.0,1,0,0.0,0,0,0,-9999.0,0.375,1,P69_CV0,2,0,2,1,1,0,2,0,2
20,-1503771.641,444502.6321,E20_F83_m83f83_P20_Y2_UO3799,I83_F20_m-1f-1_P83_Y-1_U177,ID83_F20_m-1f-1_P70_Y-1_U7,FXX,5,0.0,1,0,1.0,0,0,0,-9999.0,1.0,1,P69_CV0,2,2,0,2,0,0,2,0,2
20,-1503771.641,444502.6321,E20_F83_m70f70_P20_Y2_UO3195,ID70_F20_m83f83_P20_Y0_UO4110,ID70_F20_m-1f-1_P70_Y-1_U217,FXX,5,0.0,1,0,1.0,0,0,0,-9999.0,0.5,1,P69_CV0,2,1,1,1,1,0,2,0,2
20,-1503771.641,444502.6321,E20_F62_m70f70_P20_Y1_UO3071,I70_F20_m-1f-1_P70_Y-1_U141,I70_F20_m-1f-1_P70_Y-1_U153,MXY,6,0.0,1,0,0.0,0,0,0,-9999.0,0.5,1,P69_CV0,2,1,1,1,1,0,2,0,2
20,-1503771.641,444502.6321,E20_F62_m70f70_P20_Y1_UO3068,I70_F20_m-1f-1_P70_Y-1_U34,I70_F20_m-1f-1_P70_Y-1_U230,FXX,6,0.0,1,0,1.0,0,0,0,-9999.0,0.75,1,P69_CV0,2,2,0,2,0,0,2,0,2
20,-1503771.641,444502.6321,E20_F62_m70f70_P20_Y1_UO3078,I70_F20_m-1f-1_P70_Y-1_U166,ID70_F20_m-1f-1_P70_Y-1_U200,MXY,6,0.0,1,0,0.0,0,0,0,-9999.0,0.75,1,P69_CV0,2,2,0,1,1,0,2,0,2
20,-1503771.641,444502.6321,E20_F62_m70f70_P20_Y1_UO3110,ID70_F20_m-1f-1_P70_Y-1_U45,ID70_F20_m-1f-1_P70_Y-1_U87,FXX,6,0.0,1,0,1.0,0,0,0,-9999.0,0.5,1,P69_CV0,2,1,1,1,1,0,2,0,2
20,-1503771.641,444502.6321,E20_F62_m70f70_P20_Y1_UO3111,ID70_F20_m-1f-1_P70_Y-1_U198,I70_F20_m-1f-1_P70_Y-1_U249,FXX,6,0.0,1,0,1.0,0,0,0,-9999.0,0.75,1,P69_CV0,2,2,0,1,1,0,2,0,2
20,-1503771.641,444502.6321,E20_F70_m70f70_P20_Y1_UO3072,I70_F20_m-1f-1_P70_Y-1_U23,I70_F20_m-1f-1_P70_Y-1_U144,MXY,6,0.0,1,0,0.0,0,0,0,-9999.0,0.75,1,P69_CV0,2,1,1,2,0,0,2,0,2
20,-1503771.641,444502.6321,E20_F70_m70f70_P20_Y1_UO3058,I70_F20_m-1f-1_P70_Y-1_U47,ID70_F20_m-1f-1_P70_Y-1_U24,MXY,6,0.0,1,0,0.0,0,0,0,-9999.0,0.5,1,P69_CV0,2,1,1,1,1,0,2,0,2
20,-1503771.641,444502.6321,E20_F70_m70f70_P20_Y1_UO3085,ID70_F20_m-1f-1_P83_Y-1_U130,I70_F20_m-1f-1_P70_Y-1_U57,MXY,6,0.0,1,0,0.0,0,0,0,-9999.0,0.5,1,P69_CV0,2,0,2,1,1,0,2,0,2
20,-1503771.641,444502.6321,E20_F70_m70f70_P20_Y1_UO3081,I70_F20_m-1f-1_P70_Y-1_U117,ID70_F20_m-1f-1_P70_Y-1_U17,MXY,6,0.0,1,0,0.0,0,0,0,-9999.0,0.25,1,P69_CV0,2,0,2,2,0,0,2,0,2
20,-1503771.641,444502.6321,E20_F70_m70f70_P20_Y1_UO3080,ID70_F20_m-1f-1_P70_Y-1_U109,ID70_F20_m-1f-1_P70_Y-1_U110,MXY,6,0.0,1,0,0.0,0,0,0,-9999.0,0.0,1,P69_CV0,2,0,2,2,0,0,2,0,2
20,-1503771.641,444502.6321,E20_F70_m70f70_P20_Y1_UO3112,I70_F20_m-1f-1_P70_Y-1_U149,ID70_F20_m-1f-1_P70_Y-1_U134,FXX,6,0.0,1,0,1.0,0,0,0,-9999.0,0.75,1,P69_CV0,2,1,1,1,1,0,2,0,2
20,-1503771.641,444502.6321,E20_F70_m83f83_P20_Y1_UO3621,ID83_F20_m-1f-1_P70_Y-1_U169,I83_F20_m-1f-1_P83_Y-1_U181,FXX,6,0.0,1,0,1.0,0,0,0,-9999.0,0.5,1,P69_CV0,2,2,0,1,1,0,2,0,2
20,-1503771.641,444502.6321,E20_F70_m70f70_P20_Y1_UO3064,I70_F20_m-1f-1_P70_Y-1_U22,ID70_F20_m-1f-1_P70_Y-1_U216,MXY,6,0.0,1,0,0.0,0,0,0,-9999.0,0.5,1,P69_CV0,2,2,0,0,2,0,2,0,2
20,-1503771.641,444502.6321,E20_F83_m70f70_P20_Y1_UO3086,I70_F20_m-1f-1_P70_Y-1_U236,I70_F20_m-1f-1_P70_Y-1_U230,FXX,6,0.0,1,0,1.0,0,0,0,-9999.0,0.75,1,P69_CV0,2,2,0,2,0,0,2,0,2
20,-1503771.641,444502.6321,E20_F62_m70f70_P20_Y0_UO3487,R70_F70_m-1f-1_P70_Y-1_U148,R70_F70_m-1f-1_P70_Y-1_U168,FXX,7,0.0,1,0,1.0,0,0,0,-9999.0,0.25,1,P69_CV0,2,1,1,1,1,0,2,0,2
20,-1503771.641,444502.6321,E20_F62_m70f70_P20_Y0_UO3463,R70_F70_m-1f-1_P70_Y-1_U100,R70_F70_m-1f-1_P70_Y-1_U239,MXY,7,0.0,1,0,0.0,0,0,0,-9999.0,0.75,1,P69_CV0,2,1,1,1,1,0,2,0,2
20,-1503771.641,444502.6321,E20_F62_m70f70_P20_Y0_UO3437,R70_F70_m-1f-1_P70_Y-1_U33,R70_F70_m-1f-1_P70_Y-1_U2,MXY,7,0.0,1,0,0.0,0,0,0,-9999.0,0.5,1,P69_CV0,2,1,1,2,0,0,2,0,2
20,-1503771.641,444502.6321,E20_F62_m70f70_P20_Y0_UO3435,R70_F70_m-1f-1_P70_Y-1_U28,R70_F70_m-1f-1_P70_Y-1_U228,FXX,7,0.0,1,0,1.0,0,0,0,-9999.0,0.25,1,P69_CV0,2,1,1,2,0,0,2,0,2
20,-1503771.641,444502.6321,E20_F70_m70f70_P20_Y0_UO3457,R70_F70_m-1f-1_P70_Y-1_U82,R70_F70_m-1f-1_P70_Y-1_U184,MXY,7,0.0,1,0,0.0,0,0,0,-9999.0,0.25,1,P69_CV0,2,1,1,2,0,0,2,0,2
20,-1503771.641,444502.6321,E20_F83_m70f70_P20_Y0_UO3468,R70_F70_m-1f-1_P70_Y-1_U109,R70_F70_m-1f-1_P70_Y-1_U112,FXX,7,0.0,1,0,1.0,0,0,0,-9999.0,0.25,1,P69_CV0,2,0,2,2,0,0,2,0,2
20,-1503771.641,444502.6321,E20_F70_m-1f-1_P70_Y-1_U220,-9999,-9999,MXY,8,0.0,1,0,0.0,0,0,0,-9999.0,0.5,1,P69_CV0,2,1,1,1,1,0,2,0,2
20,-1503771.641,444502.6321,E20_F70_m-1f-1_P70_Y-1_U14,-9999,-9999,MXY,8,0.0,1,0,0.0,0,0,0,-9999.0,0.5,1,P69_CV0,2,1,1,1,1,0,2,0,2
20,-1503771.641,444502.6321,E20_F83_m-1f-1_P70_Y-1_U152,-9999,-9999,FXX,8,0.0,1,0,1.0,0,0,0,-9999.0,0.5,1,P69_CV0,2,1,1,1,1,0,2,0,2
20,-1503771.641,444502.6321,E20_F83_m-1f-1_P70_Y-1_U213,-9999,-9999,FXX,8,0.0,1,0,1.0,0,0,0,-9999.0,0.5,1,P69_CV0,2,1,1,1,1,0,2,0,2
20,-1503771.641,444502.6321,E20_F70_m-1f-1_P70_Y-1_U65,-9999,-9999,FXX,9,0.0,1,0,1.0,0,0,0,-9999.0,0.5,1,P69_CV0,2,1,1,1,1,0,2,0,2
20,-1503771.641,444502.6321,E20_F70_m-1f-1_P70_Y-1_U130,-9999,-9999,FXX,9,0.0,1,0,1.0,0,0,0,-9999.0,0.0,1,P69_CV0,2,0,2,1,1,0,2,0,2
20,-1503771.641,444502.6321,E20_F70_m-1f-1_P70_Y-1_U86,-9999,-9999,FXX,9,0.0,1,0,1.0,0,0,0,-9999.0,1.0,1,P69_CV0,2,2,0,1,1,0,2,0,2
20,-1503771.641,444502.6321,E20_F83_m-1f-1_P70_Y-1_U223,-9999,-9999,MXY,9,0.0,1,0,0.0,0,0,0,-9999.0,0.0,1,P69_CV0,2,0,2,0,2,0,2,0,2
20,-1503771.641,444502.6321,E20_F70_m-1f-1_P70_Y-1_U22,-9999,-9999,FXX,10,0.0,1,0,1.0,0,0,0,-9999.0,0.5,1,P69_CV0,2,1,1,1,1,0,2,0,2
20,-1503771.641,444502.6321,E20_F70_m-1f-1_P70_Y-1_U206,-9999,-9999,MXY,10,0.0,1,0,0.0,0,0,0,-9999.0,1.0,1,P69_CV0,2,2,0,0,2,0,2,0,2
20,-1503771.641,444502.6321,E20_F70_m-1f-1_P70_Y-1_U79,-9999,-9999,FXX,10,0.0,1,0,1.0,0,0,0,-9999.0,0.5,1,P69_CV0,2,1,1,1,1,0,2,0,2
20,-1503771.641,444502.6321,E20_F83_m-1f-1_P70_Y-1_U165,-9999,-9999,FXX,10,0.0,1,0,1.0,0,0,0,-9999.0,0.5,1,P69_CV0,2,1,1,1,1,0,2,0,2
20,-1503771.641,444502.6321,E20_F83_m-1f-1_P70_Y-1_U129,-9999,-9999,FXX,10,0.0,1,0,1.0,0,0,0,-9999.0,0.5,1,P69_CV0,2,1,1,1,1,0,2,0,2
20,-1503771.641,444502.6321,E20_F83_m-1f-1_P70_Y-1_U16,-9999,-9999,FXX,10,0.0,1,0,1.0,0,0,0,-9999.0,0.0,1,P69_CV0,2,0,2,1,1,0,2,0,2
20,-1503771.641,444502.6321,E20_F83_m-1f-1_P70_Y-1_U115,-9999,-9999,MXY,10,0.0,1,0,0.0,0,0,0,-9999.0,0.5,1,P69_CV0,2,1,1,2,0,0,2,0,2
20,-1503771.641,444502.6321,E20_F83_m-1f-1_P70_Y-1_U186,-9999,-9999,FXX,10,0.0,1,0,1.0,0,0,0,-9999.0,0.5,1,P69_CV0,2,1,1,1,1,0,2,0,2
20,-1503771.641,444502.6321,E20_F70_m-1f-1_P70_Y-1_U83,-9999,-9999,FXX,11,0.0,1,0,1.0,0,0,0,-9999.0,0.0,1,P69_CV0,2,0,2,1,1,0,2,0,2
20,-1503771.641,444502.6321,E20_F70_m-1f-1_P70_Y-1_U200,-9999,-9999,MXY,11,0.0,1,0,0.0,0,0,0,-9999.0,0.5,1,P69_CV0,2,1,1,1,1,0,2,0,2
20,-1503771.641,444502.6321,E20_F70_m-1f-1_P70_Y-1_U180,-9999,-9999,FXX,11,0.0,1,0,1.0,0,0,0,-9999.0,0.5,1,P69_CV0,2,1,1,0,2,0,2,0,2
20,-1503771.641,444502.6321,E20_F70_m-1f-1_P70_Y-1_U59,-9999,-9999,MXY,11,0.0,1,0,0.0,0,0,0,-9999.0,0.5,1,P69_CV0,2,1,1,1,1,0,2,0,2
20,-1503771.641,444502.6321,E20_F70_m-1f-1_P70_Y-1_U50,-9999,-9999,MXY,11,0.0,1,0,0.0,0,0,0,-9999.0,0.0,1,P69_CV0,2,0,2,1,1,0,2,0,2
20,-1503771.641,444502.6321,E20_F70_m-1f-1_P70_Y-1_U233,-9999,-9999,MXY,11,0.0,1,0,0.0,0,0,0,-9999.0,0.5,1,P69_CV0,2,1,1,2,0,0,2,0,2
20,-1503771.641,444502.6321,E20_F83_m-1f-1_P70_Y-1_U78,-9999,-9999,MXY,11,0.0,1,0,0.0,0,0,0,-9999.0,0.5,1,P69_CV0,2,1,1,0,2,0,2,0,2
20,-1503771.641,444502.6321,E20_F83_m-1f-1_P70_Y-1_U57,-9999,-9999,MXY,11,0.0,1,0,0.0,0,0,0,-9999.0,0.5,1,P69_CV0,2,1,1,1,1,0,2,0,2
20,-1503771.641,444502.6321,E20_F83_m-1f-1_P70_Y-1_U70,-9999,-9999,MXY,11,0.0,1,0,0.0,0,0,0,-9999.0,1.0,1,P69_CV0,2,2,0,2,0,0,2,0,2
20,-1503771.641,444502.6321,E20_F70_m-1f-1_P70_Y-1_U148,-9999,-9999,FXX,12,0.0,1,0,1.0,0,0,0,-9999.0,0.0,1,P69_CV0,2,0,2,0,2,0,2,0,2
20,-1503771.641,444502.6321,E20_F70_m-1f-1_P70_Y-1_U109,-9999,-9999,FXX,12,0.0,1,0,1.0,0,0,0,-9999.0,0.0,1,P69_CV0,2,0,2,1,1,0,2,0,2
20,-1503771.641,444502.6321,E20_F70_m-1f-1_P70_Y-1_U195,-9999,-9999,FXX,12,0.0,1,0,1.0,0,0,0,-9999.0,0.5,1,P69_CV0,2,1,1,0,2,0,2,0,2
20,-1503771.641,444502.6321,E20_F70_m-1f-1_P70_Y-1_U126,-9999,-9999,MXY,12,0.0,1,0,0.0,0,0,0,-9999.0,0.5,1,P69_CV0,2,1,1,2,0,0,2,0,2
20,-1503771.641,444502.6321,E20_F70_m-1f-1_P70_Y-1_U217,-9999,-9999,MXY,12,0.0,1,0,0.0,0,0,0,-9999.0,1.0,1,P69_CV0,2,2,0,1,1,0,2,0,2
20,-1503771.641,444502.6321,E20_F83_m-1f-1_P70_Y-1_U17,-9999,-9999,MXY,12,0.0,1,0,0.0,0,0,0,-9999.0,0.0,1,P69_CV0,2,0,2,1,1,0,2,0,2
20,-1503771.641,444502.6321,E20_F83_m-1f-1_P70_Y-1_U166,-9999,-9999,FXX,12,0.0,1,0,1.0,0,0,0,-9999.0,1.0,1,P69_CV0,2,2,0,2,0,0,2,0,2
20,-1503771.641,444502.6321,E20_F70_m-1f-1_P70_Y-1_U116,-9999,-9999,FXX,13,0.0,1,0,1.0,0,0,0,-9999.0,0.0,1,P69_CV0,2,0,2,2,0,0,2,0,2
20,-1503771.641,444502.6321,E20_F70_m-1f-1_P70_Y-1_U224,-9999,-9999,MXY,13,0.0,1,0,0.0,0,0,0,-9999.0,0.0,1,P69_CV0,2,0,2,2,0,0,2,0,2
20,-1503771.641,444502.6321,E20_F70_m-1f-1_P70_Y-1_U210,-9999,-9999,FXX,13,0.0,1,0,1.0,0,0,0,-9999.0,1.0,1,P69_CV0,2,2,0,0,2,0,2,0,2
20,-1503771.641,444502.6321,E20_F83_m-1f-1_P70_Y-1_U38,-9999,-9999,FXX,13,0.0,1,0,1.0,0,0,0,-9999.0,1.0,1,P69_CV0,2,2,0,0,2,0,2,0,2
20,-1503771.641,444502.6321,E20_F83_m-1f-1_P70_Y-1_U232,-9999,-9999,FXX,13,0.0,1,0,1.0,0,0,0,-9999.0,0.0,1,P69_CV0,2,0,2,1,1,0,2,0,2
20,-1503771.641,444502.6321,E20_F70_m-1f-1_P70_Y-1_U161,-9999,-9999,MXY,14,0.0,1,0,0.0,0,0,0,-9999.0,0.0,1,P69_CV0,2,0,2,1,1,0,2,0,2
20,-1503771.641,444502.6321,E20_F83_m-1f-1_P70_Y-1_U242,-9999,-9999,FXX,14,0.0,1,0,1.0,0,0,0,-9999.0,1.0,1,P69_CV0,2,2,0,2,0,0,2,0,2
20,-1503771.641,444502.6321,E20_F70_m-1f-1_P70_Y-1_U87,-9999,-9999,MXY,15,0.0,1,0,0.0,0,0,0,-9999.0,0.0,1,P69_CV0,2,0,2,1,1,0,2,0,2
20,-1503771.641,444502.6321,E20_F70_m-1f-1_P70_Y-1_U69,-9999,-9999,FXX,15,0.0,1,0,1.0,0,0,0,-9999.0,0.5,1,P69_CV0,2,1,1,1,1,0,2,0,2
20,-1503771.641,444502.6321,E20_F83_m-1f-1_P70_Y-1_U43,-9999,-9999,FXX,15,0.0,1,0,1.0,0,0,0,-9999.0,0.5,1,P69_CV0,2,1,1,2,0,0,2,0,2
20,-1503771.641,444502.6321,Age0_F20_m62f62_P20_Y7_UO2852,I62_F20_m70f70_P20_Y5_UO3235,I62_F20_m62f62_P20_Y5_UO2867,MXY,0,0.0,0,0,0.0,0,0,0,0.0,0.46875,1,P82_CV0,2,1,1,2,0,0,2,0,2
20,-1503771.641,444502.6321,Age0_F20_m62f62_P20_Y7_UO2863,I62_F20_m70f70_P20_Y5_UO3255,I62_F20_m70f70_P20_Y5_UO3229,FXX,0,0.0,0,0,0.0,0,0,0,0.0,0.375,1,P82_CV0,2,1,1,0,2,0,2,0,2
20,-1503771.641,444502.6321,Age0_F20_m62f62_P20_Y7_UO2865,I62_F20_m62f62_P20_Y5_UO2931,I62_F20_m53f53_P26_Y5_UO2491,MXY,0,0.0,0,0,0.0,0,0,0,0.0,0.5625,1,P82_CV0,2,2,0,0,2,0,2,0,2
20,-1503771.641,444502.6321,Age0_F20_m62f62_P20_Y7_UO2866,I62_F20_m70f70_P20_Y5_UO3223,I62_F20_m62f62_P20_Y5_UO2941,FXX,0,0.0,0,0,0.0,0,0,0,0.0,0.3125,1,P82_CV0,2,0,2,2,0,0,2,0,2
20,-1503771.641,444502.6321,Age0_F20_m62f62_P20_Y7_UO2867,I62_F20_m70f70_P20_Y5_UO3275,I62_F20_m83f83_P20_Y5_UO3790,FXX,0,0.0,0,0,0.0,0,0,0,0.0,0.5,1,P82_CV0,2,1,1,1,1,0,2,0,2
20,-1503771.641,444502.6321,Age0_F20_m62f62_P20_Y7_UO2868,I62_F20_m62f62_P20_Y5_UO2886,I62_F20_m62f62_P20_Y5_UO2962,MXY,0,0.0,0,0,0.0,0,0,0,0.0,0.5625,1,P82_CV0,2,2,0,2,0,0,2,0,2
20,-1503771.641,444502.6321,Age0_F20_m62f62_P20_Y7_UO2872,I62_F20_m70f70_P20_Y5_UO3205,I62_F20_m83f83_P20_Y5_UO3811,FXX,0,0.0,0,0,0.0,0,0,0,0.0,0.375,1,P82_CV0,2,1,1,2,0,0,2,0,2
20,-1503771.641,444502.6321,Age0_F20_m62f62_P20_Y7_UO2877,ID62_F20_m70f70_P20_Y5_UO3210,I62_F20_m62f62_P20_Y3_UO2940,MXY,0,0.0,0,0,0.0,0,0,0,0.0,0.53125,1,P82_CV0,2,1,1,2,0,0,2,0,2
20,-1503771.641,444502.6321,Age0_F20_m62f62_P20_Y7_UO2882,I62_F20_m62f62_P20_Y5_UO2954,I62_F20_m62f62_P20_Y5_UO2966,FXX,0,0.0,0,0,0.0,0,0,0,0.0,0.5,1,P82_CV0,2,1,1,0,2,0,2,0,2
20,-1503771.641,444502.6321,Age0_F20_m62f62_P20_Y7_UO2890,ID62_F20_m70f70_P20_Y4_UO3197,I62_F20_m62f62_P20_Y4_UO2914,MXY,0,0.0,0,0,0.0,0,0,0,0.0,0.375,1,P82_CV0,2,2,0,2,0,0,2,0,2
20,-1503771.641,444502.6321,Age0_F20_m62f62_P20_Y7_UO2896,I62_F20_m62f62_P20_Y4_UO2873,I62_F20_m62f62_P26_Y5_UO2904,FXX,0,0.0,0,0,0.0,0,0,0,0.0,0.625,1,P82_CV0,2,2,0,1,1,0,2,0,2
20,-1503771.641,444502.6321,Age0_F20_m62f62_P20_Y7_UO2897,I62_F20_m83f83_P20_Y4_UO3784,I62_F20_m-1f-1_P62_Y-1_U88,MXY,0,0.0,0,0,0.0,0,0,0,0.0,0.5,1,P82_CV0,2,1,1,2,0,0,2,0,2
20,-1503771.641,444502.6321,Age0_F20_m62f62_P20_Y7_UO2898,I62_F20_m83f83_P20_Y4_UO3750,ID62_F20_m-1f-1_P62_Y-1_U8,MXY,0,0.0,0,0,0.0,0,0,0,0.0,0.625,1,P82_CV0,2,1,1,1,1,0,2,0,2
20,-1503771.641,444502.6321,Age0_F20_m62f62_P20_Y7_UO2899,I62_F20_m62f62_P20_Y4_UO2868,I62_F20_m62f62_P20_Y4_UO2914,MXY,0,0.0,0,0,0.0,0,0,0,0.0,0.5,1,P82_CV0,2,2,0,1,1,0,2,0,2
20,-1503771.641,444502.6321,Age0_F20_m62f62_P20_Y7_UO2901,I62_F20_m62f62_P20_Y4_UO2866,ID62_F20_m62f62_P20_Y5_UO2949,FXX,0,0.0,0,0,0.0,0,0,0,0.0,0.5625,1,P82_CV0,2,2,0,1,1,0,2,0,2
20,-1503771.641,444502.6321,Age0_F20_m62f62_P20_Y7_UO2903,ID62_F20_m53f53_P26_Y4_UO2491,I62_F20_m83f83_P20_Y0_UO4096,FXX,0,0.0,0,0,0.0,0,0,0,0.0,0.375,1,P82_CV0,2,2,0,1,1,0,2,0,2
20,-1503771.641,444502.6321,Age0_F20_m62f62_P20_Y7_UO2904,I62_F20_m83f83_P20_Y4_UO3775,I62_F20_m83f83_P20_Y2_UO3819,MXY,0,0.0,0,0,0.0,0,0,0,0.0,0.25,1,P82_CV0,2,1,1,2,0,0,2,0,2
20,-1503771.641,444502.6321,Age0_F20_m62f62_P20_Y7_UO2907,ID62_F20_m70f70_P20_Y4_UO3169,I62_F20_m83f83_P20_Y4_UO3777,MXY,0,0.0,0,0,0.0,0,0,0,0.0,0.71875,1,P82_CV0,2,1,1,0,2,0,2,0,2
20,-1503771.641,444502.6321,Age0_F20_m62f62_P20_Y7_UO2908,ID62_F20_m70f70_P20_Y4_UO3259,ID62_F20_m62f62_P20_Y4_UO2939,FXX,0,0.0,0,0,0.0,0,0,0,0.0,0.78125,1,P82_CV0,2,1,1,1,1,0,2,0,2
20,-1503771.641,444502.6321,Age0_F20_m62f62_P20_Y7_UO2910,I62_F20_m53f53_P26_Y4_UO2479,I62_F20_m62f62_P26_Y5_UO2904,MXY,0,0.0,0,0,0.0,0,0,0,0.0,0.4375,1,P82_CV0,2,1,1,1,1,0,2,0,2
20,-1503771.641,444502.6321,Age0_F20_m62f62_P20_Y7_UO2912,I62_F20_m83f83_P20_Y4_UO3799,I62_F20_m83f83_P20_Y5_UO3818,FXX,0,0.0,0,0,0.0,0,0,0,0.0,0.5625,1,P82_CV0,2,2,0,1,1,0,2,0,2
20,-1503771.641,444502.6321,Age0_F20_m62f62_P20_Y7_UO2914,ID62_F20_m83f83_P20_Y4_UO3765,I62_F20_m62f62_P20_Y4_UO2914,FXX,0,0.0,0,0,0.0,0,0,0,0.0,0.6875,1,P82_CV0,2,2,0,2,0,0,2,0,2
20,-1503771.641,444502.6321,Age0_F20_m62f62_P20_Y7_UO2918,I62_F20_m83f83_P20_Y4_UO3748,I62_F20_m83f83_P20_Y4_UO3777,MXY,0,0.0,0,0,0.0,0,0,0,0.0,0.8125,1,P82_CV0,2,1,1,1,1,0,2,0,2
20,-1503771.641,444502.6321,Age0_F20_m62f62_P20_Y7_UO2920,I62_F20_m70f70_P20_Y4_UO3244,I62_F20_m83f83_P20_Y0_UO4038,MXY,0,0.0,0,0,0.0,0,0,0,0.0,0.59375,1,P82_CV0,2,1,1,0,2,0,2,0,2
20,-1503771.641,444502.6321,Age0_F20_m62f62_P20_Y7_UO2927,I62_F20_m62f62_P20_Y3_UO2935,I62_F20_m83f83_P20_Y0_UO4096,FXX,0,0.0,0,0,0.0,0,0,0,0.0,0.5,1,P82_CV0,2,2,0,0,2,0,2,0,2
20,-1503771.641,444502.6321,Age0_F20_m62f62_P20_Y7_UO2933,I62_F20_m83f83_P20_Y3_UO3779,I62_F20_m70f70_P20_Y1_UO3071,FXX,0,0.0,0,0,0.0,0,0,0,0.0,0.625,1,P82_CV0,2,1,1,1,1,0,2,0,2
20,-1503771.641,444502.6321,Age0_F20_m62f62_P20_Y7_UO2934,I62_F20_m83f83_P20_Y3_UO3798,I62_F20_m53f53_P26_Y5_UO2491,MXY,0,0.0,0,0,0.0,0,0,0,0.0,0.4375,1,P82_CV0,2,1,1,1,1,0,2,0,2
20,-1503771.641,444502.6321,Age0_F20_m62f62_P20_Y7_UO2936,I62_F20_m83f83_P20_Y3_UO3787,I62_F20_m62f62_P20_Y4_UO2914,MXY,0,0.0,0,0,0.0,0,0,0,0.0,0.5625,1,P82_CV0,2,2,0,1,1,0,2,0,2
20,-1503771.641,444502.6321,Age0_F20_m62f62_P20_Y7_UO2937,I62_F20_m83f83_P20_Y3_UO3794,I62_F20_m83f83_P20_Y5_UO3802,FXX,0,0.0,0,0,0.0,0,0,0,0.0,0.625,1,P82_CV0,2,1,1,1,1,0,2,0,2
20,-1503771.641,444502.6321,Age0_F20_m62f62_P20_Y7_UO2946,I62_F20_m83f83_P20_Y3_UO3781,I62_F20_m-1f-1_P62_Y-1_U102,MXY,0,0.0,0,0,0.0,0,0,0,0.0,0.375,1,P82_CV0,2,1,1,2,0,0,2,0,2
20,-1503771.641,444502.6321,Age0_F20_m62f62_P20_Y7_UO2949,I62_F20_m53f53_P26_Y2_UO2476,I62_F20_m62f62_P20_Y5_UO2962,MXY,0,0.0,0,0,0.0,0,0,0,0.0,0.375,1,P82_CV0,2,1,1,1,1,0,2,0,2
20,-1503771.641,444502.6321,Age0_F20_m62f62_P20_Y7_UO2953,ID62_F20_m62f62_P20_Y2_UO2891,I62_F20_m83f83_P20_Y0_UO4033,FXX,0,0.0,0,0,0.0,0,0,0,0.0,0.4375,1,P82_CV0,2,2,0,1,1,0,2,0,2
20,-1503771.641,444502.6321,Age0_F20_m62f62_P20_Y7_UO2962,I62_F20_m83f83_P20_Y1_UO3598,I62_F20_m62f62_P20_Y5_UO2913,FXX,0,0.0,0,0,0.0,0,0,0,0.0,0.25,1,P82_CV0,2,1,1,0,2,0,2,0,2
20,-1503771.641,444502.6321,Age0_F20_m62f62_P20_Y7_UO2964,I62_F20_m83f83_P20_Y1_UO3578,ID62_F20_m83f83_P20_Y1_UO3630,MXY,0,0.0,0,0,0.0,0,0,0,0.0,0.875,1,P82_CV0,2,2,0,2,0,0,2,0,2
20,-1503771.641,444502.6321,Age0_F20_m62f62_P20_Y7_UO2965,I62_F20_m83f83_P20_Y1_UO3626,I62_F20_m70f70_P20_Y4_UO3196,MXY,0,0.0,0,0,0.0,0,0,0,0.0,0.46875,1,P82_CV0,2,2,0,0,2,0,2,0,2
20,-1503771.641,444502.6321,Age0_F20_m62f62_P20_Y7_UO2966,I62_F20_m83f83_P20_Y1_UO3594,I62_F20_m83f83_P20_Y2_UO3767,MXY,0,0.0,0,0,0.0,0,0,0,0.0,0.75,1,P82_CV0,2,1,1,1,1,0,2,0,2
20,-1503771.641,444502.6321,Age0_F20_m62f62_P20_Y7_UO2973,ID62_F20_m83f83_P20_Y0_UO4019,I62_F20_m83f83_P20_Y0_UO4038,MXY,0,0.0,0,0,0.0,0,0,0,0.0,0.625,1,P82_CV0,2,1,1,0,2,0,2,0,2
20,-1503771.641,444502.6321,Age0_F20_m62f62_P20_Y7_UO2974,I62_F20_m83f83_P20_Y0_UO4086,I62_F20_m62f62_P20_Y4_UO2882,MXY,0,0.0,0,0,0.0,0,0,0,0.0,0.4375,1,P82_CV0,2,2,0,0,2,0,2,0,2
20,-1503771.641,444502.6321,Age0_F20_m62f62_P20_Y7_UO2976,I62_F20_m62f62_P20_Y0_UO3216,I62_F20_m83f83_P20_Y2_UO3767,MXY,0,0.0,0,0,0.0,0,0,0,0.0,0.875,1,P82_CV0,2,1,1,2,0,0,2,0,2
20,-1503771.641,444502.6321,Age0_F20_m62f62_P20_Y7_UO2985,ID62_F20_m-1f-1_P62_Y-1_U147,I62_F20_m83f83_P20_Y0_UO4033,FXX,0,0.0,0,0,0.0,0,0,0,0.0,0.5,1,P82_CV0,2,1,1,1,1,0,2,0,2
20,-1503771.641,444502.6321,Age0_F20_m62f62_P20_Y7_UO2988,I62_F20_m-1f-1_P62_Y-1_U239,I62_F20_m70f70_P20_Y4_UO3220,MXY,0,0.0,0,0,0.0,0,0,0,0.0,0.25,1,P82_CV0,2,1,1,0,2,0,2,0,2
20,-1503771.641,444502.6321,Age0_F20_m70f70_P20_Y7_UO3213,I70_F20_m83f83_P20_Y5_UO3775,ID70_F20_m70f70_P20_Y3_UO3248,FXX,0,0.0,0,0,0.0,0,0,0,0.0,0.75,1,P82_CV0,2,1,1,1,1,0,2,0,2
20,-1503771.641,444502.6321,Age0_F20_m70f70_P20_Y7_UO3216,I70_F20_m62f62_P20_Y5_UO2908,I70_F20_m70f70_P20_Y5_UO3282,MXY,0,0.0,0,0,0.0,0,0,0,0.0,0.5625,1,P82_CV0,2,1,1,1,1,0,2,0,2
20,-1503771.641,444502.6321,Age0_F20_m70f70_P20_Y7_UO3217,I70_F20_m62f62_P20_Y5_UO2854,I70_F20_m83f83_P20_Y4_UO3753,FXX,0,0.0,0,0,0.0,0,0,0,0.0,0.6875,1,P82_CV0,2,2,0,1,1,0,2,0,2
20,-1503771.641,444502.6321,Age0_F20_m70f70_P20_Y7_UO3218,I70_F20_m83f83_P20_Y5_UO3773,ID70_F20_m70f70_P20_Y5_UO3240,FXX,0,0.0,0,0,0.0,0,0,0,0.0,0.5,1,P82_CV0,2,1,1,2,0,0,2,0,2
20,-1503771.641,444502.6321,Age0_F20_m70f70_P20_Y7_UO3219,I70_F20_m70f70_P20_Y5_UO3258,I70_F20_m70f70_P20_Y5_UO3282,FXX,0,0.0,0,0,0.0,0,0,0,0.0,0.5,1,P82_CV0,2,1,1,2,0,0,2,0,2
20,-1503771.641,444502.6321,Age0_F20_m70f70_P20_Y7_UO3226,I70_F20_m70f70_P20_Y5_UO3222,I70_F20_m83f83_P20_Y3_UO3780,MXY,0,0.0,0,0,0.0,0,0,0,0.0,0.5625,1,P82_CV0,2,2,0,2,0,0,2,0,2
20,-1503771.641,444502.6321,Age0_F20_m70f70_P20_Y7_UO3230,I70_F20_m83f83_P20_Y5_UO3796,I70_F20_m62f62_P20_Y3_UO2875,MXY,0,0.0,0,0,0.0,0,0,0,0.0,0.5625,1,P82_CV0,2,2,0,1,1,0,2,0,2
20,-1503771.641,444502.6321,Age0_F20_m70f70_P20_Y7_UO3232,I70_F20_m70f70_P20_Y5_UO3265,ID70_F20_m62f62_P20_Y5_UO2898,MXY,0,0.0,0,0,0.0,0,0,0,0.0,0.78125,1,P82_CV0,2,2,0,1,1,0,2,0,2
20,-1503771.641,444502.6321,Age0_F20_m70f70_P20_Y7_UO3237,I70_F20_m83f83_P20_Y5_UO3825,I70_F20_m83f83_P20_Y3_UO3756,MXY,0,0.0,0,0,0.0,0,0,0,0.0,0.375,1,P82_CV0,2,0,2,1,1,0,2,0,2
20,-1503771.641,444502.6321,Age0_F20_m70f70_P20_Y7_UO3243,I70_F20_m83f83_P20_Y4_UO3778,I70_F20_m62f62_P20_Y4_UO2885,FXX,0,0.0,0,0,0.0,0,0,0,0.0,0.75,1,P82_CV0,2,2,0,0,2,0,2,0,2
20,-1503771.641,444502.6321,Age0_F20_m70f70_P20_Y7_UO3245,ID70_F20_m70f70_P20_Y4_UO3203,I70_F20_m70f70_P20_Y2_UO3253,FXX,0,0.0,0,0,0.0,0,0,0,0.0,0.625,1,P82_CV0,2,1,1,2,0,0,2,0,2
20,-1503771.641,444502.6321,Age0_F20_m70f70_P20_Y7_UO3247,I70_F20_m70f70_P20_Y4_UO3170,ID70_F20_m70f70_P20_Y3_UO3233,FXX,0,0.0,0,0,0.0,0,0,0,0.0,0.4375,1,P82_CV0,2,1,1,1,1,0,2,0,2
20,-1503771.641,444502.6321,Age0_F20_m70f70_P20_Y7_UO3251,I70_F20_m83f83_P20_Y4_UO3783,I70_F20_m83f83_P20_Y4_UO3791,FXX,0,0.0,0,0,0.0,0,0,0,0.0,0.5,1,P82_CV0,2,1,1,0,2,0,2,0,2
20,-1503771.641,444502.6321,Age0_F20_m70f70_P20_Y7_UO3255,I70_F20_m62f62_P20_Y4_UO2919,ID70_F20_m-1f-1_P83_Y-1_U178,FXX,0,0.0,0,0,0.0,0,0,0,0.0,0.375,1,P82_CV0,2,1,1,1,1,0,2,0,2
20,-1503771.641,444502.6321,Age0_F20_m70f70_P20_Y7_UO3256,I70_F20_m83f83_P20_Y4_UO3749,ID70_F20_m-1f-1_P83_Y-1_U178,FXX,0,0.0,0,0,0.0,0,0,0,0.0,0.375,1,P82_CV0,2,0,2,1,1,0,2,0,2
20,-1503771.641,444502.6321,Age0_F20_m70f70_P20_Y7_UO3259,I70_F20_m83f83_P20_Y4_UO3796,I70_F20_m70f70_P20_Y2_UO3233,MXY,0,0.0,0,0,0.0,0,0,0,0.0,0.75,1,P82_CV0,2,2,0,0,2,0,2,0,2
20,-1503771.641,444502.6321,Age0_F20_m70f70_P20_Y7_UO3264,I70_F20_m83f83_P20_Y4_UO3755,I70_F20_m62f62_P20_Y5_UO2961,FXX,0,0.0,0,0,0.0,0,0,0,0.0,0.625,1,P82_CV0,2,1,1,0,2,0,2,0,2
20,-1503771.641,444502.6321,Age0_F20_m70f70_P20_Y7_UO3265,I70_F20_m70f70_P20_Y4_UO3198,I70_F20_m62f62_P20_Y4_UO2885,MXY,0,0.0,0,0,0.0,0,0,0,0.0,0.625,1,P82_CV0,2,2,0,1,1,0,2,0,2
20,-1503771.641,444502.6321,Age0_F20_m70f70_P20_Y7_UO3267,ID70_F20_m62f62_P20_Y3_UO2913,I70_F20_m62f62_P20_Y0_UO3218,MXY,0,0.0,0,0,0.0,0,0,0,0.0,0.3125,1,P82_CV0,2,0,2,0,2,0,2,0,2
20,-1503771.641,444502.6321,Age0_F20_m70f70_P20_Y7_UO3270,I70_F20_m83f83_P20_Y3_UO3785,I70_F20_m70f70_P20_Y3_UO3264,FXX,0,0.0,0,0,0.0,0,0,0,0.0,0.5,1,P82_CV0,2,2,0,0,2,0,2,0,2
20,-1503771.641,444502.6321,Age0_F20_m70f70_P20_Y7_UO3272,I70_F20_m62f62_P20_Y3_UO2955,ID70_F20_m70f70_P20_Y5_UO3202,MXY,0,0.0,0,0,0.0,0,0,0,0.0,0.5625,1,P82_CV0,2,1,1,2,0,0,2,0,2
20,-1503771.641,444502.6321,Age0_F20_m70f70_P20_Y7_UO3273,ID70_F20_m62f62_P20_Y3_UO2879,I70_F20_m83f83_P20_Y4_UO3756,FXX,0,0.0,0,0,0.0,0,0,0,0.0,0.3125,1,P82_CV0,2,0,2,0,2,0,2,0,2
20,-1503771.641,444502.6321,Age0_F20_m70f70_P20_Y7_UO3279,I70_F20_m70f70_P20_Y2_UO3260,ID70_F20_m-1f-1_P83_Y-1_U14,FXX,0,0.0,0,0,0.0,0,0,0,0.0,0.8125,1,P82_CV0,2,2,0,0,2,0,2,0,2
20,-1503771.641,444502.6321,Age0_F20_m70f70_P20_Y7_UO3280,I70_F20_m83f83_P20_Y2_UO3817,ID70_F20_m-1f-1_P83_Y-1_U178,MXY,0,0.0,0,0,0.0,0,0,0,0.0,0.5,1,P82_CV0,2,1,1,2,0,0,2,0,2
20,-1503771.641,444502.6321,Age0_F20_m70f70_P20_Y7_UO3281,I70_F20_m62f62_P20_Y2_UO2941,ID70_F20_m70f70_P20_Y3_UO3233,FXX,0,0.0,0,0,0.0,0,0,0,0.0,0.6875,1,P82_CV0,2,2,0,2,0,0,2,0,2
20,-1503771.641,444502.6321,Age0_F20_m70f70_P20_Y7_UO3286,I70_F20_m83f83_P20_Y2_UO3822,I70_F20_m-1f-1_P70_Y-1_U220,MXY,0,0.0,0,0,0.0,0,0,0,0.0,0.625,1,P82_CV0,2,1,1,1,1,0,2,0,2
20,-1503771.641,444502.6321,Age0_F20_m70f70_P20_Y7_UO3288,I70_F20_m62f62_P20_Y1_UO2803,I70_F20_m83f83_P20_Y4_UO3756,MXY,0,0.0,0,0,0.0,0,0,0,0.0,0.4375,1,P82_CV0,2,0,2,1,1,0,2,0,2
20,-1503771.641,444502.6321,Age0_F20_m70f70_P20_Y7_UO3290,I70_F20_m83f83_P20_Y1_UO3555,I70_F20_m-1f-1_P70_Y-1_U217,FXX,0,0.0,0,0,0.0,0,0,0,0.0,1.0,1,P82_CV0,2,2,0,0,2,0,2,0,2
20,-1503771.641,444502.6321,Age0_F20_m70f70_P20_Y7_UO3293,I70_F20_m83f83_P20_Y1_UO3600,I70_F20_m62f62_P20_Y3_UO2961,FXX,0,0.0,0,0,0.0,0,0,0,0.0,0.625,1,P82_CV0,2,0,2,0,2,0,2,0,2
20,-1503771.641,444502.6321,Age0_F20_m70f70_P20_Y7_UO3304,I70_F20_m-1f-1_P70_Y-1_U65,ID70_F20_m-1f-1_P83_Y-1_U14,FXX,0,0.0,0,0,0.0,0,0,0,0.0,0.75,1,P82_CV0,2,2,0,1,1,0,2,0,2
20,-1503771.641,444502.6321,Age0_F20_m70f70_P20_Y7_UO3306,I70_F20_m-1f-1_P70_Y-1_U86,I70_F20_m83f83_P20_Y4_UO3753,FXX,0,0.0,0,0,0.0,0,0,0,0.0,0.875,1,P82_CV0,2,2,0,2,0,0,2,0,2
20,-1503771.641,444502.6321,Age0_F20_m70f70_P20_Y7_UO3309,I70_F20_m-1f-1_P83_Y-1_U168,ID70_F20_m62f62_P20_Y5_UO2881,MXY,0,0.0,0,0,0.0,0,0,0,0.0,0.59375,1,P82_CV0,2,0,2,1,1,0,2,0,2
20,-1503771.641,444502.6321,Age0_F20_m70f70_P20_Y7_UO3312,ID70_F20_m-1f-1_P83_Y-1_U217,ID70_F20_m70f70_P20_Y5_UO3240,FXX,0,0.0,0,0,0.0,0,0,0,0.0,0.78125,1,P82_CV0,2,2,0,1,1,0,2,0,2
20,-1503771.641,444502.6321,Age0_F20_m70f70_P20_Y7_UO3318,I70_F20_m-1f-1_P83_Y-1_U126,I70_F20_m62f62_P20_Y4_UO2885,MXY,0,0.0,0,0,0.0,0,0,0,0.0,0.75,1,P82_CV0,2,1,1,0,2,0,2,0,2
20,-1503771.641,444502.6321,Age0_F20_m70f70_P20_Y7_UO3319,ID70_F20_m-1f-1_P70_Y-1_U69,I70_F20_m62f62_P20_Y4_UO2911,FXX,0,0.0,0,0,0.0,0,0,0,0.0,0.5625,1,P82_CV0,2,1,1,0,2,0,2,0,2
20,-1503771.641,444502.6321,Age0_F20_m70f70_P20_Y7_UO3320,I70_F20_m-1f-1_P83_Y-1_U173,ID70_F20_m-1f-1_P83_Y-1_U224,MXY,0,0.0,0,0,0.0,0,0,0,0.0,1.0,1,P82_CV0,2,2,0,1,1,0,2,0,2
20,-1503771.641,444502.6321,Age0_F20_m83f83_P20_Y7_UO3801,ID83_F20_m83f83_P20_Y5_UO3789,I83_F20_m-1f-1_P83_Y-1_U239,FXX,0,0.0,0,0,0.0,0,0,0,0.0,0.5,1,P82_CV0,2,0,2,0,2,0,2,0,2
20,-1503771.641,444502.6321,Age0_F20_m83f83_P20_Y7_UO3804,ID83_F20_m70f70_P20_Y4_UO3257,I83_F20_m-1f-1_P83_Y-1_U83,FXX,0,0.0,0,0,0.0,0,0,0,0.0,0.875,1,P82_CV0,2,1,1,0,2,0,2,0,2
20,-1503771.641,444502.6321,Age0_F20_m83f83_P20_Y7_UO3805,ID83_F20_m62f62_P20_Y4_UO2923,I83_F20_m-1f-1_P83_Y-1_U95,FXX,0,0.0,0,0,0.0,0,0,0,0.0,0.5625,1,P82_CV0,2,2,0,2,0,0,2,0,2
20,-1503771.641,444502.6321,Age0_F20_m83f83_P20_Y7_UO3808,I83_F20_m70f70_P20_Y3_UO3257,ID83_F20_m-1f-1_P83_Y-1_U50,MXY,0,0.0,0,0,0.0,0,0,0,0.0,0.625,1,P82_CV0,2,2,0,0,2,0,2,0,2
20,-1503771.641,444502.6321,Age0_F20_m83f83_P20_Y7_UO3811,ID83_F20_m62f62_P20_Y2_UO2954,I83_F20_m-1f-1_P83_Y-1_U61,FXX,0,0.0,0,0,0.0,0,0,0,0.0,0.6875,1,P82_CV0,2,1,1,1,1,0,2,0,2
20,-1503771.641,444502.6321,Age0_F20_m83f83_P20_Y7_UO3815,I83_F20_m83f83_P20_Y0_UO4020,ID83_F20_m-1f-1_P83_Y-1_U108,FXX,0,0.0,0,0,0.0,0,0,0,0.0,0.5,1,P82_CV0,2,2,0,1,1,0,2,0,2
20,-1503771.641,444502.6321,Age0_F20_m83f83_P20_Y7_UO3816,I83_F20_m-1f-1_P70_Y-1_U152,I83_F20_m83f83_P20_Y2_UO3821,FXX,0,0.0,0,0,0.0,0,0,0,0.0,0.375,1,P82_CV0,2,0,2,1,1,0,2,0,2
20,-1503771.641,444502.6321,Age0_F20_m83f83_P20_Y7_UO3817,I83_F20_m-1f-1_P70_Y-1_U213,ID83_F20_m-1f-1_P83_Y-1_U50,MXY,0,0.0,0,0,0.0,0,0,0,0.0,0.5,1,P82_CV0,2,1,1,1,1,0,2,0,2
20,-1503771.641,444502.6321,Age0_F20_m83f83_P20_Y7_UO3818,I83_F20_m-1f-1_P83_Y-1_U199,I83_F20_m-1f-1_P83_Y-1_U69,MXY,0,0.0,0,0,0.0,0,0,0,0.0,1.0,1,P82_CV0,2,2,0,1,1,0,2,0,2
20,-1503771.641,444502.6321,Age0_F20_m83f83_P20_Y7_UO3820,ID83_F20_m-1f-1_P83_Y-1_U88,I83_F20_m-1f-1_P83_Y-1_U218,MXY,0,0.0,0,0,0.0,0,0,0,0.0,0.25,1,P82_CV0,2,1,1,1,1,0,2,0,2
20,-1503771.641,444502.6321,Age0_F20_m83f83_P20_Y7_UO3821,I83_F20_m-1f-1_P83_Y-1_U31,ID83_F20_m83f83_P20_Y4_UO3760,FXX,0,0.0,0,0,0.0,0,0,0,0.0,0.875,1,P82_CV0,2,2,0,2,0,0,2,0,2
20,-1503771.641,444502.6321,Age0_F20_m83f83_P20_Y7_UO3822,I83_F20_m-1f-1_P70_Y-1_U165,ID83_F20_m-1f-1_P83_Y-1_U81,FXX,0,0.0,0,0,0.0,0,0,0,0.0,0.25,1,P82_CV0,2,0,2,1,1,0,2,0,2
20,-1503771.641,444502.6321,Age0_F20_m83f83_P20_Y7_UO3823,I83_F20_m-1f-1_P70_Y-1_U129,I83_F20_m-1f-1_P83_Y-1_U182,MXY,0,0.0,0,0,0.0,0,0,0,0.0,0.25,1,P82_CV0,2,0,2,0,2,0,2,0,2
20,-1503771.641,444502.6321,Age0_F20_m83f83_P20_Y7_UO3824,I83_F20_m-1f-1_P70_Y-1_U16,I83_F20_m83f83_P20_Y2_UO3821,FXX,0,0.0,0,0,0.0,0,0,0,0.0,0.125,1,P82_CV0,2,0,2,2,0,0,2,0,2
20,-1503771.641,444502.6321,Age0_F20_m83f83_P20_Y7_UO3825,ID83_F20_m-1f-1_P83_Y-1_U198,I83_F20_m-1f-1_P83_Y-1_U115,MXY,0,0.0,0,0,0.0,0,0,0,0.0,0.75,1,P82_CV0,2,1,1,1,1,0,2,0,2
20,-1503771.641,444502.6321,Age0_F20_m83f83_P20_Y7_UO3826,ID83_F20_m-1f-1_P83_Y-1_U138,I83_F20_m-1f-1_P83_Y-1_U182,MXY,0,0.0,0,0,0.0,0,0,0,0.0,0.25,1,P82_CV0,2,0,2,1,1,0,2,0,2
20,-1503771.641,444502.6321,Age0_F20_m83f83_P20_Y7_UO3827,I83_F20_m-1f-1_P70_Y-1_U186,ID83_F20_m-1f-1_P83_Y-1_U108,FXX,0,0.0,0,0,0.0,0,0,0,0.0,0.5,1,P82_CV0,2,1,1,1,1,0,2,0,2
20,-1503771.641,444502.6321,Age0_F20_m83f83_P20_Y7_UO3828,I83_F20_m-1f-1_P83_Y-1_U67,I83_F20_m83f83_P20_Y0_UO4063,FXX,0,0.0,0,0,0.0,0,0,0,0.0,0.875,1,P82_CV0,2,2,0,0,2,0,2,0,2
20,-1503771.641,444502.6321,Age0_F20_m83f83_P20_Y7_UO3830,I83_F20_m-1f-1_P83_Y-1_U222,I83_F20_m-1f-1_P83_Y-1_U95,MXY,0,0.0,0,0,0.0,0,0,0,0.0,0.75,1,P82_CV0,2,2,0,1,1,0,2,0,2
20,-1503771.641,444502.6321,Age0_F20_m83f83_P20_Y7_UO3831,ID83_F20_m-1f-1_P83_Y-1_U9,ID83_F20_m-1f-1_P83_Y-1_U102,MXY,0,0.0,0,0,0.0,0,0,0,0.0,0.75,1,P82_CV0,2,1,1,2,0,0,2,0,2
20,-1503771.641,444502.6321,Age0_F20_m83f83_P20_Y7_UO3833,I83_F20_m-1f-1_P83_Y-1_U15,I83_F20_m-1f-1_P83_Y-1_U218,FXX,0,0.0,0,0,0.0,0,0,0,0.0,0.0,1,P82_CV0,2,0,2,1,1,0,2,0,2
20,-1503771.641,444502.6321,Age0_F20_m83f83_P20_Y7_UO3834,I83_F20_m-1f-1_P83_Y-1_U85,ID83_F20_m83f83_P20_Y2_UO3755,MXY,0,0.0,0,0,0.0,0,0,0,0.0,0.4375,1,P82_CV0,2,1,1,1,1,0,2,0,2
20,-1503771.641,444502.6321,Age0_F20_m83f83_P20_Y7_UO3836,I83_F20_m-1f-1_P70_Y-1_U38,I83_F20_m-1f-1_P83_Y-1_U137,FXX,0,0.0,0,0,0.0,0,0,0,0.0,0.75,1,P82_CV0,2,1,1,1,1,0,2,0,2
20,-1503771.641,444502.6321,Age0_F20_m83f83_P20_Y7_UO3837,I83_F20_m-1f-1_P70_Y-1_U232,ID83_F20_m-1f-1_P83_Y-1_U248,MXY,0,0.0,0,0,0.0,0,0,0,0.0,0.0,1,P82_CV0,2,0,2,2,0,0,2,0,2
20,-1503771.641,444502.6321,Age0_F20_m83f83_P20_Y7_UO3839,ID83_F20_m-1f-1_P83_Y-1_U60,I83_F20_m62f62_P20_Y0_UO3142,MXY,0,0.0,0,0,0.0,0,0,0,0.0,0.5,1,P82_CV0,2,1,1,1,1,0,2,0,2
20,-1503771.641,444502.6321,Age0_F20_m83f83_P20_Y7_UO3841,I83_F20_m-1f-1_P83_Y-1_U206,I83_F20_m-1f-1_P83_Y-1_U239,FXX,0,0.0,0,0,0.0,0,0,0,0.0,0.75,1,P82_CV0,2,1,1,2,0,0,2,0,2
20,-1503771.641,444502.6321,Age0_F20_m83f83_P20_Y7_UO3842,I83_F20_m-1f-1_P70_Y-1_U43,I83_F20_m83f83_P20_Y0_UO4063,MXY,0,0.0,0,0,0.0,0,0,0,0.0,0.625,1,P82_CV0,2,2,0,1,1,0,2,0,2
20,-1503771.641,444502.6321,Age0_F20_m83f83_P20_Y7_UO3843,I83_F20_m-1f-1_P83_Y-1_U80,I83_F20_m-1f-1_P83_Y-1_U83,MXY,0,0.0,0,0,0.0,0,0,0,0.0,0.75,1,P82_CV0,2,1,1,0,2,0,2,0,2
20,-1503771.641,444502.6321,E20_F62_m62f62_P20_Y6_UO2864,I62_F20_m62f62_P20_Y4_UO2912,ID62_F20_m62f62_P20_Y3_UO2877,FXX,1,0.0,1,1,1.0,0,0,0,-9999.0,0.5625,1,P82_CV0,2,2,0,2,0,0,2,0,2
20,-1503771.641,444502.6321,E20_F62_m62f62_P20_Y6_UO2868,I62_F20_m83f83_P20_Y4_UO3784,ID62_F20_m53f53_P26_Y1_UO2417,FXX,1,0.0,1,1,1.0,0,0,0,-9999.0,0.625,1,P82_CV0,2,0,2,1,1,0,2,0,2
20,-1503771.641,444502.6321,E20_F62_m62f62_P20_Y6_UO2870,ID62_F20_m83f83_P20_Y4_UO3772,I62_F20_m83f83_P20_Y0_UO4038,MXY,1,0.0,1,1,0.0,0,0,0,-9999.0,0.5,1,P82_CV0,2,2,0,0,2,0,2,0,2
20,-1503771.641,444502.6321,E20_F62_m62f62_P20_Y6_UO2875,I62_F20_m53f53_P26_Y4_UO2455,ID62_F20_m83f83_P20_Y1_UO3575,FXX,1,0.0,1,1,1.0,0,0,0,-9999.0,0.625,1,P82_CV0,2,2,0,2,0,0,2,0,2
20,-1503771.641,444502.6321,E20_F62_m62f62_P20_Y6_UO2881,ID62_F20_m70f70_P20_Y4_UO3259,I62_F20_m83f83_P20_Y2_UO3819,FXX,1,0.0,1,1,1.0,0,0,0,-9999.0,0.625,1,P82_CV0,2,2,0,1,1,0,2,0,2
20,-1503771.641,444502.6321,E20_F62_m62f62_P20_Y6_UO2883,I62_F20_m83f83_P20_Y4_UO3761,I62_F20_m-1f-1_P62_Y-1_U139,FXX,1,0.0,1,1,1.0,0,0,0,-9999.0,0.9375,1,P82_CV0,2,2,0,1,1,0,2,0,2
20,-1503771.641,444502.6321,E20_F62_m62f62_P20_Y6_UO2885,ID62_F20_m53f53_P26_Y4_UO2486,I62_F20_m83f83_P20_Y4_UO3774,FXX,1,0.0,1,1,1.0,0,0,0,-9999.0,0.25,1,P82_CV0,2,1,1,0,2,0,2,0,2
20,-1503771.641,444502.6321,E20_F62_m62f62_P20_Y6_UO2893,I62_F20_m70f70_P20_Y4_UO3244,I62_F20_m62f62_P20_Y3_UO2908,MXY,1,0.0,1,1,0.0,0,0,0,-9999.0,0.53125,1,P82_CV0,2,1,1,0,2,0,2,0,2
20,-1503771.641,444502.6321,E20_F62_m62f62_P20_Y6_UO2898,I62_F20_m53f53_P26_Y4_UO2435,ID62_F20_m83f83_P20_Y0_UO4096,FXX,1,0.0,1,1,1.0,0,0,0,-9999.0,0.5,1,P82_CV0,2,2,0,2,0,0,2,0,2
20,-1503771.641,444502.6321,E20_F62_m62f62_P20_Y6_UO2914,I62_F20_m62f62_P20_Y3_UO2943,I62_F20_m83f83_P20_Y4_UO3774,MXY,1,0.0,1,1,0.0,0,0,0,-9999.0,0.125,1,P82_CV0,2,0,2,1,1,0,2,0,2
20,-1503771.641,444502.6321,E20_F62_m62f62_P20_Y6_UO2929,I62_F20_m62f62_P20_Y3_UO2935,I62_F20_m62f62_P26_Y4_UO2928,MXY,1,0.0,1,1,0.0,0,0,0,-9999.0,0.625,1,P82_CV0,2,0,2,1,1,0,2,0,2
20,-1503771.641,444502.6321,E20_F62_m62f62_P20_Y6_UO2934,ID62_F20_m83f83_P20_Y3_UO3794,I62_F20_m-1f-1_P62_Y-1_U102,MXY,1,0.0,1,1,0.0,0,0,0,-9999.0,0.375,1,P82_CV0,2,1,1,0,2,0,2,0,2
20,-1503771.641,444502.6321,E20_F62_m62f62_P20_Y6_UO2936,ID62_F20_m62f62_P20_Y3_UO2930,ID62_F20_m83f83_P20_Y4_UO3777,FXX,1,0.0,1,1,1.0,0,0,0,-9999.0,0.875,1,P82_CV0,2,1,1,1,1,0,2,0,2
20,-1503771.641,444502.6321,E20_F62_m62f62_P20_Y6_UO2939,I62_F20_m83f83_P20_Y3_UO3787,I62_F20_m70f70_P20_Y3_UO3200,MXY,1,0.0,1,1,0.0,0,0,0,-9999.0,0.6875,1,P82_CV0,2,1,1,1,1,0,2,0,2
20,-1503771.641,444502.6321,E20_F62_m62f62_P20_Y6_UO2942,I62_F20_m83f83_P20_Y3_UO3769,ID62_F20_m70f70_P20_Y4_UO3196,FXX,1,0.0,1,1,1.0,0,0,0,-9999.0,0.59375,1,P82_CV0,2,0,2,2,0,0,2,0,2
20,-1503771.641,444502.6321,E20_F62_m62f62_P20_Y6_UO2952,I62_F20_m53f53_P26_Y2_UO2481,I62_F20_m62f62_P20_Y2_UO2967,FXX,1,0.0,1,1,1.0,0,0,0,-9999.0,0.375,1,P82_CV0,2,1,1,1,1,0,2,0,2
20,-1503771.641,444502.6321,E20_F62_m62f62_P20_Y6_UO2963,ID62_F20_m83f83_P20_Y1_UO3556,ID62_F20_m70f70_P20_Y4_UO3184,MXY,1,0.0,1,1,0.0,0,0,0,-9999.0,0.5625,1,P82_CV0,2,1,1,2,0,0,2,0,2
20,-1503771.641,444502.6321,E20_F62_m62f62_P20_Y6_UO2967,I62_F20_m83f83_P20_Y1_UO3578,ID62_F20_m70f70_P20_Y4_UO3184,MXY,1,0.0,1,1,0.0,0,0,0,-9999.0,0.5625,1,P82_CV0,2,1,1,2,0,0,2,0,2
20,-1503771.641,444502.6321,E20_F62_m62f62_P20_Y6_UO2975,I62_F20_m70f70_P20_Y0_UO3435,I62_F26_m83f83_P20_Y2_UO3767,FXX,1,0.0,1,1,1.0,0,0,0,-9999.0,0.625,1,P82_CV0,2,1,1,1,1,0,2,0,2
20,-1503771.641,444502.6321,E20_F62_m62f62_P20_Y6_UO2976,I62_F20_m62f62_P20_Y0_UO3212,ID62_F20_m83f83_P20_Y0_UO4096,FXX,1,0.0,1,1,1.0,0,0,0,-9999.0,0.25,1,P82_CV0,2,1,1,1,1,0,2,0,2
20,-1503771.641,444502.6321,E20_F62_m62f62_P20_Y6_UO2979,ID62_F20_m83f83_P20_Y0_UO4084,ID62_F20_m53f53_P26_Y2_UO2537,MXY,1,0.0,1,1,0.0,0,0,0,-9999.0,0.5,1,P82_CV0,2,0,2,1,1,0,2,0,2
20,-1503771.641,444502.6321,E20_F62_m62f62_P20_Y6_UO2980,I62_F20_m83f83_P20_Y0_UO4086,I62_F20_m83f83_P20_Y3_UO3786,FXX,1,0.0,1,1,1.0,0,0,0,-9999.0,0.5,1,P82_CV0,2,1,1,0,2,0,2,0,2
20,-1503771.641,444502.6321,E20_F62_m62f62_P20_Y6_UO2981,I62_F20_m83f83_P20_Y0_UO4059,ID62_F20_m83f83_P20_Y2_UO3815,MXY,1,0.0,1,1,0.0,0,0,0,-9999.0,0.5,1,P82_CV0,2,0,2,1,1,0,2,0,2
20,-1503771.641,444502.6321,E20_F62_m62f62_P20_Y6_UO2993,ID62_F20_m-1f-1_P62_Y-1_U62,I62_F20_m83f83_P20_Y4_UO3769,FXX,1,0.0,1,1,1.0,0,0,0,-9999.0,0.5,1,P82_CV0,2,2,0,1,1,0,2,0,2
20,-1503771.641,444502.6321,E20_F62_m70f70_P20_Y6_UO3222,I70_F20_m70f70_P20_Y4_UO3238,I70_F20_m62f62_P20_Y3_UO2961,FXX,1,0.0,1,1,1.0,0,0,0,-9999.0,0.625,1,P82_CV0,2,1,1,1,1,0,2,0,2
20,-1503771.641,444502.6321,E20_F62_m70f70_P20_Y6_UO3243,I70_F20_m62f62_P20_Y4_UO2919,I70_F20_m70f70_P20_Y4_UO3242,MXY,1,0.0,1,1,0.0,0,0,0,-9999.0,0.3125,1,P82_CV0,2,1,1,0,2,0,2,0,2
20,-1503771.641,444502.6321,E20_F62_m70f70_P20_Y6_UO3250,ID70_F20_m70f70_P20_Y4_UO3232,I70_F20_m70f70_P20_Y4_UO3242,FXX,1,0.0,1,1,1.0,0,0,0,-9999.0,0.5625,1,P82_CV0,2,2,0,0,2,0,2,0,2
20,-1503771.641,444502.6321,E20_F62_m70f70_P20_Y6_UO3254,ID70_F20_m83f83_P20_Y3_UO3762,I70_F20_m-1f-1_P70_Y-1_U50,FXX,1,0.0,1,1,1.0,0,0,0,-9999.0,0.375,1,P82_CV0,2,0,2,1,1,0,2,0,2
20,-1503771.641,444502.6321,E20_F62_m70f70_P20_Y6_UO3258,I70_F20_m62f62_P20_Y3_UO2913,I70_F20_m62f62_P20_Y4_UO2911,MXY,1,0.0,1,1,0.0,0,0,0,-9999.0,0.5,1,P82_CV0,2,1,1,0,2,0,2,0,2
20,-1503771.641,444502.6321,E20_F62_m70f70_P20_Y6_UO3259,ID70_F20_m62f62_P20_Y3_UO2948,I70_F20_m62f62_P20_Y4_UO2911,MXY,1,0.0,1,1,0.0,0,0,0,-9999.0,0.5625,1,P82_CV0,2,1,1,0,2,0,2,0,2
20,-1503771.641,444502.6321,E20_F62_m70f70_P20_Y6_UO3263,I70_F20_m62f62_P20_Y3_UO2879,I70_F20_m83f83_P20_Y4_UO3791,FXX,1,0.0,1,1,1.0,0,0,0,-9999.0,0.5,1,P82_CV0,2,1,1,0,2,0,2,0,2
20,-1503771.641,444502.6321,E20_F62_m70f70_P20_Y6_UO3267,ID70_F20_m62f62_P20_Y3_UO2907,I70_F20_m83f83_P20_Y0_UO4072,MXY,1,0.0,1,1,0.0,0,0,0,-9999.0,0.75,1,P82_CV0,2,1,1,0,2,0,2,0,2
20,-1503771.641,444502.6321,E20_F62_m70f70_P20_Y6_UO3268,I70_F20_m83f83_P20_Y3_UO3751,I70_F20_m62f62_P20_Y1_UO2839,FXX,1,0.0,1,1,1.0,0,0,0,-9999.0,0.5,1,P82_CV0,2,1,1,0,2,0,2,0,2
20,-1503771.641,444502.6321,E20_F62_m70f70_P20_Y6_UO3274,ID70_F20_m62f62_P20_Y2_UO2892,I70_F20_m83f83_P20_Y4_UO3756,MXY,1,0.0,1,1,0.0,0,0,0,-9999.0,0.5,1,P82_CV0,2,2,0,1,1,0,2,0,2
20,-1503771.641,444502.6321,E20_F62_m70f70_P20_Y6_UO3275,I70_F20_m70f70_P20_Y2_UO3260,ID70_F20_m-1f-1_P83_Y-1_U19,FXX,1,0.0,1,1,1.0,0,0,0,-9999.0,0.8125,1,P82_CV0,2,2,0,0,2,0,2,0,2
20,-1503771.641,444502.6321,E20_F62_m70f70_P20_Y6_UO3284,I70_F20_m83f83_P20_Y2_UO3822,I70_F20_m70f70_P20_Y3_UO3179,MXY,1,0.0,1,1,0.0,0,0,0,-9999.0,0.6875,1,P82_CV0,2,1,1,2,0,0,2,0,2
20,-1503771.641,444502.6321,E20_F62_m70f70_P20_Y6_UO3290,I70_F20_m83f83_P20_Y1_UO3555,I70_F20_m70f70_P20_Y3_UO3198,MXY,1,0.0,1,1,0.0,0,0,0,-9999.0,0.875,1,P82_CV0,2,1,1,1,1,0,2,0,2
20,-1503771.641,444502.6321,E20_F62_m70f70_P20_Y6_UO3291,I70_F20_m83f83_P20_Y1_UO3600,I70_F20_m-1f-1_P83_Y-1_U184,FXX,1,0.0,1,1,1.0,0,0,0,-9999.0,0.25,1,P82_CV0,2,0,2,0,2,0,2,0,2
20,-1503771.641,444502.6321,E20_F62_m70f70_P20_Y6_UO3301,I70_F20_m83f83_P20_Y0_UO4092,I70_F20_m70f70_P20_Y2_UO3245,MXY,1,0.0,1,1,0.0,0,0,0,-9999.0,0.5,1,P82_CV0,2,1,1,0,2,0,2,0,2
20,-1503771.641,444502.6321,E20_F62_m70f70_P20_Y6_UO3309,I70_F20_m-1f-1_P83_Y-1_U36,ID70_F20_m-1f-1_P70_Y-1_U14,MXY,1,0.0,1,1,0.0,0,0,0,-9999.0,0.75,1,P82_CV0,2,2,0,0,2,0,2,0,2
20,-1503771.641,444502.6321,E20_F62_m70f70_P20_Y6_UO3317,ID70_F20_m-1f-1_P83_Y-1_U72,I70_F20_m62f62_P20_Y4_UO2911,MXY,1,0.0,1,1,0.0,0,0,0,-9999.0,0.8125,1,P82_CV0,2,2,0,1,1,0,2,0,2
20,-1503771.641,444502.6321,E20_F62_m70f70_P20_Y6_UO3321,I70_F20_m-1f-1_P70_Y-1_U13,I70_F20_m83f83_P20_Y3_UO3780,FXX,1,0.0,1,1,1.0,0,0,0,-9999.0,1.0,1,P82_CV0,2,2,0,1,1,0,2,0,2
20,-1503771.641,444502.6321,E20_F62_m70f70_P20_Y6_UO3324,I70_F20_m-1f-1_P83_Y-1_U126,I70_F20_m62f62_P20_Y3_UO2944,FXX,1,0.0,1,1,1.0,0,0,0,-9999.0,0.5,1,P82_CV0,2,1,1,1,1,0,2,0,2
20,-1503771.641,444502.6321,E20_F62_m70f70_P20_Y6_UO3326,ID70_F20_m-1f-1_P83_Y-1_U92,ID70_F20_m-1f-1_P70_Y-1_U224,FXX,1,0.0,1,1,1.0,0,0,0,-9999.0,0.25,1,P82_CV0,2,0,2,2,0,0,2,0,2
20,-1503771.641,444502.6321,E20_F62_m70f70_P20_Y6_UO3327,I70_F20_m-1f-1_P83_Y-1_U173,I70_F20_m83f83_P20_Y4_UO3791,FXX,1,0.0,1,1,1.0,0,0,0,-9999.0,0.875,1,P82_CV0,2,1,1,0,2,0,2,0,2
20,-1503771.641,444502.6321,E20_F62_m83f83_P20_Y6_UO3822,I83_F20_m62f62_P20_Y2_UO2944,ID83_F20_m70f70_P20_Y3_UO3231,MXY,1,0.0,1,1,0.0,0,0,0,-9999.0,0.5,1,P82_CV0,2,0,2,0,2,0,2,0,2
20,-1503771.641,444502.6321,E20_F62_m83f83_P20_Y6_UO3827,I83_F20_m62f62_P20_Y1_UO2843,I83_F20_m-1f-1_P83_Y-1_U21,MXY,1,0.0,1,1,0.0,0,0,0,-9999.0,0.625,1,P82_CV0,2,1,1,2,0,0,2,0,2
20,-1503771.641,444502.6321,E20_F62_m83f83_P20_Y6_UO3829,I83_F20_m70f70_P20_Y0_UO3468,I83_F20_m-1f-1_P83_Y-1_U79,MXY,1,0.0,1,1,0.0,0,0,0,-9999.0,0.625,1,P82_CV0,2,1,1,2,0,0,2,0,2
20,-1503771.641,444502.6321,E20_F62_m83f83_P20_Y6_UO3831,ID83_F20_m83f83_P20_Y0_UO4068,ID83_F20_m-1f-1_P83_Y-1_U44,FXX,1,0.0,1,1,1.0,0,0,0,-9999.0,0.625,1,P82_CV0,2,1,1,1,1,0,2,0,2
20,-1503771.641,444502.6321,E20_F62_m83f83_P20_Y6_UO3835,I83_F20_m-1f-1_P83_Y-1_U199,ID83_F20_m62f62_P20_Y4_UO2896,FXX,1,0.0,1,1,1.0,0,0,0,-9999.0,0.6875,1,P82_CV0,2,1,1,0,2,0,2,0,2
20,-1503771.641,444502.6321,E20_F62_m83f83_P20_Y6_UO3838,I83_F20_m-1f-1_P83_Y-1_U88,I83_F20_m-1f-1_P83_Y-1_U69,MXY,1,0.0,1,1,0.0,0,0,0,-9999.0,0.75,1,P82_CV0,2,1,1,1,1,0,2,0,2
20,-1503771.641,444502.6321,E20_F62_m83f83_P20_Y6_UO3839,I83_F20_m-1f-1_P83_Y-1_U31,ID83_F20_m83f83_P20_Y2_UO3755,MXY,1,0.0,1,1,0.0,0,0,0,-9999.0,0.6875,1,P82_CV0,2,1,1,1,1,0,2,0,2
20,-1503771.641,444502.6321,E20_F62_m83f83_P20_Y6_UO3840,I83_F20_m-1f-1_P83_Y-1_U138,I83_F20_m-1f-1_P83_Y-1_U204,FXX,1,0.0,1,1,1.0,0,0,0,-9999.0,0.25,1,P82_CV0,2,1,1,1,1,0,2,0,2
20,-1503771.641,444502.6321,E20_F62_m83f83_P20_Y6_UO3842,I83_F20_m-1f-1_P83_Y-1_U198,I83_F20_m-1f-1_P83_Y-1_U14,FXX,1,0.0,1,1,1.0,0,0,0,-9999.0,0.75,1,P82_CV0,2,2,0,0,2,0,2,0,2
20,-1503771.641,444502.6321,E20_F62_m83f83_P20_Y6_UO3845,I83_F20_m-1f-1_P70_Y-1_U186,I83_F20_m-1f-1_P83_Y-1_U134,FXX,1,0.0,1,1,1.0,0,0,0,-9999.0,0.25,1,P82_CV0,2,0,2,2,0,0,2,0,2
20,-1503771.641,444502.6321,E20_F62_m83f83_P20_Y6_UO3849,I83_F20_m-1f-1_P83_Y-1_U40,I83_F20_m-1f-1_P83_Y-1_U182,MXY,1,0.0,1,1,0.0,0,0,0,-9999.0,0.25,1,P82_CV0,2,1,1,1,1,0,2,0,2
20,-1503771.641,444502.6321,E20_F62_m83f83_P20_Y6_UO3853,I83_F20_m-1f-1_P83_Y-1_U15,I83_F20_m-1f-1_P83_Y-1_U3,FXX,1,0.0,1,1,1.0,0,0,0,-9999.0,0.25,1,P82_CV0,2,0,2,1,1,0,2,0,2
20,-1503771.641,444502.6321,E20_F62_m83f83_P20_Y6_UO3855,I83_F20_m-1f-1_P83_Y-1_U55,I83_F20_m-1f-1_P83_Y-1_U21,FXX,1,0.0,1,1,1.0,0,0,0,-9999.0,0.25,1,P82_CV0,2,1,1,2,0,0,2,0,2
20,-1503771.641,444502.6321,E20_F62_m83f83_P20_Y6_UO3858,I83_F20_m-1f-1_P83_Y-1_U26,I83_F20_m-1f-1_P83_Y-1_U79,FXX,1,0.0,1,1,1.0,0,0,0,-9999.0,0.75,1,P82_CV0,2,1,1,1,1,0,2,0,2
20,-1503771.641,444502.6321,E20_F62_m83f83_P20_Y6_UO3861,ID83_F20_m-1f-1_P83_Y-1_U131,I83_F20_m-1f-1_P83_Y-1_U182,FXX,1,0.0,1,1,1.0,0,0,0,-9999.0,0.25,1,P82_CV0,2,0,2,1,1,0,2,0,2
20,-1503771.641,444502.6321,E20_F62_m83f83_P20_Y6_UO3862,I83_F20_m-1f-1_P83_Y-1_U80,I83_F20_m62f62_P20_Y1_UO2785,MXY,1,0.0,1,1,0.0,0,0,0,-9999.0,0.5,1,P82_CV0,2,1,1,1,1,0,2,0,2
20,-1503771.641,444502.6321,E20_F62_m83f83_P20_Y6_UO3865,I83_F20_m-1f-1_P83_Y-1_U133,I83_F20_m-1f-1_P83_Y-1_U21,FXX,1,0.0,1,1,1.0,0,0,0,-9999.0,0.75,1,P82_CV0,2,2,0,2,0,0,2,0,2
20,-1503771.641,444502.6321,E20_F62_m83f83_P20_Y6_UO3866,I83_F20_m-1f-1_P83_Y-1_U106,I83_F20_m-1f-1_P83_Y-1_U95,MXY,1,0.0,1,1,0.0,0,0,0,-9999.0,0.75,1,P82_CV0,2,1,1,1,1,0,2,0,2
20,-1503771.641,444502.6321,E20_F70_m62f62_P20_Y6_UO2869,I62_F20_m83f83_P20_Y4_UO3765,I62_F20_m62f62_P20_Y2_UO2920,MXY,1,0.0,1,1,0.0,0,0,0,-9999.0,0.9375,1,P82_CV0,2,2,0,2,0,0,2,0,2
20,-1503771.641,444502.6321,E20_F70_m62f62_P20_Y6_UO2879,I62_F20_m83f83_P20_Y4_UO3775,ID62_F20_m62f62_P20_Y4_UO2939,FXX,1,0.0,1,1,1.0,0,0,0,-9999.0,0.40625,1,P82_CV0,2,1,1,2,0,0,2,0,2
20,-1503771.641,444502.6321,E20_F70_m62f62_P20_Y6_UO2887,I62_F26_m83f83_P20_Y4_UO3787,ID62_F20_m83f83_P20_Y4_UO3777,FXX,1,0.0,1,1,1.0,0,0,0,-9999.0,1.0,1,P82_CV0,2,2,0,0,2,0,2,0,2
20,-1503771.641,444502.6321,E20_F70_m62f62_P20_Y6_UO2899,I62_F20_m62f62_P20_Y4_UO2873,ID62_F20_m70f70_P20_Y4_UO3196,FXX,1,0.0,1,1,1.0,0,0,0,-9999.0,0.65625,1,P82_CV0,2,2,0,0,2,0,2,0,2
20,-1503771.641,444502.6321,E20_F70_m62f62_P20_Y6_UO2900,ID62_F20_m83f83_P20_Y4_UO3797,I62_F20_m-1f-1_P62_Y-1_U139,MXY,1,0.0,1,1,0.0,0,0,0,-9999.0,0.75,1,P82_CV0,2,1,1,1,1,0,2,0,2
20,-1503771.641,444502.6321,E20_F70_m62f62_P20_Y6_UO2905,I62_F20_m83f83_P20_Y4_UO3799,ID62_F20_m70f70_P20_Y4_UO3196,MXY,1,0.0,1,1,0.0,0,0,0,-9999.0,0.59375,1,P82_CV0,2,2,0,0,2,0,2,0,2
20,-1503771.641,444502.6321,E20_F70_m62f62_P20_Y6_UO2909,I62_F20_m83f83_P20_Y3_UO3798,ID62_F20_m83f83_P20_Y0_UO4096,MXY,1,0.0,1,1,0.0,0,0,0,-9999.0,0.375,1,P82_CV0,2,1,1,1,1,0,2,0,2
20,-1503771.641,444502.6321,E20_F70_m62f62_P20_Y6_UO2913,I62_F20_m83f83_P20_Y3_UO3781,I62_F20_m83f83_P20_Y0_UO4038,FXX,1,0.0,1,1,1.0,0,0,0,-9999.0,0.75,1,P82_CV0,2,2,0,1,1,0,2,0,2
20,-1503771.641,444502.6321,E20_F70_m62f62_P20_Y6_UO2915,I62_F26_m62f62_P20_Y3_UO2878,I62_F26_m83f83_P20_Y2_UO3767,FXX,1,0.0,1,1,1.0,0,0,0,-9999.0,0.8125,1,P82_CV0,2,1,1,2,0,0,2,0,2
20,-1503771.641,444502.6321,E20_F70_m62f62_P20_Y6_UO2941,I62_F20_m83f83_P20_Y3_UO3779,ID62_F20_m70f70_P20_Y0_UO3509,FXX,1,0.0,1,1,1.0,0,0,0,-9999.0,0.75,1,P82_CV0,2,2,0,1,1,0,2,0,2
20,-1503771.641,444502.6321,E20_F70_m62f62_P20_Y6_UO2943,I62_F20_m83f83_P20_Y2_UO3824,I62_F20_m62f62_P20_Y3_UO2884,MXY,1,0.0,1,1,0.0,0,0,0,-9999.0,0.8125,1,P82_CV0,2,2,0,2,0,0,2,0,2
20,-1503771.641,444502.6321,E20_F70_m62f62_P20_Y6_UO2944,I62_F20_m62f62_P20_Y2_UO2905,ID62_F20_m70f70_P20_Y3_UO3187,FXX,1,0.0,1,1,1.0,0,0,0,-9999.0,0.25,1,P82_CV0,2,0,2,0,2,0,2,0,2
20,-1503771.641,444502.6321,E20_F70_m62f62_P20_Y6_UO2950,I62_F20_m62f62_P20_Y2_UO2975,I62_F20_m70f70_P20_Y4_UO3220,MXY,1,0.0,1,1,0.0,0,0,0,-9999.0,0.5,1,P82_CV0,2,1,1,1,1,0,2,0,2
20,-1503771.641,444502.6321,E20_F70_m62f62_P20_Y6_UO2959,I62_F20_m83f83_P20_Y1_UO3626,ID62_F20_m-1f-1_P62_Y-1_U49,MXY,1,0.0,1,1,0.0,0,0,0,-9999.0,0.375,1,P82_CV0,2,2,0,0,2,0,2,0,2
20,-1503771.641,444502.6321,E20_F70_m62f62_P20_Y6_UO2962,I62_F20_m83f83_P20_Y1_UO3598,I62_F20_m70f70_P20_Y3_UO3181,MXY,1,0.0,1,1,0.0,0,0,0,-9999.0,0.1875,1,P82_CV0,2,0,2,1,1,0,2,0,2
20,-1503771.641,444502.6321,E20_F70_m62f62_P20_Y6_UO2994,I62_F20_m-1f-1_P62_Y-1_U229,ID62_F20_m70f70_P20_Y4_UO3184,MXY,1,0.0,1,1,0.0,0,0,0,-9999.0,0.1875,1,P82_CV0,2,0,2,2,0,0,2,0,2
20,-1503771.641,444502.6321,E20_F70_m62f62_P20_Y6_UO2999,ID62_F20_m-1f-1_P62_Y-1_U153,I62_F26_m83f83_P20_Y4_UO3782,FXX,1,0.0,1,1,1.0,0,0,0,-9999.0,0.75,1,P82_CV0,2,2,0,1,1,0,2,0,2
20,-1503771.641,444502.6321,E20_F70_m70f70_P20_Y6_UO3225,I70_F20_m70f70_P20_Y4_UO3241,I70_F20_m62f62_P20_Y4_UO2911,FXX,1,0.0,1,1,1.0,0,0,0,-9999.0,0.4375,1,P82_CV0,2,1,1,0,2,0,2,0,2
20,-1503771.641,444502.6321,E20_F70_m70f70_P20_Y6_UO3226,ID70_F20_m70f70_P20_Y4_UO3216,I70_F20_m83f83_P20_Y4_UO3756,FXX,1,0.0,1,1,1.0,0,0,0,-9999.0,0.1875,1,P82_CV0,2,1,1,1,1,0,2,0,2
20,-1503771.641,444502.6321,E20_F70_m70f70_P20_Y6_UO3229,ID70_F20_m70f70_P20_Y4_UO3257,I70_F20_m83f83_P20_Y0_UO4072,FXX,1,0.0,1,1,1.0,0,0,0,-9999.0,0.875,1,P82_CV0,2,2,0,0,2,0,2,0,2
20,-1503771.641,444502.6321,E20_F70_m70f70_P20_Y6_UO3234,I70_F20_m83f83_P20_Y4_UO3783,I70_F20_m70f70_P20_Y4_UO3240,MXY,1,0.0,1,1,0.0,0,0,0,-9999.0,0.34375,1,P82_CV0,2,2,0,2,0,0,2,0,2
20,-1503771.641,444502.6321,E20_F70_m70f70_P20_Y6_UO3238,I70_F20_m70f70_P20_Y4_UO3170,I70_F20_m83f83_P20_Y0_UO4072,FXX,1,0.0,1,1,1.0,0,0,0,-9999.0,0.75,1,P82_CV0,2,2,0,0,2,0,2,0,2
20,-1503771.641,444502.6321,E20_F70_m70f70_P20_Y6_UO3239,I70_F20_m83f83_P20_Y4_UO3755,I70_F20_m70f70_P20_Y3_UO3233,MXY,1,0.0,1,1,0.0,0,0,0,-9999.0,0.6875,1,P82_CV0,2,2,0,1,1,0,2,0,2
20,-1503771.641,444502.6321,E20_F70_m70f70_P20_Y6_UO3245,ID70_F20_m83f83_P20_Y4_UO3749,I70_F20_m62f62_P20_Y0_UO3218,MXY,1,0.0,1,1,0.0,0,0,0,-9999.0,0.25,1,P82_CV0,2,1,1,2,0,0,2,0,2
20,-1503771.641,444502.6321,E20_F70_m70f70_P20_Y6_UO3247,I70_F20_m83f83_P20_Y4_UO3778,ID70_F20_m-1f-1_P70_Y-1_U59,MXY,1,0.0,1,1,0.0,0,0,0,-9999.0,0.75,1,P82_CV0,2,1,1,1,1,0,2,0,2
20,-1503771.641,444502.6321,E20_F70_m70f70_P20_Y6_UO3266,ID70_F20_m70f70_P20_Y3_UO3185,I70_F20_m70f70_P20_Y1_UO3081,MXY,1,0.0,1,1,0.0,0,0,0,-9999.0,0.5,1,P82_CV0,2,1,1,1,1,0,2,0,2
20,-1503771.641,444502.6321,E20_F70_m70f70_P20_Y6_UO3272,I70_F20_m83f83_P20_Y2_UO3784,I70_F20_m83f83_P20_Y3_UO3780,MXY,1,0.0,1,1,0.0,0,0,0,-9999.0,0.625,1,P82_CV0,2,1,1,2,0,0,2,0,2
20,-1503771.641,444502.6321,E20_F70_m70f70_P20_Y6_UO3280,ID70_F20_m83f83_P20_Y2_UO3817,ID70_F20_m-1f-1_P70_Y-1_U144,FXX,1,0.0,1,1,1.0,0,0,0,-9999.0,0.5,1,P82_CV0,2,2,0,2,0,0,2,0,2
20,-1503771.641,444502.6321,E20_F70_m70f70_P20_Y6_UO3288,ID70_F20_m83f83_P20_Y1_UO3621,I70_F20_m-1f-1_P83_Y-1_U224,MXY,1,0.0,1,1,0.0,0,0,0,-9999.0,0.75,1,P82_CV0,2,2,0,1,1,0,2,0,2
20,-1503771.641,444502.6321,E20_F70_m70f70_P20_Y6_UO3289,ID70_F20_m83f83_P20_Y1_UO3609,I70_F20_m70f70_P20_Y2_UO3233,MXY,1,0.0,1,1,0.0,0,0,0,-9999.0,0.75,1,P82_CV0,2,2,0,0,2,0,2,0,2
20,-1503771.641,444502.6321,E20_F70_m70f70_P20_Y6_UO3306,I70_F20_m-1f-1_P70_Y-1_U65,I70_F20_m83f83_P20_Y0_UO4072,FXX,1,0.0,1,1,1.0,0,0,0,-9999.0,0.75,1,P82_CV0,2,2,0,0,2,0,2,0,2
20,-1503771.641,444502.6321,E20_F70_m83f83_P20_Y6_UO3821,I83_F20_m62f62_P20_Y3_UO2931,I83_F20_m-1f-1_P83_Y-1_U61,MXY,1,0.0,1,1,0.0,0,0,0,-9999.0,0.875,1,P82_CV0,2,1,1,1,1,0,2,0,2
20,-1503771.641,444502.6321,E20_F70_m83f83_P20_Y6_UO3824,I83_F20_m83f83_P20_Y2_UO3799,I83_F20_m-1f-1_P83_Y-1_U79,FXX,1,0.0,1,1,1.0,0,0,0,-9999.0,1.0,1,P82_CV0,2,2,0,1,1,0,2,0,2
20,-1503771.641,444502.6321,E20_F70_m83f83_P20_Y6_UO3828,I83_F20_m62f62_P20_Y1_UO2825,I83_F20_m-1f-1_P83_Y-1_U110,MXY,1,0.0,1,1,0.0,0,0,0,-9999.0,0.75,1,P82_CV0,2,1,1,2,0,0,2,0,2
20,-1503771.641,444502.6321,E20_F70_m83f83_P20_Y6_UO3830,I83_F20_m83f83_P20_Y0_UO4066,I83_F20_m-1f-1_P70_Y-1_U115,FXX,1,0.0,1,1,1.0,0,0,0,-9999.0,0.5,1,P82_CV0,2,1,1,2,0,0,2,0,2
20,-1503771.641,444502.6321,E20_F70_m83f83_P20_Y6_UO3832,I83_F20_m83f83_P20_Y0_UO4020,ID83_F20_m62f62_P20_Y0_UO3142,FXX,1,0.0,1,1,1.0,0,0,0,-9999.0,0.5,1,P82_CV0,2,1,1,0,2,0,2,0,2
20,-1503771.641,444502.6321,E20_F70_m83f83_P20_Y6_UO3836,I83_F20_m-1f-1_P83_Y-1_U229,I83_F20_m62f62_P20_Y0_UO3217,MXY,1,0.0,1,1,0.0,0,0,0,-9999.0,0.5,1,P82_CV0,2,1,1,1,1,0,2,0,2
20,-1503771.641,444502.6321,E20_F70_m83f83_P20_Y6_UO3837,I83_F20_m-1f-1_P83_Y-1_U42,I83_F20_m-1f-1_P83_Y-1_U115,MXY,1,0.0,1,1,0.0,0,0,0,-9999.0,0.5,1,P82_CV0,2,1,1,1,1,0,2,0,2
20,-1503771.641,444502.6321,E20_F70_m83f83_P20_Y6_UO3841,I83_F20_m-1f-1_P70_Y-1_U129,I83_F20_m-1f-1_P83_Y-1_U137,MXY,1,0.0,1,1,0.0,0,0,0,-9999.0,0.5,1,P82_CV0,2,0,2,2,0,0,2,0,2
20,-1503771.641,444502.6321,E20_F70_m83f83_P20_Y6_UO3843,ID83_F20_m-1f-1_P70_Y-1_U165,ID83_F20_m-1f-1_P83_Y-1_U44,FXX,1,0.0,1,1,1.0,0,0,0,-9999.0,0.75,1,P82_CV0,2,1,1,0,2,0,2,0,2
20,-1503771.641,444502.6321,E20_F70_m83f83_P20_Y6_UO3844,I83_F20_m-1f-1_P70_Y-1_U16,I83_F20_m-1f-1_P83_Y-1_U79,FXX,1,0.0,1,1,1.0,0,0,0,-9999.0,0.5,1,P82_CV0,2,1,1,0,2,0,2,0,2
20,-1503771.641,444502.6321,E20_F70_m83f83_P20_Y6_UO3848,I83_F20_m-1f-1_P83_Y-1_U67,I83_F20_m-1f-1_P70_Y-1_U78,MXY,1,0.0,1,1,0.0,0,0,0,-9999.0,0.75,1,P82_CV0,2,2,0,0,2,0,2,0,2
20,-1503771.641,444502.6321,E20_F70_m83f83_P20_Y6_UO3850,I83_F20_m-1f-1_P83_Y-1_U222,I83_F20_m-1f-1_P83_Y-1_U115,FXX,1,0.0,1,1,1.0,0,0,0,-9999.0,1.0,1,P82_CV0,2,2,0,2,0,0,2,0,2
20,-1503771.641,444502.6321,E20_F70_m83f83_P20_Y6_UO3854,I83_F20_m-1f-1_P83_Y-1_U85,I83_F20_m-1f-1_P83_Y-1_U83,MXY,1,0.0,1,1,0.0,0,0,0,-9999.0,0.75,1,P82_CV0,2,1,1,1,1,0,2,0,2
20,-1503771.641,444502.6321,E20_F70_m83f83_P20_Y6_UO3859,I83_F20_m-1f-1_P83_Y-1_U60,I83_F20_m62f62_P20_Y1_UO2785,MXY,1,0.0,1,1,0.0,0,0,0,-9999.0,0.5,1,P82_CV0,2,0,2,2,0,0,2,0,2
20,-1503771.641,444502.6321,E20_F83_m70f70_P20_Y6_UO3253,ID70_F20_m83f83_P20_Y3_UO3749,I70_F20_m-1f-1_P70_Y-1_U157,FXX,1,0.0,1,1,1.0,0,0,0,-9999.0,0.5,1,P82_CV0,2,0,2,1,1,0,2,0,2
20,-1503771.641,444502.6321,E20_F83_m70f70_P20_Y6_UO3323,ID70_F20_m-1f-1_P70_Y-1_U139,I70_F20_m83f83_P20_Y4_UO3791,FXX,1,0.0,1,1,1.0,0,0,0,-9999.0,0.375,1,P82_CV0,2,1,1,1,1,0,2,0,2
20,-1503771.641,444502.6321,E20_F62_m70f70_P20_Y5_UO3235,I70_F20_m83f83_P20_Y2_UO3817,I70_F20_m62f62_P20_Y3_UO2944,FXX,2,0.0,1,0,1.0,0,0,0,-9999.0,0.25,1,P82_CV0,2,0,2,2,0,0,2,0,2
20,-1503771.641,444502.6321,E20_F62_m83f83_P20_Y5_UO3790,ID83_F20_m-1f-1_P83_Y-1_U199,ID83_F20_m83f83_P20_Y3_UO3778,MXY,2,0.0,1,0,0.0,0,0,0,-9999.0,0.75,1,P82_CV0,2,2,0,1,1,0,2,0,2
20,-1503771.641,444502.6321,E20_F62_m83f83_P20_Y5_UO3802,ID83_F20_m-1f-1_P83_Y-1_U93,I83_F20_m-1f-1_P83_Y-1_U207,MXY,2,0.0,1,0,0.0,0,0,0,-9999.0,0.5,1,P82_CV0,2,1,1,1,1,0,2,0,2
20,-1503771.641,444502.6321,E20_F62_m62f62_P20_Y5_UO2949,I62_F20_m-1f-1_P62_Y-1_U151,ID62_F20_m83f83_P20_Y1_UO3566,MXY,2,0.0,1,0,0.0,0,0,0,-9999.0,0.5,1,P82_CV0,2,1,1,1,1,0,2,0,2
20,-1503771.641,444502.6321,E20_F62_m62f62_P26_Y5_UO2904,ID62_F20_m70f70_P20_Y2_UO3225,I62_F20_m83f83_P20_Y0_UO4038,MXY,2,0.0,1,0,0.0,0,0,0,-9999.0,0.625,1,P82_CV0,2,2,0,1,1,0,2,0,2
20,-1503771.641,444502.6321,E20_F62_m70f70_P20_Y5_UO3221,I70_F20_m83f83_P20_Y2_UO3784,I70_F20_m-1f-1_P83_Y-1_U224,FXX,2,0.0,1,0,1.0,0,0,0,-9999.0,0.625,1,P82_CV0,2,1,1,1,1,0,2,0,2
20,-1503771.641,444502.6321,E20_F62_m62f62_P20_Y5_UO2962,I62_F20_m-1f-1_P62_Y-1_U32,ID62_F20_m83f83_P20_Y1_UO3590,MXY,2,0.0,1,0,0.0,0,0,0,-9999.0,0.5,1,P82_CV0,2,1,1,2,0,0,2,0,2
20,-1503771.641,444502.6321,E20_F62_m83f83_P20_Y5_UO3821,I83_F20_m-1f-1_P83_Y-1_U206,ID83_F20_m70f70_P20_Y1_UO3061,FXX,2,0.0,1,0,1.0,0,0,0,-9999.0,0.75,1,P82_CV0,2,1,1,1,1,0,2,0,2
20,-1503771.641,444502.6321,E20_F62_m62f62_P20_Y5_UO2911,I62_F20_m62f62_P20_Y2_UO2891,I62_F20_m62f62_P26_Y3_UO2883,FXX,2,0.0,1,0,1.0,0,0,0,-9999.0,0.4375,1,P82_CV0,2,1,1,1,1,0,2,0,2
20,-1503771.641,444502.6321,E20_F62_m70f70_P20_Y5_UO3255,ID70_F20_m83f83_P20_Y0_UO4110,I70_F20_m-1f-1_P70_Y-1_U2,FXX,2,0.0,1,0,1.0,0,0,0,-9999.0,0.25,1,P82_CV0,2,0,2,1,1,0,2,0,2
20,-1503771.641,444502.6321,E20_F62_m62f62_P20_Y5_UO2931,I62_F20_m83f83_P20_Y1_UO3598,I62_F20_m83f83_P20_Y0_UO4042,FXX,2,0.0,1,0,1.0,0,0,0,-9999.0,0.5,1,P82_CV0,2,1,1,0,2,0,2,0,2
20,-1503771.641,444502.6321,E20_F62_m70f70_P20_Y5_UO3223,ID70_F20_m62f62_P20_Y2_UO2973,I70_F20_m83f83_P20_Y1_UO3573,FXX,2,0.0,1,0,1.0,0,0,0,-9999.0,0.375,1,P82_CV0,2,1,1,2,0,0,2,0,2
20,-1503771.641,444502.6321,E20_F62_m70f70_P20_Y5_UO3275,I70_F20_m-1f-1_P70_Y-1_U83,I70_F20_m70f70_P20_Y3_UO3184,FXX,2,0.0,1,0,1.0,0,0,0,-9999.0,0.25,1,P82_CV0,2,0,2,1,1,0,2,0,2
20,-1503771.641,444502.6321,E20_F62_m70f70_P20_Y5_UO3214,I70_F20_m62f62_P20_Y3_UO2922,ID70_F20_m62f62_P20_Y2_UO2911,MXY,2,0.0,1,0,0.0,0,0,0,-9999.0,0.6875,1,P82_CV0,2,2,0,1,1,0,2,0,2
20,-1503771.641,444502.6321,E20_F62_m62f62_P20_Y5_UO2886,I62_F20_m62f62_P20_Y3_UO2935,ID62_F20_m83f83_P20_Y3_UO3786,FXX,2,0.0,1,0,1.0,0,0,0,-9999.0,0.625,1,P82_CV0,2,2,0,1,1,0,2,0,2
20,-1503771.641,444502.6321,E20_F62_m83f83_P20_Y5_UO3818,I83_F20_m-1f-1_P70_Y-1_U242,I83_F20_m83f83_P20_Y2_UO3821,MXY,2,0.0,1,0,0.0,0,0,0,-9999.0,0.625,1,P82_CV0,2,1,1,2,0,0,2,0,2
20,-1503771.641,444502.6321,E20_F62_m62f62_P20_Y5_UO2932,I62_F20_m83f83_P20_Y1_UO3594,I62_F20_m-1f-1_P62_Y-1_U240,FXX,2,0.0,1,0,1.0,0,0,0,-9999.0,0.25,1,P82_CV0,2,1,1,1,1,0,2,0,2
20,-1503771.641,444502.6321,E20_F62_m70f70_P20_Y5_UO3205,I70_F20_m83f83_P20_Y3_UO3783,I70_F20_m83f83_P20_Y3_UO3799,FXX,2,0.0,1,0,1.0,0,0,0,-9999.0,0.5,1,P82_CV0,2,1,1,2,0,0,2,0,2
20,-1503771.641,444502.6321,E20_F62_m70f70_P20_Y5_UO3210,I70_F20_m83f83_P20_Y3_UO3785,I70_F20_m70f70_P20_Y3_UO3179,FXX,2,0.0,1,0,1.0,0,0,0,-9999.0,0.5625,1,P82_CV0,2,2,0,2,0,0,2,0,2
20,-1503771.641,444502.6321,E20_F62_m62f62_P20_Y5_UO2942,ID62_F20_m83f83_P20_Y0_UO4019,I62_F20_m83f83_P20_Y1_UO3599,FXX,2,0.0,1,0,1.0,0,0,0,-9999.0,0.375,1,P82_CV0,2,0,2,0,2,0,2,0,2
20,-1503771.641,444502.6321,E20_F62_m83f83_P20_Y5_UO3812,ID83_F20_m-1f-1_P70_Y-1_U232,I83_F20_m-1f-1_P83_Y-1_U200,FXX,2,0.0,1,0,1.0,0,0,0,-9999.0,0.0,1,P82_CV0,2,0,2,2,0,0,2,0,2
20,-1503771.641,444502.6321,E20_F62_m62f62_P20_Y5_UO2954,I62_F20_m-1f-1_P62_Y-1_U216,I62_F20_m83f83_P20_Y0_UO4033,FXX,2,0.0,1,0,1.0,0,0,0,-9999.0,0.75,1,P82_CV0,2,2,0,1,1,0,2,0,2
20,-1503771.641,444502.6321,E20_F62_m83f83_P20_Y5_UO3811,I83_F20_m-1f-1_P83_Y-1_U15,I83_F20_m-1f-1_P70_Y-1_U57,MXY,2,0.0,1,0,0.0,0,0,0,-9999.0,0.25,1,P82_CV0,2,0,2,1,1,0,2,0,2
20,-1503771.641,444502.6321,E20_F62_m62f62_P20_Y5_UO2895,ID62_F20_m83f83_P20_Y3_UO3787,ID62_F20_m83f83_P20_Y1_UO3590,MXY,2,0.0,1,0,0.0,0,0,0,-9999.0,0.625,1,P82_CV0,2,1,1,1,1,0,2,0,2
20,-1503771.641,444502.6321,E20_F62_m62f62_P20_Y5_UO2865,I62_F20_m62f62_P20_Y3_UO2892,I62_F20_m-1f-1_P62_Y-1_U240,MXY,2,0.0,1,0,0.0,0,0,0,-9999.0,0.25,1,P82_CV0,2,0,2,1,1,0,2,0,2
20,-1503771.641,444502.6321,E20_F62_m62f62_P20_Y5_UO2889,I62_F20_m62f62_P20_Y3_UO2914,I62_F20_m83f83_P20_Y0_UO4096,MXY,2,0.0,1,0,0.0,0,0,0,-9999.0,0.5,1,P82_CV0,2,2,0,0,2,0,2,0,2
20,-1503771.641,444502.6321,E20_F70_m62f62_P20_Y5_UO2953,I62_F20_m-1f-1_P62_Y-1_U199,I62_F20_m83f83_P20_Y3_UO3752,MXY,2,0.0,1,0,0.0,0,0,0,-9999.0,0.625,1,P82_CV0,2,2,0,1,1,0,2,0,2
20,-1503771.641,444502.6321,E20_F70_m83f83_P20_Y5_UO3775,I83_F20_m62f62_P20_Y2_UO2944,I83_F20_m-1f-1_P83_Y-1_U14,FXX,2,0.0,1,0,1.0,0,0,0,-9999.0,0.75,1,P82_CV0,2,1,1,0,2,0,2,0,2
20,-1503771.641,444502.6321,E20_F70_m70f70_P20_Y5_UO3240,I70_F20_m70f70_P20_Y2_UO3254,I70_F20_m70f70_P20_Y3_UO3233,MXY,2,0.0,1,0,0.0,0,0,0,-9999.0,0.5625,1,P82_CV0,2,2,0,2,0,0,2,0,2
20,-1503771.641,444502.6321,E20_F70_m70f70_P20_Y5_UO3202,I70_F20_m70f70_P20_Y3_UO3185,ID70_F20_m-1f-1_P83_Y-1_U11,MXY,2,0.0,1,0,0.0,0,0,0,-9999.0,0.625,1,P82_CV0,2,1,1,1,1,0,2,0,2
20,-1503771.641,444502.6321,E20_F70_m70f70_P20_Y5_UO3269,I70_F20_m-1f-1_P83_Y-1_U36,I70_F20_m62f62_P20_Y2_UO2894,MXY,2,0.0,1,0,0.0,0,0,0,-9999.0,0.75,1,P82_CV0,2,2,0,2,0,0,2,0,2
20,-1503771.641,444502.6321,E20_F70_m70f70_P20_Y5_UO3282,I70_F20_m-1f-1_P70_Y-1_U143,ID70_F20_m-1f-1_P83_Y-1_U11,MXY,2,0.0,1,0,0.0,0,0,0,-9999.0,0.5,1,P82_CV0,2,1,1,1,1,0,2,0,2
20,-1503771.641,444502.6321,E20_F70_m83f83_P20_Y5_UO3773,ID83_F20_m62f62_P20_Y3_UO2959,I83_F20_m-1f-1_P83_Y-1_U58,FXX,2,0.0,1,0,1.0,0,0,0,-9999.0,0.4375,1,P82_CV0,2,1,1,2,0,0,2,0,2
20,-1503771.641,444502.6321,E20_F70_m62f62_P20_Y5_UO2898,ID62_F20_m70f70_P20_Y3_UO3180,I62_F20_m62f62_P20_Y2_UO2920,MXY,2,0.0,1,0,0.0,0,0,0,-9999.0,0.75,1,P82_CV0,2,2,0,2,0,0,2,0,2
20,-1503771.641,444502.6321,E20_F70_m70f70_P20_Y5_UO3198,I70_F20_m62f62_P20_Y3_UO2879,I70_F20_m70f70_P20_Y0_UO3510,MXY,2,0.0,1,0,0.0,0,0,0,-9999.0,0.375,1,P82_CV0,2,1,1,1,1,0,2,0,2
20,-1503771.641,444502.6321,E20_F70_m83f83_P20_Y5_UO3824,I83_F20_m-1f-1_P83_Y-1_U152,I83_F20_m-1f-1_P83_Y-1_U58,MXY,2,0.0,1,0,0.0,0,0,0,-9999.0,0.25,1,P82_CV0,2,0,2,1,1,0,2,0,2
20,-1503771.641,444502.6321,E20_F70_m83f83_P20_Y5_UO3774,ID83_F20_m83f83_P20_Y2_UO3811,I83_F20_m-1f-1_P83_Y-1_U62,FXX,2,0.0,1,0,1.0,0,0,0,-9999.0,0.75,1,P82_CV0,2,1,1,2,0,0,2,0,2
20,-1503771.641,444502.6321,E20_F70_m62f62_P20_Y5_UO2856,ID62_F20_m83f83_P20_Y3_UO3779,ID62_F20_m83f83_P20_Y1_UO3566,FXX,2,0.0,1,0,1.0,0,0,0,-9999.0,0.625,1,P82_CV0,2,1,1,2,0,0,2,0,2
20,-1503771.641,444502.6321,E20_F70_m83f83_P20_Y5_UO3796,I83_F20_m-1f-1_P83_Y-1_U88,I83_F20_m-1f-1_P83_Y-1_U193,FXX,2,0.0,1,0,1.0,0,0,0,-9999.0,0.5,1,P82_CV0,2,1,1,0,2,0,2,0,2
20,-1503771.641,444502.6321,E20_F70_m70f70_P20_Y5_UO3244,I70_F20_m83f83_P20_Y1_UO3555,I70_F20_m62f62_P20_Y3_UO2912,FXX,2,0.0,1,0,1.0,0,0,0,-9999.0,0.625,1,P82_CV0,2,1,1,0,2,0,2,0,2
20,-1503771.641,444502.6321,E20_F70_m70f70_P20_Y5_UO3290,I70_F20_m-1f-1_P83_Y-1_U173,I70_F20_m62f62_P20_Y3_UO2944,MXY,2,0.0,1,0,0.0,0,0,0,-9999.0,0.5,1,P82_CV0,2,1,1,1,1,0,2,0,2
20,-1503771.641,444502.6321,E20_F70_m83f83_P20_Y5_UO3807,I83_F20_m-1f-1_P83_Y-1_U67,I83_F20_m-1f-1_P83_Y-1_U54,MXY,2,0.0,1,0,0.0,0,0,0,-9999.0,0.5,1,P82_CV0,2,1,1,0,2,0,2,0,2
20,-1503771.641,444502.6321,E20_F70_m83f83_P20_Y5_UO3825,I83_F20_m-1f-1_P83_Y-1_U106,I83_F20_m-1f-1_P83_Y-1_U193,FXX,2,0.0,1,0,1.0,0,0,0,-9999.0,0.75,1,P82_CV0,2,1,1,1,1,0,2,0,2
20,-1503771.641,444502.6321,E20_F70_m83f83_P20_Y5_UO3786,ID83_F20_m83f83_P20_Y0_UO4066,I83_F20_m-1f-1_P83_Y-1_U61,MXY,2,0.0,1,0,0.0,0,0,0,-9999.0,0.75,1,P82_CV0,2,2,0,2,0,0,2,0,2
20,-1503771.641,444502.6321,E20_F70_m83f83_P20_Y5_UO3794,ID83_F20_m-1f-1_P83_Y-1_U42,I83_F20_m-1f-1_P70_Y-1_U57,FXX,2,0.0,1,0,1.0,0,0,0,-9999.0,0.25,1,P82_CV0,2,1,1,2,0,0,2,0,2
20,-1503771.641,444502.6321,E20_F83_m62f62_P20_Y5_UO2943,I62_F20_m83f83_P20_Y0_UO4084,I62_F20_m83f83_P20_Y2_UO3819,MXY,2,0.0,1,0,0.0,0,0,0,-9999.0,0.375,1,P82_CV0,2,1,1,1,1,0,2,0,2
20,-1503771.641,444502.6321,E20_F62_m62f62_P20_Y4_UO2873,I62_F20_m70f70_P20_Y2_UO3239,I62_F20_m83f83_P20_Y2_UO3760,FXX,3,0.0,1,0,1.0,0,0,0,-9999.0,0.625,1,P82_CV0,2,2,0,1,1,0,2,0,2
20,-1503771.641,444502.6321,E20_F62_m83f83_P20_Y4_UO3784,I83_F20_m-1f-1_P83_Y-1_U55,I83_F20_m-1f-1_P83_Y-1_U19,FXX,3,0.0,1,0,1.0,0,0,0,-9999.0,0.5,1,P82_CV0,2,1,1,2,0,0,2,0,2
20,-1503771.641,444502.6321,E20_F62_m83f83_P20_Y4_UO3777,I83_F20_m-1f-1_P83_Y-1_U9,I83_F20_m-1f-1_P83_Y-1_U19,MXY,3,0.0,1,0,0.0,0,0,0,-9999.0,1.0,1,P82_CV0,2,2,0,0,2,0,2,0,2
20,-1503771.641,444502.6321,E20_F62_m83f83_P20_Y4_UO3750,I83_F20_m62f62_P20_Y1_UO2825,ID83_F20_m-1f-1_P83_Y-1_U69,FXX,3,0.0,1,0,1.0,0,0,0,-9999.0,0.75,1,P82_CV0,2,1,1,1,1,0,2,0,2
20,-1503771.641,444502.6321,E20_F62_m83f83_P20_Y4_UO3775,I83_F20_m-1f-1_P83_Y-1_U211,I83_F20_m-1f-1_P83_Y-1_U248,FXX,3,0.0,1,0,1.0,0,0,0,-9999.0,0.25,1,P82_CV0,2,1,1,2,0,0,2,0,2
20,-1503771.641,444502.6321,E20_F62_m70f70_P20_Y4_UO3169,ID70_F20_m70f70_P20_Y2_UO3244,I70_F20_m83f83_P20_Y2_UO3754,FXX,3,0.0,1,0,1.0,0,0,0,-9999.0,0.4375,1,P82_CV0,2,0,2,0,2,0,2,0,2
20,-1503771.641,444502.6321,E20_F62_m62f62_P20_Y4_UO2914,ID62_F26_m83f83_P20_Y0_UO4046,I62_F20_m70f70_P20_Y0_UO3437,MXY,3,0.0,1,0,0.0,0,0,0,-9999.0,0.375,1,P82_CV0,2,2,0,2,0,0,2,0,2
20,-1503771.641,444502.6321,E20_F62_m70f70_P20_Y4_UO3196,ID70_F20_m83f83_P20_Y1_UO3600,I70_F20_m70f70_P20_Y2_UO3273,MXY,3,0.0,1,0,0.0,0,0,0,-9999.0,0.6875,1,P82_CV0,2,1,1,1,1,0,2,0,2
20,-1503771.641,444502.6321,E20_F62_m70f70_P20_Y4_UO3259,I70_F20_m-1f-1_P70_Y-1_U45,ID70_F20_m-1f-1_P83_Y-1_U224,FXX,3,0.0,1,0,1.0,0,0,0,-9999.0,1.0,1,P82_CV0,2,2,0,1,1,0,2,0,2
20,-1503771.641,444502.6321,E20_F62_m62f62_P20_Y4_UO2882,I62_F20_m83f83_P20_Y1_UO3556,I62_F20_m-1f-1_P62_Y-1_U227,MXY,3,0.0,1,0,0.0,0,0,0,-9999.0,0.625,1,P82_CV0,2,2,0,1,1,0,2,0,2
20,-1503771.641,444502.6321,E20_F62_m83f83_P20_Y4_UO3751,ID83_F20_m83f83_P20_Y0_UO4049,I83_F20_m-1f-1_P83_Y-1_U95,FXX,3,0.0,1,0,1.0,0,0,0,-9999.0,0.5,1,P82_CV0,2,0,2,2,0,0,2,0,2
20,-1503771.641,444502.6321,E20_F62_m83f83_P20_Y4_UO3799,ID83_F20_m-1f-1_P83_Y-1_U152,I83_F20_m-1f-1_P83_Y-1_U41,FXX,3,0.0,1,0,1.0,0,0,0,-9999.0,0.5,1,P82_CV0,2,1,1,0,2,0,2,0,2
20,-1503771.641,444502.6321,E20_F62_m83f83_P20_Y4_UO3765,I83_F20_m-1f-1_P83_Y-1_U31,I83_F20_m-1f-1_P83_Y-1_U207,FXX,3,0.0,1,0,1.0,0,0,0,-9999.0,1.0,1,P82_CV0,2,2,0,1,1,0,2,0,2
20,-1503771.641,444502.6321,E20_F70_m83f83_P20_Y4_UO3778,ID83_F20_m-1f-1_P83_Y-1_U67,I83_F20_m-1f-1_P83_Y-1_U110,FXX,3,0.0,1,0,1.0,0,0,0,-9999.0,1.0,1,P82_CV0,2,2,0,0,2,0,2,0,2
20,-1503771.641,444502.6321,E20_F70_m70f70_P20_Y4_UO3203,ID70_F20_m83f83_P20_Y1_UO3619,ID70_F20_m-1f-1_P83_Y-1_U91,FXX,3,0.0,1,0,1.0,0,0,0,-9999.0,0.75,1,P82_CV0,2,2,0,2,0,0,2,0,2
20,-1503771.641,444502.6321,E20_F70_m83f83_P20_Y4_UO3767,I83_F20_m-1f-1_P70_Y-1_U16,I83_F20_m-1f-1_P83_Y-1_U193,FXX,3,0.0,1,0,1.0,0,0,0,-9999.0,0.25,1,P82_CV0,2,1,1,1,1,0,2,0,2
20,-1503771.641,444502.6321,E20_F70_m62f62_P20_Y4_UO2911,I62_F26_m83f83_P20_Y0_UO4086,I62_F20_m53f53_P26_Y2_UO2533,MXY,3,0.0,1,0,0.0,0,0,0,-9999.0,0.625,1,P82_CV0,2,2,0,0,2,0,2,0,2
20,-1503771.641,444502.6321,E20_F70_m83f83_P20_Y4_UO3783,I83_F20_m-1f-1_P83_Y-1_U15,I83_F20_m-1f-1_P83_Y-1_U137,FXX,3,0.0,1,0,1.0,0,0,0,-9999.0,0.25,1,P82_CV0,2,1,1,1,1,0,2,0,2
20,-1503771.641,444502.6321,E20_F70_m83f83_P20_Y4_UO3791,ID83_F20_m-1f-1_P83_Y-1_U131,ID83_F20_m-1f-1_P83_Y-1_U83,MXY,3,0.0,1,0,0.0,0,0,0,-9999.0,0.75,1,P82_CV0,2,1,1,1,1,0,2,0,2
20,-1503771.641,444502.6321,E20_F70_m62f62_P20_Y4_UO2919,I62_F20_m62f62_P20_Y0_UO3212,I62_F20_m83f83_P20_Y2_UO3768,FXX,3,0.0,1,0,1.0,0,0,0,-9999.0,0.25,1,P82_CV0,2,0,2,1,1,0,2,0,2
20,-1503771.641,444502.6321,E20_F70_m83f83_P20_Y4_UO3749,I83_F20_m83f83_P20_Y1_UO3621,I83_F20_m-1f-1_P83_Y-1_U84,FXX,3,0.0,1,0,1.0,0,0,0,-9999.0,0.25,1,P82_CV0,2,1,1,1,1,0,2,0,2
20,-1503771.641,444502.6321,E20_F70_m83f83_P20_Y4_UO3756,ID83_F20_m-1f-1_P83_Y-1_U120,I83_F20_m83f83_P20_Y0_UO4063,MXY,3,0.0,1,0,0.0,0,0,0,-9999.0,0.375,1,P82_CV0,2,1,1,0,2,0,2,0,2
20,-1503771.641,444502.6321,E20_F70_m62f62_P20_Y4_UO2885,I62_F20_m83f83_P20_Y1_UO3598,I62_F20_m-1f-1_P62_Y-1_U123,MXY,3,0.0,1,0,0.0,0,0,0,-9999.0,0.5,1,P82_CV0,2,1,1,0,2,0,2,0,2
20,-1503771.641,444502.6321,E20_F70_m83f83_P20_Y4_UO3796,I83_F20_m-1f-1_P83_Y-1_U80,I83_F20_m-1f-1_P83_Y-1_U110,FXX,3,0.0,1,0,1.0,0,0,0,-9999.0,0.75,1,P82_CV0,2,2,0,1,1,0,2,0,2
20,-1503771.641,444502.6321,E20_F70_m83f83_P20_Y4_UO3753,I83_F20_m83f83_P20_Y0_UO4020,ID83_F20_m-1f-1_P83_Y-1_U83,MXY,3,0.0,1,0,0.0,0,0,0,-9999.0,0.75,1,P82_CV0,2,2,0,2,0,0,2,0,2
20,-1503771.641,444502.6321,E20_F70_m83f83_P20_Y4_UO3755,I83_F20_m-1f-1_P83_Y-1_U199,I83_F20_m-1f-1_P83_Y-1_U207,FXX,3,0.0,1,0,1.0,0,0,0,-9999.0,1.0,1,P82_CV0,2,2,0,0,2,0,2,0,2
20,-1503771.641,444502.6321,E20_F83_m83f83_P20_Y4_UO3760,I83_F20_m-1f-1_P83_Y-1_U68,ID83_F20_m-1f-1_P83_Y-1_U83,MXY,3,0.0,1,0,0.0,0,0,0,-9999.0,0.75,1,P82_CV0,2,2,0,2,0,0,2,0,2
20,-1503771.641,444502.6321,E20_F62_m83f83_P20_Y3_UO3769,I83_F20_m-1f-1_P83_Y-1_U96,I83_F20_m-1f-1_P83_Y-1_U213,FXX,4,0.0,1,0,1.0,0,0,0,-9999.0,0.5,1,P82_CV0,2,1,1,2,0,0,2,0,2
20,-1503771.641,444502.6321,E20_F62_m83f83_P20_Y3_UO3770,I83_F20_m-1f-1_P83_Y-1_U172,I83_F20_m-1f-1_P83_Y-1_U12,FXX,4,0.0,1,0,1.0,0,0,0,-9999.0,0.75,1,P82_CV0,2,1,1,1,1,0,2,0,2
20,-1503771.641,444502.6321,E20_F62_m62f62_P20_Y3_UO2935,I62_F20_m-1f-1_P62_Y-1_U134,I62_F20_m83f83_P20_Y0_UO4033,FXX,4,0.0,1,0,1.0,0,0,0,-9999.0,0.5,1,P82_CV0,2,1,1,1,1,0,2,0,2
20,-1503771.641,444502.6321,E20_F62_m83f83_P20_Y3_UO3748,I83_F20_m-1f-1_P83_Y-1_U68,ID83_F20_m-1f-1_P83_Y-1_U17,FXX,4,0.0,1,0,1.0,0,0,0,-9999.0,0.25,1,P82_CV0,2,1,1,2,0,0,2,0,2
20,-1503771.641,444502.6321,E20_F62_m83f83_P20_Y3_UO3779,I83_F20_m-1f-1_P83_Y-1_U217,I83_F20_m-1f-1_P83_Y-1_U102,FXX,4,0.0,1,0,1.0,0,0,0,-9999.0,0.75,1,P82_CV0,2,2,0,1,1,0,2,0,2
20,-1503771.641,444502.6321,E20_F62_m83f83_P20_Y3_UO3798,ID83_F20_m-1f-1_P83_Y-1_U234,I83_F20_m-1f-1_P83_Y-1_U21,FXX,4,0.0,1,0,1.0,0,0,0,-9999.0,0.25,1,P82_CV0,2,0,2,1,1,0,2,0,2
20,-1503771.641,444502.6321,E20_F62_m83f83_P20_Y3_UO3787,I83_F20_m-1f-1_P83_Y-1_U126,I83_F20_m-1f-1_P83_Y-1_U136,FXX,4,0.0,1,0,1.0,0,0,0,-9999.0,0.75,1,P82_CV0,2,1,1,0,2,0,2,0,2
20,-1503771.641,444502.6321,E20_F62_m83f83_P20_Y3_UO3794,I83_F20_m-1f-1_P83_Y-1_U152,ID83_F20_m-1f-1_P83_Y-1_U110,FXX,4,0.0,1,0,1.0,0,0,0,-9999.0,0.75,1,P82_CV0,2,2,0,0,2,0,2,0,2
20,-1503771.641,444502.6321,E20_F62_m83f83_P20_Y3_UO3777,I83_F20_m-1f-1_P83_Y-1_U85,ID83_F20_m-1f-1_P83_Y-1_U50,FXX,4,0.0,1,0,1.0,0,0,0,-9999.0,0.5,1,P82_CV0,2,1,1,1,1,0,2,0,2
20,-1503771.641,444502.6321,E20_F62_m70f70_P20_Y3_UO3207,I70_F20_m83f83_P20_Y0_UO4087,I70_F20_m-1f-1_P83_Y-1_U83,FXX,4,0.0,1,0,1.0,0,0,0,-9999.0,0.5,1,P82_CV0,2,1,1,1,1,0,2,0,2
20,-1503771.641,444502.6321,E20_F62_m83f83_P20_Y3_UO3781,I83_F20_m-1f-1_P83_Y-1_U177,ID83_F20_m-1f-1_P83_Y-1_U29,FXX,4,0.0,1,0,1.0,0,0,0,-9999.0,0.75,1,P82_CV0,2,2,0,2,0,0,2,0,2
20,-1503771.641,444502.6321,E20_F62_m62f62_P20_Y3_UO2908,I62_F20_m83f83_P20_Y0_UO4053,I62_F20_m-1f-1_P62_Y-1_U89,MXY,4,0.0,1,0,0.0,0,0,0,-9999.0,0.625,1,P82_CV0,2,1,1,1,1,0,2,0,2
20,-1503771.641,444502.6321,E20_F70_m62f62_P20_Y3_UO2913,I62_F20_m83f83_P20_Y0_UO4035,ID62_F20_m-1f-1_P62_Y-1_U5,FXX,4,0.0,1,0,1.0,0,0,0,-9999.0,0.375,1,P82_CV0,2,1,1,1,1,0,2,0,2
20,-1503771.641,444502.6321,E20_F70_m83f83_P20_Y3_UO3756,I83_F20_m-1f-1_P83_Y-1_U42,I83_F20_m-1f-1_P83_Y-1_U200,MXY,4,0.0,1,0,0.0,0,0,0,-9999.0,0.0,1,P82_CV0,2,0,2,2,0,0,2,0,2
20,-1503771.641,444502.6321,E20_F70_m83f83_P20_Y3_UO3785,I83_F20_m-1f-1_P83_Y-1_U60,I83_F20_m-1f-1_P83_Y-1_U136,FXX,4,0.0,1,0,1.0,0,0,0,-9999.0,0.5,1,P82_CV0,2,2,0,1,1,0,2,0,2
20,-1503771.641,444502.6321,E20_F70_m83f83_P20_Y3_UO3780,I83_F20_m-1f-1_P83_Y-1_U72,I83_F20_m-1f-1_P83_Y-1_U115,MXY,4,0.0,1,0,0.0,0,0,0,-9999.0,1.0,1,P82_CV0,2,2,0,1,1,0,2,0,2
20,-1503771.641,444502.6321,E20_F70_m70f70_P20_Y3_UO3233,ID70_F20_m-1f-1_P70_Y-1_U194,I70_F20_m83f83_P20_Y1_UO3571,MXY,4,0.0,1,0,0.0,0,0,0,-9999.0,0.375,1,P82_CV0,2,2,0,2,0,0,2,0,2
20,-1503771.641,444502.6321,E20_F70_m62f62_P20_Y3_UO2879,I62_F20_m83f83_P20_Y1_UO3598,I62_F20_m83f83_P20_Y0_UO4061,FXX,4,0.0,1,0,1.0,0,0,0,-9999.0,0.25,1,P82_CV0,2,1,1,1,1,0,2,0,2
20,-1503771.641,444502.6321,E20_F62_m83f83_P20_Y2_UO3761,I83_F20_m-1f-1_P83_Y-1_U171,ID83_F20_m-1f-1_P70_Y-1_U7,MXY,5,0.0,1,0,0.0,0,0,0,-9999.0,0.5,1,P82_CV0,2,1,1,2,0,0,2,0,2
20,-1503771.641,444502.6321,E20_F62_m62f62_P20_Y2_UO2920,I62_F20_m83f83_P20_Y0_UO4104,ID62_F20_m-1f-1_P62_Y-1_U29,MXY,5,0.0,1,0,0.0,0,0,0,-9999.0,0.875,1,P82_CV0,2,2,0,2,0,0,2,0,2
20,-1503771.641,444502.6321,E20_F62_m83f83_P20_Y2_UO3819,I83_F20_m-1f-1_P83_Y-1_U201,I83_F20_m-1f-1_P83_Y-1_U182,MXY,5,0.0,1,0,0.0,0,0,0,-9999.0,0.25,1,P82_CV0,2,1,1,2,0,0,2,0,2
20,-1503771.641,444502.6321,E20_F62_m83f83_P20_Y2_UO3767,I83_F20_m-1f-1_P83_Y-1_U45,ID83_F20_m-1f-1_P83_Y-1_U118,MXY,5,0.0,1,0,0.0,0,0,0,-9999.0,1.0,1,P82_CV0,2,2,0,1,1,0,2,0,2
20,-1503771.641,444502.6321,E20_F62_m83f83_P20_Y2_UO3815,I83_F20_m-1f-1_P83_Y-1_U188,I83_F20_m-1f-1_P83_Y-1_U218,MXY,5,0.0,1,0,0.0,0,0,0,-9999.0,0.25,1,P82_CV0,2,0,2,2,0,0,2,0,2
20,-1503771.641,444502.6321,E20_F62_m62f62_P20_Y2_UO2967,I62_F20_m-1f-1_P62_Y-1_U23,I62_F20_m83f83_P20_Y0_UO4106,MXY,5,0.0,1,0,0.0,0,0,0,-9999.0,0.75,1,P82_CV0,2,2,0,1,1,0,2,0,2
20,-1503771.641,444502.6321,E20_F70_m83f83_P20_Y2_UO3817,I83_F20_m-1f-1_P83_Y-1_U133,I83_F20_m-1f-1_P83_Y-1_U134,FXX,5,0.0,1,0,1.0,0,0,0,-9999.0,0.5,1,P82_CV0,2,1,1,2,0,0,2,0,2
20,-1503771.641,444502.6321,E20_F70_m70f70_P20_Y2_UO3253,ID70_F20_m-1f-1_P70_Y-1_U195,ID70_F20_m-1f-1_P83_Y-1_U24,MXY,5,0.0,1,0,0.0,0,0,0,-9999.0,0.5,1,P82_CV0,2,1,1,1,1,0,2,0,2
20,-1503771.641,444502.6321,E20_F70_m83f83_P20_Y2_UO3822,ID83_F20_m-1f-1_P83_Y-1_U144,I83_F20_m-1f-1_P83_Y-1_U132,FXX,5,0.0,1,0,1.0,0,0,0,-9999.0,0.75,1,P82_CV0,2,1,1,1,1,0,2,0,2
20,-1503771.641,444502.6321,E20_F83_m83f83_P20_Y2_UO3821,I83_F20_m-1f-1_P83_Y-1_U234,I83_F20_m-1f-1_P83_Y-1_U137,MXY,5,0.0,1,0,0.0,0,0,0,-9999.0,0.25,1,P82_CV0,2,0,2,1,1,0,2,0,2
20,-1503771.641,444502.6321,E20_F62_m83f83_P20_Y1_UO3556,ID83_F20_m-1f-1_P83_Y-1_U249,I83_F20_m-1f-1_P83_Y-1_U207,FXX,6,0.0,1,0,1.0,0,0,0,-9999.0,0.75,1,P82_CV0,2,2,0,2,0,0,2,0,2
20,-1503771.641,444502.6321,E20_F62_m83f83_P20_Y1_UO3598,I83_F20_m-1f-1_P83_Y-1_U162,ID83_F20_m-1f-1_P83_Y-1_U127,FXX,6,0.0,1,0,1.0,0,0,0,-9999.0,0.0,1,P82_CV0,2,0,2,0,2,0,2,0,2
20,-1503771.641,444502.6321,E20_F62_m83f83_P20_Y1_UO3578,I83_F20_m-1f-1_P83_Y-1_U138,I83_F20_m-1f-1_P83_Y-1_U99,FXX,6,0.0,1,0,1.0,0,0,0,-9999.0,0.75,1,P82_CV0,2,2,0,2,0,0,2,0,2
20,-1503771.641,444502.6321,E20_F62_m83f83_P20_Y1_UO3626,I83_F20_m-1f-1_P83_Y-1_U92,I83_F20_m-1f-1_P83_Y-1_U204,FXX,6,0.0,1,0,1.0,0,0,0,-9999.0,0.25,1,P82_CV0,2,1,1,0,2,0,2,0,2
20,-1503771.641,444502.6321,E20_F62_m83f83_P20_Y1_UO3594,I83_F20_m-1f-1_P83_Y-1_U2,I83_F20_m-1f-1_P83_Y-1_U116,FXX,6,0.0,1,0,1.0,0,0,0,-9999.0,0.5,1,P82_CV0,2,1,1,1,1,0,2,0,2
20,-1503771.641,444502.6321,E20_F62_m83f83_P20_Y1_UO3575,I83_F20_m-1f-1_P83_Y-1_U167,I83_F20_m-1f-1_P83_Y-1_U205,MXY,6,0.0,1,0,0.0,0,0,0,-9999.0,0.75,1,P82_CV0,2,1,1,1,1,0,2,0,2
20,-1503771.641,444502.6321,E20_F62_m83f83_P20_Y1_UO3630,I83_F20_m-1f-1_P83_Y-1_U106,ID83_F20_m-1f-1_P83_Y-1_U110,MXY,6,0.0,1,0,0.0,0,0,0,-9999.0,1.0,1,P82_CV0,2,2,0,1,1,0,2,0,2
20,-1503771.641,444502.6321,E20_F70_m83f83_P20_Y1_UO3555,ID83_F20_m-1f-1_P83_Y-1_U86,I83_F20_m-1f-1_P83_Y-1_U44,FXX,6,0.0,1,0,1.0,0,0,0,-9999.0,1.0,1,P82_CV0,2,2,0,0,2,0,2,0,2
20,-1503771.641,444502.6321,E20_F70_m83f83_P20_Y1_UO3609,I83_F20_m-1f-1_P83_Y-1_U177,I83_F20_m-1f-1_P83_Y-1_U150,FXX,6,0.0,1,0,1.0,0,0,0,-9999.0,0.75,1,P82_CV0,2,2,0,1,1,0,2,0,2
20,-1503771.641,444502.6321,E20_F70_m83f83_P20_Y1_UO3600,I83_F20_m-1f-1_P83_Y-1_U121,I83_F20_m-1f-1_P83_Y-1_U136,FXX,6,0.0,1,0,1.0,0,0,0,-9999.0,0.5,1,P82_CV0,2,0,2,0,2,0,2,0,2
20,-1503771.641,444502.6321,E20_F62_m83f83_P20_Y0_UO4033,R83_F83_m-1f-1_P83_Y-1_U51,R83_F83_m-1f-1_P83_Y-1_U127,MXY,7,0.0,1,0,0.0,0,0,0,-9999.0,0.5,1,P82_CV0,2,1,1,2,0,0,2,0,2
20,-1503771.641,444502.6321,E20_F62_m83f83_P20_Y0_UO4038,R83_F83_m-1f-1_P83_Y-1_U67,R83_F83_m-1f-1_P83_Y-1_U41,MXY,7,0.0,1,0,0.0,0,0,0,-9999.0,0.75,1,P82_CV0,2,2,0,0,2,0,2,0,2
20,-1503771.641,444502.6321,E20_F62_m83f83_P20_Y0_UO4096,R83_F83_m-1f-1_P83_Y-1_U198,R83_F83_m-1f-1_P83_Y-1_U137,MXY,7,0.0,1,0,0.0,0,0,0,-9999.0,0.5,1,P82_CV0,2,2,0,1,1,0,2,0,2
20,-1503771.641,444502.6321,E20_F62_m83f83_P20_Y0_UO4019,R83_F83_m-1f-1_P83_Y-1_U9,R83_F83_m-1f-1_P83_Y-1_U6,FXX,7,0.0,1,0,1.0,0,0,0,-9999.0,0.5,1,P82_CV0,2,1,1,0,2,0,2,0,2
20,-1503771.641,444502.6321,E20_F62_m83f83_P20_Y0_UO4086,R83_F83_m-1f-1_P83_Y-1_U183,R83_F83_m-1f-1_P83_Y-1_U56,FXX,7,0.0,1,0,1.0,0,0,0,-9999.0,0.25,1,P82_CV0,2,1,1,0,2,0,2,0,2
20,-1503771.641,444502.6321,E20_F62_m83f83_P20_Y0_UO4059,R83_F83_m-1f-1_P83_Y-1_U113,R83_F83_m-1f-1_P83_Y-1_U46,FXX,7,0.0,1,0,1.0,0,0,0,-9999.0,0.75,1,P82_CV0,2,1,1,1,1,0,2,0,2
20,-1503771.641,444502.6321,E20_F70_m83f83_P20_Y0_UO4041,R83_F83_m-1f-1_P83_Y-1_U72,R83_F83_m-1f-1_P83_Y-1_U4,FXX,7,0.0,1,0,1.0,0,0,0,-9999.0,0.75,1,P82_CV0,2,2,0,2,0,0,2,0,2
20,-1503771.641,444502.6321,E20_F70_m83f83_P20_Y0_UO4066,R83_F83_m-1f-1_P83_Y-1_U129,R83_F83_m-1f-1_P83_Y-1_U108,FXX,7,0.0,1,0,1.0,0,0,0,-9999.0,0.5,1,P82_CV0,2,1,1,1,1,0,2,0,2
20,-1503771.641,444502.6321,E20_F70_m83f83_P20_Y0_UO4049,R83_F83_m-1f-1_P83_Y-1_U93,R83_F83_m-1f-1_P83_Y-1_U166,FXX,7,0.0,1,0,1.0,0,0,0,-9999.0,0.5,1,P82_CV0,2,1,1,2,0,0,2,0,2
20,-1503771.641,444502.6321,E20_F83_m83f83_P20_Y0_UO4063,R83_F83_m-1f-1_P83_Y-1_U123,R83_F83_m-1f-1_P83_Y-1_U132,MXY,7,0.0,1,0,0.0,0,0,0,-9999.0,0.75,1,P82_CV0,2,2,0,0,2,0,2,0,2
20,-1503771.641,444502.6321,E20_F83_m83f83_P20_Y0_UO4020,R83_F83_m-1f-1_P83_Y-1_U10,R83_F83_m-1f-1_P83_Y-1_U125,FXX,7,0.0,1,0,1.0,0,0,0,-9999.0,0.5,1,P82_CV0,2,2,0,1,1,0,2,0,2
20,-1503771.641,444502.6321,E20_F70_m-1f-1_P83_Y-1_U224,-9999,-9999,MXY,8,0.0,1,0,0.0,0,0,0,-9999.0,1.0,1,P82_CV0,2,2,0,0,2,0,2,0,2
20,-1503771.641,444502.6321,E20_F70_m-1f-1_P83_Y-1_U68,-9999,-9999,FXX,8,0.0,1,0,1.0,0,0,0,-9999.0,0.5,1,P82_CV0,2,1,1,2,0,0,2,0,2
20,-1503771.641,444502.6321,E20_F70_m-1f-1_P83_Y-1_U14,-9999,-9999,MXY,8,0.0,1,0,0.0,0,0,0,-9999.0,1.0,1,P82_CV0,2,2,0,0,2,0,2,0,2
20,-1503771.641,444502.6321,E20_F83_m-1f-1_P83_Y-1_U50,-9999,-9999,MXY,8,0.0,1,0,0.0,0,0,0,-9999.0,0.5,1,P82_CV0,2,1,1,0,2,0,2,0,2
20,-1503771.641,444502.6321,E20_F83_m-1f-1_P83_Y-1_U13,-9999,-9999,MXY,8,0.0,1,0,0.0,0,0,0,-9999.0,0.0,1,P82_CV0,2,0,2,1,1,0,2,0,2
20,-1503771.641,444502.6321,E20_F83_m-1f-1_P83_Y-1_U44,-9999,-9999,MXY,8,0.0,1,0,0.0,0,0,0,-9999.0,1.0,1,P82_CV0,2,2,0,1,1,0,2,0,2
20,-1503771.641,444502.6321,E20_F83_m-1f-1_P83_Y-1_U199,-9999,-9999,FXX,8,0.0,1,0,1.0,0,0,0,-9999.0,1.0,1,P82_CV0,2,2,0,1,1,0,2,0,2
20,-1503771.641,444502.6321,E20_F70_m-1f-1_P83_Y-1_U247,-9999,-9999,MXY,9,0.0,1,0,0.0,0,0,0,-9999.0,1.0,1,P82_CV0,2,2,0,2,0,0,2,0,2
20,-1503771.641,444502.6321,E20_F70_m-1f-1_P83_Y-1_U184,-9999,-9999,MXY,9,0.0,1,0,0.0,0,0,0,-9999.0,0.0,1,P82_CV0,2,0,2,0,2,0,2,0,2
20,-1503771.641,444502.6321,E20_F83_m-1f-1_P83_Y-1_U42,-9999,-9999,FXX,9,0.0,1,0,1.0,0,0,0,-9999.0,0.0,1,P82_CV0,2,0,2,2,0,0,2,0,2
20,-1503771.641,444502.6321,E20_F83_m-1f-1_P83_Y-1_U88,-9999,-9999,FXX,9,0.0,1,0,1.0,0,0,0,-9999.0,0.5,1,P82_CV0,2,1,1,1,1,0,2,0,2
20,-1503771.641,444502.6321,E20_F83_m-1f-1_P83_Y-1_U204,-9999,-9999,MXY,9,0.0,1,0,0.0,0,0,0,-9999.0,0.0,1,P82_CV0,2,0,2,1,1,0,2,0,2
20,-1503771.641,444502.6321,E20_F83_m-1f-1_P83_Y-1_U81,-9999,-9999,MXY,9,0.0,1,0,0.0,0,0,0,-9999.0,0.0,1,P82_CV0,2,0,2,1,1,0,2,0,2
20,-1503771.641,444502.6321,E20_F83_m-1f-1_P83_Y-1_U31,-9999,-9999,FXX,9,0.0,1,0,1.0,0,0,0,-9999.0,1.0,1,P82_CV0,2,2,0,1,1,0,2,0,2
20,-1503771.641,444502.6321,E20_F70_m-1f-1_P83_Y-1_U168,-9999,-9999,FXX,10,0.0,1,0,1.0,0,0,0,-9999.0,0.5,1,P82_CV0,2,1,1,1,1,0,2,0,2
20,-1503771.641,444502.6321,E20_F83_m-1f-1_P83_Y-1_U239,-9999,-9999,MXY,10,0.0,1,0,0.0,0,0,0,-9999.0,0.5,1,P82_CV0,2,1,1,1,1,0,2,0,2
20,-1503771.641,444502.6321,E20_F83_m-1f-1_P83_Y-1_U110,-9999,-9999,MXY,10,0.0,1,0,0.0,0,0,0,-9999.0,1.0,1,P82_CV0,2,2,0,1,1,0,2,0,2
20,-1503771.641,444502.6321,E20_F83_m-1f-1_P83_Y-1_U198,-9999,-9999,FXX,10,0.0,1,0,1.0,0,0,0,-9999.0,0.5,1,P82_CV0,2,1,1,1,1,0,2,0,2
20,-1503771.641,444502.6321,E20_F83_m-1f-1_P83_Y-1_U248,-9999,-9999,MXY,10,0.0,1,0,0.0,0,0,0,-9999.0,0.0,1,P82_CV0,2,0,2,2,0,0,2,0,2
20,-1503771.641,444502.6321,E20_F83_m-1f-1_P83_Y-1_U138,-9999,-9999,FXX,10,0.0,1,0,1.0,0,0,0,-9999.0,0.5,1,P82_CV0,2,1,1,2,0,0,2,0,2
20,-1503771.641,444502.6321,E20_F83_m-1f-1_P83_Y-1_U142,-9999,-9999,MXY,10,0.0,1,0,0.0,0,0,0,-9999.0,0.5,1,P82_CV0,2,1,1,1,1,0,2,0,2
20,-1503771.641,444502.6321,E20_F83_m-1f-1_P83_Y-1_U193,-9999,-9999,MXY,11,0.0,1,0,0.0,0,0,0,-9999.0,0.5,1,P82_CV0,2,1,1,0,2,0,2,0,2
20,-1503771.641,444502.6321,E20_F83_m-1f-1_P83_Y-1_U67,-9999,-9999,FXX,11,0.0,1,0,1.0,0,0,0,-9999.0,1.0,1,P82_CV0,2,2,0,0,2,0,2,0,2
20,-1503771.641,444502.6321,E20_F83_m-1f-1_P83_Y-1_U21,-9999,-9999,MXY,11,0.0,1,0,0.0,0,0,0,-9999.0,0.5,1,P82_CV0,2,1,1,2,0,0,2,0,2
20,-1503771.641,444502.6321,E20_F83_m-1f-1_P83_Y-1_U84,-9999,-9999,MXY,11,0.0,1,0,0.0,0,0,0,-9999.0,0.0,1,P82_CV0,2,0,2,1,1,0,2,0,2
20,-1503771.641,444502.6321,E20_F83_m-1f-1_P83_Y-1_U40,-9999,-9999,FXX,11,0.0,1,0,1.0,0,0,0,-9999.0,0.5,1,P82_CV0,2,1,1,1,1,0,2,0,2
20,-1503771.641,444502.6321,E20_F83_m-1f-1_P83_Y-1_U3,-9999,-9999,MXY,11,0.0,1,0,0.0,0,0,0,-9999.0,0.5,1,P82_CV0,2,1,1,2,0,0,2,0,2
20,-1503771.641,444502.6321,E20_F83_m-1f-1_P83_Y-1_U222,-9999,-9999,FXX,11,0.0,1,0,1.0,0,0,0,-9999.0,1.0,1,P82_CV0,2,2,0,1,1,0,2,0,2
20,-1503771.641,444502.6321,E20_F83_m-1f-1_P83_Y-1_U9,-9999,-9999,FXX,11,0.0,1,0,1.0,0,0,0,-9999.0,1.0,1,P82_CV0,2,2,0,1,1,0,2,0,2
20,-1503771.641,444502.6321,E20_F70_m-1f-1_P83_Y-1_U79,-9999,-9999,MXY,12,0.0,1,0,0.0,0,0,0,-9999.0,1.0,1,P82_CV0,2,2,0,1,1,0,2,0,2
20,-1503771.641,444502.6321,E20_F70_m-1f-1_P83_Y-1_U217,-9999,-9999,FXX,12,0.0,1,0,1.0,0,0,0,-9999.0,1.0,1,P82_CV0,2,2,0,1,1,0,2,0,2
20,-1503771.641,444502.6321,E20_F83_m-1f-1_P83_Y-1_U218,-9999,-9999,MXY,12,0.0,1,0,0.0,0,0,0,-9999.0,0.0,1,P82_CV0,2,0,2,2,0,0,2,0,2
20,-1503771.641,444502.6321,E20_F83_m-1f-1_P83_Y-1_U15,-9999,-9999,FXX,12,0.0,1,0,1.0,0,0,0,-9999.0,0.0,1,P82_CV0,2,0,2,0,2,0,2,0,2
20,-1503771.641,444502.6321,E20_F83_m-1f-1_P83_Y-1_U213,-9999,-9999,MXY,12,0.0,1,0,0.0,0,0,0,-9999.0,1.0,1,P82_CV0,2,2,0,1,1,0,2,0,2
20,-1503771.641,444502.6321,E20_F83_m-1f-1_P83_Y-1_U85,-9999,-9999,FXX,12,0.0,1,0,1.0,0,0,0,-9999.0,0.5,1,P82_CV0,2,1,1,2,0,0,2,0,2
20,-1503771.641,444502.6321,E20_F70_m-1f-1_P83_Y-1_U235,-9999,-9999,MXY,13,0.0,1,0,0.0,0,0,0,-9999.0,1.0,1,P82_CV0,2,2,0,2,0,0,2,0,2
20,-1503771.641,444502.6321,E20_F70_m-1f-1_P83_Y-1_U178,-9999,-9999,MXY,13,0.0,1,0,0.0,0,0,0,-9999.0,0.5,1,P82_CV0,2,1,1,2,0,0,2,0,2
20,-1503771.641,444502.6321,E20_F70_m-1f-1_P83_Y-1_U19,-9999,-9999,MXY,13,0.0,1,0,0.0,0,0,0,-9999.0,1.0,1,P82_CV0,2,2,0,1,1,0,2,0,2
20,-1503771.641,444502.6321,E20_F83_m-1f-1_P83_Y-1_U55,-9999,-9999,FXX,13,0.0,1,0,1.0,0,0,0,-9999.0,0.0,1,P82_CV0,2,0,2,2,0,0,2,0,2
20,-1503771.641,444502.6321,E20_F83_m-1f-1_P83_Y-1_U61,-9999,-9999,MXY,13,0.0,1,0,0.0,0,0,0,-9999.0,1.0,1,P82_CV0,2,2,0,2,0,0,2,0,2
20,-1503771.641,444502.6321,E20_F83_m-1f-1_P83_Y-1_U108,-9999,-9999,MXY,13,0.0,1,0,0.0,0,0,0,-9999.0,0.5,1,P82_CV0,2,1,1,0,2,0,2,0,2
20,-1503771.641,444502.6321,E20_F83_m-1f-1_P83_Y-1_U69,-9999,-9999,MXY,13,0.0,1,0,0.0,0,0,0,-9999.0,1.0,1,P82_CV0,2,2,0,0,2,0,2,0,2
20,-1503771.641,444502.6321,E20_F83_m-1f-1_P83_Y-1_U95,-9999,-9999,MXY,13,0.0,1,0,0.0,0,0,0,-9999.0,0.5,1,P82_CV0,2,1,1,1,1,0,2,0,2
20,-1503771.641,444502.6321,E20_F70_m-1f-1_P83_Y-1_U126,-9999,-9999,FXX,14,0.0,1,0,1.0,0,0,0,-9999.0,1.0,1,P82_CV0,2,2,0,0,2,0,2,0,2
20,-1503771.641,444502.6321,E20_F70_m-1f-1_P83_Y-1_U25,-9999,-9999,MXY,14,0.0,1,0,0.0,0,0,0,-9999.0,0.5,1,P82_CV0,2,1,1,1,1,0,2,0,2
20,-1503771.641,444502.6321,E20_F83_m-1f-1_P83_Y-1_U137,-9999,-9999,MXY,14,0.0,1,0,0.0,0,0,0,-9999.0,0.5,1,P82_CV0,2,1,1,2,0,0,2,0,2
20,-1503771.641,444502.6321,E20_F83_m-1f-1_P83_Y-1_U60,-9999,-9999,FXX,14,0.0,1,0,1.0,0,0,0,-9999.0,0.5,1,P82_CV0,2,1,1,2,0,0,2,0,2
20,-1503771.641,444502.6321,E20_F83_m-1f-1_P83_Y-1_U131,-9999,-9999,FXX,14,0.0,1,0,1.0,0,0,0,-9999.0,0.5,1,P82_CV0,2,1,1,2,0,0,2,0,2
20,-1503771.641,444502.6321,E20_F83_m-1f-1_P83_Y-1_U115,-9999,-9999,MXY,14,0.0,1,0,0.0,0,0,0,-9999.0,1.0,1,P82_CV0,2,2,0,1,1,0,2,0,2
20,-1503771.641,444502.6321,E20_F83_m-1f-1_P83_Y-1_U83,-9999,-9999,MXY,14,0.0,1,0,0.0,0,0,0,-9999.0,1.0,1,P82_CV0,2,2,0,1,1,0,2,0,2
20,-1503771.641,444502.6321,E20_F83_m-1f-1_P83_Y-1_U206,-9999,-9999,FXX,15,0.0,1,0,1.0,0,0,0,-9999.0,1.0,1,P82_CV0,2,2,0,2,0,0,2,0,2
20,-1503771.641,444502.6321,E20_F83_m-1f-1_P83_Y-1_U102,-9999,-9999,MXY,15,0.0,1,0,0.0,0,0,0,-9999.0,0.5,1,P82_CV0,2,1,1,1,1,0,2,0,2
20,-1503771.641,444502.6321,E20_F83_m-1f-1_P83_Y-1_U80,-9999,-9999,FXX,15,0.0,1,0,1.0,0,0,0,-9999.0,0.5,1,P82_CV0,2,1,1,0,2,0,2,0,2
20,-1503771.641,444502.6321,E20_F70_m-1f-1_P83_Y-1_U173,-9999,-9999,FXX,16,0.0,1,0,1.0,0,0,0,-9999.0,1.0,1,P82_CV0,2,2,0,1,1,0,2,0,2
20,-1503771.641,444502.6321,E20_F83_m-1f-1_P83_Y-1_U182,-9999,-9999,MXY,16,0.0,1,0,0.0,0,0,0,-9999.0,0.0,1,P82_CV0,2,0,2,1,1,0,2,0,2
20,-1503771.641,444502.6321,E20_F62_m53f53_P26_Y6_UO2520,ID53_F29_m-1f-1_P88_Y-1_U129,I53_F26_m-1f-1_P53_Y-1_U202,MXY,1,0.0,1,1,0.0,0,0,0,-9999.0,0.5,1,P87_CV0,2,0,2,0,2,0,2,0,2
21,85000.48324,-882455.5446,E21_F95_m17f17_P64_Y6_UO999,ID17_F64_m17f17_P64_Y1_UO965,I17_F64_m3f3_P59_Y2_UO152,FXX,1,0.0,1,1,1.0,0,0,0,-9999.0,0.1875,1,P16_CV0,2,1,1,1,1,0,2,0,2
21,85000.48324,-882455.5446,E21_F95_m-1f-1_P17_Y-1_U107,-9999,-9999,MXY,11,0.0,1,0,0.0,0,0,0,-9999.0,0.5,1,P16_CV0,2,1,1,1,1,0,2,0,2
21,85000.48324,-882455.5446,Age0_F21_m85f85_P21_Y7_UO4036,ID85_F68_m25f25_P68_Y0_UO1336,I85_F36_m85f85_P36_Y2_UO3983,FXX,0,0.0,0,0,0.0,0,0,0,0.0,0.9375,1,P24_CV0,2,2,0,0,2,0,2,0,2
21,85000.48324,-882455.5446,E21_F85_m25f25_P68_Y0_UO1336,R25_F25_m-1f-1_P25_Y-1_U42,R25_F25_m-1f-1_P25_Y-1_U153,FXX,7,0.0,1,0,1.0,0,0,0,-9999.0,1.0,1,P24_CV0,2,2,0,0,2,0,2,0,2
21,85000.48324,-882455.5446,Age0_F21_m65f65_P21_Y7_UO3118,I65_F8_m25f25_P68_Y5_UO1240,I65_F8_m65f65_P98_Y3_UO3115,FXX,0,0.0,0,0,0.0,0,0,0,0.0,0.5,1,P30_CV0,2,2,0,2,0,0,2,0,2
21,85000.48324,-882455.5446,E21_F85_m65f65_P69_Y6_UO3161,I65_F98_m31f31_P8_Y2_UO1505,ID65_F8_m63f63_P8_Y4_UO2980,FXX,1,0.0,1,1,1.0,0,0,0,-9999.0,0.4375,1,P30_CV0,2,2,0,0,2,0,2,0,2
21,85000.48324,-882455.5446,E21_F65_m25f25_P68_Y5_UO1240,ID25_F21_m84f84_P36_Y3_UO3884,ID25_F68_m-1f-1_P31_Y-1_U159,FXX,2,0.0,1,0,1.0,0,0,0,-9999.0,0.5,1,P30_CV0,2,2,0,2,0,0,2,0,2
21,85000.48324,-882455.5446,E21_F85_m25f25_P36_Y4_UO1292,I25_F68_m63f63_P68_Y0_UO3308,I25_F8_m31f31_P68_Y0_UO1580,FXX,3,0.0,1,0,1.0,0,0,0,-9999.0,0.375,1,P30_CV0,2,1,1,1,1,0,2,0,2
21,85000.48324,-882455.5446,E21_F85_m85f85_P21_Y4_UO3966,ID85_F8_m31f31_P8_Y0_UO1619,I85_F36_m65f65_P36_Y0_UO3381,MXY,3,0.0,1,0,0.0,0,0,0,-9999.0,0.5,1,P30_CV0,2,1,1,1,1,0,2,0,2
21,85000.48324,-882455.5446,E21_F85_m31f31_P36_Y5_UO1458,I31_F8_m25f25_P36_Y3_UO1266,I31_F8_m43f43_P48_Y0_UO2122,FXX,2,0.0,1,0,1.0,0,0,0,-9999.0,0.25,1,P42_CV0,2,2,0,2,0,0,2,0,2
21,85000.48324,-882455.5446,Age0_F21_m85f85_P21_Y7_UO3994,I85_F68_m25f25_P36_Y4_UO1292,I85_F2_m63f63_P36_Y1_UO2858,FXX,0,0.0,0,0,0.0,0,0,0,0.0,0.5625,1,P62_CV0,2,1,1,0,2,0,2,0,2
21,85000.48324,-882455.5446,E21_F85_m63f63_P68_Y0_UO3314,R63_F63_m-1f-1_P63_Y-1_U193,R63_F63_m-1f-1_P63_Y-1_U15,MXY,7,0.0,1,0,0.0,0,0,0,-9999.0,0.25,1,P62_CV0,2,0,2,1,1,0,2,0,2
21,85000.48324,-882455.5446,E21_F85_m65f65_P68_Y6_UO3140,ID65_F36_m85f85_P69_Y3_UO3976,I65_F8_m-1f-1_P65_Y-1_U98,FXX,1,0.0,1,1,1.0,0,0,0,-9999.0,0.9375,1,P64_CV0,2,2,0,2,0,0,2,0,2
21,85000.48324,-882455.5446,E21_F85_m11f11_P36_Y5_UO666,ID11_F48_m-1f-1_P11_Y-1_U240,I11_F69_m73f73_P89_Y3_UO3351,MXY,2,0.0,1,0,0.0,0,0,0,-9999.0,0.25,1,P72_CV0,2,1,1,0,2,0,2,0,2
21,85000.48324,-882455.5446,Age0_F21_m85f85_P21_Y7_UO3961,I85_F98_m31f31_P36_Y5_UO1458,I85_F36_m25f25_P69_Y2_UO1321,FXX,0,0.0,0,0,0.0,0,0,0,0.0,0.5,1,P83_CV0,2,2,0,2,0,0,2,0,2
21,85000.48324,-882455.5446,E21_F85_m25f25_P69_Y2_UO1321,ID25_F8_m-1f-1_P84_Y-1_U184,ID25_F21_m85f85_P69_Y0_UO4244,MXY,5,0.0,1,0,0.0,0,0,0,-9999.0,0.75,1,P83_CV0,2,1,1,2,0,0,2,0,2
24,-554882.3673,162929.5893,E24_F87_m87f87_P24_Y6_UO4130,I87_F24_m87f87_P24_Y1_UO3894,I87_F24_m4f4_P67_Y4_UO224,FXX,1,0.0,1,1,1.0,0,0,0,-9999.0,0.375,1,P0_CV0,2,1,1,2,0,0,2,0,2
24,-554882.3673,162929.5893,E24_F87_m4f4_P67_Y4_UO224,I4_F82_m1f1_P96_Y0_UO16,I4_F82_m-1f-1_P4_Y-1_U153,MXY,3,0.0,1,0,0.0,0,0,1,-9999.0,0.25,1,P0_CV0,2,0,2,1,1,0,2,0,2
24,-554882.3673,162929.5893,E24_F87_m46f46_P13_Y6_UO2330,ID46_F52_m46f46_P52_Y0_UO2417,I46_F52_m46f46_P52_Y4_UO2273,FXX,1,0.0,1,1,1.0,0,0,0,-9999.0,0.6875,1,P11_CV0,2,1,1,2,0,0,2,0,2
24,-554882.3673,162929.5893,Age0_F24_m78f78_P24_Y7_UO3483,I78_F29_m7f7_P29_Y5_UO457,I78_F13_m46f46_P13_Y0_UO2388,MXY,0,0.0,0,0,0.0,0,0,0,0.0,0.59375,1,P29_CV0,2,2,0,2,0,0,2,0,2
24,-554882.3673,162929.5893,Age0_F24_m87f87_P24_Y7_UO4103,I87_F24_m30f30_P93_Y3_UO1453,ID87_F24_m39f39_P51_Y5_UO1885,MXY,0,0.0,0,0,0.0,0,0,0,0.0,0.625,1,P29_CV0,2,2,0,1,1,0,2,0,2
24,-554882.3673,162929.5893,E24_F78_m7f7_P29_Y5_UO457,I7_F74_m7f7_P38_Y3_UO431,I7_F74_m37f37_P74_Y3_UO1771,FXX,2,0.0,1,0,1.0,0,0,0,-9999.0,0.4375,1,P29_CV0,2,1,1,2,0,0,2,0,2
24,-554882.3673,162929.5893,E24_F78_m30f30_P13_Y5_UO1445,I30_F38_m-1f-1_P30_Y-1_U15,I30_F13_m45f45_P86_Y0_UO2239,MXY,2,0.0,1,0,0.0,0,0,0,-9999.0,0.375,1,P29_CV0,2,1,1,0,2,0,2,0,2
24,-554882.3673,162929.5893,E24_F87_m30f30_P93_Y3_UO1453,ID30_F38_m-1f-1_P30_Y-1_U36,I30_F52_m78f78_P13_Y0_UO3794,FXX,4,0.0,1,0,1.0,0,0,0,-9999.0,0.625,1,P29_CV0,2,2,0,1,1,0,2,0,2
24,-554882.3673,162929.5893,E24_F87_m78f78_P24_Y6_UO3536,I78_F29_m7f7_P13_Y1_UO404,I78_F29_m-1f-1_P87_Y-1_U187,MXY,1,0.0,1,1,0.0,0,0,0,-9999.0,0.625,1,P36_CV0,2,1,1,1,1,0,2,0,2
24,-554882.3673,162929.5893,Age0_F24_m87f87_P24_Y7_UO4074,ID87_F24_m39f39_P19_Y5_UO1840,I87_F24_m87f87_P24_Y4_UO4050,MXY,0,0.0,0,0,0.0,0,0,0,0.0,0.625,1,P38_CV0,2,1,1,1,1,0,2,0,2
24,-554882.3673,162929.5893,Age0_F24_m87f87_P24_Y7_UO4093,I87_F19_m39f39_P19_Y4_UO1835,I87_F24_m87f87_P24_Y5_UO4073,FXX,0,0.0,0,0,0.0,0,0,0,0.0,0.3125,1,P38_CV0,2,1,1,1,1,0,2,0,2
24,-554882.3673,162929.5893,Age0_F24_m87f87_P24_Y7_UO4102,I87_F24_m60f60_P75_Y3_UO2852,I87_F24_m87f87_P24_Y5_UO4060,FXX,0,0.0,0,0,0.0,0,0,0,0.0,0.34375,1,P38_CV0,2,1,1,0,2,0,2,0,2
24,-554882.3673,162929.5893,Age0_F24_m87f87_P24_Y7_UO4104,I87_F24_m87f87_P24_Y3_UO4046,I87_F24_m87f87_P24_Y3_UO3993,FXX,0,0.0,0,0,0.0,0,0,0,0.0,0.5,1,P38_CV0,2,1,1,0,2,0,2,0,2
24,-554882.3673,162929.5893,Age0_F24_m87f87_P24_Y7_UO4107,I87_F24_m39f39_P51_Y3_UO1822,I87_F24_m39f39_P51_Y5_UO1889,FXX,0,0.0,0,0,0.0,0,0,0,0.0,0.5625,1,P38_CV0,2,1,1,1,1,0,2,0,2
24,-554882.3673,162929.5893,Age0_F24_m87f87_P24_Y7_UO4123,I87_F24_m87f87_P51_Y1_UO3889,I87_F24_m39f39_P19_Y4_UO1868,MXY,0,0.0,0,0,0.0,0,0,0,0.0,0.375,1,P38_CV0,2,1,1,2,0,0,2,0,2
24,-554882.3673,162929.5893,E24_F87_m87f87_P24_Y6_UO4118,I87_F51_m87f87_P24_Y2_UO4045,ID87_F24_m39f39_P51_Y0_UO1926,FXX,1,0.0,1,1,1.0,0,0,0,-9999.0,0.3125,1,P38_CV0,2,1,1,1,1,0,2,0,2
24,-554882.3673,162929.5893,E24_F87_m87f87_P24_Y6_UO4120,I87_F24_m39f39_P51_Y2_UO1787,ID87_F24_m87f87_P24_Y4_UO4055,MXY,1,0.0,1,1,0.0,0,0,1,-9999.0,0.5,1,P38_CV0,2,1,1,1,1,0,2,0,2
24,-554882.3673,162929.5893,E24_F87_m87f87_P24_Y6_UO4167,I87_F24_m-1f-1_P87_Y-1_U228,I87_F51_m60f60_P75_Y4_UO2827,MXY,1,0.0,1,1,0.0,0,0,0,-9999.0,0.75,1,P38_CV0,2,2,0,2,0,0,2,0,2
24,-554882.3673,162929.5893,E24_F87_m39f39_P51_Y6_UO1849,ID39_F51_m87f87_P51_Y4_UO4008,I39_F19_m39f39_P19_Y3_UO1856,FXX,1,0.0,1,1,1.0,0,0,0,-9999.0,0.75,1,P38_CV0,2,1,1,2,0,0,2,0,2
24,-554882.3673,162929.5893,E24_F87_m39f39_P51_Y6_UO1894,ID39_F75_m11f11_P48_Y0_UO624,ID39_F14_m60f60_P75_Y3_UO2862,MXY,1,0.0,1,1,0.0,0,0,0,-9999.0,0.25,1,P38_CV0,2,0,2,1,1,0,2,0,2
24,-554882.3673,162929.5893,E24_F87_m87f87_P51_Y6_UO4090,I87_F24_m39f39_P51_Y4_UO1794,ID87_F24_m39f39_P51_Y0_UO1926,MXY,1,0.0,1,1,0.0,0,0,0,-9999.0,0.4375,1,P38_CV0,2,0,2,2,0,0,2,0,2
24,-554882.3673,162929.5893,E24_F87_m39f39_P51_Y5_UO1889,ID39_F19_m-1f-1_P39_Y-1_U208,I39_F19_m39f39_P19_Y0_UO1927,MXY,2,0.0,1,0,0.0,0,0,0,-9999.0,0.875,1,P38_CV0,2,2,0,0,2,0,2,0,2
24,-554882.3673,162929.5893,E24_F87_m39f39_P19_Y5_UO1840,I39_F19_m60f60_P75_Y2_UO2828,I39_F75_m39f39_P19_Y0_UO1868,FXX,2,0.0,1,0,1.0,0,0,0,-9999.0,0.625,1,P38_CV0,2,1,1,0,2,0,2,0,2
24,-554882.3673,162929.5893,E24_F87_m60f60_P75_Y4_UO2827,ID60_F19_m-1f-1_P60_Y-1_U241,ID60_F75_m39f39_P19_Y2_UO1831,MXY,3,0.0,1,0,0.0,0,0,0,-9999.0,0.5,1,P38_CV0,2,2,0,1,1,0,2,0,2
24,-554882.3673,162929.5893,E24_F87_m39f39_P19_Y4_UO1868,I39_F52_m-1f-1_P39_Y-1_U180,I39_F75_m-1f-1_P60_Y-1_U243,MXY,3,0.0,1,0,0.0,0,0,0,-9999.0,0.75,1,P38_CV0,2,1,1,2,0,0,2,0,2
24,-554882.3673,162929.5893,E24_F87_m39f39_P19_Y4_UO1835,I39_F19_m39f39_P19_Y0_UO1866,I39_F75_m60f60_P75_Y1_UO2744,FXX,3,0.0,1,0,1.0,0,0,0,-9999.0,0.375,1,P38_CV0,2,1,1,1,1,0,2,0,2
24,-554882.3673,162929.5893,E24_F87_m39f39_P51_Y4_UO1794,I39_F93_m39f39_P19_Y2_UO1820,I39_F19_m-1f-1_P39_Y-1_U4,FXX,3,0.0,1,0,1.0,0,0,0,-9999.0,0.375,1,P38_CV0,2,1,1,2,0,0,2,0,2
24,-554882.3673,162929.5893,E24_F87_m87f87_P24_Y3_UO3993,I87_F51_m39f39_P51_Y1_UO1685,I87_F61_m-1f-1_P87_Y-1_U47,MXY,4,0.0,1,0,0.0,0,0,0,-9999.0,0.75,1,P38_CV0,2,2,0,0,2,0,2,0,2
24,-554882.3673,162929.5893,E24_F87_m60f60_P75_Y3_UO2852,I60_F75_m-1f-1_P60_Y-1_U47,ID60_F75_m39f39_P51_Y0_UO1835,FXX,4,0.0,1,0,1.0,0,0,0,-9999.0,0.25,1,P38_CV0,2,1,1,1,1,0,2,0,2
24,-554882.3673,162929.5893,E24_F87_m39f39_P51_Y3_UO1822,I39_F75_m39f39_P19_Y0_UO1856,I39_F51_m-1f-1_P39_Y-1_U160,FXX,4,0.0,1,0,1.0,0,0,0,-9999.0,0.25,1,P38_CV0,2,0,2,2,0,0,2,0,2
24,-554882.3673,162929.5893,E24_F87_m39f39_P51_Y0_UO1926,R39_F39_m-1f-1_P39_Y-1_U242,R39_F39_m-1f-1_P39_Y-1_U136,MXY,7,0.0,1,0,0.0,0,0,0,-9999.0,0.5,1,P38_CV0,2,0,2,2,0,0,2,0,2
24,-554882.3673,162929.5893,Age0_F24_m4f4_P24_Y7_UO264,I4_F67_m4f4_P82_Y2_UO205,I4_F82_m4f4_P82_Y5_UO214,FXX,0,0.0,0,0,0.0,0,0,0,0.0,0.625,1,P3_CV0,2,1,1,2,0,0,2,0,2
24,-554882.3673,162929.5893,Age0_F24_m87f87_P24_Y7_UO4052,I87_F24_m87f87_P24_Y5_UO4058,I87_F24_m4f4_P67_Y5_UO215,MXY,0,0.0,0,0,0.0,0,0,0,0.0,0.53125,1,P3_CV0,2,1,1,0,2,0,2,0,2
24,-554882.3673,162929.5893,Age0_F24_m87f87_P24_Y7_UO4077,ID87_F24_m4f4_P67_Y4_UO260,I87_F24_m87f87_P24_Y5_UO4035,FXX,0,0.0,0,0,0.0,0,0,0,0.0,0.375,1,P3_CV0,2,0,2,2,0,0,2,0,2
24,-554882.3673,162929.5893,Age0_F24_m87f87_P24_Y7_UO4088,ID87_F67_m87f87_P24_Y4_UO4067,I87_F24_m87f87_P24_Y2_UO4026,MXY,0,0.0,0,0,0.0,0,0,0,0.0,0.125,1,P3_CV0,2,0,2,1,1,0,2,0,2
24,-554882.3673,162929.5893,Age0_F24_m87f87_P24_Y7_UO4135,ID87_F24_m4f4_P24_Y0_UO234,I87_F24_m87f87_P24_Y4_UO4050,MXY,0,0.0,0,0,0.0,0,0,0,0.0,0.3125,1,P3_CV0,2,1,1,1,1,0,2,0,2
24,-554882.3673,162929.5893,E24_F4_m4f4_P67_Y6_UO234,I4_F82_m4f4_P82_Y3_UO266,I4_F82_m4f4_P82_Y3_UO226,MXY,1,0.0,1,1,0.0,0,0,1,-9999.0,0.6875,1,P3_CV0,2,1,1,1,1,0,2,0,2
24,-554882.3673,162929.5893,E24_F87_m87f87_P24_Y6_UO4163,I87_F24_m-1f-1_P87_Y-1_U34,ID87_F24_m4f4_P67_Y4_UO250,FXX,1,0.0,1,1,1.0,0,0,0,-9999.0,0.625,1,P3_CV0,2,1,1,1,1,0,2,0,2
24,-554882.3673,162929.5893,E24_F87_m4f4_P67_Y6_UO259,I4_F10_m4f4_P82_Y2_UO205,ID4_F33_m9f9_P96_Y3_UO572,MXY,1,0.0,1,1,0.0,0,0,0,-9999.0,0.5625,1,P3_CV0,2,1,1,1,1,0,2,0,2
24,-554882.3673,162929.5893,E24_F87_m4f4_P67_Y6_UO287,I4_F82_m-1f-1_P4_Y-1_U152,ID4_F33_m-1f-1_P77_Y-1_U219,FXX,1,0.0,1,1,1.0,0,0,0,-9999.0,0.75,1,P3_CV0,2,1,1,2,0,0,2,0,2
24,-554882.3673,162929.5893,E24_F87_m77f77_P67_Y6_UO3428,I77_F82_m4f4_P67_Y4_UO239,ID77_F33_m-1f-1_P9_Y-1_U215,MXY,1,0.0,1,1,0.0,0,0,0,-9999.0,0.4375,1,P3_CV0,2,1,1,1,1,0,2,0,2
24,-554882.3673,162929.5893,E24_F87_m4f4_P24_Y5_UO258,ID4_F96_m4f4_P82_Y0_UO240,I4_F67_m-1f-1_P4_Y-1_U53,FXX,2,0.0,1,0,1.0,0,0,0,-9999.0,0.375,1,P3_CV0,2,0,2,1,1,0,2,0,2
24,-554882.3673,162929.5893,E24_F87_m4f4_P67_Y5_UO215,I4_F67_m4f4_P82_Y3_UO263,I4_F82_m4f4_P67_Y2_UO282,MXY,2,0.0,1,0,0.0,0,0,0,-9999.0,0.5625,1,P3_CV0,2,1,1,1,1,0,2,0,2
24,-554882.3673,162929.5893,E24_F87_m4f4_P67_Y4_UO260,I4_F96_m-1f-1_P4_Y-1_U17,I4_F82_m4f4_P82_Y2_UO187,FXX,3,0.0,1,0,1.0,0,0,0,-9999.0,0.5,1,P3_CV0,2,1,1,1,1,0,2,0,2
24,-554882.3673,162929.5893,E24_F87_m87f87_P24_Y4_UO4015,ID87_F24_m4f4_P24_Y2_UO215,ID87_F24_m-1f-1_P87_Y-1_U185,FXX,3,0.0,1,0,1.0,0,0,0,-9999.0,0.6875,1,P3_CV0,2,1,1,2,0,0,2,0,2
24,-554882.3673,162929.5893,E24_F87_m4f4_P67_Y4_UO250,I4_F82_m-1f-1_P4_Y-1_U144,ID4_F82_m-1f-1_P4_Y-1_U40,MXY,3,0.0,1,0,0.0,0,0,0,-9999.0,0.25,1,P3_CV0,2,0,2,1,1,0,2,0,2
24,-554882.3673,162929.5893,E24_F87_m4f4_P67_Y4_UO225,I4_F67_m4f4_P96_Y0_UO231,I4_F82_m77f77_P82_Y2_UO3396,MXY,3,0.0,1,0,0.0,0,0,0,-9999.0,0.625,1,P3_CV0,2,1,1,0,2,0,2,0,2
24,-554882.3673,162929.5893,E24_F4_m4f4_P82_Y2_UO205,I4_F67_m77f77_P82_Y0_UO3686,I4_F82_m-1f-1_P4_Y-1_U192,FXX,5,0.0,1,0,1.0,0,0,0,-9999.0,0.625,1,P3_CV0,2,2,0,1,1,0,2,0,2
24,-554882.3673,162929.5893,E24_F87_m87f87_P24_Y2_UO4026,ID87_F24_m4f4_P24_Y0_UO234,I87_F24_m-1f-1_P87_Y-1_U77,MXY,5,0.0,1,0,0.0,0,0,0,-9999.0,0.25,1,P3_CV0,2,0,2,0,2,0,2,0,2
24,-554882.3673,162929.5893,E24_F87_m4f4_P24_Y0_UO234,R4_F4_m-1f-1_P4_Y-1_U99,R4_F4_m-1f-1_P4_Y-1_U2,FXX,7,0.0,1,0,1.0,0,0,0,-9999.0,0.0,1,P3_CV0,2,0,2,0,2,0,2,0,2
24,-554882.3673,162929.5893,Age0_F24_m87f87_P24_Y7_UO4132,I87_F24_m46f46_P13_Y0_UO2403,I87_F19_m-1f-1_P87_Y-1_U24,FXX,0,0.0,0,0,0.0,0,0,0,0.0,0.625,1,P45_CV0,2,1,1,0,2,0,2,0,2
24,-554882.3673,162929.5893,E24_F87_m87f87_P24_Y6_UO4106,I87_F51_m39f39_P51_Y3_UO1851,I87_F93_m87f87_P24_Y3_UO4063,MXY,1,0.0,1,1,0.0,0,0,0,-9999.0,0.375,1,P45_CV0,2,1,1,1,1,0,2,0,2
24,-554882.3673,162929.5893,E24_F87_m87f87_P24_Y6_UO4137,I87_F51_m46f46_P13_Y0_UO2403,I87_F93_m87f87_P24_Y2_UO4035,MXY,1,0.0,1,1,0.0,0,0,0,-9999.0,0.75,1,P45_CV0,2,2,0,1,1,0,2,0,2
24,-554882.3673,162929.5893,E24_F87_m30f30_P13_Y5_UO1404,ID30_F52_m46f46_P52_Y1_UO2129,I30_F93_m90f90_P86_Y1_UO3996,FXX,2,0.0,1,0,1.0,0,0,0,-9999.0,0.25,1,P45_CV0,2,1,1,1,1,0,2,0,2
24,-554882.3673,162929.5893,E24_F87_m46f46_P13_Y0_UO2403,R46_F46_m-1f-1_P46_Y-1_U197,R46_F46_m-1f-1_P46_Y-1_U83,FXX,7,0.0,1,0,1.0,0,0,0,-9999.0,0.75,1,P45_CV0,2,1,1,1,1,0,2,0,2
24,-554882.3673,162929.5893,Age0_F24_m87f87_P24_Y7_UO4072,I87_F24_m39f39_P51_Y5_UO1822,I87_F24_m39f39_P51_Y5_UO1889,FXX,0,0.0,0,0,0.0,0,0,0,0.0,0.6875,1,P59_CV0,2,2,0,0,2,0,2,0,2
24,-554882.3673,162929.5893,Age0_F24_m87f87_P24_Y7_UO4091,ID87_F24_m60f60_P51_Y4_UO2783,I87_F24_m87f87_P24_Y5_UO4073,MXY,0,0.0,0,0,0.0,0,0,0,0.0,0.5625,1,P59_CV0,2,1,1,0,2,0,2,0,2
24,-554882.3673,162929.5893,Age0_F24_m87f87_P24_Y7_UO4105,ID87_F24_m87f87_P24_Y3_UO3998,I87_F51_m39f39_P19_Y5_UO1855,FXX,0,0.0,0,0,0.0,0,0,0,0.0,0.40625,1,P59_CV0,2,1,1,1,1,0,2,0,2
24,-554882.3673,162929.5893,Age0_F24_m87f87_P24_Y7_UO4138,ID87_F24_m-1f-1_P87_Y-1_U132,I87_F51_m39f39_P19_Y5_UO1855,MXY,0,0.0,0,0,0.0,0,0,0,0.0,0.21875,1,P59_CV0,2,1,1,0,2,0,2,0,2
24,-554882.3673,162929.5893,E24_F87_m87f87_P24_Y6_UO4095,ID87_F24_m60f60_P51_Y4_UO2783,I87_F67_m87f87_P51_Y4_UO4036,FXX,1,0.0,1,1,1.0,0,0,0,-9999.0,0.5625,1,P59_CV0,2,1,1,0,2,0,2,0,2
24,-554882.3673,162929.5893,E24_F87_m87f87_P24_Y6_UO4105,I87_F24_m39f39_P51_Y3_UO1843,ID87_F24_m-1f-1_P87_Y-1_U113,FXX,1,0.0,1,1,1.0,0,0,0,-9999.0,0.3125,1,P59_CV0,2,0,2,2,0,0,2,0,2
24,-554882.3673,162929.5893,E24_F87_m87f87_P24_Y6_UO4112,ID87_F24_m39f39_P51_Y3_UO1822,I87_F51_m87f87_P24_Y3_UO3997,FXX,1,0.0,1,1,1.0,0,0,0,-9999.0,0.4375,1,P59_CV0,2,1,1,2,0,0,2,0,2
24,-554882.3673,162929.5893,E24_F87_m87f87_P24_Y6_UO4142,I87_F24_m60f60_P51_Y0_UO3091,I87_F24_m87f87_P24_Y0_UO4326,FXX,1,0.0,1,1,1.0,0,0,0,-9999.0,0.5,1,P59_CV0,2,2,0,1,1,0,2,0,2
24,-554882.3673,162929.5893,E24_F87_m39f39_P51_Y6_UO1859,I39_F19_m60f60_P75_Y3_UO2807,ID39_F75_m-1f-1_P39_Y-1_U4,MXY,1,0.0,1,1,0.0,0,0,0,-9999.0,0.1875,1,P59_CV0,2,1,1,1,1,0,2,0,2
24,-554882.3673,162929.5893,E24_F87_m60f60_P51_Y6_UO2792,ID60_F48_m43f43_P48_Y4_UO2084,I60_F75_m-1f-1_P60_Y-1_U77,FXX,1,0.0,1,1,1.0,0,0,0,-9999.0,0.6875,1,P59_CV0,2,1,1,1,1,0,2,0,2
24,-554882.3673,162929.5893,E24_F87_m60f60_P51_Y6_UO2802,ID60_F75_m60f60_P75_Y4_UO2802,I60_F75_m60f60_P75_Y4_UO2789,FXX,1,0.0,1,1,1.0,0,0,0,-9999.0,0.375,1,P59_CV0,2,1,1,0,2,0,2,0,2
24,-554882.3673,162929.5893,E24_F87_m78f78_P93_Y6_UO3552,I78_F13_m-1f-1_P78_Y-1_U49,ID78_F24_m39f39_P51_Y4_UO1858,FXX,1,0.0,1,1,1.0,0,0,1,-9999.0,0.75,1,P59_CV0,2,1,1,1,1,0,2,0,2
24,-554882.3673,162929.5893,E24_F87_m39f39_P19_Y5_UO1855,ID39_F19_m39f39_P75_Y0_UO1884,I39_F19_m60f60_P75_Y2_UO2811,MXY,2,0.0,1,0,0.0,0,0,0,-9999.0,0.4375,1,P59_CV0,2,2,0,0,2,0,2,0,2
24,-554882.3673,162929.5893,E24_F87_m39f39_P19_Y5_UO1821,ID39_F19_m39f39_P93_Y3_UO1811,I39_F51_m60f60_P75_Y2_UO2845,MXY,2,0.0,1,0,0.0,0,0,0,-9999.0,0.4375,1,P59_CV0,2,1,1,2,0,0,2,0,2
24,-554882.3673,162929.5893,E24_F87_m39f39_P51_Y5_UO1885,I39_F19_m-1f-1_P39_Y-1_U180,I39_F93_m60f60_P75_Y0_UO3082,MXY,2,0.0,1,0,0.0,0,0,1,-9999.0,0.625,1,P59_CV0,2,1,1,0,2,0,2,0,2
24,-554882.3673,162929.5893,E24_F87_m39f39_P51_Y5_UO1822,I39_F75_m60f60_P19_Y3_UO2837,I39_F19_m-1f-1_P39_Y-1_U136,FXX,2,0.0,1,0,1.0,0,0,0,-9999.0,0.5,1,P59_CV0,2,1,1,0,2,0,2,0,2
24,-554882.3673,162929.5893,E24_F87_m60f60_P51_Y4_UO2783,I60_F51_m60f60_P75_Y2_UO2855,ID60_F75_m-1f-1_P60_Y-1_U115,FXX,3,0.0,1,0,1.0,0,0,0,-9999.0,0.875,1,P59_CV0,2,2,0,0,2,0,2,0,2
24,-554882.3673,162929.5893,E24_F87_m87f87_P24_Y6_UO4107,I87_F19_m30f30_P13_Y3_UO1387,I87_F24_m87f87_P24_Y4_UO4057,FXX,1,0.0,1,1,1.0,0,0,0,-9999.0,0.5,1,P6_CV0,2,2,0,1,1,0,2,0,2
24,-554882.3673,162929.5893,E24_F87_m30f30_P13_Y3_UO1387,I30_F35_m46f46_P52_Y0_UO2376,I30_F13_m-1f-1_P7_Y-1_U127,FXX,4,0.0,1,0,1.0,0,0,0,-9999.0,0.5,1,P6_CV0,2,1,1,0,2,0,2,0,2
24,-554882.3673,162929.5893,Age0_F24_m87f87_P24_Y7_UO4084,I87_F24_m4f4_P67_Y4_UO249,ID87_F24_m87f87_P51_Y1_UO3836,MXY,0,0.0,0,0,0.0,0,0,0,0.0,0.6875,1,P76_CV0,2,2,0,2,0,0,2,0,2
24,-554882.3673,162929.5893,E24_F87_m87f87_P24_Y6_UO4083,I87_F24_m4f4_P67_Y4_UO249,I87_F24_m-1f-1_P87_Y-1_U100,MXY,1,0.0,1,1,0.0,0,0,0,-9999.0,0.3125,1,P76_CV0,2,1,1,1,1,0,2,0,2
24,-554882.3673,162929.5893,E24_F87_m4f4_P67_Y4_UO249,I4_F82_m-1f-1_P4_Y-1_U27,I4_F82_m77f77_P82_Y0_UO3652,FXX,3,0.0,1,0,1.0,0,0,0,-9999.0,0.625,1,P76_CV0,2,2,0,2,0,0,2,0,2
24,-554882.3673,162929.5893,Age0_F24_m87f87_P24_Y7_UO4148,ID87_F51_m-1f-1_P78_Y-1_U176,ID87_F24_m-1f-1_P87_Y-1_U113,FXX,0,0.0,0,0,0.0,0,0,0,0.0,0.5,1,P77_CV0,2,1,1,0,2,0,2,0,2
24,-554882.3673,162929.5893,Age0_F24_m87f87_P24_Y7_UO4151,I87_F13_m-1f-1_P78_Y-1_U67,I87_F24_m87f87_P24_Y4_UO4006,MXY,0,0.0,0,0,0.0,0,0,0,0.0,0.6875,1,P77_CV0,2,2,0,1,1,0,2,0,2
24,-554882.3673,162929.5893,E24_F87_m78f78_P19_Y6_UO3544,ID78_F38_m-1f-1_P78_Y-1_U220,I78_F29_m88f88_P29_Y0_UO4492,MXY,1,0.0,1,1,0.0,0,0,0,-9999.0,0.75,1,P77_CV0,2,1,1,1,1,0,2,0,2
24,-554882.3673,162929.5893,E24_F87_m87f87_P24_Y6_UO4085,I87_F51_m87f87_P24_Y4_UO4069,I87_F24_m-1f-1_P87_Y-1_U100,FXX,1,0.0,1,1,1.0,0,0,0,-9999.0,0.125,1,P77_CV0,2,0,2,1,1,0,2,0,2
24,-554882.3673,162929.5893,E24_F87_m87f87_P24_Y6_UO4144,ID87_F19_m87f87_P67_Y0_UO4367,I87_F24_m-1f-1_P78_Y-1_U7,FXX,1,0.0,1,1,1.0,0,0,0,-9999.0,0.5,1,P77_CV0,2,1,1,1,1,0,2,0,2
24,-554882.3673,162929.5893,E24_F78_m78f78_P38_Y5_UO3522,ID78_F93_m-1f-1_P78_Y-1_U67,I78_F13_m78f78_P13_Y3_UO3502,MXY,2,0.0,1,0,0.0,0,0,1,-9999.0,0.75,1,P77_CV0,2,1,1,0,2,0,2,0,2
24,-554882.3673,162929.5893,E24_F87_m87f87_P24_Y3_UO4043,ID87_F13_m-1f-1_P78_Y-1_U247,ID87_F51_m-1f-1_P87_Y-1_U108,MXY,4,0.0,1,0,0.0,0,0,0,-9999.0,0.75,1,P77_CV0,2,2,0,1,1,0,2,0,2
24,-554882.3673,162929.5893,E24_F87_m-1f-1_P78_Y-1_U7,-9999,-9999,MXY,9,0.0,1,0,0.0,0,0,0,-9999.0,0.5,1,P77_CV0,2,1,1,0,2,0,2,0,2
24,-554882.3673,162929.5893,E24_F87_m-1f-1_P78_Y-1_U53,-9999,-9999,MXY,9,0.0,1,0,0.0,0,0,0,-9999.0,0.5,1,P77_CV0,2,1,1,1,1,0,2,0,2
24,-554882.3673,162929.5893,E24_F87_m-1f-1_P78_Y-1_U176,-9999,-9999,FXX,11,0.0,1,0,1.0,0,0,1,-9999.0,1.0,1,P77_CV0,2,2,0,0,2,0,2,0,2
24,-554882.3673,162929.5893,E24_F87_m-1f-1_P78_Y-1_U67,-9999,-9999,FXX,12,0.0,1,0,1.0,0,0,0,-9999.0,1.0,1,P77_CV0,2,2,0,1,1,0,2,0,2
24,-554882.3673,162929.5893,Age0_F24_m87f87_P24_Y7_UO4054,I87_F24_m87f87_P24_Y5_UO4089,I87_F93_m-1f-1_P87_Y-1_U147,MXY,0,0.0,0,0,0.0,0,0,0,0.0,0.3125,1,P86_CV0,2,1,1,0,2,0,2,0,2
24,-554882.3673,162929.5893,Age0_F24_m87f87_P24_Y7_UO4055,I87_F51_m4f4_P24_Y5_UO258,I87_F24_m87f87_P24_Y2_UO4046,FXX,0,0.0,0,0,0.0,0,0,0,0.0,0.4375,1,P86_CV0,2,1,1,0,2,0,2,0,2
24,-554882.3673,162929.5893,Age0_F24_m87f87_P24_Y7_UO4056,I87_F24_m87f87_P24_Y5_UO4059,I87_F51_m-1f-1_P87_Y-1_U39,MXY,0,0.0,0,0,0.0,0,0,0,0.0,0.375,1,P86_CV0,2,2,0,0,2,0,2,0,2
24,-554882.3673,162929.5893,Age0_F24_m87f87_P24_Y7_UO4057,I87_F51_m87f87_P24_Y5_UO4087,I87_F24_m87f87_P24_Y4_UO4006,FXX,0,0.0,0,0,0.0,0,0,0,0.0,0.5,1,P86_CV0,2,0,2,0,2,0,2,0,2
24,-554882.3673,162929.5893,Age0_F24_m87f87_P24_Y7_UO4058,I87_F24_m87f87_P24_Y5_UO4103,I87_F24_m-1f-1_P87_Y-1_U144,FXX,0,0.0,0,0,0.0,0,0,0,0.0,0.5,1,P86_CV0,2,0,2,2,0,0,2,0,2
24,-554882.3673,162929.5893,Age0_F24_m87f87_P24_Y7_UO4059,I87_F24_m87f87_P24_Y5_UO4110,I87_F67_m87f87_P24_Y4_UO4068,FXX,0,0.0,0,0,0.0,0,0,0,0.0,0.21875,1,P86_CV0,2,0,2,0,2,0,2,0,2
24,-554882.3673,162929.5893,Age0_F24_m87f87_P24_Y7_UO4060,I87_F24_m87f87_P24_Y5_UO4072,I87_F13_m87f87_P24_Y2_UO4032,FXX,0,0.0,0,0,0.0,0,0,0,0.0,0.4375,1,P86_CV0,2,0,2,0,2,0,2,0,2
24,-554882.3673,162929.5893,Age0_F24_m87f87_P24_Y7_UO4061,ID87_F24_m30f30_P13_Y5_UO1404,I87_F19_m87f87_P24_Y2_UO4025,FXX,0,0.0,0,0,0.0,0,0,0,0.0,0.3125,1,P86_CV0,2,0,2,2,0,0,2,0,2
24,-554882.3673,162929.5893,Age0_F24_m87f87_P24_Y7_UO4064,I87_F51_m87f87_P24_Y5_UO4092,I87_F24_m-1f-1_P87_Y-1_U77,MXY,0,0.0,0,0,0.0,0,0,0,0.0,0.5,1,P86_CV0,2,2,0,1,1,0,2,0,2
24,-554882.3673,162929.5893,Age0_F24_m87f87_P24_Y7_UO4065,I87_F51_m87f87_P24_Y5_UO4032,I87_F24_m87f87_P24_Y5_UO4037,FXX,0,0.0,0,0,0.0,0,0,0,0.0,0.25,1,P86_CV0,2,0,2,1,1,0,2,0,2
24,-554882.3673,162929.5893,Age0_F24_m87f87_P24_Y7_UO4066,ID87_F24_m87f87_P24_Y5_UO4043,I87_F51_m87f87_P24_Y2_UO4067,MXY,0,0.0,0,0,0.0,0,0,0,0.0,0.53125,1,P86_CV0,2,2,0,0,2,0,2,0,2
24,-554882.3673,162929.5893,Age0_F24_m87f87_P24_Y7_UO4067,ID87_F24_m87f87_P24_Y5_UO4055,I87_F24_m87f87_P24_Y3_UO3985,FXX,0,0.0,0,0,0.0,0,0,0,0.0,0.25,1,P86_CV0,2,0,2,2,0,0,2,0,2
24,-554882.3673,162929.5893,Age0_F24_m87f87_P24_Y7_UO4068,I87_F24_m87f87_P24_Y5_UO4100,I87_F51_m-1f-1_P87_Y-1_U39,MXY,0,0.0,0,0,0.0,0,0,0,0.0,0.625,1,P86_CV0,2,2,0,1,1,0,2,0,2
24,-554882.3673,162929.5893,Age0_F24_m87f87_P24_Y7_UO4070,I87_F24_m39f39_P93_Y5_UO1864,I87_F19_m-1f-1_P87_Y-1_U24,MXY,0,0.0,0,0,0.0,0,0,0,0.0,0.25,1,P86_CV0,2,0,2,0,2,0,2,0,2
24,-554882.3673,162929.5893,Age0_F24_m87f87_P24_Y7_UO4075,I87_F24_m87f87_P24_Y4_UO4042,I87_F24_m87f87_P24_Y1_UO3818,MXY,0,0.0,0,0,0.0,0,0,0,0.0,0.6875,1,P86_CV0,2,0,2,1,1,0,2,0,2
24,-554882.3673,162929.5893,Age0_F24_m87f87_P24_Y7_UO4079,I87_F24_m87f87_P24_Y4_UO4074,I87_F51_m87f87_P24_Y2_UO4040,FXX,0,0.0,0,0,0.0,0,0,0,0.0,0.5,1,P86_CV0,2,1,1,0,2,0,2,0,2
24,-554882.3673,162929.5893,Age0_F24_m87f87_P24_Y7_UO4080,ID87_F24_m87f87_P24_Y4_UO4065,I87_F24_m-1f-1_P87_Y-1_U215,FXX,0,0.0,0,0,0.0,0,0,0,0.0,0.3125,1,P86_CV0,2,1,1,1,1,0,2,0,2
24,-554882.3673,162929.5893,Age0_F24_m87f87_P24_Y7_UO4081,ID87_F93_m78f78_P13_Y4_UO3517,ID87_F24_m-1f-1_P87_Y-1_U44,FXX,0,0.0,0,0,0.0,0,0,0,0.0,0.75,1,P86_CV0,2,2,0,1,1,0,2,0,2
24,-554882.3673,162929.5893,Age0_F24_m87f87_P24_Y7_UO4082,I87_F24_m87f87_P24_Y4_UO4044,I87_F24_m87f87_P24_Y2_UO4017,MXY,0,0.0,0,0,0.0,0,0,0,0.0,0.375,1,P86_CV0,2,1,1,2,0,0,2,0,2
24,-554882.3673,162929.5893,Age0_F24_m87f87_P24_Y7_UO4083,I87_F51_m87f87_P24_Y4_UO4078,ID87_F24_m39f39_P51_Y5_UO1885,FXX,0,0.0,0,0,0.0,0,0,0,0.0,0.5,1,P86_CV0,2,1,1,0,2,0,2,0,2
24,-554882.3673,162929.5893,Age0_F24_m87f87_P24_Y7_UO4086,I87_F24_m87f87_P24_Y4_UO4015,I87_F24_m87f87_P24_Y4_UO4006,FXX,0,0.0,0,0,0.0,0,0,0,0.0,0.53125,1,P86_CV0,2,0,2,2,0,0,2,0,2
24,-554882.3673,162929.5893,Age0_F24_m87f87_P24_Y7_UO4087,ID87_F51_m87f87_P24_Y4_UO4005,I87_F24_m87f87_P24_Y2_UO4056,MXY,0,0.0,0,0,0.0,0,0,0,0.0,0.59375,1,P86_CV0,2,2,0,1,1,0,2,0,2
24,-554882.3673,162929.5893,Age0_F24_m87f87_P24_Y7_UO4089,I87_F24_m87f87_P24_Y4_UO4076,I87_F24_m87f87_P24_Y5_UO4106,FXX,0,0.0,0,0,0.0,0,0,0,0.0,0.125,1,P86_CV0,2,0,2,2,0,0,2,0,2
24,-554882.3673,162929.5893,Age0_F24_m87f87_P24_Y7_UO4092,I87_F51_m87f87_P24_Y4_UO4009,I87_F24_m87f87_P24_Y5_UO4073,FXX,0,0.0,0,0,0.0,0,0,0,0.0,0.25,1,P86_CV0,2,0,2,2,0,0,2,0,2
24,-554882.3673,162929.5893,Age0_F24_m87f87_P24_Y7_UO4094,ID87_F51_m39f39_P51_Y4_UO1794,I87_F24_m-1f-1_P87_Y-1_U95,FXX,0,0.0,0,0,0.0,0,0,0,0.0,0.4375,1,P86_CV0,2,0,2,1,1,0,2,0,2
24,-554882.3673,162929.5893,Age0_F24_m87f87_P24_Y7_UO4095,I87_F24_m87f87_P24_Y4_UO4064,I87_F51_m87f87_P24_Y2_UO4040,FXX,0,0.0,0,0,0.0,0,0,0,0.0,0.75,1,P86_CV0,2,2,0,2,0,0,2,0,2
24,-554882.3673,162929.5893,Age0_F24_m87f87_P24_Y7_UO4098,I87_F24_m87f87_P24_Y3_UO3992,I87_F51_m87f87_P24_Y2_UO4067,FXX,0,0.0,0,0,0.0,0,0,0,0.0,0.625,1,P86_CV0,2,1,1,0,2,0,2,0,2
24,-554882.3673,162929.5893,Age0_F24_m87f87_P24_Y7_UO4101,I87_F24_m87f87_P24_Y3_UO4051,ID87_F24_m87f87_P24_Y5_UO4033,MXY,0,0.0,0,0,0.0,0,0,0,0.0,0.5,1,P86_CV0,2,2,0,1,1,0,2,0,2
24,-554882.3673,162929.5893,Age0_F24_m87f87_P24_Y7_UO4106,I87_F24_m30f30_P13_Y3_UO1387,I87_F13_m87f87_P24_Y5_UO4030,MXY,0,0.0,0,0,0.0,0,0,0,0.0,0.625,1,P86_CV0,2,2,0,0,2,0,2,0,2
24,-554882.3673,162929.5893,Age0_F24_m87f87_P24_Y7_UO4110,ID87_F24_m87f87_P24_Y2_UO4045,I87_F24_m-1f-1_P87_Y-1_U186,MXY,0,0.0,0,0,0.0,0,0,0,0.0,0.5625,1,P86_CV0,2,1,1,1,1,0,2,0,2
24,-554882.3673,162929.5893,Age0_F24_m87f87_P24_Y7_UO4112,I87_F24_m88f88_P29_Y2_UO4108,I87_F51_m87f87_P24_Y4_UO4073,MXY,0,0.0,0,0,0.0,0,0,0,0.0,0.25,1,P86_CV0,2,0,2,1,1,0,2,0,2
24,-554882.3673,162929.5893,Age0_F24_m87f87_P24_Y7_UO4114,ID87_F24_m87f87_P24_Y2_UO4057,I87_F24_m87f87_P24_Y3_UO3993,MXY,0,0.0,0,0,0.0,0,0,0,0.0,0.5,1,P86_CV0,2,1,1,0,2,0,2,0,2
24,-554882.3673,162929.5893,Age0_F24_m87f87_P24_Y7_UO4116,I87_F24_m87f87_P24_Y1_UO3850,I87_F24_m87f87_P24_Y1_UO3827,MXY,0,0.0,0,0,0.0,0,0,0,0.0,0.25,1,P86_CV0,2,0,2,2,0,0,2,0,2
24,-554882.3673,162929.5893,Age0_F24_m87f87_P24_Y7_UO4118,I87_F24_m87f87_P24_Y1_UO3842,I87_F24_m87f87_P51_Y5_UO4090,FXX,0,0.0,0,0,0.0,0,0,0,0.0,0.75,1,P86_CV0,2,2,0,2,0,0,2,0,2
24,-554882.3673,162929.5893,Age0_F24_m87f87_P24_Y7_UO4119,ID87_F24_m87f87_P51_Y1_UO3825,ID87_F24_m87f87_P24_Y5_UO4033,FXX,0,0.0,0,0,0.0,0,0,0,0.0,0.5,1,P86_CV0,2,0,2,0,2,0,2,0,2
24,-554882.3673,162929.5893,Age0_F24_m87f87_P24_Y7_UO4121,I87_F19_m87f87_P51_Y1_UO3860,I87_F24_m87f87_P24_Y4_UO4055,FXX,0,0.0,0,0,0.0,0,0,0,0.0,0.75,1,P86_CV0,2,2,0,0,2,0,2,0,2
24,-554882.3673,162929.5893,Age0_F24_m87f87_P24_Y7_UO4124,I87_F24_m87f87_P24_Y1_UO3894,I87_F24_m87f87_P24_Y2_UO4046,FXX,0,0.0,0,0,0.0,0,0,0,0.0,0.5,1,P86_CV0,2,0,2,0,2,0,2,0,2
24,-554882.3673,162929.5893,Age0_F24_m87f87_P24_Y7_UO4126,I87_F24_m87f87_P24_Y1_UO3856,ID87_F67_m87f87_P24_Y3_UO4058,FXX,0,0.0,0,0,0.0,0,0,0,0.0,0.625,1,P86_CV0,2,1,1,0,2,0,2,0,2
24,-554882.3673,162929.5893,Age0_F24_m87f87_P24_Y7_UO4127,ID87_F24_m87f87_P24_Y0_UO4389,I87_F13_m87f87_P24_Y5_UO4030,FXX,0,0.0,0,0,0.0,0,0,0,0.0,0.5,1,P86_CV0,2,1,1,0,2,0,2,0,2
24,-554882.3673,162929.5893,Age0_F24_m87f87_P24_Y7_UO4128,I87_F24_m87f87_P67_Y0_UO4367,I87_F24_m4f4_P67_Y4_UO224,MXY,0,0.0,0,0,0.0,0,0,0,0.0,0.375,1,P86_CV0,2,1,1,1,1,0,2,0,2
24,-554882.3673,162929.5893,Age0_F24_m87f87_P24_Y7_UO4129,ID87_F24_m87f87_P24_Y0_UO4356,ID87_F24_m87f87_P24_Y5_UO4033,MXY,0,0.0,0,0,0.0,0,0,0,0.0,0.5,1,P86_CV0,2,1,1,1,1,0,2,0,2
24,-554882.3673,162929.5893,Age0_F24_m87f87_P24_Y7_UO4131,I87_F67_m87f87_P24_Y0_UO4386,I87_F24_m87f87_P24_Y2_UO4046,MXY,0,0.0,0,0,0.0,0,0,0,0.0,0.5,1,P86_CV0,2,1,1,0,2,0,2,0,2
24,-554882.3673,162929.5893,Age0_F24_m87f87_P24_Y7_UO4134,ID87_F51_m87f87_P24_Y0_UO4341,I87_F24_m87f87_P24_Y5_UO4073,FXX,0,0.0,0,0,0.0,0,0,0,0.0,0.25,1,P86_CV0,2,0,2,2,0,0,2,0,2
24,-554882.3673,162929.5893,Age0_F24_m87f87_P24_Y7_UO4136,ID87_F24_m-1f-1_P87_Y-1_U130,I87_F24_m46f46_P93_Y5_UO2308,MXY,0,0.0,0,0,0.0,0,0,0,0.0,0.625,1,P86_CV0,2,2,0,2,0,0,2,0,2
24,-554882.3673,162929.5893,Age0_F24_m87f87_P24_Y7_UO4137,I87_F24_m-1f-1_P87_Y-1_U48,I87_F24_m87f87_P24_Y1_UO3827,FXX,0,0.0,0,0,0.0,0,0,0,0.0,0.0,1,P86_CV0,2,0,2,1,1,0,2,0,2
24,-554882.3673,162929.5893,Age0_F24_m87f87_P24_Y7_UO4139,I87_F24_m-1f-1_P87_Y-1_U124,I87_F13_m87f87_P24_Y5_UO4030,FXX,0,0.0,0,0,0.0,0,0,0,0.0,0.625,1,P86_CV0,2,2,0,0,2,0,2,0,2
24,-554882.3673,162929.5893,Age0_F24_m87f87_P24_Y7_UO4142,ID87_F24_m-1f-1_P87_Y-1_U235,ID87_F51_m4f4_P67_Y4_UO250,FXX,0,0.0,0,0,0.0,0,0,0,0.0,0.375,1,P86_CV0,2,1,1,2,0,0,2,0,2
24,-554882.3673,162929.5893,Age0_F24_m87f87_P24_Y7_UO4143,I87_F93_m-1f-1_P87_Y-1_U170,I87_F13_m87f87_P24_Y5_UO4030,FXX,0,0.0,0,0,0.0,0,0,0,0.0,0.875,1,P86_CV0,2,2,0,1,1,0,2,0,2
24,-554882.3673,162929.5893,Age0_F24_m87f87_P24_Y7_UO4144,I87_F24_m-1f-1_P87_Y-1_U38,I87_F54_m87f87_P24_Y3_UO4056,FXX,0,0.0,0,0,0.0,0,0,0,0.0,0.1875,1,P86_CV0,2,0,2,1,1,0,2,0,2
24,-554882.3673,162929.5893,Age0_F24_m87f87_P24_Y7_UO4149,I87_F67_m-1f-1_P87_Y-1_U59,I87_F24_m87f87_P24_Y5_UO4075,MXY,0,0.0,0,0,0.0,0,0,0,0.0,0.46875,1,P86_CV0,2,0,2,1,1,0,2,0,2
24,-554882.3673,162929.5893,Age0_F24_m87f87_P24_Y7_UO4152,I87_F24_m-1f-1_P87_Y-1_U34,ID87_F24_m-1f-1_P87_Y-1_U113,MXY,0,0.0,0,0,0.0,0,0,0,0.0,0.5,1,P86_CV0,2,1,1,0,2,0,2,0,2
24,-554882.3673,162929.5893,Age0_F24_m87f87_P24_Y7_UO4153,I87_F24_m-1f-1_P87_Y-1_U65,ID87_F51_m87f87_P24_Y4_UO4030,FXX,0,0.0,0,0,0.0,0,0,0,0.0,0.75,1,P86_CV0,2,1,1,0,2,0,2,0,2
24,-554882.3673,162929.5893,Age0_F24_m87f87_P24_Y7_UO4154,ID87_F24_m-1f-1_P87_Y-1_U115,I87_F24_m87f87_P24_Y5_UO4036,MXY,0,0.0,0,0,0.0,0,0,0,0.0,0.4375,1,P86_CV0,2,1,1,0,2,0,2,0,2
24,-554882.3673,162929.5893,E24_F87_m87f87_P24_Y6_UO4071,ID87_F24_m87f87_P24_Y4_UO4039,I87_F24_m87f87_P24_Y4_UO4080,MXY,1,0.0,1,1,0.0,0,0,0,-9999.0,0.625,1,P86_CV0,2,2,0,1,1,0,2,0,2
24,-554882.3673,162929.5893,E24_F87_m87f87_P24_Y6_UO4072,I87_F24_m87f87_P24_Y4_UO4020,I87_F24_m-1f-1_P87_Y-1_U1,MXY,1,0.0,1,1,0.0,0,0,0,-9999.0,0.625,1,P86_CV0,2,1,1,0,2,0,2,0,2
24,-554882.3673,162929.5893,E24_F87_m87f87_P24_Y6_UO4074,ID87_F24_m4f4_P67_Y4_UO260,I87_F24_m87f87_P24_Y4_UO4057,MXY,1,0.0,1,1,0.0,0,0,0,-9999.0,0.5,1,P86_CV0,2,1,1,1,1,0,2,0,2
24,-554882.3673,162929.5893,E24_F87_m87f87_P24_Y6_UO4075,I87_F24_m39f39_P19_Y4_UO1859,I87_F67_m87f87_P51_Y4_UO4036,MXY,1,0.0,1,1,0.0,0,0,0,-9999.0,0.25,1,P86_CV0,2,1,1,1,1,0,2,0,2
24,-554882.3673,162929.5893,E24_F87_m87f87_P24_Y6_UO4077,I87_F51_m87f87_P24_Y4_UO4064,I87_F93_m87f87_P24_Y2_UO4035,MXY,1,0.0,1,1,0.0,0,0,0,-9999.0,0.75,1,P86_CV0,2,2,0,0,2,0,2,0,2
24,-554882.3673,162929.5893,E24_F87_m87f87_P24_Y6_UO4078,I87_F24_m87f87_P24_Y4_UO4074,I87_F24_m78f78_P24_Y3_UO3511,MXY,1,0.0,1,1,0.0,0,0,0,-9999.0,0.5,1,P86_CV0,2,1,1,2,0,0,2,0,2
24,-554882.3673,162929.5893,E24_F87_m87f87_P24_Y6_UO4084,I87_F24_m39f39_P51_Y4_UO1861,I87_F24_m-1f-1_P87_Y-1_U120,FXX,1,0.0,1,1,1.0,0,0,0,-9999.0,0.75,1,P86_CV0,2,1,1,0,2,0,2,0,2
24,-554882.3673,162929.5893,E24_F87_m87f87_P24_Y6_UO4086,I87_F51_m87f87_P51_Y4_UO4028,I87_F24_m87f87_P24_Y2_UO4023,MXY,1,0.0,1,1,0.0,0,0,0,-9999.0,0.5,1,P86_CV0,2,1,1,1,1,0,2,0,2
24,-554882.3673,162929.5893,E24_F87_m87f87_P24_Y6_UO4087,I87_F24_m87f87_P24_Y4_UO4083,I87_F24_m-1f-1_P87_Y-1_U249,FXX,1,0.0,1,1,1.0,0,0,0,-9999.0,0.5,1,P86_CV0,2,1,1,0,2,0,2,0,2
24,-554882.3673,162929.5893,E24_F87_m87f87_P24_Y6_UO4092,I87_F19_m87f87_P24_Y4_UO4076,I87_F24_m87f87_P51_Y0_UO4324,FXX,1,0.0,1,1,1.0,0,0,0,-9999.0,0.0,1,P86_CV0,2,0,2,2,0,0,2,0,2
24,-554882.3673,162929.5893,E24_F87_m87f87_P24_Y6_UO4096,ID87_F24_m87f87_P24_Y4_UO4015,I87_F24_m87f87_P24_Y0_UO4326,MXY,1,0.0,1,1,0.0,0,0,0,-9999.0,0.46875,1,P86_CV0,2,0,2,1,1,0,2,0,2
24,-554882.3673,162929.5893,E24_F87_m87f87_P24_Y6_UO4097,I87_F93_m87f87_P24_Y4_UO4042,I87_F51_m87f87_P24_Y2_UO4060,MXY,1,0.0,1,1,0.0,0,0,0,-9999.0,0.6875,1,P86_CV0,2,1,1,2,0,0,2,0,2
24,-554882.3673,162929.5893,E24_F87_m87f87_P24_Y6_UO4098,I87_F24_m87f87_P24_Y3_UO4017,I87_F51_m87f87_P24_Y4_UO4026,MXY,1,0.0,1,1,0.0,0,0,0,-9999.0,0.4375,1,P86_CV0,2,0,2,2,0,0,2,0,2
24,-554882.3673,162929.5893,E24_F87_m87f87_P24_Y6_UO4100,ID87_F67_m87f87_P24_Y3_UO4049,I87_F24_m87f87_P24_Y4_UO4038,MXY,1,0.0,1,1,0.0,0,0,0,-9999.0,0.125,1,P86_CV0,2,0,2,1,1,0,2,0,2
24,-554882.3673,162929.5893,E24_F87_m87f87_P24_Y6_UO4101,I87_F24_m87f87_P24_Y3_UO4035,I87_F24_m87f87_P24_Y4_UO4024,FXX,1,0.0,1,1,1.0,0,0,0,-9999.0,0.625,1,P86_CV0,2,1,1,1,1,0,2,0,2
24,-554882.3673,162929.5893,E24_F87_m87f87_P24_Y6_UO4102,I87_F13_m87f87_P24_Y3_UO3998,I87_F51_m87f87_P24_Y2_UO4004,FXX,1,0.0,1,1,1.0,0,0,0,-9999.0,0.375,1,P86_CV0,2,0,2,2,0,0,2,0,2
24,-554882.3673,162929.5893,E24_F87_m87f87_P24_Y6_UO4108,I87_F24_m87f87_P24_Y3_UO4042,I87_F24_m87f87_P24_Y3_UO3996,FXX,1,0.0,1,1,1.0,0,0,0,-9999.0,0.4375,1,P86_CV0,2,1,1,1,1,0,2,0,2
24,-554882.3673,162929.5893,E24_F87_m87f87_P24_Y6_UO4109,I87_F24_m87f87_P24_Y3_UO4051,I87_F51_m87f87_P24_Y3_UO4009,MXY,1,0.0,1,1,0.0,0,0,0,-9999.0,0.5625,1,P86_CV0,2,1,1,1,1,0,2,0,2
24,-554882.3673,162929.5893,E24_F87_m87f87_P24_Y6_UO4110,ID87_F24_m39f39_P51_Y3_UO1841,ID87_F24_m87f87_P24_Y4_UO4055,FXX,1,0.0,1,1,1.0,0,0,0,-9999.0,0.5,1,P86_CV0,2,1,1,1,1,0,2,0,2
24,-554882.3673,162929.5893,E24_F87_m87f87_P24_Y6_UO4114,I87_F24_m60f60_P75_Y3_UO2852,ID87_F24_m87f87_P24_Y3_UO4010,FXX,1,0.0,1,1,1.0,0,0,0,-9999.0,0.375,1,P86_CV0,2,1,1,0,2,0,2,0,2
24,-554882.3673,162929.5893,E24_F87_m87f87_P24_Y6_UO4116,I87_F24_m87f87_P24_Y2_UO4036,I87_F24_m87f87_P24_Y1_UO3866,FXX,1,0.0,1,1,1.0,0,0,0,-9999.0,0.5,1,P86_CV0,2,1,1,0,2,0,2,0,2
24,-554882.3673,162929.5893,E24_F87_m87f87_P24_Y6_UO4119,ID87_F29_m88f88_P29_Y2_UO4108,I87_F51_m-1f-1_P87_Y-1_U77,FXX,1,0.0,1,1,1.0,0,0,0,-9999.0,0.25,1,P86_CV0,2,1,1,1,1,0,2,0,2
24,-554882.3673,162929.5893,E24_F87_m87f87_P24_Y6_UO4121,I87_F24_m87f87_P24_Y2_UO4057,I87_F24_m-1f-1_P87_Y-1_U215,MXY,1,0.0,1,1,0.0,0,0,0,-9999.0,0.125,1,P86_CV0,2,0,2,1,1,0,2,0,2
24,-554882.3673,162929.5893,E24_F87_m87f87_P24_Y6_UO4123,I87_F24_m87f87_P24_Y1_UO3850,I87_F24_m87f87_P24_Y4_UO4068,FXX,1,0.0,1,1,1.0,0,0,0,-9999.0,0.375,1,P86_CV0,2,2,0,1,1,0,2,0,2
24,-554882.3673,162929.5893,E24_F87_m87f87_P24_Y6_UO4125,I87_F24_m87f87_P51_Y1_UO3825,ID87_F24_m87f87_P24_Y4_UO4055,MXY,1,0.0,1,1,0.0,0,0,0,-9999.0,0.5,1,P86_CV0,2,1,1,2,0,0,2,0,2
24,-554882.3673,162929.5893,E24_F87_m87f87_P24_Y6_UO4128,I87_F24_m87f87_P51_Y1_UO3859,I87_F13_m87f87_P24_Y2_UO4056,MXY,1,0.0,1,1,0.0,0,0,0,-9999.0,0.625,1,P86_CV0,2,1,1,0,2,0,2,0,2
24,-554882.3673,162929.5893,E24_F87_m87f87_P24_Y6_UO4129,I87_F51_m87f87_P51_Y1_UO3889,I87_F24_m-1f-1_P87_Y-1_U75,FXX,1,0.0,1,1,1.0,0,0,0,-9999.0,0.25,1,P86_CV0,2,1,1,1,1,0,2,0,2
24,-554882.3673,162929.5893,E24_F87_m87f87_P24_Y6_UO4132,I87_F51_m87f87_P24_Y1_UO3842,I87_F24_m87f87_P24_Y3_UO4056,FXX,1,0.0,1,1,1.0,0,0,0,-9999.0,0.6875,1,P86_CV0,2,2,0,0,2,0,2,0,2
24,-554882.3673,162929.5893,E24_F87_m87f87_P24_Y6_UO4133,I87_F24_m87f87_P24_Y1_UO3856,I87_F24_m-1f-1_P87_Y-1_U75,FXX,1,0.0,1,1,1.0,0,0,0,-9999.0,0.5,1,P86_CV0,2,0,2,0,2,0,2,0,2
24,-554882.3673,162929.5893,E24_F87_m87f87_P24_Y6_UO4135,I87_F24_m4f4_P24_Y0_UO234,ID87_F24_m87f87_P67_Y4_UO4014,FXX,1,0.0,1,1,1.0,0,0,0,-9999.0,0.375,1,P86_CV0,2,1,1,1,1,0,2,0,2
24,-554882.3673,162929.5893,E24_F87_m87f87_P24_Y6_UO4138,ID87_F24_m87f87_P24_Y0_UO4316,I87_F24_m-1f-1_P87_Y-1_U100,FXX,1,0.0,1,1,1.0,0,0,0,-9999.0,0.375,1,P86_CV0,2,1,1,0,2,0,2,0,2
24,-554882.3673,162929.5893,E24_F87_m87f87_P24_Y6_UO4143,ID87_F51_m87f87_P24_Y0_UO4356,I87_F24_m4f4_P67_Y4_UO224,MXY,1,0.0,1,1,0.0,0,0,0,-9999.0,0.375,1,P86_CV0,2,0,2,2,0,0,2,0,2
24,-554882.3673,162929.5893,E24_F87_m87f87_P24_Y6_UO4145,I87_F24_m-1f-1_P87_Y-1_U132,I87_F67_m87f87_P24_Y4_UO4073,FXX,1,0.0,1,1,1.0,0,0,0,-9999.0,0.25,1,P86_CV0,2,0,2,0,2,0,2,0,2
24,-554882.3673,162929.5893,E24_F87_m87f87_P24_Y6_UO4147,I87_F24_m-1f-1_P87_Y-1_U130,I87_F24_m87f87_P24_Y4_UO4080,FXX,1,0.0,1,1,1.0,0,0,0,-9999.0,0.625,1,P86_CV0,2,2,0,1,1,0,2,0,2
24,-554882.3673,162929.5893,E24_F87_m87f87_P24_Y6_UO4148,I87_F51_m-1f-1_P87_Y-1_U124,I87_F24_m87f87_P24_Y3_UO4055,FXX,1,0.0,1,1,1.0,0,0,0,-9999.0,0.5625,1,P86_CV0,2,0,2,2,0,0,2,0,2
24,-554882.3673,162929.5893,E24_F87_m87f87_P24_Y6_UO4152,I87_F51_m-1f-1_P87_Y-1_U38,I87_F51_m87f87_P24_Y2_UO4060,FXX,1,0.0,1,1,1.0,0,0,1,-9999.0,0.375,1,P86_CV0,2,1,1,2,0,0,2,0,2
24,-554882.3673,162929.5893,E24_F87_m87f87_P24_Y6_UO4155,I87_F24_m-1f-1_P87_Y-1_U142,I87_F51_m87f87_P24_Y2_UO4040,FXX,1,0.0,1,1,1.0,0,0,0,-9999.0,0.375,1,P86_CV0,2,1,1,1,1,0,2,0,2
24,-554882.3673,162929.5893,E24_F87_m87f87_P24_Y6_UO4157,I87_F24_m-1f-1_P87_Y-1_U125,I87_F19_m-1f-1_P87_Y-1_U24,MXY,1,0.0,1,1,0.0,0,0,0,-9999.0,0.5,1,P86_CV0,2,1,1,0,2,0,2,0,2
24,-554882.3673,162929.5893,E24_F87_m87f87_P24_Y6_UO4159,I87_F24_m-1f-1_P78_Y-1_U57,I87_F24_m-1f-1_P87_Y-1_U44,MXY,1,0.0,1,1,0.0,0,0,0,-9999.0,0.75,1,P86_CV0,2,1,1,2,0,0,2,0,2
24,-554882.3673,162929.5893,E24_F87_m87f87_P24_Y6_UO4164,I87_F24_m-1f-1_P87_Y-1_U65,I87_F67_m87f87_P51_Y4_UO4036,MXY,1,0.0,1,1,0.0,0,0,0,-9999.0,0.375,1,P86_CV0,2,1,1,0,2,0,2,0,2
24,-554882.3673,162929.5893,E24_F87_m87f87_P51_Y6_UO4079,I87_F24_m87f87_P24_Y4_UO4005,I87_F24_m-1f-1_P87_Y-1_U150,FXX,1,0.0,1,1,1.0,0,0,0,-9999.0,0.21875,1,P86_CV0,2,1,1,2,0,0,2,0,2
24,-554882.3673,162929.5893,E24_F87_m87f87_P51_Y6_UO4093,I87_F82_m87f87_P24_Y4_UO4071,I87_F24_m-1f-1_P87_Y-1_U226,MXY,1,0.0,1,1,0.0,0,0,0,-9999.0,0.5,1,P86_CV0,2,0,2,1,1,0,2,0,2
24,-554882.3673,162929.5893,E24_F87_m87f87_P51_Y6_UO4111,I87_F24_m87f87_P24_Y3_UO3982,I87_F24_m-1f-1_P87_Y-1_U150,MXY,1,0.0,1,1,0.0,0,0,0,-9999.0,0.125,1,P86_CV0,2,0,2,1,1,0,2,0,2
24,-554882.3673,162929.5893,E24_F87_m4f4_P67_Y6_UO281,ID4_F82_m-1f-1_P4_Y-1_U147,ID4_F82_m87f87_P67_Y4_UO4031,MXY,1,0.0,1,1,0.0,0,0,0,-9999.0,0.6875,1,P86_CV0,2,1,1,1,1,0,2,0,2
24,-554882.3673,162929.5893,E24_F87_m87f87_P67_Y6_UO4122,I87_F51_m87f87_P24_Y2_UO4041,I87_F24_m-1f-1_P87_Y-1_U1,MXY,1,0.0,1,1,0.0,0,0,0,-9999.0,0.875,1,P86_CV0,2,2,0,1,1,0,2,0,2
24,-554882.3673,162929.5893,E24_F87_m87f87_P67_Y6_UO4168,ID87_F19_m-1f-1_P87_Y-1_U83,I87_F24_m87f87_P24_Y3_UO4055,FXX,1,0.0,1,1,1.0,0,0,0,-9999.0,0.5625,1,P86_CV0,2,0,2,1,1,0,2,0,2
24,-554882.3673,162929.5893,E24_F87_m87f87_P24_Y5_UO4058,I87_F24_m87f87_P24_Y2_UO4020,I87_F24_m87f87_P24_Y2_UO4046,FXX,2,0.0,1,0,1.0,0,0,0,-9999.0,0.5,1,P86_CV0,2,1,1,1,1,0,2,0,2
24,-554882.3673,162929.5893,E24_F87_m87f87_P24_Y5_UO4116,ID87_F51_m-1f-1_P87_Y-1_U12,I87_F51_m87f87_P24_Y2_UO4004,MXY,2,0.0,1,0,0.0,0,0,0,-9999.0,0.6875,1,P86_CV0,2,1,1,1,1,0,2,0,2
24,-554882.3673,162929.5893,E24_F87_m87f87_P24_Y5_UO4089,I87_F24_m4f4_P24_Y0_UO234,I87_F24_m87f87_P24_Y1_UO3831,FXX,2,0.0,1,0,1.0,0,0,0,-9999.0,0.125,1,P86_CV0,2,1,1,0,2,0,2,0,2
24,-554882.3673,162929.5893,E24_F87_m87f87_P24_Y5_UO4059,ID87_F24_m87f87_P24_Y2_UO4057,I87_F24_m78f78_P51_Y2_UO3534,FXX,2,0.0,1,0,1.0,0,0,0,-9999.0,0.25,1,P86_CV0,2,1,1,0,2,0,2,0,2
24,-554882.3673,162929.5893,E24_F87_m87f87_P24_Y5_UO4087,I87_F51_m87f87_P24_Y0_UO4316,ID87_F24_m87f87_P24_Y3_UO4010,FXX,2,0.0,1,0,1.0,0,0,0,-9999.0,0.625,1,P86_CV0,2,1,1,1,1,0,2,0,2
24,-554882.3673,162929.5893,E24_F87_m87f87_P24_Y5_UO4103,ID87_F24_m-1f-1_P87_Y-1_U40,I87_F24_m87f87_P24_Y3_UO4001,FXX,2,0.0,1,0,1.0,0,0,0,-9999.0,0.5,1,P86_CV0,2,0,2,1,1,0,2,0,2
24,-554882.3673,162929.5893,E24_F87_m87f87_P24_Y5_UO4068,I87_F24_m87f87_P51_Y1_UO3890,I87_F24_m-1f-1_P87_Y-1_U215,MXY,2,0.0,1,0,0.0,0,0,0,-9999.0,0.25,1,P86_CV0,2,0,2,2,0,0,2,0,2
24,-554882.3673,162929.5893,E24_F87_m87f87_P24_Y5_UO4110,ID87_F24_m-1f-1_P87_Y-1_U191,I87_F24_m87f87_P24_Y2_UO4025,FXX,2,0.0,1,0,1.0,0,0,0,-9999.0,0.1875,1,P86_CV0,2,0,2,0,2,0,2,0,2
24,-554882.3673,162929.5893,E24_F87_m87f87_P24_Y5_UO4030,I87_F24_m87f87_P24_Y3_UO4051,I87_F24_m-1f-1_P87_Y-1_U1,MXY,2,0.0,1,0,0.0,0,0,0,-9999.0,0.75,1,P86_CV0,2,2,0,0,2,0,2,0,2
24,-554882.3673,162929.5893,E24_F87_m87f87_P24_Y5_UO4072,I87_F51_m87f87_P24_Y1_UO3902,ID87_F29_m78f78_P29_Y1_UO3321,FXX,2,0.0,1,0,1.0,0,0,0,-9999.0,0.625,1,P86_CV0,2,1,1,0,2,0,2,0,2
24,-554882.3673,162929.5893,E24_F87_m87f87_P24_Y5_UO4075,I87_F24_m87f87_P24_Y1_UO3850,I87_F51_m87f87_P24_Y2_UO4053,MXY,2,0.0,1,0,0.0,0,0,0,-9999.0,0.4375,1,P86_CV0,2,1,1,1,1,0,2,0,2
24,-554882.3673,162929.5893,E24_F87_m87f87_P24_Y5_UO4033,I87_F51_m87f87_P24_Y3_UO3987,I87_F13_m87f87_P24_Y3_UO3985,MXY,2,0.0,1,0,0.0,0,0,0,-9999.0,0.5,1,P86_CV0,2,1,1,1,1,0,2,0,2
24,-554882.3673,162929.5893,E24_F87_m87f87_P51_Y5_UO4064,ID87_F24_m87f87_P24_Y2_UO4041,I87_F24_m87f87_P24_Y3_UO4063,MXY,2,0.0,1,0,0.0,0,0,0,-9999.0,0.5,1,P86_CV0,2,1,1,1,1,0,2,0,2
24,-554882.3673,162929.5893,E24_F87_m4f4_P67_Y5_UO213,I4_F82_m87f87_P24_Y3_UO4047,I4_F82_m4f4_P67_Y2_UO282,MXY,2,0.0,1,0,0.0,0,0,0,-9999.0,0.5,1,P86_CV0,2,1,1,2,0,0,2,0,2
24,-554882.3673,162929.5893,E24_F87_m87f87_P24_Y5_UO4092,I87_F24_m-1f-1_P87_Y-1_U130,I87_F24_m-1f-1_P87_Y-1_U95,FXX,2,0.0,1,0,1.0,0,0,0,-9999.0,0.5,1,P86_CV0,2,1,1,2,0,0,2,0,2
24,-554882.3673,162929.5893,E24_F87_m87f87_P24_Y5_UO4032,I87_F13_m87f87_P24_Y3_UO4057,I87_F24_m87f87_P24_Y3_UO4063,FXX,2,0.0,1,0,1.0,0,0,0,-9999.0,0.375,1,P86_CV0,2,1,1,0,2,0,2,0,2
24,-554882.3673,162929.5893,E24_F87_m87f87_P51_Y5_UO4114,I87_F24_m-1f-1_P87_Y-1_U66,I87_F24_m87f87_P24_Y3_UO4030,MXY,2,0.0,1,0,0.0,0,0,0,-9999.0,0.5,1,P86_CV0,2,1,1,1,1,0,2,0,2
24,-554882.3673,162929.5893,E24_F87_m87f87_P24_Y5_UO4043,I87_F24_m39f39_P51_Y3_UO1843,I87_F51_m87f87_P24_Y3_UO4054,FXX,2,0.0,1,0,1.0,0,0,0,-9999.0,0.3125,1,P86_CV0,2,1,1,1,1,0,2,0,2
24,-554882.3673,162929.5893,E24_F87_m87f87_P24_Y5_UO4055,I87_F51_m87f87_P24_Y2_UO4008,I87_F24_m87f87_P24_Y2_UO4052,FXX,2,0.0,1,0,1.0,0,0,0,-9999.0,0.5,1,P86_CV0,2,1,1,1,1,0,2,0,2
24,-554882.3673,162929.5893,E24_F87_m87f87_P24_Y5_UO4100,I87_F51_m-1f-1_P87_Y-1_U125,I87_F24_m-1f-1_P87_Y-1_U190,FXX,2,0.0,1,0,1.0,0,0,0,-9999.0,0.75,1,P86_CV0,2,1,1,2,0,0,2,0,2
24,-554882.3673,162929.5893,E24_F87_m87f87_P51_Y5_UO4094,I87_F24_m-1f-1_P87_Y-1_U170,ID87_F24_m87f87_P24_Y2_UO4067,MXY,2,0.0,1,0,0.0,0,0,0,-9999.0,0.875,1,P86_CV0,2,2,0,2,0,0,2,0,2
24,-554882.3673,162929.5893,E24_F87_m87f87_P24_Y5_UO4106,I87_F24_m-1f-1_P87_Y-1_U59,ID87_F24_m-1f-1_P87_Y-1_U32,MXY,2,0.0,1,0,0.0,0,0,0,-9999.0,0.25,1,P86_CV0,2,0,2,2,0,0,2,0,2
24,-554882.3673,162929.5893,E24_F87_m87f87_P24_Y5_UO4037,I87_F24_m39f39_P51_Y3_UO1822,I87_F24_m-1f-1_P87_Y-1_U215,MXY,2,0.0,1,0,0.0,0,0,0,-9999.0,0.125,1,P86_CV0,2,0,2,2,0,0,2,0,2
24,-554882.3673,162929.5893,E24_F87_m39f39_P93_Y5_UO1864,I39_F13_m-1f-1_P39_Y-1_U114,ID39_F19_m87f87_P51_Y2_UO4058,FXX,2,0.0,1,0,1.0,0,0,0,-9999.0,0.0,1,P86_CV0,2,0,2,0,2,0,2,0,2
24,-554882.3673,162929.5893,E24_F87_m87f87_P24_Y5_UO4035,I87_F24_m39f39_P51_Y3_UO1841,ID87_F24_m-1f-1_P87_Y-1_U27,MXY,2,0.0,1,0,0.0,0,0,0,-9999.0,0.25,1,P86_CV0,2,0,2,2,0,0,2,0,2
24,-554882.3673,162929.5893,E24_F87_m87f87_P51_Y5_UO4090,I87_F24_m-1f-1_P87_Y-1_U48,ID87_F24_m-1f-1_P87_Y-1_U120,MXY,2,0.0,1,0,0.0,0,0,0,-9999.0,0.5,1,P86_CV0,2,1,1,2,0,0,2,0,2
24,-554882.3673,162929.5893,E24_F87_m87f87_P24_Y5_UO4073,I87_F24_m87f87_P51_Y1_UO3825,I87_F24_m-1f-1_P87_Y-1_U215,MXY,2,0.0,1,0,0.0,0,0,0,-9999.0,0.25,1,P86_CV0,2,0,2,1,1,0,2,0,2
24,-554882.3673,162929.5893,E24_F87_m87f87_P24_Y5_UO4036,I87_F24_m87f87_P24_Y3_UO3981,I87_F67_m87f87_P24_Y0_UO4336,MXY,2,0.0,1,0,0.0,0,0,0,-9999.0,0.375,1,P86_CV0,2,0,2,1,1,0,2,0,2
24,-554882.3673,162929.5893,E24_F87_m87f87_P24_Y4_UO4042,I87_F24_m87f87_P24_Y0_UO4386,I87_F24_m87f87_P51_Y1_UO3836,FXX,3,0.0,1,0,1.0,0,0,0,-9999.0,0.625,1,P86_CV0,2,0,2,1,1,0,2,0,2
24,-554882.3673,162929.5893,E24_F87_m87f87_P24_Y4_UO4006,I87_F67_m87f87_P51_Y2_UO4061,I87_F24_m-1f-1_P87_Y-1_U39,MXY,3,0.0,1,0,0.0,0,0,0,-9999.0,0.375,1,P86_CV0,2,1,1,1,1,0,2,0,2
24,-554882.3673,162929.5893,E24_F87_m87f87_P24_Y4_UO4074,ID87_F51_m-1f-1_P87_Y-1_U142,ID87_F24_m-1f-1_P87_Y-1_U95,FXX,3,0.0,1,0,1.0,0,0,1,-9999.0,0.25,1,P86_CV0,2,0,2,1,1,0,2,0,2
24,-554882.3673,162929.5893,E24_F87_m87f87_P24_Y4_UO4065,I87_F51_m-1f-1_P87_Y-1_U170,I87_F24_m87f87_P24_Y1_UO3831,FXX,3,0.0,1,0,1.0,0,0,0,-9999.0,0.625,1,P86_CV0,2,2,0,0,2,0,2,0,2
24,-554882.3673,162929.5893,E24_F87_m78f78_P13_Y4_UO3517,I78_F13_m-1f-1_P78_Y-1_U195,ID78_F38_m87f87_P51_Y0_UO4333,FXX,3,0.0,1,0,1.0,0,0,0,-9999.0,0.5,1,P86_CV0,2,2,0,0,2,0,2,0,2
24,-554882.3673,162929.5893,E24_F87_m87f87_P24_Y4_UO4044,ID87_F51_m87f87_P24_Y0_UO4330,I87_F24_m87f87_P51_Y2_UO4038,FXX,3,0.0,1,0,1.0,0,0,0,-9999.0,0.625,1,P86_CV0,2,2,0,1,1,0,2,0,2
24,-554882.3673,162929.5893,E24_F87_m87f87_P24_Y4_UO4030,ID87_F24_m87f87_P51_Y1_UO3860,I87_F24_m-1f-1_P87_Y-1_U1,MXY,3,0.0,1,0,0.0,0,0,0,-9999.0,1.0,1,P86_CV0,2,2,0,0,2,0,2,0,2
24,-554882.3673,162929.5893,E24_F87_m87f87_P24_Y4_UO4073,I87_F24_m-1f-1_P87_Y-1_U72,I87_F24_m87f87_P24_Y1_UO3897,MXY,3,0.0,1,0,0.0,0,0,0,-9999.0,0.5,1,P86_CV0,2,0,2,0,2,0,2,0,2
24,-554882.3673,162929.5893,E24_F87_m87f87_P24_Y4_UO4078,I87_F51_m-1f-1_P87_Y-1_U59,I87_F24_m87f87_P24_Y2_UO4026,FXX,3,0.0,1,0,1.0,0,0,0,-9999.0,0.375,1,P86_CV0,2,1,1,0,2,0,2,0,2
24,-554882.3673,162929.5893,E24_F87_m87f87_P24_Y4_UO4026,I87_F24_m87f87_P24_Y1_UO3850,ID87_F24_m-1f-1_P87_Y-1_U215,MXY,3,0.0,1,0,0.0,0,0,0,-9999.0,0.25,1,P86_CV0,2,0,2,2,0,0,2,0,2
24,-554882.3673,162929.5893,E24_F87_m87f87_P24_Y4_UO4055,I87_F51_m87f87_P67_Y0_UO4367,I87_F24_m87f87_P24_Y2_UO4023,MXY,3,0.0,1,0,0.0,0,0,0,-9999.0,0.5,1,P86_CV0,2,2,0,1,1,0,2,0,2
24,-554882.3673,162929.5893,E24_F87_m87f87_P24_Y4_UO4005,ID87_F24_m87f87_P24_Y2_UO4016,I87_F67_m87f87_P24_Y1_UO3866,FXX,3,0.0,1,0,1.0,0,0,0,-9999.0,0.4375,1,P86_CV0,2,2,0,1,1,0,2,0,2
24,-554882.3673,162929.5893,E24_F87_m87f87_P24_Y4_UO4067,I87_F24_m-1f-1_P87_Y-1_U38,ID87_F24_m-1f-1_P87_Y-1_U208,FXX,3,0.0,1,0,1.0,0,0,0,-9999.0,0.0,1,P86_CV0,2,0,2,2,0,0,2,0,2
24,-554882.3673,162929.5893,E24_F87_m87f87_P24_Y4_UO4068,ID87_F24_m-1f-1_P87_Y-1_U45,I87_F24_m87f87_P24_Y2_UO4052,MXY,3,0.0,1,0,0.0,0,0,0,-9999.0,0.25,1,P86_CV0,2,1,1,0,2,0,2,0,2
24,-554882.3673,162929.5893,E24_F87_m87f87_P24_Y4_UO4076,I87_F24_m-1f-1_P87_Y-1_U163,I87_F24_m-1f-1_P87_Y-1_U0,FXX,3,0.0,1,0,1.0,0,0,0,-9999.0,0.0,1,P86_CV0,2,0,2,2,0,0,2,0,2
24,-554882.3673,162929.5893,E24_F87_m87f87_P24_Y4_UO4088,I87_F24_m-1f-1_P87_Y-1_U184,I87_F24_m-1f-1_P87_Y-1_U113,MXY,3,0.0,1,0,0.0,0,0,0,-9999.0,0.5,1,P86_CV0,2,1,1,2,0,0,2,0,2
24,-554882.3673,162929.5893,E24_F87_m87f87_P51_Y4_UO4028,I87_F24_m87f87_P24_Y1_UO3894,I87_F51_m87f87_P24_Y2_UO4089,FXX,3,0.0,1,0,1.0,0,0,0,-9999.0,0.5,1,P86_CV0,2,0,2,0,2,0,2,0,2
24,-554882.3673,162929.5893,E24_F87_m87f87_P24_Y4_UO4009,ID87_F93_m87f87_P24_Y2_UO4031,I87_F24_m87f87_P24_Y1_UO3883,FXX,3,0.0,1,0,1.0,0,0,0,-9999.0,0.25,1,P86_CV0,2,0,2,1,1,0,2,0,2
24,-554882.3673,162929.5893,E24_F87_m87f87_P24_Y4_UO4064,I87_F24_m-1f-1_P87_Y-1_U99,I87_F24_m-1f-1_P87_Y-1_U144,FXX,3,0.0,1,0,1.0,0,0,0,-9999.0,0.75,1,P86_CV0,2,2,0,1,1,0,2,0,2
24,-554882.3673,162929.5893,E24_F87_m87f87_P24_Y4_UO4057,I87_F75_m-1f-1_P87_Y-1_U130,I87_F24_m87f87_P24_Y1_UO3848,MXY,3,0.0,1,0,0.0,0,0,0,-9999.0,0.5,1,P86_CV0,2,1,1,1,1,0,2,0,2
24,-554882.3673,162929.5893,E24_F87_m87f87_P24_Y3_UO3992,ID87_F24_m87f87_P24_Y1_UO3850,ID87_F24_m87f87_P24_Y1_UO3897,FXX,4,0.0,1,0,1.0,0,0,0,-9999.0,0.5,1,P86_CV0,2,0,2,1,1,0,2,0,2
24,-554882.3673,162929.5893,E24_F87_m87f87_P24_Y3_UO4051,I87_F51_m-1f-1_P87_Y-1_U145,I87_F24_m-1f-1_P87_Y-1_U183,FXX,4,0.0,1,0,1.0,0,0,0,-9999.0,0.5,1,P86_CV0,2,1,1,1,1,0,2,0,2
24,-554882.3673,162929.5893,E24_F87_m87f87_P24_Y3_UO4009,I87_F24_m87f87_P51_Y0_UO4393,I87_F61_m-1f-1_P87_Y-1_U47,MXY,4,0.0,1,0,0.0,0,0,1,-9999.0,0.625,1,P86_CV0,2,1,1,0,2,0,2,0,2
24,-554882.3673,162929.5893,E24_F87_m87f87_P24_Y3_UO4046,I87_F24_m-1f-1_P87_Y-1_U162,I87_F51_m-1f-1_P87_Y-1_U64,FXX,4,0.0,1,0,1.0,0,0,0,-9999.0,0.25,1,P86_CV0,2,0,2,1,1,0,2,0,2
24,-554882.3673,162929.5893,E24_F87_m87f87_P24_Y3_UO3998,ID87_F67_m87f87_P24_Y1_UO3822,ID87_F24_m87f87_P24_Y1_UO3897,FXX,4,0.0,1,0,1.0,0,0,1,-9999.0,0.375,1,P86_CV0,2,0,2,1,1,0,2,0,2
24,-554882.3673,162929.5893,E24_F87_m87f87_P24_Y3_UO3985,ID87_F24_m87f87_P24_Y1_UO3874,I87_F67_m87f87_P24_Y0_UO4390,MXY,4,0.0,1,0,0.0,0,0,0,-9999.0,0.0,1,P86_CV0,2,0,2,1,1,0,2,0,2
24,-554882.3673,162929.5893,E24_F87_m87f87_P24_Y3_UO4058,I87_F24_m-1f-1_P87_Y-1_U34,I87_F24_m-1f-1_P87_Y-1_U95,MXY,4,0.0,1,0,0.0,0,0,0,-9999.0,0.75,1,P86_CV0,2,1,1,1,1,0,2,0,2
24,-554882.3673,162929.5893,E24_F87_m87f87_P24_Y3_UO4063,I87_F24_m-1f-1_P87_Y-1_U66,I87_F24_m87f87_P24_Y0_UO4406,MXY,4,0.0,1,0,0.0,0,0,0,-9999.0,0.25,1,P86_CV0,2,1,1,0,2,0,2,0,2
24,-554882.3673,162929.5893,E24_F87_m87f87_P24_Y2_UO4056,I87_F51_m-1f-1_P87_Y-1_U125,I87_F24_m-1f-1_P87_Y-1_U69,MXY,5,0.0,1,0,0.0,0,0,0,-9999.0,0.75,1,P86_CV0,2,1,1,0,2,0,2,0,2
24,-554882.3673,162929.5893,E24_F87_m87f87_P24_Y2_UO4025,I87_F51_m87f87_P24_Y0_UO4320,I87_F24_m-1f-1_P87_Y-1_U179,MXY,5,0.0,1,0,0.0,0,0,0,-9999.0,0.375,1,P86_CV0,2,0,2,1,1,0,2,0,2
24,-554882.3673,162929.5893,E24_F87_m87f87_P24_Y2_UO4045,ID87_F24_m-1f-1_P87_Y-1_U38,I87_F24_m87f87_P24_Y0_UO4326,FXX,5,0.0,1,0,1.0,0,0,0,-9999.0,0.125,1,P86_CV0,2,1,1,0,2,0,2,0,2
24,-554882.3673,162929.5893,E24_F87_m87f87_P24_Y2_UO4050,ID87_F24_m-1f-1_P87_Y-1_U80,I87_F24_m87f87_P24_Y0_UO4327,MXY,5,0.0,1,0,0.0,0,0,0,-9999.0,0.625,1,P86_CV0,2,1,1,0,2,0,2,0,2
24,-554882.3673,162929.5893,E24_F87_m87f87_P24_Y2_UO4023,I87_F24_m87f87_P51_Y0_UO4334,I87_F24_m-1f-1_P87_Y-1_U146,MXY,5,0.0,1,0,0.0,0,0,0,-9999.0,0.5,1,P86_CV0,2,2,0,1,1,0,2,0,2
24,-554882.3673,162929.5893,E24_F87_m87f87_P24_Y2_UO4057,I87_F24_m-1f-1_P87_Y-1_U116,I87_F24_m4f4_P67_Y0_UO287,FXX,5,0.0,1,0,1.0,0,0,0,-9999.0,0.25,1,P86_CV0,2,0,2,0,2,0,2,0,2
24,-554882.3673,162929.5893,E24_F87_m87f87_P24_Y2_UO4032,I87_F24_m-1f-1_P87_Y-1_U48,I87_F24_m-1f-1_P87_Y-1_U57,MXY,5,0.0,1,0,0.0,0,0,0,-9999.0,0.25,1,P86_CV0,2,0,2,0,2,0,2,0,2
24,-554882.3673,162929.5893,E24_F87_m87f87_P24_Y2_UO4060,I87_F24_m-1f-1_P87_Y-1_U153,ID87_F24_m-1f-1_P87_Y-1_U249,MXY,5,0.0,1,0,0.0,0,0,0,-9999.0,0.75,1,P86_CV0,2,2,0,1,1,0,2,0,2
24,-554882.3673,162929.5893,E24_F87_m87f87_P24_Y1_UO3850,ID87_F32_m-1f-1_P87_Y-1_U159,ID87_F24_m-1f-1_P87_Y-1_U231,FXX,6,0.0,1,0,1.0,0,0,0,-9999.0,0.5,1,P86_CV0,2,1,1,2,0,0,2,0,2
24,-554882.3673,162929.5893,E24_F87_m87f87_P24_Y1_UO3818,I87_F24_m-1f-1_P87_Y-1_U218,I87_F67_m-1f-1_P87_Y-1_U39,MXY,6,0.0,1,0,0.0,0,0,0,-9999.0,0.75,1,P86_CV0,2,1,1,1,1,0,2,0,2
24,-554882.3673,162929.5893,E24_F87_m87f87_P24_Y1_UO3842,I87_F51_m-1f-1_P87_Y-1_U170,ID87_F24_m-1f-1_P87_Y-1_U47,FXX,6,0.0,1,0,1.0,0,0,0,-9999.0,1.0,1,P86_CV0,2,2,0,1,1,0,2,0,2
24,-554882.3673,162929.5893,E24_F87_m87f87_P51_Y1_UO3825,I87_F24_m-1f-1_P87_Y-1_U130,ID87_F51_m-1f-1_P87_Y-1_U24,FXX,6,0.0,1,0,1.0,0,0,0,-9999.0,0.5,1,P86_CV0,2,0,2,1,1,0,2,0,2
24,-554882.3673,162929.5893,E24_F87_m87f87_P24_Y1_UO3827,I87_F51_m-1f-1_P87_Y-1_U8,I87_F24_m-1f-1_P87_Y-1_U64,MXY,6,0.0,1,0,0.0,0,0,0,-9999.0,0.0,1,P86_CV0,2,0,2,2,0,0,2,0,2
24,-554882.3673,162929.5893,E24_F87_m87f87_P51_Y1_UO3860,I87_F24_m-1f-1_P87_Y-1_U172,ID87_F24_m-1f-1_P87_Y-1_U47,FXX,6,0.0,1,0,1.0,0,0,0,-9999.0,1.0,1,P86_CV0,2,2,0,1,1,0,2,0,2
24,-554882.3673,162929.5893,E24_F87_m87f87_P51_Y1_UO3889,ID87_F24_m-1f-1_P87_Y-1_U138,I87_F51_m-1f-1_P87_Y-1_U2,FXX,6,0.0,1,0,1.0,0,0,0,-9999.0,0.0,1,P86_CV0,2,0,2,1,1,0,2,0,2
24,-554882.3673,162929.5893,E24_F87_m87f87_P24_Y1_UO3894,ID87_F51_m-1f-1_P87_Y-1_U164,I87_F24_m-1f-1_P87_Y-1_U54,FXX,6,0.0,1,0,1.0,0,0,0,-9999.0,0.5,1,P86_CV0,2,1,1,1,1,0,2,0,2
24,-554882.3673,162929.5893,E24_F87_m87f87_P24_Y1_UO3816,ID87_F13_m-1f-1_P78_Y-1_U93,I87_F51_m-1f-1_P87_Y-1_U120,MXY,6,0.0,1,0,0.0,0,0,0,-9999.0,0.75,1,P86_CV0,2,2,0,0,2,0,2,0,2
24,-554882.3673,162929.5893,E24_F87_m87f87_P24_Y1_UO3856,ID87_F24_m-1f-1_P87_Y-1_U72,I87_F24_m-1f-1_P87_Y-1_U6,FXX,6,0.0,1,0,1.0,0,0,0,-9999.0,0.5,1,P86_CV0,2,1,1,0,2,0,2,0,2
24,-554882.3673,162929.5893,E24_F87_m87f87_P24_Y0_UO4389,R87_F87_m-1f-1_P87_Y-1_U210,R87_F87_m-1f-1_P87_Y-1_U161,FXX,7,0.0,1,0,1.0,0,0,0,-9999.0,0.25,1,P86_CV0,2,0,2,0,2,0,2,0,2
24,-554882.3673,162929.5893,E24_F87_m87f87_P67_Y0_UO4367,R87_F87_m-1f-1_P87_Y-1_U145,R87_F87_m-1f-1_P87_Y-1_U169,FXX,7,0.0,1,0,1.0,0,0,0,-9999.0,0.5,1,P86_CV0,2,2,0,1,1,0,2,0,2
24,-554882.3673,162929.5893,E24_F87_m87f87_P24_Y0_UO4314,R87_F87_m-1f-1_P87_Y-1_U12,R87_F87_m-1f-1_P87_Y-1_U156,MXY,7,0.0,1,0,0.0,0,0,0,-9999.0,1.0,1,P86_CV0,2,2,0,0,2,0,2,0,2
24,-554882.3673,162929.5893,E24_F87_m87f87_P24_Y0_UO4356,R87_F87_m-1f-1_P87_Y-1_U122,R87_F87_m-1f-1_P87_Y-1_U43,FXX,7,0.0,1,0,1.0,0,0,0,-9999.0,0.5,1,P86_CV0,2,0,2,1,1,0,2,0,2
24,-554882.3673,162929.5893,E24_F87_m87f87_P24_Y0_UO4386,R87_F87_m-1f-1_P87_Y-1_U196,R87_F87_m-1f-1_P87_Y-1_U106,FXX,7,0.0,1,0,1.0,0,0,0,-9999.0,0.5,1,P86_CV0,2,1,1,0,2,0,2,0,2
24,-554882.3673,162929.5893,E24_F87_m87f87_P24_Y0_UO4341,R87_F87_m-1f-1_P87_Y-1_U82,R87_F87_m-1f-1_P87_Y-1_U78,FXX,7,0.0,1,0,1.0,0,0,0,-9999.0,0.25,1,P86_CV0,2,0,2,2,0,0,2,0,2
24,-554882.3673,162929.5893,E24_F87_m87f87_P24_Y0_UO4326,R87_F87_m-1f-1_P87_Y-1_U42,R87_F87_m-1f-1_P87_Y-1_U117,MXY,7,0.0,1,0,0.0,0,0,0,-9999.0,0.25,1,P86_CV0,2,1,1,0,2,0,2,0,2
24,-554882.3673,162929.5893,E24_F87_m-1f-1_P87_Y-1_U130,-9999,-9999,FXX,8,0.0,1,0,1.0,0,0,0,-9999.0,0.5,1,P86_CV0,2,1,1,1,1,0,2,0,2
24,-554882.3673,162929.5893,E24_F87_m-1f-1_P87_Y-1_U48,-9999,-9999,FXX,8,0.0,1,0,1.0,0,0,0,-9999.0,0.0,1,P86_CV0,2,0,2,1,1,0,2,0,2
24,-554882.3673,162929.5893,E24_F87_m-1f-1_P87_Y-1_U132,-9999,-9999,FXX,8,0.0,1,0,1.0,0,0,0,-9999.0,0.0,1,P86_CV0,2,0,2,0,2,0,2,0,2
24,-554882.3673,162929.5893,E24_F87_m-1f-1_P87_Y-1_U124,-9999,-9999,FXX,8,0.0,1,0,1.0,0,0,1,-9999.0,0.5,1,P86_CV0,2,1,1,1,1,0,2,0,2
24,-554882.3673,162929.5893,E24_F87_m-1f-1_P87_Y-1_U235,-9999,-9999,FXX,9,0.0,1,0,1.0,0,0,0,-9999.0,0.5,1,P86_CV0,2,1,1,1,1,0,2,0,2
24,-554882.3673,162929.5893,E24_F87_m-1f-1_P87_Y-1_U170,-9999,-9999,FXX,9,0.0,1,0,1.0,0,0,0,-9999.0,1.0,1,P86_CV0,2,2,0,1,1,0,2,0,2
24,-554882.3673,162929.5893,E24_F87_m-1f-1_P87_Y-1_U38,-9999,-9999,FXX,9,0.0,1,0,1.0,0,0,0,-9999.0,0.0,1,P86_CV0,2,0,2,1,1,0,2,0,2
24,-554882.3673,162929.5893,E24_F87_m-1f-1_P87_Y-1_U103,-9999,-9999,MXY,10,0.0,1,0,0.0,0,0,0,-9999.0,0.0,1,P86_CV0,2,0,2,0,2,0,2,0,2
24,-554882.3673,162929.5893,E24_F87_m-1f-1_P87_Y-1_U100,-9999,-9999,MXY,10,0.0,1,0,0.0,0,0,0,-9999.0,0.0,1,P86_CV0,2,0,2,0,2,0,2,0,2
24,-554882.3673,162929.5893,E24_F87_m-1f-1_P87_Y-1_U40,-9999,-9999,FXX,10,0.0,1,0,1.0,0,0,0,-9999.0,0.5,1,P86_CV0,2,1,1,2,0,0,2,0,2
24,-554882.3673,162929.5893,E24_F87_m-1f-1_P87_Y-1_U39,-9999,-9999,MXY,11,0.0,1,0,0.0,0,0,0,-9999.0,0.5,1,P86_CV0,2,1,1,1,1,0,2,0,2
24,-554882.3673,162929.5893,E24_F87_m-1f-1_P87_Y-1_U77,-9999,-9999,MXY,11,0.0,1,0,0.0,0,0,0,-9999.0,0.5,1,P86_CV0,2,1,1,0,2,0,2,0,2
24,-554882.3673,162929.5893,E24_F87_m-1f-1_P87_Y-1_U59,-9999,-9999,FXX,11,0.0,1,0,1.0,0,0,0,-9999.0,0.5,1,P86_CV0,2,1,1,1,1,0,2,0,2
24,-554882.3673,162929.5893,E24_F87_m-1f-1_P87_Y-1_U0,-9999,-9999,MXY,11,0.0,1,0,0.0,0,0,0,-9999.0,0.0,1,P86_CV0,2,0,2,2,0,0,2,0,2
24,-554882.3673,162929.5893,E24_F87_m-1f-1_P87_Y-1_U113,-9999,-9999,MXY,12,0.0,1,0,0.0,0,0,0,-9999.0,0.0,1,P86_CV0,2,0,2,1,1,0,2,0,2
24,-554882.3673,162929.5893,E24_F87_m-1f-1_P87_Y-1_U226,-9999,-9999,MXY,12,0.0,1,0,0.0,0,0,0,-9999.0,0.5,1,P86_CV0,2,1,1,1,1,0,2,0,2
24,-554882.3673,162929.5893,E24_F87_m-1f-1_P87_Y-1_U186,-9999,-9999,MXY,14,0.0,1,0,0.0,0,0,0,-9999.0,1.0,1,P86_CV0,2,2,0,1,1,0,2,0,2
24,-554882.3673,162929.5893,E24_F87_m-1f-1_P87_Y-1_U4,-9999,-9999,MXY,14,0.0,1,0,0.0,0,0,0,-9999.0,0.5,1,P86_CV0,2,1,1,1,1,0,2,0,2
24,-554882.3673,162929.5893,E24_F87_m-1f-1_P87_Y-1_U34,-9999,-9999,FXX,14,0.0,1,0,1.0,0,0,0,-9999.0,1.0,1,P86_CV0,2,2,0,0,2,0,2,0,2
24,-554882.3673,162929.5893,E24_F87_m-1f-1_P87_Y-1_U65,-9999,-9999,FXX,14,0.0,1,0,1.0,0,0,0,-9999.0,0.5,1,P86_CV0,2,1,1,0,2,0,2,0,2
24,-554882.3673,162929.5893,E24_F87_m-1f-1_P87_Y-1_U115,-9999,-9999,FXX,15,0.0,1,0,1.0,0,0,0,-9999.0,0.5,1,P86_CV0,2,1,1,1,1,0,2,0,2
24,-554882.3673,162929.5893,Age0_F24_m87f87_P24_Y7_UO4090,I87_F24_m87f87_P51_Y4_UO4028,ID87_F51_m78f78_P24_Y3_UO3511,FXX,0,0.0,0,0,0.0,0,0,0,0.0,0.625,1,P87_CV0,2,1,1,1,1,0,2,0,2
24,-554882.3673,162929.5893,Age0_F24_m87f87_P24_Y7_UO4147,I87_F51_m-1f-1_P87_Y-1_U40,ID87_F51_m78f78_P24_Y3_UO3511,FXX,0,0.0,0,0,0.0,0,0,0,0.0,0.625,1,P87_CV0,2,2,0,2,0,0,2,0,2
24,-554882.3673,162929.5893,E24_F87_m78f78_P51_Y6_UO3519,I78_F93_m88f88_P29_Y3_UO4121,I78_F93_m78f78_P13_Y3_UO3502,FXX,1,0.0,1,1,1.0,0,0,0,-9999.0,0.5,1,P87_CV0,2,0,2,2,0,0,2,0,2
24,-554882.3673,162929.5893,E24_F87_m78f78_P24_Y3_UO3511,I78_F13_m-1f-1_P78_Y-1_U8,I78_F29_m88f88_P29_Y0_UO4488,MXY,4,0.0,1,0,0.0,0,0,0,-9999.0,0.75,1,P87_CV0,2,2,0,1,1,0,2,0,2
24,-554882.3673,162929.5893,E24_F87_m88f88_P29_Y2_UO4108,I88_F54_m-1f-1_P88_Y-1_U83,I88_F29_m-1f-1_P88_Y-1_U119,FXX,5,0.0,1,0,1.0,0,0,0,-9999.0,0.0,1,P87_CV0,2,0,2,1,1,0,2,0,2
24,-554882.3673,162929.5893,E24_F78_m88f88_P29_Y0_UO4488,R88_F88_m-1f-1_P88_Y-1_U222,R88_F88_m-1f-1_P88_Y-1_U155,MXY,7,0.0,1,0,0.0,0,0,0,-9999.0,0.5,1,P87_CV0,2,1,1,2,0,0,2,0,2
24,-554882.3673,162929.5893,E24_F87_m4f4_P67_Y5_UO220,I4_F82_m77f77_P82_Y3_UO3392,I4_F96_m4f4_P82_Y3_UO185,MXY,2,0.0,1,0,0.0,0,0,0,-9999.0,0.6875,1,P8_CV0,2,1,1,2,0,0,2,0,2
24,-554882.3673,162929.5893,E24_F87_m87f87_P24_Y5_UO4056,ID87_F51_m60f60_P19_Y2_UO2810,I87_F51_m78f78_P24_Y3_UO3511,MXY,2,0.0,1,0,0.0,0,0,0,-9999.0,0.625,1,P99_CV0,2,2,0,1,1,0,2,0,2
26,-1278261.152,265246.0266,Age0_F26_m88f88_P26_Y7_UO4194,ID88_F29_m-1f-1_P88_Y-1_U133,ID88_F29_m34f34_P54_Y5_UO1578,MXY,0,0.0,0,0,0.0,0,0,0,0.0,0.53125,1,P33_CV0,2,1,1,1,1,0,2,0,2
26,-1278261.152,265246.0266,E26_F34_m34f34_P32_Y6_UO1622,I34_F54_m53f53_P26_Y3_UO2450,ID34_F66_m34f34_P54_Y4_UO1624,MXY,1,0.0,1,1,0.0,0,0,0,-9999.0,0.1875,1,P33_CV0,2,1,1,1,1,0,2,0,2
26,-1278261.152,265246.0266,E26_F34_m34f34_P61_Y5_UO1571,I34_F54_m34f34_P54_Y3_UO1593,I34_F54_m34f34_P54_Y3_UO1614,MXY,2,0.0,1,0,0.0,0,0,0,-9999.0,0.625,1,P33_CV0,2,2,0,1,1,0,2,0,2
26,-1278261.152,265246.0266,E26_F53_m53f53_P26_Y5_UO2499,I53_F66_m-1f-1_P53_Y-1_U243,I53_F26_m34f34_P26_Y3_UO1587,FXX,2,0.0,1,0,1.0,0,0,0,-9999.0,0.6875,1,P33_CV0,2,2,0,1,1,0,2,0,2
26,-1278261.152,265246.0266,E26_F53_m34f34_P26_Y3_UO1587,I34_F61_m34f34_P32_Y1_UO1470,ID34_F54_m88f88_P54_Y1_UO3926,MXY,4,0.0,1,0,0.0,0,0,0,-9999.0,0.375,1,P33_CV0,2,2,0,0,2,0,2,0,2
26,-1278261.152,265246.0266,Age0_F26_m53f53_P26_Y7_UO2491,I53_F26_m53f53_P26_Y5_UO2465,ID53_F26_m53f53_P26_Y1_UO2364,FXX,0,0.0,0,0,0.0,0,0,0,0.0,0.5,1,P52_CV0,2,2,0,0,2,0,2,0,2
26,-1278261.152,265246.0266,Age0_F26_m53f53_P26_Y7_UO2492,I53_F26_m53f53_P26_Y5_UO2511,I53_F26_m53f53_P26_Y3_UO2466,MXY,0,0.0,0,0,0.0,0,0,0,0.0,0.53125,1,P52_CV0,2,1,1,1,1,0,2,0,2
26,-1278261.152,265246.0266,Age0_F26_m53f53_P26_Y7_UO2493,I53_F26_m53f53_P26_Y5_UO2499,ID53_F26_m-1f-1_P53_Y-1_U115,FXX,0,0.0,0,0,0.0,0,0,0,0.0,0.59375,1,P52_CV0,2,1,1,1,1,0,2,0,2
26,-1278261.152,265246.0266,Age0_F26_m53f53_P26_Y7_UO2494,I53_F26_m53f53_P26_Y5_UO2508,I53_F26_m-1f-1_P53_Y-1_U116,FXX,0,0.0,0,0,0.0,0,0,0,0.0,0.3125,1,P52_CV0,2,0,2,1,1,0,2,0,2
26,-1278261.152,265246.0266,Age0_F26_m53f53_P26_Y7_UO2495,I53_F26_m53f53_P26_Y5_UO2476,I53_F26_m-1f-1_P53_Y-1_U12,FXX,0,0.0,0,0,0.0,0,0,0,0.0,0.4375,1,P52_CV0,2,0,2,1,1,0,2,0,2
26,-1278261.152,265246.0266,Age0_F26_m53f53_P26_Y7_UO2496,I53_F26_m53f53_P26_Y5_UO2474,I53_F26_m53f53_P26_Y3_UO2490,MXY,0,0.0,0,0,0.0,0,0,0,0.0,0.25,1,P52_CV0,2,0,2,0,2,0,2,0,2
26,-1278261.152,265246.0266,Age0_F26_m53f53_P26_Y7_UO2497,I53_F26_m53f53_P26_Y5_UO2490,I53_F26_m53f53_P26_Y0_UO2689,FXX,0,0.0,0,0,0.0,0,0,0,0.0,0.625,1,P52_CV0,2,1,1,1,1,0,2,0,2
26,-1278261.152,265246.0266,Age0_F26_m53f53_P26_Y7_UO2498,I53_F26_m53f53_P26_Y5_UO2498,I53_F26_m-1f-1_P53_Y-1_U118,FXX,0,0.0,0,0,0.0,0,0,0,0.0,0.625,1,P52_CV0,2,1,1,0,2,0,2,0,2
26,-1278261.152,265246.0266,Age0_F26_m53f53_P26_Y7_UO2499,ID53_F26_m53f53_P26_Y5_UO2486,I53_F26_m-1f-1_P53_Y-1_U122,MXY,0,0.0,0,0,0.0,0,0,0,0.0,0.5,1,P52_CV0,2,1,1,2,0,0,2,0,2
26,-1278261.152,265246.0266,Age0_F26_m53f53_P26_Y7_UO2500,I53_F26_m53f53_P26_Y5_UO2517,ID53_F26_m53f53_P26_Y0_UO2651,MXY,0,0.0,0,0,0.0,0,0,0,0.0,0.75,1,P52_CV0,2,2,0,1,1,0,2,0,2
26,-1278261.152,265246.0266,Age0_F26_m53f53_P26_Y7_UO2501,I53_F26_m53f53_P26_Y4_UO2438,ID53_F26_m53f53_P26_Y0_UO2649,MXY,0,0.0,0,0,0.0,0,0,0,0.0,0.5625,1,P52_CV0,2,1,1,2,0,0,2,0,2
26,-1278261.152,265246.0266,Age0_F26_m53f53_P26_Y7_UO2502,I53_F26_m62f62_P26_Y4_UO2943,I53_F26_m53f53_P26_Y3_UO2466,MXY,0,0.0,0,0,0.0,0,0,0,0.0,0.5,1,P52_CV0,2,0,2,1,1,0,2,0,2
26,-1278261.152,265246.0266,Age0_F26_m53f53_P26_Y7_UO2503,ID53_F26_m53f53_P26_Y4_UO2487,I53_F26_m53f53_P26_Y1_UO2406,MXY,0,0.0,0,0,0.0,0,0,0,0.0,0.25,1,P52_CV0,2,1,1,2,0,0,2,0,2
26,-1278261.152,265246.0266,Age0_F26_m53f53_P26_Y7_UO2504,ID53_F26_m53f53_P26_Y4_UO2470,I53_F26_m53f53_P26_Y3_UO2457,FXX,0,0.0,0,0,0.0,0,0,0,0.0,0.125,1,P52_CV0,2,0,2,1,1,0,2,0,2
26,-1278261.152,265246.0266,Age0_F26_m53f53_P26_Y7_UO2505,I53_F26_m53f53_P26_Y4_UO2480,I53_F26_m53f53_P26_Y5_UO2506,FXX,0,0.0,0,0,0.0,0,0,0,0.0,0.4375,1,P52_CV0,2,0,2,1,1,0,2,0,2
26,-1278261.152,265246.0266,Age0_F26_m53f53_P26_Y7_UO2506,ID53_F26_m53f53_P26_Y3_UO2448,I53_F26_m53f53_P26_Y5_UO2472,MXY,0,0.0,0,0,0.0,0,0,0,0.0,0.4375,1,P52_CV0,2,2,0,1,1,0,2,0,2
26,-1278261.152,265246.0266,Age0_F26_m53f53_P26_Y7_UO2507,I53_F66_m53f53_P26_Y3_UO2484,I53_F26_m53f53_P26_Y5_UO2504,MXY,0,0.0,0,0,0.0,0,0,0,0.0,0.1875,1,P52_CV0,2,0,2,1,1,0,2,0,2
26,-1278261.152,265246.0266,Age0_F26_m53f53_P26_Y7_UO2508,ID53_F26_m53f53_P26_Y3_UO2505,I53_F26_m53f53_P26_Y3_UO2492,MXY,0,0.0,0,0,0.0,0,0,0,0.0,0.75,1,P52_CV0,2,2,0,2,0,0,2,0,2
26,-1278261.152,265246.0266,Age0_F26_m53f53_P26_Y7_UO2509,I53_F26_m53f53_P26_Y3_UO2496,I53_F26_m-1f-1_P53_Y-1_U202,MXY,0,0.0,0,0,0.0,0,0,0,0.0,0.75,1,P52_CV0,2,2,0,1,1,0,2,0,2
26,-1278261.152,265246.0266,Age0_F26_m53f53_P26_Y7_UO2510,I53_F26_m53f53_P26_Y3_UO2473,I53_F26_m-1f-1_P53_Y-1_U148,MXY,0,0.0,0,0,0.0,0,0,0,0.0,0.5,1,P52_CV0,2,1,1,1,1,0,2,0,2
26,-1278261.152,265246.0266,Age0_F26_m53f53_P26_Y7_UO2511,ID53_F26_m53f53_P26_Y2_UO2503,I53_F26_m-1f-1_P53_Y-1_U178,MXY,0,0.0,0,0,0.0,0,0,0,0.0,0.25,1,P52_CV0,2,1,1,1,1,0,2,0,2
26,-1278261.152,265246.0266,Age0_F26_m53f53_P26_Y7_UO2512,I53_F26_m53f53_P26_Y2_UO2517,I53_F26_m53f53_P26_Y1_UO2341,FXX,0,0.0,0,0,0.0,0,0,0,0.0,0.375,1,P52_CV0,2,1,1,1,1,0,2,0,2
26,-1278261.152,265246.0266,Age0_F26_m53f53_P26_Y7_UO2513,I53_F26_m53f53_P26_Y2_UO2478,I53_F26_m-1f-1_P53_Y-1_U229,FXX,0,0.0,0,0,0.0,0,0,0,0.0,0.375,1,P52_CV0,2,1,1,2,0,0,2,0,2
26,-1278261.152,265246.0266,Age0_F26_m53f53_P26_Y7_UO2514,I53_F26_m53f53_P26_Y1_UO2349,ID53_F26_m-1f-1_P53_Y-1_U117,FXX,0,0.0,0,0,0.0,0,0,0,0.0,0.625,1,P52_CV0,2,2,0,0,2,0,2,0,2
26,-1278261.152,265246.0266,Age0_F26_m53f53_P26_Y7_UO2515,I53_F26_m53f53_P26_Y1_UO2367,I53_F26_m53f53_P26_Y5_UO2472,MXY,0,0.0,0,0,0.0,0,0,0,0.0,0.625,1,P52_CV0,2,1,1,0,2,0,2,0,2
26,-1278261.152,265246.0266,Age0_F26_m53f53_P26_Y7_UO2516,ID53_F26_m53f53_P26_Y0_UO2671,I53_F26_m53f53_P26_Y3_UO2466,FXX,0,0.0,0,0,0.0,0,0,0,0.0,0.5,1,P52_CV0,2,1,1,0,2,0,2,0,2
26,-1278261.152,265246.0266,Age0_F26_m53f53_P26_Y7_UO2517,I53_F26_m-1f-1_P53_Y-1_U83,I53_F66_m53f53_P26_Y5_UO2468,MXY,0,0.0,0,0,0.0,0,0,0,0.0,0.375,1,P52_CV0,2,1,1,1,1,0,2,0,2
26,-1278261.152,265246.0266,Age0_F26_m53f53_P26_Y7_UO2518,I53_F26_m-1f-1_P53_Y-1_U130,I53_F26_m53f53_P26_Y3_UO2492,MXY,0,0.0,0,0,0.0,0,0,0,0.0,0.5,1,P52_CV0,2,2,0,2,0,0,2,0,2
26,-1278261.152,265246.0266,Age0_F26_m53f53_P26_Y7_UO2519,I53_F26_m-1f-1_P53_Y-1_U120,I53_F26_m53f53_P26_Y5_UO2481,MXY,0,0.0,0,0,0.0,0,0,0,0.0,0.8125,1,P52_CV0,2,2,0,1,1,0,2,0,2
26,-1278261.152,265246.0266,Age0_F26_m53f53_P26_Y7_UO2521,I53_F26_m-1f-1_P53_Y-1_U27,I53_F26_m-1f-1_P53_Y-1_U71,FXX,0,0.0,0,0,0.0,0,0,0,0.0,0.5,1,P52_CV0,2,1,1,2,0,0,2,0,2
26,-1278261.152,265246.0266,Age0_F26_m53f53_P26_Y7_UO2522,I53_F26_m-1f-1_P53_Y-1_U232,I53_F26_m53f53_P26_Y3_UO2490,FXX,0,0.0,0,0,0.0,0,0,0,0.0,0.3125,1,P52_CV0,2,2,0,0,2,0,2,0,2
26,-1278261.152,265246.0266,Age0_F26_m53f53_P26_Y7_UO2523,ID53_F26_m-1f-1_P53_Y-1_U57,I53_F26_m-1f-1_P53_Y-1_U12,MXY,0,0.0,0,0,0.0,0,0,0,0.0,0.25,1,P52_CV0,2,0,2,1,1,0,2,0,2
26,-1278261.152,265246.0266,Age0_F26_m53f53_P26_Y7_UO2524,I53_F66_m-1f-1_P53_Y-1_U210,I53_F26_m53f53_P26_Y5_UO2482,FXX,0,0.0,0,0,0.0,0,0,0,0.0,0.4375,1,P52_CV0,2,0,2,0,2,0,2,0,2
26,-1278261.152,265246.0266,Age0_F26_m53f53_P26_Y7_UO2525,I53_F26_m-1f-1_P53_Y-1_U184,I53_F26_m-1f-1_P53_Y-1_U231,MXY,0,0.0,0,0,0.0,0,0,0,0.0,1.0,1,P52_CV0,2,2,0,1,1,0,2,0,2
26,-1278261.152,265246.0266,Age0_F26_m53f53_P26_Y7_UO2526,I53_F26_m-1f-1_P53_Y-1_U154,I53_F26_m-1f-1_P53_Y-1_U229,MXY,0,0.0,0,0,0.0,0,0,0,0.0,0.75,1,P52_CV0,2,2,0,1,1,0,2,0,2
26,-1278261.152,265246.0266,Age0_F26_m53f53_P26_Y7_UO2527,ID53_F26_m-1f-1_P53_Y-1_U106,ID53_F26_m-1f-1_P53_Y-1_U217,MXY,0,0.0,0,0,0.0,0,0,0,0.0,0.75,1,P52_CV0,2,2,0,1,1,0,2,0,2
26,-1278261.152,265246.0266,Age0_F26_m53f53_P26_Y7_UO2528,I53_F26_m-1f-1_P53_Y-1_U16,I53_F26_m-1f-1_P53_Y-1_U98,FXX,0,0.0,0,0,0.0,0,0,0,0.0,0.5,1,P52_CV0,2,1,1,1,1,0,2,0,2
26,-1278261.152,265246.0266,Age0_F26_m53f53_P26_Y7_UO2529,I53_F26_m-1f-1_P53_Y-1_U185,I53_F26_m53f53_P26_Y5_UO2504,MXY,0,0.0,0,0,0.0,0,0,0,0.0,0.375,1,P52_CV0,2,1,1,1,1,0,2,0,2
26,-1278261.152,265246.0266,Age0_F26_m53f53_P26_Y7_UO2530,I53_F26_m-1f-1_P53_Y-1_U243,I53_F26_m-1f-1_P53_Y-1_U95,FXX,0,0.0,0,0,0.0,0,0,0,0.0,1.0,1,P52_CV0,2,2,0,1,1,0,2,0,2
26,-1278261.152,265246.0266,Age0_F26_m53f53_P26_Y7_UO2531,I53_F26_m-1f-1_P53_Y-1_U92,ID53_F26_m53f53_P26_Y1_UO2364,MXY,0,0.0,0,0,0.0,0,0,0,0.0,0.125,1,P52_CV0,2,1,1,1,1,0,2,0,2
26,-1278261.152,265246.0266,Age0_F26_m53f53_P26_Y7_UO2532,ID53_F26_m-1f-1_P53_Y-1_U76,I53_F26_m53f53_P26_Y1_UO2341,MXY,0,0.0,0,0,0.0,0,0,0,0.0,0.5,1,P52_CV0,2,1,1,1,1,0,2,0,2
26,-1278261.152,265246.0266,Age0_F26_m53f53_P26_Y7_UO2533,I53_F26_m-1f-1_P53_Y-1_U163,I53_F26_m-1f-1_P53_Y-1_U190,FXX,0,0.0,0,0,0.0,0,0,0,0.0,0.75,1,P52_CV0,2,1,1,0,2,0,2,0,2
26,-1278261.152,265246.0266,Age0_F26_m53f53_P26_Y7_UO2534,I53_F26_m-1f-1_P53_Y-1_U111,ID53_F26_m-1f-1_P53_Y-1_U19,FXX,0,0.0,0,0,0.0,0,0,0,0.0,0.0,1,P52_CV0,2,0,2,1,1,0,2,0,2
26,-1278261.152,265246.0266,Age0_F26_m53f53_P26_Y7_UO2535,ID53_F26_m-1f-1_P53_Y-1_U179,I53_F26_m-1f-1_P53_Y-1_U95,FXX,0,0.0,0,0,0.0,0,0,0,0.0,0.75,1,P52_CV0,2,1,1,1,1,0,2,0,2
26,-1278261.152,265246.0266,Age0_F26_m53f53_P26_Y7_UO2536,ID53_F26_m-1f-1_P53_Y-1_U126,I53_F26_m53f53_P26_Y2_UO2491,MXY,0,0.0,0,0,0.0,0,0,0,0.0,0.5,1,P52_CV0,2,2,0,2,0,0,2,0,2
26,-1278261.152,265246.0266,Age0_F26_m53f53_P26_Y7_UO2537,I53_F54_m-1f-1_P53_Y-1_U37,I53_F26_m53f53_P26_Y2_UO2519,MXY,0,0.0,0,0,0.0,0,0,0,0.0,0.625,1,P52_CV0,2,1,1,1,1,0,2,0,2
26,-1278261.152,265246.0266,Age0_F26_m53f53_P26_Y7_UO2538,I53_F26_m-1f-1_P53_Y-1_U25,ID53_F26_m53f53_P26_Y0_UO2649,MXY,0,0.0,0,0,0.0,0,0,0,0.0,0.875,1,P52_CV0,2,2,0,1,1,0,2,0,2
26,-1278261.152,265246.0266,Age0_F26_m53f53_P26_Y7_UO2539,ID53_F26_m-1f-1_P53_Y-1_U139,ID53_F26_m-1f-1_P53_Y-1_U217,FXX,0,0.0,0,0,0.0,0,0,0,0.0,0.5,1,P52_CV0,2,1,1,2,0,0,2,0,2
26,-1278261.152,265246.0266,Age0_F26_m53f53_P26_Y7_UO2540,ID53_F26_m-1f-1_P53_Y-1_U97,I53_F26_m53f53_P26_Y5_UO2504,MXY,0,0.0,0,0,0.0,0,0,0,0.0,0.375,1,P52_CV0,2,0,2,2,0,0,2,0,2
26,-1278261.152,265246.0266,E26_F53_m53f53_P26_Y6_UO2498,I53_F26_m53f53_P26_Y4_UO2480,I53_F26_m-1f-1_P53_Y-1_U34,MXY,1,0.0,1,1,0.0,0,0,0,-9999.0,0.25,1,P52_CV0,2,0,2,0,2,0,2,0,2
26,-1278261.152,265246.0266,E26_F53_m53f53_P26_Y6_UO2501,I53_F26_m62f62_P26_Y4_UO2943,I53_F26_m-1f-1_P53_Y-1_U108,MXY,1,0.0,1,1,0.0,0,0,0,-9999.0,0.75,1,P52_CV0,2,2,0,1,1,0,2,0,2
26,-1278261.152,265246.0266,E26_F53_m53f53_P26_Y6_UO2502,ID53_F26_m53f53_P26_Y4_UO2438,ID53_F26_m53f53_P26_Y3_UO2457,FXX,1,0.0,1,1,1.0,0,0,0,-9999.0,0.25,1,P52_CV0,2,0,2,2,0,0,2,0,2
26,-1278261.152,265246.0266,E26_F53_m53f53_P26_Y6_UO2503,I53_F26_m53f53_P26_Y4_UO2487,ID53_F26_m-1f-1_P53_Y-1_U21,MXY,1,0.0,1,1,0.0,0,0,0,-9999.0,0.375,1,P52_CV0,2,1,1,1,1,0,2,0,2
26,-1278261.152,265246.0266,E26_F53_m53f53_P26_Y6_UO2505,I53_F26_m53f53_P26_Y4_UO2482,I53_F26_m-1f-1_P53_Y-1_U103,MXY,1,0.0,1,1,0.0,0,0,0,-9999.0,0.625,1,P52_CV0,2,1,1,0,2,0,2,0,2
26,-1278261.152,265246.0266,E26_F53_m53f53_P26_Y6_UO2506,I53_F26_m53f53_P26_Y3_UO2505,I53_F26_m-1f-1_P53_Y-1_U178,MXY,1,0.0,1,1,0.0,0,0,0,-9999.0,0.5,1,P52_CV0,2,1,1,1,1,0,2,0,2
26,-1278261.152,265246.0266,E26_F53_m53f53_P26_Y6_UO2507,I53_F26_m53f53_P26_Y3_UO2473,I53_F26_m-1f-1_P53_Y-1_U103,FXX,1,0.0,1,1,1.0,0,0,0,-9999.0,0.5,1,P52_CV0,2,0,2,1,1,0,2,0,2
26,-1278261.152,265246.0266,E26_F53_m53f53_P26_Y6_UO2511,I53_F26_m53f53_P26_Y2_UO2517,I53_F26_m-1f-1_P53_Y-1_U188,FXX,1,0.0,1,1,1.0,0,0,0,-9999.0,0.375,1,P52_CV0,2,1,1,0,2,0,2,0,2
26,-1278261.152,265246.0266,E26_F53_m53f53_P26_Y6_UO2514,ID53_F26_m53f53_P26_Y1_UO2367,I53_F26_m-1f-1_P53_Y-1_U212,MXY,1,0.0,1,1,0.0,0,0,0,-9999.0,0.625,1,P52_CV0,2,1,1,0,2,0,2,0,2
26,-1278261.152,265246.0266,E26_F53_m53f53_P26_Y6_UO2518,I53_F26_m53f53_P26_Y0_UO2696,I53_F26_m-1f-1_P53_Y-1_U164,FXX,1,0.0,1,1,1.0,0,0,0,-9999.0,0.375,1,P52_CV0,2,0,2,1,1,0,2,0,2
26,-1278261.152,265246.0266,E26_F53_m53f53_P26_Y6_UO2524,I53_F66_m-1f-1_P53_Y-1_U75,I53_F66_m-1f-1_P53_Y-1_U118,MXY,1,0.0,1,1,0.0,0,0,0,-9999.0,0.25,1,P52_CV0,2,0,2,1,1,0,2,0,2
26,-1278261.152,265246.0266,E26_F53_m53f53_P26_Y6_UO2525,ID53_F26_m-1f-1_P53_Y-1_U27,I53_F66_m-1f-1_P53_Y-1_U118,FXX,1,0.0,1,1,1.0,0,0,0,-9999.0,0.5,1,P52_CV0,2,2,0,2,0,0,2,0,2
26,-1278261.152,265246.0266,E26_F53_m53f53_P26_Y6_UO2528,ID53_F26_m-1f-1_P53_Y-1_U184,I53_F26_m53f53_P26_Y4_UO2477,MXY,1,0.0,1,1,0.0,0,0,0,-9999.0,0.6875,1,P52_CV0,2,1,1,1,1,0,2,0,2
26,-1278261.152,265246.0266,E26_F53_m53f53_P26_Y6_UO2534,I53_F26_m-1f-1_P53_Y-1_U154,I53_F26_m53f53_P26_Y4_UO2477,MXY,1,0.0,1,1,0.0,0,0,0,-9999.0,0.6875,1,P52_CV0,2,1,1,1,1,0,2,0,2
26,-1278261.152,265246.0266,E26_F53_m53f53_P26_Y6_UO2535,I53_F26_m-1f-1_P53_Y-1_U243,I53_F26_m-1f-1_P53_Y-1_U229,MXY,1,0.0,1,1,0.0,0,0,0,-9999.0,0.75,1,P52_CV0,2,1,1,1,1,0,2,0,2
26,-1278261.152,265246.0266,E26_F53_m53f53_P26_Y6_UO2536,I53_F66_m-1f-1_P53_Y-1_U92,I53_F26_m53f53_P26_Y1_UO2356,MXY,1,0.0,1,1,0.0,0,0,0,-9999.0,0.125,1,P52_CV0,2,1,1,2,0,0,2,0,2
26,-1278261.152,265246.0266,E26_F53_m53f53_P26_Y6_UO2537,ID53_F26_m-1f-1_P53_Y-1_U179,I53_F66_m-1f-1_P53_Y-1_U118,FXX,1,0.0,1,1,1.0,0,0,0,-9999.0,0.5,1,P52_CV0,2,2,0,2,0,0,2,0,2
26,-1278261.152,265246.0266,E26_F53_m53f53_P26_Y6_UO2539,I53_F26_m-1f-1_P53_Y-1_U63,I53_F26_m-1f-1_P53_Y-1_U156,FXX,1,0.0,1,1,1.0,0,0,0,-9999.0,0.5,1,P52_CV0,2,1,1,1,1,0,2,0,2
26,-1278261.152,265246.0266,E26_F62_m62f62_P20_Y6_UO2927,I62_F20_m62f62_P20_Y3_UO2874,ID62_F20_m53f53_P26_Y2_UO2537,FXX,1,0.0,1,1,1.0,0,0,0,-9999.0,0.6875,1,P52_CV0,2,2,0,1,1,0,2,0,2
26,-1278261.152,265246.0266,E26_F53_m53f53_P26_Y5_UO2482,I53_F26_m53f53_P26_Y0_UO2696,I53_F26_m53f53_P26_Y0_UO2651,MXY,2,0.0,1,0,0.0,0,0,0,-9999.0,0.375,1,P52_CV0,2,0,2,0,2,0,2,0,2
26,-1278261.152,265246.0266,E26_F53_m53f53_P26_Y5_UO2465,I53_F26_m53f53_P26_Y3_UO2500,I53_F26_m-1f-1_P53_Y-1_U190,FXX,2,0.0,1,0,1.0,0,0,0,-9999.0,0.75,1,P52_CV0,2,2,0,1,1,0,2,0,2
26,-1278261.152,265246.0266,E26_F53_m53f53_P26_Y5_UO2511,ID53_F26_m-1f-1_P53_Y-1_U60,I53_F26_m53f53_P26_Y3_UO2455,FXX,2,0.0,1,0,1.0,0,0,0,-9999.0,0.5625,1,P52_CV0,2,1,1,2,0,0,2,0,2
26,-1278261.152,265246.0266,E26_F53_m53f53_P26_Y5_UO2506,I53_F26_m-1f-1_P53_Y-1_U50,I53_F26_m53f53_P26_Y0_UO2641,MXY,2,0.0,1,0,0.0,0,0,0,-9999.0,0.375,1,P52_CV0,2,0,2,1,1,0,2,0,2
26,-1278261.152,265246.0266,E26_F53_m53f53_P26_Y5_UO2496,ID53_F26_m-1f-1_P53_Y-1_U106,ID53_F26_m53f53_P26_Y3_UO2490,MXY,2,0.0,1,0,0.0,0,0,0,-9999.0,0.5625,1,P52_CV0,2,1,1,1,1,0,2,0,2
26,-1278261.152,265246.0266,E26_F53_m53f53_P26_Y5_UO2468,ID53_F26_m53f53_P26_Y3_UO2446,I53_F26_m53f53_P26_Y3_UO2506,MXY,2,0.0,1,0,0.0,0,0,0,-9999.0,0.25,1,P52_CV0,2,0,2,1,1,0,2,0,2
26,-1278261.152,265246.0266,E26_F53_m53f53_P26_Y5_UO2508,ID53_F26_m-1f-1_P53_Y-1_U105,I53_F26_m53f53_P26_Y2_UO2496,FXX,2,0.0,1,0,1.0,0,0,0,-9999.0,0.625,1,P52_CV0,2,1,1,1,1,0,2,0,2
26,-1278261.152,265246.0266,E26_F53_m53f53_P26_Y5_UO2476,ID53_F26_m53f53_P26_Y1_UO2367,ID53_F26_m53f53_P26_Y1_UO2385,FXX,2,0.0,1,0,1.0,0,0,0,-9999.0,0.375,1,P52_CV0,2,1,1,0,2,0,2,0,2
26,-1278261.152,265246.0266,E26_F53_m53f53_P26_Y5_UO2474,I53_F26_m53f53_P26_Y2_UO2517,I53_F26_m-1f-1_P53_Y-1_U247,FXX,2,0.0,1,0,1.0,0,0,0,-9999.0,0.375,1,P52_CV0,2,1,1,0,2,0,2,0,2
26,-1278261.152,265246.0266,E26_F53_m53f53_P26_Y5_UO2472,I53_F66_m53f53_P26_Y2_UO2503,I53_F26_m-1f-1_P53_Y-1_U202,MXY,2,0.0,1,0,0.0,0,0,0,-9999.0,0.5,1,P52_CV0,2,2,0,0,2,0,2,0,2
26,-1278261.152,265246.0266,E26_F53_m53f53_P26_Y5_UO2490,I53_F26_m-1f-1_P53_Y-1_U184,ID53_F26_m53f53_P26_Y3_UO2492,FXX,2,0.0,1,0,1.0,0,0,0,-9999.0,0.75,1,P52_CV0,2,1,1,2,0,0,2,0,2
26,-1278261.152,265246.0266,E26_F53_m53f53_P26_Y5_UO2504,I53_F26_m-1f-1_P53_Y-1_U111,ID53_F26_m-1f-1_P53_Y-1_U188,MXY,2,0.0,1,0,0.0,0,0,0,-9999.0,0.25,1,P52_CV0,2,0,2,1,1,0,2,0,2
26,-1278261.152,265246.0266,E26_F53_m53f53_P26_Y5_UO2498,I53_F26_m-1f-1_P53_Y-1_U154,I53_F26_m53f53_P26_Y3_UO2466,FXX,2,0.0,1,0,1.0,0,0,0,-9999.0,0.75,1,P52_CV0,2,2,0,1,1,0,2,0,2
26,-1278261.152,265246.0266,E26_F53_m53f53_P26_Y5_UO2470,I53_F26_m62f62_P26_Y3_UO2915,I53_F26_m-1f-1_P53_Y-1_U212,MXY,2,0.0,1,0,0.0,0,0,0,-9999.0,0.4375,1,P52_CV0,2,1,1,1,1,0,2,0,2
26,-1278261.152,265246.0266,E26_F53_m53f53_P26_Y5_UO2481,I53_F26_m53f53_P26_Y0_UO2658,ID53_F26_m-1f-1_P53_Y-1_U188,MXY,2,0.0,1,0,0.0,0,0,0,-9999.0,0.625,1,P52_CV0,2,2,0,1,1,0,2,0,2
26,-1278261.152,265246.0266,E26_F53_m53f53_P26_Y5_UO2486,ID53_F26_m-1f-1_P53_Y-1_U130,ID53_F26_m-1f-1_P53_Y-1_U117,FXX,2,0.0,1,0,1.0,0,0,0,-9999.0,0.5,1,P52_CV0,2,1,1,1,1,0,2,0,2
26,-1278261.152,265246.0266,E26_F53_m53f53_P26_Y5_UO2517,I53_F26_m-1f-1_P53_Y-1_U123,I53_F26_m-1f-1_P53_Y-1_U96,FXX,2,0.0,1,0,1.0,0,0,0,-9999.0,1.0,1,P52_CV0,2,2,0,1,1,0,2,0,2
26,-1278261.152,265246.0266,E26_F62_m53f53_P26_Y5_UO2494,ID53_F26_m-1f-1_P53_Y-1_U185,I53_F26_m-1f-1_P53_Y-1_U108,FXX,2,0.0,1,0,1.0,0,0,0,-9999.0,0.75,1,P52_CV0,2,2,0,0,2,0,2,0,2
26,-1278261.152,265246.0266,E26_F53_m53f53_P26_Y4_UO2438,ID53_F26_m53f53_P26_Y2_UO2478,I53_F26_m-1f-1_P53_Y-1_U200,FXX,3,0.0,1,0,1.0,0,0,0,-9999.0,0.375,1,P52_CV0,2,0,2,2,0,0,2,0,2
26,-1278261.152,265246.0266,E26_F53_m53f53_P26_Y4_UO2487,I53_F26_m-1f-1_P53_Y-1_U60,I53_F26_m-1f-1_P53_Y-1_U207,FXX,3,0.0,1,0,1.0,0,0,0,-9999.0,0.25,1,P52_CV0,2,1,1,2,0,0,2,0,2
26,-1278261.152,265246.0266,E26_F53_m53f53_P26_Y4_UO2477,ID53_F26_m-1f-1_P53_Y-1_U179,I53_F26_m53f53_P26_Y0_UO2662,MXY,3,0.0,1,0,0.0,0,0,0,-9999.0,0.375,1,P52_CV0,2,0,2,1,1,0,2,0,2
26,-1278261.152,265246.0266,E26_F53_m53f53_P26_Y4_UO2453,I53_F26_m-1f-1_P53_Y-1_U66,ID53_F26_m-1f-1_P53_Y-1_U118,MXY,3,0.0,1,0,0.0,0,0,0,-9999.0,0.25,1,P52_CV0,2,0,2,1,1,0,2,0,2
26,-1278261.152,265246.0266,E26_F53_m53f53_P26_Y4_UO2443,I53_F26_m53f53_P26_Y1_UO2349,I53_F26_m-1f-1_P53_Y-1_U151,MXY,3,0.0,1,0,0.0,0,0,0,-9999.0,0.625,1,P52_CV0,2,1,1,1,1,0,2,0,2
26,-1278261.152,265246.0266,E26_F53_m53f53_P26_Y4_UO2470,ID53_F26_m-1f-1_P53_Y-1_U92,I53_F26_m53f53_P26_Y2_UO2525,FXX,3,0.0,1,0,1.0,0,0,0,-9999.0,0.125,1,P52_CV0,2,0,2,1,1,0,2,0,2
26,-1278261.152,265246.0266,E26_F53_m53f53_P26_Y4_UO2480,I53_F26_m-1f-1_P53_Y-1_U37,I53_F26_m-1f-1_P53_Y-1_U229,FXX,3,0.0,1,0,1.0,0,0,0,-9999.0,0.5,1,P52_CV0,2,1,1,0,2,0,2,0,2
26,-1278261.152,265246.0266,E26_F53_m53f53_P26_Y3_UO2466,I53_F26_m-1f-1_P53_Y-1_U159,I53_F26_m-1f-1_P53_Y-1_U12,MXY,4,0.0,1,0,0.0,0,0,0,-9999.0,0.5,1,P52_CV0,2,1,1,1,1,0,2,0,2
26,-1278261.152,265246.0266,E26_F53_m53f53_P26_Y3_UO2492,I53_F26_m-1f-1_P53_Y-1_U163,I53_F26_m53f53_P26_Y1_UO2341,MXY,4,0.0,1,0,0.0,0,0,0,-9999.0,0.5,1,P52_CV0,2,1,1,1,1,0,2,0,2
26,-1278261.152,265246.0266,E26_F53_m53f53_P26_Y3_UO2448,I53_F26_m53f53_P26_Y1_UO2368,I53_F26_m53f53_P26_Y0_UO2689,FXX,4,0.0,1,0,1.0,0,0,0,-9999.0,0.375,1,P52_CV0,2,2,0,1,1,0,2,0,2
26,-1278261.152,265246.0266,E26_F53_m53f53_P26_Y3_UO2484,I53_F26_m-1f-1_P53_Y-1_U92,I53_F26_m53f53_P26_Y0_UO2660,FXX,4,0.0,1,0,1.0,0,0,0,-9999.0,0.125,1,P52_CV0,2,0,2,1,1,0,2,0,2
26,-1278261.152,265246.0266,E26_F53_m53f53_P26_Y3_UO2490,I53_F26_m-1f-1_P53_Y-1_U89,ID53_F26_m53f53_P26_Y0_UO2662,MXY,4,0.0,1,0,0.0,0,0,0,-9999.0,0.125,1,P52_CV0,2,1,1,1,1,0,2,0,2
26,-1278261.152,265246.0266,E26_F53_m53f53_P26_Y3_UO2457,ID53_F26_m53f53_P26_Y0_UO2696,I53_F26_m-1f-1_P53_Y-1_U93,MXY,4,0.0,1,0,0.0,0,0,0,-9999.0,0.125,1,P52_CV0,2,0,2,1,1,0,2,0,2
26,-1278261.152,265246.0266,E26_F53_m53f53_P26_Y3_UO2505,I53_F26_m-1f-1_P53_Y-1_U242,I53_F26_m-1f-1_P53_Y-1_U231,FXX,4,0.0,1,0,1.0,0,0,0,-9999.0,1.0,1,P52_CV0,2,2,0,2,0,0,2,0,2
26,-1278261.152,265246.0266,E26_F53_m53f53_P26_Y3_UO2496,I53_F26_m-1f-1_P53_Y-1_U25,I53_F26_m-1f-1_P53_Y-1_U95,FXX,4,0.0,1,0,1.0,0,0,0,-9999.0,1.0,1,P52_CV0,2,2,0,1,1,0,2,0,2
26,-1278261.152,265246.0266,E26_F53_m53f53_P26_Y3_UO2455,I53_F26_m53f53_P26_Y0_UO2671,I53_F26_m53f53_P26_Y0_UO2649,MXY,4,0.0,1,0,0.0,0,0,0,-9999.0,0.625,1,P52_CV0,2,2,0,2,0,0,2,0,2
26,-1278261.152,265246.0266,E26_F53_m53f53_P26_Y3_UO2473,I53_F26_m-1f-1_P53_Y-1_U232,I53_F26_m-1f-1_P53_Y-1_U71,FXX,4,0.0,1,0,1.0,0,0,0,-9999.0,0.5,1,P52_CV0,2,0,2,1,1,0,2,0,2
26,-1278261.152,265246.0266,E26_F53_m53f53_P26_Y2_UO2519,I53_F26_m-1f-1_P53_Y-1_U63,ID53_F26_m-1f-1_P53_Y-1_U21,MXY,5,0.0,1,0,0.0,0,0,0,-9999.0,0.75,1,P52_CV0,2,1,1,2,0,0,2,0,2
26,-1278261.152,265246.0266,E26_F53_m53f53_P26_Y2_UO2503,I53_F26_m-1f-1_P53_Y-1_U185,I53_F26_m-1f-1_P53_Y-1_U117,FXX,5,0.0,1,0,1.0,0,0,0,-9999.0,0.5,1,P52_CV0,2,2,0,0,2,0,2,0,2
26,-1278261.152,265246.0266,E26_F53_m53f53_P26_Y2_UO2491,I53_F26_m-1f-1_P53_Y-1_U79,I53_F26_m-1f-1_P53_Y-1_U196,MXY,5,0.0,1,0,0.0,0,0,0,-9999.0,0.5,1,P52_CV0,2,2,0,1,1,0,2,0,2
26,-1278261.152,265246.0266,E26_F53_m53f53_P26_Y2_UO2534,ID53_F66_m-1f-1_P53_Y-1_U176,I53_F26_m-1f-1_P53_Y-1_U135,MXY,5,0.0,1,0,0.0,0,0,0,-9999.0,0.5,1,P52_CV0,2,1,1,1,1,0,2,0,2
26,-1278261.152,265246.0266,E26_F53_m53f53_P26_Y2_UO2517,I53_F26_m-1f-1_P53_Y-1_U76,ID53_F26_m-1f-1_P53_Y-1_U116,FXX,5,0.0,1,0,1.0,0,0,0,-9999.0,0.25,1,P52_CV0,2,0,2,0,2,0,2,0,2
26,-1278261.152,265246.0266,E26_F53_m53f53_P26_Y2_UO2478,I53_F26_m-1f-1_P53_Y-1_U27,I53_F26_m-1f-1_P53_Y-1_U121,FXX,5,0.0,1,0,1.0,0,0,0,-9999.0,0.25,1,P52_CV0,2,0,2,2,0,0,2,0,2
26,-1278261.152,265246.0266,E26_F53_m53f53_P26_Y1_UO2385,ID53_F26_m-1f-1_P53_Y-1_U111,ID53_F26_m-1f-1_P53_Y-1_U206,MXY,6,0.0,1,0,0.0,0,0,0,-9999.0,0.0,1,P52_CV0,2,0,2,0,2,0,2,0,2
26,-1278261.152,265246.0266,E26_F53_m53f53_P26_Y1_UO2406,ID53_F26_m-1f-1_P53_Y-1_U194,I53_F26_m-1f-1_P53_Y-1_U133,MXY,6,0.0,1,0,0.0,0,0,0,-9999.0,0.25,1,P52_CV0,2,0,2,1,1,0,2,0,2
26,-1278261.152,265246.0266,E26_F53_m53f53_P26_Y1_UO2364,I53_F26_m-1f-1_P53_Y-1_U57,I53_F26_m-1f-1_P53_Y-1_U114,MXY,6,0.0,1,0,0.0,0,0,0,-9999.0,0.25,1,P52_CV0,2,1,1,1,1,0,2,0,2
26,-1278261.152,265246.0266,E26_F53_m53f53_P26_Y1_UO2341,I53_F26_m-1f-1_P53_Y-1_U68,I53_F26_m-1f-1_P53_Y-1_U30,MXY,6,0.0,1,0,0.0,0,0,0,-9999.0,0.5,1,P52_CV0,2,2,0,1,1,0,2,0,2
26,-1278261.152,265246.0266,E26_F53_m53f53_P26_Y1_UO2349,I53_F26_m-1f-1_P53_Y-1_U55,I53_F26_m-1f-1_P53_Y-1_U164,FXX,6,0.0,1,0,1.0,0,0,0,-9999.0,0.75,1,P52_CV0,2,1,1,1,1,0,2,0,2
26,-1278261.152,265246.0266,E26_F53_m53f53_P26_Y1_UO2356,ID53_F26_m-1f-1_P53_Y-1_U232,ID53_F26_m-1f-1_P53_Y-1_U110,MXY,6,0.0,1,0,0.0,0,0,0,-9999.0,0.25,1,P52_CV0,2,1,1,2,0,0,2,0,2
26,-1278261.152,265246.0266,E26_F53_m53f53_P26_Y1_UO2367,ID53_F26_m-1f-1_P53_Y-1_U106,I53_F26_m-1f-1_P53_Y-1_U101,FXX,6,0.0,1,0,1.0,0,0,0,-9999.0,0.75,1,P52_CV0,2,1,1,0,2,0,2,0,2
26,-1278261.152,265246.0266,E26_F53_m53f53_P26_Y0_UO2671,R53_F53_m-1f-1_P53_Y-1_U119,R53_F53_m-1f-1_P53_Y-1_U121,FXX,7,0.0,1,0,1.0,0,0,0,-9999.0,0.5,1,P52_CV0,2,1,1,1,1,0,2,0,2
26,-1278261.152,265246.0266,E26_F53_m53f53_P26_Y0_UO2649,R53_F53_m-1f-1_P53_Y-1_U58,R53_F53_m-1f-1_P53_Y-1_U217,MXY,7,0.0,1,0,0.0,0,0,0,-9999.0,0.75,1,P52_CV0,2,2,0,2,0,0,2,0,2
26,-1278261.152,265246.0266,E26_F53_m53f53_P26_Y0_UO2650,R53_F53_m-1f-1_P53_Y-1_U59,R53_F53_m-1f-1_P53_Y-1_U207,MXY,7,0.0,1,0,0.0,0,0,0,-9999.0,0.0,1,P52_CV0,2,0,2,1,1,0,2,0,2
26,-1278261.152,265246.0266,E26_F53_m53f53_P26_Y0_UO2651,R53_F53_m-1f-1_P53_Y-1_U60,R53_F53_m-1f-1_P53_Y-1_U48,MXY,7,0.0,1,0,0.0,0,0,0,-9999.0,0.5,1,P52_CV0,2,1,1,1,1,0,2,0,2
26,-1278261.152,265246.0266,E26_F53_m53f53_P26_Y0_UO2646,R53_F53_m-1f-1_P53_Y-1_U50,R53_F53_m-1f-1_P53_Y-1_U133,MXY,7,0.0,1,0,0.0,0,0,0,-9999.0,0.5,1,P52_CV0,2,0,2,1,1,0,2,0,2
26,-1278261.152,265246.0266,E26_F53_m53f53_P26_Y0_UO2689,R53_F53_m-1f-1_P53_Y-1_U161,R53_F53_m-1f-1_P53_Y-1_U225,MXY,7,0.0,1,0,0.0,0,0,0,-9999.0,0.5,1,P52_CV0,2,1,1,0,2,0,2,0,2
26,-1278261.152,265246.0266,E26_F53_m-1f-1_P53_Y-1_U95,-9999,-9999,MXY,8,0.0,1,0,0.0,0,0,0,-9999.0,1.0,1,P52_CV0,2,2,0,0,2,0,2,0,2
26,-1278261.152,265246.0266,E26_F53_m-1f-1_P53_Y-1_U83,-9999,-9999,FXX,8,0.0,1,0,1.0,0,0,0,-9999.0,0.5,1,P52_CV0,2,1,1,0,2,0,2,0,2
26,-1278261.152,265246.0266,E26_F53_m-1f-1_P53_Y-1_U98,-9999,-9999,MXY,8,0.0,1,0,0.0,0,0,0,-9999.0,0.5,1,P52_CV0,2,1,1,0,2,0,2,0,2
26,-1278261.152,265246.0266,E26_F53_m-1f-1_P53_Y-1_U171,-9999,-9999,MXY,8,0.0,1,0,0.0,0,0,0,-9999.0,0.0,1,P52_CV0,2,0,2,1,1,0,2,0,2
26,-1278261.152,265246.0266,E26_F53_m-1f-1_P53_Y-1_U130,-9999,-9999,FXX,8,0.0,1,0,1.0,0,0,0,-9999.0,0.5,1,P52_CV0,2,1,1,2,0,0,2,0,2
26,-1278261.152,265246.0266,E26_F53_m-1f-1_P53_Y-1_U65,-9999,-9999,MXY,8,0.0,1,0,0.0,0,0,0,-9999.0,0.0,1,P52_CV0,2,0,2,1,1,0,2,0,2
26,-1278261.152,265246.0266,E26_F53_m-1f-1_P53_Y-1_U120,-9999,-9999,FXX,8,0.0,1,0,1.0,0,0,0,-9999.0,1.0,1,P52_CV0,2,2,0,1,1,0,2,0,2
26,-1278261.152,265246.0266,E26_F53_m-1f-1_P53_Y-1_U27,-9999,-9999,FXX,8,0.0,1,0,1.0,0,0,0,-9999.0,0.5,1,P52_CV0,2,1,1,1,1,0,2,0,2
26,-1278261.152,265246.0266,E26_F53_m-1f-1_P53_Y-1_U116,-9999,-9999,MXY,9,0.0,1,0,0.0,0,0,0,-9999.0,0.0,1,P52_CV0,2,0,2,0,2,0,2,0,2
26,-1278261.152,265246.0266,E26_F53_m-1f-1_P53_Y-1_U232,-9999,-9999,FXX,9,0.0,1,0,1.0,0,0,0,-9999.0,0.5,1,P52_CV0,2,1,1,1,1,0,2,0,2
26,-1278261.152,265246.0266,E26_F53_m-1f-1_P53_Y-1_U57,-9999,-9999,FXX,9,0.0,1,0,1.0,0,0,0,-9999.0,0.0,1,P52_CV0,2,0,2,1,1,0,2,0,2
26,-1278261.152,265246.0266,E26_F53_m-1f-1_P53_Y-1_U210,-9999,-9999,FXX,9,0.0,1,0,1.0,0,0,0,-9999.0,0.5,1,P52_CV0,2,1,1,0,2,0,2,0,2
26,-1278261.152,265246.0266,E26_F53_m-1f-1_P53_Y-1_U178,-9999,-9999,MXY,9,0.0,1,0,0.0,0,0,0,-9999.0,0.0,1,P52_CV0,2,0,2,1,1,0,2,0,2
26,-1278261.152,265246.0266,E26_F53_m-1f-1_P53_Y-1_U184,-9999,-9999,FXX,9,0.0,1,0,1.0,0,0,0,-9999.0,1.0,1,P52_CV0,2,2,0,2,0,0,2,0,2
26,-1278261.152,265246.0266,E26_F53_m-1f-1_P53_Y-1_U156,-9999,-9999,MXY,9,0.0,1,0,0.0,0,0,0,-9999.0,0.0,1,P52_CV0,2,0,2,1,1,0,2,0,2
26,-1278261.152,265246.0266,E26_F53_m-1f-1_P53_Y-1_U32,-9999,-9999,MXY,9,0.0,1,0,0.0,0,0,0,-9999.0,1.0,1,P52_CV0,2,2,0,1,1,0,2,0,2
26,-1278261.152,265246.0266,E26_F53_m-1f-1_P53_Y-1_U170,-9999,-9999,MXY,10,0.0,1,0,0.0,0,0,0,-9999.0,0.0,1,P52_CV0,2,0,2,2,0,0,2,0,2
26,-1278261.152,265246.0266,E26_F53_m-1f-1_P53_Y-1_U154,-9999,-9999,FXX,10,0.0,1,0,1.0,0,0,0,-9999.0,1.0,1,P52_CV0,2,2,0,1,1,0,2,0,2
26,-1278261.152,265246.0266,E26_F53_m-1f-1_P53_Y-1_U106,-9999,-9999,FXX,10,0.0,1,0,1.0,0,0,0,-9999.0,1.0,1,P52_CV0,2,2,0,1,1,0,2,0,2
26,-1278261.152,265246.0266,E26_F53_m-1f-1_P53_Y-1_U16,-9999,-9999,FXX,10,0.0,1,0,1.0,0,0,0,-9999.0,0.5,1,P52_CV0,2,1,1,1,1,0,2,0,2
26,-1278261.152,265246.0266,E26_F53_m-1f-1_P53_Y-1_U185,-9999,-9999,FXX,10,0.0,1,0,1.0,0,0,0,-9999.0,0.5,1,P52_CV0,2,1,1,0,2,0,2,0,2
26,-1278261.152,265246.0266,E26_F53_m-1f-1_P53_Y-1_U229,-9999,-9999,MXY,10,0.0,1,0,0.0,0,0,0,-9999.0,0.5,1,P52_CV0,2,1,1,1,1,0,2,0,2
26,-1278261.152,265246.0266,E26_F53_m-1f-1_P53_Y-1_U118,-9999,-9999,MXY,10,0.0,1,0,0.0,0,0,0,-9999.0,0.5,1,P52_CV0,2,1,1,1,1,0,2,0,2
26,-1278261.152,265246.0266,E26_F53_m-1f-1_P53_Y-1_U122,-9999,-9999,MXY,10,0.0,1,0,0.0,0,0,0,-9999.0,0.5,1,P52_CV0,2,1,1,2,0,0,2,0,2
26,-1278261.152,265246.0266,E26_F53_m-1f-1_P53_Y-1_U231,-9999,-9999,MXY,10,0.0,1,0,0.0,0,0,0,-9999.0,1.0,1,P52_CV0,2,2,0,1,1,0,2,0,2
26,-1278261.152,265246.0266,E26_F53_m-1f-1_P53_Y-1_U19,-9999,-9999,MXY,10,0.0,1,0,0.0,0,0,0,-9999.0,0.0,1,P52_CV0,2,0,2,2,0,0,2,0,2
26,-1278261.152,265246.0266,E26_F53_m-1f-1_P53_Y-1_U148,-9999,-9999,MXY,10,0.0,1,0,0.0,0,0,0,-9999.0,0.5,1,P52_CV0,2,1,1,2,0,0,2,0,2
26,-1278261.152,265246.0266,E26_F53_m-1f-1_P53_Y-1_U243,-9999,-9999,FXX,11,0.0,1,0,1.0,0,0,0,-9999.0,1.0,1,P52_CV0,2,2,0,2,0,0,2,0,2
26,-1278261.152,265246.0266,E26_F53_m-1f-1_P53_Y-1_U92,-9999,-9999,FXX,11,0.0,1,0,1.0,0,0,0,-9999.0,0.0,1,P52_CV0,2,0,2,1,1,0,2,0,2
26,-1278261.152,265246.0266,E26_F53_m-1f-1_P53_Y-1_U217,-9999,-9999,MXY,11,0.0,1,0,0.0,0,0,0,-9999.0,0.5,1,P52_CV0,2,1,1,2,0,0,2,0,2
26,-1278261.152,265246.0266,E26_F53_m-1f-1_P53_Y-1_U76,-9999,-9999,FXX,12,0.0,1,0,1.0,0,0,0,-9999.0,0.5,1,P52_CV0,2,1,1,1,1,0,2,0,2
26,-1278261.152,265246.0266,E26_F53_m-1f-1_P53_Y-1_U163,-9999,-9999,FXX,12,0.0,1,0,1.0,0,0,0,-9999.0,0.5,1,P52_CV0,2,1,1,0,2,0,2,0,2
26,-1278261.152,265246.0266,E26_F53_m-1f-1_P53_Y-1_U202,-9999,-9999,MXY,12,0.0,1,0,0.0,0,0,0,-9999.0,0.5,1,P52_CV0,2,1,1,0,2,0,2,0,2
26,-1278261.152,265246.0266,E26_F53_m-1f-1_P53_Y-1_U108,-9999,-9999,MXY,12,0.0,1,0,0.0,0,0,0,-9999.0,1.0,1,P52_CV0,2,2,0,0,2,0,2,0,2
26,-1278261.152,265246.0266,E26_F53_m-1f-1_P53_Y-1_U111,-9999,-9999,FXX,12,0.0,1,0,1.0,0,0,0,-9999.0,0.0,1,P52_CV0,2,0,2,1,1,0,2,0,2
26,-1278261.152,265246.0266,E26_F53_m-1f-1_P53_Y-1_U179,-9999,-9999,FXX,12,0.0,1,0,1.0,0,0,0,-9999.0,0.5,1,P52_CV0,2,1,1,2,0,0,2,0,2
26,-1278261.152,265246.0266,E26_F53_m-1f-1_P53_Y-1_U34,-9999,-9999,MXY,13,0.0,1,0,0.0,0,0,0,-9999.0,0.0,1,P52_CV0,2,0,2,0,2,0,2,0,2
26,-1278261.152,265246.0266,E26_F53_m-1f-1_P53_Y-1_U207,-9999,-9999,MXY,13,0.0,1,0,0.0,0,0,0,-9999.0,0.0,1,P52_CV0,2,0,2,1,1,0,2,0,2
26,-1278261.152,265246.0266,E26_F53_m-1f-1_P53_Y-1_U115,-9999,-9999,MXY,13,0.0,1,0,0.0,0,0,0,-9999.0,0.5,1,P52_CV0,2,1,1,0,2,0,2,0,2
26,-1278261.152,265246.0266,E26_F53_m-1f-1_P53_Y-1_U71,-9999,-9999,MXY,13,0.0,1,0,0.0,0,0,0,-9999.0,0.5,1,P52_CV0,2,1,1,2,0,0,2,0,2
26,-1278261.152,265246.0266,E26_F53_m-1f-1_P53_Y-1_U126,-9999,-9999,FXX,13,0.0,1,0,1.0,0,0,0,-9999.0,0.5,1,P52_CV0,2,1,1,1,1,0,2,0,2
26,-1278261.152,265246.0266,E26_F53_m-1f-1_P53_Y-1_U103,-9999,-9999,MXY,13,0.0,1,0,0.0,0,0,0,-9999.0,0.5,1,P52_CV0,2,1,1,1,1,0,2,0,2
26,-1278261.152,265246.0266,E26_F53_m-1f-1_P53_Y-1_U37,-9999,-9999,FXX,14,0.0,1,0,1.0,0,0,0,-9999.0,0.5,1,P52_CV0,2,1,1,0,2,0,2,0,2
26,-1278261.152,265246.0266,E26_F53_m-1f-1_P53_Y-1_U190,-9999,-9999,MXY,14,0.0,1,0,0.0,0,0,0,-9999.0,1.0,1,P52_CV0,2,2,0,0,2,0,2,0,2
26,-1278261.152,265246.0266,E26_F53_m-1f-1_P53_Y-1_U25,-9999,-9999,FXX,14,0.0,1,0,1.0,0,0,0,-9999.0,1.0,1,P52_CV0,2,2,0,1,1,0,2,0,2
26,-1278261.152,265246.0266,E26_F53_m-1f-1_P53_Y-1_U12,-9999,-9999,MXY,14,0.0,1,0,0.0,0,0,0,-9999.0,0.5,1,P52_CV0,2,1,1,2,0,0,2,0,2
26,-1278261.152,265246.0266,E26_F53_m-1f-1_P53_Y-1_U117,-9999,-9999,MXY,15,0.0,1,0,0.0,0,0,0,-9999.0,0.5,1,P52_CV0,2,1,1,0,2,0,2,0,2
26,-1278261.152,265246.0266,E26_F53_m-1f-1_P53_Y-1_U139,-9999,-9999,FXX,15,0.0,1,0,1.0,0,0,0,-9999.0,0.5,1,P52_CV0,2,1,1,2,0,0,2,0,2
26,-1278261.152,265246.0266,E26_F53_m-1f-1_P53_Y-1_U97,-9999,-9999,FXX,15,0.0,1,0,1.0,0,0,0,-9999.0,0.5,1,P52_CV0,2,1,1,1,1,0,2,0,2
26,-1278261.152,265246.0266,E26_F53_m-1f-1_P53_Y-1_U164,-9999,-9999,MXY,16,0.0,1,0,0.0,0,0,0,-9999.0,0.5,1,P52_CV0,2,1,1,1,1,0,2,0,2
26,-1278261.152,265246.0266,Age0_F26_m62f62_P26_Y7_UO2887,ID62_F20_m53f53_P26_Y5_UO2494,ID62_F26_m62f62_P20_Y5_UO2964,MXY,0,0.0,0,0,0.0,0,0,0,0.0,0.625,1,P61_CV0,2,2,0,1,1,0,2,0,2
26,-1278261.152,265246.0266,Age0_F26_m62f62_P26_Y7_UO2935,I62_F20_m62f62_P20_Y3_UO2930,I62_F20_m62f62_P20_Y4_UO2927,MXY,0,0.0,0,0,0.0,0,0,0,0.0,0.4375,1,P61_CV0,2,0,2,2,0,0,2,0,2
26,-1278261.152,265246.0266,E26_F62_m70f70_P20_Y6_UO3271,I70_F20_m62f62_P20_Y3_UO2955,I70_F20_m-1f-1_P83_Y-1_U235,MXY,1,0.0,1,1,0.0,0,0,0,-9999.0,0.75,1,P61_CV0,2,2,0,2,0,0,2,0,2
26,-1278261.152,265246.0266,E26_F62_m70f70_P20_Y6_UO3319,I70_F20_m-1f-1_P70_Y-1_U195,I70_F20_m62f62_P20_Y0_UO3218,MXY,1,0.0,1,1,0.0,0,0,0,-9999.0,0.375,1,P61_CV0,2,1,1,1,1,0,2,0,2
26,-1278261.152,265246.0266,E26_F53_m62f62_P26_Y4_UO2943,I62_F20_m-1f-1_P62_Y-1_U162,I62_F26_m62f62_P20_Y2_UO2925,FXX,3,0.0,1,0,1.0,0,0,0,-9999.0,0.5,1,P61_CV0,2,1,1,2,0,0,2,0,2
26,-1278261.152,265246.0266,E26_F62_m62f62_P20_Y4_UO2927,ID62_F20_m-1f-1_P62_Y-1_U82,I62_F20_m83f83_P20_Y1_UO3592,MXY,3,0.0,1,0,0.0,0,0,0,-9999.0,0.125,1,P61_CV0,2,0,2,2,0,0,2,0,2
26,-1278261.152,265246.0266,E26_F62_m-1f-1_P62_Y-1_U123,-9999,-9999,MXY,14,0.0,1,0,0.0,0,0,0,-9999.0,1.0,1,P61_CV0,2,2,0,1,1,0,2,0,2
26,-1278261.152,265246.0266,Age0_F26_m62f62_P26_Y7_UO2860,I62_F20_m70f70_P20_Y5_UO3284,ID62_F20_m62f62_P20_Y4_UO2925,MXY,0,0.0,0,0,0.0,0,0,0,0.0,0.5,1,P69_CV0,2,1,1,0,2,0,2,0,2
26,-1278261.152,265246.0266,E26_F62_m70f70_P20_Y6_UO3262,ID70_F20_m83f83_P20_Y3_UO3764,ID70_F20_m-1f-1_P70_Y-1_U144,MXY,1,0.0,1,1,0.0,0,0,0,-9999.0,0.5,1,P69_CV0,2,2,0,1,1,0,2,0,2
26,-1278261.152,265246.0266,E26_F62_m70f70_P20_Y6_UO3325,I70_F20_m-1f-1_P70_Y-1_U69,ID70_F20_m-1f-1_P70_Y-1_U144,FXX,1,0.0,1,1,1.0,0,0,0,-9999.0,0.5,1,P69_CV0,2,2,0,2,0,0,2,0,2
26,-1278261.152,265246.0266,E26_F62_m70f70_P20_Y5_UO3284,ID70_F20_m-1f-1_P70_Y-1_U210,I70_F20_m-1f-1_P83_Y-1_U181,FXX,2,0.0,1,0,1.0,0,0,0,-9999.0,0.75,1,P69_CV0,2,2,0,0,2,0,2,0,2
26,-1278261.152,265246.0266,E26_F62_m83f83_P20_Y5_UO3820,I83_F20_m-1f-1_P70_Y-1_U43,I83_F20_m-1f-1_P83_Y-1_U84,MXY,2,0.0,1,0,0.0,0,0,0,-9999.0,0.25,1,P69_CV0,2,0,2,2,0,0,2,0,2
26,-1278261.152,265246.0266,E26_F62_m62f62_P20_Y3_UO2930,I62_F20_m-1f-1_P62_Y-1_U216,ID62_F20_m70f70_P20_Y1_UO3114,FXX,4,0.0,1,0,1.0,0,0,0,-9999.0,0.75,1,P69_CV0,2,1,1,1,1,0,2,0,2
26,-1278261.152,265246.0266,E26_F62_m70f70_P20_Y1_UO3049,I70_F20_m-1f-1_P70_Y-1_U104,ID70_F20_m-1f-1_P70_Y-1_U17,FXX,6,0.0,1,0,1.0,0,0,0,-9999.0,0.25,1,P69_CV0,2,0,2,0,2,0,2,0,2
26,-1278261.152,265246.0266,Age0_F26_m62f62_P26_Y7_UO2855,ID62_F20_m62f62_P20_Y5_UO2858,ID62_F20_m-1f-1_P62_Y-1_U123,FXX,0,0.0,0,0,0.0,0,0,0,0.0,0.84375,1,P82_CV0,2,2,0,2,0,0,2,0,2
26,-1278261.152,265246.0266,Age0_F26_m62f62_P26_Y7_UO2961,ID62_F20_m70f70_P20_Y1_UO3049,I62_F20_m83f83_P20_Y0_UO4033,FXX,0,0.0,0,0,0.0,0,0,0,0.0,0.375,1,P82_CV0,2,0,2,1,1,0,2,0,2
26,-1278261.152,265246.0266,E26_F62_m70f70_P20_Y6_UO3303,I70_F20_m-1f-1_P83_Y-1_U68,I70_F20_m-1f-1_P70_Y-1_U126,MXY,1,0.0,1,1,0.0,0,0,0,-9999.0,0.5,1,P82_CV0,2,2,0,2,0,0,2,0,2
26,-1278261.152,265246.0266,E26_F62_m70f70_P20_Y6_UO3315,I70_F20_m-1f-1_P70_Y-1_U109,I70_F20_m83f83_P20_Y1_UO3573,MXY,1,0.0,1,1,0.0,0,0,0,-9999.0,0.125,1,P82_CV0,2,1,1,2,0,0,2,0,2
26,-1278261.152,265246.0266,E26_F62_m62f62_P20_Y5_UO2858,I62_F20_m70f70_P20_Y3_UO3197,ID62_F20_m83f83_P20_Y1_UO3566,FXX,2,0.0,1,0,1.0,0,0,0,-9999.0,0.6875,1,P82_CV0,2,1,1,1,1,0,2,0,2
26,-1278261.152,265246.0266,E26_F62_m70f70_P20_Y4_UO3220,I70_F20_m83f83_P20_Y0_UO4087,I70_F20_m-1f-1_P70_Y-1_U118,MXY,3,0.0,1,0,0.0,0,0,0,-9999.0,0.0,1,P82_CV0,2,0,2,0,2,0,2,0,2
26,-1278261.152,265246.0266,Age0_F26_m53f53_P26_Y7_UO2520,I53_F26_m-1f-1_P88_Y-1_U129,I53_F26_m53f53_P26_Y3_UO2455,MXY,0,0.0,0,0,0.0,0,0,0,0.0,0.5625,1,P87_CV0,2,2,0,2,0,0,2,0,2
26,-1278261.152,265246.0266,E26_F53_m-1f-1_P88_Y-1_U129,-9999,-9999,FXX,8,0.0,1,0,1.0,0,0,0,-9999.0,0.5,1,P87_CV0,2,1,1,1,1,0,2,0,2
26,-1278261.152,265246.0266,E26_F88_m-1f-1_P88_Y-1_U133,-9999,-9999,FXX,15,0.0,1,0,1.0,0,0,0,-9999.0,0.5,1,P87_CV0,2,1,1,0,2,0,2,0,2
27,-630413.7693,-753525.7232,Age0_F27_m23f23_P27_Y7_UO1144,I23_F57_m90f90_P35_Y4_UO4170,I23_F27_m46f46_P86_Y4_UO2231,MXY,0,0.0,0,0,0.0,0,0,0,0.0,0.53125,1,P11_CV0,2,0,2,0,2,0,2,0,2
27,-630413.7693,-753525.7232,Age0_F27_m23f23_P27_Y7_UO1168,I23_F86_m40f40_P57_Y3_UO1905,I23_F27_m90f90_P35_Y5_UO4274,MXY,0,0.0,0,0,0.0,0,0,0,0.0,0.4375,1,P11_CV0,2,1,1,1,1,0,2,0,2
27,-630413.7693,-753525.7232,E27_F23_m12f12_P86_Y6_UO702,I12_F86_m12f12_P86_Y4_UO747,I12_F52_m-1f-1_P45_Y-1_U16,MXY,1,0.0,1,1,0.0,0,0,0,-9999.0,0.125,1,P11_CV0,2,0,2,1,1,0,2,0,2
27,-630413.7693,-753525.7232,E27_F23_m23f23_P27_Y6_UO1230,I23_F27_m12f12_P52_Y0_UO794,I23_F57_m42f42_P99_Y3_UO2002,FXX,1,0.0,1,1,1.0,0,0,0,-9999.0,0.25,1,P11_CV0,2,1,1,1,1,0,2,0,2
27,-630413.7693,-753525.7232,E27_F40_m90f90_P6_Y6_UO4270,I90_F52_m50f50_P27_Y3_UO2386,I90_F86_m12f12_P52_Y1_UO668,FXX,1,0.0,1,1,1.0,0,0,0,-9999.0,0.375,1,P11_CV0,2,0,2,0,2,0,2,0,2
27,-630413.7693,-753525.7232,E27_F45_m90f90_P86_Y6_UO4263,ID90_F57_m90f90_P86_Y3_UO4210,I90_F86_m12f12_P52_Y1_UO668,MXY,1,0.0,1,1,0.0,0,0,0,-9999.0,0.375,1,P11_CV0,2,0,2,0,2,0,2,0,2
27,-630413.7693,-753525.7232,E27_F90_m30f30_P52_Y6_UO1375,I30_F52_m30f30_P13_Y4_UO1403,I30_F38_m-1f-1_P46_Y-1_U51,MXY,1,0.0,1,1,0.0,0,0,0,-9999.0,0.5625,1,P11_CV0,2,1,1,1,1,0,2,0,2
27,-630413.7693,-753525.7232,E27_F23_m23f23_P27_Y5_UO1168,ID23_F35_m12f12_P52_Y2_UO685,ID23_F6_m-1f-1_P23_Y-1_U126,MXY,2,0.0,1,0,0.0,0,0,0,-9999.0,0.3125,1,P11_CV0,2,0,2,1,1,0,2,0,2
27,-630413.7693,-753525.7232,E27_F23_m90f90_P35_Y4_UO4170,I90_F86_m12f12_P52_Y2_UO685,I90_F6_m23f23_P86_Y2_UO1159,FXX,3,0.0,1,0,1.0,0,0,0,-9999.0,0.5625,1,P11_CV0,2,1,1,1,1,0,2,0,2
27,-630413.7693,-753525.7232,E27_F92_m90f90_P86_Y3_UO4201,I90_F52_m-1f-1_P90_Y-1_U158,I90_F6_m12f12_P52_Y1_UO668,FXX,4,0.0,1,0,1.0,0,0,0,-9999.0,0.25,1,P11_CV0,2,0,2,0,2,0,2,0,2
27,-630413.7693,-753525.7232,E27_F92_m23f23_P57_Y3_UO1234,I23_F57_m-1f-1_P90_Y-1_U32,I23_F57_m-1f-1_P12_Y-1_U50,FXX,4,0.0,1,0,1.0,0,0,0,-9999.0,1.0,1,P11_CV0,2,2,0,0,2,0,2,0,2
27,-630413.7693,-753525.7232,E27_F23_m12f12_P52_Y2_UO685,I12_F52_m46f46_P52_Y0_UO2348,I12_F52_m-1f-1_P12_Y-1_U60,FXX,5,0.0,1,0,1.0,0,0,0,-9999.0,0.625,1,P11_CV0,2,1,1,0,2,0,2,0,2
27,-630413.7693,-753525.7232,E27_F23_m12f12_P52_Y0_UO794,R12_F12_m-1f-1_P12_Y-1_U247,R12_F12_m-1f-1_P12_Y-1_U11,FXX,7,0.0,1,0,1.0,0,0,0,-9999.0,0.25,1,P11_CV0,2,1,1,0,2,0,2,0,2
27,-630413.7693,-753525.7232,E27_F23_m-1f-1_P12_Y-1_U118,-9999,-9999,MXY,16,0.0,1,0,0.0,0,0,0,-9999.0,1.0,1,P11_CV0,2,2,0,0,2,0,2,0,2
27,-630413.7693,-753525.7232,Age0_F27_m23f23_P27_Y7_UO1125,I23_F76_m90f90_P86_Y5_UO4210,I23_F35_m23f23_P6_Y5_UO1200,FXX,0,0.0,0,0,0.0,0,0,0,0.0,0.375,1,P22_CV0,2,2,0,2,0,0,2,0,2
27,-630413.7693,-753525.7232,Age0_F27_m23f23_P27_Y7_UO1137,I23_F57_m90f90_P57_Y5_UO4222,I23_F35_m-1f-1_P23_Y-1_U58,FXX,0,0.0,0,0,0.0,0,0,0,0.0,0.25,1,P22_CV0,2,1,1,1,1,0,2,0,2
27,-630413.7693,-753525.7232,Age0_F27_m23f23_P27_Y7_UO1209,I23_F27_m12f12_P52_Y0_UO794,I23_F27_m-1f-1_P23_Y-1_U149,FXX,0,0.0,0,0,0.0,0,0,0,0.0,0.375,1,P22_CV0,2,2,0,1,1,0,2,0,2
27,-630413.7693,-753525.7232,E27_F23_m23f23_P86_Y6_UO1248,I23_F76_m-1f-1_P23_Y-1_U102,I23_F27_m-1f-1_P23_Y-1_U146,MXY,1,0.0,1,1,0.0,0,0,0,-9999.0,0.5,1,P22_CV0,2,0,2,2,0,0,2,0,2
27,-630413.7693,-753525.7232,E27_F23_m90f90_P52_Y6_UO4304,ID90_F57_m90f90_P35_Y1_UO4046,I90_F86_m40f40_P6_Y4_UO1904,FXX,1,0.0,1,1,1.0,0,0,0,-9999.0,0.375,1,P22_CV0,2,0,2,1,1,0,2,0,2
27,-630413.7693,-753525.7232,E27_F23_m23f23_P35_Y6_UO1218,I23_F6_m23f23_P27_Y0_UO1317,I23_F57_m-1f-1_P23_Y-1_U129,FXX,1,0.0,1,1,1.0,0,0,0,-9999.0,0.625,1,P22_CV0,2,1,1,1,1,0,2,0,2
27,-630413.7693,-753525.7232,E27_F90_m90f90_P57_Y6_UO4336,I90_F86_m-1f-1_P23_Y-1_U140,I90_F76_m40f40_P57_Y4_UO1915,MXY,1,0.0,1,1,0.0,0,0,0,-9999.0,0.375,1,P22_CV0,2,1,1,1,1,0,2,0,2
27,-630413.7693,-753525.7232,E27_F90_m23f23_P86_Y6_UO1186,I23_F57_m42f42_P99_Y3_UO1982,I23_F27_m46f46_P52_Y3_UO2266,MXY,1,0.0,1,1,0.0,0,0,0,-9999.0,0.9375,1,P22_CV0,2,2,0,2,0,0,2,0,2
27,-630413.7693,-753525.7232,E27_F90_m23f23_P86_Y6_UO1208,I23_F86_m45f45_P86_Y1_UO2003,I23_F57_m23f23_P76_Y1_UO1146,MXY,1,0.0,1,1,0.0,0,0,0,-9999.0,0.25,1,P22_CV0,2,1,1,2,0,0,2,0,2
27,-630413.7693,-753525.7232,E27_F23_m90f90_P86_Y5_UO4280,ID90_F52_m-1f-1_P23_Y-1_U13,I90_F86_m-1f-1_P90_Y-1_U71,MXY,2,0.0,1,0,0.0,0,0,0,-9999.0,0.25,1,P22_CV0,2,1,1,0,2,0,2,0,2
27,-630413.7693,-753525.7232,E27_F23_m90f90_P57_Y5_UO4222,I90_F6_m12f12_P52_Y2_UO704,ID90_F57_m-1f-1_P23_Y-1_U249,FXX,2,0.0,1,0,1.0,0,0,0,-9999.0,0.5,1,P22_CV0,2,2,0,1,1,0,2,0,2
27,-630413.7693,-753525.7232,E27_F23_m23f23_P27_Y4_UO1201,I23_F57_m23f23_P35_Y0_UO1310,I23_F86_m-1f-1_P90_Y-1_U137,MXY,3,0.0,1,0,0.0,0,0,0,-9999.0,0.5,1,P22_CV0,2,1,1,1,1,0,2,0,2
27,-630413.7693,-753525.7232,E27_F23_m40f40_P99_Y4_UO1924,ID40_F86_m-1f-1_P23_Y-1_U86,I40_F6_m23f23_P57_Y1_UO1163,MXY,3,0.0,1,0,0.0,0,0,0,-9999.0,0.5,1,P22_CV0,2,0,2,2,0,0,2,0,2
27,-630413.7693,-753525.7232,E27_F23_m23f23_P27_Y2_UO1189,ID23_F86_m-1f-1_P23_Y-1_U71,ID23_F35_m-1f-1_P23_Y-1_U58,FXX,5,0.0,1,0,1.0,0,0,0,-9999.0,0.25,1,P22_CV0,2,1,1,2,0,0,2,0,2
27,-630413.7693,-753525.7232,E27_F23_m23f23_P86_Y2_UO1151,I23_F35_m23f23_P86_Y0_UO1227,I23_F6_m-1f-1_P23_Y-1_U75,MXY,5,0.0,1,0,0.0,0,0,0,-9999.0,0.625,1,P22_CV0,2,1,1,1,1,0,2,0,2
27,-630413.7693,-753525.7232,E27_F23_m42f42_P57_Y2_UO1993,ID42_F57_m-1f-1_P23_Y-1_U87,I42_F99_m45f45_P57_Y0_UO2277,MXY,5,0.0,1,0,0.0,0,0,0,-9999.0,0.625,1,P22_CV0,2,1,1,1,1,0,2,0,2
27,-630413.7693,-753525.7232,E27_F90_m-1f-1_P23_Y-1_U88,-9999,-9999,MXY,9,0.0,1,0,0.0,0,0,0,-9999.0,0.5,1,P22_CV0,2,1,1,2,0,0,2,0,2
27,-630413.7693,-753525.7232,E27_F92_m-1f-1_P23_Y-1_U94,-9999,-9999,MXY,11,0.0,1,0,0.0,0,0,0,-9999.0,0.5,1,P22_CV0,2,1,1,0,2,0,2,0,2
27,-630413.7693,-753525.7232,E27_F23_m-1f-1_P23_Y-1_U129,-9999,-9999,MXY,13,0.0,1,0,0.0,0,0,0,-9999.0,1.0,1,P22_CV0,2,2,0,0,2,0,2,0,2
27,-630413.7693,-753525.7232,Age0_F27_m23f23_P27_Y7_UO1166,ID23_F57_m23f23_P27_Y3_UO1164,ID23_F57_m25f25_P68_Y1_UO1249,FXX,0,0.0,0,0,0.0,0,0,0,0.0,0.5,1,P24_CV0,2,1,1,1,1,0,2,0,2
27,-630413.7693,-753525.7232,Age0_F27_m30f30_P27_Y7_UO1442,I30_F13_m-1f-1_P30_Y-1_U93,I30_F13_m-1f-1_P7_Y-1_U165,MXY,0,0.0,0,0,0.0,0,0,0,0.0,0.5,1,P29_CV0,2,1,1,1,1,0,2,0,2
27,-630413.7693,-753525.7232,E27_F23_m90f90_P57_Y6_UO4250,ID90_F57_m90f90_P27_Y3_UO4139,ID90_F52_m92f92_P27_Y4_UO4343,MXY,1,0.0,1,1,0.0,0,0,0,-9999.0,0.5,1,P29_CV0,2,1,1,0,2,0,2,0,2
27,-630413.7693,-753525.7232,E27_F90_m45f45_P86_Y6_UO2218,ID45_F57_m12f12_P52_Y3_UO732,ID45_F52_m-1f-1_P30_Y-1_U231,FXX,1,0.0,1,1,1.0,0,0,0,-9999.0,0.375,1,P29_CV0,2,2,0,1,1,0,2,0,2
27,-630413.7693,-753525.7232,E27_F23_m30f30_P52_Y4_UO1391,I30_F74_m37f37_P74_Y0_UO1767,I30_F74_m-1f-1_P30_Y-1_U95,FXX,3,0.0,1,0,1.0,0,0,0,-9999.0,0.5,1,P29_CV0,2,2,0,1,1,0,2,0,2
27,-630413.7693,-753525.7232,E27_F30_m-1f-1_P30_Y-1_U93,-9999,-9999,FXX,8,0.0,1,0,1.0,0,0,0,-9999.0,0.5,1,P29_CV0,2,1,1,0,2,0,2,0,2
27,-630413.7693,-753525.7232,E27_F92_m40f40_P6_Y6_UO1932,ID40_F68_m84f84_P8_Y4_UO3891,I40_F8_m-1f-1_P42_Y-1_U85,FXX,1,0.0,1,1,1.0,0,0,0,-9999.0,0.875,1,P30_CV0,2,1,1,1,1,0,2,0,2
27,-630413.7693,-753525.7232,E27_F23_m45f45_P57_Y5_UO2225,I45_F57_m-1f-1_P31_Y-1_U140,I45_F6_m-1f-1_P90_Y-1_U153,FXX,2,0.0,1,0,1.0,0,0,0,-9999.0,0.75,1,P30_CV0,2,2,0,1,1,0,2,0,2
27,-630413.7693,-753525.7232,E27_F90_m46f46_P52_Y6_UO2307,I46_F52_m46f46_P52_Y2_UO2257,ID46_F13_m-1f-1_P39_Y-1_U148,FXX,1,0.0,1,1,1.0,0,0,0,-9999.0,0.75,1,P38_CV0,2,2,0,0,2,0,2,0,2
27,-630413.7693,-753525.7232,E27_F12_m39f39_P19_Y0_UO1854,R39_F39_m-1f-1_P39_Y-1_U54,R39_F39_m-1f-1_P39_Y-1_U175,MXY,7,0.0,1,0,0.0,0,0,0,-9999.0,0.5,1,P38_CV0,2,1,1,2,0,0,2,0,2
27,-630413.7693,-753525.7232,Age0_F27_m23f23_P27_Y7_UO1112,I23_F35_m45f45_P57_Y5_UO2225,I23_F57_m42f42_P99_Y4_UO1953,MXY,0,0.0,0,0,0.0,0,0,0,0.0,0.625,1,P39_CV0,2,2,0,1,1,0,2,0,2
27,-630413.7693,-753525.7232,Age0_F27_m23f23_P27_Y7_UO1174,I23_F6_m40f40_P6_Y3_UO1911,ID23_F57_m40f40_P6_Y1_UO1760,MXY,0,0.0,0,0,0.0,0,0,0,0.0,0.5,1,P39_CV0,2,1,1,1,1,0,2,0,2
27,-630413.7693,-753525.7232,Age0_F27_m23f23_P27_Y7_UO1190,I23_F6_m40f40_P27_Y2_UO1913,I23_F27_m90f90_P86_Y5_UO4284,MXY,0,0.0,0,0,0.0,0,0,0,0.0,0.4375,1,P39_CV0,2,1,1,1,1,0,2,0,2
27,-630413.7693,-753525.7232,Age0_F27_m23f23_P27_Y7_UO1200,I23_F76_m46f46_P52_Y1_UO2138,I23_F6_m12f12_P86_Y5_UO746,MXY,0,0.0,0,0,0.0,0,0,0,0.0,0.59375,1,P39_CV0,2,1,1,0,2,0,2,0,2
27,-630413.7693,-753525.7232,Age0_F27_m92f92_P27_Y7_UO4330,I92_F99_m42f42_P99_Y5_UO1967,I92_F6_m-1f-1_P40_Y-1_U70,MXY,0,0.0,0,0,0.0,0,0,0,0.0,0.1875,1,P39_CV0,2,1,1,1,1,0,2,0,2
27,-630413.7693,-753525.7232,Age0_F27_m92f92_P27_Y7_UO4336,I92_F6_m40f40_P6_Y5_UO1899,I92_F57_m50f50_P99_Y5_UO2418,MXY,0,0.0,0,0,0.0,0,0,0,0.0,0.25,1,P39_CV0,2,0,2,1,1,0,2,0,2
27,-630413.7693,-753525.7232,E27_F23_m40f40_P27_Y6_UO1995,I40_F57_m-1f-1_P40_Y-1_U231,I40_F57_m-1f-1_P40_Y-1_U176,FXX,1,0.0,1,1,1.0,0,0,0,-9999.0,0.0,1,P39_CV0,2,0,2,2,0,0,2,0,2
27,-630413.7693,-753525.7232,E27_F23_m90f90_P86_Y6_UO4237,ID90_F52_m50f50_P6_Y4_UO2356,I90_F6_m90f90_P86_Y4_UO4251,MXY,1,0.0,1,1,0.0,0,0,0,-9999.0,0.4375,1,P39_CV0,2,1,1,2,0,0,2,0,2
27,-630413.7693,-753525.7232,E27_F23_m92f92_P6_Y6_UO4360,ID92_F57_m23f23_P57_Y4_UO1225,I92_F57_m-1f-1_P40_Y-1_U70,FXX,1,0.0,1,1,1.0,0,0,0,-9999.0,0.0,1,P39_CV0,2,0,2,0,2,0,2,0,2
27,-630413.7693,-753525.7232,E27_F92_m45f45_P57_Y6_UO2239,I45_F86_m42f42_P99_Y0_UO2052,ID45_F99_m-1f-1_P40_Y-1_U82,MXY,1,0.0,1,1,0.0,0,0,0,-9999.0,0.75,1,P39_CV0,2,1,1,2,0,0,2,0,2
27,-630413.7693,-753525.7232,E27_F92_m40f40_P6_Y5_UO1899,I40_F57_m50f50_P6_Y3_UO2440,I40_F57_m-1f-1_P40_Y-1_U29,FXX,2,0.0,1,0,1.0,0,0,0,-9999.0,0.25,1,P39_CV0,2,0,2,0,2,0,2,0,2
27,-630413.7693,-753525.7232,E27_F23_m40f40_P6_Y3_UO1911,I40_F6_m-1f-1_P40_Y-1_U202,I40_F57_m-1f-1_P40_Y-1_U164,FXX,4,0.0,1,0,1.0,0,0,0,-9999.0,0.5,1,P39_CV0,2,1,1,2,0,0,2,0,2
27,-630413.7693,-753525.7232,E27_F23_m40f40_P27_Y2_UO1913,I40_F98_m-1f-1_P40_Y-1_U81,I40_F6_m-1f-1_P40_Y-1_U230,FXX,5,0.0,1,0,1.0,0,0,0,-9999.0,0.75,1,P39_CV0,2,2,0,1,1,0,2,0,2
27,-630413.7693,-753525.7232,E27_F92_m-1f-1_P40_Y-1_U196,-9999,-9999,FXX,9,0.0,1,0,1.0,0,0,0,-9999.0,0.0,1,P39_CV0,2,0,2,1,1,0,2,0,2
27,-630413.7693,-753525.7232,E27_F90_m-1f-1_P40_Y-1_U59,-9999,-9999,MXY,12,0.0,1,0,0.0,0,0,0,-9999.0,0.0,1,P39_CV0,2,0,2,1,1,0,2,0,2
27,-630413.7693,-753525.7232,Age0_F27_m50f50_P27_Y7_UO2437,I50_F99_m50f50_P99_Y3_UO2437,I50_F6_m92f92_P99_Y4_UO4281,FXX,0,0.0,0,0,0.0,0,0,0,0.0,0.53125,1,P41_CV0,2,2,0,2,0,0,2,0,2
27,-630413.7693,-753525.7232,Age0_F27_m50f50_P27_Y7_UO2451,I50_F99_m42f42_P99_Y2_UO1981,I50_F99_m-1f-1_P42_Y-1_U137,FXX,0,0.0,0,0,0.0,0,0,0,0.0,0.375,1,P41_CV0,2,0,2,0,2,0,2,0,2
27,-630413.7693,-753525.7232,Age0_F27_m50f50_P27_Y7_UO2464,I50_F99_m42f42_P99_Y0_UO2045,I50_F27_m92f92_P27_Y5_UO4348,FXX,0,0.0,0,0,0.0,0,0,0,0.0,0.1875,1,P41_CV0,2,0,2,0,2,0,2,0,2
27,-630413.7693,-753525.7232,Age0_F27_m92f92_P27_Y7_UO4402,ID92_F99_m42f42_P6_Y2_UO1957,I92_F57_m-1f-1_P42_Y-1_U182,MXY,0,0.0,0,0,0.0,0,0,0,0.0,1.0,1,P41_CV0,2,2,0,2,0,0,2,0,2
27,-630413.7693,-753525.7232,E27_F23_m92f92_P27_Y6_UO4372,I92_F57_m40f40_P57_Y4_UO1877,I92_F99_m42f42_P99_Y4_UO1987,MXY,1,0.0,1,1,0.0,0,0,0,-9999.0,0.5625,1,P41_CV0,2,1,1,1,1,0,2,0,2
27,-630413.7693,-753525.7232,E27_F92_m42f42_P99_Y6_UO2034,ID42_F27_m40f40_P99_Y3_UO1909,I42_F99_m-1f-1_P42_Y-1_U189,MXY,1,0.0,1,1,0.0,0,0,0,-9999.0,0.625,1,P41_CV0,2,1,1,2,0,0,2,0,2
27,-630413.7693,-753525.7232,E27_F23_m92f92_P57_Y5_UO4336,I92_F6_m42f42_P99_Y2_UO1962,ID92_F6_m40f40_P6_Y2_UO1914,FXX,2,0.0,1,0,1.0,0,0,0,-9999.0,0.625,1,P41_CV0,2,1,1,0,2,0,2,0,2
27,-630413.7693,-753525.7232,E27_F92_m92f92_P6_Y5_UO4301,I92_F6_m42f42_P6_Y3_UO1959,I92_F57_m23f23_P6_Y2_UO1140,MXY,2,0.0,1,0,0.0,0,0,0,-9999.0,0.3125,1,P41_CV0,2,1,1,2,0,0,2,0,2
27,-630413.7693,-753525.7232,E27_F92_m50f50_P6_Y5_UO2400,I50_F6_m58f58_P99_Y2_UO2731,ID50_F6_m42f42_P99_Y0_UO2027,MXY,2,0.0,1,0,0.0,0,0,0,-9999.0,0.375,1,P41_CV0,2,2,0,2,0,0,2,0,2
27,-630413.7693,-753525.7232,E27_F92_m42f42_P99_Y5_UO2044,ID42_F27_m-1f-1_P42_Y-1_U59,I42_F99_m58f58_P81_Y1_UO2671,MXY,2,0.0,1,0,0.0,0,0,0,-9999.0,0.625,1,P41_CV0,2,0,2,1,1,0,2,0,2
27,-630413.7693,-753525.7232,E27_F23_m23f23_P27_Y3_UO1164,I23_F57_m42f42_P99_Y0_UO2057,I23_F57_m40f40_P6_Y0_UO1948,FXX,4,0.0,1,0,1.0,0,0,0,-9999.0,0.5,1,P41_CV0,2,1,1,1,1,0,2,0,2
27,-630413.7693,-753525.7232,E27_F50_m42f42_P99_Y2_UO1981,I42_F99_m-1f-1_P42_Y-1_U42,I42_F99_m-1f-1_P42_Y-1_U179,FXX,5,0.0,1,0,1.0,0,0,0,-9999.0,0.25,1,P41_CV0,2,0,2,1,1,0,2,0,2
27,-630413.7693,-753525.7232,E27_F92_m42f42_P6_Y2_UO1957,I42_F99_m-1f-1_P42_Y-1_U199,I42_F99_m-1f-1_P42_Y-1_U212,FXX,5,0.0,1,0,1.0,0,0,0,-9999.0,1.0,1,P41_CV0,2,2,0,2,0,0,2,0,2
27,-630413.7693,-753525.7232,E27_F50_m42f42_P99_Y0_UO2045,R42_F42_m-1f-1_P42_Y-1_U59,R42_F42_m-1f-1_P42_Y-1_U234,FXX,7,0.0,1,0,1.0,0,0,0,-9999.0,0.25,1,P41_CV0,2,0,2,1,1,0,2,0,2
27,-630413.7693,-753525.7232,Age0_F27_m23f23_P27_Y7_UO1145,ID23_F35_m30f30_P52_Y4_UO1391,I23_F27_m23f23_P27_Y5_UO1138,MXY,0,0.0,0,0,0.0,0,0,0,0.0,0.53125,1,P44_CV0,2,2,0,2,0,0,2,0,2
27,-630413.7693,-753525.7232,Age0_F27_m23f23_P27_Y7_UO1212,I23_F86_m90f90_P27_Y0_UO4594,ID23_F57_m23f23_P76_Y5_UO1187,FXX,0,0.0,0,0,0.0,0,0,0,0.0,0.6875,1,P44_CV0,2,1,1,0,2,0,2,0,2
27,-630413.7693,-753525.7232,Age0_F27_m23f23_P27_Y7_UO1218,ID23_F86_m-1f-1_P45_Y-1_U22,I23_F35_m40f40_P6_Y5_UO1915,MXY,0,0.0,0,0,0.0,0,0,0,0.0,0.8125,1,P44_CV0,2,1,1,1,1,0,2,0,2
27,-630413.7693,-753525.7232,Age0_F27_m40f40_P27_Y7_UO1946,I40_F86_m45f45_P6_Y2_UO2191,I40_F6_m-1f-1_P40_Y-1_U26,FXX,0,0.0,0,0,0.0,0,0,0,0.0,0.25,1,P44_CV0,2,1,1,0,2,0,2,0,2
27,-630413.7693,-753525.7232,Age0_F27_m40f40_P27_Y7_UO1974,I40_F27_m-1f-1_P45_Y-1_U136,I40_F98_m90f90_P6_Y3_UO4223,MXY,0,0.0,0,0,0.0,0,0,0,0.0,0.5625,1,P44_CV0,2,1,1,1,1,0,2,0,2
27,-630413.7693,-753525.7232,Age0_F27_m45f45_P27_Y7_UO2206,I45_F57_m45f45_P86_Y4_UO2141,ID45_F57_m-1f-1_P45_Y-1_U31,FXX,0,0.0,0,0,0.0,0,0,0,0.0,0.3125,1,P44_CV0,2,0,2,1,1,0,2,0,2
27,-630413.7693,-753525.7232,Age0_F27_m90f90_P27_Y7_UO4247,ID90_F6_m23f23_P27_Y4_UO1183,I90_F27_m90f90_P86_Y4_UO4251,MXY,0,0.0,0,0,0.0,0,0,0,0.0,0.4375,1,P44_CV0,2,1,1,2,0,0,2,0,2
27,-630413.7693,-753525.7232,Age0_F27_m90f90_P27_Y7_UO4321,I90_F86_m-1f-1_P45_Y-1_U29,ID90_F52_m23f23_P86_Y5_UO1208,MXY,0,0.0,0,0,0.0,0,0,0,0.0,0.6875,1,P44_CV0,2,2,0,1,1,0,2,0,2
27,-630413.7693,-753525.7232,Age0_F27_m92f92_P27_Y7_UO4389,I92_F57_m23f23_P57_Y3_UO1234,I92_F6_m23f23_P99_Y3_UO1143,MXY,0,0.0,0,0,0.0,0,0,0,0.0,0.6875,1,P44_CV0,2,1,1,1,1,0,2,0,2
27,-630413.7693,-753525.7232,E27_F23_m23f23_P57_Y6_UO1145,I23_F86_m90f90_P35_Y4_UO4246,I23_F57_m45f45_P86_Y3_UO2197,FXX,1,0.0,1,1,1.0,0,0,0,-9999.0,0.5625,1,P44_CV0,2,0,2,1,1,0,2,0,2
27,-630413.7693,-753525.7232,E27_F23_m23f23_P35_Y6_UO1216,I23_F86_m45f45_P6_Y0_UO2257,I23_F86_m46f46_P52_Y2_UO2304,FXX,1,0.0,1,1,1.0,0,0,0,-9999.0,0.5,1,P44_CV0,2,1,1,1,1,0,2,0,2
27,-630413.7693,-753525.7232,E27_F90_m23f23_P35_Y6_UO1193,I23_F27_m90f90_P35_Y2_UO4217,I23_F57_m23f23_P76_Y4_UO1148,MXY,1,0.0,1,1,0.0,0,0,0,-9999.0,0.28125,1,P44_CV0,2,0,2,1,1,0,2,0,2
27,-630413.7693,-753525.7232,E27_F92_m40f40_P57_Y6_UO1950,ID40_F6_m45f45_P57_Y2_UO2174,I40_F6_m-1f-1_P40_Y-1_U230,FXX,1,0.0,1,1,1.0,0,0,0,-9999.0,0.875,1,P44_CV0,2,2,0,1,1,0,2,0,2
27,-630413.7693,-753525.7232,E27_F23_m90f90_P86_Y5_UO4237,I90_F86_m45f45_P6_Y1_UO2041,ID90_F52_m-1f-1_P90_Y-1_U70,MXY,2,0.0,1,0,0.0,0,0,0,-9999.0,0.375,1,P44_CV0,2,1,1,0,2,0,2,0,2
27,-630413.7693,-753525.7232,E27_F92_m42f42_P99_Y5_UO1967,I42_F99_m92f92_P99_Y3_UO4260,I42_F57_m-1f-1_P50_Y-1_U2,FXX,2,0.0,1,0,1.0,0,0,0,-9999.0,0.375,1,P44_CV0,2,1,1,1,1,0,2,0,2
27,-630413.7693,-753525.7232,E27_F92_m45f45_P6_Y5_UO2217,ID45_F57_m-1f-1_P45_Y-1_U77,I45_F57_m-1f-1_P45_Y-1_U231,MXY,2,0.0,1,0,0.0,0,0,0,-9999.0,0.75,1,P44_CV0,2,2,0,0,2,0,2,0,2
27,-630413.7693,-753525.7232,E27_F23_m23f23_P76_Y4_UO1148,ID23_F6_m45f45_P86_Y2_UO2179,ID23_F86_m90f90_P57_Y2_UO4238,MXY,3,0.0,1,0,0.0,0,0,0,-9999.0,0.5625,1,P44_CV0,2,0,2,0,2,0,2,0,2
27,-630413.7693,-753525.7232,E27_F42_m42f42_P99_Y4_UO1984,ID42_F6_m58f58_P99_Y0_UO2963,I42_F99_m45f45_P99_Y2_UO2163,MXY,3,0.0,1,0,0.0,0,0,0,-9999.0,0.5,1,P44_CV0,2,1,1,0,2,0,2,0,2
27,-630413.7693,-753525.7232,E27_F45_m45f45_P86_Y4_UO2141,ID45_F57_m40f40_P57_Y1_UO1778,I45_F68_m45f45_P6_Y0_UO2314,FXX,3,0.0,1,0,1.0,0,0,0,-9999.0,0.625,1,P44_CV0,2,0,2,1,1,0,2,0,2
27,-630413.7693,-753525.7232,E27_F90_m23f23_P27_Y4_UO1183,ID23_F27_m45f45_P86_Y1_UO2003,ID23_F86_m92f92_P27_Y2_UO4320,FXX,3,0.0,1,0,1.0,0,0,0,-9999.0,0.375,1,P44_CV0,2,0,2,2,0,0,2,0,2
27,-630413.7693,-753525.7232,E27_F40_m45f45_P6_Y2_UO2191,I45_F52_m-1f-1_P45_Y-1_U109,I45_F86_m-1f-1_P45_Y-1_U204,FXX,5,0.0,1,0,1.0,0,0,0,-9999.0,0.0,1,P44_CV0,2,0,2,0,2,0,2,0,2
27,-630413.7693,-753525.7232,E27_F23_m-1f-1_P45_Y-1_U22,-9999,-9999,FXX,9,0.0,1,0,1.0,0,0,0,-9999.0,1.0,1,P44_CV0,2,2,0,1,1,0,2,0,2
27,-630413.7693,-753525.7232,E27_F40_m-1f-1_P45_Y-1_U136,-9999,-9999,FXX,10,0.0,1,0,1.0,0,0,0,-9999.0,0.5,1,P44_CV0,2,1,1,2,0,0,2,0,2
27,-630413.7693,-753525.7232,E27_F90_m-1f-1_P45_Y-1_U29,-9999,-9999,FXX,14,0.0,1,0,1.0,0,0,0,-9999.0,1.0,1,P44_CV0,2,2,0,0,2,0,2,0,2
27,-630413.7693,-753525.7232,Age0_F27_m23f23_P27_Y7_UO1182,I23_F57_m12f12_P52_Y2_UO685,I23_F6_m46f46_P35_Y5_UO2289,FXX,0,0.0,0,0,0.0,0,0,0,0.0,0.5,1,P45_CV0,2,1,1,1,1,0,2,0,2
27,-630413.7693,-753525.7232,E27_F12_m30f30_P52_Y6_UO1393,I30_F74_m12f12_P52_Y3_UO663,I30_F74_m7f7_P38_Y4_UO418,FXX,1,0.0,1,1,1.0,0,0,0,-9999.0,0.4375,1,P45_CV0,2,1,1,2,0,0,2,0,2
27,-630413.7693,-753525.7232,E27_F23_m40f40_P57_Y6_UO1931,I40_F86_m90f90_P6_Y4_UO4194,I40_F6_m-1f-1_P45_Y-1_U45,FXX,1,0.0,1,1,1.0,0,0,0,-9999.0,0.5,1,P45_CV0,2,1,1,1,1,0,2,0,2
27,-630413.7693,-753525.7232,E27_F23_m90f90_P86_Y6_UO4247,I90_F35_m46f46_P52_Y3_UO2239,ID90_F57_m90f90_P27_Y4_UO4166,FXX,1,0.0,1,1,1.0,0,0,0,-9999.0,0.46875,1,P45_CV0,2,1,1,1,1,0,2,0,2
27,-630413.7693,-753525.7232,E27_F23_m23f23_P6_Y6_UO1224,I23_F99_m46f46_P52_Y0_UO2328,I23_F57_m92f92_P76_Y3_UO4318,FXX,1,0.0,1,1,1.0,0,0,0,-9999.0,0.6875,1,P45_CV0,2,1,1,1,1,0,2,0,2
27,-630413.7693,-753525.7232,E27_F90_m12f12_P52_Y6_UO731,I12_F35_m30f30_P35_Y2_UO1405,I12_F52_m46f46_P52_Y1_UO2134,MXY,1,0.0,1,1,0.0,0,0,0,-9999.0,0.75,1,P45_CV0,2,2,0,0,2,0,2,0,2
27,-630413.7693,-753525.7232,E27_F23_m46f46_P35_Y5_UO2289,I46_F52_m-1f-1_P46_Y-1_U102,ID46_F52_m7f7_P52_Y2_UO455,MXY,2,0.0,1,0,0.0,0,0,0,-9999.0,0.375,1,P45_CV0,2,0,2,1,1,0,2,0,2
27,-630413.7693,-753525.7232,E27_F23_m46f46_P52_Y2_UO2304,I46_F74_m-1f-1_P46_Y-1_U220,I46_F93_m46f46_P52_Y0_UO2386,MXY,5,0.0,1,0,0.0,0,0,0,-9999.0,0.75,1,P45_CV0,2,2,0,2,0,0,2,0,2
27,-630413.7693,-753525.7232,E27_F23_m46f46_P52_Y1_UO2138,I46_F52_m-1f-1_P46_Y-1_U101,I46_F52_m-1f-1_P46_Y-1_U57,FXX,6,0.0,1,0,1.0,0,0,0,-9999.0,0.5,1,P45_CV0,2,1,1,0,2,0,2,0,2
27,-630413.7693,-753525.7232,E27_F90_m46f46_P86_Y0_UO2361,R46_F46_m-1f-1_P46_Y-1_U90,R46_F46_m-1f-1_P46_Y-1_U81,FXX,7,0.0,1,0,1.0,0,0,0,-9999.0,0.25,1,P45_CV0,2,0,2,0,2,0,2,0,2
27,-630413.7693,-753525.7232,E27_F90_m46f46_P52_Y0_UO2404,R46_F46_m-1f-1_P46_Y-1_U198,R46_F46_m-1f-1_P46_Y-1_U8,MXY,7,0.0,1,0,0.0,0,0,0,-9999.0,0.25,1,P45_CV0,2,1,1,2,0,0,2,0,2
27,-630413.7693,-753525.7232,Age0_F27_m23f23_P27_Y7_UO1172,ID23_F6_m42f42_P27_Y3_UO1963,I23_F6_m45f45_P86_Y4_UO2173,FXX,0,0.0,0,0,0.0,0,0,0,0.0,0.375,1,P49_CV0,2,1,1,1,1,0,2,0,2
27,-630413.7693,-753525.7232,Age0_F27_m90f90_P27_Y7_UO4256,I90_F57_m45f45_P57_Y4_UO2123,ID90_F35_m23f23_P57_Y4_UO1153,MXY,0,0.0,0,0,0.0,0,0,0,0.0,0.125,1,P49_CV0,2,0,2,1,1,0,2,0,2
27,-630413.7693,-753525.7232,Age0_F27_m92f92_P27_Y7_UO4331,I92_F99_m50f50_P99_Y5_UO2374,I92_F99_m42f42_P99_Y5_UO1966,MXY,0,0.0,0,0,0.0,0,0,0,0.0,0.5625,1,P49_CV0,2,2,0,1,1,0,2,0,2
27,-630413.7693,-753525.7232,E27_F23_m42f42_P99_Y6_UO2006,ID42_F99_m42f42_P99_Y4_UO1983,I42_F99_m42f42_P99_Y3_UO2007,MXY,1,0.0,1,1,0.0,0,0,0,-9999.0,0.375,1,P49_CV0,2,1,1,1,1,0,2,0,2
27,-630413.7693,-753525.7232,E27_F23_m23f23_P57_Y6_UO1169,I23_F57_m23f23_P57_Y3_UO1177,I23_F52_m-1f-1_P23_Y-1_U151,FXX,1,0.0,1,1,1.0,0,0,0,-9999.0,0.5625,1,P49_CV0,2,1,1,2,0,0,2,0,2
27,-630413.7693,-753525.7232,E27_F23_m40f40_P6_Y6_UO1946,I40_F6_m50f50_P99_Y3_UO2393,I40_F6_m42f42_P99_Y3_UO1987,FXX,1,0.0,1,1,1.0,0,0,0,-9999.0,0.6875,1,P49_CV0,2,2,0,2,0,0,2,0,2
27,-630413.7693,-753525.7232,E27_F90_m92f92_P6_Y6_UO4389,I92_F99_m42f42_P6_Y3_UO1980,I92_F99_m50f50_P27_Y3_UO2389,FXX,1,0.0,1,1,1.0,0,0,0,-9999.0,0.5625,1,P49_CV0,2,0,2,0,2,0,2,0,2
27,-630413.7693,-753525.7232,E27_F92_m50f50_P99_Y6_UO2496,I50_F99_m-1f-1_P94_Y-1_U55,I50_F99_m-1f-1_P50_Y-1_U218,FXX,1,0.0,1,1,1.0,0,0,0,-9999.0,0.25,1,P49_CV0,2,1,1,1,1,0,2,0,2
27,-630413.7693,-753525.7232,E27_F92_m92f92_P99_Y6_UO4346,I92_F57_m42f42_P99_Y4_UO2026,I92_F99_m92f92_P6_Y0_UO4657,FXX,1,0.0,1,1,1.0,0,0,0,-9999.0,0.625,1,P49_CV0,2,1,1,2,0,0,2,0,2
27,-630413.7693,-753525.7232,E27_F92_m50f50_P99_Y5_UO2374,I50_F6_m50f50_P99_Y3_UO2371,I50_F99_m-1f-1_P50_Y-1_U106,FXX,2,0.0,1,0,1.0,0,0,0,-9999.0,0.5625,1,P49_CV0,2,2,0,1,1,0,2,0,2
27,-630413.7693,-753525.7232,E27_F40_m92f92_P57_Y4_UO4275,I92_F6_m40f40_P99_Y2_UO1854,ID92_F6_m40f40_P6_Y2_UO1877,MXY,3,0.0,1,0,0.0,0,0,0,-9999.0,0.75,1,P49_CV0,2,2,0,0,2,0,2,0,2
27,-630413.7693,-753525.7232,E27_F92_m40f40_P6_Y4_UO1901,I40_F99_m90f90_P6_Y0_UO4586,I40_F99_m42f42_P99_Y2_UO1953,MXY,3,0.0,1,0,0.0,0,0,0,-9999.0,0.3125,1,P49_CV0,2,0,2,0,2,0,2,0,2
27,-630413.7693,-753525.7232,E27_F23_m42f42_P27_Y3_UO1963,I42_F99_m50f50_P99_Y1_UO2256,I42_F99_m-1f-1_P92_Y-1_U97,FXX,4,0.0,1,0,1.0,0,0,0,-9999.0,0.25,1,P49_CV0,2,0,2,1,1,0,2,0,2
27,-630413.7693,-753525.7232,E27_F23_m23f23_P6_Y2_UO1158,I23_F86_m50f50_P99_Y0_UO2599,I23_F57_m-1f-1_P90_Y-1_U140,MXY,5,0.0,1,0,0.0,0,0,0,-9999.0,0.375,1,P49_CV0,2,1,1,1,1,0,2,0,2
27,-630413.7693,-753525.7232,E27_F50_m50f50_P99_Y1_UO2256,I50_F99_m-1f-1_P50_Y-1_U39,I50_F99_m-1f-1_P50_Y-1_U192,FXX,6,0.0,1,0,1.0,0,0,0,-9999.0,0.5,1,P49_CV0,2,0,2,0,2,0,2,0,2
27,-630413.7693,-753525.7232,E27_F42_m5f5_P81_Y6_UO398,I5_F72_m-1f-1_P5_Y-1_U111,I5_F81_m-1f-1_P80_Y-1_U109,FXX,1,0.0,1,1,1.0,0,0,0,-9999.0,0.75,1,P4_CV0,2,1,1,1,1,0,2,0,2
27,-630413.7693,-753525.7232,Age0_F27_m23f23_P27_Y7_UO1148,I23_F27_m50f50_P99_Y4_UO2434,ID23_F6_m40f40_P99_Y4_UO1924,FXX,0,0.0,0,0,0.0,0,0,0,0.0,0.625,1,P57_CV0,2,1,1,1,1,0,2,0,2
27,-630413.7693,-753525.7232,Age0_F27_m23f23_P27_Y7_UO1154,ID23_F86_m42f42_P99_Y4_UO1998,I23_F57_m46f46_P52_Y3_UO2266,MXY,0,0.0,0,0,0.0,0,0,0,0.0,0.75,1,P57_CV0,2,1,1,1,1,0,2,0,2
27,-630413.7693,-753525.7232,Age0_F27_m40f40_P27_Y7_UO1915,I40_F99_m92f92_P6_Y5_UO4391,I40_F57_m40f40_P57_Y5_UO1933,FXX,0,0.0,0,0,0.0,0,0,0,0.0,0.3125,1,P57_CV0,2,1,1,0,2,0,2,0,2
27,-630413.7693,-753525.7232,Age0_F27_m50f50_P27_Y7_UO2487,I50_F99_m-1f-1_P58_Y-1_U224,I50_F99_m40f40_P6_Y2_UO1873,FXX,0,0.0,0,0,0.0,0,0,0,0.0,0.75,1,P57_CV0,2,1,1,0,2,0,2,0,2
27,-630413.7693,-753525.7232,Age0_F27_m90f90_P27_Y7_UO4228,I90_F27_m90f90_P27_Y5_UO4289,ID90_F86_m40f40_P6_Y5_UO1893,FXX,0,0.0,0,0,0.0,0,0,0,0.0,0.59375,1,P57_CV0,2,2,0,2,0,0,2,0,2
27,-630413.7693,-753525.7232,E27_F23_m50f50_P57_Y6_UO2490,I50_F99_m-1f-1_P58_Y-1_U176,ID50_F99_m-1f-1_P58_Y-1_U246,FXX,1,0.0,1,1,1.0,0,0,0,-9999.0,0.25,1,P57_CV0,2,0,2,1,1,0,2,0,2
27,-630413.7693,-753525.7232,E27_F23_m42f42_P27_Y6_UO2038,I42_F99_m50f50_P99_Y2_UO2431,I42_F57_m50f50_P99_Y4_UO2392,MXY,1,0.0,1,1,0.0,0,0,0,-9999.0,0.125,1,P57_CV0,2,0,2,1,1,0,2,0,2
27,-630413.7693,-753525.7232,E27_F23_m50f50_P57_Y6_UO2448,I50_F6_m58f58_P99_Y2_UO2731,I50_F99_m58f58_P99_Y3_UO2716,FXX,1,0.0,1,1,1.0,0,0,0,-9999.0,0.75,1,P57_CV0,2,1,1,2,0,0,2,0,2
27,-630413.7693,-753525.7232,E27_F42_m58f58_P99_Y6_UO2741,ID58_F81_m5f5_P81_Y3_UO321,I58_F98_m58f58_P81_Y2_UO2753,MXY,1,0.0,1,1,0.0,0,0,0,-9999.0,0.5,1,P57_CV0,2,1,1,1,1,0,2,0,2
27,-630413.7693,-753525.7232,E27_F50_m42f42_P99_Y6_UO2055,ID42_F99_m58f58_P99_Y1_UO2615,ID42_F57_m92f92_P57_Y3_UO4299,FXX,1,0.0,1,1,1.0,0,0,0,-9999.0,0.625,1,P57_CV0,2,2,0,2,0,0,2,0,2
27,-630413.7693,-753525.7232,E27_F90_m23f23_P86_Y6_UO1152,I23_F57_m40f40_P57_Y4_UO1912,I23_F57_m92f92_P76_Y3_UO4318,MXY,1,0.0,1,1,0.0,0,0,0,-9999.0,0.5,1,P57_CV0,2,1,1,1,1,0,2,0,2
27,-630413.7693,-753525.7232,E27_F92_m42f42_P27_Y6_UO2070,I42_F57_m-1f-1_P40_Y-1_U8,I42_F99_m50f50_P99_Y3_UO2422,MXY,1,0.0,1,1,0.0,0,0,0,-9999.0,0.75,1,P57_CV0,2,1,1,1,1,0,2,0,2
27,-630413.7693,-753525.7232,E27_F92_m50f50_P99_Y6_UO2481,ID50_F57_m-1f-1_P58_Y-1_U219,ID50_F99_m42f42_P99_Y4_UO1972,FXX,1,0.0,1,1,1.0,0,0,0,-9999.0,0.4375,1,P57_CV0,2,1,1,0,2,0,2,0,2
27,-630413.7693,-753525.7232,E27_F23_m90f90_P86_Y5_UO4210,ID90_F6_m90f90_P86_Y2_UO4183,I90_F6_m50f50_P27_Y3_UO2417,FXX,2,0.0,1,0,1.0,0,0,0,-9999.0,0.25,1,P57_CV0,2,1,1,1,1,0,2,0,2
27,-630413.7693,-753525.7232,E27_F50_m42f42_P99_Y5_UO1999,I42_F99_m58f58_P99_Y1_UO2611,I42_F99_m-1f-1_P92_Y-1_U97,MXY,2,0.0,1,0,0.0,0,0,0,-9999.0,0.25,1,P57_CV0,2,1,1,1,1,0,2,0,2
27,-630413.7693,-753525.7232,E27_F23_m50f50_P99_Y4_UO2434,I50_F99_m-1f-1_P58_Y-1_U209,I50_F99_m-1f-1_P50_Y-1_U13,FXX,3,0.0,1,0,1.0,0,0,0,-9999.0,0.75,1,P57_CV0,2,2,0,0,2,0,2,0,2
27,-630413.7693,-753525.7232,E27_F23_m42f42_P99_Y4_UO1998,I42_F99_m-1f-1_P58_Y-1_U62,ID42_F99_m58f58_P99_Y0_UO3025,FXX,3,0.0,1,0,1.0,0,0,0,-9999.0,0.5,1,P57_CV0,2,0,2,2,0,0,2,0,2
27,-630413.7693,-753525.7232,E27_F90_m42f42_P99_Y4_UO2002,I42_F99_m-1f-1_P42_Y-1_U56,ID42_F81_m-1f-1_P58_Y-1_U215,FXX,3,0.0,1,0,1.0,0,0,0,-9999.0,0.75,1,P57_CV0,2,1,1,1,1,0,2,0,2
27,-630413.7693,-753525.7232,E27_F92_m58f58_P99_Y4_UO2762,ID58_F81_m-1f-1_P80_Y-1_U131,I58_F72_m-1f-1_P58_Y-1_U131,MXY,3,0.0,1,0,0.0,0,0,0,-9999.0,0.5,1,P57_CV0,2,0,2,0,2,0,2,0,2
27,-630413.7693,-753525.7232,E27_F50_m-1f-1_P58_Y-1_U224,-9999,-9999,FXX,14,0.0,1,0,1.0,0,0,0,-9999.0,1.0,1,P57_CV0,2,2,0,0,2,0,2,0,2
27,-630413.7693,-753525.7232,E27_F90_m45f45_P57_Y3_UO2158,ID45_F6_m23f23_P86_Y0_UO1275,I45_F6_m-1f-1_P63_Y-1_U162,MXY,4,0.0,1,0,0.0,0,0,0,-9999.0,0.125,1,P62_CV0,2,0,2,2,0,0,2,0,2
27,-630413.7693,-753525.7232,E27_F23_m23f23_P35_Y6_UO1176,ID23_F6_m45f45_P57_Y3_UO2139,ID23_F27_m90f90_P27_Y3_UO4144,MXY,1,0.0,1,1,0.0,0,0,0,-9999.0,0.4375,1,P64_CV0,2,1,1,1,1,0,2,0,2
27,-630413.7693,-753525.7232,E27_F23_m40f40_P57_Y3_UO1905,I40_F98_m-1f-1_P65_Y-1_U43,I40_F57_m42f42_P99_Y0_UO2100,FXX,4,0.0,1,0,1.0,0,0,0,-9999.0,0.625,1,P64_CV0,2,2,0,1,1,0,2,0,2
27,-630413.7693,-753525.7232,E27_F23_m23f23_P57_Y6_UO1195,ID23_F52_m37f37_P52_Y2_UO1751,I23_F35_m23f23_P27_Y2_UO1174,FXX,1,0.0,1,1,1.0,0,0,0,-9999.0,0.4375,1,P6_CV0,2,2,0,2,0,0,2,0,2
27,-630413.7693,-753525.7232,E27_F23_m12f12_P86_Y6_UO724,I12_F86_m78f78_P13_Y3_UO3500,I12_F52_m-1f-1_P46_Y-1_U65,FXX,1,0.0,1,1,1.0,0,0,0,-9999.0,0.75,1,P77_CV0,2,1,1,1,1,0,2,0,2
27,-630413.7693,-753525.7232,Age0_F27_m50f50_P27_Y7_UO2461,I50_F99_m50f50_P99_Y1_UO2256,ID50_F99_m50f50_P27_Y3_UO2389,MXY,0,0.0,0,0,0.0,0,0,0,0.0,0.5625,1,P79_CV0,2,1,1,0,2,0,2,0,2
27,-630413.7693,-753525.7232,E27_F23_m58f58_P57_Y3_UO2762,ID58_F81_m-1f-1_P94_Y-1_U110,ID58_F81_m80f80_P81_Y1_UO3525,MXY,4,0.0,1,0,0.0,0,0,0,-9999.0,0.625,1,P79_CV0,2,1,1,1,1,0,2,0,2
27,-630413.7693,-753525.7232,E27_F90_m90f90_P27_Y5_UO4289,ID90_F57_m-1f-1_P12_Y-1_U170,I90_F6_m45f45_P86_Y3_UO2200,FXX,2,0.0,1,0,1.0,0,0,0,-9999.0,0.4375,1,P84_CV0,2,1,1,2,0,0,2,0,2
27,-630413.7693,-753525.7232,Age0_F27_m23f23_P27_Y7_UO1186,ID23_F52_m23f23_P27_Y2_UO1189,ID23_F27_m23f23_P35_Y5_UO1215,MXY,0,0.0,0,0,0.0,0,0,0,0.0,0.375,1,P89_CV0,2,2,0,2,0,0,2,0,2
27,-630413.7693,-753525.7232,Age0_F27_m90f90_P27_Y7_UO4251,ID90_F27_m42f42_P99_Y4_UO2002,I90_F57_m90f90_P35_Y1_UO3995,FXX,0,0.0,0,0,0.0,0,0,0,0.0,0.5,1,P89_CV0,2,1,1,1,1,0,2,0,2
27,-630413.7693,-753525.7232,Age0_F27_m90f90_P27_Y7_UO4279,ID90_F52_m23f23_P86_Y2_UO1131,I90_F76_m90f90_P27_Y4_UO4166,FXX,0,0.0,0,0,0.0,0,0,0,0.0,0.40625,1,P89_CV0,2,1,1,1,1,0,2,0,2
27,-630413.7693,-753525.7232,Age0_F27_m90f90_P27_Y7_UO4319,ID90_F86_m-1f-1_P90_Y-1_U190,ID90_F35_m90f90_P86_Y3_UO4170,MXY,0,0.0,0,0,0.0,0,0,0,0.0,0.5625,1,P89_CV0,2,1,1,2,0,0,2,0,2
27,-630413.7693,-753525.7232,Age0_F27_m92f92_P27_Y7_UO4419,ID92_F99_m-1f-1_P90_Y-1_U228,I92_F57_m40f40_P99_Y5_UO1921,MXY,0,0.0,0,0,0.0,0,0,0,0.0,0.5625,1,P89_CV0,2,1,1,0,2,0,2,0,2
27,-630413.7693,-753525.7232,E27_F23_m90f90_P57_Y6_UO4333,I90_F86_m-1f-1_P45_Y-1_U243,I90_F57_m90f90_P86_Y3_UO4170,FXX,1,0.0,1,1,1.0,0,0,0,-9999.0,0.3125,1,P89_CV0,2,1,1,1,1,0,2,0,2
27,-630413.7693,-753525.7232,E27_F23_m45f45_P6_Y6_UO2221,I45_F8_m90f90_P86_Y3_UO4228,ID45_F57_m90f90_P57_Y2_UO4238,FXX,1,0.0,1,1,1.0,0,0,0,-9999.0,0.375,1,P89_CV0,2,0,2,0,2,0,2,0,2
27,-630413.7693,-753525.7232,E27_F23_m23f23_P6_Y6_UO1243,I23_F6_m-1f-1_P90_Y-1_U162,I23_F27_m42f42_P57_Y2_UO1993,FXX,1,0.0,1,1,1.0,0,0,0,-9999.0,0.5625,1,P89_CV0,2,2,0,2,0,0,2,0,2
27,-630413.7693,-753525.7232,E27_F23_m46f46_P86_Y6_UO2300,ID46_F52_m30f30_P52_Y3_UO1364,I46_F52_m90f90_P52_Y2_UO4198,FXX,1,0.0,1,1,1.0,0,0,0,-9999.0,0.375,1,P89_CV0,2,1,1,1,1,0,2,0,2
27,-630413.7693,-753525.7232,E27_F23_m23f23_P57_Y6_UO1199,I23_F27_m12f12_P52_Y2_UO685,I23_F86_m23f23_P27_Y4_UO1222,FXX,1,0.0,1,1,1.0,0,0,0,-9999.0,0.5,1,P89_CV0,2,1,1,0,2,0,2,0,2
27,-630413.7693,-753525.7232,E27_F23_m23f23_P86_Y6_UO1211,ID23_F27_m92f92_P57_Y1_UO4099,ID23_F6_m-1f-1_P90_Y-1_U137,FXX,1,0.0,1,1,1.0,0,0,0,-9999.0,0.5,1,P89_CV0,2,1,1,0,2,0,2,0,2
27,-630413.7693,-753525.7232,E27_F23_m45f45_P57_Y6_UO2260,I45_F57_m-1f-1_P84_Y-1_U137,I45_F57_m90f90_P86_Y0_UO4568,FXX,1,0.0,1,1,1.0,0,0,0,-9999.0,0.25,1,P89_CV0,2,0,2,0,2,0,2,0,2
27,-630413.7693,-753525.7232,E27_F90_m23f23_P57_Y6_UO1196,I23_F57_m92f92_P57_Y2_UO4355,ID23_F6_m-1f-1_P90_Y-1_U217,MXY,1,0.0,1,1,0.0,0,0,0,-9999.0,0.75,1,P89_CV0,2,2,0,0,2,0,2,0,2
27,-630413.7693,-753525.7232,E27_F92_m23f23_P6_Y6_UO1167,ID23_F35_m90f90_P35_Y3_UO4215,I23_F57_m23f23_P86_Y4_UO1132,FXX,1,0.0,1,1,1.0,0,0,0,-9999.0,0.59375,1,P89_CV0,2,2,0,1,1,0,2,0,2
27,-630413.7693,-753525.7232,E27_F90_m45f45_P57_Y4_UO2123,I45_F6_m42f42_P57_Y2_UO1936,I45_F57_m90f90_P6_Y2_UO4247,FXX,3,0.0,1,0,1.0,0,0,0,-9999.0,0.1875,1,P89_CV0,2,0,2,1,1,0,2,0,2
27,-630413.7693,-753525.7232,E27_F46_m90f90_P52_Y2_UO4198,I90_F52_m92f92_P57_Y0_UO4640,I90_F57_m-1f-1_P90_Y-1_U0,MXY,5,0.0,1,0,0.0,0,0,0,-9999.0,0.25,1,P89_CV0,2,0,2,1,1,0,2,0,2
27,-630413.7693,-753525.7232,E27_F90_m23f23_P86_Y2_UO1131,I23_F86_m45f45_P6_Y0_UO2301,ID23_F52_m90f90_P86_Y0_UO4557,FXX,5,0.0,1,0,1.0,0,0,0,-9999.0,0.375,1,P89_CV0,2,1,1,1,1,0,2,0,2
27,-630413.7693,-753525.7232,E27_F23_m90f90_P27_Y0_UO4594,R90_F90_m-1f-1_P90_Y-1_U222,R90_F90_m-1f-1_P90_Y-1_U199,FXX,7,0.0,1,0,1.0,0,0,0,-9999.0,0.5,1,P89_CV0,2,1,1,1,1,0,2,0,2
27,-630413.7693,-753525.7232,E27_F92_m-1f-1_P90_Y-1_U228,-9999,-9999,FXX,11,0.0,1,0,1.0,0,0,0,-9999.0,1.0,1,P89_CV0,2,2,0,1,1,0,2,0,2
27,-630413.7693,-753525.7232,E27_F90_m-1f-1_P90_Y-1_U190,-9999,-9999,FXX,13,0.0,1,0,1.0,0,0,0,-9999.0,0.5,1,P89_CV0,2,1,1,1,1,0,2,0,2
27,-630413.7693,-753525.7232,Age0_F27_m23f23_P27_Y7_UO1116,I23_F27_m92f92_P57_Y5_UO4336,I23_F57_m92f92_P57_Y5_UO4394,MXY,0,0.0,0,0,0.0,0,0,0,0.0,0.5,1,P91_CV0,2,0,2,1,1,0,2,0,2
27,-630413.7693,-753525.7232,Age0_F27_m23f23_P27_Y7_UO1140,I23_F86_m23f23_P57_Y5_UO1165,ID23_F6_m40f40_P99_Y4_UO1924,FXX,0,0.0,0,0,0.0,0,0,0,0.0,0.625,1,P91_CV0,2,1,1,1,1,0,2,0,2
27,-630413.7693,-753525.7232,Age0_F27_m23f23_P27_Y7_UO1169,I23_F27_m45f45_P86_Y3_UO2203,I23_F35_m40f40_P6_Y5_UO1915,MXY,0,0.0,0,0,0.0,0,0,0,0.0,0.3125,1,P91_CV0,2,0,2,1,1,0,2,0,2
27,-630413.7693,-753525.7232,Age0_F27_m23f23_P27_Y7_UO1195,I23_F27_m92f92_P99_Y1_UO4126,I23_F57_m92f92_P99_Y5_UO4330,MXY,0,0.0,0,0,0.0,0,0,0,0.0,0.46875,1,P91_CV0,2,1,1,0,2,0,2,0,2
27,-630413.7693,-753525.7232,Age0_F27_m40f40_P27_Y7_UO1980,ID40_F81_m-1f-1_P94_Y-1_U74,ID40_F6_m-1f-1_P92_Y-1_U100,MXY,0,0.0,0,0,0.0,0,0,0,0.0,0.75,1,P91_CV0,2,2,0,0,2,0,2,0,2
27,-630413.7693,-753525.7232,Age0_F27_m90f90_P27_Y7_UO4297,I90_F52_m46f46_P86_Y0_UO2361,I90_F52_m50f50_P57_Y4_UO2384,MXY,0,0.0,0,0,0.0,0,0,0,0.0,0.1875,1,P91_CV0,2,0,2,0,2,0,2,0,2
27,-630413.7693,-753525.7232,Age0_F27_m92f92_P27_Y7_UO4327,I92_F99_m40f40_P57_Y5_UO1912,I92_F6_m-1f-1_P92_Y-1_U111,MXY,0,0.0,0,0,0.0,0,0,0,0.0,0.5625,1,P91_CV0,2,1,1,2,0,0,2,0,2
27,-630413.7693,-753525.7232,Age0_F27_m92f92_P27_Y7_UO4384,I92_F6_m90f90_P86_Y3_UO4201,I92_F99_m42f42_P99_Y5_UO1966,MXY,0,0.0,0,0,0.0,0,0,0,0.0,0.40625,1,P91_CV0,2,1,1,0,2,0,2,0,2
27,-630413.7693,-753525.7232,E27_F23_m90f90_P86_Y6_UO4249,ID90_F68_m25f25_P8_Y3_UO1323,ID90_F86_m92f92_P57_Y3_UO4275,MXY,1,0.0,1,1,0.0,0,0,0,-9999.0,0.5625,1,P91_CV0,2,1,1,0,2,0,2,0,2
27,-630413.7693,-753525.7232,E27_F23_m42f42_P99_Y6_UO2016,I42_F57_m92f92_P99_Y4_UO4297,I42_F99_m58f58_P99_Y2_UO2784,FXX,1,0.0,1,1,1.0,0,0,0,-9999.0,0.53125,1,P91_CV0,2,1,1,0,2,0,2,0,2
27,-630413.7693,-753525.7232,E27_F23_m40f40_P6_Y6_UO1953,I40_F86_m90f90_P57_Y1_UO4015,I40_F6_m92f92_P6_Y2_UO4304,FXX,1,0.0,1,1,1.0,0,0,0,-9999.0,0.5,1,P91_CV0,2,0,2,0,2,0,2,0,2
27,-630413.7693,-753525.7232,E27_F23_m40f40_P57_Y6_UO1968,I40_F99_m90f90_P57_Y0_UO4535,ID40_F6_m-1f-1_P92_Y-1_U81,MXY,1,0.0,1,1,0.0,0,0,0,-9999.0,0.375,1,P91_CV0,2,0,2,1,1,0,2,0,2
27,-630413.7693,-753525.7232,E27_F23_m92f92_P99_Y5_UO4330,I92_F6_m40f40_P6_Y2_UO1919,ID92_F57_m-1f-1_P92_Y-1_U31,MXY,2,0.0,1,0,0.0,0,0,0,-9999.0,0.4375,1,P91_CV0,2,1,1,1,1,0,2,0,2
27,-630413.7693,-753525.7232,E27_F23_m40f40_P6_Y5_UO1927,I40_F8_m92f92_P99_Y0_UO4612,I40_F99_m85f85_P98_Y1_UO3738,MXY,2,0.0,1,0,0.0,0,0,0,-9999.0,0.75,1,P91_CV0,2,2,0,0,2,0,2,0,2
27,-630413.7693,-753525.7232,E27_F23_m23f23_P57_Y5_UO1165,I23_F27_m90f90_P52_Y2_UO4261,I23_F86_m92f92_P57_Y3_UO4275,FXX,2,0.0,1,0,1.0,0,0,0,-9999.0,0.75,1,P91_CV0,2,1,1,0,2,0,2,0,2
27,-630413.7693,-753525.7232,E27_F92_m40f40_P57_Y5_UO1912,I40_F99_m92f92_P99_Y1_UO4149,ID40_F57_m-1f-1_P40_Y-1_U230,FXX,2,0.0,1,0,1.0,0,0,0,-9999.0,0.625,1,P91_CV0,2,1,1,2,0,0,2,0,2
27,-630413.7693,-753525.7232,E27_F23_m45f45_P86_Y3_UO2203,ID45_F27_m-1f-1_P50_Y-1_U212,ID45_F6_m-1f-1_P92_Y-1_U161,FXX,4,0.0,1,0,1.0,0,0,0,-9999.0,0.0,1,P91_CV0,2,0,2,1,1,0,2,0,2
27,-630413.7693,-753525.7232,E27_F50_m50f50_P99_Y3_UO2437,ID50_F99_m-1f-1_P40_Y-1_U88,ID50_F6_m-1f-1_P92_Y-1_U92,FXX,4,0.0,1,0,1.0,0,0,0,-9999.0,0.75,1,P91_CV0,2,2,0,2,0,0,2,0,2
27,-630413.7693,-753525.7232,E27_F23_m92f92_P99_Y1_UO4126,I92_F6_m-1f-1_P92_Y-1_U88,I92_F99_m-1f-1_P92_Y-1_U64,FXX,6,0.0,1,0,1.0,0,0,0,-9999.0,0.5,1,P91_CV0,2,2,0,1,1,0,2,0,2
27,-630413.7693,-753525.7232,E27_F92_m92f92_P6_Y0_UO4626,R92_F92_m-1f-1_P92_Y-1_U55,R92_F92_m-1f-1_P92_Y-1_U123,MXY,7,0.0,1,0,0.0,0,0,0,-9999.0,0.25,1,P91_CV0,2,0,2,1,1,0,2,0,2
27,-630413.7693,-753525.7232,Age0_F27_m40f40_P27_Y7_UO1979,ID40_F99_m-1f-1_P94_Y-1_U105,I40_F6_m92f92_P57_Y4_UO4323,MXY,0,0.0,0,0,0.0,0,0,0,0.0,0.5,1,P93_CV0,2,1,1,2,0,0,2,0,2
27,-630413.7693,-753525.7232,Age0_F27_m92f92_P27_Y7_UO4411,I92_F99_m-1f-1_P40_Y-1_U196,I92_F86_m42f42_P99_Y2_UO1994,MXY,0,0.0,0,0,0.0,0,0,0,0.0,0.375,1,P93_CV0,2,1,1,1,1,0,2,0,2
27,-630413.7693,-753525.7232,E27_F23_m92f92_P6_Y6_UO4407,I92_F99_m50f50_P99_Y2_UO2420,I92_F99_m42f42_P99_Y2_UO1994,FXX,1,0.0,1,1,1.0,0,0,0,-9999.0,0.875,1,P93_CV0,2,1,1,1,1,0,2,0,2
27,-630413.7693,-753525.7232,E27_F40_m92f92_P6_Y6_UO4364,I92_F6_m90f90_P27_Y4_UO4184,I92_F99_m-1f-1_P94_Y-1_U180,MXY,1,0.0,1,1,0.0,0,0,0,-9999.0,0.40625,1,P93_CV0,2,0,2,2,0,0,2,0,2
27,-630413.7693,-753525.7232,E27_F50_m50f50_P99_Y6_UO2406,I50_F99_m50f50_P99_Y4_UO2381,I50_F99_m58f58_P99_Y4_UO2712,FXX,1,0.0,1,1,1.0,0,0,0,-9999.0,0.6875,1,P93_CV0,2,2,0,1,1,0,2,0,2
27,-630413.7693,-753525.7232,E27_F40_m92f92_P6_Y5_UO4391,I92_F99_m-1f-1_P92_Y-1_U13,ID92_F99_m42f42_P99_Y2_UO1994,FXX,2,0.0,1,0,1.0,0,0,0,-9999.0,0.375,1,P93_CV0,2,1,1,0,2,0,2,0,2
27,-630413.7693,-753525.7232,E27_F40_m-1f-1_P94_Y-1_U105,-9999,-9999,FXX,13,0.0,1,0,1.0,0,0,0,-9999.0,0.5,1,P93_CV0,2,1,1,1,1,0,2,0,2
27,-630413.7693,-753525.7232,E27_F40_m-1f-1_P94_Y-1_U74,-9999,-9999,FXX,13,0.0,1,0,1.0,0,0,0,-9999.0,1.0,1,P93_CV0,2,2,0,0,2,0,2,0,2
27,-630413.7693,-753525.7232,E27_F45_m31f31_P8_Y6_UO1496,ID31_F68_m65f65_P69_Y3_UO3165,I31_F68_m31f31_P68_Y4_UO1473,MXY,1,0.0,1,1,0.0,0,0,0,-9999.0,0.3125,1,P99_CV0,2,1,1,2,0,0,2,0,2
28,3953.933623,-908038.2859,E28_F95_m17f17_P64_Y6_UO1011,I17_F64_m17f17_P64_Y0_UO1061,ID17_F81_m3f3_P59_Y1_UO113,MXY,1,0.0,1,1,0.0,0,0,0,-9999.0,0.875,1,P2_CV0,2,1,1,0,2,0,2,0,2
28,3953.933623,-908038.2859,E28_F85_m25f25_P36_Y6_UO1271,I25_F68_m25f25_P8_Y4_UO1250,I25_F8_m31f31_P68_Y2_UO1516,MXY,1,0.0,1,1,0.0,0,0,0,-9999.0,0.1875,1,P30_CV0,2,0,2,1,1,0,2,0,2
28,3953.933623,-908038.2859,E28_F65_m25f25_P28_Y5_UO1244,I25_F68_m31f31_P68_Y3_UO1475,I25_F8_m43f43_P49_Y0_UO2196,MXY,2,0.0,1,0,0.0,0,0,0,-9999.0,0.875,1,P30_CV0,2,2,0,2,0,0,2,0,2
28,3953.933623,-908038.2859,E28_F85_m-1f-1_P31_Y-1_U222,-9999,-9999,MXY,12,0.0,1,0,0.0,0,0,0,-9999.0,0.5,1,P30_CV0,2,1,1,0,2,0,2,0,2
28,3953.933623,-908038.2859,E28_F94_m-1f-1_P40_Y-1_U217,-9999,-9999,MXY,11,0.0,1,0,0.0,0,0,0,-9999.0,1.0,1,P39_CV0,2,2,0,0,2,0,2,0,2
28,3953.933623,-908038.2859,E28_F85_m84f84_P36_Y5_UO3893,I84_F8_m84f84_P8_Y1_UO3730,ID84_F8_m-1f-1_P45_Y-1_U218,FXX,2,0.0,1,0,1.0,0,0,0,-9999.0,0.5,1,P44_CV0,2,1,1,2,0,0,2,0,2
28,3953.933623,-908038.2859,E28_F94_m47f47_P81_Y0_UO2434,R47_F47_m-1f-1_P47_Y-1_U19,R47_F47_m-1f-1_P47_Y-1_U25,MXY,7,0.0,1,0,0.0,0,0,0,-9999.0,0.25,1,P46_CV0,2,0,2,1,1,0,2,0,2
28,3953.933623,-908038.2859,E28_F94_m5f5_P81_Y5_UO349,I5_F81_m5f5_P81_Y1_UO303,I5_F81_m58f58_P81_Y3_UO2775,MXY,2,0.0,1,0,0.0,0,0,0,-9999.0,0.5,1,P4_CV0,2,1,1,1,1,0,2,0,2
28,3953.933623,-908038.2859,E28_F95_m3f3_P64_Y6_UO169,I3_F59_m16f16_P59_Y2_UO936,I3_F59_m-1f-1_P3_Y-1_U75,MXY,1,0.0,1,1,0.0,0,0,0,-9999.0,0.375,1,P55_CV0,2,1,1,1,1,0,2,0,2
28,3953.933623,-908038.2859,Age0_F28_m94f94_P28_Y7_UO4472,I94_F81_m-1f-1_P94_Y-1_U205,I94_F99_m58f58_P81_Y1_UO2668,FXX,0,0.0,0,0,0.0,0,0,0,0.0,0.25,1,P57_CV0,2,0,2,0,2,0,2,0,2
28,3953.933623,-908038.2859,E28_F65_m63f63_P8_Y6_UO3077,ID63_F8_m85f85_P68_Y0_UO4292,ID63_F36_m63f63_P68_Y4_UO2977,MXY,1,0.0,1,1,0.0,0,0,0,-9999.0,0.375,1,P62_CV0,2,1,1,1,1,0,2,0,2
28,3953.933623,-908038.2859,E28_F65_m31f31_P8_Y5_UO1503,I31_F8_m63f63_P69_Y1_UO2909,I31_F98_m45f45_P6_Y2_UO2151,MXY,2,0.0,1,0,0.0,0,0,0,-9999.0,0.375,1,P62_CV0,2,1,1,0,2,0,2,0,2
28,3953.933623,-908038.2859,E28_F85_m63f63_P8_Y5_UO2994,ID63_F68_m85f85_P69_Y3_UO3896,I63_F68_m63f63_P68_Y3_UO2988,MXY,2,0.0,1,0,0.0,0,0,0,-9999.0,0.375,1,P62_CV0,2,1,1,0,2,0,2,0,2
28,3953.933623,-908038.2859,Age0_F28_m85f85_P28_Y7_UO3970,I85_F8_m84f84_P36_Y5_UO3893,I85_F69_m65f65_P36_Y1_UO2954,FXX,0,0.0,0,0,0.0,0,0,0,0.0,0.5,1,P64_CV0,2,2,0,1,1,0,2,0,2
28,3953.933623,-908038.2859,Age0_F28_m85f85_P28_Y7_UO4007,I85_F69_m65f65_P98_Y4_UO3114,I85_F36_m85f85_P36_Y4_UO3927,FXX,0,0.0,0,0,0.0,0,0,0,0.0,0.375,1,P64_CV0,2,1,1,1,1,0,2,0,2
28,3953.933623,-908038.2859,Age0_F28_m95f95_P28_Y7_UO4503,I95_F91_m65f65_P91_Y4_UO3069,I95_F64_m95f95_P64_Y0_UO4842,FXX,0,0.0,0,0,0.0,0,0,0,0.0,0.0625,1,P64_CV0,2,0,2,0,2,0,2,0,2
28,3953.933623,-908038.2859,E28_F85_m85f85_P36_Y6_UO4048,I85_F36_m63f63_P68_Y1_UO2923,I85_F69_m-1f-1_P85_Y-1_U247,MXY,1,0.0,1,1,0.0,0,0,0,-9999.0,0.375,1,P64_CV0,2,0,2,2,0,0,2,0,2
28,3953.933623,-908038.2859,E28_F85_m65f65_P98_Y4_UO3114,I65_F36_m65f65_P98_Y1_UO2971,ID65_F8_m-1f-1_P65_Y-1_U223,FXX,3,0.0,1,0,1.0,0,0,0,-9999.0,0.375,1,P64_CV0,2,1,1,1,1,0,2,0,2
28,3953.933623,-908038.2859,E28_F95_m65f65_P91_Y4_UO3069,I65_F36_m31f31_P8_Y2_UO1476,I65_F98_m63f63_P98_Y2_UO3041,FXX,3,0.0,1,0,1.0,0,0,0,-9999.0,0.125,1,P64_CV0,2,0,2,1,1,0,2,0,2
28,3953.933623,-908038.2859,E28_F85_m-1f-1_P65_Y-1_U70,-9999,-9999,FXX,11,0.0,1,0,1.0,0,0,0,-9999.0,0.0,1,P64_CV0,2,0,2,2,0,0,2,0,2
28,3953.933623,-908038.2859,Age0_F28_m85f85_P28_Y7_UO3991,I85_F2_m65f65_P98_Y5_UO3098,ID85_F98_m-1f-1_P25_Y-1_U217,FXX,0,0.0,0,0,0.0,0,0,0,0.0,0.71875,1,P83_CV0,2,1,1,0,2,0,2,0,2
28,3953.933623,-908038.2859,E28_F65_m31f31_P8_Y6_UO1545,ID31_F75_m-1f-1_P39_Y-1_U207,I31_F8_m-1f-1_P84_Y-1_U195,FXX,1,0.0,1,1,1.0,0,0,0,-9999.0,0.5,1,P83_CV0,2,0,2,2,0,0,2,0,2
28,3953.933623,-908038.2859,E28_F85_m65f65_P98_Y5_UO3098,I65_F8_m63f63_P98_Y3_UO3004,I65_F98_m94f94_P98_Y2_UO4430,FXX,2,0.0,1,0,1.0,0,0,0,-9999.0,0.4375,1,P83_CV0,2,1,1,1,1,0,2,0,2
28,3953.933623,-908038.2859,E28_F85_m-1f-1_P84_Y-1_U120,-9999,-9999,MXY,9,0.0,1,0,0.0,0,0,0,-9999.0,1.0,1,P83_CV0,2,2,0,1,1,0,2,0,2
28,3953.933623,-908038.2859,Age0_F28_m85f85_P28_Y7_UO4010,I85_F36_m85f85_P69_Y4_UO3935,I85_F98_m-1f-1_P85_Y-1_U6,FXX,0,0.0,0,0,0.0,0,0,0,0.0,0.375,1,P84_CV0,2,0,2,0,2,0,2,0,2
28,3953.933623,-908038.2859,E28_F25_m85f85_P36_Y6_UO3980,ID85_F36_m85f85_P69_Y4_UO3935,I85_F36_m11f11_P36_Y0_UO620,MXY,1,0.0,1,1,0.0,0,0,0,-9999.0,0.375,1,P84_CV0,2,0,2,0,2,0,2,0,2
28,3953.933623,-908038.2859,E28_F85_m25f25_P36_Y6_UO1355,ID25_F36_m-1f-1_P85_Y-1_U135,ID25_F49_m43f43_P48_Y2_UO2045,MXY,1,0.0,1,1,0.0,0,0,0,-9999.0,0.875,1,P84_CV0,2,2,0,0,2,0,2,0,2
28,3953.933623,-908038.2859,E28_F85_m25f25_P8_Y6_UO1290,I25_F69_m65f65_P8_Y3_UO3161,I25_F68_m84f84_P68_Y2_UO3852,FXX,1,0.0,1,1,1.0,0,0,0,-9999.0,0.25,1,P84_CV0,2,0,2,1,1,0,2,0,2
28,3953.933623,-908038.2859,E28_F85_m85f85_P69_Y4_UO3935,I85_F69_m85f85_P21_Y2_UO3984,ID85_F69_m-1f-1_P85_Y-1_U198,FXX,3,0.0,1,0,1.0,0,0,0,-9999.0,0.25,1,P84_CV0,2,1,1,1,1,0,2,0,2
28,3953.933623,-908038.2859,E28_F85_m25f25_P8_Y1_UO1245,ID25_F69_m-1f-1_P85_Y-1_U177,I25_F68_m-1f-1_P25_Y-1_U13,MXY,6,0.0,1,0,0.0,0,0,0,-9999.0,0.5,1,P84_CV0,2,1,1,1,1,0,2,0,2
28,3953.933623,-908038.2859,Age0_F28_m85f85_P28_Y7_UO4046,I85_F36_m-1f-1_P65_Y-1_U70,I85_F36_m85f85_P36_Y2_UO3924,FXX,0,0.0,0,0,0.0,0,0,0,0.0,0.4375,1,P93_CV0,2,1,1,2,0,0,2,0,2
28,3953.933623,-908038.2859,E28_F94_m-1f-1_P94_Y-1_U205,-9999,-9999,FXX,11,0.0,1,0,1.0,0,0,0,-9999.0,0.0,1,P93_CV0,2,0,2,0,2,0,2,0,2
28,3953.933623,-908038.2859,E28_F95_m95f95_P91_Y1_UO4292,I95_F64_m-1f-1_P95_Y-1_U159,I95_F64_m-1f-1_P95_Y-1_U90,MXY,6,0.0,1,0,0.0,0,0,0,-9999.0,0.5,1,P94_CV0,2,1,1,1,1,0,2,0,2
28,3953.933623,-908038.2859,E28_F85_m85f85_P36_Y6_UO4052,ID85_F68_m84f84_P8_Y0_UO4160,I85_F69_m100f100_P68_Y0_UO4972,MXY,1,0.0,1,1,0.0,0,0,0,-9999.0,0.5,1,P99_CV0,2,1,1,1,1,0,2,0,2
28,3953.933623,-908038.2859,E28_F85_m63f63_P68_Y5_UO2984,I63_F68_m63f63_P8_Y3_UO2977,I63_F68_m65f65_P8_Y2_UO3103,MXY,2,0.0,1,0,0.0,0,0,0,-9999.0,0.5625,1,P99_CV0,2,1,1,1,1,0,2,0,2
29,-911031.5252,-211578.0699,E29_F30_m30f30_P13_Y6_UO1387,ID30_F29_m12f12_P52_Y4_UO727,I30_F35_m12f12_P52_Y1_UO653,FXX,1,0.0,1,1,1.0,0,0,0,-9999.0,0.4375,1,P11_CV0,2,0,2,0,2,0,2,0,2
29,-911031.5252,-211578.0699,E29_F7_m90f90_P35_Y5_UO4181,I90_F57_m90f90_P35_Y3_UO4215,I90_F52_m23f23_P57_Y3_UO1224,MXY,2,0.0,1,0,0.0,0,0,0,-9999.0,0.5,1,P11_CV0,2,2,0,2,0,0,2,0,2
29,-911031.5252,-211578.0699,E29_F88_m78f78_P29_Y5_UO3471,I78_F29_m46f46_P13_Y2_UO2279,I78_F54_m-1f-1_P78_Y-1_U98,MXY,2,0.0,1,0,0.0,0,0,0,-9999.0,0.75,1,P11_CV0,2,2,0,1,1,0,2,0,2
29,-911031.5252,-211578.0699,Age0_F29_m7f7_P29_Y7_UO453,I7_F29_m37f37_P38_Y4_UO1666,I7_F38_m23f23_P86_Y2_UO1230,MXY,0,0.0,0,0,0.0,0,0,0,0.0,0.5625,1,P22_CV0,2,1,1,2,0,0,2,0,2
29,-911031.5252,-211578.0699,Age0_F29_m7f7_P29_Y7_UO438,I7_F74_m37f37_P74_Y5_UO1689,ID7_F74_m30f30_P38_Y0_UO1455,FXX,0,0.0,0,0,0.0,0,0,0,0.0,0.4375,1,P29_CV0,2,0,2,0,2,0,2,0,2
29,-911031.5252,-211578.0699,Age0_F29_m37f37_P29_Y7_UO1769,ID37_F29_m30f30_P13_Y1_UO1263,ID37_F38_m30f30_P38_Y4_UO1436,MXY,0,0.0,0,0,0.0,0,0,0,0.0,0.625,1,P29_CV0,2,0,2,1,1,0,2,0,2
29,-911031.5252,-211578.0699,Age0_F29_m78f78_P29_Y7_UO3526,I78_F13_m30f30_P93_Y0_UO1460,I78_F93_m78f78_P93_Y5_UO3523,MXY,0,0.0,0,0,0.0,0,0,0,0.0,0.40625,1,P29_CV0,2,2,0,0,2,0,2,0,2
29,-911031.5252,-211578.0699,Age0_F29_m88f88_P29_Y7_UO4168,I88_F29_m-1f-1_P88_Y-1_U242,I88_F54_m30f30_P74_Y1_UO1305,FXX,0,0.0,0,0,0.0,0,0,0,0.0,0.375,1,P29_CV0,2,1,1,2,0,0,2,0,2
29,-911031.5252,-211578.0699,E29_F7_m37f37_P38_Y6_UO1714,ID37_F13_m30f30_P38_Y4_UO1380,ID37_F38_m37f37_P38_Y4_UO1724,MXY,1,0.0,1,1,0.0,0,0,0,-9999.0,0.53125,1,P29_CV0,2,1,1,1,1,0,2,0,2
29,-911031.5252,-211578.0699,E29_F7_m30f30_P74_Y6_UO1419,I30_F74_m39f39_P93_Y2_UO1847,ID30_F74_m-1f-1_P30_Y-1_U67,FXX,1,0.0,1,1,1.0,0,0,0,-9999.0,0.25,1,P29_CV0,2,0,2,0,2,0,2,0,2
29,-911031.5252,-211578.0699,E29_F7_m37f37_P74_Y6_UO1796,I37_F38_m37f37_P38_Y1_UO1551,ID37_F38_m37f37_P38_Y4_UO1724,MXY,1,0.0,1,1,0.0,0,0,0,-9999.0,0.59375,1,P29_CV0,2,2,0,2,0,0,2,0,2
29,-911031.5252,-211578.0699,E29_F37_m88f88_P29_Y6_UO4170,I88_F29_m78f78_P29_Y3_UO3530,I88_F74_m30f30_P74_Y1_UO1305,MXY,1,0.0,1,1,0.0,0,0,0,-9999.0,0.25,1,P29_CV0,2,1,1,1,1,0,2,0,2
29,-911031.5252,-211578.0699,E29_F7_m78f78_P13_Y5_UO3474,I78_F29_m30f30_P93_Y2_UO1445,I78_F13_m-1f-1_P78_Y-1_U113,MXY,2,0.0,1,0,0.0,0,0,0,-9999.0,0.375,1,P29_CV0,2,0,2,1,1,0,2,0,2
29,-911031.5252,-211578.0699,E29_F7_m7f7_P74_Y5_UO485,I7_F38_m30f30_P38_Y1_UO1350,I7_F38_m7f7_P38_Y3_UO485,MXY,2,0.0,1,0,0.0,0,0,0,-9999.0,0.75,1,P29_CV0,2,1,1,1,1,0,2,0,2
29,-911031.5252,-211578.0699,E29_F7_m37f37_P38_Y4_UO1666,I37_F74_m7f7_P74_Y2_UO395,ID37_F38_m-1f-1_P7_Y-1_U114,FXX,3,0.0,1,0,1.0,0,0,0,-9999.0,0.75,1,P29_CV0,2,2,0,2,0,0,2,0,2
29,-911031.5252,-211578.0699,E29_F7_m88f88_P29_Y4_UO4097,I88_F29_m37f37_P29_Y2_UO1682,I88_F29_m-1f-1_P88_Y-1_U220,MXY,3,0.0,1,0,0.0,0,0,0,-9999.0,0.5,1,P29_CV0,2,1,1,0,2,0,2,0,2
29,-911031.5252,-211578.0699,E29_F37_m30f30_P13_Y1_UO1263,I30_F35_m-1f-1_P30_Y-1_U234,I30_F19_m-1f-1_P30_Y-1_U118,FXX,6,0.0,1,0,1.0,0,0,0,-9999.0,0.75,1,P29_CV0,2,1,1,0,2,0,2,0,2
29,-911031.5252,-211578.0699,E29_F88_m30f30_P74_Y1_UO1305,I30_F35_m-1f-1_P30_Y-1_U171,I30_F38_m-1f-1_P30_Y-1_U89,MXY,6,0.0,1,0,0.0,0,0,0,-9999.0,0.25,1,P29_CV0,2,0,2,1,1,0,2,0,2
29,-911031.5252,-211578.0699,E29_F78_m30f30_P93_Y0_UO1460,R30_F30_m-1f-1_P30_Y-1_U104,R30_F30_m-1f-1_P30_Y-1_U123,FXX,7,0.0,1,0,1.0,0,0,0,-9999.0,0.25,1,P29_CV0,2,1,1,1,1,0,2,0,2
29,-911031.5252,-211578.0699,E29_F30_m-1f-1_P30_Y-1_U123,-9999,-9999,MXY,10,0.0,1,0,0.0,0,0,0,-9999.0,0.5,1,P29_CV0,2,1,1,0,2,0,2,0,2
29,-911031.5252,-211578.0699,Age0_F29_m37f37_P29_Y7_UO1723,I37_F52_m46f46_P74_Y4_UO2213,I37_F38_m-1f-1_P78_Y-1_U187,MXY,0,0.0,0,0,0.0,0,0,0,0.0,0.65625,1,P30_CV0,2,1,1,2,0,0,2,0,2
29,-911031.5252,-211578.0699,E29_F37_m46f46_P74_Y4_UO2213,ID46_F86_m45f45_P52_Y2_UO2200,I46_F52_m-1f-1_P12_Y-1_U243,FXX,3,0.0,1,0,1.0,0,0,0,-9999.0,0.3125,1,P30_CV0,2,0,2,2,0,0,2,0,2
29,-911031.5252,-211578.0699,Age0_F29_m34f34_P29_Y7_UO1607,I34_F66_m34f34_P32_Y4_UO1628,I34_F66_m34f34_P54_Y4_UO1589,FXX,0,0.0,0,0,0.0,0,0,0,0.0,0.75,1,P33_CV0,2,2,0,1,1,0,2,0,2
29,-911031.5252,-211578.0699,Age0_F29_m88f88_P29_Y7_UO4175,I88_F29_m-1f-1_P88_Y-1_U227,I88_F29_m-1f-1_P34_Y-1_U101,FXX,0,0.0,0,0,0.0,0,0,0,0.0,0.5,1,P33_CV0,2,0,2,0,2,0,2,0,2
29,-911031.5252,-211578.0699,E29_F34_m34f34_P66_Y6_UO1590,I34_F61_m34f34_P32_Y4_UO1628,I34_F54_m34f34_P66_Y4_UO1597,FXX,1,0.0,1,1,1.0,0,0,0,-9999.0,0.75,1,P33_CV0,2,2,0,1,1,0,2,0,2
29,-911031.5252,-211578.0699,E29_F78_m37f37_P13_Y6_UO1802,I37_F29_m34f34_P54_Y0_UO1648,I37_F74_m-1f-1_P37_Y-1_U4,MXY,1,0.0,1,1,0.0,0,0,0,-9999.0,0.25,1,P33_CV0,2,0,2,0,2,0,2,0,2
29,-911031.5252,-211578.0699,E29_F78_m34f34_P54_Y6_UO1642,I34_F32_m34f34_P54_Y2_UO1626,I34_F54_m-1f-1_P34_Y-1_U227,FXX,1,0.0,1,1,1.0,0,0,0,-9999.0,1.0,1,P33_CV0,2,2,0,0,2,0,2,0,2
29,-911031.5252,-211578.0699,E29_F88_m34f34_P54_Y6_UO1591,I34_F54_m34f34_P32_Y4_UO1627,ID34_F66_m88f88_P54_Y4_UO4136,MXY,1,0.0,1,1,0.0,0,0,0,-9999.0,0.5,1,P33_CV0,2,1,1,1,1,0,2,0,2
29,-911031.5252,-211578.0699,E29_F88_m34f34_P54_Y5_UO1578,I34_F54_m78f78_P54_Y3_UO3489,ID34_F54_m34f34_P54_Y2_UO1561,MXY,2,0.0,1,0,0.0,0,0,0,-9999.0,0.5625,1,P33_CV0,2,2,0,2,0,0,2,0,2
29,-911031.5252,-211578.0699,E29_F34_m34f34_P32_Y4_UO1628,I34_F54_m34f34_P54_Y0_UO1684,ID34_F61_m34f34_P32_Y0_UO1710,FXX,3,0.0,1,0,1.0,0,0,0,-9999.0,0.75,1,P33_CV0,2,2,0,0,2,0,2,0,2
29,-911031.5252,-211578.0699,E29_F34_m34f34_P32_Y2_UO1603,I34_F26_m-1f-1_P34_Y-1_U115,I34_F32_m-1f-1_P34_Y-1_U224,FXX,5,0.0,1,0,1.0,0,0,0,-9999.0,0.5,1,P33_CV0,2,1,1,2,0,0,2,0,2
29,-911031.5252,-211578.0699,E29_F88_m34f34_P54_Y1_UO1491,I34_F54_m-1f-1_P34_Y-1_U23,ID34_F66_m-1f-1_P34_Y-1_U130,FXX,6,0.0,1,0,1.0,0,0,0,-9999.0,0.25,1,P33_CV0,2,1,1,0,2,0,2,0,2
29,-911031.5252,-211578.0699,E29_F88_m-1f-1_P34_Y-1_U7,-9999,-9999,FXX,13,0.0,1,0,1.0,0,0,0,-9999.0,0.5,1,P33_CV0,2,1,1,0,2,0,2,0,2
29,-911031.5252,-211578.0699,E29_F88_m-1f-1_P34_Y-1_U185,-9999,-9999,FXX,14,0.0,1,0,1.0,0,0,0,-9999.0,0.5,1,P33_CV0,2,1,1,2,0,0,2,0,2
29,-911031.5252,-211578.0699,Age0_F29_m37f37_P29_Y7_UO1748,I37_F74_m37f37_P74_Y3_UO1725,I37_F38_m-1f-1_P78_Y-1_U187,FXX,0,0.0,0,0,0.0,0,0,0,0.0,0.75,1,P36_CV0,2,2,0,1,1,0,2,0,2
29,-911031.5252,-211578.0699,Age0_F29_m37f37_P29_Y7_UO1760,I37_F38_m7f7_P74_Y2_UO421,I37_F74_m-1f-1_P37_Y-1_U225,FXX,0,0.0,0,0,0.0,0,0,0,0.0,0.5,1,P36_CV0,2,1,1,1,1,0,2,0,2
29,-911031.5252,-211578.0699,Age0_F29_m78f78_P29_Y7_UO3500,I78_F38_m37f37_P13_Y4_UO1742,I78_F54_m87f87_P24_Y3_UO4021,FXX,0,0.0,0,0,0.0,0,0,0,0.0,0.65625,1,P36_CV0,2,2,0,0,2,0,2,0,2
29,-911031.5252,-211578.0699,Age0_F29_m88f88_P29_Y7_UO4160,I88_F29_m37f37_P29_Y3_UO1678,I88_F29_m78f78_P29_Y5_UO3504,MXY,0,0.0,0,0,0.0,0,0,0,0.0,0.5625,1,P36_CV0,2,1,1,1,1,0,2,0,2
29,-911031.5252,-211578.0699,E29_F7_m88f88_P29_Y6_UO4198,ID88_F29_m-1f-1_P88_Y-1_U92,ID88_F29_m37f37_P29_Y0_UO1768,FXX,1,0.0,1,1,1.0,0,0,0,-9999.0,0.625,1,P36_CV0,2,1,1,2,0,0,2,0,2
29,-911031.5252,-211578.0699,E29_F7_m7f7_P74_Y6_UO507,I7_F29_m-1f-1_P30_Y-1_U44,ID7_F74_m37f37_P29_Y4_UO1775,FXX,1,0.0,1,1,1.0,0,0,0,-9999.0,0.5,1,P36_CV0,2,1,1,1,1,0,2,0,2
29,-911031.5252,-211578.0699,E29_F7_m37f37_P74_Y6_UO1756,I37_F74_m78f78_P38_Y3_UO3517,I37_F38_m-1f-1_P37_Y-1_U50,FXX,1,0.0,1,1,1.0,0,0,0,-9999.0,0.25,1,P36_CV0,2,0,2,1,1,0,2,0,2
29,-911031.5252,-211578.0699,E29_F7_m37f37_P74_Y6_UO1757,ID37_F74_m37f37_P38_Y3_UO1782,ID37_F38_m78f78_P38_Y4_UO3463,FXX,1,0.0,1,1,1.0,0,0,0,-9999.0,0.125,1,P36_CV0,2,0,2,1,1,0,2,0,2
29,-911031.5252,-211578.0699,E29_F37_m7f7_P38_Y6_UO462,I7_F38_m7f7_P74_Y3_UO384,I7_F74_m7f7_P74_Y4_UO391,MXY,1,0.0,1,1,0.0,0,0,0,-9999.0,0.34375,1,P36_CV0,2,0,2,0,2,0,2,0,2
29,-911031.5252,-211578.0699,E29_F37_m37f37_P38_Y6_UO1739,ID37_F74_m7f7_P38_Y3_UO449,I37_F38_m30f30_P38_Y3_UO1394,FXX,1,0.0,1,1,1.0,0,0,0,-9999.0,0.5,1,P36_CV0,2,1,1,1,1,0,2,0,2
29,-911031.5252,-211578.0699,E29_F37_m37f37_P38_Y6_UO1823,I37_F35_m-1f-1_P37_Y-1_U242,I37_F38_m37f37_P38_Y2_UO1715,MXY,1,0.0,1,1,0.0,0,0,0,-9999.0,0.875,1,P36_CV0,2,2,0,1,1,0,2,0,2
29,-911031.5252,-211578.0699,E29_F78_m30f30_P13_Y6_UO1385,I30_F52_m30f30_P38_Y4_UO1446,I30_F93_m37f37_P29_Y0_UO1781,MXY,1,0.0,1,1,0.0,0,0,1,-9999.0,0.3125,1,P36_CV0,2,0,2,2,0,0,2,0,2
29,-911031.5252,-211578.0699,E29_F78_m78f78_P93_Y6_UO3529,I78_F93_m78f78_P54_Y2_UO3544,ID78_F13_m-1f-1_P78_Y-1_U185,FXX,1,0.0,1,1,1.0,0,0,0,-9999.0,0.375,1,P36_CV0,2,2,0,0,2,0,2,0,2
29,-911031.5252,-211578.0699,E29_F88_m7f7_P29_Y6_UO503,I7_F13_m88f88_P29_Y0_UO4471,ID7_F74_m37f37_P74_Y4_UO1703,FXX,1,0.0,1,1,1.0,0,0,0,-9999.0,0.5625,1,P36_CV0,2,1,1,1,1,0,2,0,2
29,-911031.5252,-211578.0699,E29_F88_m30f30_P29_Y6_UO1421,I30_F93_m37f37_P52_Y2_UO1710,I30_F35_m78f78_P13_Y4_UO3478,FXX,1,0.0,1,1,1.0,0,0,0,-9999.0,0.625,1,P36_CV0,2,1,1,2,0,0,2,0,2
29,-911031.5252,-211578.0699,E29_F88_m37f37_P29_Y6_UO1766,ID37_F74_m37f37_P74_Y2_UO1749,I37_F74_m30f30_P38_Y4_UO1378,MXY,1,0.0,1,1,0.0,0,0,0,-9999.0,0.375,1,P36_CV0,2,0,2,0,2,0,2,0,2
29,-911031.5252,-211578.0699,E29_F88_m37f37_P29_Y6_UO1779,I37_F74_m30f30_P13_Y1_UO1263,I37_F38_m37f37_P74_Y4_UO1729,FXX,1,0.0,1,1,1.0,0,0,0,-9999.0,0.5,1,P36_CV0,2,1,1,1,1,0,2,0,2
29,-911031.5252,-211578.0699,E29_F88_m78f78_P29_Y6_UO3542,I78_F13_m37f37_P74_Y0_UO1746,ID78_F13_m-1f-1_P78_Y-1_U123,MXY,1,0.0,1,1,0.0,0,0,0,-9999.0,0.625,1,P36_CV0,2,0,2,1,1,0,2,0,2
29,-911031.5252,-211578.0699,E29_F78_m37f37_P13_Y4_UO1742,I37_F74_m-1f-1_P37_Y-1_U176,I37_F13_m39f39_P13_Y2_UO1780,FXX,3,0.0,1,0,1.0,0,0,1,-9999.0,0.5625,1,P36_CV0,2,1,1,1,1,0,2,0,2
29,-911031.5252,-211578.0699,E29_F7_m37f37_P38_Y3_UO1754,I37_F13_m-1f-1_P37_Y-1_U12,I37_F74_m-1f-1_P37_Y-1_U4,MXY,4,0.0,1,0,0.0,0,0,0,-9999.0,0.25,1,P36_CV0,2,0,2,1,1,0,2,0,2
29,-911031.5252,-211578.0699,E29_F7_m37f37_P38_Y3_UO1744,I37_F52_m-1f-1_P37_Y-1_U148,I37_F38_m37f37_P38_Y0_UO1798,MXY,4,0.0,1,0,0.0,0,0,0,-9999.0,0.625,1,P36_CV0,2,0,2,0,2,0,2,0,2
29,-911031.5252,-211578.0699,E29_F37_m37f37_P74_Y3_UO1725,I37_F74_m37f37_P74_Y0_UO1739,I37_F38_m37f37_P74_Y1_UO1555,FXX,4,0.0,1,0,1.0,0,0,0,-9999.0,0.5,1,P36_CV0,2,1,1,0,2,0,2,0,2
29,-911031.5252,-211578.0699,E29_F88_m37f37_P29_Y3_UO1678,I37_F38_m88f88_P29_Y1_UO3981,ID37_F38_m-1f-1_P37_Y-1_U128,FXX,4,0.0,1,0,1.0,0,0,0,-9999.0,0.375,1,P36_CV0,2,0,2,2,0,0,2,0,2
29,-911031.5252,-211578.0699,E29_F7_m88f88_P29_Y2_UO4137,I88_F54_m-1f-1_P88_Y-1_U92,I88_F29_m37f37_P29_Y0_UO1768,MXY,5,0.0,1,0,0.0,0,0,0,-9999.0,0.625,1,P36_CV0,2,2,0,1,1,0,2,0,2
29,-911031.5252,-211578.0699,E29_F78_m78f78_P54_Y2_UO3544,I78_F74_m-1f-1_P78_Y-1_U102,ID78_F93_m37f37_P13_Y0_UO1765,FXX,5,0.0,1,0,1.0,0,0,0,-9999.0,0.25,1,P36_CV0,2,1,1,1,1,0,2,0,2
29,-911031.5252,-211578.0699,E29_F88_m37f37_P74_Y1_UO1576,I37_F74_m-1f-1_P37_Y-1_U163,I37_F38_m-1f-1_P37_Y-1_U222,FXX,6,0.0,1,0,1.0,0,0,0,-9999.0,0.5,1,P36_CV0,2,1,1,1,1,0,2,0,2
29,-911031.5252,-211578.0699,E29_F78_m30f30_P93_Y6_UO1410,ID30_F13_m46f46_P93_Y3_UO2284,I30_F93_m37f37_P29_Y0_UO1781,MXY,1,0.0,1,1,0.0,0,0,0,-9999.0,0.25,1,P38_CV0,2,1,1,1,1,0,2,0,2
29,-911031.5252,-211578.0699,E29_F78_m7f7_P29_Y6_UO458,I7_F38_m7f7_P74_Y3_UO445,I7_F13_m12f12_P52_Y4_UO703,MXY,1,0.0,1,1,0.0,0,0,0,-9999.0,0.46875,1,P44_CV0,2,1,1,1,1,0,2,0,2
29,-911031.5252,-211578.0699,E29_F7_m45f45_P86_Y0_UO2230,R45_F45_m-1f-1_P45_Y-1_U17,R45_F45_m-1f-1_P45_Y-1_U227,FXX,7,0.0,1,0,1.0,0,0,0,-9999.0,0.5,1,P44_CV0,2,1,1,1,1,0,2,0,2
29,-911031.5252,-211578.0699,Age0_F29_m7f7_P29_Y7_UO507,I7_F74_m45f45_P86_Y0_UO2230,ID7_F86_m30f30_P38_Y3_UO1379,MXY,0,0.0,0,0,0.0,0,0,0,0.0,0.5,1,P45_CV0,2,1,1,1,1,0,2,0,2
29,-911031.5252,-211578.0699,Age0_F29_m37f37_P29_Y7_UO1774,ID37_F38_m46f46_P93_Y1_UO2105,ID37_F29_m-1f-1_P37_Y-1_U155,FXX,0,0.0,0,0,0.0,0,0,0,0.0,0.25,1,P45_CV0,2,0,2,0,2,0,2,0,2
29,-911031.5252,-211578.0699,E29_F37_m30f30_P13_Y6_UO1404,I30_F13_m90f90_P52_Y3_UO4177,I30_F93_m37f37_P29_Y0_UO1781,FXX,1,0.0,1,1,1.0,0,0,0,-9999.0,0.5,1,P45_CV0,2,2,0,1,1,0,2,0,2
29,-911031.5252,-211578.0699,E29_F78_m12f12_P93_Y6_UO774,I12_F52_m-1f-1_P23_Y-1_U72,I12_F52_m-1f-1_P46_Y-1_U118,FXX,1,0.0,1,1,1.0,0,0,0,-9999.0,0.5,1,P45_CV0,2,1,1,0,2,0,2,0,2
29,-911031.5252,-211578.0699,E29_F37_m46f46_P93_Y1_UO2105,ID46_F57_m-1f-1_P90_Y-1_U100,I46_F86_m-1f-1_P46_Y-1_U149,FXX,6,0.0,1,0,1.0,0,0,0,-9999.0,0.5,1,P45_CV0,2,0,2,1,1,0,2,0,2
29,-911031.5252,-211578.0699,Age0_F29_m88f88_P29_Y7_UO4171,I88_F54_m-1f-1_P88_Y-1_U45,ID88_F32_m53f53_P26_Y3_UO2509,MXY,0,0.0,0,0,0.0,0,0,0,0.0,0.625,1,P52_CV0,2,2,0,0,2,0,2,0,2
29,-911031.5252,-211578.0699,E29_F88_m53f53_P26_Y2_UO2531,I53_F26_m-1f-1_P53_Y-1_U67,ID53_F26_m-1f-1_P53_Y-1_U12,FXX,5,0.0,1,0,1.0,0,0,0,-9999.0,0.5,1,P52_CV0,2,1,1,1,1,0,2,0,2
29,-911031.5252,-211578.0699,Age0_F29_m7f7_P29_Y7_UO488,ID7_F74_m7f7_P74_Y2_UO426,ID7_F38_m88f88_P29_Y5_UO4122,FXX,0,0.0,0,0,0.0,0,0,0,0.0,0.5625,1,P6_CV0,2,1,1,1,1,0,2,0,2
29,-911031.5252,-211578.0699,Age0_F29_m7f7_P29_Y7_UO516,I7_F38_m-1f-1_P7_Y-1_U74,I7_F38_m7f7_P74_Y2_UO490,MXY,0,0.0,0,0,0.0,0,0,0,0.0,0.75,1,P6_CV0,2,2,0,1,1,0,2,0,2
29,-911031.5252,-211578.0699,Age0_F29_m30f30_P29_Y7_UO1366,ID30_F74_m7f7_P38_Y5_UO470,I30_F74_m-1f-1_P37_Y-1_U80,FXX,0,0.0,0,0,0.0,0,0,0,0.0,0.4375,1,P6_CV0,2,0,2,2,0,0,2,0,2
29,-911031.5252,-211578.0699,Age0_F29_m78f78_P29_Y7_UO3511,ID78_F13_m7f7_P93_Y3_UO442,I78_F38_m78f78_P13_Y1_UO3360,FXX,0,0.0,0,0,0.0,0,0,0,0.0,0.25,1,P6_CV0,2,0,2,0,2,0,2,0,2
29,-911031.5252,-211578.0699,Age0_F29_m78f78_P29_Y7_UO3514,I78_F13_m30f30_P13_Y2_UO1397,I78_F29_m30f30_P13_Y4_UO1362,FXX,0,0.0,0,0,0.0,0,0,0,0.0,0.25,1,P6_CV0,2,1,1,0,2,0,2,0,2
29,-911031.5252,-211578.0699,Age0_F29_m88f88_P29_Y7_UO4178,I88_F29_m-1f-1_P88_Y-1_U240,ID88_F29_m78f78_P29_Y4_UO3440,FXX,0,0.0,0,0,0.0,0,0,0,0.0,0.4375,1,P6_CV0,2,1,1,1,1,0,2,0,2
29,-911031.5252,-211578.0699,Age0_F29_m88f88_P29_Y7_UO4190,I88_F54_m-1f-1_P34_Y-1_U185,ID88_F29_m78f78_P29_Y4_UO3440,FXX,0,0.0,0,0,0.0,0,0,0,0.0,0.4375,1,P6_CV0,2,0,2,2,0,0,2,0,2
29,-911031.5252,-211578.0699,E29_F7_m37f37_P38_Y6_UO1754,I37_F74_m7f7_P74_Y3_UO407,ID37_F74_m37f37_P74_Y4_UO1771,FXX,1,0.0,1,1,1.0,0,0,0,-9999.0,0.3125,1,P6_CV0,2,1,1,1,1,0,2,0,2
29,-911031.5252,-211578.0699,E29_F7_m7f7_P74_Y6_UO528,I7_F13_m-1f-1_P37_Y-1_U36,I7_F74_m37f37_P13_Y2_UO1750,FXX,1,0.0,1,1,1.0,0,0,0,-9999.0,0.5,1,P6_CV0,2,1,1,1,1,0,2,0,2
29,-911031.5252,-211578.0699,E29_F7_m7f7_P74_Y6_UO529,I7_F38_m-1f-1_P7_Y-1_U38,I7_F38_m-1f-1_P7_Y-1_U152,MXY,1,0.0,1,1,0.0,0,0,0,-9999.0,0.5,1,P6_CV0,2,0,2,0,2,0,2,0,2
29,-911031.5252,-211578.0699,E29_F30_m37f37_P74_Y6_UO1755,ID37_F38_m12f12_P52_Y3_UO743,ID37_F74_m37f37_P74_Y4_UO1771,MXY,1,0.0,1,1,0.0,0,0,0,-9999.0,0.5,1,P6_CV0,2,1,1,0,2,0,2,0,2
29,-911031.5252,-211578.0699,E29_F37_m78f78_P13_Y6_UO3509,I78_F93_m7f7_P93_Y3_UO442,I78_F13_m37f37_P13_Y1_UO1556,MXY,1,0.0,1,1,0.0,0,0,0,-9999.0,0.5,1,P6_CV0,2,0,2,2,0,0,2,0,2
29,-911031.5252,-211578.0699,E29_F37_m37f37_P38_Y6_UO1821,I37_F93_m-1f-1_P30_Y-1_U139,I37_F74_m7f7_P38_Y2_UO437,MXY,1,0.0,1,1,0.0,0,0,0,-9999.0,0.3125,1,P6_CV0,2,1,1,2,0,0,2,0,2
29,-911031.5252,-211578.0699,E29_F37_m7f7_P74_Y6_UO475,I7_F74_m7f7_P74_Y2_UO426,I7_F38_m37f37_P74_Y3_UO1739,MXY,1,0.0,1,1,0.0,0,0,0,-9999.0,0.9375,1,P6_CV0,2,2,0,0,2,0,2,0,2
29,-911031.5252,-211578.0699,E29_F78_m37f37_P13_Y6_UO1808,I37_F38_m-1f-1_P30_Y-1_U87,I37_F38_m37f37_P13_Y4_UO1676,FXX,1,0.0,1,1,1.0,0,0,0,-9999.0,0.46875,1,P6_CV0,2,0,2,0,2,0,2,0,2
29,-911031.5252,-211578.0699,E29_F30_m7f7_P38_Y5_UO470,I7_F74_m30f30_P38_Y2_UO1440,I7_F29_m-1f-1_P7_Y-1_U17,FXX,2,0.0,1,0,1.0,0,0,0,-9999.0,0.375,1,P6_CV0,2,0,2,1,1,0,2,0,2
29,-911031.5252,-211578.0699,E29_F37_m37f37_P38_Y4_UO1692,I37_F74_m30f30_P13_Y2_UO1372,I37_F13_m30f30_P13_Y1_UO1325,MXY,3,0.0,1,0,0.0,0,0,0,-9999.0,0.625,1,P6_CV0,2,1,1,1,1,0,2,0,2
29,-911031.5252,-211578.0699,E29_F88_m78f78_P29_Y4_UO3440,I78_F13_m78f78_P13_Y2_UO3498,ID78_F29_m-1f-1_P78_Y-1_U173,MXY,3,0.0,1,0,0.0,0,0,0,-9999.0,0.375,1,P6_CV0,2,1,1,2,0,0,2,0,2
29,-911031.5252,-211578.0699,E29_F78_m30f30_P29_Y3_UO1414,ID30_F38_m-1f-1_P7_Y-1_U237,I30_F13_m-1f-1_P37_Y-1_U5,MXY,4,0.0,1,0,0.0,0,0,0,-9999.0,0.5,1,P6_CV0,2,1,1,2,0,0,2,0,2
29,-911031.5252,-211578.0699,E29_F78_m7f7_P93_Y3_UO442,I7_F38_m-1f-1_P7_Y-1_U202,I7_F38_m-1f-1_P7_Y-1_U152,FXX,4,0.0,1,0,1.0,0,0,0,-9999.0,0.5,1,P6_CV0,2,0,2,1,1,0,2,0,2
29,-911031.5252,-211578.0699,E29_F88_m78f78_P29_Y3_UO3463,I78_F13_m34f34_P54_Y0_UO1702,I78_F32_m30f30_P13_Y1_UO1262,MXY,4,0.0,1,0,0.0,0,0,0,-9999.0,0.625,1,P6_CV0,2,0,2,1,1,0,2,0,2
29,-911031.5252,-211578.0699,E29_F88_m7f7_P29_Y3_UO469,I7_F38_m-1f-1_P7_Y-1_U134,I7_F38_m-1f-1_P7_Y-1_U90,MXY,4,0.0,1,0,0.0,0,0,0,-9999.0,0.5,1,P6_CV0,2,2,0,1,1,0,2,0,2
29,-911031.5252,-211578.0699,E29_F7_m7f7_P74_Y2_UO426,I7_F38_m7f7_P38_Y0_UO468,I7_F52_m88f88_P29_Y0_UO4462,FXX,5,0.0,1,0,1.0,0,0,0,-9999.0,0.875,1,P6_CV0,2,2,0,1,1,0,2,0,2
29,-911031.5252,-211578.0699,E29_F37_m7f7_P74_Y2_UO415,I7_F38_m7f7_P38_Y0_UO500,ID7_F35_m-1f-1_P7_Y-1_U196,MXY,5,0.0,1,0,0.0,0,0,0,-9999.0,0.375,1,P6_CV0,2,0,2,1,1,0,2,0,2
29,-911031.5252,-211578.0699,E29_F37_m7f7_P29_Y2_UO451,ID7_F74_m-1f-1_P7_Y-1_U98,I7_F38_m-1f-1_P7_Y-1_U17,MXY,5,0.0,1,0,0.0,0,0,0,-9999.0,0.5,1,P6_CV0,2,0,2,1,1,0,2,0,2
29,-911031.5252,-211578.0699,E29_F78_m30f30_P13_Y2_UO1397,ID30_F74_m-1f-1_P7_Y-1_U230,I30_F13_m-1f-1_P30_Y-1_U181,FXX,5,0.0,1,0,1.0,0,0,0,-9999.0,0.25,1,P6_CV0,2,1,1,0,2,0,2,0,2
29,-911031.5252,-211578.0699,E29_F7_m-1f-1_P7_Y-1_U67,-9999,-9999,MXY,8,0.0,1,0,0.0,0,0,0,-9999.0,1.0,1,P6_CV0,2,2,0,1,1,0,2,0,2
29,-911031.5252,-211578.0699,E29_F7_m-1f-1_P7_Y-1_U74,-9999,-9999,FXX,10,0.0,1,0,1.0,0,0,0,-9999.0,1.0,1,P6_CV0,2,2,0,0,2,0,2,0,2
29,-911031.5252,-211578.0699,E29_F37_m-1f-1_P7_Y-1_U201,-9999,-9999,MXY,10,0.0,1,0,0.0,0,0,0,-9999.0,1.0,1,P6_CV0,2,2,0,0,2,0,2,0,2
29,-911031.5252,-211578.0699,E29_F7_m-1f-1_P7_Y-1_U244,-9999,-9999,MXY,11,0.0,1,0,0.0,0,0,0,-9999.0,0.5,1,P6_CV0,2,1,1,0,2,0,2,0,2
29,-911031.5252,-211578.0699,Age0_F29_m7f7_P29_Y7_UO425,I7_F52_m37f37_P74_Y5_UO1690,I7_F74_m88f88_P74_Y2_UO4158,MXY,0,0.0,0,0,0.0,0,0,0,0.0,0.40625,1,P77_CV0,2,1,1,1,1,0,2,0,2
29,-911031.5252,-211578.0699,Age0_F29_m34f34_P29_Y7_UO1550,I34_F61_m34f34_P61_Y5_UO1641,I34_F54_m34f34_P54_Y3_UO1594,MXY,0,0.0,0,0,0.0,0,0,0,0.0,0.4375,1,P77_CV0,2,0,2,0,2,0,2,0,2
29,-911031.5252,-211578.0699,Age0_F29_m34f34_P29_Y7_UO1645,I34_F54_m34f34_P32_Y2_UO1603,I34_F54_m78f78_P32_Y2_UO3469,FXX,0,0.0,0,0,0.0,0,0,0,0.0,0.5,1,P77_CV0,2,0,2,2,0,0,2,0,2
29,-911031.5252,-211578.0699,Age0_F29_m78f78_P29_Y7_UO3501,I78_F54_m30f30_P93_Y4_UO1405,ID78_F29_m-1f-1_P78_Y-1_U65,FXX,0,0.0,0,0,0.0,0,0,0,0.0,0.75,1,P77_CV0,2,1,1,1,1,0,2,0,2
29,-911031.5252,-211578.0699,Age0_F29_m78f78_P29_Y7_UO3513,I78_F13_m78f78_P93_Y3_UO3491,ID78_F74_m-1f-1_P78_Y-1_U133,MXY,0,0.0,0,0,0.0,0,0,0,0.0,0.125,1,P77_CV0,2,0,2,0,2,0,2,0,2
29,-911031.5252,-211578.0699,Age0_F29_m78f78_P29_Y7_UO3515,I78_F93_m78f78_P54_Y2_UO3544,I78_F54_m-1f-1_P78_Y-1_U173,FXX,0,0.0,0,0,0.0,0,0,0,0.0,0.375,1,P77_CV0,2,0,2,2,0,0,2,0,2
29,-911031.5252,-211578.0699,Age0_F29_m78f78_P29_Y7_UO3531,I78_F19_m-1f-1_P78_Y-1_U220,I78_F13_m-1f-1_P78_Y-1_U226,FXX,0,0.0,0,0,0.0,0,0,0,0.0,0.75,1,P77_CV0,2,2,0,2,0,0,2,0,2
29,-911031.5252,-211578.0699,Age0_F29_m88f88_P29_Y7_UO4159,I88_F29_m78f78_P29_Y3_UO3530,I88_F29_m-1f-1_P88_Y-1_U3,FXX,0,0.0,0,0,0.0,0,0,0,0.0,0.125,1,P77_CV0,2,0,2,2,0,0,2,0,2
29,-911031.5252,-211578.0699,Age0_F29_m88f88_P29_Y7_UO4164,I88_F29_m37f37_P74_Y1_UO1576,I88_F29_m78f78_P29_Y1_UO3381,FXX,0,0.0,0,0,0.0,0,0,0,0.0,0.5,1,P77_CV0,2,1,1,1,1,0,2,0,2
29,-911031.5252,-211578.0699,Age0_F29_m88f88_P29_Y7_UO4165,I88_F29_m34f34_P54_Y1_UO1491,I88_F54_m78f78_P54_Y4_UO3470,FXX,0,0.0,0,0,0.0,0,0,0,0.0,0.375,1,P77_CV0,2,0,2,1,1,0,2,0,2
29,-911031.5252,-211578.0699,Age0_F29_m88f88_P29_Y7_UO4166,I88_F54_m78f78_P29_Y1_UO3306,I88_F29_m7f7_P29_Y4_UO442,MXY,0,0.0,0,0,0.0,0,0,0,0.0,0.625,1,P77_CV0,2,1,1,0,2,0,2,0,2
29,-911031.5252,-211578.0699,E29_F7_m37f37_P13_Y6_UO1765,I37_F74_m37f37_P74_Y2_UO1734,I37_F29_m37f37_P38_Y3_UO1760,FXX,1,0.0,1,1,1.0,0,0,0,-9999.0,0.25,1,P77_CV0,2,0,2,1,1,0,2,0,2
29,-911031.5252,-211578.0699,E29_F7_m88f88_P29_Y6_UO4188,I88_F54_m-1f-1_P88_Y-1_U227,I88_F54_m88f88_P29_Y4_UO4147,MXY,1,0.0,1,1,0.0,0,0,0,-9999.0,0.75,1,P77_CV0,2,1,1,0,2,0,2,0,2
29,-911031.5252,-211578.0699,E29_F7_m30f30_P38_Y6_UO1381,I30_F52_m37f37_P38_Y4_UO1740,ID30_F52_m30f30_P93_Y3_UO1354,MXY,1,0.0,1,1,0.0,0,0,0,-9999.0,0.5,1,P77_CV0,2,1,1,0,2,0,2,0,2
29,-911031.5252,-211578.0699,E29_F7_m7f7_P74_Y6_UO443,ID7_F52_m78f78_P13_Y3_UO3503,I7_F38_m78f78_P29_Y4_UO3483,FXX,1,0.0,1,1,1.0,0,0,0,-9999.0,0.25,1,P77_CV0,2,0,2,1,1,0,2,0,2
29,-911031.5252,-211578.0699,E29_F37_m7f7_P38_Y6_UO440,I7_F38_m7f7_P74_Y4_UO488,ID7_F74_m7f7_P74_Y2_UO494,MXY,1,0.0,1,1,0.0,0,0,0,-9999.0,0.5625,1,P77_CV0,2,1,1,1,1,0,2,0,2
29,-911031.5252,-211578.0699,E29_F37_m7f7_P74_Y6_UO432,I7_F74_m7f7_P74_Y4_UO393,ID7_F38_m78f78_P13_Y0_UO3817,MXY,1,0.0,1,1,0.0,0,0,0,-9999.0,0.5625,1,P77_CV0,2,2,0,1,1,0,2,0,2
29,-911031.5252,-211578.0699,E29_F78_m78f78_P29_Y6_UO3566,I78_F13_m-1f-1_P78_Y-1_U135,I78_F93_m-1f-1_P78_Y-1_U21,FXX,1,0.0,1,1,1.0,0,0,0,-9999.0,0.5,1,P77_CV0,2,2,0,1,1,0,2,0,2
29,-911031.5252,-211578.0699,E29_F88_m78f78_P29_Y6_UO3505,ID78_F54_m34f34_P54_Y4_UO1634,I78_F29_m-1f-1_P78_Y-1_U138,MXY,1,0.0,1,1,0.0,0,0,0,-9999.0,0.25,1,P77_CV0,2,1,1,0,2,0,2,0,2
29,-911031.5252,-211578.0699,E29_F88_m78f78_P29_Y6_UO3545,I78_F74_m-1f-1_P78_Y-1_U93,I78_F29_m78f78_P13_Y1_UO3314,FXX,1,0.0,1,1,1.0,0,0,0,-9999.0,0.375,1,P77_CV0,2,2,0,1,1,0,2,0,2
29,-911031.5252,-211578.0699,E29_F88_m78f78_P29_Y6_UO3561,I78_F13_m-1f-1_P78_Y-1_U162,ID78_F93_m87f87_P24_Y3_UO4021,MXY,1,0.0,1,1,0.0,0,0,0,-9999.0,0.875,1,P77_CV0,2,2,0,1,1,0,2,0,2
29,-911031.5252,-211578.0699,E29_F88_m78f78_P29_Y6_UO3567,I78_F54_m-1f-1_P78_Y-1_U83,I78_F93_m88f88_P29_Y4_UO4149,FXX,1,0.0,1,1,1.0,0,0,0,-9999.0,0.75,1,P77_CV0,2,2,0,0,2,0,2,0,2
29,-911031.5252,-211578.0699,E29_F88_m78f78_P54_Y6_UO3551,I78_F38_m-1f-1_P78_Y-1_U64,I78_F13_m30f30_P13_Y4_UO1423,FXX,1,0.0,1,1,1.0,0,0,0,-9999.0,0.625,1,P77_CV0,2,1,1,1,1,0,2,0,2
29,-911031.5252,-211578.0699,E29_F7_m37f37_P74_Y5_UO1690,I37_F29_m78f78_P38_Y3_UO3517,I37_F38_m37f37_P74_Y3_UO1685,FXX,2,0.0,1,0,1.0,0,0,0,-9999.0,0.3125,1,P77_CV0,2,0,2,1,1,0,2,0,2
29,-911031.5252,-211578.0699,E29_F7_m37f37_P74_Y5_UO1689,ID37_F38_m7f7_P38_Y3_UO449,I37_F52_m78f78_P13_Y3_UO3527,FXX,2,0.0,1,0,1.0,0,0,0,-9999.0,0.375,1,P77_CV0,2,0,2,0,2,0,2,0,2
29,-911031.5252,-211578.0699,E29_F30_m78f78_P93_Y5_UO3509,I78_F29_m-1f-1_P78_Y-1_U141,I78_F13_m-1f-1_P78_Y-1_U113,MXY,2,0.0,1,0,0.0,0,0,0,-9999.0,0.75,1,P77_CV0,2,1,1,1,1,0,2,0,2
29,-911031.5252,-211578.0699,E29_F88_m78f78_P29_Y5_UO3536,I78_F13_m-1f-1_P78_Y-1_U195,I78_F38_m30f30_P93_Y3_UO1440,FXX,2,0.0,1,0,1.0,0,0,0,-9999.0,0.4375,1,P77_CV0,2,0,2,0,2,0,2,0,2
29,-911031.5252,-211578.0699,E29_F88_m78f78_P29_Y5_UO3504,I78_F29_m-1f-1_P78_Y-1_U244,I78_F93_m-1f-1_P78_Y-1_U13,MXY,2,0.0,1,0,0.0,0,0,0,-9999.0,0.75,1,P77_CV0,2,2,0,1,1,0,2,0,2
29,-911031.5252,-211578.0699,E29_F37_m30f30_P13_Y4_UO1411,I30_F74_m-1f-1_P46_Y-1_U159,I30_F38_m78f78_P93_Y2_UO3467,MXY,3,0.0,1,0,0.0,0,0,0,-9999.0,0.125,1,P77_CV0,2,0,2,0,2,0,2,0,2
29,-911031.5252,-211578.0699,E29_F78_m30f30_P93_Y4_UO1405,ID30_F93_m-1f-1_P78_Y-1_U235,I30_F13_m46f46_P93_Y1_UO2103,FXX,3,0.0,1,0,1.0,0,0,0,-9999.0,0.5,1,P77_CV0,2,0,2,2,0,0,2,0,2
29,-911031.5252,-211578.0699,E29_F88_m78f78_P29_Y4_UO3518,I78_F38_m-1f-1_P78_Y-1_U83,ID78_F93_m37f37_P38_Y2_UO1726,MXY,3,0.0,1,0,0.0,0,0,0,-9999.0,0.5,1,P77_CV0,2,1,1,1,1,0,2,0,2
29,-911031.5252,-211578.0699,E29_F88_m78f78_P29_Y4_UO3477,I78_F93_m-1f-1_P78_Y-1_U141,ID78_F29_m-1f-1_P78_Y-1_U65,MXY,3,0.0,1,0,0.0,0,0,0,-9999.0,1.0,1,P77_CV0,2,2,0,0,2,0,2,0,2
29,-911031.5252,-211578.0699,E29_F88_m7f7_P29_Y4_UO442,I7_F38_m88f88_P29_Y1_UO3909,ID7_F93_m-1f-1_P78_Y-1_U187,MXY,3,0.0,1,0,0.0,0,0,0,-9999.0,0.75,1,P77_CV0,2,2,0,1,1,0,2,0,2
29,-911031.5252,-211578.0699,E29_F88_m78f78_P54_Y4_UO3470,ID78_F54_m-1f-1_P78_Y-1_U50,I78_F29_m-1f-1_P78_Y-1_U13,MXY,3,0.0,1,0,0.0,0,0,0,-9999.0,0.5,1,P77_CV0,2,0,2,1,1,0,2,0,2
29,-911031.5252,-211578.0699,E29_F88_m88f88_P29_Y4_UO4147,I88_F54_m-1f-1_P88_Y-1_U197,ID88_F29_m-1f-1_P78_Y-1_U190,MXY,3,0.0,1,0,0.0,0,0,0,-9999.0,1.0,1,P77_CV0,2,2,0,0,2,0,2,0,2
29,-911031.5252,-211578.0699,E29_F37_m78f78_P38_Y3_UO3514,I78_F29_m-1f-1_P78_Y-1_U78,I78_F19_m-1f-1_P78_Y-1_U169,FXX,4,0.0,1,0,1.0,0,0,0,-9999.0,0.75,1,P77_CV0,2,2,0,0,2,0,2,0,2
29,-911031.5252,-211578.0699,E29_F78_m78f78_P93_Y3_UO3491,ID78_F74_m-1f-1_P78_Y-1_U34,ID78_F38_m-1f-1_P78_Y-1_U1,FXX,4,0.0,1,0,1.0,0,0,1,-9999.0,0.25,1,P77_CV0,2,0,2,1,1,0,2,0,2
29,-911031.5252,-211578.0699,E29_F88_m78f78_P29_Y3_UO3530,I78_F38_m-1f-1_P37_Y-1_U178,ID78_F54_m-1f-1_P78_Y-1_U137,FXX,4,0.0,1,0,1.0,0,0,0,-9999.0,0.25,1,P77_CV0,2,1,1,2,0,0,2,0,2
29,-911031.5252,-211578.0699,E29_F88_m78f78_P29_Y3_UO3512,I78_F54_m-1f-1_P78_Y-1_U59,I78_F93_m78f78_P13_Y1_UO3360,MXY,4,0.0,1,0,0.0,0,0,0,-9999.0,0.25,1,P77_CV0,2,1,1,1,1,0,2,0,2
29,-911031.5252,-211578.0699,E29_F88_m88f88_P29_Y3_UO4077,I88_F74_m78f78_P29_Y1_UO3306,I88_F29_m-1f-1_P88_Y-1_U41,MXY,4,0.0,1,0,0.0,0,0,0,-9999.0,0.5,1,P77_CV0,2,1,1,0,2,0,2,0,2
29,-911031.5252,-211578.0699,E29_F78_m37f37_P38_Y2_UO1726,I37_F74_m-1f-1_P37_Y-1_U59,ID37_F52_m78f78_P13_Y0_UO3817,MXY,5,0.0,1,0,0.0,0,0,0,-9999.0,0.5,1,P77_CV0,2,2,0,1,1,0,2,0,2
29,-911031.5252,-211578.0699,E29_F88_m78f78_P29_Y2_UO3481,ID78_F29_m-1f-1_P78_Y-1_U4,I78_F13_m-1f-1_P78_Y-1_U95,MXY,5,0.0,1,0,0.0,0,0,0,-9999.0,0.5,1,P77_CV0,2,2,0,2,0,0,2,0,2
29,-911031.5252,-211578.0699,E29_F78_m78f78_P93_Y1_UO3298,I78_F13_m-1f-1_P78_Y-1_U22,ID78_F29_m-1f-1_P78_Y-1_U221,MXY,6,0.0,1,0,0.0,0,0,0,-9999.0,0.25,1,P77_CV0,2,1,1,2,0,0,2,0,2
29,-911031.5252,-211578.0699,E29_F88_m78f78_P29_Y1_UO3381,I78_F13_m-1f-1_P78_Y-1_U5,I78_F29_m-1f-1_P78_Y-1_U101,MXY,6,0.0,1,0,0.0,0,0,0,-9999.0,0.5,1,P77_CV0,2,1,1,0,2,0,2,0,2
29,-911031.5252,-211578.0699,E29_F88_m78f78_P29_Y1_UO3306,I78_F38_m-1f-1_P78_Y-1_U42,I78_F54_m-1f-1_P78_Y-1_U27,FXX,6,0.0,1,0,1.0,0,0,0,-9999.0,0.5,1,P77_CV0,2,1,1,0,2,0,2,0,2
29,-911031.5252,-211578.0699,E29_F78_m-1f-1_P78_Y-1_U220,-9999,-9999,FXX,8,0.0,1,0,1.0,0,0,1,-9999.0,1.0,1,P77_CV0,2,2,0,2,0,0,2,0,2
29,-911031.5252,-211578.0699,E29_F78_m-1f-1_P78_Y-1_U226,-9999,-9999,MXY,9,0.0,1,0,0.0,0,0,0,-9999.0,0.5,1,P77_CV0,2,1,1,2,0,0,2,0,2
29,-911031.5252,-211578.0699,E29_F88_m-1f-1_P78_Y-1_U190,-9999,-9999,MXY,9,0.0,1,0,0.0,0,0,0,-9999.0,1.0,1,P77_CV0,2,2,0,0,2,0,2,0,2
29,-911031.5252,-211578.0699,E29_F78_m-1f-1_P78_Y-1_U125,-9999,-9999,FXX,13,0.0,1,0,1.0,0,0,1,-9999.0,0.5,1,P77_CV0,2,1,1,2,0,0,2,0,2
29,-911031.5252,-211578.0699,E29_F78_m-1f-1_P78_Y-1_U171,-9999,-9999,FXX,14,0.0,1,0,1.0,0,0,1,-9999.0,0.5,1,P77_CV0,2,1,1,1,1,0,2,0,2
29,-911031.5252,-211578.0699,Age0_F29_m78f78_P29_Y7_UO3543,ID78_F29_m-1f-1_P78_Y-1_U125,I78_F74_m87f87_P24_Y3_UO4053,FXX,0,0.0,0,0,0.0,0,0,0,0.0,0.5625,1,P86_CV0,2,1,1,1,1,0,2,0,2
29,-911031.5252,-211578.0699,Age0_F29_m78f78_P29_Y7_UO3547,ID78_F29_m-1f-1_P78_Y-1_U171,I78_F74_m87f87_P24_Y3_UO4053,MXY,0,0.0,0,0,0.0,0,0,0,0.0,0.5625,1,P86_CV0,2,1,1,1,1,0,2,0,2
29,-911031.5252,-211578.0699,E29_F78_m78f78_P29_Y4_UO3495,I78_F29_m-1f-1_P87_Y-1_U211,I78_F13_m88f88_P29_Y2_UO4098,FXX,3,0.0,1,0,1.0,0,0,0,-9999.0,0.125,1,P86_CV0,2,0,2,0,2,0,2,0,2
29,-911031.5252,-211578.0699,E29_F78_m87f87_P24_Y3_UO4053,ID87_F24_m-1f-1_P87_Y-1_U71,I87_F24_m87f87_P24_Y0_UO4322,MXY,4,0.0,1,0,0.0,0,0,1,-9999.0,0.625,1,P86_CV0,2,2,0,1,1,0,2,0,2
29,-911031.5252,-211578.0699,E29_F78_m87f87_P24_Y3_UO4021,I87_F24_m39f39_P51_Y0_UO1848,I87_F67_m-1f-1_P87_Y-1_U168,MXY,4,0.0,1,0,0.0,0,0,0,-9999.0,0.75,1,P86_CV0,2,2,0,1,1,0,2,0,2
29,-911031.5252,-211578.0699,E29_F88_m78f78_P29_Y2_UO3493,ID78_F13_m-1f-1_P87_Y-1_U167,I78_F13_m-1f-1_P78_Y-1_U53,MXY,5,0.0,1,0,0.0,0,0,0,-9999.0,0.5,1,P86_CV0,2,0,2,1,1,0,2,0,2
29,-911031.5252,-211578.0699,Age0_F29_m7f7_P29_Y7_UO437,ID7_F29_m7f7_P74_Y5_UO486,I7_F74_m7f7_P38_Y3_UO393,MXY,0,0.0,0,0,0.0,0,0,0,0.0,0.4375,1,P87_CV0,2,1,1,2,0,0,2,0,2
29,-911031.5252,-211578.0699,Age0_F29_m7f7_P29_Y7_UO490,I7_F38_m37f37_P74_Y2_UO1686,I7_F74_m37f37_P29_Y5_UO1776,MXY,0,0.0,0,0,0.0,0,0,0,0.0,0.5625,1,P87_CV0,2,1,1,1,1,0,2,0,2
29,-911031.5252,-211578.0699,Age0_F29_m37f37_P29_Y7_UO1743,ID37_F38_m78f78_P38_Y3_UO3514,ID37_F38_m7f7_P74_Y3_UO415,MXY,0,0.0,0,0,0.0,0,0,0,0.0,0.5625,1,P87_CV0,2,1,1,0,2,0,2,0,2
29,-911031.5252,-211578.0699,Age0_F29_m78f78_P29_Y7_UO3484,ID78_F29_m37f37_P13_Y5_UO1717,I78_F54_m30f30_P93_Y5_UO1395,MXY,0,0.0,0,0,0.0,0,0,0,0.0,0.5625,1,P87_CV0,2,2,0,1,1,0,2,0,2
29,-911031.5252,-211578.0699,Age0_F29_m78f78_P29_Y7_UO3495,I78_F38_m78f78_P29_Y4_UO3495,I78_F13_m88f88_P29_Y2_UO4113,FXX,0,0.0,0,0,0.0,0,0,0,0.0,0.1875,1,P87_CV0,2,0,2,0,2,0,2,0,2
29,-911031.5252,-211578.0699,Age0_F29_m88f88_P29_Y7_UO4157,I88_F29_m78f78_P29_Y5_UO3536,I88_F54_m-1f-1_P88_Y-1_U243,MXY,0,0.0,0,0,0.0,0,0,0,0.0,0.71875,1,P87_CV0,2,1,1,1,1,0,2,0,2
29,-911031.5252,-211578.0699,Age0_F29_m88f88_P29_Y7_UO4158,I88_F29_m88f88_P29_Y4_UO4114,I88_F29_m-1f-1_P88_Y-1_U135,MXY,0,0.0,0,0,0.0,0,0,0,0.0,0.125,1,P87_CV0,2,0,2,1,1,0,2,0,2
29,-911031.5252,-211578.0699,Age0_F29_m88f88_P29_Y7_UO4161,ID88_F54_m53f53_P26_Y2_UO2531,I88_F29_m-1f-1_P88_Y-1_U84,FXX,0,0.0,0,0,0.0,0,0,0,0.0,0.25,1,P87_CV0,2,0,2,2,0,0,2,0,2
29,-911031.5252,-211578.0699,Age0_F29_m88f88_P29_Y7_UO4162,ID88_F29_m88f88_P29_Y2_UO4101,ID88_F32_m53f53_P26_Y3_UO2509,MXY,0,0.0,0,0,0.0,0,0,0,0.0,0.625,1,P87_CV0,2,2,0,1,1,0,2,0,2
29,-911031.5252,-211578.0699,Age0_F29_m88f88_P29_Y7_UO4169,I88_F29_m-1f-1_P88_Y-1_U235,I88_F29_m-1f-1_P88_Y-1_U149,FXX,0,0.0,0,0,0.0,0,0,0,0.0,0.5,1,P87_CV0,2,2,0,1,1,0,2,0,2
29,-911031.5252,-211578.0699,Age0_F29_m88f88_P29_Y7_UO4170,I88_F29_m-1f-1_P88_Y-1_U172,ID88_F29_m34f34_P54_Y5_UO1578,MXY,0,0.0,0,0,0.0,0,0,0,0.0,0.28125,1,P87_CV0,2,1,1,1,1,0,2,0,2
29,-911031.5252,-211578.0699,Age0_F29_m88f88_P29_Y7_UO4172,I88_F29_m-1f-1_P88_Y-1_U224,I88_F29_m88f88_P29_Y5_UO4157,FXX,0,0.0,0,0,0.0,0,0,0,0.0,0.5,1,P87_CV0,2,1,1,1,1,0,2,0,2
29,-911031.5252,-211578.0699,Age0_F29_m88f88_P29_Y7_UO4173,I88_F29_m-1f-1_P88_Y-1_U218,ID88_F29_m34f34_P54_Y5_UO1578,MXY,0,0.0,0,0,0.0,0,0,0,0.0,0.53125,1,P87_CV0,2,2,0,1,1,0,2,0,2
29,-911031.5252,-211578.0699,Age0_F29_m88f88_P29_Y7_UO4177,I88_F54_m-1f-1_P88_Y-1_U68,I88_F29_m-1f-1_P88_Y-1_U214,MXY,0,0.0,0,0,0.0,0,0,0,0.0,0.5,1,P87_CV0,2,1,1,1,1,0,2,0,2
29,-911031.5252,-211578.0699,Age0_F29_m88f88_P29_Y7_UO4179,ID88_F54_m-1f-1_P88_Y-1_U89,I88_F54_m-1f-1_P88_Y-1_U243,MXY,0,0.0,0,0,0.0,0,0,0,0.0,0.75,1,P87_CV0,2,1,1,1,1,0,2,0,2
29,-911031.5252,-211578.0699,Age0_F29_m88f88_P29_Y7_UO4180,I88_F54_m-1f-1_P88_Y-1_U134,I88_F54_m-1f-1_P88_Y-1_U72,MXY,0,0.0,0,0,0.0,0,0,0,0.0,0.75,1,P87_CV0,2,1,1,1,1,0,2,0,2
29,-911031.5252,-211578.0699,Age0_F29_m88f88_P29_Y7_UO4182,I88_F29_m-1f-1_P88_Y-1_U64,I88_F29_m-1f-1_P88_Y-1_U135,FXX,0,0.0,0,0,0.0,0,0,0,0.0,0.25,1,P87_CV0,2,0,2,0,2,0,2,0,2
29,-911031.5252,-211578.0699,Age0_F29_m88f88_P29_Y7_UO4183,ID88_F29_m-1f-1_P88_Y-1_U236,I88_F54_m78f78_P29_Y4_UO3477,FXX,0,0.0,0,0,0.0,0,0,0,0.0,0.75,1,P87_CV0,2,1,1,1,1,0,2,0,2
29,-911031.5252,-211578.0699,Age0_F29_m88f88_P29_Y7_UO4184,I88_F29_m-1f-1_P88_Y-1_U51,ID88_F54_m34f34_P61_Y2_UO1604,MXY,0,0.0,0,0,0.0,0,0,0,0.0,0.5,1,P87_CV0,2,1,1,0,2,0,2,0,2
29,-911031.5252,-211578.0699,Age0_F29_m88f88_P29_Y7_UO4186,ID88_F29_m-1f-1_P88_Y-1_U196,I88_F54_m-1f-1_P88_Y-1_U243,FXX,0,0.0,0,0,0.0,0,0,0,0.0,1.0,1,P87_CV0,2,2,0,0,2,0,2,0,2
29,-911031.5252,-211578.0699,Age0_F29_m88f88_P29_Y7_UO4187,I88_F29_m-1f-1_P34_Y-1_U7,I88_F29_m-1f-1_P88_Y-1_U95,MXY,0,0.0,0,0,0.0,0,0,0,0.0,0.75,1,P87_CV0,2,2,0,1,1,0,2,0,2
29,-911031.5252,-211578.0699,Age0_F29_m88f88_P29_Y7_UO4189,I88_F54_m-1f-1_P88_Y-1_U94,I88_F29_m-1f-1_P88_Y-1_U151,FXX,0,0.0,0,0,0.0,0,0,0,0.0,0.5,1,P87_CV0,2,1,1,1,1,0,2,0,2
29,-911031.5252,-211578.0699,Age0_F29_m88f88_P29_Y7_UO4191,I88_F29_m-1f-1_P88_Y-1_U159,I88_F74_m-1f-1_P88_Y-1_U208,MXY,0,0.0,0,0,0.0,0,0,0,0.0,0.5,1,P87_CV0,2,2,0,2,0,0,2,0,2
29,-911031.5252,-211578.0699,Age0_F29_m88f88_P29_Y7_UO4192,I88_F29_m-1f-1_P88_Y-1_U209,ID88_F54_m34f34_P61_Y2_UO1604,MXY,0,0.0,0,0,0.0,0,0,0,0.0,0.5,1,P87_CV0,2,1,1,1,1,0,2,0,2
29,-911031.5252,-211578.0699,Age0_F29_m88f88_P29_Y7_UO4193,I88_F29_m-1f-1_P88_Y-1_U197,I88_F54_m-1f-1_P88_Y-1_U238,FXX,0,0.0,0,0,0.0,0,0,0,0.0,0.5,1,P87_CV0,2,1,1,0,2,0,2,0,2
29,-911031.5252,-211578.0699,E29_F30_m37f37_P38_Y6_UO1737,I37_F38_m88f88_P29_Y3_UO4115,ID37_F74_m37f37_P38_Y3_UO1707,MXY,1,0.0,1,1,0.0,0,0,0,-9999.0,0.5625,1,P87_CV0,2,1,1,1,1,0,2,0,2
29,-911031.5252,-211578.0699,E29_F37_m30f30_P13_Y6_UO1427,I30_F38_m88f88_P29_Y1_UO3948,ID30_F29_m78f78_P29_Y3_UO3510,MXY,1,0.0,1,1,0.0,0,0,0,-9999.0,0.625,1,P87_CV0,2,1,1,2,0,0,2,0,2
29,-911031.5252,-211578.0699,E29_F37_m37f37_P38_Y6_UO1789,I37_F74_m78f78_P13_Y1_UO3364,I37_F13_m37f37_P74_Y4_UO1700,MXY,1,0.0,1,1,0.0,0,0,0,-9999.0,0.375,1,P87_CV0,2,1,1,2,0,0,2,0,2
29,-911031.5252,-211578.0699,E29_F78_m30f30_P13_Y6_UO1428,I30_F38_m45f45_P6_Y1_UO2023,I30_F13_m88f88_P29_Y3_UO4098,MXY,1,0.0,1,1,0.0,0,0,0,-9999.0,0.375,1,P87_CV0,2,2,0,1,1,0,2,0,2
29,-911031.5252,-211578.0699,E29_F78_m88f88_P29_Y6_UO4169,I88_F29_m88f88_P29_Y4_UO4114,I88_F29_m78f78_P54_Y4_UO3470,FXX,1,0.0,1,1,1.0,0,0,0,-9999.0,0.375,1,P87_CV0,2,0,2,1,1,0,2,0,2
29,-911031.5252,-211578.0699,E29_F78_m88f88_P29_Y6_UO4181,I88_F29_m-1f-1_P88_Y-1_U242,ID88_F29_m88f88_P54_Y0_UO4486,FXX,1,0.0,1,1,1.0,0,0,0,-9999.0,0.25,1,P87_CV0,2,1,1,1,1,0,2,0,2
29,-911031.5252,-211578.0699,E29_F78_m88f88_P29_Y6_UO4196,I88_F29_m-1f-1_P88_Y-1_U64,I88_F29_m78f78_P29_Y2_UO3481,MXY,1,0.0,1,1,0.0,0,0,0,-9999.0,0.5,1,P87_CV0,2,2,0,2,0,0,2,0,2
29,-911031.5252,-211578.0699,E29_F88_m7f7_P29_Y6_UO434,I7_F38_m37f37_P38_Y4_UO1666,ID7_F29_m7f7_P74_Y2_UO409,MXY,1,0.0,1,1,0.0,0,0,0,-9999.0,0.5625,1,P87_CV0,2,1,1,2,0,0,2,0,2
29,-911031.5252,-211578.0699,E29_F88_m78f78_P29_Y6_UO3527,I78_F13_m30f30_P93_Y2_UO1445,I78_F93_m88f88_P29_Y1_UO3938,FXX,1,0.0,1,1,1.0,0,0,0,-9999.0,0.375,1,P87_CV0,2,1,1,2,0,0,2,0,2
29,-911031.5252,-211578.0699,E29_F88_m88f88_P29_Y6_UO4193,I88_F29_m-1f-1_P88_Y-1_U240,ID88_F29_m-1f-1_P88_Y-1_U162,FXX,1,0.0,1,1,1.0,0,0,0,-9999.0,0.5,1,P87_CV0,2,1,1,1,1,0,2,0,2
29,-911031.5252,-211578.0699,E29_F88_m88f88_P29_Y6_UO4202,I88_F74_m-1f-1_P34_Y-1_U7,ID88_F29_m-1f-1_P88_Y-1_U123,FXX,1,0.0,1,1,1.0,0,0,0,-9999.0,0.5,1,P87_CV0,2,0,2,1,1,0,2,0,2
29,-911031.5252,-211578.0699,E29_F88_m88f88_P29_Y6_UO4208,I88_F29_m-1f-1_P88_Y-1_U133,ID88_F29_m-1f-1_P88_Y-1_U162,FXX,1,0.0,1,1,1.0,0,0,0,-9999.0,0.5,1,P87_CV0,2,2,0,1,1,0,2,0,2
29,-911031.5252,-211578.0699,E29_F7_m88f88_P74_Y5_UO4161,ID88_F29_m-1f-1_P88_Y-1_U66,I88_F54_m-1f-1_P88_Y-1_U214,MXY,2,0.0,1,0,0.0,0,0,0,-9999.0,0.5,1,P87_CV0,2,2,0,0,2,0,2,0,2
29,-911031.5252,-211578.0699,E29_F7_m7f7_P74_Y5_UO486,I7_F38_m88f88_P29_Y1_UO3928,I7_F74_m30f30_P38_Y0_UO1455,FXX,2,0.0,1,0,1.0,0,0,0,-9999.0,0.5,1,P87_CV0,2,0,2,2,0,0,2,0,2
29,-911031.5252,-211578.0699,E29_F34_m34f34_P61_Y5_UO1641,I34_F54_m88f88_P54_Y0_UO4445,ID34_F32_m88f88_P29_Y2_UO4149,FXX,2,0.0,1,0,1.0,0,0,0,-9999.0,0.5,1,P87_CV0,2,0,2,0,2,0,2,0,2
29,-911031.5252,-211578.0699,E29_F78_m37f37_P13_Y5_UO1717,I37_F52_m88f88_P29_Y2_UO4148,I37_F29_m-1f-1_P30_Y-1_U115,FXX,2,0.0,1,0,1.0,0,0,0,-9999.0,0.375,1,P87_CV0,2,1,1,1,1,0,2,0,2
29,-911031.5252,-211578.0699,E29_F88_m88f88_P29_Y5_UO4123,ID88_F29_m88f88_P29_Y3_UO4134,I88_F29_m-1f-1_P88_Y-1_U119,MXY,2,0.0,1,0,0.0,0,0,0,-9999.0,0.0,1,P87_CV0,2,0,2,1,1,0,2,0,2
29,-911031.5252,-211578.0699,E29_F88_m88f88_P29_Y5_UO4157,ID88_F29_m-1f-1_P88_Y-1_U94,I88_F54_m88f88_P54_Y0_UO4486,MXY,2,0.0,1,0,0.0,0,0,0,-9999.0,0.5,1,P87_CV0,2,1,1,1,1,0,2,0,2
29,-911031.5252,-211578.0699,E29_F7_m88f88_P29_Y4_UO4115,I88_F29_m-1f-1_P88_Y-1_U218,I88_F74_m-1f-1_P88_Y-1_U13,MXY,3,0.0,1,0,0.0,0,0,0,-9999.0,0.5,1,P87_CV0,2,1,1,1,1,0,2,0,2
29,-911031.5252,-211578.0699,E29_F7_m88f88_P29_Y4_UO4096,I88_F29_m88f88_P29_Y2_UO4101,ID88_F54_m-1f-1_P88_Y-1_U149,MXY,3,0.0,1,0,0.0,0,0,0,-9999.0,0.5,1,P87_CV0,2,2,0,0,2,0,2,0,2
29,-911031.5252,-211578.0699,E29_F7_m88f88_P74_Y4_UO4126,ID88_F38_m-1f-1_P88_Y-1_U240,I88_F29_m88f88_P29_Y1_UO3941,MXY,3,0.0,1,0,0.0,0,0,0,-9999.0,0.75,1,P87_CV0,2,2,0,0,2,0,2,0,2
29,-911031.5252,-211578.0699,E29_F88_m88f88_P29_Y4_UO4114,ID88_F29_m-1f-1_P88_Y-1_U242,I88_F29_m-1f-1_P88_Y-1_U191,FXX,3,0.0,1,0,1.0,0,0,0,-9999.0,0.25,1,P87_CV0,2,0,2,2,0,0,2,0,2
29,-911031.5252,-211578.0699,E29_F7_m88f88_P74_Y3_UO4103,I88_F54_m-1f-1_P88_Y-1_U201,I88_F54_m-1f-1_P88_Y-1_U3,MXY,4,0.0,1,0,0.0,0,0,0,-9999.0,0.0,1,P87_CV0,2,0,2,1,1,0,2,0,2
29,-911031.5252,-211578.0699,E29_F88_m88f88_P29_Y3_UO4097,I88_F54_m-1f-1_P88_Y-1_U170,I88_F29_m-1f-1_P88_Y-1_U73,MXY,4,0.0,1,0,0.0,0,0,0,-9999.0,0.5,1,P87_CV0,2,1,1,2,0,0,2,0,2
29,-911031.5252,-211578.0699,E29_F7_m37f37_P74_Y2_UO1686,ID37_F74_m-1f-1_P37_Y-1_U111,I37_F74_m88f88_P29_Y0_UO4447,FXX,5,0.0,1,0,1.0,0,0,0,-9999.0,0.375,1,P87_CV0,2,1,1,2,0,0,2,0,2
29,-911031.5252,-211578.0699,E29_F37_m7f7_P74_Y2_UO421,I7_F38_m88f88_P29_Y0_UO4443,I7_F74_m-1f-1_P7_Y-1_U10,FXX,5,0.0,1,0,1.0,0,0,0,-9999.0,0.5,1,P87_CV0,2,1,1,2,0,0,2,0,2
29,-911031.5252,-211578.0699,E29_F88_m88f88_P29_Y2_UO4101,I88_F54_m-1f-1_P88_Y-1_U235,I88_F29_m-1f-1_P88_Y-1_U220,FXX,5,0.0,1,0,1.0,0,0,0,-9999.0,0.5,1,P87_CV0,2,2,0,1,1,0,2,0,2
29,-911031.5252,-211578.0699,E29_F78_m88f88_P54_Y0_UO4418,R88_F88_m-1f-1_P88_Y-1_U50,R88_F88_m-1f-1_P88_Y-1_U175,MXY,7,0.0,1,0,0.0,0,0,1,-9999.0,0.75,1,P87_CV0,2,1,1,2,0,0,2,0,2
29,-911031.5252,-211578.0699,E29_F88_m88f88_P29_Y0_UO4470,R88_F88_m-1f-1_P88_Y-1_U184,R88_F88_m-1f-1_P88_Y-1_U214,MXY,7,0.0,1,0,0.0,0,0,0,-9999.0,0.25,1,P87_CV0,2,0,2,2,0,0,2,0,2
29,-911031.5252,-211578.0699,E29_F88_m88f88_P54_Y0_UO4486,R88_F88_m-1f-1_P88_Y-1_U219,R88_F88_m-1f-1_P88_Y-1_U60,MXY,7,0.0,1,0,0.0,0,0,0,-9999.0,0.0,1,P87_CV0,2,0,2,1,1,0,2,0,2
29,-911031.5252,-211578.0699,E29_F88_m-1f-1_P88_Y-1_U242,-9999,-9999,FXX,8,0.0,1,0,1.0,0,0,0,-9999.0,0.5,1,P87_CV0,2,1,1,1,1,0,2,0,2
29,-911031.5252,-211578.0699,E29_F88_m-1f-1_P88_Y-1_U235,-9999,-9999,FXX,8,0.0,1,0,1.0,0,0,0,-9999.0,0.5,1,P87_CV0,2,1,1,2,0,0,2,0,2
29,-911031.5252,-211578.0699,E29_F88_m-1f-1_P88_Y-1_U172,-9999,-9999,FXX,8,0.0,1,0,1.0,0,0,0,-9999.0,0.0,1,P87_CV0,2,0,2,0,2,0,2,0,2
29,-911031.5252,-211578.0699,E29_F88_m-1f-1_P88_Y-1_U141,-9999,-9999,MXY,8,0.0,1,0,0.0,0,0,0,-9999.0,0.0,1,P87_CV0,2,0,2,2,0,0,2,0,2
29,-911031.5252,-211578.0699,E29_F88_m-1f-1_P88_Y-1_U191,-9999,-9999,MXY,8,0.0,1,0,0.0,0,0,0,-9999.0,0.0,1,P87_CV0,2,0,2,2,0,0,2,0,2
29,-911031.5252,-211578.0699,E29_F88_m-1f-1_P88_Y-1_U45,-9999,-9999,FXX,8,0.0,1,0,1.0,0,0,0,-9999.0,0.5,1,P87_CV0,2,1,1,1,1,0,2,0,2
29,-911031.5252,-211578.0699,E29_F88_m-1f-1_P88_Y-1_U220,-9999,-9999,MXY,9,0.0,1,0,0.0,0,0,0,-9999.0,0.5,1,P87_CV0,2,1,1,0,2,0,2,0,2
29,-911031.5252,-211578.0699,E29_F88_m-1f-1_P88_Y-1_U224,-9999,-9999,FXX,9,0.0,1,0,1.0,0,0,0,-9999.0,0.5,1,P87_CV0,2,1,1,1,1,0,2,0,2
29,-911031.5252,-211578.0699,E29_F88_m-1f-1_P88_Y-1_U218,-9999,-9999,FXX,9,0.0,1,0,1.0,0,0,0,-9999.0,0.5,1,P87_CV0,2,1,1,0,2,0,2,0,2
29,-911031.5252,-211578.0699,E29_F88_m-1f-1_P88_Y-1_U3,-9999,-9999,MXY,9,0.0,1,0,0.0,0,0,0,-9999.0,0.0,1,P87_CV0,2,0,2,1,1,0,2,0,2
29,-911031.5252,-211578.0699,E29_F88_m-1f-1_P88_Y-1_U227,-9999,-9999,FXX,10,0.0,1,0,1.0,0,0,0,-9999.0,0.5,1,P87_CV0,2,1,1,0,2,0,2,0,2
29,-911031.5252,-211578.0699,E29_F88_m-1f-1_P88_Y-1_U214,-9999,-9999,MXY,10,0.0,1,0,0.0,0,0,0,-9999.0,0.5,1,P87_CV0,2,1,1,1,1,0,2,0,2
29,-911031.5252,-211578.0699,E29_F88_m-1f-1_P88_Y-1_U1,-9999,-9999,MXY,10,0.0,1,0,0.0,0,0,0,-9999.0,1.0,1,P87_CV0,2,2,0,0,2,0,2,0,2
29,-911031.5252,-211578.0699,E29_F88_m-1f-1_P88_Y-1_U68,-9999,-9999,FXX,10,0.0,1,0,1.0,0,0,0,-9999.0,0.5,1,P87_CV0,2,1,1,0,2,0,2,0,2
29,-911031.5252,-211578.0699,E29_F88_m-1f-1_P88_Y-1_U240,-9999,-9999,FXX,10,0.0,1,0,1.0,0,0,0,-9999.0,0.5,1,P87_CV0,2,1,1,1,1,0,2,0,2
29,-911031.5252,-211578.0699,E29_F88_m-1f-1_P88_Y-1_U89,-9999,-9999,FXX,10,0.0,1,0,1.0,0,0,0,-9999.0,0.5,1,P87_CV0,2,1,1,0,2,0,2,0,2
29,-911031.5252,-211578.0699,E29_F88_m-1f-1_P88_Y-1_U134,-9999,-9999,FXX,10,0.0,1,0,1.0,0,0,0,-9999.0,0.5,1,P87_CV0,2,1,1,0,2,0,2,0,2
29,-911031.5252,-211578.0699,E29_F88_m-1f-1_P88_Y-1_U72,-9999,-9999,MXY,11,0.0,1,0,0.0,0,0,0,-9999.0,1.0,1,P87_CV0,2,2,0,2,0,0,2,0,2
29,-911031.5252,-211578.0699,E29_F88_m-1f-1_P88_Y-1_U80,-9999,-9999,MXY,11,0.0,1,0,0.0,0,0,0,-9999.0,0.5,1,P87_CV0,2,1,1,0,2,0,2,0,2
29,-911031.5252,-211578.0699,E29_F88_m-1f-1_P88_Y-1_U238,-9999,-9999,MXY,11,0.0,1,0,0.0,0,0,0,-9999.0,0.0,1,P87_CV0,2,0,2,0,2,0,2,0,2
29,-911031.5252,-211578.0699,E29_F88_m-1f-1_P88_Y-1_U79,-9999,-9999,MXY,11,0.0,1,0,0.0,0,0,0,-9999.0,1.0,1,P87_CV0,2,2,0,1,1,0,2,0,2
29,-911031.5252,-211578.0699,E29_F88_m-1f-1_P88_Y-1_U64,-9999,-9999,FXX,11,0.0,1,0,1.0,0,0,0,-9999.0,0.5,1,P87_CV0,2,1,1,1,1,0,2,0,2
29,-911031.5252,-211578.0699,E29_F88_m-1f-1_P88_Y-1_U236,-9999,-9999,FXX,12,0.0,1,0,1.0,0,0,0,-9999.0,0.5,1,P87_CV0,2,1,1,2,0,0,2,0,2
29,-911031.5252,-211578.0699,E29_F88_m-1f-1_P88_Y-1_U151,-9999,-9999,MXY,12,0.0,1,0,0.0,0,0,0,-9999.0,0.0,1,P87_CV0,2,0,2,1,1,0,2,0,2
29,-911031.5252,-211578.0699,E29_F88_m-1f-1_P88_Y-1_U84,-9999,-9999,MXY,12,0.0,1,0,0.0,0,0,0,-9999.0,0.0,1,P87_CV0,2,0,2,2,0,0,2,0,2
29,-911031.5252,-211578.0699,E29_F88_m-1f-1_P88_Y-1_U243,-9999,-9999,MXY,12,0.0,1,0,0.0,0,0,0,-9999.0,1.0,1,P87_CV0,2,2,0,1,1,0,2,0,2
29,-911031.5252,-211578.0699,E29_F88_m-1f-1_P88_Y-1_U135,-9999,-9999,MXY,12,0.0,1,0,0.0,0,0,0,-9999.0,0.0,1,P87_CV0,2,0,2,0,2,0,2,0,2
29,-911031.5252,-211578.0699,E29_F88_m-1f-1_P88_Y-1_U51,-9999,-9999,FXX,12,0.0,1,0,1.0,0,0,0,-9999.0,0.5,1,P87_CV0,2,1,1,0,2,0,2,0,2
29,-911031.5252,-211578.0699,E29_F88_m-1f-1_P88_Y-1_U196,-9999,-9999,FXX,13,0.0,1,0,1.0,0,0,0,-9999.0,1.0,1,P87_CV0,2,2,0,0,2,0,2,0,2
29,-911031.5252,-211578.0699,E29_F88_m-1f-1_P88_Y-1_U94,-9999,-9999,FXX,13,0.0,1,0,1.0,0,0,0,-9999.0,1.0,1,P87_CV0,2,2,0,0,2,0,2,0,2
29,-911031.5252,-211578.0699,E29_F88_m-1f-1_P88_Y-1_U95,-9999,-9999,MXY,13,0.0,1,0,0.0,0,0,0,-9999.0,1.0,1,P87_CV0,2,2,0,2,0,0,2,0,2
29,-911031.5252,-211578.0699,E29_F88_m-1f-1_P88_Y-1_U159,-9999,-9999,FXX,14,0.0,1,0,1.0,0,0,0,-9999.0,0.5,1,P87_CV0,2,1,1,2,0,0,2,0,2
29,-911031.5252,-211578.0699,E29_F88_m-1f-1_P88_Y-1_U208,-9999,-9999,MXY,14,0.0,1,0,0.0,0,0,0,-9999.0,0.5,1,P87_CV0,2,1,1,2,0,0,2,0,2
29,-911031.5252,-211578.0699,E29_F88_m-1f-1_P88_Y-1_U237,-9999,-9999,MXY,14,0.0,1,0,0.0,0,0,0,-9999.0,0.5,1,P87_CV0,2,1,1,2,0,0,2,0,2
29,-911031.5252,-211578.0699,E29_F88_m-1f-1_P88_Y-1_U209,-9999,-9999,FXX,15,0.0,1,0,1.0,0,0,0,-9999.0,0.5,1,P87_CV0,2,1,1,1,1,0,2,0,2
29,-911031.5252,-211578.0699,E29_F88_m-1f-1_P88_Y-1_U197,-9999,-9999,FXX,15,0.0,1,0,1.0,0,0,0,-9999.0,1.0,1,P87_CV0,2,2,0,1,1,0,2,0,2
29,-911031.5252,-211578.0699,E29_F78_m46f46_P13_Y6_UO2297,I46_F52_m12f12_P52_Y3_UO708,I46_F52_m90f90_P52_Y2_UO4198,MXY,1,0.0,1,1,0.0,0,0,0,-9999.0,0.375,1,P89_CV0,2,0,2,2,0,0,2,0,2
29,-911031.5252,-211578.0699,E29_F78_m30f30_P13_Y4_UO1362,ID30_F93_m88f88_P29_Y1_UO3935,I30_F13_m90f90_P86_Y1_UO3996,MXY,3,0.0,1,0,0.0,0,0,1,-9999.0,0.25,1,P89_CV0,2,1,1,1,1,0,2,0,2
32,-964586.7275,195422.4986,Age0_F32_m34f34_P32_Y7_UO1552,I34_F54_m34f34_P54_Y5_UO1659,I34_F29_m53f53_P66_Y1_UO2370,MXY,0,0.0,0,0,0.0,0,0,0,0.0,0.40625,1,P33_CV0,2,1,1,0,2,0,2,0,2
32,-964586.7275,195422.4986,Age0_F32_m34f34_P32_Y7_UO1563,ID34_F66_m34f34_P32_Y5_UO1620,I34_F66_m34f34_P32_Y5_UO1611,FXX,0,0.0,0,0,0.0,0,0,0,0.0,0.6875,1,P33_CV0,2,1,1,0,2,0,2,0,2
32,-964586.7275,195422.4986,Age0_F32_m34f34_P32_Y7_UO1564,ID34_F32_m34f34_P32_Y5_UO1654,I34_F32_m34f34_P61_Y4_UO1619,MXY,0,0.0,0,0,0.0,0,0,0,0.0,0.75,1,P33_CV0,2,2,0,2,0,0,2,0,2
32,-964586.7275,195422.4986,Age0_F32_m34f34_P32_Y7_UO1567,I34_F54_m34f34_P54_Y5_UO1553,I34_F32_m34f34_P32_Y5_UO1599,FXX,0,0.0,0,0,0.0,0,0,0,0.0,0.40625,1,P33_CV0,2,1,1,1,1,0,2,0,2
32,-964586.7275,195422.4986,Age0_F32_m34f34_P32_Y7_UO1579,I34_F54_m34f34_P54_Y5_UO1604,I34_F54_m34f34_P66_Y2_UO1625,MXY,0,0.0,0,0,0.0,0,0,0,0.0,0.5,1,P33_CV0,2,0,2,2,0,0,2,0,2
32,-964586.7275,195422.4986,Age0_F32_m34f34_P32_Y7_UO1583,ID34_F54_m34f34_P66_Y4_UO1600,I34_F54_m-1f-1_P34_Y-1_U181,FXX,0,0.0,0,0,0.0,0,0,0,0.0,0.4375,1,P33_CV0,2,1,1,2,0,0,2,0,2
32,-964586.7275,195422.4986,Age0_F32_m34f34_P32_Y7_UO1585,I34_F61_m34f34_P54_Y4_UO1618,I34_F61_m-1f-1_P34_Y-1_U126,FXX,0,0.0,0,0,0.0,0,0,0,0.0,0.5,1,P33_CV0,2,1,1,0,2,0,2,0,2
32,-964586.7275,195422.4986,Age0_F32_m34f34_P32_Y7_UO1601,I34_F32_m53f53_P26_Y4_UO2442,ID34_F54_m-1f-1_P34_Y-1_U66,FXX,0,0.0,0,0,0.0,0,0,0,0.0,0.625,1,P33_CV0,2,1,1,1,1,0,2,0,2
32,-964586.7275,195422.4986,Age0_F32_m34f34_P32_Y7_UO1602,I34_F54_m34f34_P54_Y4_UO1580,I34_F32_m34f34_P61_Y1_UO1490,MXY,0,0.0,0,0,0.0,0,0,0,0.0,0.25,1,P33_CV0,2,1,1,1,1,0,2,0,2
32,-964586.7275,195422.4986,Age0_F32_m34f34_P32_Y7_UO1604,I34_F54_m34f34_P54_Y4_UO1630,I34_F54_m-1f-1_P88_Y-1_U229,FXX,0,0.0,0,0,0.0,0,0,0,0.0,0.46875,1,P33_CV0,2,1,1,0,2,0,2,0,2
32,-964586.7275,195422.4986,Age0_F32_m34f34_P32_Y7_UO1615,I34_F61_m53f53_P26_Y3_UO2507,I34_F54_m34f34_P54_Y2_UO1644,MXY,0,0.0,0,0,0.0,0,0,0,0.0,0.3125,1,P33_CV0,2,2,0,2,0,0,2,0,2
32,-964586.7275,195422.4986,Age0_F32_m34f34_P32_Y7_UO1620,I34_F61_m34f34_P54_Y3_UO1644,ID34_F54_m34f34_P54_Y5_UO1563,FXX,0,0.0,0,0,0.0,0,0,0,0.0,0.4375,1,P33_CV0,2,1,1,0,2,0,2,0,2
32,-964586.7275,195422.4986,Age0_F32_m34f34_P32_Y7_UO1622,ID34_F54_m88f88_P54_Y3_UO4130,I34_F54_m34f34_P66_Y2_UO1625,MXY,0,0.0,0,0,0.0,0,0,0,0.0,0.75,1,P33_CV0,2,1,1,2,0,0,2,0,2
32,-964586.7275,195422.4986,Age0_F32_m34f34_P32_Y7_UO1625,I34_F54_m34f34_P54_Y3_UO1641,ID34_F32_m-1f-1_P34_Y-1_U224,MXY,0,0.0,0,0,0.0,0,0,0,0.0,0.625,1,P33_CV0,2,2,0,2,0,0,2,0,2
32,-964586.7275,195422.4986,Age0_F32_m34f34_P32_Y7_UO1631,I34_F54_m62f62_P26_Y3_UO2962,I34_F54_m34f34_P32_Y2_UO1586,MXY,0,0.0,0,0,0.0,0,0,0,0.0,0.5,1,P33_CV0,2,1,1,1,1,0,2,0,2
32,-964586.7275,195422.4986,Age0_F32_m34f34_P32_Y7_UO1635,ID34_F61_m53f53_P26_Y2_UO2483,ID34_F32_m34f34_P32_Y4_UO1623,FXX,0,0.0,0,0,0.0,0,0,0,0.0,0.75,1,P33_CV0,2,2,0,1,1,0,2,0,2
32,-964586.7275,195422.4986,Age0_F32_m34f34_P32_Y7_UO1638,ID34_F61_m34f34_P32_Y2_UO1558,ID34_F54_m34f34_P54_Y5_UO1563,MXY,0,0.0,0,0,0.0,0,0,0,0.0,0.5625,1,P33_CV0,2,2,0,0,2,0,2,0,2
32,-964586.7275,195422.4986,Age0_F32_m34f34_P32_Y7_UO1647,I34_F54_m34f34_P61_Y1_UO1514,I34_F66_m34f34_P32_Y5_UO1672,FXX,0,0.0,0,0,0.0,0,0,0,0.0,0.375,1,P33_CV0,2,1,1,1,1,0,2,0,2
32,-964586.7275,195422.4986,Age0_F32_m34f34_P32_Y7_UO1658,I34_F54_m34f34_P66_Y0_UO1646,ID34_F54_m-1f-1_P34_Y-1_U66,MXY,0,0.0,0,0,0.0,0,0,0,0.0,0.75,1,P33_CV0,2,2,0,2,0,0,2,0,2
32,-964586.7275,195422.4986,Age0_F32_m34f34_P32_Y7_UO1668,I34_F54_m-1f-1_P34_Y-1_U23,ID34_F66_m88f88_P54_Y5_UO4129,FXX,0,0.0,0,0,0.0,0,0,0,0.0,0.3125,1,P33_CV0,2,1,1,1,1,0,2,0,2
32,-964586.7275,195422.4986,Age0_F32_m34f34_P32_Y7_UO1671,I34_F54_m-1f-1_P34_Y-1_U127,I34_F54_m34f34_P66_Y5_UO1628,MXY,0,0.0,0,0,0.0,0,0,0,0.0,0.0,1,P33_CV0,2,0,2,1,1,0,2,0,2
32,-964586.7275,195422.4986,E32_F34_m34f34_P32_Y6_UO1616,ID34_F66_m34f34_P66_Y3_UO1583,I34_F61_m34f34_P54_Y4_UO1635,FXX,1,0.0,1,1,1.0,0,0,0,-9999.0,0.5,1,P33_CV0,2,1,1,2,0,0,2,0,2
32,-964586.7275,195422.4986,E32_F34_m34f34_P32_Y6_UO1666,I34_F32_m34f34_P61_Y0_UO1693,I34_F54_m34f34_P32_Y2_UO1586,FXX,1,0.0,1,1,1.0,0,0,0,-9999.0,0.5625,1,P33_CV0,2,1,1,1,1,0,2,0,2
32,-964586.7275,195422.4986,E32_F34_m34f34_P54_Y6_UO1569,ID34_F54_m34f34_P61_Y4_UO1601,I34_F32_m-1f-1_P34_Y-1_U109,FXX,1,0.0,1,1,1.0,0,0,0,-9999.0,0.1875,1,P33_CV0,2,0,2,1,1,0,2,0,2
32,-964586.7275,195422.4986,E32_F34_m34f34_P54_Y6_UO1635,I34_F32_m34f34_P54_Y2_UO1614,I34_F61_m-1f-1_P34_Y-1_U88,FXX,1,0.0,1,1,1.0,0,0,0,-9999.0,0.5,1,P33_CV0,2,1,1,0,2,0,2,0,2
32,-964586.7275,195422.4986,E32_F34_m34f34_P54_Y6_UO1641,I34_F32_m34f34_P54_Y2_UO1565,I34_F54_m88f88_P54_Y2_UO4120,FXX,1,0.0,1,1,1.0,0,0,0,-9999.0,0.5,1,P33_CV0,2,2,0,0,2,0,2,0,2
32,-964586.7275,195422.4986,E32_F34_m34f34_P54_Y6_UO1650,I34_F61_m53f53_P26_Y2_UO2514,I34_F54_m34f34_P61_Y1_UO1520,MXY,1,0.0,1,1,0.0,0,0,0,-9999.0,0.375,1,P33_CV0,2,0,2,0,2,0,2,0,2
32,-964586.7275,195422.4986,E32_F34_m34f34_P54_Y6_UO1675,I34_F54_m88f88_P54_Y0_UO4438,I34_F32_m34f34_P66_Y3_UO1623,FXX,1,0.0,1,1,1.0,0,0,0,-9999.0,0.5,1,P33_CV0,2,0,2,2,0,0,2,0,2
32,-964586.7275,195422.4986,E32_F34_m34f34_P54_Y6_UO1678,I34_F32_m-1f-1_P34_Y-1_U72,I34_F54_m34f34_P54_Y2_UO1561,FXX,1,0.0,1,1,1.0,0,0,0,-9999.0,0.875,1,P33_CV0,2,2,0,2,0,0,2,0,2
32,-964586.7275,195422.4986,E32_F34_m34f34_P54_Y6_UO1683,I34_F54_m-1f-1_P34_Y-1_U23,I34_F54_m34f34_P66_Y1_UO1494,FXX,1,0.0,1,1,1.0,0,0,0,-9999.0,0.625,1,P33_CV0,2,1,1,0,2,0,2,0,2
32,-964586.7275,195422.4986,E32_F34_m34f34_P54_Y6_UO1687,I34_F54_m-1f-1_P34_Y-1_U127,I34_F54_m34f34_P32_Y2_UO1586,FXX,1,0.0,1,1,1.0,0,0,0,-9999.0,0.3125,1,P33_CV0,2,1,1,0,2,0,2,0,2
32,-964586.7275,195422.4986,E32_F34_m34f34_P54_Y6_UO1688,I34_F54_m-1f-1_P34_Y-1_U12,I34_F54_m-1f-1_P34_Y-1_U180,FXX,1,0.0,1,1,1.0,0,0,0,-9999.0,1.0,1,P33_CV0,2,2,0,2,0,0,2,0,2
32,-964586.7275,195422.4986,E32_F34_m34f34_P61_Y6_UO1596,ID34_F61_m34f34_P32_Y4_UO1605,I34_F66_m34f34_P54_Y0_UO1662,FXX,1,0.0,1,1,1.0,0,0,0,-9999.0,0.4375,1,P33_CV0,2,1,1,0,2,0,2,0,2
32,-964586.7275,195422.4986,E32_F34_m34f34_P61_Y6_UO1611,I34_F54_m53f53_P26_Y3_UO2507,ID34_F54_m-1f-1_P34_Y-1_U90,FXX,1,0.0,1,1,1.0,0,0,0,-9999.0,0.5625,1,P33_CV0,2,1,1,2,0,0,2,0,2
32,-964586.7275,195422.4986,E32_F34_m34f34_P61_Y6_UO1652,I34_F54_m88f88_P54_Y2_UO4138,I34_F66_m34f34_P54_Y3_UO1586,FXX,1,0.0,1,1,1.0,0,0,0,-9999.0,0.625,1,P33_CV0,2,1,1,1,1,0,2,0,2
32,-964586.7275,195422.4986,E32_F34_m34f34_P66_Y6_UO1606,I34_F32_m34f34_P61_Y3_UO1597,I34_F61_m34f34_P54_Y4_UO1635,MXY,1,0.0,1,1,0.0,0,0,0,-9999.0,0.375,1,P33_CV0,2,0,2,2,0,0,2,0,2
32,-964586.7275,195422.4986,E32_F34_m88f88_P54_Y5_UO4129,I88_F29_m34f34_P54_Y1_UO1491,ID88_F74_m-1f-1_P88_Y-1_U191,MXY,2,0.0,1,0,0.0,0,0,0,-9999.0,0.125,1,P33_CV0,2,1,1,1,1,0,2,0,2
32,-964586.7275,195422.4986,E32_F34_m34f34_P54_Y5_UO1659,I34_F32_m-1f-1_P34_Y-1_U191,ID34_F54_m34f34_P32_Y2_UO1586,FXX,2,0.0,1,0,1.0,0,0,0,-9999.0,0.5625,1,P33_CV0,2,1,1,1,1,0,2,0,2
32,-964586.7275,195422.4986,E32_F34_m34f34_P32_Y5_UO1616,ID34_F54_m53f53_P26_Y2_UO2531,I34_F54_m-1f-1_P34_Y-1_U66,MXY,2,0.0,1,0,0.0,0,0,0,-9999.0,0.5,1,P33_CV0,2,1,1,2,0,0,2,0,2
32,-964586.7275,195422.4986,E32_F34_m34f34_P32_Y5_UO1575,I34_F61_m34f34_P66_Y3_UO1619,I34_F61_m34f34_P66_Y1_UO1494,MXY,2,0.0,1,0,0.0,0,0,0,-9999.0,0.6875,1,P33_CV0,2,2,0,1,1,0,2,0,2
32,-964586.7275,195422.4986,E32_F34_m34f34_P32_Y5_UO1620,I34_F32_m34f34_P66_Y1_UO1483,I34_F54_m34f34_P54_Y3_UO1560,FXX,2,0.0,1,0,1.0,0,0,0,-9999.0,0.75,1,P33_CV0,2,1,1,0,2,0,2,0,2
32,-964586.7275,195422.4986,E32_F34_m34f34_P32_Y5_UO1654,I34_F54_m-1f-1_P34_Y-1_U72,I34_F54_m34f34_P61_Y1_UO1467,FXX,2,0.0,1,0,1.0,0,0,0,-9999.0,0.875,1,P33_CV0,2,2,0,2,0,0,2,0,2
32,-964586.7275,195422.4986,E32_F34_m34f34_P54_Y5_UO1553,I34_F32_m53f53_P26_Y3_UO2507,ID34_F54_m34f34_P66_Y2_UO1625,FXX,2,0.0,1,0,1.0,0,0,0,-9999.0,0.3125,1,P33_CV0,2,1,1,2,0,0,2,0,2
32,-964586.7275,195422.4986,E32_F34_m34f34_P54_Y5_UO1650,I34_F32_m34f34_P61_Y0_UO1670,ID34_F54_m34f34_P54_Y2_UO1561,MXY,2,0.0,1,0,0.0,0,0,0,-9999.0,0.5,1,P33_CV0,2,1,1,1,1,0,2,0,2
32,-964586.7275,195422.4986,E32_F34_m34f34_P54_Y5_UO1664,ID34_F32_m-1f-1_P34_Y-1_U127,ID34_F26_m34f34_P54_Y1_UO1522,FXX,2,0.0,1,0,1.0,0,0,0,-9999.0,0.25,1,P33_CV0,2,0,2,0,2,0,2,0,2
32,-964586.7275,195422.4986,E32_F34_m34f34_P66_Y5_UO1573,I34_F61_m34f34_P32_Y3_UO1578,I34_F54_m34f34_P54_Y1_UO1462,FXX,2,0.0,1,0,1.0,0,0,0,-9999.0,0.1875,1,P33_CV0,2,0,2,1,1,0,2,0,2
32,-964586.7275,195422.4986,E32_F34_m34f34_P54_Y5_UO1604,I34_F54_m34f34_P54_Y2_UO1623,I34_F61_m34f34_P66_Y1_UO1494,FXX,2,0.0,1,0,1.0,0,0,0,-9999.0,0.5,1,P33_CV0,2,1,1,2,0,0,2,0,2
32,-964586.7275,195422.4986,E32_F34_m34f34_P66_Y4_UO1600,I34_F54_m53f53_P66_Y1_UO2379,I34_F54_m34f34_P32_Y2_UO1622,FXX,3,0.0,1,0,1.0,0,0,0,-9999.0,0.375,1,P33_CV0,2,0,2,1,1,0,2,0,2
32,-964586.7275,195422.4986,E32_F34_m34f34_P32_Y4_UO1623,I34_F54_m34f34_P61_Y0_UO1666,I34_F61_m-1f-1_P34_Y-1_U51,MXY,3,0.0,1,0,0.0,0,0,0,-9999.0,0.625,1,P33_CV0,2,2,0,2,0,0,2,0,2
32,-964586.7275,195422.4986,E32_F34_m34f34_P66_Y4_UO1602,I34_F54_m53f53_P26_Y1_UO2365,I34_F66_m34f34_P54_Y1_UO1523,MXY,3,0.0,1,0,0.0,0,0,0,-9999.0,0.75,1,P33_CV0,2,1,1,1,1,0,2,0,2
32,-964586.7275,195422.4986,E32_F34_m34f34_P54_Y4_UO1589,I34_F66_m88f88_P54_Y1_UO3959,I34_F54_m-1f-1_P34_Y-1_U145,MXY,3,0.0,1,0,0.0,0,0,0,-9999.0,0.75,1,P33_CV0,2,2,0,2,0,0,2,0,2
32,-964586.7275,195422.4986,E32_F34_m34f34_P32_Y4_UO1553,I34_F32_m34f34_P32_Y2_UO1569,I34_F66_m-1f-1_P34_Y-1_U88,MXY,3,0.0,1,0,0.0,0,0,0,-9999.0,0.625,1,P33_CV0,2,2,0,0,2,0,2,0,2
32,-964586.7275,195422.4986,E32_F34_m34f34_P54_Y4_UO1580,I34_F54_m34f34_P32_Y2_UO1603,ID34_F61_m34f34_P32_Y0_UO1710,FXX,3,0.0,1,0,1.0,0,0,0,-9999.0,0.5,1,P33_CV0,2,2,0,1,1,0,2,0,2
32,-964586.7275,195422.4986,E32_F34_m34f34_P54_Y4_UO1630,I34_F54_m34f34_P61_Y0_UO1664,ID34_F54_m34f34_P32_Y2_UO1592,FXX,3,0.0,1,0,1.0,0,0,0,-9999.0,0.4375,1,P33_CV0,2,1,1,0,2,0,2,0,2
32,-964586.7275,195422.4986,E32_F34_m34f34_P32_Y4_UO1573,I34_F61_m88f88_P54_Y2_UO4093,I34_F29_m-1f-1_P34_Y-1_U157,MXY,3,0.0,1,0,0.0,0,0,0,-9999.0,0.5,1,P33_CV0,2,2,0,1,1,0,2,0,2
32,-964586.7275,195422.4986,E32_F34_m34f34_P54_Y3_UO1577,I34_F54_m34f34_P32_Y1_UO1511,I34_F66_m-1f-1_P34_Y-1_U138,MXY,4,0.0,1,0,0.0,0,0,0,-9999.0,0.375,1,P33_CV0,2,2,0,2,0,0,2,0,2
32,-964586.7275,195422.4986,E32_F34_m34f34_P54_Y3_UO1644,I34_F54_m-1f-1_P34_Y-1_U127,I34_F54_m34f34_P66_Y0_UO1694,FXX,4,0.0,1,0,1.0,0,0,0,-9999.0,0.25,1,P33_CV0,2,1,1,0,2,0,2,0,2
32,-964586.7275,195422.4986,E32_F34_m34f34_P54_Y3_UO1660,I34_F54_m-1f-1_P34_Y-1_U75,I34_F54_m-1f-1_P34_Y-1_U109,MXY,4,0.0,1,0,0.0,0,0,0,-9999.0,0.5,1,P33_CV0,2,1,1,1,1,0,2,0,2
32,-964586.7275,195422.4986,E32_F34_m34f34_P32_Y3_UO1620,ID34_F66_m34f34_P32_Y0_UO1707,I34_F54_m-1f-1_P34_Y-1_U51,MXY,4,0.0,1,0,0.0,0,0,0,-9999.0,0.875,1,P33_CV0,2,2,0,2,0,0,2,0,2
32,-964586.7275,195422.4986,E32_F34_m34f34_P54_Y3_UO1641,I34_F54_m-1f-1_P34_Y-1_U55,I34_F61_m-1f-1_P34_Y-1_U5,FXX,4,0.0,1,0,1.0,0,0,0,-9999.0,0.75,1,P33_CV0,2,2,0,2,0,0,2,0,2
32,-964586.7275,195422.4986,E32_F34_m34f34_P32_Y2_UO1558,ID34_F61_m88f88_P54_Y0_UO4445,ID34_F61_m-1f-1_P34_Y-1_U195,FXX,5,0.0,1,0,1.0,0,0,0,-9999.0,0.5,1,P33_CV0,2,1,1,0,2,0,2,0,2
32,-964586.7275,195422.4986,E32_F34_m34f34_P54_Y2_UO1565,I34_F61_m88f88_P54_Y0_UO4477,ID34_F54_m-1f-1_P34_Y-1_U198,FXX,5,0.0,1,0,1.0,0,0,0,-9999.0,0.5,1,P33_CV0,2,2,0,1,1,0,2,0,2
32,-964586.7275,195422.4986,E32_F34_m34f34_P32_Y2_UO1570,I34_F54_m34f34_P66_Y0_UO1678,I34_F61_m-1f-1_P34_Y-1_U177,MXY,5,0.0,1,0,0.0,0,0,0,-9999.0,0.75,1,P33_CV0,2,2,0,2,0,0,2,0,2
32,-964586.7275,195422.4986,E32_F34_m34f34_P61_Y1_UO1514,I34_F66_m-1f-1_P34_Y-1_U34,I34_F32_m-1f-1_P34_Y-1_U15,FXX,6,0.0,1,0,1.0,0,0,0,-9999.0,0.25,1,P33_CV0,2,1,1,2,0,0,2,0,2
32,-964586.7275,195422.4986,E32_F34_m34f34_P54_Y0_UO1645,R34_F34_m-1f-1_P34_Y-1_U9,R34_F34_m-1f-1_P34_Y-1_U224,FXX,7,0.0,1,0,1.0,0,0,0,-9999.0,0.5,1,P33_CV0,2,1,1,0,2,0,2,0,2
32,-964586.7275,195422.4986,E32_F34_m34f34_P66_Y0_UO1646,R34_F34_m-1f-1_P34_Y-1_U12,R34_F34_m-1f-1_P34_Y-1_U51,FXX,7,0.0,1,0,1.0,0,0,0,-9999.0,1.0,1,P33_CV0,2,2,0,2,0,0,2,0,2
32,-964586.7275,195422.4986,E32_F34_m34f34_P32_Y0_UO1710,R34_F34_m-1f-1_P34_Y-1_U193,R34_F34_m-1f-1_P34_Y-1_U87,MXY,7,0.0,1,0,0.0,0,0,0,-9999.0,0.5,1,P33_CV0,2,2,0,0,2,0,2,0,2
32,-964586.7275,195422.4986,E32_F34_m-1f-1_P34_Y-1_U181,-9999,-9999,MXY,8,0.0,1,0,0.0,0,0,0,-9999.0,0.5,1,P33_CV0,2,1,1,2,0,0,2,0,2
32,-964586.7275,195422.4986,E32_F34_m-1f-1_P34_Y-1_U190,-9999,-9999,MXY,9,0.0,1,0,0.0,0,0,0,-9999.0,0.0,1,P33_CV0,2,0,2,2,0,0,2,0,2
32,-964586.7275,195422.4986,E32_F34_m-1f-1_P34_Y-1_U63,-9999,-9999,MXY,11,0.0,1,0,0.0,0,0,0,-9999.0,0.5,1,P33_CV0,2,1,1,1,1,0,2,0,2
32,-964586.7275,195422.4986,E32_F34_m-1f-1_P34_Y-1_U23,-9999,-9999,FXX,12,0.0,1,0,1.0,0,0,0,-9999.0,0.5,1,P33_CV0,2,1,1,1,1,0,2,0,2
32,-964586.7275,195422.4986,E32_F34_m-1f-1_P34_Y-1_U126,-9999,-9999,MXY,13,0.0,1,0,0.0,0,0,0,-9999.0,0.5,1,P33_CV0,2,1,1,1,1,0,2,0,2
32,-964586.7275,195422.4986,E32_F34_m-1f-1_P34_Y-1_U127,-9999,-9999,FXX,13,0.0,1,0,1.0,0,0,0,-9999.0,0.0,1,P33_CV0,2,0,2,0,2,0,2,0,2
32,-964586.7275,195422.4986,E32_F34_m-1f-1_P34_Y-1_U146,-9999,-9999,MXY,13,0.0,1,0,0.0,0,0,0,-9999.0,0.5,1,P33_CV0,2,1,1,2,0,0,2,0,2
32,-964586.7275,195422.4986,E32_F34_m-1f-1_P34_Y-1_U195,-9999,-9999,MXY,14,0.0,1,0,0.0,0,0,0,-9999.0,0.5,1,P33_CV0,2,1,1,1,1,0,2,0,2
32,-964586.7275,195422.4986,Age0_F32_m34f34_P32_Y7_UO1593,I34_F54_m53f53_P26_Y4_UO2466,I34_F61_m34f34_P66_Y4_UO1610,FXX,0,0.0,0,0,0.0,0,0,0,0.0,0.5625,1,P52_CV0,2,1,1,0,2,0,2,0,2
32,-964586.7275,195422.4986,Age0_F32_m34f34_P32_Y7_UO1598,I34_F32_m34f34_P61_Y4_UO1569,I34_F32_m34f34_P32_Y5_UO1564,MXY,0,0.0,0,0,0.0,0,0,0,0.0,0.28125,1,P52_CV0,2,1,1,1,1,0,2,0,2
32,-964586.7275,195422.4986,Age0_F32_m34f34_P32_Y7_UO1599,I34_F61_m34f34_P54_Y4_UO1599,I34_F54_m34f34_P66_Y2_UO1625,FXX,0,0.0,0,0,0.0,0,0,0,0.0,0.5,1,P52_CV0,2,0,2,0,2,0,2,0,2
32,-964586.7275,195422.4986,Age0_F32_m34f34_P32_Y7_UO1600,ID34_F54_m34f34_P32_Y4_UO1608,I34_F32_m34f34_P54_Y5_UO1588,MXY,0,0.0,0,0,0.0,0,0,0,0.0,0.4375,1,P52_CV0,2,1,1,1,1,0,2,0,2
32,-964586.7275,195422.4986,Age0_F32_m34f34_P32_Y7_UO1611,I34_F61_m53f53_P26_Y3_UO2475,I34_F66_m88f88_P29_Y2_UO4117,FXX,0,0.0,0,0,0.0,0,0,0,0.0,0.5,1,P52_CV0,2,2,0,0,2,0,2,0,2
32,-964586.7275,195422.4986,E32_F34_m53f53_P26_Y6_UO2533,ID53_F26_m-1f-1_P53_Y-1_U16,I53_F26_m-1f-1_P53_Y-1_U164,FXX,1,0.0,1,1,1.0,0,0,0,-9999.0,0.5,1,P52_CV0,2,1,1,0,2,0,2,0,2
32,-964586.7275,195422.4986,E32_F34_m34f34_P32_Y6_UO1602,ID34_F54_m53f53_P26_Y4_UO2442,I34_F66_m34f34_P54_Y2_UO1644,FXX,1,0.0,1,1,1.0,0,0,0,-9999.0,0.625,1,P52_CV0,2,2,0,1,1,0,2,0,2
32,-964586.7275,195422.4986,E32_F34_m34f34_P54_Y6_UO1610,I34_F54_m53f53_P26_Y3_UO2498,I34_F54_m-1f-1_P34_Y-1_U170,MXY,1,0.0,1,1,0.0,0,0,0,-9999.0,0.75,1,P52_CV0,2,1,1,0,2,0,2,0,2
32,-964586.7275,195422.4986,E32_F34_m34f34_P54_Y6_UO1636,I34_F32_m53f53_P26_Y2_UO2494,I34_F61_m34f34_P54_Y4_UO1554,MXY,1,0.0,1,1,0.0,0,0,0,-9999.0,0.71875,1,P52_CV0,2,2,0,2,0,0,2,0,2
32,-964586.7275,195422.4986,E32_F34_m34f34_P54_Y6_UO1658,ID34_F66_m34f34_P32_Y1_UO1500,I34_F54_m34f34_P54_Y3_UO1648,MXY,1,0.0,1,1,0.0,0,0,0,-9999.0,0.375,1,P52_CV0,2,0,2,1,1,0,2,0,2
32,-964586.7275,195422.4986,E32_F34_m34f34_P61_Y6_UO1598,I34_F61_m34f34_P54_Y4_UO1599,I34_F54_m-1f-1_P34_Y-1_U30,MXY,1,0.0,1,1,0.0,0,0,0,-9999.0,0.25,1,P52_CV0,2,0,2,1,1,0,2,0,2
32,-964586.7275,195422.4986,E32_F34_m53f53_P66_Y6_UO2527,I53_F26_m-1f-1_P53_Y-1_U197,ID53_F66_m53f53_P26_Y4_UO2490,MXY,1,0.0,1,1,0.0,0,0,0,-9999.0,0.5,1,P52_CV0,2,1,1,2,0,0,2,0,2
32,-964586.7275,195422.4986,E32_F34_m53f53_P66_Y6_UO2530,I53_F26_m-1f-1_P53_Y-1_U210,ID53_F26_m53f53_P26_Y3_UO2457,FXX,1,0.0,1,1,1.0,0,0,0,-9999.0,0.3125,1,P52_CV0,2,1,1,1,1,0,2,0,2
32,-964586.7275,195422.4986,E32_F34_m34f34_P66_Y5_UO1639,I34_F66_m7f7_P29_Y0_UO402,ID34_F32_m53f53_P54_Y2_UO2501,MXY,2,0.0,1,0,0.0,0,0,0,-9999.0,0.625,1,P52_CV0,2,2,0,0,2,0,2,0,2
32,-964586.7275,195422.4986,E32_F34_m53f53_P26_Y4_UO2466,I53_F26_m-1f-1_P53_Y-1_U61,ID53_F26_m-1f-1_P53_Y-1_U0,FXX,3,0.0,1,0,1.0,0,0,0,-9999.0,0.75,1,P52_CV0,2,1,1,0,2,0,2,0,2
32,-964586.7275,195422.4986,E32_F34_m34f34_P61_Y4_UO1569,I34_F54_m53f53_P26_Y2_UO2514,I34_F32_m34f34_P54_Y0_UO1662,FXX,3,0.0,1,0,1.0,0,0,0,-9999.0,0.25,1,P52_CV0,2,0,2,0,2,0,2,0,2
32,-964586.7275,195422.4986,E32_F34_m34f34_P54_Y4_UO1599,ID34_F54_m34f34_P32_Y1_UO1511,I34_F32_m53f53_P26_Y0_UO2681,FXX,3,0.0,1,0,1.0,0,0,0,-9999.0,0.5,1,P52_CV0,2,0,2,1,1,0,2,0,2
32,-964586.7275,195422.4986,E32_F34_m34f34_P32_Y4_UO1608,I34_F54_m88f88_P54_Y0_UO4438,I34_F66_m53f53_P54_Y2_UO2501,FXX,3,0.0,1,0,1.0,0,0,0,-9999.0,0.5,1,P52_CV0,2,1,1,1,1,0,2,0,2
32,-964586.7275,195422.4986,E32_F34_m53f53_P26_Y4_UO2442,I53_F26_m53f53_P26_Y1_UO2393,I53_F26_m53f53_P26_Y2_UO2486,FXX,3,0.0,1,0,1.0,0,0,0,-9999.0,0.75,1,P52_CV0,2,2,0,0,2,0,2,0,2
32,-964586.7275,195422.4986,E32_F34_m34f34_P32_Y4_UO1575,I34_F32_m53f53_P26_Y2_UO2527,I34_F61_m88f88_P29_Y2_UO4149,MXY,3,0.0,1,0,0.0,0,0,0,-9999.0,0.375,1,P52_CV0,2,1,1,1,1,0,2,0,2
32,-964586.7275,195422.4986,E32_F34_m53f53_P26_Y3_UO2475,I53_F26_m-1f-1_P53_Y-1_U238,I53_F26_m53f53_P26_Y1_UO2377,FXX,4,0.0,1,0,1.0,0,0,0,-9999.0,0.375,1,P52_CV0,2,1,1,0,2,0,2,0,2
32,-964586.7275,195422.4986,E32_F34_m53f53_P26_Y3_UO2507,I53_F26_m-1f-1_P53_Y-1_U176,I53_F26_m53f53_P26_Y1_UO2356,FXX,4,0.0,1,0,1.0,0,0,0,-9999.0,0.125,1,P52_CV0,2,1,1,2,0,0,2,0,2
32,-964586.7275,195422.4986,E32_F34_m34f34_P54_Y3_UO1601,ID34_F32_m34f34_P54_Y0_UO1684,I34_F32_m53f53_P26_Y0_UO2653,FXX,4,0.0,1,0,1.0,0,0,0,-9999.0,0.875,1,P52_CV0,2,2,0,1,1,0,2,0,2
32,-964586.7275,195422.4986,E32_F34_m53f53_P26_Y2_UO2483,I53_F26_m-1f-1_P53_Y-1_U120,ID53_F26_m53f53_P26_Y0_UO2682,FXX,5,0.0,1,0,1.0,0,0,0,-9999.0,0.875,1,P52_CV0,2,1,1,1,1,0,2,0,2
32,-964586.7275,195422.4986,E32_F34_m53f53_P26_Y0_UO2654,R53_F53_m-1f-1_P53_Y-1_U67,R53_F53_m-1f-1_P53_Y-1_U201,MXY,7,0.0,1,0,0.0,0,0,0,-9999.0,0.25,1,P52_CV0,2,1,1,2,0,0,2,0,2
32,-964586.7275,195422.4986,E32_F34_m62f62_P26_Y3_UO2962,I62_F20_m-1f-1_P62_Y-1_U188,I62_F20_m70f70_P20_Y1_UO3078,FXX,4,0.0,1,0,1.0,0,0,0,-9999.0,0.375,1,P69_CV0,2,1,1,0,2,0,2,0,2
32,-964586.7275,195422.4986,Age0_F32_m34f34_P32_Y7_UO1578,ID34_F32_m34f34_P66_Y5_UO1573,I34_F66_m78f78_P54_Y4_UO3511,FXX,0,0.0,0,0,0.0,0,0,0,0.0,0.46875,1,P77_CV0,2,1,1,1,1,0,2,0,2
32,-964586.7275,195422.4986,Age0_F32_m34f34_P32_Y7_UO1640,I34_F54_m34f34_P54_Y2_UO1565,ID34_F54_m78f78_P54_Y5_UO3487,FXX,0,0.0,0,0,0.0,0,0,0,0.0,0.4375,1,P77_CV0,2,2,0,1,1,0,2,0,2
32,-964586.7275,195422.4986,E32_F34_m34f34_P54_Y6_UO1594,I34_F54_m53f53_P66_Y4_UO2436,I34_F61_m78f78_P54_Y2_UO3503,MXY,1,0.0,1,1,0.0,0,0,0,-9999.0,0.625,1,P77_CV0,2,2,0,0,2,0,2,0,2
32,-964586.7275,195422.4986,E32_F34_m34f34_P54_Y6_UO1643,ID34_F54_m78f78_P54_Y2_UO3522,I34_F54_m-1f-1_P34_Y-1_U63,FXX,1,0.0,1,1,1.0,0,0,0,-9999.0,0.5625,1,P77_CV0,2,0,2,2,0,0,2,0,2
32,-964586.7275,195422.4986,E32_F34_m78f78_P54_Y6_UO3497,ID78_F54_m30f30_P93_Y4_UO1405,I78_F13_m88f88_P29_Y2_UO4098,MXY,1,0.0,1,1,0.0,0,0,0,-9999.0,0.375,1,P77_CV0,2,1,1,1,1,0,2,0,2
32,-964586.7275,195422.4986,E32_F34_m34f34_P61_Y6_UO1577,I34_F32_m88f88_P54_Y4_UO4130,I34_F61_m53f53_P54_Y1_UO2398,FXX,1,0.0,1,1,1.0,0,0,0,-9999.0,0.625,1,P77_CV0,2,1,1,1,1,0,2,0,2
32,-964586.7275,195422.4986,E32_F34_m34f34_P61_Y6_UO1673,I34_F61_m78f78_P54_Y0_UO3741,I34_F61_m78f78_P54_Y2_UO3503,FXX,1,0.0,1,1,1.0,0,0,0,-9999.0,0.5,1,P77_CV0,2,1,1,1,1,0,2,0,2
32,-964586.7275,195422.4986,E32_F34_m34f34_P61_Y5_UO1638,I34_F54_m78f78_P54_Y0_UO3741,I34_F32_m53f53_P26_Y2_UO2480,MXY,2,0.0,1,0,0.0,0,0,0,-9999.0,0.125,1,P77_CV0,2,0,2,2,0,0,2,0,2
32,-964586.7275,195422.4986,E32_F34_m78f78_P54_Y5_UO3487,I78_F74_m78f78_P13_Y1_UO3336,ID78_F13_m78f78_P29_Y1_UO3320,MXY,2,0.0,1,0,0.0,0,0,0,-9999.0,0.375,1,P77_CV0,2,1,1,1,1,0,2,0,2
32,-964586.7275,195422.4986,E32_F34_m34f34_P54_Y4_UO1618,ID34_F54_m78f78_P66_Y0_UO3763,I34_F54_m-1f-1_P34_Y-1_U105,FXX,3,0.0,1,0,1.0,0,0,0,-9999.0,0.5,1,P77_CV0,2,1,1,0,2,0,2,0,2
32,-964586.7275,195422.4986,E32_F34_m34f34_P54_Y2_UO1555,I34_F61_m78f78_P54_Y0_UO3741,I34_F32_m53f53_P26_Y0_UO2681,MXY,5,0.0,1,0,0.0,0,0,0,-9999.0,0.5,1,P77_CV0,2,0,2,2,0,0,2,0,2
32,-964586.7275,195422.4986,Age0_F32_m34f34_P32_Y7_UO1570,I34_F61_m34f34_P54_Y5_UO1664,I34_F32_m88f88_P29_Y4_UO4116,MXY,0,0.0,0,0,0.0,0,0,0,0.0,0.25,1,P87_CV0,2,0,2,1,1,0,2,0,2
32,-964586.7275,195422.4986,Age0_F32_m34f34_P32_Y7_UO1623,I34_F54_m34f34_P54_Y3_UO1601,I34_F54_m88f88_P54_Y2_UO4120,MXY,0,0.0,0,0,0.0,0,0,0,0.0,0.6875,1,P87_CV0,2,2,0,1,1,0,2,0,2
32,-964586.7275,195422.4986,Age0_F32_m34f34_P32_Y7_UO1657,I34_F54_m34f34_P54_Y0_UO1645,I34_F61_m88f88_P54_Y4_UO4109,MXY,0,0.0,0,0,0.0,0,0,0,0.0,0.5,1,P87_CV0,2,1,1,1,1,0,2,0,2
32,-964586.7275,195422.4986,E32_F34_m34f34_P54_Y6_UO1592,I34_F54_m88f88_P54_Y4_UO4153,I34_F61_m34f34_P54_Y2_UO1555,FXX,1,0.0,1,1,1.0,0,0,0,-9999.0,0.25,1,P87_CV0,2,0,2,1,1,0,2,0,2
32,-964586.7275,195422.4986,E32_F34_m34f34_P54_Y6_UO1626,I34_F54_m62f62_P26_Y3_UO2962,I34_F54_m-1f-1_P88_Y-1_U229,FXX,1,0.0,1,1,1.0,0,0,0,-9999.0,0.4375,1,P87_CV0,2,1,1,1,1,0,2,0,2
32,-964586.7275,195422.4986,E32_F34_m88f88_P54_Y6_UO4190,I88_F29_m-1f-1_P88_Y-1_U68,I88_F74_m30f30_P74_Y1_UO1305,MXY,1,0.0,1,1,0.0,0,0,0,-9999.0,0.375,1,P87_CV0,2,1,1,0,2,0,2,0,2
32,-964586.7275,195422.4986,E32_F34_m34f34_P61_Y6_UO1605,I34_F54_m88f88_P54_Y3_UO4104,I34_F32_m34f34_P32_Y0_UO1656,FXX,1,0.0,1,1,1.0,0,0,0,-9999.0,0.5,1,P87_CV0,2,2,0,0,2,0,2,0,2
32,-964586.7275,195422.4986,E32_F34_m34f34_P54_Y5_UO1596,I34_F61_m34f34_P66_Y2_UO1634,I34_F32_m53f53_P54_Y1_UO2398,MXY,2,0.0,1,0,0.0,0,0,0,-9999.0,0.75,1,P87_CV0,2,1,1,0,2,0,2,0,2
32,-964586.7275,195422.4986,E32_F34_m34f34_P66_Y5_UO1625,ID34_F66_m34f34_P32_Y1_UO1500,I34_F61_m88f88_P54_Y3_UO4078,MXY,2,0.0,1,0,0.0,0,0,0,-9999.0,0.3125,1,P87_CV0,2,2,0,2,0,0,2,0,2
32,-964586.7275,195422.4986,E32_F34_m88f88_P54_Y3_UO4130,I88_F54_m-1f-1_P88_Y-1_U197,I88_F29_m-1f-1_P88_Y-1_U79,FXX,4,0.0,1,0,1.0,0,0,0,-9999.0,1.0,1,P87_CV0,2,2,0,2,0,0,2,0,2
32,-964586.7275,195422.4986,E32_F34_m88f88_P54_Y1_UO3910,I88_F29_m-1f-1_P88_Y-1_U205,I88_F29_m-1f-1_P88_Y-1_U4,MXY,6,0.0,1,0,0.0,0,0,0,-9999.0,0.25,1,P87_CV0,2,0,2,2,0,0,2,0,2
32,-964586.7275,195422.4986,E32_F88_m-1f-1_P88_Y-1_U119,-9999,-9999,MXY,9,0.0,1,0,0.0,0,0,0,-9999.0,0.0,1,P87_CV0,2,0,2,1,1,0,2,0,2
32,-964586.7275,195422.4986,E32_F34_m-1f-1_P88_Y-1_U229,-9999,-9999,MXY,10,0.0,1,0,0.0,0,0,0,-9999.0,0.5,1,P87_CV0,2,1,1,1,1,0,2,0,2
33,10970.62741,441520.7699,Age0_F33_m1f1_P33_Y7_UO4,I1_F33_m1f1_P33_Y5_UO95,I1_F10_m1f1_P33_Y3_UO61,MXY,0,0.0,0,0,0.0,0,0,0,0.0,0.4375,1,P0_CV0,2,1,1,1,1,0,2,0,2
33,10970.62741,441520.7699,Age0_F33_m1f1_P33_Y7_UO15,I1_F10_m1f1_P33_Y5_UO101,ID1_F33_m1f1_P33_Y3_UO41,FXX,0,0.0,0,0,0.0,0,0,0,0.0,0.5625,1,P0_CV0,2,1,1,0,2,0,2,0,2
33,10970.62741,441520.7699,Age0_F33_m1f1_P33_Y7_UO18,I1_F33_m9f9_P10_Y5_UO558,ID1_F33_m9f9_P10_Y4_UO604,FXX,0,0.0,0,0,0.0,0,0,0,0.0,0.46875,1,P0_CV0,2,1,1,2,0,0,2,0,2
33,10970.62741,441520.7699,Age0_F33_m1f1_P33_Y7_UO22,I1_F33_m1f1_P33_Y5_UO46,I1_F33_m9f9_P10_Y2_UO537,MXY,0,0.0,0,0,0.0,0,0,0,0.0,0.40625,1,P0_CV0,2,2,0,1,1,0,2,0,2
33,10970.62741,441520.7699,Age0_F33_m1f1_P33_Y7_UO42,I1_F33_m1f1_P33_Y4_UO40,I1_F33_m-1f-1_P1_Y-1_U178,FXX,0,0.0,0,0,0.0,0,0,0,0.0,0.5625,1,P0_CV0,2,1,1,1,1,0,2,0,2
33,10970.62741,441520.7699,Age0_F33_m1f1_P33_Y7_UO56,ID1_F33_m9f9_P10_Y4_UO601,I1_F10_m77f77_P10_Y2_UO3425,FXX,0,0.0,0,0,0.0,0,0,0,0.0,0.4375,1,P0_CV0,2,1,1,0,2,0,2,0,2
33,10970.62741,441520.7699,Age0_F33_m1f1_P33_Y7_UO61,ID1_F33_m1f1_P33_Y3_UO5,ID1_F97_m77f77_P10_Y3_UO3381,MXY,0,0.0,0,0,0.0,0,0,0,0.0,0.5,1,P0_CV0,2,1,1,1,1,0,2,0,2
33,10970.62741,441520.7699,Age0_F33_m1f1_P33_Y7_UO84,I1_F10_m1f1_P44_Y1_UO73,ID1_F96_m1f1_P10_Y4_UO88,MXY,0,0.0,0,0,0.0,0,0,0,0.0,0.5,1,P0_CV0,2,1,1,2,0,0,2,0,2
33,10970.62741,441520.7699,Age0_F33_m1f1_P33_Y7_UO86,ID1_F44_m1f1_P33_Y0_UO4,ID1_F96_m77f77_P33_Y3_UO3401,MXY,0,0.0,0,0,0.0,0,0,0,0.0,0.375,1,P0_CV0,2,1,1,0,2,0,2,0,2
33,10970.62741,441520.7699,Age0_F33_m1f1_P33_Y7_UO97,ID1_F33_m-1f-1_P1_Y-1_U235,I1_F33_m1f1_P33_Y5_UO96,FXX,0,0.0,0,0,0.0,0,0,0,0.0,0.5625,1,P0_CV0,2,2,0,1,1,0,2,0,2
33,10970.62741,441520.7699,Age0_F33_m1f1_P33_Y7_UO100,I1_F96_m-1f-1_P1_Y-1_U176,ID1_F33_m9f9_P33_Y0_UO556,FXX,0,0.0,0,0,0.0,0,0,0,0.0,0.25,1,P0_CV0,2,1,1,1,1,0,2,0,2
33,10970.62741,441520.7699,Age0_F33_m1f1_P33_Y7_UO103,ID1_F18_m-1f-1_P1_Y-1_U120,I1_F10_m1f1_P44_Y2_UO69,MXY,0,0.0,0,0,0.0,0,0,0,0.0,0.5,1,P0_CV0,2,2,0,2,0,0,2,0,2
33,10970.62741,441520.7699,Age0_F33_m1f1_P33_Y7_UO106,I1_F33_m-1f-1_P9_Y-1_U28,I1_F44_m1f1_P44_Y2_UO73,FXX,0,0.0,0,0,0.0,0,0,0,0.0,0.125,1,P0_CV0,2,0,2,2,0,0,2,0,2
33,10970.62741,441520.7699,Age0_F33_m9f9_P33_Y7_UO549,I9_F10_m9f9_P33_Y5_UO571,ID9_F18_m9f9_P33_Y5_UO630,FXX,0,0.0,0,0,0.0,0,0,0,0.0,0.625,1,P0_CV0,2,2,0,1,1,0,2,0,2
33,10970.62741,441520.7699,Age0_F33_m9f9_P33_Y7_UO553,ID9_F33_m9f9_P10_Y5_UO620,ID9_F33_m1f1_P44_Y4_UO62,FXX,0,0.0,0,0,0.0,0,0,0,0.0,0.5625,1,P0_CV0,2,2,0,1,1,0,2,0,2
33,10970.62741,441520.7699,Age0_F33_m9f9_P33_Y7_UO562,I9_F33_m9f9_P33_Y4_UO543,ID9_F96_m1f1_P10_Y4_UO6,FXX,0,0.0,0,0,0.0,0,0,0,0.0,0.59375,1,P0_CV0,2,2,0,1,1,0,2,0,2
33,10970.62741,441520.7699,Age0_F33_m9f9_P33_Y7_UO578,I9_F18_m9f9_P10_Y4_UO591,ID9_F33_m1f1_P44_Y4_UO62,MXY,0,0.0,0,0,0.0,0,0,0,0.0,0.65625,1,P0_CV0,2,1,1,1,1,0,2,0,2
33,10970.62741,441520.7699,Age0_F33_m9f9_P33_Y7_UO582,I9_F10_m9f9_P33_Y4_UO570,I9_F33_m1f1_P10_Y5_UO69,MXY,0,0.0,0,0,0.0,0,0,0,0.0,0.40625,1,P0_CV0,2,0,2,1,1,0,2,0,2
33,10970.62741,441520.7699,Age0_F33_m9f9_P33_Y7_UO583,I9_F18_m9f9_P33_Y4_UO521,ID9_F10_m-1f-1_P9_Y-1_U137,MXY,0,0.0,0,0,0.0,0,0,0,0.0,0.625,1,P0_CV0,2,1,1,1,1,0,2,0,2
33,10970.62741,441520.7699,Age0_F33_m9f9_P33_Y7_UO592,I9_F10_m1f1_P10_Y3_UO68,I9_F44_m9f9_P33_Y2_UO566,FXX,0,0.0,0,0,0.0,0,0,0,0.0,0.4375,1,P0_CV0,2,1,1,1,1,0,2,0,2
33,10970.62741,441520.7699,Age0_F33_m9f9_P33_Y7_UO601,I9_F33_m1f1_P10_Y2_UO44,I9_F44_m1f1_P33_Y2_UO87,MXY,0,0.0,0,0,0.0,0,0,0,0.0,0.375,1,P0_CV0,2,1,1,2,0,0,2,0,2
33,10970.62741,441520.7699,Age0_F33_m9f9_P33_Y7_UO611,ID9_F44_m9f9_P33_Y0_UO539,I9_F33_m9f9_P33_Y3_UO502,MXY,0,0.0,0,0,0.0,0,0,0,0.0,0.375,1,P0_CV0,2,0,2,2,0,0,2,0,2
33,10970.62741,441520.7699,Age0_F33_m9f9_P33_Y7_UO630,I9_F10_m-1f-1_P9_Y-1_U108,ID9_F33_m1f1_P10_Y5_UO19,FXX,0,0.0,0,0,0.0,0,0,0,0.0,0.625,1,P0_CV0,2,2,0,1,1,0,2,0,2
33,10970.62741,441520.7699,Age0_F33_m77f77_P33_Y7_UO3425,ID77_F10_m1f1_P33_Y4_UO84,ID77_F82_m4f4_P82_Y5_UO276,FXX,0,0.0,0,0,0.0,0,0,0,0.0,0.5,1,P0_CV0,2,1,1,1,1,0,2,0,2
33,10970.62741,441520.7699,Age0_F33_m77f77_P33_Y7_UO3431,I77_F82_m9f9_P33_Y3_UO583,I77_F10_m4f4_P82_Y5_UO216,FXX,0,0.0,0,0,0.0,0,0,0,0.0,0.5625,1,P0_CV0,2,0,2,0,2,0,2,0,2
33,10970.62741,441520.7699,Age0_F33_m77f77_P33_Y7_UO3443,I77_F82_m1f1_P33_Y2_UO80,I77_F10_m4f4_P82_Y4_UO226,FXX,0,0.0,0,0,0.0,0,0,0,0.0,0.375,1,P0_CV0,2,2,0,1,1,0,2,0,2
33,10970.62741,441520.7699,E33_F1_m9f9_P10_Y6_UO545,I9_F33_m1f1_P44_Y4_UO82,I9_F10_m9f9_P33_Y3_UO502,FXX,1,0.0,1,1,1.0,0,0,0,-9999.0,0.6875,1,P0_CV0,2,1,1,2,0,0,2,0,2
33,10970.62741,441520.7699,E33_F1_m9f9_P10_Y6_UO616,I9_F10_m1f1_P10_Y0_UO93,ID9_F33_m77f77_P10_Y3_UO3404,FXX,1,0.0,1,1,1.0,0,0,0,-9999.0,0.125,1,P0_CV0,2,1,1,2,0,0,2,0,2
33,10970.62741,441520.7699,E33_F1_m77f77_P10_Y6_UO3459,ID77_F10_m1f1_P33_Y1_UO3,ID77_F10_m-1f-1_P77_Y-1_U160,MXY,1,0.0,1,1,0.0,0,0,0,-9999.0,0.25,1,P0_CV0,2,1,1,2,0,0,2,0,2
33,10970.62741,441520.7699,E33_F1_m1f1_P33_Y6_UO16,ID1_F33_m1f1_P44_Y4_UO44,ID1_F10_m1f1_P10_Y3_UO10,FXX,1,0.0,1,1,1.0,0,0,0,-9999.0,0.625,1,P0_CV0,2,1,1,1,1,0,2,0,2
33,10970.62741,441520.7699,E33_F1_m1f1_P33_Y6_UO51,I1_F33_m9f9_P33_Y3_UO573,I1_F33_m9f9_P44_Y4_UO509,FXX,1,0.0,1,1,1.0,0,0,0,-9999.0,0.5,1,P0_CV0,2,0,2,1,1,0,2,0,2
33,10970.62741,441520.7699,E33_F1_m1f1_P33_Y6_UO85,I1_F10_m-1f-1_P1_Y-1_U95,I1_F10_m-1f-1_P1_Y-1_U2,MXY,1,0.0,1,1,0.0,0,0,0,-9999.0,0.75,1,P0_CV0,2,1,1,2,0,0,2,0,2
33,10970.62741,441520.7699,E33_F1_m1f1_P33_Y6_UO94,ID1_F44_m-1f-1_P9_Y-1_U28,I1_F10_m9f9_P10_Y1_UO485,MXY,1,0.0,1,1,0.0,0,0,0,-9999.0,0.25,1,P0_CV0,2,0,2,1,1,0,2,0,2
33,10970.62741,441520.7699,E33_F1_m1f1_P33_Y6_UO96,I1_F44_m-1f-1_P9_Y-1_U239,I1_F44_m9f9_P10_Y3_UO568,MXY,1,0.0,1,1,0.0,0,0,0,-9999.0,0.8125,1,P0_CV0,2,1,1,1,1,0,2,0,2
33,10970.62741,441520.7699,E33_F1_m1f1_P33_Y6_UO100,I1_F33_m-1f-1_P1_Y-1_U32,I1_F44_m9f9_P10_Y4_UO573,FXX,1,0.0,1,1,1.0,0,0,0,-9999.0,0.3125,1,P0_CV0,2,1,1,2,0,0,2,0,2
33,10970.62741,441520.7699,E33_F1_m9f9_P33_Y6_UO550,I9_F33_m9f9_P10_Y4_UO524,I9_F10_m9f9_P33_Y3_UO502,MXY,1,0.0,1,1,0.0,0,0,0,-9999.0,0.4375,1,P0_CV0,2,1,1,1,1,0,2,0,2
33,10970.62741,441520.7699,E33_F1_m9f9_P33_Y6_UO561,I9_F44_m9f9_P10_Y4_UO507,I9_F33_m9f9_P10_Y4_UO578,FXX,1,0.0,1,1,1.0,0,0,0,-9999.0,0.5625,1,P0_CV0,2,2,0,2,0,0,2,0,2
33,10970.62741,441520.7699,E33_F1_m9f9_P33_Y6_UO565,I9_F10_m77f77_P10_Y4_UO3353,I9_F33_m1f1_P44_Y4_UO76,FXX,1,0.0,1,1,1.0,0,0,0,-9999.0,0.4375,1,P0_CV0,2,1,1,1,1,0,2,0,2
33,10970.62741,441520.7699,E33_F1_m9f9_P33_Y6_UO581,I9_F10_m9f9_P33_Y3_UO525,I9_F33_m1f1_P33_Y2_UO20,FXX,1,0.0,1,1,1.0,0,0,0,-9999.0,0.625,1,P0_CV0,2,2,0,2,0,0,2,0,2
33,10970.62741,441520.7699,E33_F1_m9f9_P33_Y6_UO585,I9_F10_m1f1_P33_Y3_UO11,ID9_F33_m-1f-1_P1_Y-1_U22,FXX,1,0.0,1,1,1.0,0,0,0,-9999.0,0.8125,1,P0_CV0,2,2,0,0,2,0,2,0,2
33,10970.62741,441520.7699,E33_F1_m9f9_P33_Y6_UO614,I9_F44_m1f1_P33_Y0_UO2,ID9_F10_m77f77_P10_Y1_UO3232,FXX,1,0.0,1,1,1.0,0,0,0,-9999.0,0.75,1,P0_CV0,2,2,0,0,2,0,2,0,2
33,10970.62741,441520.7699,E33_F1_m1f1_P44_Y6_UO25,ID1_F33_m9f9_P33_Y4_UO576,I1_F44_m-1f-1_P1_Y-1_U73,MXY,1,0.0,1,1,0.0,0,0,0,-9999.0,0.4375,1,P0_CV0,2,2,0,2,0,0,2,0,2
33,10970.62741,441520.7699,E33_F1_m1f1_P44_Y6_UO57,I1_F44_m4f4_P33_Y2_UO230,I1_F44_m9f9_P10_Y3_UO568,FXX,1,0.0,1,1,1.0,0,0,0,-9999.0,0.5,1,P0_CV0,2,0,2,1,1,0,2,0,2
33,10970.62741,441520.7699,E33_F1_m1f1_P44_Y6_UO81,I1_F10_m1f1_P33_Y0_UO4,I1_F10_m1f1_P33_Y4_UO36,FXX,1,0.0,1,1,1.0,0,0,0,-9999.0,0.4375,1,P0_CV0,2,1,1,2,0,0,2,0,2
33,10970.62741,441520.7699,E33_F1_m9f9_P44_Y6_UO574,ID9_F33_m9f9_P33_Y3_UO508,I9_F33_m1f1_P10_Y4_UO42,FXX,1,0.0,1,1,1.0,0,0,0,-9999.0,0.4375,1,P0_CV0,2,0,2,1,1,0,2,0,2
33,10970.62741,441520.7699,E33_F1_m9f9_P44_Y6_UO588,I9_F33_m1f1_P10_Y2_UO9,I9_F10_m-1f-1_P1_Y-1_U90,FXX,1,0.0,1,1,1.0,0,0,0,-9999.0,0.3125,1,P0_CV0,2,0,2,1,1,0,2,0,2
33,10970.62741,441520.7699,E33_F1_m9f9_P44_Y6_UO608,ID9_F33_m1f1_P44_Y1_UO67,I9_F18_m1f1_P10_Y1_UO32,FXX,1,0.0,1,1,1.0,0,0,0,-9999.0,0.375,1,P0_CV0,2,0,2,1,1,0,2,0,2
33,10970.62741,441520.7699,E33_F1_m9f9_P44_Y6_UO609,I9_F33_m9f9_P10_Y1_UO503,ID9_F10_m1f1_P33_Y0_UO19,MXY,1,0.0,1,1,0.0,0,0,0,-9999.0,0.875,1,P0_CV0,2,2,0,1,1,0,2,0,2
33,10970.62741,441520.7699,E33_F1_m9f9_P44_Y6_UO637,I9_F33_m-1f-1_P1_Y-1_U132,I9_F33_m77f77_P10_Y3_UO3390,MXY,1,0.0,1,1,0.0,0,0,0,-9999.0,0.125,1,P0_CV0,2,0,2,1,1,0,2,0,2
33,10970.62741,441520.7699,E33_F1_m1f1_P97_Y6_UO21,I1_F33_m9f9_P44_Y4_UO598,I1_F44_m-1f-1_P1_Y-1_U73,FXX,1,0.0,1,1,1.0,0,0,0,-9999.0,0.4375,1,P0_CV0,2,2,0,2,0,0,2,0,2
33,10970.62741,441520.7699,E33_F4_m4f4_P82_Y6_UO271,I4_F82_m1f1_P96_Y0_UO46,I4_F82_m4f4_P82_Y3_UO206,FXX,1,0.0,1,1,1.0,0,0,0,-9999.0,0.125,1,P0_CV0,2,0,2,0,2,0,2,0,2
33,10970.62741,441520.7699,E33_F9_m1f1_P10_Y6_UO10,I1_F10_m9f9_P33_Y4_UO575,I1_F33_m9f9_P33_Y4_UO579,FXX,1,0.0,1,1,1.0,0,0,0,-9999.0,0.6875,1,P0_CV0,2,2,0,1,1,0,2,0,2
33,10970.62741,441520.7699,E33_F9_m1f1_P10_Y6_UO92,I1_F33_m-1f-1_P1_Y-1_U217,ID1_F33_m-1f-1_P9_Y-1_U83,MXY,1,0.0,1,1,0.0,0,0,0,-9999.0,0.75,1,P0_CV0,2,1,1,1,1,0,2,0,2
33,10970.62741,441520.7699,E33_F9_m1f1_P10_Y6_UO99,I1_F33_m-1f-1_P1_Y-1_U145,ID1_F10_m77f77_P10_Y0_UO3631,FXX,1,0.0,1,1,1.0,0,0,0,-9999.0,0.625,1,P0_CV0,2,1,1,2,0,0,2,0,2
33,10970.62741,441520.7699,E33_F9_m9f9_P10_Y6_UO538,I9_F10_m9f9_P33_Y4_UO570,I9_F44_m1f1_P44_Y1_UO34,FXX,1,0.0,1,1,1.0,0,0,0,-9999.0,0.4375,1,P0_CV0,2,2,0,1,1,0,2,0,2
33,10970.62741,441520.7699,E33_F9_m9f9_P10_Y6_UO556,I9_F33_m77f77_P33_Y4_UO3419,I9_F33_m1f1_P44_Y0_UO89,MXY,1,0.0,1,1,0.0,0,0,0,-9999.0,0.625,1,P0_CV0,2,1,1,1,1,0,2,0,2
33,10970.62741,441520.7699,E33_F9_m9f9_P10_Y6_UO571,I9_F44_m1f1_P10_Y3_UO68,ID9_F33_m-1f-1_P1_Y-1_U175,MXY,1,0.0,1,1,0.0,0,0,0,-9999.0,0.6875,1,P0_CV0,2,1,1,1,1,0,2,0,2
33,10970.62741,441520.7699,E33_F9_m9f9_P10_Y6_UO618,I9_F10_m1f1_P10_Y0_UO0,ID9_F10_m77f77_P10_Y4_UO3402,FXX,1,0.0,1,1,1.0,0,0,0,-9999.0,0.3125,1,P0_CV0,2,1,1,0,2,0,2,0,2
33,10970.62741,441520.7699,E33_F9_m9f9_P10_Y6_UO636,ID9_F10_m-1f-1_P9_Y-1_U108,ID9_F10_m77f77_P10_Y3_UO3373,FXX,1,0.0,1,1,1.0,0,0,0,-9999.0,0.8125,1,P0_CV0,2,2,0,2,0,0,2,0,2
33,10970.62741,441520.7699,E33_F9_m77f77_P10_Y6_UO3473,I77_F33_m-1f-1_P77_Y-1_U226,I77_F10_m1f1_P10_Y0_UO65,MXY,1,0.0,1,1,0.0,0,0,0,-9999.0,1.0,1,P0_CV0,2,2,0,1,1,0,2,0,2
33,10970.62741,441520.7699,E33_F9_m77f77_P10_Y6_UO3488,I77_F82_m-1f-1_P1_Y-1_U246,I77_F10_m77f77_P82_Y4_UO3365,FXX,1,0.0,1,1,1.0,0,0,0,-9999.0,0.40625,1,P0_CV0,2,0,2,1,1,0,2,0,2
33,10970.62741,441520.7699,E33_F9_m1f1_P33_Y6_UO19,I1_F10_m1f1_P44_Y4_UO35,I1_F10_m-1f-1_P1_Y-1_U2,FXX,1,0.0,1,1,1.0,0,0,0,-9999.0,0.75,1,P0_CV0,2,2,0,1,1,0,2,0,2
33,10970.62741,441520.7699,E33_F9_m1f1_P33_Y6_UO26,ID1_F33_m1f1_P33_Y4_UO11,I1_F33_m-1f-1_P9_Y-1_U79,MXY,1,0.0,1,1,0.0,0,0,0,-9999.0,0.375,1,P0_CV0,2,0,2,2,0,0,2,0,2
33,10970.62741,441520.7699,E33_F9_m1f1_P33_Y6_UO53,ID1_F10_m9f9_P10_Y2_UO521,I1_F44_m1f1_P44_Y1_UO81,MXY,1,0.0,1,1,0.0,0,0,0,-9999.0,0.4375,1,P0_CV0,2,0,2,0,2,0,2,0,2
33,10970.62741,441520.7699,E33_F9_m1f1_P33_Y6_UO88,I1_F10_m-1f-1_P1_Y-1_U168,ID1_F10_m1f1_P33_Y3_UO48,FXX,1,0.0,1,1,1.0,0,0,0,-9999.0,0.5,1,P0_CV0,2,2,0,1,1,0,2,0,2
33,10970.62741,441520.7699,E33_F9_m9f9_P33_Y6_UO554,I9_F44_m9f9_P33_Y4_UO583,ID9_F10_m1f1_P10_Y1_UO69,FXX,1,0.0,1,1,1.0,0,0,0,-9999.0,0.5,1,P0_CV0,2,2,0,2,0,0,2,0,2
33,10970.62741,441520.7699,E33_F9_m9f9_P33_Y6_UO580,I9_F44_m77f77_P67_Y3_UO3437,I9_F33_m9f9_P33_Y3_UO563,FXX,1,0.0,1,1,1.0,0,0,0,-9999.0,0.375,1,P0_CV0,2,0,2,1,1,0,2,0,2
33,10970.62741,441520.7699,E33_F9_m9f9_P33_Y6_UO584,I9_F10_m1f1_P33_Y3_UO5,ID9_F33_m1f1_P33_Y4_UO94,FXX,1,0.0,1,1,1.0,0,0,0,-9999.0,0.25,1,P0_CV0,2,0,2,2,0,0,2,0,2
33,10970.62741,441520.7699,E33_F9_m9f9_P33_Y6_UO589,ID9_F33_m1f1_P10_Y2_UO44,ID9_F33_m-1f-1_P1_Y-1_U175,MXY,1,0.0,1,1,0.0,0,0,0,-9999.0,0.875,1,P0_CV0,2,1,1,1,1,0,2,0,2
33,10970.62741,441520.7699,E33_F9_m9f9_P33_Y6_UO642,I9_F10_m-1f-1_P1_Y-1_U240,I9_F10_m9f9_P18_Y2_UO530,FXX,1,0.0,1,1,1.0,0,0,0,-9999.0,0.25,1,P0_CV0,2,1,1,1,1,0,2,0,2
33,10970.62741,441520.7699,E33_F9_m77f77_P33_Y6_UO3482,I77_F10_m-1f-1_P77_Y-1_U230,I77_F10_m9f9_P10_Y4_UO517,FXX,1,0.0,1,1,1.0,0,0,0,-9999.0,0.6875,1,P0_CV0,2,0,2,1,1,0,2,0,2
33,10970.62741,441520.7699,E33_F9_m1f1_P44_Y6_UO48,ID1_F44_m1f1_P33_Y3_UO85,I1_F33_m-1f-1_P1_Y-1_U142,FXX,1,0.0,1,1,1.0,0,0,0,-9999.0,0.125,1,P0_CV0,2,1,1,1,1,0,2,0,2
33,10970.62741,441520.7699,E33_F9_m9f9_P44_Y6_UO594,ID9_F33_m1f1_P33_Y2_UO47,I9_F33_m1f1_P10_Y4_UO42,FXX,1,0.0,1,1,1.0,0,0,0,-9999.0,0.5625,1,P0_CV0,2,0,2,2,0,0,2,0,2
33,10970.62741,441520.7699,E33_F1_m1f1_P44_Y5_UO60,I1_F33_m1f1_P44_Y1_UO73,I1_F33_m-1f-1_P9_Y-1_U22,FXX,2,0.0,1,0,1.0,0,0,0,-9999.0,0.625,1,P0_CV0,2,1,1,1,1,0,2,0,2
33,10970.62741,441520.7699,E33_F1_m1f1_P33_Y5_UO101,I1_F44_m-1f-1_P1_Y-1_U32,I1_F44_m-1f-1_P1_Y-1_U73,FXX,2,0.0,1,0,1.0,0,0,0,-9999.0,0.25,1,P0_CV0,2,1,1,1,1,0,2,0,2
33,10970.62741,441520.7699,E33_F1_m9f9_P10_Y5_UO558,I9_F44_m1f1_P10_Y3_UO13,I9_F10_m9f9_P10_Y2_UO591,FXX,2,0.0,1,0,1.0,0,0,0,-9999.0,0.4375,1,P0_CV0,2,1,1,1,1,0,2,0,2
33,10970.62741,441520.7699,E33_F1_m1f1_P33_Y5_UO46,ID1_F33_m9f9_P10_Y2_UO518,I1_F33_m9f9_P33_Y1_UO451,FXX,2,0.0,1,0,1.0,0,0,0,-9999.0,0.3125,1,P0_CV0,2,1,1,2,0,0,2,0,2
33,10970.62741,441520.7699,E33_F9_m1f1_P10_Y5_UO84,I1_F33_m-1f-1_P1_Y-1_U95,ID1_F44_m-1f-1_P1_Y-1_U104,MXY,2,0.0,1,0,0.0,0,0,0,-9999.0,0.75,1,P0_CV0,2,1,1,1,1,0,2,0,2
33,10970.62741,441520.7699,E33_F9_m1f1_P33_Y5_UO97,ID1_F10_m-1f-1_P1_Y-1_U145,I1_F44_m4f4_P96_Y3_UO242,FXX,2,0.0,1,0,1.0,0,0,0,-9999.0,0.875,1,P0_CV0,2,2,0,1,1,0,2,0,2
33,10970.62741,441520.7699,E33_F9_m9f9_P33_Y5_UO571,I9_F10_m9f9_P10_Y3_UO531,ID9_F10_m1f1_P10_Y2_UO21,FXX,2,0.0,1,0,1.0,0,0,0,-9999.0,0.75,1,P0_CV0,2,2,0,1,1,0,2,0,2
33,10970.62741,441520.7699,E33_F9_m77f77_P10_Y5_UO3421,I77_F33_m-1f-1_P77_Y-1_U110,ID77_F82_m1f1_P10_Y3_UO69,MXY,2,0.0,1,0,0.0,0,0,0,-9999.0,0.125,1,P0_CV0,2,1,1,2,0,0,2,0,2
33,10970.62741,441520.7699,E33_F9_m9f9_P44_Y5_UO554,ID9_F10_m9f9_P10_Y3_UO562,I9_F44_m9f9_P33_Y3_UO502,MXY,2,0.0,1,0,0.0,0,0,0,-9999.0,0.6875,1,P0_CV0,2,0,2,2,0,0,2,0,2
33,10970.62741,441520.7699,E33_F9_m1f1_P33_Y5_UO22,I1_F44_m1f1_P44_Y3_UO3,I1_F33_m-1f-1_P1_Y-1_U215,FXX,2,0.0,1,0,1.0,0,0,0,-9999.0,0.625,1,P0_CV0,2,1,1,2,0,0,2,0,2
33,10970.62741,441520.7699,E33_F9_m1f1_P33_Y5_UO86,I1_F33_m-1f-1_P1_Y-1_U235,I1_F10_m1f1_P33_Y1_UO19,MXY,2,0.0,1,0,0.0,0,0,0,-9999.0,0.5,1,P0_CV0,2,1,1,1,1,0,2,0,2
33,10970.62741,441520.7699,E33_F77_m9f9_P10_Y5_UO642,I9_F33_m-1f-1_P1_Y-1_U240,I9_F44_m-1f-1_P1_Y-1_U169,MXY,2,0.0,1,0,0.0,0,0,0,-9999.0,0.25,1,P0_CV0,2,0,2,1,1,0,2,0,2
33,10970.62741,441520.7699,E33_F1_m9f9_P33_Y4_UO508,I9_F10_m1f1_P33_Y2_UO40,ID9_F10_m1f1_P10_Y2_UO6,FXX,3,0.0,1,0,1.0,0,0,0,-9999.0,0.4375,1,P0_CV0,2,0,2,0,2,0,2,0,2
33,10970.62741,441520.7699,E33_F1_m1f1_P10_Y4_UO88,I1_F44_m-1f-1_P1_Y-1_U145,I1_F33_m-1f-1_P1_Y-1_U199,MXY,3,0.0,1,0,0.0,0,0,0,-9999.0,0.75,1,P0_CV0,2,2,0,1,1,0,2,0,2
33,10970.62741,441520.7699,E33_F1_m9f9_P18_Y4_UO542,I9_F33_m1f1_P33_Y1_UO54,ID9_F10_m77f77_P10_Y1_UO3223,MXY,3,0.0,1,0,0.0,0,0,0,-9999.0,0.375,1,P0_CV0,2,0,2,1,1,0,2,0,2
33,10970.62741,441520.7699,E33_F1_m1f1_P33_Y4_UO40,I1_F10_m9f9_P33_Y1_UO496,ID1_F44_m-1f-1_P1_Y-1_U131,FXX,3,0.0,1,0,1.0,0,0,0,-9999.0,0.625,1,P0_CV0,2,1,1,1,1,0,2,0,2
33,10970.62741,441520.7699,E33_F1_m1f1_P44_Y4_UO44,I1_F44_m1f1_P10_Y0_UO0,I1_F44_m-1f-1_P1_Y-1_U248,FXX,3,0.0,1,0,1.0,0,0,0,-9999.0,0.5,1,P0_CV0,2,1,1,0,2,0,2,0,2
33,10970.62741,441520.7699,E33_F1_m9f9_P33_Y4_UO539,I9_F10_m1f1_P33_Y1_UO89,ID9_F10_m-1f-1_P77_Y-1_U178,MXY,3,0.0,1,0,0.0,0,0,0,-9999.0,0.5,1,P0_CV0,2,1,1,1,1,0,2,0,2
33,10970.62741,441520.7699,E33_F1_m9f9_P10_Y4_UO601,I9_F33_m-1f-1_P1_Y-1_U166,I9_F33_m1f1_P44_Y0_UO58,FXX,3,0.0,1,0,1.0,0,0,0,-9999.0,0.625,1,P0_CV0,2,1,1,1,1,0,2,0,2
33,10970.62741,441520.7699,E33_F1_m1f1_P33_Y4_UO74,I1_F10_m-1f-1_P1_Y-1_U176,I1_F10_m-1f-1_P1_Y-1_U117,MXY,3,0.0,1,0,0.0,0,0,0,-9999.0,0.0,1,P0_CV0,2,0,2,2,0,0,2,0,2
33,10970.62741,441520.7699,E33_F9_m9f9_P33_Y4_UO583,ID9_F10_m-1f-1_P1_Y-1_U128,I9_F33_m1f1_P33_Y0_UO80,FXX,3,0.0,1,0,1.0,0,0,0,-9999.0,0.5,1,P0_CV0,2,2,0,2,0,0,2,0,2
33,10970.62741,441520.7699,E33_F9_m1f1_P44_Y4_UO62,I1_F10_m-1f-1_P77_Y-1_U171,I1_F44_m-1f-1_P1_Y-1_U248,MXY,3,0.0,1,0,0.0,0,0,0,-9999.0,0.5,1,P0_CV0,2,1,1,1,1,0,2,0,2
33,10970.62741,441520.7699,E33_F9_m9f9_P33_Y4_UO570,I9_F33_m1f1_P33_Y0_UO66,I9_F18_m9f9_P10_Y1_UO499,FXX,3,0.0,1,0,1.0,0,0,0,-9999.0,0.375,1,P0_CV0,2,1,1,1,1,0,2,0,2
33,10970.62741,441520.7699,E33_F9_m9f9_P33_Y4_UO521,I9_F33_m77f77_P10_Y2_UO3430,ID9_F10_m1f1_P96_Y0_UO43,FXX,3,0.0,1,0,1.0,0,0,0,-9999.0,0.75,1,P0_CV0,2,1,1,1,1,0,2,0,2
33,10970.62741,441520.7699,E33_F77_m1f1_P33_Y4_UO84,I1_F96_m-1f-1_P1_Y-1_U94,ID1_F33_m1f1_P10_Y1_UO35,FXX,3,0.0,1,0,1.0,0,0,0,-9999.0,0.25,1,P0_CV0,2,1,1,1,1,0,2,0,2
33,10970.62741,441520.7699,E33_F77_m9f9_P18_Y4_UO546,I9_F33_m1f1_P33_Y1_UO60,I9_F33_m1f1_P44_Y2_UO67,FXX,3,0.0,1,0,1.0,0,0,0,-9999.0,0.375,1,P0_CV0,2,1,1,2,0,0,2,0,2
33,10970.62741,441520.7699,E33_F77_m4f4_P82_Y4_UO226,ID4_F82_m1f1_P96_Y0_UO73,I4_F10_m4f4_P82_Y2_UO271,MXY,3,0.0,1,0,0.0,0,0,0,-9999.0,0.25,1,P0_CV0,2,1,1,1,1,0,2,0,2
33,10970.62741,441520.7699,E33_F1_m1f1_P33_Y3_UO48,I1_F44_m-1f-1_P1_Y-1_U214,I1_F10_m-1f-1_P1_Y-1_U66,MXY,4,0.0,1,0,0.0,0,0,0,-9999.0,0.5,1,P0_CV0,2,1,1,1,1,0,2,0,2
33,10970.62741,441520.7699,E33_F1_m1f1_P33_Y3_UO5,I1_F96_m1f1_P44_Y1_UO73,I1_F33_m4f4_P96_Y0_UO205,FXX,4,0.0,1,0,1.0,0,0,0,-9999.0,0.375,1,P0_CV0,2,0,2,2,0,0,2,0,2
33,10970.62741,441520.7699,E33_F1_m9f9_P10_Y3_UO568,I9_F10_m-1f-1_P1_Y-1_U170,I9_F44_m77f77_P10_Y1_UO3211,MXY,4,0.0,1,0,0.0,0,0,0,-9999.0,0.625,1,P0_CV0,2,1,1,1,1,0,2,0,2
33,10970.62741,441520.7699,E33_F1_m1f1_P44_Y3_UO33,I1_F44_m77f77_P33_Y0_UO3665,ID1_F10_m-1f-1_P1_Y-1_U159,FXX,4,0.0,1,0,1.0,0,0,0,-9999.0,0.875,1,P0_CV0,2,1,1,0,2,0,2,0,2
33,10970.62741,441520.7699,E33_F1_m1f1_P33_Y3_UO85,I1_F10_m-1f-1_P1_Y-1_U92,ID1_F33_m-1f-1_P1_Y-1_U206,FXX,4,0.0,1,0,1.0,0,0,0,-9999.0,0.25,1,P0_CV0,2,1,1,2,0,0,2,0,2
33,10970.62741,441520.7699,E33_F1_m1f1_P10_Y3_UO58,ID1_F44_m-1f-1_P1_Y-1_U128,I1_F10_m-1f-1_P1_Y-1_U195,FXX,4,0.0,1,0,1.0,0,0,0,-9999.0,0.5,1,P0_CV0,2,2,0,2,0,0,2,0,2
33,10970.62741,441520.7699,E33_F1_m1f1_P33_Y3_UO41,I1_F44_m9f9_P10_Y0_UO583,I1_F18_m-1f-1_P1_Y-1_U104,MXY,4,0.0,1,0,0.0,0,0,0,-9999.0,0.875,1,P0_CV0,2,2,0,1,1,0,2,0,2
33,10970.62741,441520.7699,E33_F9_m9f9_P10_Y3_UO592,ID9_F33_m-1f-1_P1_Y-1_U98,ID9_F44_m4f4_P10_Y1_UO174,FXX,4,0.0,1,0,1.0,0,0,0,-9999.0,0.5,1,P0_CV0,2,0,2,2,0,0,2,0,2
33,10970.62741,441520.7699,E33_F9_m9f9_P33_Y3_UO543,I9_F10_m1f1_P33_Y0_UO2,I9_F10_m-1f-1_P9_Y-1_U134,FXX,4,0.0,1,0,1.0,0,0,0,-9999.0,0.25,1,P0_CV0,2,1,1,1,1,0,2,0,2
33,10970.62741,441520.7699,E33_F9_m1f1_P10_Y3_UO68,ID1_F44_m-1f-1_P1_Y-1_U196,I1_F10_m1f1_P97_Y0_UO78,FXX,4,0.0,1,0,1.0,0,0,0,-9999.0,0.375,1,P0_CV0,2,1,1,2,0,0,2,0,2
33,10970.62741,441520.7699,E33_F9_m9f9_P33_Y3_UO525,I9_F10_m1f1_P44_Y0_UO17,I9_F33_m1f1_P10_Y0_UO39,FXX,4,0.0,1,0,1.0,0,0,0,-9999.0,0.75,1,P0_CV0,2,2,0,1,1,0,2,0,2
33,10970.62741,441520.7699,E33_F77_m9f9_P33_Y3_UO583,I9_F33_m-1f-1_P1_Y-1_U166,I9_F10_m-1f-1_P9_Y-1_U129,FXX,4,0.0,1,0,1.0,0,0,0,-9999.0,0.75,1,P0_CV0,2,1,1,1,1,0,2,0,2
33,10970.62741,441520.7699,E33_F1_m1f1_P44_Y2_UO69,I1_F44_m-1f-1_P1_Y-1_U120,I1_F44_m-1f-1_P1_Y-1_U113,MXY,5,0.0,1,0,0.0,0,0,0,-9999.0,0.5,1,P0_CV0,2,2,0,2,0,0,2,0,2
33,10970.62741,441520.7699,E33_F9_m1f1_P33_Y2_UO47,I1_F33_m-1f-1_P1_Y-1_U93,I1_F10_m-1f-1_P1_Y-1_U2,FXX,5,0.0,1,0,1.0,0,0,0,-9999.0,0.75,1,P0_CV0,2,1,1,2,0,0,2,0,2
33,10970.62741,441520.7699,E33_F9_m1f1_P10_Y2_UO44,I1_F33_m-1f-1_P1_Y-1_U95,I1_F10_m-1f-1_P1_Y-1_U22,FXX,5,0.0,1,0,1.0,0,0,0,-9999.0,0.75,1,P0_CV0,2,1,1,2,0,0,2,0,2
33,10970.62741,441520.7699,E33_F9_m1f1_P33_Y2_UO87,I1_F44_m-1f-1_P1_Y-1_U116,I1_F96_m-1f-1_P1_Y-1_U161,MXY,5,0.0,1,0,0.0,0,0,0,-9999.0,0.0,1,P0_CV0,2,0,2,2,0,0,2,0,2
33,10970.62741,441520.7699,E33_F9_m9f9_P44_Y2_UO588,ID9_F33_m-1f-1_P1_Y-1_U76,ID9_F10_m1f1_P96_Y0_UO64,MXY,5,0.0,1,0,0.0,0,0,0,-9999.0,0.875,1,P0_CV0,2,2,0,0,2,0,2,0,2
33,10970.62741,441520.7699,E33_F9_m9f9_P44_Y2_UO567,I9_F10_m-1f-1_P1_Y-1_U57,I9_F33_m-1f-1_P9_Y-1_U214,MXY,5,0.0,1,0,0.0,0,0,0,-9999.0,0.5,1,P0_CV0,2,0,2,1,1,0,2,0,2
33,10970.62741,441520.7699,E33_F77_m1f1_P33_Y2_UO80,I1_F33_m-1f-1_P1_Y-1_U249,I1_F33_m-1f-1_P1_Y-1_U219,FXX,5,0.0,1,0,1.0,0,0,0,-9999.0,0.5,1,P0_CV0,2,1,1,2,0,0,2,0,2
33,10970.62741,441520.7699,E33_F1_m1f1_P44_Y1_UO44,I1_F33_m-1f-1_P1_Y-1_U94,ID1_F33_m-1f-1_P1_Y-1_U228,MXY,6,0.0,1,0,0.0,0,0,0,-9999.0,0.25,1,P0_CV0,2,0,2,1,1,0,2,0,2
33,10970.62741,441520.7699,E33_F1_m1f1_P44_Y1_UO73,I1_F33_m-1f-1_P1_Y-1_U116,I1_F33_m-1f-1_P1_Y-1_U218,FXX,6,0.0,1,0,1.0,0,0,0,-9999.0,0.25,1,P0_CV0,2,0,2,2,0,0,2,0,2
33,10970.62741,441520.7699,E33_F9_m1f1_P44_Y1_UO34,I1_F33_m-1f-1_P1_Y-1_U35,ID1_F33_m-1f-1_P1_Y-1_U131,MXY,6,0.0,1,0,0.0,0,0,0,-9999.0,0.5,1,P0_CV0,2,1,1,1,1,0,2,0,2
33,10970.62741,441520.7699,E33_F9_m1f1_P44_Y1_UO67,I1_F33_m-1f-1_P1_Y-1_U246,I1_F33_m-1f-1_P1_Y-1_U195,FXX,6,0.0,1,0,1.0,0,0,0,-9999.0,0.25,1,P0_CV0,2,0,2,2,0,0,2,0,2
33,10970.62741,441520.7699,E33_F1_m1f1_P33_Y0_UO4,R1_F1_m-1f-1_P1_Y-1_U14,R1_F1_m-1f-1_P1_Y-1_U106,FXX,7,0.0,1,0,1.0,0,0,0,-9999.0,0.5,1,P0_CV0,2,1,1,1,1,0,2,0,2
33,10970.62741,441520.7699,E33_F1_m1f1_P10_Y0_UO33,R1_F1_m-1f-1_P1_Y-1_U112,R1_F1_m-1f-1_P1_Y-1_U87,FXX,7,0.0,1,0,1.0,0,0,0,-9999.0,0.25,1,P0_CV0,2,1,1,1,1,0,2,0,2
33,10970.62741,441520.7699,E33_F9_m1f1_P10_Y0_UO93,R1_F1_m-1f-1_P1_Y-1_U249,R1_F1_m-1f-1_P1_Y-1_U55,FXX,7,0.0,1,0,1.0,0,0,0,-9999.0,0.0,1,P0_CV0,2,0,2,2,0,0,2,0,2
33,10970.62741,441520.7699,E33_F77_m1f1_P33_Y0_UO34,R1_F1_m-1f-1_P1_Y-1_U116,R1_F1_m-1f-1_P1_Y-1_U140,FXX,7,0.0,1,0,1.0,0,0,0,-9999.0,0.25,1,P0_CV0,2,0,2,1,1,0,2,0,2
33,10970.62741,441520.7699,E33_F9_m-1f-1_P1_Y-1_U73,-9999,-9999,MXY,8,0.0,1,0,0.0,0,0,0,-9999.0,0.5,1,P0_CV0,2,1,1,1,1,0,2,0,2
33,10970.62741,441520.7699,E33_F9_m-1f-1_P1_Y-1_U93,-9999,-9999,FXX,8,0.0,1,0,1.0,0,0,0,-9999.0,0.5,1,P0_CV0,2,1,1,2,0,0,2,0,2
33,10970.62741,441520.7699,E33_F1_m-1f-1_P1_Y-1_U235,-9999,-9999,FXX,9,0.0,1,0,1.0,0,0,0,-9999.0,0.5,1,P0_CV0,2,1,1,0,2,0,2,0,2
33,10970.62741,441520.7699,E33_F1_m-1f-1_P1_Y-1_U104,-9999,-9999,MXY,9,0.0,1,0,0.0,0,0,0,-9999.0,1.0,1,P0_CV0,2,2,0,0,2,0,2,0,2
33,10970.62741,441520.7699,E33_F1_m-1f-1_P1_Y-1_U178,-9999,-9999,MXY,10,0.0,1,0,0.0,0,0,0,-9999.0,0.5,1,P0_CV0,2,1,1,1,1,0,2,0,2
33,10970.62741,441520.7699,E33_F1_m-1f-1_P1_Y-1_U176,-9999,-9999,FXX,10,0.0,1,0,1.0,0,0,0,-9999.0,0.0,1,P0_CV0,2,0,2,2,0,0,2,0,2
33,10970.62741,441520.7699,E33_F1_m-1f-1_P1_Y-1_U168,-9999,-9999,FXX,10,0.0,1,0,1.0,0,0,0,-9999.0,0.5,1,P0_CV0,2,1,1,1,1,0,2,0,2
33,10970.62741,441520.7699,E33_F9_m-1f-1_P1_Y-1_U66,-9999,-9999,MXY,10,0.0,1,0,0.0,0,0,0,-9999.0,1.0,1,P0_CV0,2,2,0,1,1,0,2,0,2
33,10970.62741,441520.7699,E33_F1_m-1f-1_P1_Y-1_U120,-9999,-9999,FXX,11,0.0,1,0,1.0,0,0,0,-9999.0,0.5,1,P0_CV0,2,1,1,2,0,0,2,0,2
33,10970.62741,441520.7699,E33_F1_m-1f-1_P1_Y-1_U161,-9999,-9999,MXY,11,0.0,1,0,0.0,0,0,0,-9999.0,0.0,1,P0_CV0,2,0,2,1,1,0,2,0,2
33,10970.62741,441520.7699,E33_F9_m-1f-1_P1_Y-1_U166,-9999,-9999,FXX,12,0.0,1,0,1.0,0,0,0,-9999.0,1.0,1,P0_CV0,2,2,0,1,1,0,2,0,2
33,10970.62741,441520.7699,E33_F1_m-1f-1_P1_Y-1_U34,-9999,-9999,MXY,13,0.0,1,0,0.0,0,0,0,-9999.0,0.0,1,P0_CV0,2,0,2,1,1,0,2,0,2
33,10970.62741,441520.7699,E33_F1_m-1f-1_P1_Y-1_U117,-9999,-9999,MXY,14,0.0,1,0,0.0,0,0,0,-9999.0,0.0,1,P0_CV0,2,0,2,1,1,0,2,0,2
33,10970.62741,441520.7699,E33_F1_m-1f-1_P1_Y-1_U142,-9999,-9999,MXY,15,0.0,1,0,0.0,0,0,0,-9999.0,0.0,1,P0_CV0,2,0,2,1,1,0,2,0,2
33,10970.62741,441520.7699,Age0_F33_m1f1_P33_Y7_UO41,ID1_F33_m9f9_P10_Y4_UO593,I1_F33_m1f1_P33_Y2_UO35,MXY,0,0.0,0,0,0.0,0,0,0,0.0,0.4375,1,P3_CV0,2,0,2,1,1,0,2,0,2
33,10970.62741,441520.7699,Age0_F33_m1f1_P33_Y7_UO73,I1_F44_m1f1_P10_Y3_UO58,I1_F33_m9f9_P10_Y4_UO553,FXX,0,0.0,0,0,0.0,0,0,0,0.0,0.5625,1,P3_CV0,2,1,1,1,1,0,2,0,2
33,10970.62741,441520.7699,Age0_F33_m1f1_P33_Y7_UO89,I1_F33_m4f4_P82_Y0_UO263,I1_F10_m4f4_P96_Y5_UO226,MXY,0,0.0,0,0,0.0,0,0,0,0.0,0.4375,1,P3_CV0,2,1,1,0,2,0,2,0,2
33,10970.62741,441520.7699,Age0_F33_m9f9_P33_Y7_UO529,I9_F10_m77f77_P33_Y5_UO3391,ID9_F33_m1f1_P10_Y5_UO19,MXY,0,0.0,0,0,0.0,0,0,0,0.0,0.3125,1,P3_CV0,2,0,2,0,2,0,2,0,2
33,10970.62741,441520.7699,Age0_F33_m9f9_P33_Y7_UO540,I9_F44_m77f77_P10_Y5_UO3394,I9_F33_m77f77_P33_Y4_UO3367,FXX,0,0.0,0,0,0.0,0,0,0,0.0,0.53125,1,P3_CV0,2,0,2,1,1,0,2,0,2
33,10970.62741,441520.7699,Age0_F33_m9f9_P33_Y7_UO544,ID9_F33_m1f1_P33_Y5_UO97,I9_F10_m1f1_P33_Y5_UO31,FXX,0,0.0,0,0,0.0,0,0,0,0.0,0.78125,1,P3_CV0,2,1,1,1,1,0,2,0,2
33,10970.62741,441520.7699,Age0_F33_m9f9_P33_Y7_UO569,I9_F33_m9f9_P33_Y4_UO583,I9_F33_m77f77_P33_Y4_UO3368,FXX,0,0.0,0,0,0.0,0,0,0,0.0,0.4375,1,P3_CV0,2,2,0,2,0,0,2,0,2
33,10970.62741,441520.7699,Age0_F33_m9f9_P33_Y7_UO585,I9_F10_m77f77_P33_Y3_UO3417,I9_F33_m9f9_P10_Y5_UO625,FXX,0,0.0,0,0,0.0,0,0,0,0.0,0.5625,1,P3_CV0,2,2,0,1,1,0,2,0,2
33,10970.62741,441520.7699,Age0_F33_m9f9_P33_Y7_UO587,I9_F33_m9f9_P10_Y3_UO536,ID9_F33_m9f9_P44_Y2_UO588,MXY,0,0.0,0,0,0.0,0,0,0,0.0,0.625,1,P3_CV0,2,1,1,0,2,0,2,0,2
33,10970.62741,441520.7699,Age0_F33_m9f9_P33_Y7_UO588,I9_F33_m9f9_P33_Y3_UO543,ID9_F10_m9f9_P10_Y5_UO574,FXX,0,0.0,0,0,0.0,0,0,0,0.0,0.40625,1,P3_CV0,2,0,2,0,2,0,2,0,2
33,10970.62741,441520.7699,Age0_F33_m9f9_P33_Y7_UO595,I9_F33_m9f9_P33_Y3_UO525,I9_F33_m77f77_P33_Y4_UO3368,FXX,0,0.0,0,0,0.0,0,0,0,0.0,0.5625,1,P3_CV0,2,1,1,1,1,0,2,0,2
33,10970.62741,441520.7699,Age0_F33_m9f9_P33_Y7_UO598,I9_F44_m1f1_P33_Y2_UO47,ID9_F10_m77f77_P10_Y4_UO3380,FXX,0,0.0,0,0,0.0,0,0,0,0.0,0.75,1,P3_CV0,2,1,1,1,1,0,2,0,2
33,10970.62741,441520.7699,Age0_F33_m9f9_P33_Y7_UO610,ID9_F44_m1f1_P44_Y1_UO67,ID9_F10_m77f77_P10_Y4_UO3380,FXX,0,0.0,0,0,0.0,0,0,0,0.0,0.5,1,P3_CV0,2,1,1,1,1,0,2,0,2
33,10970.62741,441520.7699,Age0_F33_m9f9_P33_Y7_UO621,I9_F33_m-1f-1_P9_Y-1_U85,I9_F33_m77f77_P33_Y4_UO3368,MXY,0,0.0,0,0,0.0,0,0,0,0.0,0.4375,1,P3_CV0,2,0,2,2,0,0,2,0,2
33,10970.62741,441520.7699,Age0_F33_m9f9_P33_Y7_UO632,I9_F33_m-1f-1_P1_Y-1_U166,I9_F10_m9f9_P33_Y2_UO523,MXY,0,0.0,0,0,0.0,0,0,0,0.0,0.6875,1,P3_CV0,2,1,1,1,1,0,2,0,2
33,10970.62741,441520.7699,Age0_F33_m9f9_P33_Y7_UO634,I9_F44_m-1f-1_P9_Y-1_U105,ID9_F10_m77f77_P10_Y4_UO3380,FXX,0,0.0,0,0,0.0,0,0,0,0.0,0.375,1,P3_CV0,2,1,1,1,1,0,2,0,2
33,10970.62741,441520.7699,Age0_F33_m77f77_P33_Y7_UO3428,I77_F18_m9f9_P18_Y4_UO546,I77_F10_m4f4_P82_Y5_UO216,FXX,0,0.0,0,0,0.0,0,0,0,0.0,0.375,1,P3_CV0,2,0,2,1,1,0,2,0,2
33,10970.62741,441520.7699,Age0_F33_m77f77_P33_Y7_UO3435,I77_F10_m4f4_P82_Y3_UO225,I77_F10_m-1f-1_P9_Y-1_U215,FXX,0,0.0,0,0,0.0,0,0,0,0.0,0.5,1,P3_CV0,2,2,0,1,1,0,2,0,2
33,10970.62741,441520.7699,Age0_F33_m77f77_P33_Y7_UO3452,I77_F10_m1f1_P33_Y0_UO34,I77_F44_m4f4_P82_Y5_UO260,FXX,0,0.0,0,0,0.0,0,0,0,0.0,0.375,1,P3_CV0,2,1,1,0,2,0,2,0,2
33,10970.62741,441520.7699,E33_F1_m4f4_P10_Y6_UO246,ID4_F82_m4f4_P82_Y3_UO233,I4_F82_m4f4_P82_Y3_UO192,MXY,1,0.0,1,1,0.0,0,0,0,-9999.0,0.5,1,P3_CV0,2,1,1,1,1,0,2,0,2
33,10970.62741,441520.7699,E33_F1_m77f77_P10_Y6_UO3439,I77_F10_m9f9_P10_Y3_UO567,ID77_F10_m4f4_P67_Y3_UO219,MXY,1,0.0,1,1,0.0,0,0,0,-9999.0,0.5625,1,P3_CV0,2,1,1,2,0,0,2,0,2
33,10970.62741,441520.7699,E33_F1_m77f77_P10_Y6_UO3444,ID77_F10_m4f4_P82_Y3_UO195,I77_F33_m-1f-1_P77_Y-1_U211,MXY,1,0.0,1,1,0.0,0,0,0,-9999.0,0.5625,1,P3_CV0,2,0,2,0,2,0,2,0,2
33,10970.62741,441520.7699,E33_F1_m77f77_P10_Y6_UO3471,I77_F10_m-1f-1_P4_Y-1_U88,I77_F82_m4f4_P82_Y3_UO224,MXY,1,0.0,1,1,0.0,0,0,0,-9999.0,0.25,1,P3_CV0,2,0,2,1,1,0,2,0,2
33,10970.62741,441520.7699,E33_F1_m1f1_P44_Y6_UO24,ID1_F10_m77f77_P33_Y4_UO3412,I1_F10_m77f77_P33_Y3_UO3406,FXX,1,0.0,1,1,1.0,0,0,0,-9999.0,0.3125,1,P3_CV0,2,1,1,1,1,0,2,0,2
33,10970.62741,441520.7699,E33_F1_m4f4_P96_Y6_UO284,I4_F82_m-1f-1_P4_Y-1_U144,I4_F67_m4f4_P82_Y2_UO218,FXX,1,0.0,1,1,1.0,0,0,0,-9999.0,0.5,1,P3_CV0,2,1,1,0,2,0,2,0,2
33,10970.62741,441520.7699,E33_F9_m1f1_P10_Y6_UO8,I1_F33_m1f1_P33_Y4_UO97,I1_F33_m77f77_P10_Y4_UO3380,MXY,1,0.0,1,1,0.0,0,0,0,-9999.0,0.625,1,P3_CV0,2,1,1,1,1,0,2,0,2
33,10970.62741,441520.7699,E33_F9_m4f4_P10_Y6_UO268,I4_F67_m4f4_P82_Y1_UO230,I4_F82_m87f87_P67_Y1_UO3872,MXY,1,0.0,1,1,0.0,0,0,0,-9999.0,0.625,1,P3_CV0,2,1,1,1,1,0,2,0,2
33,10970.62741,441520.7699,E33_F9_m4f4_P10_Y6_UO277,I4_F82_m-1f-1_P4_Y-1_U145,ID4_F67_m77f77_P82_Y0_UO3652,FXX,1,0.0,1,1,1.0,0,0,0,-9999.0,0.875,1,P3_CV0,2,2,0,0,2,0,2,0,2
33,10970.62741,441520.7699,E33_F9_m9f9_P10_Y6_UO568,I9_F10_m1f1_P44_Y4_UO79,I9_F10_m77f77_P33_Y4_UO3368,FXX,1,0.0,1,1,1.0,0,0,0,-9999.0,0.4375,1,P3_CV0,2,1,1,2,0,0,2,0,2
33,10970.62741,441520.7699,E33_F9_m77f77_P10_Y6_UO3447,I77_F10_m1f1_P10_Y3_UO19,ID77_F10_m-1f-1_P77_Y-1_U89,FXX,1,0.0,1,1,1.0,0,0,0,-9999.0,0.4375,1,P3_CV0,2,1,1,0,2,0,2,0,2
33,10970.62741,441520.7699,E33_F9_m9f9_P18_Y6_UO612,I9_F44_m4f4_P82_Y0_UO232,ID9_F10_m77f77_P10_Y4_UO3402,FXX,1,0.0,1,1,1.0,0,0,0,-9999.0,0.3125,1,P3_CV0,2,1,1,0,2,0,2,0,2
33,10970.62741,441520.7699,E33_F9_m77f77_P33_Y6_UO3472,ID77_F82_m-1f-1_P9_Y-1_U187,I77_F82_m4f4_P82_Y1_UO264,FXX,1,0.0,1,1,1.0,0,0,0,-9999.0,0.875,1,P3_CV0,2,2,0,1,1,0,2,0,2
33,10970.62741,441520.7699,E33_F9_m1f1_P44_Y6_UO5,ID1_F44_m9f9_P44_Y4_UO515,I1_F33_m-1f-1_P9_Y-1_U166,MXY,1,0.0,1,1,0.0,0,0,0,-9999.0,0.5625,1,P3_CV0,2,1,1,0,2,0,2,0,2
33,10970.62741,441520.7699,E33_F77_m77f77_P33_Y6_UO3429,ID77_F67_m4f4_P82_Y4_UO253,I77_F67_m-1f-1_P77_Y-1_U32,MXY,1,0.0,1,1,0.0,0,0,0,-9999.0,0.75,1,P3_CV0,2,2,0,2,0,0,2,0,2
33,10970.62741,441520.7699,E33_F77_m4f4_P82_Y6_UO231,ID4_F82_m4f4_P96_Y3_UO214,I4_F82_m-1f-1_P4_Y-1_U95,MXY,1,0.0,1,1,0.0,0,0,0,-9999.0,0.75,1,P3_CV0,2,2,0,2,0,0,2,0,2
33,10970.62741,441520.7699,E33_F77_m4f4_P82_Y6_UO260,ID4_F82_m4f4_P67_Y2_UO267,ID4_F82_m-1f-1_P4_Y-1_U51,MXY,1,0.0,1,1,0.0,0,0,0,-9999.0,0.125,1,P3_CV0,2,0,2,2,0,0,2,0,2
33,10970.62741,441520.7699,E33_F77_m4f4_P82_Y6_UO288,ID4_F82_m-1f-1_P4_Y-1_U101,ID4_F82_m4f4_P82_Y0_UO239,MXY,1,0.0,1,1,0.0,0,0,0,-9999.0,0.25,1,P3_CV0,2,1,1,2,0,0,2,0,2
33,10970.62741,441520.7699,E33_F1_m9f9_P33_Y5_UO582,I9_F44_m4f4_P10_Y2_UO195,I9_F33_m77f77_P33_Y1_UO3213,MXY,2,0.0,1,0,0.0,0,0,0,-9999.0,0.5,1,P3_CV0,2,0,2,2,0,0,2,0,2
33,10970.62741,441520.7699,E33_F1_m4f4_P96_Y5_UO226,I4_F82_m4f4_P82_Y2_UO244,ID4_F67_m-1f-1_P4_Y-1_U20,MXY,2,0.0,1,0,0.0,0,0,0,-9999.0,0.375,1,P3_CV0,2,1,1,1,1,0,2,0,2
33,10970.62741,441520.7699,E33_F9_m9f9_P10_Y5_UO625,ID9_F10_m-1f-1_P1_Y-1_U93,I9_F10_m4f4_P10_Y0_UO252,MXY,2,0.0,1,0,0.0,0,0,0,-9999.0,0.5,1,P3_CV0,2,1,1,1,1,0,2,0,2
33,10970.62741,441520.7699,E33_F9_m77f77_P33_Y5_UO3391,ID77_F10_m4f4_P82_Y3_UO247,ID77_F82_m77f77_P10_Y1_UO3263,FXX,2,0.0,1,0,1.0,0,0,0,-9999.0,0.375,1,P3_CV0,2,1,1,1,1,0,2,0,2
33,10970.62741,441520.7699,E33_F9_m9f9_P44_Y5_UO557,I9_F33_m9f9_P10_Y3_UO536,I9_F33_m-1f-1_P9_Y-1_U134,MXY,2,0.0,1,0,0.0,0,0,0,-9999.0,0.1875,1,P3_CV0,2,0,2,1,1,0,2,0,2
33,10970.62741,441520.7699,E33_F9_m77f77_P10_Y5_UO3394,I77_F10_m4f4_P82_Y3_UO195,I77_F82_m1f1_P10_Y1_UO18,FXX,2,0.0,1,0,1.0,0,0,0,-9999.0,0.5625,1,P3_CV0,2,0,2,0,2,0,2,0,2
33,10970.62741,441520.7699,E33_F9_m1f1_P33_Y5_UO31,I1_F33_m4f4_P10_Y3_UO203,ID1_F33_m77f77_P10_Y3_UO3403,MXY,2,0.0,1,0,0.0,0,0,0,-9999.0,0.6875,1,P3_CV0,2,1,1,1,1,0,2,0,2
33,10970.62741,441520.7699,E33_F77_m4f4_P82_Y5_UO208,ID4_F96_m4f4_P96_Y3_UO214,I4_F82_m-1f-1_P4_Y-1_U172,MXY,2,0.0,1,0,0.0,0,0,0,-9999.0,1.0,1,P3_CV0,2,2,0,0,2,0,2,0,2
33,10970.62741,441520.7699,E33_F9_m77f77_P33_Y4_UO3368,I77_F10_m4f4_P82_Y1_UO244,I77_F33_m-1f-1_P77_Y-1_U46,MXY,3,0.0,1,0,0.0,0,0,0,-9999.0,0.375,1,P3_CV0,2,1,1,2,0,0,2,0,2
33,10970.62741,441520.7699,E33_F77_m77f77_P82_Y4_UO3365,ID77_F33_m4f4_P82_Y2_UO197,I77_F10_m-1f-1_P77_Y-1_U219,MXY,3,0.0,1,0,0.0,0,0,0,-9999.0,0.8125,1,P3_CV0,2,1,1,0,2,0,2,0,2
33,10970.62741,441520.7699,E33_F9_m77f77_P33_Y3_UO3417,I77_F10_m-1f-1_P77_Y-1_U139,ID77_F96_m4f4_P96_Y0_UO203,FXX,4,0.0,1,0,1.0,0,0,0,-9999.0,0.625,1,P3_CV0,2,2,0,1,1,0,2,0,2
33,10970.62741,441520.7699,E33_F9_m9f9_P10_Y3_UO536,I9_F33_m4f4_P10_Y0_UO220,I9_F10_m9f9_P10_Y0_UO533,FXX,4,0.0,1,0,1.0,0,0,0,-9999.0,0.375,1,P3_CV0,2,0,2,0,2,0,2,0,2
33,10970.62741,441520.7699,E33_F77_m4f4_P82_Y3_UO225,I4_F33_m-1f-1_P4_Y-1_U123,I4_F82_m-1f-1_P4_Y-1_U155,FXX,4,0.0,1,0,1.0,0,0,0,-9999.0,0.5,1,P3_CV0,2,1,1,2,0,0,2,0,2
33,10970.62741,441520.7699,E33_F77_m4f4_P82_Y2_UO213,I4_F67_m-1f-1_P4_Y-1_U120,I4_F82_m4f4_P96_Y0_UO203,MXY,5,0.0,1,0,0.0,0,0,0,-9999.0,0.875,1,P3_CV0,2,1,1,2,0,0,2,0,2
33,10970.62741,441520.7699,E33_F9_m4f4_P10_Y1_UO174,ID4_F82_m-1f-1_P4_Y-1_U115,I4_F82_m-1f-1_P4_Y-1_U63,MXY,6,0.0,1,0,0.0,0,0,0,-9999.0,0.5,1,P3_CV0,2,1,1,2,0,0,2,0,2
33,10970.62741,441520.7699,E33_F77_m4f4_P82_Y1_UO264,ID4_F96_m-1f-1_P4_Y-1_U0,I4_F82_m-1f-1_P4_Y-1_U96,MXY,6,0.0,1,0,0.0,0,0,0,-9999.0,0.75,1,P3_CV0,2,1,1,1,1,0,2,0,2
33,10970.62741,441520.7699,E33_F1_m4f4_P82_Y0_UO263,R4_F4_m-1f-1_P4_Y-1_U165,R4_F4_m-1f-1_P4_Y-1_U111,FXX,7,0.0,1,0,1.0,0,0,0,-9999.0,0.5,1,P3_CV0,2,2,0,0,2,0,2,0,2
33,10970.62741,441520.7699,Age0_F33_m1f1_P33_Y7_UO19,I1_F44_m9f9_P44_Y5_UO584,I1_F33_m9f9_P33_Y4_UO529,FXX,0,0.0,0,0,0.0,0,0,0,0.0,0.4375,1,P76_CV0,2,0,2,1,1,0,2,0,2
33,10970.62741,441520.7699,Age0_F33_m1f1_P33_Y7_UO37,I1_F33_m9f9_P10_Y4_UO609,ID1_F33_m1f1_P33_Y3_UO41,FXX,0,0.0,0,0,0.0,0,0,0,0.0,0.8125,1,P76_CV0,2,1,1,1,1,0,2,0,2
33,10970.62741,441520.7699,Age0_F33_m1f1_P33_Y7_UO38,I1_F10_m9f9_P10_Y4_UO613,I1_F44_m9f9_P33_Y5_UO604,FXX,0,0.0,0,0,0.0,0,0,0,0.0,0.46875,1,P76_CV0,2,1,1,2,0,0,2,0,2
33,10970.62741,441520.7699,Age0_F33_m1f1_P33_Y7_UO39,I1_F10_m9f9_P33_Y4_UO508,I1_F33_m77f77_P10_Y0_UO3668,FXX,0,0.0,0,0,0.0,0,0,0,0.0,0.21875,1,P76_CV0,2,0,2,1,1,0,2,0,2
33,10970.62741,441520.7699,Age0_F33_m1f1_P33_Y7_UO60,I1_F10_m77f77_P33_Y3_UO3393,I1_F10_m9f9_P18_Y4_UO542,MXY,0,0.0,0,0,0.0,0,0,0,0.0,0.3125,1,P76_CV0,2,0,2,2,0,0,2,0,2
33,10970.62741,441520.7699,Age0_F33_m1f1_P33_Y7_UO77,I1_F33_m4f4_P96_Y2_UO273,I1_F10_m1f1_P44_Y5_UO54,MXY,0,0.0,0,0,0.0,0,0,0,0.0,0.34375,1,P76_CV0,2,0,2,1,1,0,2,0,2
33,10970.62741,441520.7699,Age0_F33_m1f1_P33_Y7_UO93,ID1_F33_m9f9_P10_Y0_UO548,I1_F33_m77f77_P33_Y1_UO3244,FXX,0,0.0,0,0,0.0,0,0,0,0.0,0.5,1,P76_CV0,2,0,2,1,1,0,2,0,2
33,10970.62741,441520.7699,Age0_F33_m1f1_P33_Y7_UO101,I1_F33_m-1f-1_P1_Y-1_U168,I1_F33_m77f77_P33_Y1_UO3244,FXX,0,0.0,0,0,0.0,0,0,0,0.0,0.375,1,P76_CV0,2,1,1,0,2,0,2,0,2
33,10970.62741,441520.7699,Age0_F33_m9f9_P33_Y7_UO530,I9_F33_m9f9_P10_Y5_UO563,I9_F33_m77f77_P10_Y4_UO3395,MXY,0,0.0,0,0,0.0,0,0,0,0.0,0.6875,1,P76_CV0,2,1,1,0,2,0,2,0,2
33,10970.62741,441520.7699,Age0_F33_m9f9_P33_Y7_UO537,I9_F33_m77f77_P33_Y5_UO3418,ID9_F10_m-1f-1_P9_Y-1_U137,MXY,0,0.0,0,0,0.0,0,0,0,0.0,0.75,1,P76_CV0,2,2,0,2,0,0,2,0,2
33,10970.62741,441520.7699,Age0_F33_m9f9_P33_Y7_UO550,I9_F10_m9f9_P44_Y5_UO608,ID9_F33_m77f77_P33_Y1_UO3213,MXY,0,0.0,0,0,0.0,0,0,0,0.0,0.625,1,P76_CV0,2,1,1,2,0,0,2,0,2
33,10970.62741,441520.7699,Age0_F33_m9f9_P33_Y7_UO551,ID9_F10_m1f1_P33_Y5_UO22,I9_F10_m77f77_P18_Y5_UO3439,FXX,0,0.0,0,0,0.0,0,0,0,0.0,0.625,1,P76_CV0,2,1,1,2,0,0,2,0,2
33,10970.62741,441520.7699,Age0_F33_m9f9_P33_Y7_UO580,I9_F10_m9f9_P44_Y4_UO538,I9_F44_m-1f-1_P9_Y-1_U240,MXY,0,0.0,0,0,0.0,0,0,0,0.0,0.375,1,P76_CV0,2,1,1,1,1,0,2,0,2
33,10970.62741,441520.7699,Age0_F33_m9f9_P33_Y7_UO589,I9_F10_m77f77_P10_Y3_UO3387,ID9_F33_m1f1_P44_Y4_UO37,MXY,0,0.0,0,0,0.0,0,0,0,0.0,0.4375,1,P76_CV0,2,1,1,0,2,0,2,0,2
33,10970.62741,441520.7699,Age0_F33_m9f9_P33_Y7_UO596,ID9_F10_m77f77_P10_Y2_UO3430,I9_F10_m1f1_P44_Y3_UO78,FXX,0,0.0,0,0,0.0,0,0,0,0.0,0.625,1,P76_CV0,2,1,1,1,1,0,2,0,2
33,10970.62741,441520.7699,Age0_F33_m9f9_P33_Y7_UO624,I9_F33_m-1f-1_P1_Y-1_U93,I9_F33_m1f1_P33_Y3_UO23,MXY,0,0.0,0,0,0.0,0,0,0,0.0,0.375,1,P76_CV0,2,0,2,2,0,0,2,0,2
33,10970.62741,441520.7699,Age0_F33_m9f9_P33_Y7_UO627,ID9_F10_m-1f-1_P77_Y-1_U212,I9_F44_m9f9_P44_Y5_UO556,FXX,0,0.0,0,0,0.0,0,0,0,0.0,0.71875,1,P76_CV0,2,1,1,1,1,0,2,0,2
33,10970.62741,441520.7699,Age0_F33_m9f9_P33_Y7_UO628,I9_F33_m-1f-1_P77_Y-1_U73,I9_F10_m9f9_P33_Y5_UO638,FXX,0,0.0,0,0,0.0,0,0,0,0.0,0.5,1,P76_CV0,2,1,1,0,2,0,2,0,2
33,10970.62741,441520.7699,Age0_F33_m77f77_P33_Y7_UO3450,I77_F10_m77f77_P82_Y0_UO3624,I77_F10_m-1f-1_P77_Y-1_U89,MXY,0,0.0,0,0,0.0,0,0,0,0.0,0.625,1,P76_CV0,2,2,0,0,2,0,2,0,2
33,10970.62741,441520.7699,Age0_F33_m77f77_P33_Y7_UO3459,I77_F82_m-1f-1_P77_Y-1_U145,I77_F33_m-1f-1_P77_Y-1_U93,MXY,0,0.0,0,0,0.0,0,0,0,0.0,0.25,1,P76_CV0,2,1,1,0,2,0,2,0,2
33,10970.62741,441520.7699,Age0_F33_m77f77_P33_Y7_UO3471,I77_F10_m-1f-1_P77_Y-1_U92,I77_F10_m-1f-1_P77_Y-1_U126,MXY,0,0.0,0,0,0.0,0,0,0,0.0,0.5,1,P76_CV0,2,0,2,0,2,0,2,0,2
33,10970.62741,441520.7699,Age0_F33_m77f77_P33_Y7_UO3477,I77_F82_m-1f-1_P77_Y-1_U151,I77_F33_m-1f-1_P77_Y-1_U93,MXY,0,0.0,0,0,0.0,0,0,0,0.0,0.5,1,P76_CV0,2,2,0,0,2,0,2,0,2
33,10970.62741,441520.7699,E33_F1_m9f9_P10_Y6_UO560,ID9_F44_m1f1_P33_Y4_UO21,I9_F33_m9f9_P10_Y3_UO557,FXX,1,0.0,1,1,1.0,0,0,0,-9999.0,0.375,1,P76_CV0,2,1,1,2,0,0,2,0,2
33,10970.62741,441520.7699,E33_F1_m9f9_P10_Y6_UO600,ID9_F10_m77f77_P10_Y1_UO3210,I9_F33_m1f1_P44_Y3_UO78,FXX,1,0.0,1,1,1.0,0,0,0,-9999.0,0.375,1,P76_CV0,2,0,2,1,1,0,2,0,2
33,10970.62741,441520.7699,E33_F1_m77f77_P10_Y6_UO3456,I77_F33_m77f77_P10_Y2_UO3444,I77_F82_m9f9_P10_Y4_UO577,MXY,1,0.0,1,1,0.0,0,0,0,-9999.0,0.6875,1,P76_CV0,2,1,1,2,0,0,2,0,2
33,10970.62741,441520.7699,E33_F1_m77f77_P10_Y6_UO3487,ID77_F10_m-1f-1_P77_Y-1_U216,ID77_F10_m77f77_P10_Y1_UO3223,FXX,1,0.0,1,1,1.0,0,0,0,-9999.0,0.25,1,P76_CV0,2,0,2,0,2,0,2,0,2
33,10970.62741,441520.7699,E33_F1_m77f77_P10_Y6_UO3491,ID77_F82_m-1f-1_P77_Y-1_U195,I77_F10_m-1f-1_P77_Y-1_U130,MXY,1,0.0,1,1,0.0,0,0,0,-9999.0,0.5,1,P76_CV0,2,0,2,0,2,0,2,0,2
33,10970.62741,441520.7699,E33_F1_m77f77_P10_Y6_UO3493,I77_F10_m-1f-1_P77_Y-1_U214,ID77_F10_m77f77_P10_Y1_UO3223,FXX,1,0.0,1,1,1.0,0,0,0,-9999.0,0.75,1,P76_CV0,2,1,1,0,2,0,2,0,2
33,10970.62741,441520.7699,E33_F1_m9f9_P18_Y6_UO591,I9_F10_m1f1_P44_Y2_UO16,ID9_F33_m9f9_P44_Y2_UO588,MXY,1,0.0,1,1,0.0,0,0,0,-9999.0,0.625,1,P76_CV0,2,1,1,1,1,0,2,0,2
33,10970.62741,441520.7699,E33_F1_m1f1_P33_Y6_UO56,I1_F44_m4f4_P96_Y2_UO273,ID1_F10_m9f9_P33_Y3_UO496,MXY,1,0.0,1,1,0.0,0,0,0,-9999.0,0.3125,1,P76_CV0,2,0,2,1,1,0,2,0,2
33,10970.62741,441520.7699,E33_F1_m9f9_P33_Y6_UO548,I9_F10_m77f77_P10_Y4_UO3392,I9_F10_m77f77_P10_Y4_UO3415,FXX,1,0.0,1,1,1.0,0,0,0,-9999.0,0.375,1,P76_CV0,2,1,1,1,1,0,2,0,2
33,10970.62741,441520.7699,E33_F1_m9f9_P33_Y6_UO563,I9_F33_m77f77_P10_Y4_UO3390,ID9_F33_m9f9_P10_Y3_UO513,MXY,1,0.0,1,1,0.0,0,0,0,-9999.0,0.6875,1,P76_CV0,2,0,2,1,1,0,2,0,2
33,10970.62741,441520.7699,E33_F1_m9f9_P33_Y6_UO567,I9_F33_m77f77_P33_Y4_UO3369,I9_F33_m77f77_P10_Y4_UO3395,FXX,1,0.0,1,1,1.0,0,0,0,-9999.0,0.5625,1,P76_CV0,2,1,1,0,2,0,2,0,2
33,10970.62741,441520.7699,E33_F1_m9f9_P33_Y6_UO601,I9_F10_m1f1_P33_Y1_UO13,ID9_F33_m1f1_P33_Y3_UO23,FXX,1,0.0,1,1,1.0,0,0,0,-9999.0,0.25,1,P76_CV0,2,1,1,0,2,0,2,0,2
33,10970.62741,441520.7699,E33_F1_m9f9_P33_Y6_UO615,I9_F33_m77f77_P10_Y0_UO3697,I9_F33_m1f1_P10_Y4_UO75,FXX,1,0.0,1,1,1.0,0,0,0,-9999.0,0.4375,1,P76_CV0,2,0,2,2,0,0,2,0,2
33,10970.62741,441520.7699,E33_F1_m77f77_P33_Y6_UO3462,I77_F10_m77f77_P10_Y0_UO3672,I77_F82_m77f77_P82_Y4_UO3405,MXY,1,0.0,1,1,0.0,0,0,0,-9999.0,0.375,1,P76_CV0,2,0,2,1,1,0,2,0,2
33,10970.62741,441520.7699,E33_F9_m77f77_P10_Y6_UO3432,I77_F82_m4f4_P82_Y4_UO265,I77_F33_m-1f-1_P77_Y-1_U93,MXY,1,0.0,1,1,0.0,0,0,0,-9999.0,0.625,1,P76_CV0,2,1,1,0,2,0,2,0,2
33,10970.62741,441520.7699,E33_F9_m77f77_P10_Y6_UO3448,I77_F10_m77f77_P82_Y2_UO3417,ID77_F33_m-1f-1_P9_Y-1_U215,MXY,1,0.0,1,1,0.0,0,0,0,-9999.0,0.5,1,P76_CV0,2,1,1,0,2,0,2,0,2
33,10970.62741,441520.7699,E33_F9_m9f9_P18_Y6_UO562,I9_F33_m9f9_P33_Y4_UO555,ID9_F10_m77f77_P10_Y3_UO3426,FXX,1,0.0,1,1,1.0,0,0,0,-9999.0,0.71875,1,P76_CV0,2,1,1,2,0,0,2,0,2
33,10970.62741,441520.7699,E33_F9_m1f1_P33_Y6_UO15,I1_F33_m1f1_P10_Y4_UO27,I1_F33_m-1f-1_P9_Y-1_U147,FXX,1,0.0,1,1,1.0,0,0,0,-9999.0,0.9375,1,P76_CV0,2,2,0,2,0,0,2,0,2
33,10970.62741,441520.7699,E33_F9_m1f1_P33_Y6_UO38,I1_F44_m1f1_P10_Y3_UO27,I1_F44_m9f9_P18_Y4_UO556,MXY,1,0.0,1,1,0.0,0,0,0,-9999.0,0.4375,1,P76_CV0,2,0,2,0,2,0,2,0,2
33,10970.62741,441520.7699,E33_F9_m1f1_P33_Y6_UO69,ID1_F33_m9f9_P10_Y1_UO504,ID1_F33_m77f77_P33_Y3_UO3389,MXY,1,0.0,1,1,0.0,0,0,0,-9999.0,0.625,1,P76_CV0,2,2,0,1,1,0,2,0,2
33,10970.62741,441520.7699,E33_F9_m1f1_P33_Y6_UO75,ID1_F44_m60f60_P96_Y0_UO3062,I1_F44_m9f9_P33_Y3_UO526,MXY,1,0.0,1,1,0.0,0,0,0,-9999.0,0.375,1,P76_CV0,2,2,0,2,0,0,2,0,2
33,10970.62741,441520.7699,E33_F9_m9f9_P33_Y6_UO558,I9_F10_m1f1_P33_Y4_UO81,I9_F44_m77f77_P10_Y1_UO3273,MXY,1,0.0,1,1,0.0,0,0,0,-9999.0,0.5,1,P76_CV0,2,1,1,2,0,0,2,0,2
33,10970.62741,441520.7699,E33_F9_m9f9_P33_Y6_UO582,I9_F33_m9f9_P10_Y3_UO551,I9_F10_m77f77_P10_Y2_UO3400,MXY,1,0.0,1,1,0.0,0,0,0,-9999.0,0.75,1,P76_CV0,2,1,1,1,1,0,2,0,2
33,10970.62741,441520.7699,E33_F9_m9f9_P33_Y6_UO604,I9_F44_m77f77_P10_Y1_UO3282,ID9_F10_m9f9_P33_Y2_UO526,MXY,1,0.0,1,1,0.0,0,0,0,-9999.0,0.6875,1,P76_CV0,2,0,2,2,0,0,2,0,2
33,10970.62741,441520.7699,E33_F9_m9f9_P44_Y6_UO631,ID9_F10_m-1f-1_P77_Y-1_U191,I9_F33_m1f1_P33_Y2_UO92,FXX,1,0.0,1,1,1.0,0,0,0,-9999.0,0.9375,1,P76_CV0,2,2,0,0,2,0,2,0,2
33,10970.62741,441520.7699,E33_F77_m77f77_P10_Y6_UO3452,I77_F82_m4f4_P82_Y2_UO197,I77_F82_m77f77_P82_Y4_UO3405,FXX,1,0.0,1,1,1.0,0,0,0,-9999.0,0.5625,1,P76_CV0,2,2,0,1,1,0,2,0,2
33,10970.62741,441520.7699,E33_F77_m77f77_P10_Y6_UO3494,I77_F10_m-1f-1_P77_Y-1_U205,I77_F10_m-1f-1_P77_Y-1_U113,MXY,1,0.0,1,1,0.0,0,0,0,-9999.0,0.5,1,P76_CV0,2,0,2,2,0,0,2,0,2
33,10970.62741,441520.7699,E33_F77_m9f9_P33_Y6_UO539,I9_F10_m9f9_P18_Y4_UO607,I9_F10_m77f77_P10_Y0_UO3694,FXX,1,0.0,1,1,1.0,0,0,0,-9999.0,0.5,1,P76_CV0,2,1,1,1,1,0,2,0,2
33,10970.62741,441520.7699,E33_F1_m77f77_P10_Y5_UO3441,I77_F33_m-1f-1_P77_Y-1_U216,I77_F33_m-1f-1_P77_Y-1_U113,MXY,2,0.0,1,0,0.0,0,0,0,-9999.0,0.25,1,P76_CV0,2,0,2,0,2,0,2,0,2
33,10970.62741,441520.7699,E33_F1_m1f1_P33_Y5_UO95,I1_F33_m-1f-1_P1_Y-1_U196,ID1_F33_m77f77_P10_Y3_UO3399,FXX,2,0.0,1,0,1.0,0,0,0,-9999.0,0.375,1,P76_CV0,2,1,1,1,1,0,2,0,2
33,10970.62741,441520.7699,E33_F1_m1f1_P33_Y5_UO81,I1_F44_m-1f-1_P77_Y-1_U171,I1_F33_m77f77_P33_Y2_UO3379,FXX,2,0.0,1,0,1.0,0,0,0,-9999.0,0.375,1,P76_CV0,2,1,1,2,0,0,2,0,2
33,10970.62741,441520.7699,E33_F1_m77f77_P10_Y5_UO3415,I77_F10_m77f77_P10_Y0_UO3710,I77_F10_m1f1_P33_Y2_UO18,MXY,2,0.0,1,0,0.0,0,0,0,-9999.0,0.3125,1,P76_CV0,2,0,2,1,1,0,2,0,2
33,10970.62741,441520.7699,E33_F1_m9f9_P44_Y5_UO584,I9_F33_m77f77_P10_Y2_UO3430,I9_F33_m9f9_P33_Y2_UO566,FXX,2,0.0,1,0,1.0,0,0,0,-9999.0,0.625,1,P76_CV0,2,1,1,0,2,0,2,0,2
33,10970.62741,441520.7699,E33_F1_m77f77_P10_Y5_UO3436,I77_F10_m-1f-1_P77_Y-1_U165,I77_F82_m4f4_P82_Y3_UO265,MXY,2,0.0,1,0,0.0,0,0,0,-9999.0,0.25,1,P76_CV0,2,0,2,1,1,0,2,0,2
33,10970.62741,441520.7699,E33_F9_m77f77_P33_Y5_UO3393,I77_F10_m77f77_P82_Y3_UO3408,I77_F82_m-1f-1_P77_Y-1_U160,MXY,2,0.0,1,0,0.0,0,0,0,-9999.0,0.5,1,P76_CV0,2,1,1,2,0,0,2,0,2
33,10970.62741,441520.7699,E33_F9_m9f9_P10_Y5_UO563,I9_F44_m77f77_P33_Y3_UO3394,I9_F10_m9f9_P44_Y1_UO530,FXX,2,0.0,1,0,1.0,0,0,0,-9999.0,0.875,1,P76_CV0,2,2,0,1,1,0,2,0,2
33,10970.62741,441520.7699,E33_F9_m77f77_P33_Y5_UO3418,I77_F10_m-1f-1_P77_Y-1_U105,I77_F82_m-1f-1_P77_Y-1_U32,FXX,2,0.0,1,0,1.0,0,0,0,-9999.0,1.0,1,P76_CV0,2,2,0,2,0,0,2,0,2
33,10970.62741,441520.7699,E33_F9_m9f9_P44_Y5_UO608,I9_F10_m77f77_P10_Y1_UO3282,I9_F33_m77f77_P10_Y1_UO3273,FXX,2,0.0,1,0,1.0,0,0,0,-9999.0,0.75,1,P76_CV0,2,2,0,2,0,0,2,0,2
33,10970.62741,441520.7699,E33_F9_m9f9_P18_Y5_UO606,I9_F10_m1f1_P33_Y1_UO48,I9_F33_m-1f-1_P77_Y-1_U178,MXY,2,0.0,1,0,0.0,0,0,0,-9999.0,0.25,1,P76_CV0,2,0,2,1,1,0,2,0,2
33,10970.62741,441520.7699,E33_F9_m77f77_P10_Y5_UO3413,ID77_F82_m77f77_P10_Y0_UO3672,ID77_F82_m77f77_P10_Y1_UO3263,MXY,2,0.0,1,0,0.0,0,0,0,-9999.0,0.25,1,P76_CV0,2,0,2,1,1,0,2,0,2
33,10970.62741,441520.7699,E33_F9_m9f9_P10_Y5_UO562,I9_F44_m1f1_P33_Y3_UO5,I9_F33_m77f77_P33_Y1_UO3207,FXX,2,0.0,1,0,1.0,0,0,0,-9999.0,0.4375,1,P76_CV0,2,0,2,2,0,0,2,0,2
33,10970.62741,441520.7699,E33_F77_m9f9_P33_Y5_UO617,I9_F33_m77f77_P10_Y0_UO3696,I9_F10_m1f1_P33_Y3_UO74,MXY,2,0.0,1,0,0.0,0,0,0,-9999.0,0.5,1,P76_CV0,2,0,2,1,1,0,2,0,2
33,10970.62741,441520.7699,E33_F77_m77f77_P18_Y5_UO3385,I77_F10_m77f77_P10_Y3_UO3411,I77_F10_m4f4_P96_Y0_UO203,MXY,2,0.0,1,0,0.0,0,0,0,-9999.0,0.75,1,P76_CV0,2,0,2,1,1,0,2,0,2
33,10970.62741,441520.7699,E33_F1_m9f9_P10_Y4_UO609,I9_F10_m-1f-1_P1_Y-1_U33,I9_F33_m77f77_P10_Y0_UO3669,FXX,3,0.0,1,0,1.0,0,0,0,-9999.0,0.75,1,P76_CV0,2,1,1,2,0,0,2,0,2
33,10970.62741,441520.7699,E33_F1_m9f9_P10_Y4_UO613,I9_F44_m-1f-1_P9_Y-1_U151,I9_F33_m1f1_P10_Y2_UO29,FXX,3,0.0,1,0,1.0,0,0,0,-9999.0,0.5625,1,P76_CV0,2,2,0,2,0,0,2,0,2
33,10970.62741,441520.7699,E33_F1_m9f9_P18_Y4_UO556,I9_F10_m1f1_P33_Y1_UO10,ID9_F10_m77f77_P10_Y1_UO3223,MXY,3,0.0,1,0,0.0,0,0,0,-9999.0,0.5,1,P76_CV0,2,1,1,0,2,0,2,0,2
33,10970.62741,441520.7699,E33_F1_m77f77_P10_Y4_UO3366,I77_F10_m1f1_P33_Y1_UO3,ID77_F10_m-1f-1_P77_Y-1_U156,MXY,3,0.0,1,0,0.0,0,0,0,-9999.0,0.5,1,P76_CV0,2,1,1,1,1,0,2,0,2
33,10970.62741,441520.7699,E33_F1_m77f77_P33_Y4_UO3426,I77_F10_m-1f-1_P77_Y-1_U44,I77_F10_m-1f-1_P77_Y-1_U193,FXX,3,0.0,1,0,1.0,0,0,0,-9999.0,0.5,1,P76_CV0,2,1,1,2,0,0,2,0,2
33,10970.62741,441520.7699,E33_F1_m9f9_P33_Y4_UO529,I9_F44_m77f77_P33_Y2_UO3431,I9_F33_m77f77_P10_Y1_UO3253,MXY,3,0.0,1,0,0.0,0,0,0,-9999.0,0.25,1,P76_CV0,2,0,2,2,0,0,2,0,2
33,10970.62741,441520.7699,E33_F1_m77f77_P10_Y4_UO3424,ID77_F33_m-1f-1_P77_Y-1_U151,ID77_F10_m-1f-1_P77_Y-1_U156,MXY,3,0.0,1,0,0.0,0,0,0,-9999.0,0.75,1,P76_CV0,2,1,1,0,2,0,2,0,2
33,10970.62741,441520.7699,E33_F1_m77f77_P33_Y4_UO3362,I77_F82_m77f77_P82_Y2_UO3417,I77_F82_m-1f-1_P77_Y-1_U93,MXY,3,0.0,1,0,0.0,0,0,0,-9999.0,0.5,1,P76_CV0,2,0,2,1,1,0,2,0,2
33,10970.62741,441520.7699,E33_F9_m77f77_P10_Y4_UO3415,I77_F10_m-1f-1_P77_Y-1_U79,ID77_F33_m-1f-1_P77_Y-1_U81,MXY,3,0.0,1,0,0.0,0,0,0,-9999.0,0.5,1,P76_CV0,2,1,1,2,0,0,2,0,2
33,10970.62741,441520.7699,E33_F9_m9f9_P10_Y4_UO563,I9_F44_m77f77_P10_Y0_UO3674,I9_F10_m1f1_P33_Y1_UO37,MXY,3,0.0,1,0,0.0,0,0,0,-9999.0,0.5,1,P76_CV0,2,0,2,2,0,0,2,0,2
33,10970.62741,441520.7699,E33_F9_m1f1_P10_Y4_UO32,I1_F44_m77f77_P96_Y1_UO3283,ID1_F97_m1f1_P96_Y0_UO27,MXY,3,0.0,1,0,0.0,0,0,0,-9999.0,0.625,1,P76_CV0,2,0,2,1,1,0,2,0,2
33,10970.62741,441520.7699,E33_F9_m9f9_P10_Y4_UO591,I9_F10_m-1f-1_P77_Y-1_U191,I9_F33_m9f9_P10_Y2_UO522,FXX,3,0.0,1,0,1.0,0,0,0,-9999.0,0.8125,1,P76_CV0,2,1,1,1,1,0,2,0,2
33,10970.62741,441520.7699,E33_F9_m9f9_P44_Y4_UO538,I9_F33_m77f77_P10_Y1_UO3236,I9_F10_m-1f-1_P9_Y-1_U175,FXX,3,0.0,1,0,1.0,0,0,0,-9999.0,0.25,1,P76_CV0,2,1,1,0,2,0,2,0,2
33,10970.62741,441520.7699,E33_F77_m77f77_P82_Y4_UO3405,I77_F10_m-1f-1_P77_Y-1_U224,I77_F10_m-1f-1_P77_Y-1_U113,MXY,3,0.0,1,0,0.0,0,0,0,-9999.0,0.5,1,P76_CV0,2,1,1,1,1,0,2,0,2
33,10970.62741,441520.7699,E33_F77_m9f9_P44_Y4_UO594,I9_F96_m-1f-1_P9_Y-1_U219,I9_F33_m77f77_P10_Y0_UO3669,MXY,3,0.0,1,0,0.0,0,0,0,-9999.0,0.5,1,P76_CV0,2,1,1,2,0,0,2,0,2
33,10970.62741,441520.7699,E33_F1_m9f9_P10_Y3_UO534,I9_F33_m77f77_P33_Y0_UO3656,I9_F18_m-1f-1_P9_Y-1_U12,MXY,4,0.0,1,0,0.0,0,0,0,-9999.0,0.625,1,P76_CV0,2,1,1,1,1,0,2,0,2
33,10970.62741,441520.7699,E33_F1_m77f77_P10_Y3_UO3381,I77_F82_m77f77_P82_Y0_UO3624,ID77_F33_m-1f-1_P9_Y-1_U210,MXY,4,0.0,1,0,0.0,0,0,0,-9999.0,0.625,1,P76_CV0,2,2,0,1,1,0,2,0,2
33,10970.62741,441520.7699,E33_F1_m77f77_P33_Y3_UO3393,I77_F67_m-1f-1_P77_Y-1_U110,I77_F82_m-1f-1_P4_Y-1_U178,FXX,4,0.0,1,0,1.0,0,0,0,-9999.0,0.25,1,P76_CV0,2,1,1,1,1,0,2,0,2
33,10970.62741,441520.7699,E33_F1_m1f1_P44_Y3_UO71,I1_F33_m-1f-1_P1_Y-1_U173,I1_F10_m77f77_P10_Y0_UO3694,FXX,4,0.0,1,0,1.0,0,0,0,-9999.0,0.625,1,P76_CV0,2,1,1,0,2,0,2,0,2
33,10970.62741,441520.7699,E33_F1_m77f77_P10_Y3_UO3403,I77_F10_m-1f-1_P77_Y-1_U70,ID77_F82_m-1f-1_P77_Y-1_U209,MXY,4,0.0,1,0,0.0,0,0,0,-9999.0,0.75,1,P76_CV0,2,2,0,1,1,0,2,0,2
33,10970.62741,441520.7699,E33_F1_m77f77_P33_Y3_UO3389,ID77_F10_m-1f-1_P77_Y-1_U63,I77_F82_m-1f-1_P77_Y-1_U190,MXY,4,0.0,1,0,0.0,0,0,0,-9999.0,0.25,1,P76_CV0,2,1,1,1,1,0,2,0,2
33,10970.62741,441520.7699,E33_F9_m77f77_P10_Y3_UO3387,I77_F33_m77f77_P82_Y0_UO3648,I77_F33_m77f77_P10_Y0_UO3679,FXX,4,0.0,1,0,1.0,0,0,0,-9999.0,0.25,1,P76_CV0,2,0,2,1,1,0,2,0,2
33,10970.62741,441520.7699,E33_F9_m77f77_P10_Y3_UO3390,I77_F10_m-1f-1_P77_Y-1_U242,I77_F33_m-1f-1_P77_Y-1_U220,MXY,4,0.0,1,0,0.0,0,0,0,-9999.0,0.25,1,P76_CV0,2,0,2,1,1,0,2,0,2
33,10970.62741,441520.7699,E33_F9_m1f1_P33_Y3_UO23,ID1_F44_m77f77_P10_Y0_UO3640,ID1_F33_m77f77_P33_Y1_UO3244,MXY,4,0.0,1,0,0.0,0,0,0,-9999.0,0.25,1,P76_CV0,2,0,2,1,1,0,2,0,2
33,10970.62741,441520.7699,E33_F9_m77f77_P10_Y3_UO3426,I77_F10_m-1f-1_P77_Y-1_U187,I77_F10_m4f4_P82_Y1_UO226,MXY,4,0.0,1,0,0.0,0,0,0,-9999.0,0.75,1,P76_CV0,2,1,1,1,1,0,2,0,2
33,10970.62741,441520.7699,E33_F1_m9f9_P10_Y2_UO513,ID9_F44_m9f9_P10_Y0_UO523,I9_F10_m-1f-1_P77_Y-1_U182,MXY,5,0.0,1,0,0.0,0,0,0,-9999.0,0.375,1,P76_CV0,2,2,0,1,1,0,2,0,2
33,10970.62741,441520.7699,E33_F1_m77f77_P33_Y2_UO3379,I77_F10_m1f1_P10_Y0_UO59,I77_F10_m77f77_P10_Y0_UO3679,MXY,5,0.0,1,0,0.0,0,0,0,-9999.0,0.25,1,P76_CV0,2,0,2,2,0,0,2,0,2
33,10970.62741,441520.7699,E33_F1_m4f4_P96_Y2_UO273,I4_F82_m-1f-1_P4_Y-1_U31,I4_F82_m77f77_P82_Y0_UO3683,FXX,5,0.0,1,0,1.0,0,0,0,-9999.0,0.125,1,P76_CV0,2,0,2,1,1,0,2,0,2
33,10970.62741,441520.7699,E33_F1_m77f77_P10_Y2_UO3425,I77_F33_m-1f-1_P77_Y-1_U92,I77_F10_m-1f-1_P77_Y-1_U58,MXY,5,0.0,1,0,0.0,0,0,0,-9999.0,0.25,1,P76_CV0,2,0,2,1,1,0,2,0,2
33,10970.62741,441520.7699,E33_F9_m77f77_P10_Y2_UO3430,ID77_F33_m-1f-1_P77_Y-1_U234,ID77_F18_m-1f-1_P77_Y-1_U238,FXX,5,0.0,1,0,1.0,0,0,0,-9999.0,0.75,1,P76_CV0,2,2,0,0,2,0,2,0,2
33,10970.62741,441520.7699,E33_F9_m9f9_P18_Y2_UO530,ID9_F33_m-1f-1_P77_Y-1_U7,I9_F33_m-1f-1_P9_Y-1_U12,MXY,5,0.0,1,0,0.0,0,0,0,-9999.0,0.5,1,P76_CV0,2,2,0,1,1,0,2,0,2
33,10970.62741,441520.7699,E33_F9_m77f77_P33_Y1_UO3213,I77_F33_m-1f-1_P77_Y-1_U7,I77_F82_m-1f-1_P77_Y-1_U206,MXY,6,0.0,1,0,0.0,0,0,0,-9999.0,0.5,1,P76_CV0,2,0,2,2,0,0,2,0,2
33,10970.62741,441520.7699,E33_F9_m77f77_P33_Y1_UO3245,ID77_F10_m-1f-1_P77_Y-1_U73,ID77_F33_m-1f-1_P1_Y-1_U85,MXY,6,0.0,1,0,0.0,0,0,0,-9999.0,0.75,1,P76_CV0,2,1,1,2,0,0,2,0,2
33,10970.62741,441520.7699,E33_F77_m77f77_P10_Y1_UO3263,I77_F10_m-1f-1_P77_Y-1_U20,I77_F82_m-1f-1_P77_Y-1_U174,MXY,6,0.0,1,0,0.0,0,0,0,-9999.0,0.25,1,P76_CV0,2,1,1,2,0,0,2,0,2
33,10970.62741,441520.7699,E33_F1_m77f77_P10_Y0_UO3668,R77_F77_m-1f-1_P77_Y-1_U121,R77_F77_m-1f-1_P77_Y-1_U174,MXY,7,0.0,1,0,0.0,0,0,0,-9999.0,0.0,1,P76_CV0,2,0,2,2,0,0,2,0,2
33,10970.62741,441520.7699,E33_F9_m77f77_P10_Y0_UO3696,R77_F77_m-1f-1_P77_Y-1_U195,R77_F77_m-1f-1_P77_Y-1_U93,FXX,7,0.0,1,0,1.0,0,0,0,-9999.0,0.5,1,P76_CV0,2,0,2,0,2,0,2,0,2
33,10970.62741,441520.7699,E33_F77_m77f77_P82_Y0_UO3624,R77_F77_m-1f-1_P77_Y-1_U21,R77_F77_m-1f-1_P77_Y-1_U36,FXX,7,0.0,1,0,1.0,0,0,0,-9999.0,0.75,1,P76_CV0,2,2,0,0,2,0,2,0,2
33,10970.62741,441520.7699,E33_F77_m-1f-1_P77_Y-1_U193,-9999,-9999,MXY,8,0.0,1,0,0.0,0,0,0,-9999.0,0.0,1,P76_CV0,2,0,2,1,1,0,2,0,2
33,10970.62741,441520.7699,E33_F77_m-1f-1_P77_Y-1_U93,-9999,-9999,MXY,9,0.0,1,0,0.0,0,0,0,-9999.0,0.5,1,P76_CV0,2,1,1,0,2,0,2,0,2
33,10970.62741,441520.7699,E33_F77_m-1f-1_P77_Y-1_U145,-9999,-9999,FXX,9,0.0,1,0,1.0,0,0,0,-9999.0,0.0,1,P76_CV0,2,0,2,1,1,0,2,0,2
33,10970.62741,441520.7699,E33_F77_m-1f-1_P77_Y-1_U126,-9999,-9999,MXY,9,0.0,1,0,0.0,0,0,0,-9999.0,0.5,1,P76_CV0,2,1,1,1,1,0,2,0,2
33,10970.62741,441520.7699,E33_F9_m-1f-1_P77_Y-1_U212,-9999,-9999,FXX,10,0.0,1,0,1.0,0,0,0,-9999.0,1.0,1,P76_CV0,2,2,0,2,0,0,2,0,2
33,10970.62741,441520.7699,E33_F9_m-1f-1_P77_Y-1_U73,-9999,-9999,FXX,10,0.0,1,0,1.0,0,0,0,-9999.0,0.5,1,P76_CV0,2,1,1,1,1,0,2,0,2
33,10970.62741,441520.7699,E33_F77_m-1f-1_P77_Y-1_U247,-9999,-9999,MXY,12,0.0,1,0,0.0,0,0,0,-9999.0,0.5,1,P76_CV0,2,1,1,1,1,0,2,0,2
33,10970.62741,441520.7699,E33_F77_m-1f-1_P77_Y-1_U92,-9999,-9999,FXX,12,0.0,1,0,1.0,0,0,0,-9999.0,0.5,1,P76_CV0,2,1,1,0,2,0,2,0,2
33,10970.62741,441520.7699,E33_F77_m-1f-1_P77_Y-1_U151,-9999,-9999,FXX,16,0.0,1,0,1.0,0,0,0,-9999.0,0.5,1,P76_CV0,2,1,1,0,2,0,2,0,2
33,10970.62741,441520.7699,E33_F4_m4f4_P82_Y6_UO294,I4_F82_m-1f-1_P4_Y-1_U106,ID4_F82_m87f87_P67_Y4_UO4031,MXY,1,0.0,1,1,0.0,0,0,0,-9999.0,0.4375,1,P86_CV0,2,2,0,0,2,0,2,0,2
33,10970.62741,441520.7699,Age0_F33_m1f1_P33_Y7_UO6,I1_F33_m1f1_P33_Y5_UO81,ID1_F44_m1f1_P10_Y3_UO81,FXX,0,0.0,0,0,0.0,0,0,0,0.0,0.4375,1,P8_CV0,2,0,2,1,1,0,2,0,2
33,10970.62741,441520.7699,Age0_F33_m1f1_P33_Y7_UO7,ID1_F44_m1f1_P44_Y5_UO60,ID1_F44_m9f9_P10_Y5_UO600,FXX,0,0.0,0,0,0.0,0,0,0,0.0,0.625,1,P8_CV0,2,2,0,2,0,0,2,0,2
33,10970.62741,441520.7699,Age0_F33_m1f1_P33_Y7_UO12,I1_F10_m9f9_P44_Y5_UO637,ID1_F33_m-1f-1_P1_Y-1_U104,MXY,0,0.0,0,0,0.0,0,0,0,0.0,0.625,1,P8_CV0,2,2,0,1,1,0,2,0,2
33,10970.62741,441520.7699,Age0_F33_m1f1_P33_Y7_UO14,I1_F10_m1f1_P33_Y5_UO64,I1_F33_m77f77_P10_Y5_UO3446,MXY,0,0.0,0,0,0.0,0,0,0,0.0,0.40625,1,P8_CV0,2,2,0,0,2,0,2,0,2
33,10970.62741,441520.7699,Age0_F33_m1f1_P33_Y7_UO16,I1_F10_m1f1_P44_Y5_UO66,I1_F44_m1f1_P44_Y2_UO73,MXY,0,0.0,0,0,0.0,0,0,0,0.0,0.3125,1,P8_CV0,2,1,1,2,0,0,2,0,2
33,10970.62741,441520.7699,Age0_F33_m1f1_P33_Y7_UO23,I1_F33_m9f9_P44_Y5_UO549,I1_F44_m1f1_P33_Y4_UO24,MXY,0,0.0,0,0,0.0,0,0,0,0.0,0.71875,1,P8_CV0,2,2,0,1,1,0,2,0,2
33,10970.62741,441520.7699,Age0_F33_m1f1_P33_Y7_UO30,ID1_F44_m9f9_P33_Y5_UO591,I1_F33_m9f9_P10_Y2_UO537,FXX,0,0.0,0,0,0.0,0,0,0,0.0,0.40625,1,P8_CV0,2,2,0,0,2,0,2,0,2
33,10970.62741,441520.7699,Age0_F33_m1f1_P33_Y7_UO34,ID1_F33_m9f9_P33_Y5_UO572,I1_F33_m1f1_P33_Y1_UO19,FXX,0,0.0,0,0,0.0,0,0,0,0.0,0.46875,1,P8_CV0,2,2,0,0,2,0,2,0,2
33,10970.62741,441520.7699,Age0_F33_m1f1_P33_Y7_UO46,I1_F33_m1f1_P44_Y4_UO44,I1_F33_m9f9_P10_Y2_UO537,MXY,0,0.0,0,0,0.0,0,0,0,0.0,0.5,1,P8_CV0,2,2,0,0,2,0,2,0,2
33,10970.62741,441520.7699,Age0_F33_m1f1_P33_Y7_UO49,I1_F33_m77f77_P33_Y4_UO3426,I1_F33_m9f9_P33_Y3_UO564,MXY,0,0.0,0,0,0.0,0,0,0,0.0,0.5,1,P8_CV0,2,1,1,2,0,0,2,0,2
33,10970.62741,441520.7699,Age0_F33_m1f1_P33_Y7_UO62,I1_F44_m9f9_P10_Y3_UO494,I1_F10_m1f1_P44_Y4_UO38,MXY,0,0.0,0,0,0.0,0,0,0,0.0,0.75,1,P8_CV0,2,2,0,0,2,0,2,0,2
33,10970.62741,441520.7699,Age0_F33_m1f1_P33_Y7_UO67,I1_F10_m1f1_P44_Y3_UO71,I1_F44_m9f9_P33_Y3_UO556,FXX,0,0.0,0,0,0.0,0,0,0,0.0,0.6875,1,P8_CV0,2,1,1,1,1,0,2,0,2
33,10970.62741,441520.7699,Age0_F33_m1f1_P33_Y7_UO69,ID1_F96_m1f1_P44_Y3_UO33,ID1_F10_m-1f-1_P9_Y-1_U12,MXY,0,0.0,0,0,0.0,0,0,0,0.0,0.6875,1,P8_CV0,2,0,2,0,2,0,2,0,2
33,10970.62741,441520.7699,Age0_F33_m1f1_P33_Y7_UO71,I1_F44_m1f1_P33_Y3_UO85,I1_F44_m-1f-1_P9_Y-1_U22,MXY,0,0.0,0,0,0.0,0,0,0,0.0,0.625,1,P8_CV0,2,1,1,2,0,0,2,0,2
33,10970.62741,441520.7699,Age0_F33_m1f1_P33_Y7_UO72,I1_F10_m77f77_P33_Y3_UO3413,I1_F33_m9f9_P44_Y5_UO551,FXX,0,0.0,0,0,0.0,0,0,0,0.0,0.53125,1,P8_CV0,2,1,1,1,1,0,2,0,2
33,10970.62741,441520.7699,Age0_F33_m1f1_P33_Y7_UO74,I1_F10_m9f9_P33_Y2_UO577,I1_F33_m1f1_P33_Y1_UO19,MXY,0,0.0,0,0,0.0,0,0,0,0.0,0.375,1,P8_CV0,2,1,1,1,1,0,2,0,2
33,10970.62741,441520.7699,Age0_F33_m1f1_P33_Y7_UO83,I1_F33_m9f9_P10_Y1_UO504,ID1_F44_m1f1_P10_Y3_UO81,FXX,0,0.0,0,0,0.0,0,0,0,0.0,0.75,1,P8_CV0,2,2,0,1,1,0,2,0,2
33,10970.62741,441520.7699,Age0_F33_m1f1_P33_Y7_UO88,I1_F44_m9f9_P33_Y0_UO543,I1_F33_m1f1_P10_Y2_UO66,MXY,0,0.0,0,0,0.0,0,0,0,0.0,0.75,1,P8_CV0,2,1,1,1,1,0,2,0,2
33,10970.62741,441520.7699,Age0_F33_m1f1_P33_Y7_UO92,I1_F44_m1f1_P10_Y0_UO33,I1_F44_m9f9_P33_Y3_UO556,FXX,0,0.0,0,0,0.0,0,0,0,0.0,0.5,1,P8_CV0,2,2,0,2,0,0,2,0,2
33,10970.62741,441520.7699,Age0_F33_m1f1_P33_Y7_UO99,I1_F10_m-1f-1_P9_Y-1_U59,ID1_F33_m9f9_P33_Y4_UO539,MXY,0,0.0,0,0,0.0,0,0,0,0.0,0.75,1,P8_CV0,2,1,1,0,2,0,2,0,2
33,10970.62741,441520.7699,Age0_F33_m1f1_P33_Y7_UO104,ID1_F44_m-1f-1_P9_Y-1_U84,ID1_F44_m1f1_P10_Y3_UO81,FXX,0,0.0,0,0,0.0,0,0,0,0.0,0.5,1,P8_CV0,2,1,1,0,2,0,2,0,2
33,10970.62741,441520.7699,Age0_F33_m9f9_P33_Y7_UO534,I9_F10_m1f1_P33_Y5_UO13,ID9_F10_m-1f-1_P9_Y-1_U137,FXX,0,0.0,0,0,0.0,0,0,0,0.0,0.625,1,P8_CV0,2,2,0,1,1,0,2,0,2
33,10970.62741,441520.7699,Age0_F33_m9f9_P33_Y7_UO558,I9_F33_m9f9_P10_Y5_UO562,I9_F33_m1f1_P33_Y5_UO56,FXX,0,0.0,0,0,0.0,0,0,0,0.0,0.65625,1,P8_CV0,2,1,1,2,0,0,2,0,2
33,10970.62741,441520.7699,Age0_F33_m9f9_P33_Y7_UO561,I9_F33_m9f9_P18_Y4_UO527,I9_F33_m9f9_P10_Y5_UO607,FXX,0,0.0,0,0,0.0,0,0,0,0.0,0.65625,1,P8_CV0,2,1,1,2,0,0,2,0,2
33,10970.62741,441520.7699,Age0_F33_m9f9_P33_Y7_UO563,I9_F33_m1f1_P44_Y4_UO22,I9_F33_m77f77_P10_Y5_UO3421,FXX,0,0.0,0,0,0.0,0,0,0,0.0,0.40625,1,P8_CV0,2,2,0,2,0,0,2,0,2
33,10970.62741,441520.7699,Age0_F33_m9f9_P33_Y7_UO575,I9_F33_m1f1_P33_Y4_UO83,I9_F10_m9f9_P10_Y4_UO563,MXY,0,0.0,0,0,0.0,0,0,0,0.0,0.5,1,P8_CV0,2,1,1,1,1,0,2,0,2
33,10970.62741,441520.7699,Age0_F33_m9f9_P33_Y7_UO586,I9_F33_m9f9_P10_Y3_UO592,I9_F10_m9f9_P33_Y5_UO648,FXX,0,0.0,0,0,0.0,0,0,0,0.0,0.5,1,P8_CV0,2,1,1,1,1,0,2,0,2
33,10970.62741,441520.7699,Age0_F33_m9f9_P33_Y7_UO593,I9_F33_m1f1_P33_Y3_UO11,ID9_F33_m9f9_P44_Y2_UO567,FXX,0,0.0,0,0,0.0,0,0,0,0.0,0.5625,1,P8_CV0,2,1,1,2,0,0,2,0,2
33,10970.62741,441520.7699,Age0_F33_m9f9_P33_Y7_UO600,I9_F33_m9f9_P33_Y2_UO514,I9_F10_m9f9_P10_Y3_UO513,MXY,0,0.0,0,0,0.0,0,0,0,0.0,0.5625,1,P8_CV0,2,1,1,0,2,0,2,0,2
33,10970.62741,441520.7699,Age0_F33_m9f9_P33_Y7_UO602,I9_F33_m9f9_P10_Y2_UO551,ID9_F10_m77f77_P10_Y4_UO3380,FXX,0,0.0,0,0,0.0,0,0,0,0.0,0.875,1,P8_CV0,2,2,0,1,1,0,2,0,2
33,10970.62741,441520.7699,Age0_F33_m9f9_P33_Y7_UO612,I9_F10_m9f9_P33_Y0_UO540,I9_F33_m77f77_P10_Y5_UO3421,MXY,0,0.0,0,0,0.0,0,0,0,0.0,0.4375,1,P8_CV0,2,1,1,1,1,0,2,0,2
33,10970.62741,441520.7699,Age0_F33_m9f9_P33_Y7_UO614,I9_F10_m1f1_P10_Y0_UO93,I9_F33_m1f1_P10_Y5_UO68,MXY,0,0.0,0,0,0.0,0,0,0,0.0,0.125,1,P8_CV0,2,0,2,1,1,0,2,0,2
33,10970.62741,441520.7699,Age0_F33_m9f9_P33_Y7_UO615,I9_F18_m9f9_P33_Y0_UO508,I9_F10_m-1f-1_P1_Y-1_U22,FXX,0,0.0,0,0,0.0,0,0,0,0.0,0.875,1,P8_CV0,2,2,0,1,1,0,2,0,2
33,10970.62741,441520.7699,Age0_F33_m9f9_P33_Y7_UO620,ID9_F18_m77f77_P10_Y0_UO3696,I9_F33_m9f9_P10_Y3_UO574,MXY,0,0.0,0,0,0.0,0,0,0,0.0,0.5,1,P8_CV0,2,1,1,1,1,0,2,0,2
33,10970.62741,441520.7699,Age0_F33_m9f9_P33_Y7_UO622,I9_F10_m-1f-1_P9_Y-1_U230,I9_F44_m1f1_P33_Y5_UO86,MXY,0,0.0,0,0,0.0,0,0,0,0.0,0.5,1,P8_CV0,2,2,0,1,1,0,2,0,2
33,10970.62741,441520.7699,Age0_F33_m9f9_P33_Y7_UO623,I9_F10_m-1f-1_P9_Y-1_U75,I9_F18_m1f1_P33_Y5_UO57,MXY,0,0.0,0,0,0.0,0,0,0,0.0,0.25,1,P8_CV0,2,1,1,1,1,0,2,0,2
33,10970.62741,441520.7699,Age0_F33_m9f9_P33_Y7_UO626,I9_F33_m-1f-1_P9_Y-1_U87,I9_F33_m9f9_P10_Y3_UO504,MXY,0,0.0,0,0,0.0,0,0,0,0.0,0.125,1,P8_CV0,2,0,2,0,2,0,2,0,2
33,10970.62741,441520.7699,Age0_F33_m9f9_P33_Y7_UO631,I9_F33_m-1f-1_P9_Y-1_U219,I9_F10_m1f1_P33_Y4_UO48,FXX,0,0.0,0,0,0.0,0,0,0,0.0,0.375,1,P8_CV0,2,0,2,1,1,0,2,0,2
33,10970.62741,441520.7699,E33_F1_m1f1_P10_Y6_UO29,ID1_F10_m9f9_P33_Y4_UO508,I1_F33_m-1f-1_P9_Y-1_U80,MXY,1,0.0,1,1,0.0,0,0,0,-9999.0,0.46875,1,P8_CV0,2,0,2,0,2,0,2,0,2
33,10970.62741,441520.7699,E33_F1_m1f1_P10_Y6_UO83,I1_F44_m-1f-1_P9_Y-1_U247,ID1_F44_m9f9_P33_Y3_UO586,FXX,1,0.0,1,1,1.0,0,0,0,-9999.0,0.125,1,P8_CV0,2,0,2,2,0,0,2,0,2
33,10970.62741,441520.7699,E33_F1_m9f9_P10_Y6_UO544,I9_F33_m9f9_P44_Y4_UO523,I9_F10_m9f9_P33_Y4_UO588,FXX,1,0.0,1,1,1.0,0,0,0,-9999.0,0.625,1,P8_CV0,2,1,1,1,1,0,2,0,2
33,10970.62741,441520.7699,E33_F1_m9f9_P10_Y6_UO557,ID9_F82_m9f9_P33_Y4_UO574,I9_F33_m9f9_P10_Y3_UO557,FXX,1,0.0,1,1,1.0,0,0,0,-9999.0,0.5625,1,P8_CV0,2,1,1,1,1,0,2,0,2
33,10970.62741,441520.7699,E33_F1_m9f9_P10_Y6_UO576,I9_F33_m77f77_P33_Y3_UO3417,I9_F33_m9f9_P33_Y3_UO535,MXY,1,0.0,1,1,0.0,0,0,0,-9999.0,0.625,1,P8_CV0,2,2,0,2,0,0,2,0,2
33,10970.62741,441520.7699,E33_F1_m9f9_P10_Y6_UO624,I9_F44_m-1f-1_P9_Y-1_U11,I9_F33_m9f9_P10_Y4_UO614,FXX,1,0.0,1,1,1.0,0,0,0,-9999.0,0.125,1,P8_CV0,2,0,2,1,1,0,2,0,2
33,10970.62741,441520.7699,E33_F1_m1f1_P33_Y6_UO7,I1_F10_m1f1_P33_Y4_UO2,ID1_F10_m1f1_P10_Y3_UO10,MXY,1,0.0,1,1,0.0,0,0,0,-9999.0,0.4375,1,P8_CV0,2,2,0,2,0,0,2,0,2
33,10970.62741,441520.7699,E33_F1_m1f1_P33_Y6_UO63,I1_F33_m9f9_P44_Y2_UO511,I1_F44_m9f9_P44_Y4_UO584,FXX,1,0.0,1,1,1.0,0,0,0,-9999.0,0.625,1,P8_CV0,2,2,0,0,2,0,2,0,2
33,10970.62741,441520.7699,E33_F1_m1f1_P33_Y6_UO65,ID1_F18_m1f1_P33_Y1_UO48,I1_F44_m-1f-1_P9_Y-1_U155,MXY,1,0.0,1,1,0.0,0,0,0,-9999.0,0.25,1,P8_CV0,2,1,1,2,0,0,2,0,2
33,10970.62741,441520.7699,E33_F1_m9f9_P33_Y6_UO578,ID9_F10_m4f4_P96_Y3_UO255,I9_F33_m-1f-1_P9_Y-1_U37,MXY,1,0.0,1,1,0.0,0,0,0,-9999.0,0.75,1,P8_CV0,2,2,0,0,2,0,2,0,2
33,10970.62741,441520.7699,E33_F1_m1f1_P44_Y6_UO67,I1_F33_m9f9_P33_Y1_UO496,I1_F10_m77f77_P10_Y3_UO3403,MXY,1,0.0,1,1,0.0,0,0,0,-9999.0,0.75,1,P8_CV0,2,2,0,1,1,0,2,0,2
33,10970.62741,441520.7699,E33_F1_m1f1_P44_Y6_UO82,I1_F10_m1f1_P33_Y0_UO66,I1_F33_m-1f-1_P9_Y-1_U22,FXX,1,0.0,1,1,1.0,0,0,0,-9999.0,0.5,1,P8_CV0,2,1,1,1,1,0,2,0,2
33,10970.62741,441520.7699,E33_F9_m1f1_P10_Y6_UO14,I1_F44_m9f9_P44_Y4_UO561,I1_F33_m-1f-1_P9_Y-1_U80,FXX,1,0.0,1,1,1.0,0,0,0,-9999.0,0.4375,1,P8_CV0,2,1,1,1,1,0,2,0,2
33,10970.62741,441520.7699,E33_F9_m1f1_P10_Y6_UO20,I1_F33_m1f1_P33_Y4_UO69,ID1_F10_m9f9_P33_Y3_UO496,MXY,1,0.0,1,1,0.0,0,0,0,-9999.0,0.375,1,P8_CV0,2,1,1,1,1,0,2,0,2
33,10970.62741,441520.7699,E33_F9_m1f1_P10_Y6_UO45,I1_F33_m9f9_P10_Y3_UO576,I1_F33_m9f9_P10_Y4_UO604,MXY,1,0.0,1,1,0.0,0,0,0,-9999.0,0.5,1,P8_CV0,2,0,2,0,2,0,2,0,2
33,10970.62741,441520.7699,E33_F9_m1f1_P10_Y6_UO54,I1_F33_m9f9_P33_Y2_UO577,I1_F44_m1f1_P44_Y1_UO81,FXX,1,0.0,1,1,1.0,0,0,0,-9999.0,0.5,1,P8_CV0,2,1,1,1,1,0,2,0,2
33,10970.62741,441520.7699,E33_F9_m9f9_P10_Y6_UO566,I9_F33_m9f9_P10_Y4_UO526,ID9_F44_m-1f-1_P9_Y-1_U212,MXY,1,0.0,1,1,0.0,0,0,0,-9999.0,0.5,1,P8_CV0,2,1,1,1,1,0,2,0,2
33,10970.62741,441520.7699,E33_F9_m9f9_P10_Y6_UO596,I9_F44_m77f77_P10_Y2_UO3430,I9_F10_m9f9_P10_Y1_UO499,MXY,1,0.0,1,1,0.0,0,0,0,-9999.0,0.75,1,P8_CV0,2,2,0,0,2,0,2,0,2
33,10970.62741,441520.7699,E33_F9_m1f1_P18_Y6_UO97,ID1_F33_m-1f-1_P1_Y-1_U120,ID1_F44_m9f9_P33_Y3_UO586,FXX,1,0.0,1,1,1.0,0,0,0,-9999.0,0.375,1,P8_CV0,2,0,2,2,0,0,2,0,2
33,10970.62741,441520.7699,E33_F9_m9f9_P18_Y6_UO611,I9_F18_m9f9_P33_Y0_UO508,I9_F10_m9f9_P10_Y3_UO534,MXY,1,0.0,1,1,0.0,0,0,0,-9999.0,0.6875,1,P8_CV0,2,2,0,0,2,0,2,0,2
33,10970.62741,441520.7699,E33_F9_m1f1_P33_Y6_UO41,I1_F33_m9f9_P10_Y3_UO509,I1_F10_m-1f-1_P9_Y-1_U245,MXY,1,0.0,1,1,0.0,0,0,0,-9999.0,0.875,1,P8_CV0,2,2,0,2,0,0,2,0,2
33,10970.62741,441520.7699,E33_F9_m1f1_P33_Y6_UO55,I1_F33_m1f1_P10_Y2_UO3,ID1_F44_m9f9_P33_Y3_UO586,FXX,1,0.0,1,1,1.0,0,0,0,-9999.0,0.5625,1,P8_CV0,2,1,1,1,1,0,2,0,2
33,10970.62741,441520.7699,E33_F9_m1f1_P33_Y6_UO71,I1_F33_m9f9_P33_Y1_UO521,ID1_F10_m1f1_P10_Y3_UO10,FXX,1,0.0,1,1,1.0,0,0,0,-9999.0,0.75,1,P8_CV0,2,1,1,1,1,0,2,0,2
33,10970.62741,441520.7699,E33_F9_m9f9_P33_Y6_UO535,I9_F33_m1f1_P33_Y4_UO83,I9_F10_m9f9_P44_Y3_UO589,MXY,1,0.0,1,1,0.0,0,0,0,-9999.0,0.625,1,P8_CV0,2,2,0,0,2,0,2,0,2
33,10970.62741,441520.7699,E33_F9_m9f9_P33_Y6_UO536,I9_F18_m1f1_P44_Y4_UO22,I9_F10_m77f77_P10_Y3_UO3414,FXX,1,0.0,1,1,1.0,0,0,0,-9999.0,0.34375,1,P8_CV0,2,0,2,1,1,0,2,0,2
33,10970.62741,441520.7699,E33_F9_m9f9_P33_Y6_UO546,I9_F33_m9f9_P33_Y4_UO543,ID9_F10_m77f77_P10_Y1_UO3232,FXX,1,0.0,1,1,1.0,0,0,0,-9999.0,0.9375,1,P8_CV0,2,2,0,2,0,0,2,0,2
33,10970.62741,441520.7699,E33_F9_m9f9_P33_Y6_UO549,I9_F33_m9f9_P10_Y4_UO560,I9_F10_m9f9_P44_Y3_UO589,MXY,1,0.0,1,1,0.0,0,0,0,-9999.0,0.75,1,P8_CV0,2,2,0,0,2,0,2,0,2
33,10970.62741,441520.7699,E33_F9_m9f9_P33_Y6_UO555,I9_F33_m9f9_P10_Y4_UO593,ID9_F10_m9f9_P33_Y2_UO566,MXY,1,0.0,1,1,0.0,0,0,0,-9999.0,0.5,1,P8_CV0,2,1,1,1,1,0,2,0,2
33,10970.62741,441520.7699,E33_F9_m9f9_P33_Y6_UO575,I9_F44_m9f9_P10_Y3_UO536,ID9_F33_m9f9_P10_Y3_UO513,FXX,1,0.0,1,1,1.0,0,0,0,-9999.0,0.5,1,P8_CV0,2,0,2,0,2,0,2,0,2
33,10970.62741,441520.7699,E33_F9_m9f9_P33_Y6_UO593,I9_F18_m9f9_P10_Y2_UO565,I9_F33_m-1f-1_P9_Y-1_U240,FXX,1,0.0,1,1,1.0,0,0,0,-9999.0,0.625,1,P8_CV0,2,1,1,2,0,0,2,0,2
33,10970.62741,441520.7699,E33_F9_m9f9_P33_Y6_UO607,I9_F33_m1f1_P33_Y1_UO54,ID9_F33_m9f9_P10_Y3_UO513,FXX,1,0.0,1,1,1.0,0,0,0,-9999.0,0.4375,1,P8_CV0,2,0,2,1,1,0,2,0,2
33,10970.62741,441520.7699,E33_F9_m9f9_P33_Y6_UO613,ID9_F33_m9f9_P33_Y0_UO568,I9_F33_m1f1_P10_Y1_UO39,FXX,1,0.0,1,1,1.0,0,0,0,-9999.0,0.5,1,P8_CV0,2,1,1,1,1,0,2,0,2
33,10970.62741,441520.7699,E33_F9_m9f9_P33_Y6_UO644,I9_F33_m-1f-1_P9_Y-1_U131,I9_F10_m-1f-1_P9_Y-1_U60,MXY,1,0.0,1,1,0.0,0,0,0,-9999.0,0.0,1,P8_CV0,2,0,2,2,0,0,2,0,2
33,10970.62741,441520.7699,E33_F9_m1f1_P44_Y6_UO30,I1_F33_m9f9_P10_Y3_UO566,I1_F44_m9f9_P33_Y3_UO526,MXY,1,0.0,1,1,0.0,0,0,0,-9999.0,0.375,1,P8_CV0,2,0,2,2,0,0,2,0,2
33,10970.62741,441520.7699,E33_F9_m1f1_P44_Y6_UO80,I1_F44_m9f9_P33_Y0_UO539,I1_F44_m9f9_P44_Y4_UO584,MXY,1,0.0,1,1,0.0,0,0,0,-9999.0,0.3125,1,P8_CV0,2,1,1,1,1,0,2,0,2
33,10970.62741,441520.7699,E33_F9_m9f9_P44_Y6_UO641,I9_F10_m-1f-1_P9_Y-1_U105,I9_F33_m9f9_P33_Y4_UO592,MXY,1,0.0,1,1,0.0,0,0,0,-9999.0,0.375,1,P8_CV0,2,0,2,2,0,0,2,0,2
33,10970.62741,441520.7699,E33_F77_m1f1_P10_Y6_UO68,I1_F10_m9f9_P10_Y1_UO506,ID1_F18_m-1f-1_P1_Y-1_U68,MXY,1,0.0,1,1,0.0,0,0,0,-9999.0,0.5,1,P8_CV0,2,1,1,1,1,0,2,0,2
33,10970.62741,441520.7699,E33_F77_m1f1_P10_Y6_UO76,I1_F33_m9f9_P10_Y0_UO583,ID1_F10_m77f77_P10_Y0_UO3631,MXY,1,0.0,1,1,0.0,0,0,0,-9999.0,0.5,1,P8_CV0,2,1,1,2,0,0,2,0,2
33,10970.62741,441520.7699,E33_F77_m1f1_P33_Y6_UO47,I1_F10_m9f9_P33_Y3_UO512,I1_F33_m-1f-1_P9_Y-1_U80,MXY,1,0.0,1,1,0.0,0,0,0,-9999.0,0.5,1,P8_CV0,2,1,1,1,1,0,2,0,2
33,10970.62741,441520.7699,E33_F77_m9f9_P33_Y6_UO646,I9_F33_m-1f-1_P9_Y-1_U55,I9_F10_m77f77_P10_Y4_UO3364,MXY,1,0.0,1,1,0.0,0,0,0,-9999.0,0.5,1,P8_CV0,2,1,1,0,2,0,2,0,2
33,10970.62741,441520.7699,E33_F1_m1f1_P33_Y5_UO58,ID1_F44_m9f9_P33_Y1_UO521,I1_F33_m1f1_P44_Y3_UO38,MXY,2,0.0,1,0,0.0,0,0,0,-9999.0,0.625,1,P8_CV0,2,0,2,1,1,0,2,0,2
33,10970.62741,441520.7699,E33_F1_m9f9_P44_Y5_UO637,I9_F33_m-1f-1_P9_Y-1_U28,I9_F33_m4f4_P96_Y0_UO205,FXX,2,0.0,1,0,1.0,0,0,0,-9999.0,0.25,1,P8_CV0,2,1,1,2,0,0,2,0,2
33,10970.62741,441520.7699,E33_F1_m1f1_P33_Y5_UO64,I1_F33_m1f1_P33_Y0_UO34,I1_F10_m-1f-1_P9_Y-1_U12,FXX,2,0.0,1,0,1.0,0,0,0,-9999.0,0.375,1,P8_CV0,2,1,1,0,2,0,2,0,2
33,10970.62741,441520.7699,E33_F1_m1f1_P44_Y5_UO66,I1_F33_m60f60_P96_Y0_UO3062,ID1_F44_m-1f-1_P9_Y-1_U137,FXX,2,0.0,1,0,1.0,0,0,0,-9999.0,0.375,1,P8_CV0,2,2,0,2,0,0,2,0,2
33,10970.62741,441520.7699,E33_F1_m9f9_P33_Y5_UO604,ID9_F18_m1f1_P33_Y1_UO10,I9_F33_m9f9_P33_Y1_UO489,MXY,2,0.0,1,0,0.0,0,0,0,-9999.0,0.375,1,P8_CV0,2,1,1,2,0,0,2,0,2
33,10970.62741,441520.7699,E33_F1_m9f9_P44_Y5_UO549,ID9_F10_m9f9_P33_Y3_UO539,I9_F44_m-1f-1_P1_Y-1_U169,FXX,2,0.0,1,0,1.0,0,0,0,-9999.0,0.5,1,P8_CV0,2,1,1,1,1,0,2,0,2
33,10970.62741,441520.7699,E33_F1_m9f9_P33_Y5_UO591,ID9_F10_m1f1_P10_Y2_UO9,I9_F10_m1f1_P44_Y3_UO2,FXX,2,0.0,1,0,1.0,0,0,0,-9999.0,0.3125,1,P8_CV0,2,1,1,0,2,0,2,0,2
33,10970.62741,441520.7699,E33_F1_m9f9_P33_Y5_UO572,I9_F33_m9f9_P33_Y3_UO579,I9_F33_m-1f-1_P77_Y-1_U182,FXX,2,0.0,1,0,1.0,0,0,0,-9999.0,0.4375,1,P8_CV0,2,2,0,1,1,0,2,0,2
33,10970.62741,441520.7699,E33_F9_m9f9_P10_Y5_UO624,I9_F33_m-1f-1_P9_Y-1_U230,I9_F33_m-1f-1_P9_Y-1_U175,MXY,2,0.0,1,0,0.0,0,0,0,-9999.0,0.5,1,P8_CV0,2,0,2,1,1,0,2,0,2
33,10970.62741,441520.7699,E33_F9_m1f1_P33_Y5_UO78,ID1_F33_m9f9_P10_Y0_UO583,I1_F44_m4f4_P82_Y0_UO201,MXY,2,0.0,1,0,0.0,0,0,0,-9999.0,0.5,1,P8_CV0,2,1,1,1,1,0,2,0,2
33,10970.62741,441520.7699,E33_F9_m1f1_P10_Y5_UO32,I1_F10_m77f77_P33_Y3_UO3413,I1_F10_m77f77_P10_Y0_UO3668,MXY,2,0.0,1,0,0.0,0,0,0,-9999.0,0.25,1,P8_CV0,2,0,2,2,0,0,2,0,2
33,10970.62741,441520.7699,E33_F9_m1f1_P33_Y5_UO13,I1_F44_m1f1_P44_Y3_UO26,I1_F44_m9f9_P44_Y2_UO555,FXX,2,0.0,1,0,1.0,0,0,0,-9999.0,0.75,1,P8_CV0,2,1,1,0,2,0,2,0,2
33,10970.62741,441520.7699,E33_F9_m9f9_P33_Y5_UO638,I9_F33_m-1f-1_P1_Y-1_U132,I9_F33_m-1f-1_P9_Y-1_U128,MXY,2,0.0,1,0,0.0,0,0,0,-9999.0,0.5,1,P8_CV0,2,1,1,1,1,0,2,0,2
33,10970.62741,441520.7699,E33_F9_m77f77_P10_Y5_UO3402,ID77_F10_m1f1_P10_Y2_UO78,I77_F10_m-1f-1_P4_Y-1_U220,MXY,2,0.0,1,0,0.0,0,0,0,-9999.0,0.5,1,P8_CV0,2,2,0,0,2,0,2,0,2
33,10970.62741,441520.7699,E33_F9_m1f1_P33_Y5_UO1,I1_F97_m9f9_P10_Y3_UO566,I1_F33_m9f9_P10_Y0_UO545,MXY,2,0.0,1,0,0.0,0,0,0,-9999.0,0.5,1,P8_CV0,2,1,1,0,2,0,2,0,2
33,10970.62741,441520.7699,E33_F9_m9f9_P10_Y5_UO620,ID9_F10_m4f4_P82_Y0_UO263,I9_F10_m9f9_P10_Y1_UO499,FXX,2,0.0,1,0,1.0,0,0,0,-9999.0,0.625,1,P8_CV0,2,2,0,0,2,0,2,0,2
33,10970.62741,441520.7699,E33_F9_m1f1_P33_Y5_UO57,ID1_F18_m9f9_P44_Y1_UO450,I1_F44_m1f1_P10_Y3_UO81,MXY,2,0.0,1,0,0.0,0,0,0,-9999.0,0.5,1,P8_CV0,2,1,1,0,2,0,2,0,2
33,10970.62741,441520.7699,E33_F77_m1f1_P33_Y5_UO27,I1_F10_m9f9_P33_Y3_UO508,I1_F33_m77f77_P33_Y2_UO3379,MXY,2,0.0,1,0,0.0,0,0,0,-9999.0,0.375,1,P8_CV0,2,1,1,2,0,0,2,0,2
33,10970.62741,441520.7699,E33_F1_m1f1_P33_Y4_UO80,I1_F44_m-1f-1_P1_Y-1_U63,I1_F10_m9f9_P44_Y2_UO555,MXY,3,0.0,1,0,0.0,0,0,0,-9999.0,0.5,1,P8_CV0,2,1,1,0,2,0,2,0,2
33,10970.62741,441520.7699,E33_F1_m9f9_P10_Y4_UO593,ID9_F10_m-1f-1_P77_Y-1_U69,I9_F10_m-1f-1_P9_Y-1_U171,FXX,3,0.0,1,0,1.0,0,0,0,-9999.0,0.5,1,P8_CV0,2,0,2,1,1,0,2,0,2
33,10970.62741,441520.7699,E33_F1_m9f9_P33_Y4_UO582,I9_F33_m-1f-1_P9_Y-1_U20,I9_F10_m1f1_P33_Y1_UO77,MXY,3,0.0,1,0,0.0,0,0,0,-9999.0,0.25,1,P8_CV0,2,0,2,1,1,0,2,0,2
33,10970.62741,441520.7699,E33_F1_m1f1_P44_Y4_UO38,I1_F44_m9f9_P10_Y1_UO448,I1_F33_m1f1_P10_Y1_UO0,MXY,3,0.0,1,0,0.0,0,0,0,-9999.0,0.625,1,P8_CV0,2,1,1,1,1,0,2,0,2
33,10970.62741,441520.7699,E33_F9_m9f9_P18_Y4_UO527,I9_F33_m9f9_P10_Y2_UO584,I9_F10_m9f9_P10_Y0_UO509,FXX,3,0.0,1,0,1.0,0,0,0,-9999.0,0.8125,1,P8_CV0,2,2,0,2,0,0,2,0,2
33,10970.62741,441520.7699,E33_F9_m9f9_P33_Y4_UO543,I9_F44_m9f9_P10_Y1_UO529,I9_F33_m1f1_P10_Y2_UO21,FXX,3,0.0,1,0,1.0,0,0,0,-9999.0,0.875,1,P8_CV0,2,2,0,2,0,0,2,0,2
33,10970.62741,441520.7699,E33_F9_m1f1_P44_Y4_UO22,ID1_F33_m9f9_P10_Y2_UO532,I1_F33_m1f1_P44_Y2_UO36,FXX,3,0.0,1,0,1.0,0,0,0,-9999.0,0.6875,1,P8_CV0,2,1,1,2,0,0,2,0,2
33,10970.62741,441520.7699,E33_F9_m1f1_P33_Y4_UO83,ID1_F10_m-1f-1_P9_Y-1_U84,I1_F33_m1f1_P44_Y2_UO69,FXX,3,0.0,1,0,1.0,0,0,0,-9999.0,0.5,1,P8_CV0,2,2,0,1,1,0,2,0,2
33,10970.62741,441520.7699,E33_F9_m1f1_P33_Y4_UO48,I1_F33_m9f9_P33_Y0_UO543,I1_F10_m-1f-1_P1_Y-1_U117,MXY,3,0.0,1,0,0.0,0,0,0,-9999.0,0.25,1,P8_CV0,2,0,2,1,1,0,2,0,2
33,10970.62741,441520.7699,E33_F1_m1f1_P33_Y3_UO31,I1_F33_m9f9_P10_Y0_UO548,I1_F33_m-1f-1_P9_Y-1_U6,MXY,4,0.0,1,0,0.0,0,0,0,-9999.0,0.375,1,P8_CV0,2,1,1,1,1,0,2,0,2
33,10970.62741,441520.7699,E33_F1_m9f9_P10_Y3_UO494,I9_F10_m9f9_P10_Y1_UO478,I9_F33_m-1f-1_P9_Y-1_U128,FXX,4,0.0,1,0,1.0,0,0,0,-9999.0,0.875,1,P8_CV0,2,2,0,1,1,0,2,0,2
33,10970.62741,441520.7699,E33_F1_m77f77_P33_Y3_UO3413,I77_F10_m-1f-1_P77_Y-1_U194,ID77_F33_m-1f-1_P9_Y-1_U210,FXX,4,0.0,1,0,1.0,0,0,0,-9999.0,0.5,1,P8_CV0,2,1,1,2,0,0,2,0,2
33,10970.62741,441520.7699,E33_F1_m9f9_P33_Y3_UO564,I9_F33_m-1f-1_P9_Y-1_U49,ID9_F33_m-1f-1_P1_Y-1_U55,MXY,4,0.0,1,0,0.0,0,0,0,-9999.0,0.5,1,P8_CV0,2,1,1,2,0,0,2,0,2
33,10970.62741,441520.7699,E33_F1_m1f1_P10_Y3_UO81,ID1_F10_m-1f-1_P9_Y-1_U238,ID1_F33_m1f1_P33_Y0_UO5,MXY,4,0.0,1,0,0.0,0,0,0,-9999.0,0.5,1,P8_CV0,2,1,1,1,1,0,2,0,2
33,10970.62741,441520.7699,E33_F9_m9f9_P44_Y3_UO593,I9_F33_m-1f-1_P9_Y-1_U151,ID9_F44_m9f9_P10_Y0_UO509,MXY,4,0.0,1,0,0.0,0,0,0,-9999.0,0.625,1,P8_CV0,2,1,1,2,0,0,2,0,2
33,10970.62741,441520.7699,E33_F9_m9f9_P10_Y3_UO513,I9_F44_m1f1_P10_Y1_UO38,I9_F44_m-1f-1_P9_Y-1_U62,MXY,4,0.0,1,0,0.0,0,0,0,-9999.0,0.625,1,P8_CV0,2,0,2,0,2,0,2,0,2
33,10970.62741,441520.7699,E33_F9_m1f1_P33_Y3_UO11,ID1_F44_m9f9_P33_Y1_UO521,I1_F33_m-1f-1_P1_Y-1_U169,FXX,4,0.0,1,0,1.0,0,0,0,-9999.0,0.625,1,P8_CV0,2,2,0,1,1,0,2,0,2
33,10970.62741,441520.7699,E33_F9_m1f1_P44_Y3_UO2,I1_F10_m77f77_P10_Y1_UO3275,ID1_F44_m-1f-1_P9_Y-1_U80,MXY,4,0.0,1,0,0.0,0,0,0,-9999.0,0.5,1,P8_CV0,2,1,1,0,2,0,2,0,2
33,10970.62741,441520.7699,E33_F1_m9f9_P33_Y2_UO577,I9_F33_m-1f-1_P9_Y-1_U105,ID9_F33_m77f77_P18_Y0_UO3658,FXX,5,0.0,1,0,1.0,0,0,0,-9999.0,0.25,1,P8_CV0,2,1,1,2,0,0,2,0,2
33,10970.62741,441520.7699,E33_F1_m9f9_P33_Y2_UO572,I9_F10_m-1f-1_P9_Y-1_U84,I9_F33_m-1f-1_P9_Y-1_U54,MXY,5,0.0,1,0,0.0,0,0,0,-9999.0,0.5,1,P8_CV0,2,2,0,1,1,0,2,0,2
33,10970.62741,441520.7699,E33_F9_m9f9_P33_Y2_UO514,ID9_F33_m77f77_P33_Y0_UO3635,I9_F33_m9f9_P18_Y0_UO503,FXX,5,0.0,1,0,1.0,0,0,0,-9999.0,0.5,1,P8_CV0,2,2,0,1,1,0,2,0,2
33,10970.62741,441520.7699,E33_F9_m9f9_P10_Y2_UO551,I9_F18_m-1f-1_P9_Y-1_U25,I9_F44_m-1f-1_P9_Y-1_U163,FXX,5,0.0,1,0,1.0,0,0,0,-9999.0,1.0,1,P8_CV0,2,2,0,2,0,0,2,0,2
33,10970.62741,441520.7699,E33_F9_m1f1_P10_Y2_UO51,I1_F33_m-1f-1_P1_Y-1_U221,I1_F33_m9f9_P33_Y0_UO556,MXY,5,0.0,1,0,0.0,0,0,0,-9999.0,0.25,1,P8_CV0,2,1,1,1,1,0,2,0,2
33,10970.62741,441520.7699,E33_F1_m9f9_P33_Y1_UO517,I9_F33_m-1f-1_P9_Y-1_U238,I9_F10_m-1f-1_P9_Y-1_U245,MXY,6,0.0,1,0,0.0,0,0,0,-9999.0,0.75,1,P8_CV0,2,2,0,2,0,0,2,0,2
33,10970.62741,441520.7699,E33_F1_m9f9_P10_Y1_UO504,I9_F33_m-1f-1_P9_Y-1_U92,I9_F10_m-1f-1_P9_Y-1_U185,FXX,6,0.0,1,0,1.0,0,0,0,-9999.0,1.0,1,P8_CV0,2,2,0,1,1,0,2,0,2
33,10970.62741,441520.7699,E33_F9_m9f9_P10_Y1_UO499,ID9_F44_m-1f-1_P1_Y-1_U57,I9_F33_m-1f-1_P9_Y-1_U199,MXY,6,0.0,1,0,0.0,0,0,0,-9999.0,0.75,1,P8_CV0,2,2,0,1,1,0,2,0,2
33,10970.62741,441520.7699,E33_F1_m9f9_P33_Y0_UO518,R9_F9_m-1f-1_P9_Y-1_U32,R9_F9_m-1f-1_P9_Y-1_U99,MXY,7,0.0,1,0,0.0,0,0,0,-9999.0,0.25,1,P8_CV0,2,1,1,1,1,0,2,0,2
33,10970.62741,441520.7699,E33_F1_m9f9_P33_Y0_UO543,R9_F9_m-1f-1_P9_Y-1_U105,R9_F9_m-1f-1_P9_Y-1_U96,FXX,7,0.0,1,0,1.0,0,0,0,-9999.0,0.5,1,P8_CV0,2,1,1,2,0,0,2,0,2
33,10970.62741,441520.7699,E33_F1_m9f9_P33_Y0_UO556,R9_F9_m-1f-1_P9_Y-1_U141,R9_F9_m-1f-1_P9_Y-1_U78,MXY,7,0.0,1,0,0.0,0,0,0,-9999.0,0.5,1,P8_CV0,2,2,0,1,1,0,2,0,2
33,10970.62741,441520.7699,E33_F1_m9f9_P10_Y0_UO548,R9_F9_m-1f-1_P9_Y-1_U115,R9_F9_m-1f-1_P9_Y-1_U121,FXX,7,0.0,1,0,1.0,0,0,0,-9999.0,0.75,1,P8_CV0,2,1,1,1,1,0,2,0,2
33,10970.62741,441520.7699,E33_F9_m9f9_P33_Y0_UO539,R9_F9_m-1f-1_P9_Y-1_U91,R9_F9_m-1f-1_P9_Y-1_U68,FXX,7,0.0,1,0,1.0,0,0,0,-9999.0,0.0,1,P8_CV0,2,0,2,2,0,0,2,0,2
33,10970.62741,441520.7699,E33_F9_m9f9_P33_Y0_UO540,R9_F9_m-1f-1_P9_Y-1_U92,R9_F9_m-1f-1_P9_Y-1_U160,FXX,7,0.0,1,0,1.0,0,0,0,-9999.0,0.75,1,P8_CV0,2,2,0,0,2,0,2,0,2
33,10970.62741,441520.7699,E33_F9_m9f9_P18_Y0_UO503,R9_F9_m-1f-1_P9_Y-1_U1,R9_F9_m-1f-1_P9_Y-1_U23,MXY,7,0.0,1,0,0.0,0,0,0,-9999.0,0.75,1,P8_CV0,2,2,0,0,2,0,2,0,2
33,10970.62741,441520.7699,E33_F9_m9f9_P33_Y0_UO508,R9_F9_m-1f-1_P9_Y-1_U10,R9_F9_m-1f-1_P9_Y-1_U200,FXX,7,0.0,1,0,1.0,0,0,0,-9999.0,0.75,1,P8_CV0,2,2,0,0,2,0,2,0,2
33,10970.62741,441520.7699,E33_F1_m-1f-1_P9_Y-1_U6,-9999,-9999,MXY,8,0.0,1,0,0.0,0,0,0,-9999.0,0.0,1,P8_CV0,2,0,2,2,0,0,2,0,2
33,10970.62741,441520.7699,E33_F9_m-1f-1_P9_Y-1_U85,-9999,-9999,FXX,8,0.0,1,0,1.0,0,0,0,-9999.0,0.5,1,P8_CV0,2,1,1,2,0,0,2,0,2
33,10970.62741,441520.7699,E33_F9_m-1f-1_P9_Y-1_U230,-9999,-9999,FXX,8,0.0,1,0,1.0,0,0,0,-9999.0,0.5,1,P8_CV0,2,1,1,2,0,0,2,0,2
33,10970.62741,441520.7699,E33_F9_m-1f-1_P9_Y-1_U75,-9999,-9999,FXX,8,0.0,1,0,1.0,0,0,0,-9999.0,0.0,1,P8_CV0,2,0,2,2,0,0,2,0,2
33,10970.62741,441520.7699,E33_F1_m-1f-1_P9_Y-1_U59,-9999,-9999,FXX,10,0.0,1,0,1.0,0,0,0,-9999.0,1.0,1,P8_CV0,2,2,0,1,1,0,2,0,2
33,10970.62741,441520.7699,E33_F9_m-1f-1_P9_Y-1_U87,-9999,-9999,FXX,10,0.0,1,0,1.0,0,0,0,-9999.0,0.0,1,P8_CV0,2,0,2,1,1,0,2,0,2
33,10970.62741,441520.7699,E33_F1_m-1f-1_P9_Y-1_U84,-9999,-9999,FXX,11,0.0,1,0,1.0,0,0,0,-9999.0,0.5,1,P8_CV0,2,1,1,1,1,0,2,0,2
33,10970.62741,441520.7699,E33_F1_m-1f-1_P9_Y-1_U28,-9999,-9999,FXX,11,0.0,1,0,1.0,0,0,0,-9999.0,0.0,1,P8_CV0,2,0,2,1,1,0,2,0,2
33,10970.62741,441520.7699,E33_F9_m-1f-1_P9_Y-1_U108,-9999,-9999,FXX,11,0.0,1,0,1.0,0,0,0,-9999.0,1.0,1,P8_CV0,2,2,0,1,1,0,2,0,2
33,10970.62741,441520.7699,E33_F9_m-1f-1_P9_Y-1_U219,-9999,-9999,FXX,11,0.0,1,0,1.0,0,0,0,-9999.0,0.5,1,P8_CV0,2,1,1,1,1,0,2,0,2
33,10970.62741,441520.7699,E33_F9_m-1f-1_P9_Y-1_U88,-9999,-9999,MXY,12,0.0,1,0,0.0,0,0,0,-9999.0,0.0,1,P8_CV0,2,0,2,1,1,0,2,0,2
33,10970.62741,441520.7699,E33_F9_m-1f-1_P9_Y-1_U212,-9999,-9999,MXY,12,0.0,1,0,0.0,0,0,0,-9999.0,0.5,1,P8_CV0,2,1,1,1,1,0,2,0,2
33,10970.62741,441520.7699,E33_F9_m-1f-1_P9_Y-1_U105,-9999,-9999,FXX,12,0.0,1,0,1.0,0,0,0,-9999.0,0.0,1,P8_CV0,2,0,2,2,0,0,2,0,2
33,10970.62741,441520.7699,E33_F1_m-1f-1_P9_Y-1_U22,-9999,-9999,MXY,16,0.0,1,0,0.0,0,0,0,-9999.0,1.0,1,P8_CV0,2,2,0,1,1,0,2,0,2
35,-707151.5378,-585406.9858,Age0_F35_m23f23_P35_Y7_UO1201,I23_F35_m92f92_P99_Y1_UO4131,I23_F6_m46f46_P52_Y5_UO2309,FXX,0,0.0,0,0,0.0,0,0,0,0.0,0.375,1,P11_CV0,2,0,2,0,2,0,2,0,2
35,-707151.5378,-585406.9858,Age0_F35_m46f46_P35_Y7_UO2288,I46_F52_m12f12_P52_Y4_UO665,I46_F93_m-1f-1_P90_Y-1_U98,FXX,0,0.0,0,0,0.0,0,0,0,0.0,0.9375,1,P11_CV0,2,1,1,2,0,0,2,0,2
35,-707151.5378,-585406.9858,Age0_F35_m90f90_P35_Y7_UO4240,I90_F86_m90f90_P35_Y4_UO4216,I90_F57_m23f23_P57_Y3_UO1140,MXY,0,0.0,0,0,0.0,0,0,0,0.0,0.5,1,P11_CV0,2,1,1,1,1,0,2,0,2
35,-707151.5378,-585406.9858,Age0_F35_m90f90_P35_Y7_UO4284,I90_F86_m12f12_P52_Y2_UO697,ID90_F86_m40f40_P6_Y5_UO1893,FXX,0,0.0,0,0,0.0,0,0,0,0.0,0.5,1,P11_CV0,2,1,1,1,1,0,2,0,2
35,-707151.5378,-585406.9858,E35_F30_m12f12_P52_Y6_UO739,I12_F86_m90f90_P52_Y2_UO4202,I12_F52_m12f12_P52_Y3_UO680,FXX,1,0.0,1,1,1.0,0,0,0,-9999.0,0.5625,1,P11_CV0,2,0,2,1,1,0,2,0,2
35,-707151.5378,-585406.9858,E35_F30_m12f12_P52_Y6_UO782,I12_F52_m-1f-1_P12_Y-1_U6,I12_F52_m46f46_P52_Y1_UO2134,FXX,1,0.0,1,1,1.0,0,0,0,-9999.0,0.875,1,P11_CV0,2,1,1,1,1,0,2,0,2
35,-707151.5378,-585406.9858,E35_F46_m12f12_P52_Y6_UO783,I12_F52_m-1f-1_P12_Y-1_U51,I12_F52_m-1f-1_P12_Y-1_U154,MXY,1,0.0,1,1,0.0,0,0,0,-9999.0,0.0,1,P11_CV0,2,0,2,2,0,0,2,0,2
35,-707151.5378,-585406.9858,E35_F90_m23f23_P27_Y6_UO1153,I23_F57_m46f46_P52_Y4_UO2204,I23_F6_m46f46_P86_Y4_UO2231,FXX,1,0.0,1,1,1.0,0,0,0,-9999.0,0.53125,1,P11_CV0,2,1,1,1,1,0,2,0,2
35,-707151.5378,-585406.9858,E35_F90_m46f46_P52_Y6_UO2290,I46_F86_m78f78_P13_Y4_UO3516,I46_F86_m-1f-1_P12_Y-1_U235,FXX,1,0.0,1,1,1.0,0,0,0,-9999.0,0.375,1,P11_CV0,2,1,1,2,0,0,2,0,2
35,-707151.5378,-585406.9858,E35_F90_m12f12_P86_Y6_UO692,I12_F52_m12f12_P86_Y4_UO736,I12_F86_m46f46_P52_Y4_UO2234,MXY,1,0.0,1,1,0.0,0,0,0,-9999.0,0.5625,1,P11_CV0,2,2,0,1,1,0,2,0,2
35,-707151.5378,-585406.9858,E35_F7_m37f37_P38_Y5_UO1714,I37_F29_m37f37_P74_Y2_UO1714,I37_F38_m12f12_P13_Y1_UO623,FXX,2,0.0,1,0,1.0,0,0,0,-9999.0,0.625,1,P11_CV0,2,1,1,1,1,0,2,0,2
35,-707151.5378,-585406.9858,E35_F23_m12f12_P52_Y5_UO717,ID12_F35_m23f23_P57_Y2_UO1170,I12_F57_m-1f-1_P12_Y-1_U15,FXX,2,0.0,1,0,1.0,0,0,0,-9999.0,0.625,1,P11_CV0,2,1,1,1,1,0,2,0,2
35,-707151.5378,-585406.9858,E35_F46_m12f12_P52_Y5_UO709,I12_F52_m12f12_P52_Y3_UO723,I12_F52_m12f12_P52_Y3_UO681,FXX,2,0.0,1,0,1.0,0,0,0,-9999.0,0.75,1,P11_CV0,2,1,1,0,2,0,2,0,2
35,-707151.5378,-585406.9858,E35_F90_m46f46_P52_Y5_UO2238,I46_F86_m12f12_P52_Y3_UO722,ID46_F74_m7f7_P38_Y0_UO409,MXY,2,0.0,1,0,0.0,0,0,0,-9999.0,0.8125,1,P11_CV0,2,2,0,1,1,0,2,0,2
35,-707151.5378,-585406.9858,E35_F23_m46f46_P52_Y4_UO2204,ID46_F93_m39f39_P93_Y2_UO1828,I46_F13_m-1f-1_P12_Y-1_U100,FXX,3,0.0,1,0,1.0,0,0,0,-9999.0,0.5625,1,P11_CV0,2,2,0,2,0,0,2,0,2
35,-707151.5378,-585406.9858,E35_F46_m12f12_P52_Y4_UO665,I12_F52_m12f12_P52_Y2_UO740,I12_F52_m-1f-1_P12_Y-1_U175,FXX,3,0.0,1,0,1.0,0,0,0,-9999.0,0.875,1,P11_CV0,2,1,1,1,1,0,2,0,2
35,-707151.5378,-585406.9858,E35_F90_m90f90_P35_Y4_UO4216,I90_F86_m12f12_P52_Y0_UO757,I90_F35_m12f12_P52_Y2_UO712,FXX,3,0.0,1,0,1.0,0,0,0,-9999.0,0.375,1,P11_CV0,2,1,1,1,1,0,2,0,2
35,-707151.5378,-585406.9858,E35_F90_m12f12_P52_Y2_UO697,I12_F35_m-1f-1_P12_Y-1_U36,I12_F52_m-1f-1_P12_Y-1_U235,FXX,5,0.0,1,0,1.0,0,0,0,-9999.0,0.25,1,P11_CV0,2,0,2,0,2,0,2,0,2
35,-707151.5378,-585406.9858,E35_F90_m12f12_P52_Y0_UO736,R12_F12_m-1f-1_P12_Y-1_U111,R12_F12_m-1f-1_P12_Y-1_U172,MXY,7,0.0,1,0,0.0,0,0,0,-9999.0,1.0,1,P11_CV0,2,2,0,1,1,0,2,0,2
35,-707151.5378,-585406.9858,Age0_F35_m23f23_P35_Y7_UO1120,ID23_F6_m50f50_P99_Y5_UO2432,I23_F35_m23f23_P86_Y0_UO1256,MXY,0,0.0,0,0,0.0,0,0,0,0.0,0.4375,1,P22_CV0,2,0,2,2,0,0,2,0,2
35,-707151.5378,-585406.9858,Age0_F35_m23f23_P35_Y7_UO1162,I23_F27_m90f90_P27_Y4_UO4193,I23_F6_m40f40_P6_Y5_UO1945,FXX,0,0.0,0,0,0.0,0,0,0,0.0,0.4375,1,P22_CV0,2,1,1,0,2,0,2,0,2
35,-707151.5378,-585406.9858,Age0_F35_m23f23_P35_Y7_UO1208,I23_F86_m23f23_P35_Y0_UO1310,I23_F57_m23f23_P27_Y4_UO1222,FXX,0,0.0,0,0,0.0,0,0,0,0.0,0.6875,1,P22_CV0,2,2,0,2,0,0,2,0,2
35,-707151.5378,-585406.9858,Age0_F35_m23f23_P35_Y7_UO1227,I23_F86_m-1f-1_P23_Y-1_U9,ID23_F27_m23f23_P35_Y5_UO1215,FXX,0,0.0,0,0,0.0,0,0,0,0.0,0.5,1,P22_CV0,2,2,0,1,1,0,2,0,2
35,-707151.5378,-585406.9858,Age0_F35_m90f90_P35_Y7_UO4314,I90_F86_m-1f-1_P23_Y-1_U167,I90_F6_m90f90_P86_Y5_UO4241,MXY,0,0.0,0,0,0.0,0,0,0,0.0,0.125,1,P22_CV0,2,1,1,0,2,0,2,0,2
35,-707151.5378,-585406.9858,E35_F23_m90f90_P35_Y6_UO4279,I90_F86_m23f23_P27_Y2_UO1184,I90_F57_m45f45_P86_Y4_UO2163,MXY,1,0.0,1,1,0.0,0,0,0,-9999.0,0.6875,1,P22_CV0,2,1,1,0,2,0,2,0,2
35,-707151.5378,-585406.9858,E35_F30_m46f46_P52_Y6_UO2319,ID46_F35_m12f12_P52_Y2_UO715,I46_F13_m90f90_P52_Y4_UO4254,MXY,1,0.0,1,1,0.0,0,0,0,-9999.0,0.5625,1,P22_CV0,2,1,1,0,2,0,2,0,2
35,-707151.5378,-585406.9858,E35_F90_m23f23_P35_Y6_UO1238,ID23_F6_m-1f-1_P23_Y-1_U164,ID23_F57_m23f23_P57_Y4_UO1218,MXY,1,0.0,1,1,0.0,0,0,0,-9999.0,0.5,1,P22_CV0,2,2,0,2,0,0,2,0,2
35,-707151.5378,-585406.9858,E35_F90_m23f23_P86_Y6_UO1132,I23_F86_m90f90_P27_Y4_UO4163,I23_F6_m7f7_P35_Y4_UO405,MXY,1,0.0,1,1,0.0,0,0,0,-9999.0,0.34375,1,P22_CV0,2,1,1,1,1,0,2,0,2
35,-707151.5378,-585406.9858,E35_F90_m90f90_P86_Y6_UO4229,I90_F52_m46f46_P52_Y4_UO2248,ID90_F6_m-1f-1_P23_Y-1_U199,MXY,1,0.0,1,1,0.0,0,0,0,-9999.0,0.5,1,P22_CV0,2,1,1,1,1,0,2,0,2
35,-707151.5378,-585406.9858,E35_F90_m90f90_P86_Y6_UO4340,I90_F86_m-1f-1_P45_Y-1_U29,ID90_F6_m-1f-1_P23_Y-1_U199,FXX,1,0.0,1,1,1.0,0,0,0,-9999.0,0.75,1,P22_CV0,2,1,1,0,2,0,2,0,2
35,-707151.5378,-585406.9858,E35_F90_m23f23_P86_Y5_UO1236,I23_F6_m-1f-1_P90_Y-1_U128,I23_F6_m23f23_P6_Y3_UO1222,FXX,2,0.0,1,0,1.0,0,0,0,-9999.0,0.5,1,P22_CV0,2,0,2,2,0,0,2,0,2
35,-707151.5378,-585406.9858,E35_F90_m90f90_P86_Y5_UO4213,I90_F57_m30f30_P35_Y2_UO1355,ID90_F57_m-1f-1_P23_Y-1_U249,MXY,2,0.0,1,0,0.0,0,0,0,-9999.0,0.5,1,P22_CV0,2,1,1,1,1,0,2,0,2
35,-707151.5378,-585406.9858,E35_F23_m90f90_P27_Y4_UO4163,I90_F27_m12f12_P52_Y2_UO718,I90_F35_m23f23_P86_Y2_UO1231,FXX,3,0.0,1,0,1.0,0,0,0,-9999.0,0.5,1,P22_CV0,2,1,1,0,2,0,2,0,2
35,-707151.5378,-585406.9858,E35_F90_m23f23_P86_Y3_UO1182,I23_F6_m50f50_P99_Y0_UO2599,I23_F86_m23f23_P86_Y0_UO1250,MXY,4,0.0,1,0,0.0,0,0,0,-9999.0,0.625,1,P22_CV0,2,1,1,2,0,0,2,0,2
35,-707151.5378,-585406.9858,E35_F90_m23f23_P35_Y1_UO1099,I23_F35_m-1f-1_P23_Y-1_U229,I23_F6_m-1f-1_P23_Y-1_U198,MXY,6,0.0,1,0,0.0,0,0,0,-9999.0,0.75,1,P22_CV0,2,2,0,2,0,0,2,0,2
35,-707151.5378,-585406.9858,E35_F23_m23f23_P35_Y0_UO1310,R23_F23_m-1f-1_P23_Y-1_U229,R23_F23_m-1f-1_P23_Y-1_U118,FXX,7,0.0,1,0,1.0,0,0,0,-9999.0,1.0,1,P22_CV0,2,2,0,2,0,0,2,0,2
35,-707151.5378,-585406.9858,E35_F90_m-1f-1_P23_Y-1_U164,-9999,-9999,FXX,10,0.0,1,0,1.0,0,0,0,-9999.0,0.5,1,P22_CV0,2,1,1,2,0,0,2,0,2
35,-707151.5378,-585406.9858,E35_F23_m-1f-1_P23_Y-1_U151,-9999,-9999,MXY,11,0.0,1,0,0.0,0,0,0,-9999.0,0.5,1,P22_CV0,2,1,1,2,0,0,2,0,2
35,-707151.5378,-585406.9858,E35_F90_m-1f-1_P23_Y-1_U167,-9999,-9999,FXX,11,0.0,1,0,1.0,0,0,0,-9999.0,0.0,1,P22_CV0,2,0,2,0,2,0,2,0,2
35,-707151.5378,-585406.9858,E35_F23_m-1f-1_P23_Y-1_U126,-9999,-9999,MXY,12,0.0,1,0,0.0,0,0,0,-9999.0,0.0,1,P22_CV0,2,0,2,1,1,0,2,0,2
35,-707151.5378,-585406.9858,E35_F23_m-1f-1_P23_Y-1_U9,-9999,-9999,FXX,13,0.0,1,0,1.0,0,0,0,-9999.0,0.5,1,P22_CV0,2,1,1,1,1,0,2,0,2
35,-707151.5378,-585406.9858,Age0_F35_m30f30_P35_Y7_UO1423,I30_F74_m45f45_P52_Y2_UO2120,I30_F52_m7f7_P38_Y0_UO489,MXY,0,0.0,0,0,0.0,0,0,0,0.0,0.375,1,P24_CV0,2,0,2,2,0,0,2,0,2
35,-707151.5378,-585406.9858,E35_F23_m45f45_P57_Y5_UO2175,ID45_F27_m12f12_P52_Y2_UO681,I45_F86_m25f25_P8_Y2_UO1284,MXY,2,0.0,1,0,0.0,0,0,0,-9999.0,0.5625,1,P24_CV0,2,1,1,2,0,0,2,0,2
35,-707151.5378,-585406.9858,E35_F30_m45f45_P52_Y2_UO2120,ID45_F68_m25f25_P8_Y0_UO1363,I45_F68_m-1f-1_P45_Y-1_U70,FXX,5,0.0,1,0,1.0,0,0,0,-9999.0,0.5,1,P24_CV0,2,0,2,2,0,0,2,0,2
35,-707151.5378,-585406.9858,Age0_F35_m30f30_P35_Y7_UO1375,I30_F29_m7f7_P29_Y5_UO443,I30_F35_m30f30_P29_Y0_UO1532,MXY,0,0.0,0,0,0.0,0,0,0,0.0,0.21875,1,P29_CV0,2,1,1,2,0,0,2,0,2
35,-707151.5378,-585406.9858,Age0_F35_m30f30_P35_Y7_UO1398,I30_F93_m30f30_P38_Y3_UO1359,I30_F86_m-1f-1_P30_Y-1_U118,FXX,0,0.0,0,0,0.0,0,0,0,0.0,0.5,1,P29_CV0,2,1,1,0,2,0,2,0,2
35,-707151.5378,-585406.9858,Age0_F35_m30f30_P35_Y7_UO1411,ID30_F35_m12f12_P52_Y3_UO655,ID30_F74_m78f78_P29_Y4_UO3492,MXY,0,0.0,0,0,0.0,0,0,0,0.0,0.625,1,P29_CV0,2,1,1,0,2,0,2,0,2
35,-707151.5378,-585406.9858,Age0_F35_m46f46_P35_Y7_UO2325,I46_F52_m78f78_P13_Y1_UO3361,I46_F93_m12f12_P52_Y2_UO713,MXY,0,0.0,0,0,0.0,0,0,0,0.0,0.75,1,P29_CV0,2,0,2,2,0,0,2,0,2
35,-707151.5378,-585406.9858,E35_F37_m7f7_P38_Y6_UO454,I7_F74_m7f7_P38_Y3_UO480,I7_F74_m37f37_P74_Y3_UO1773,FXX,1,0.0,1,1,1.0,0,0,0,-9999.0,0.3125,1,P29_CV0,2,1,1,1,1,0,2,0,2
35,-707151.5378,-585406.9858,E35_F90_m90f90_P35_Y6_UO4243,I90_F35_m30f30_P52_Y4_UO1391,I90_F86_m30f30_P52_Y2_UO1419,FXX,1,0.0,1,1,1.0,0,0,0,-9999.0,0.375,1,P29_CV0,2,1,1,1,1,0,2,0,2
35,-707151.5378,-585406.9858,E35_F90_m46f46_P86_Y6_UO2277,ID46_F52_m30f30_P52_Y4_UO1404,ID46_F52_m30f30_P13_Y3_UO1358,MXY,1,0.0,1,1,0.0,0,0,0,-9999.0,0.4375,1,P29_CV0,2,2,0,0,2,0,2,0,2
35,-707151.5378,-585406.9858,E35_F90_m90f90_P86_Y6_UO4344,I90_F52_m-1f-1_P45_Y-1_U94,ID90_F52_m92f92_P27_Y4_UO4343,FXX,1,0.0,1,1,1.0,0,0,0,-9999.0,0.5625,1,P29_CV0,2,1,1,2,0,0,2,0,2
35,-707151.5378,-585406.9858,E35_F12_m30f30_P52_Y5_UO1385,I30_F93_m30f30_P38_Y2_UO1377,I30_F13_m-1f-1_P30_Y-1_U95,MXY,2,0.0,1,0,0.0,0,0,0,-9999.0,0.5625,1,P29_CV0,2,2,0,1,1,0,2,0,2
35,-707151.5378,-585406.9858,E35_F30_m37f37_P38_Y5_UO1730,I37_F38_m37f37_P38_Y1_UO1551,I37_F74_m37f37_P74_Y3_UO1717,MXY,2,0.0,1,0,0.0,0,0,0,-9999.0,0.625,1,P29_CV0,2,1,1,2,0,0,2,0,2
35,-707151.5378,-585406.9858,E35_F30_m30f30_P38_Y3_UO1359,I30_F13_m78f78_P13_Y1_UO3366,I30_F52_m-1f-1_P30_Y-1_U181,FXX,4,0.0,1,0,1.0,0,0,0,-9999.0,0.5,1,P29_CV0,2,1,1,1,1,0,2,0,2
35,-707151.5378,-585406.9858,E35_F30_m12f12_P52_Y3_UO655,I12_F52_m30f30_P52_Y1_UO1271,I12_F93_m-1f-1_P12_Y-1_U39,FXX,4,0.0,1,0,1.0,0,0,0,-9999.0,0.5,1,P29_CV0,2,1,1,0,2,0,2,0,2
35,-707151.5378,-585406.9858,E35_F30_m30f30_P13_Y3_UO1436,ID30_F38_m-1f-1_P37_Y-1_U10,ID30_F13_m-1f-1_P30_Y-1_U110,MXY,4,0.0,1,0,0.0,0,0,0,-9999.0,0.5,1,P29_CV0,2,1,1,1,1,0,2,0,2
35,-707151.5378,-585406.9858,E35_F46_m37f37_P38_Y3_UO1669,I37_F29_m37f37_P38_Y1_UO1622,I37_F74_m30f30_P38_Y1_UO1316,MXY,4,0.0,1,0,0.0,0,0,0,-9999.0,0.5,1,P29_CV0,2,1,1,1,1,0,2,0,2
35,-707151.5378,-585406.9858,Age0_F35_m90f90_P35_Y7_UO4260,I90_F86_m37f37_P52_Y3_UO1699,I90_F52_m84f84_P86_Y4_UO3876,FXX,0,0.0,0,0,0.0,0,0,0,0.0,0.5625,1,P30_CV0,2,2,0,1,1,0,2,0,2
35,-707151.5378,-585406.9858,Age0_F35_m92f92_P35_Y7_UO4387,ID92_F6_m40f40_P57_Y3_UO1935,I92_F57_m92f92_P6_Y5_UO4301,MXY,0,0.0,0,0,0.0,0,0,0,0.0,0.40625,1,P30_CV0,2,1,1,2,0,0,2,0,2
35,-707151.5378,-585406.9858,E35_F23_m12f12_P86_Y5_UO757,I12_F52_m-1f-1_P31_Y-1_U139,ID12_F86_m-1f-1_P23_Y-1_U108,MXY,2,0.0,1,0,0.0,0,0,0,-9999.0,0.5,1,P30_CV0,2,1,1,2,0,0,2,0,2
35,-707151.5378,-585406.9858,E35_F90_m84f84_P86_Y4_UO3876,I84_F8_m-1f-1_P84_Y-1_U6,I84_F68_m31f31_P68_Y2_UO1469,MXY,3,0.0,1,0,0.0,0,0,0,-9999.0,0.75,1,P30_CV0,2,1,1,1,1,0,2,0,2
35,-707151.5378,-585406.9858,E35_F92_m40f40_P57_Y3_UO1935,I40_F27_m-1f-1_P40_Y-1_U81,I40_F8_m-1f-1_P31_Y-1_U4,FXX,4,0.0,1,0,1.0,0,0,0,-9999.0,0.5,1,P30_CV0,2,1,1,1,1,0,2,0,2
35,-707151.5378,-585406.9858,Age0_F35_m30f30_P35_Y7_UO1453,I30_F52_m-1f-1_P37_Y-1_U216,I30_F52_m12f12_P35_Y5_UO775,MXY,0,0.0,0,0,0.0,0,0,0,0.0,0.625,1,P36_CV0,2,2,0,0,2,0,2,0,2
35,-707151.5378,-585406.9858,E35_F23_m90f90_P57_Y6_UO4328,I90_F86_m-1f-1_P23_Y-1_U10,I90_F57_m30f30_P52_Y2_UO1394,FXX,1,0.0,1,1,1.0,0,0,0,-9999.0,0.625,1,P36_CV0,2,1,1,1,1,0,2,0,2
35,-707151.5378,-585406.9858,E35_F30_m90f90_P52_Y6_UO4272,I90_F6_m23f23_P86_Y3_UO1137,ID90_F57_m23f23_P57_Y3_UO1201,MXY,1,0.0,1,1,0.0,0,0,0,-9999.0,0.5,1,P36_CV0,2,1,1,1,1,0,2,0,2
35,-707151.5378,-585406.9858,E35_F30_m7f7_P74_Y6_UO444,I7_F74_m7f7_P74_Y3_UO405,I7_F29_m-1f-1_P37_Y-1_U128,FXX,1,0.0,1,1,1.0,0,0,0,-9999.0,0.25,1,P36_CV0,2,1,1,0,2,0,2,0,2
35,-707151.5378,-585406.9858,E35_F90_m37f37_P13_Y2_UO1735,I37_F74_m-1f-1_P37_Y-1_U79,I37_F38_m-1f-1_P46_Y-1_U81,MXY,5,0.0,1,0,0.0,0,0,0,-9999.0,0.25,1,P36_CV0,2,0,2,0,2,0,2,0,2
35,-707151.5378,-585406.9858,E35_F37_m37f37_P74_Y0_UO1739,R37_F37_m-1f-1_P37_Y-1_U14,R37_F37_m-1f-1_P37_Y-1_U190,FXX,7,0.0,1,0,1.0,0,0,0,-9999.0,0.75,1,P36_CV0,2,2,0,1,1,0,2,0,2
35,-707151.5378,-585406.9858,E35_F7_m-1f-1_P37_Y-1_U190,-9999,-9999,MXY,9,0.0,1,0,0.0,0,0,0,-9999.0,0.5,1,P36_CV0,2,1,1,0,2,0,2,0,2
35,-707151.5378,-585406.9858,E35_F30_m-1f-1_P37_Y-1_U216,-9999,-9999,FXX,13,0.0,1,0,1.0,0,0,0,-9999.0,0.5,1,P36_CV0,2,1,1,1,1,0,2,0,2
35,-707151.5378,-585406.9858,Age0_F35_m23f23_P35_Y7_UO1152,I23_F86_m90f90_P27_Y4_UO4163,I23_F57_m12f12_P86_Y5_UO714,MXY,0,0.0,0,0,0.0,0,0,0,0.0,0.4375,1,P38_CV0,2,1,1,0,2,0,2,0,2
35,-707151.5378,-585406.9858,Age0_F35_m30f30_P35_Y7_UO1385,ID30_F52_m37f37_P38_Y4_UO1694,I30_F29_m7f7_P38_Y2_UO410,FXX,0,0.0,0,0,0.0,0,0,0,0.0,0.625,1,P38_CV0,2,2,0,0,2,0,2,0,2
35,-707151.5378,-585406.9858,E35_F23_m46f46_P86_Y6_UO2294,I46_F86_m78f78_P38_Y4_UO3451,I46_F52_m39f39_P19_Y1_UO1645,MXY,1,0.0,1,1,0.0,0,0,0,-9999.0,0.75,1,P38_CV0,2,1,1,1,1,0,2,0,2
35,-707151.5378,-585406.9858,E35_F30_m39f39_P93_Y6_UO1911,I39_F75_m-1f-1_P39_Y-1_U178,I39_F93_m39f39_P19_Y4_UO1850,MXY,1,0.0,1,1,0.0,0,0,0,-9999.0,0.75,1,P38_CV0,2,2,0,1,1,0,2,0,2
35,-707151.5378,-585406.9858,E35_F90_m46f46_P52_Y6_UO2281,ID46_F52_m30f30_P52_Y4_UO1348,I46_F52_m46f46_P52_Y2_UO2294,MXY,1,0.0,1,1,0.0,0,0,0,-9999.0,0.6875,1,P38_CV0,2,1,1,1,1,0,2,0,2
35,-707151.5378,-585406.9858,E35_F7_m78f78_P93_Y5_UO3472,I78_F93_m78f78_P54_Y2_UO3544,I78_F38_m39f39_P19_Y1_UO1704,MXY,2,0.0,1,0,0.0,0,0,0,-9999.0,0.375,1,P38_CV0,2,1,1,1,1,0,2,0,2
35,-707151.5378,-585406.9858,E35_F30_m37f37_P38_Y4_UO1694,I37_F13_m39f39_P93_Y2_UO1763,ID37_F35_m12f12_P13_Y1_UO623,FXX,3,0.0,1,0,1.0,0,0,0,-9999.0,0.625,1,P38_CV0,2,2,0,0,2,0,2,0,2
35,-707151.5378,-585406.9858,Age0_F35_m90f90_P35_Y7_UO4200,I90_F6_m23f23_P57_Y5_UO1227,I90_F52_m-1f-1_P23_Y-1_U158,FXX,0,0.0,0,0,0.0,0,0,0,0.0,0.34375,1,P39_CV0,2,1,1,1,1,0,2,0,2
35,-707151.5378,-585406.9858,E35_F12_m90f90_P52_Y6_UO4261,I90_F57_m90f90_P86_Y3_UO4203,I90_F86_m23f23_P86_Y4_UO1232,FXX,1,0.0,1,1,1.0,0,0,0,-9999.0,0.3125,1,P39_CV0,2,1,1,2,0,0,2,0,2
35,-707151.5378,-585406.9858,E35_F23_m58f58_P99_Y6_UO2731,I58_F72_m94f94_P81_Y4_UO4399,I58_F99_m-1f-1_P40_Y-1_U122,MXY,1,0.0,1,1,0.0,0,0,0,-9999.0,0.6875,1,P39_CV0,2,1,1,0,2,0,2,0,2
35,-707151.5378,-585406.9858,E35_F90_m23f23_P27_Y6_UO1231,I23_F86_m-1f-1_P90_Y-1_U147,I23_F27_m40f40_P27_Y4_UO1910,MXY,1,0.0,1,1,0.0,0,0,0,-9999.0,0.25,1,P39_CV0,2,0,2,1,1,0,2,0,2
35,-707151.5378,-585406.9858,E35_F23_m40f40_P99_Y5_UO1952,ID40_F99_m-1f-1_P58_Y-1_U110,I40_F57_m40f40_P6_Y2_UO1868,MXY,2,0.0,1,0,0.0,0,0,0,-9999.0,0.625,1,P39_CV0,2,1,1,1,1,0,2,0,2
35,-707151.5378,-585406.9858,E35_F90_m23f23_P57_Y5_UO1227,I23_F57_m-1f-1_P90_Y-1_U189,ID23_F57_m23f23_P27_Y3_UO1183,FXX,2,0.0,1,0,1.0,0,0,0,-9999.0,0.1875,1,P39_CV0,2,0,2,1,1,0,2,0,2
35,-707151.5378,-585406.9858,E35_F90_m50f50_P6_Y5_UO2435,I50_F57_m-1f-1_P92_Y-1_U17,I50_F99_m-1f-1_P40_Y-1_U121,MXY,2,0.0,1,0,0.0,0,0,0,-9999.0,0.25,1,P39_CV0,2,1,1,1,1,0,2,0,2
35,-707151.5378,-585406.9858,E35_F90_m40f40_P57_Y4_UO1915,I40_F98_m-1f-1_P40_Y-1_U8,I40_F57_m-1f-1_P40_Y-1_U230,MXY,3,0.0,1,0,0.0,0,0,0,-9999.0,0.75,1,P39_CV0,2,2,0,0,2,0,2,0,2
35,-707151.5378,-585406.9858,E35_F90_m90f90_P86_Y4_UO4251,I90_F86_m-1f-1_P90_Y-1_U162,I90_F35_m40f40_P6_Y0_UO1955,MXY,3,0.0,1,0,0.0,0,0,0,-9999.0,0.5,1,P39_CV0,2,2,0,2,0,0,2,0,2
35,-707151.5378,-585406.9858,Age0_F35_m23f23_P35_Y7_UO1131,ID23_F35_m50f50_P27_Y5_UO2451,I23_F35_m40f40_P6_Y5_UO1931,MXY,0,0.0,0,0,0.0,0,0,0,0.0,0.375,1,P41_CV0,2,1,1,0,2,0,2,0,2
35,-707151.5378,-585406.9858,E35_F90_m12f12_P52_Y6_UO759,ID12_F52_m42f42_P99_Y0_UO2024,I12_F52_m90f90_P52_Y2_UO4192,MXY,1,0.0,1,1,0.0,0,0,0,-9999.0,0.6875,1,P41_CV0,2,2,0,1,1,0,2,0,2
35,-707151.5378,-585406.9858,E35_F23_m50f50_P99_Y5_UO2432,I50_F99_m50f50_P6_Y0_UO2553,I50_F99_m42f42_P99_Y3_UO2005,FXX,2,0.0,1,0,1.0,0,0,0,-9999.0,0.375,1,P41_CV0,2,0,2,2,0,0,2,0,2
35,-707151.5378,-585406.9858,E35_F23_m50f50_P27_Y5_UO2451,I50_F99_m-1f-1_P42_Y-1_U113,I50_F6_m42f42_P99_Y3_UO2026,FXX,2,0.0,1,0,1.0,0,0,0,-9999.0,0.0,1,P41_CV0,2,0,2,0,2,0,2,0,2
35,-707151.5378,-585406.9858,E35_F23_m23f23_P86_Y4_UO1206,I23_F27_m42f42_P99_Y0_UO2057,I23_F86_m90f90_P86_Y2_UO4170,FXX,3,0.0,1,0,1.0,0,0,0,-9999.0,0.75,1,P41_CV0,2,1,1,1,1,0,2,0,2
35,-707151.5378,-585406.9858,E35_F90_m90f90_P52_Y4_UO4206,I90_F86_m92f92_P57_Y1_UO4156,I90_F35_m90f90_P35_Y2_UO4253,MXY,3,0.0,1,0,0.0,0,0,0,-9999.0,0.75,1,P41_CV0,2,1,1,1,1,0,2,0,2
35,-707151.5378,-585406.9858,Age0_F35_m23f23_P35_Y7_UO1124,I23_F52_m92f92_P6_Y5_UO4406,I23_F6_m23f23_P6_Y0_UO1216,FXX,0,0.0,0,0,0.0,0,0,0,0.0,0.75,1,P44_CV0,2,1,1,2,0,0,2,0,2
35,-707151.5378,-585406.9858,Age0_F35_m23f23_P35_Y7_UO1142,I23_F57_m12f12_P52_Y5_UO717,I23_F27_m46f46_P86_Y4_UO2231,MXY,0,0.0,0,0,0.0,0,0,0,0.0,0.5625,1,P44_CV0,2,1,1,1,1,0,2,0,2
35,-707151.5378,-585406.9858,E35_F23_m92f92_P57_Y6_UO4370,I92_F99_m92f92_P57_Y4_UO4289,I92_F6_m42f42_P99_Y0_UO2112,MXY,1,0.0,1,1,0.0,0,0,0,-9999.0,0.34375,1,P44_CV0,2,1,1,0,2,0,2,0,2
35,-707151.5378,-585406.9858,E35_F23_m90f90_P86_Y6_UO4258,I90_F86_m37f37_P52_Y3_UO1699,I90_F52_m45f45_P86_Y0_UO2288,FXX,1,0.0,1,1,1.0,0,0,0,-9999.0,0.4375,1,P44_CV0,2,2,0,2,0,0,2,0,2
35,-707151.5378,-585406.9858,E35_F90_m40f40_P6_Y6_UO1934,ID40_F57_m45f45_P86_Y4_UO2184,I40_F6_m-1f-1_P40_Y-1_U230,MXY,1,0.0,1,1,0.0,0,0,0,-9999.0,0.8125,1,P44_CV0,2,2,0,1,1,0,2,0,2
35,-707151.5378,-585406.9858,E35_F90_m45f45_P6_Y6_UO2199,ID45_F86_m58f58_P57_Y4_UO2758,I45_F52_m-1f-1_P45_Y-1_U82,FXX,1,0.0,1,1,1.0,0,0,0,-9999.0,0.875,1,P44_CV0,2,2,0,0,2,0,2,0,2
35,-707151.5378,-585406.9858,E35_F90_m45f45_P27_Y6_UO2252,I45_F86_m-1f-1_P45_Y-1_U236,I45_F86_m-1f-1_P90_Y-1_U78,MXY,1,0.0,1,1,0.0,0,0,0,-9999.0,0.75,1,P44_CV0,2,1,1,1,1,0,2,0,2
35,-707151.5378,-585406.9858,E35_F23_m92f92_P6_Y5_UO4406,I92_F6_m-1f-1_P92_Y-1_U41,ID92_F27_m-1f-1_P45_Y-1_U47,FXX,2,0.0,1,0,1.0,0,0,0,-9999.0,0.75,1,P44_CV0,2,1,1,1,1,0,2,0,2
35,-707151.5378,-585406.9858,E35_F90_m23f23_P86_Y5_UO1208,I23_F27_m45f45_P6_Y0_UO2257,I23_F57_m-1f-1_P23_Y-1_U151,MXY,2,0.0,1,0,0.0,0,0,0,-9999.0,0.375,1,P44_CV0,2,1,1,1,1,0,2,0,2
35,-707151.5378,-585406.9858,E35_F90_m92f92_P6_Y5_UO4329,I92_F99_m45f45_P57_Y2_UO2174,I92_F57_m42f42_P99_Y3_UO1960,FXX,2,0.0,1,0,1.0,0,0,0,-9999.0,0.6875,1,P44_CV0,2,1,1,2,0,0,2,0,2
35,-707151.5378,-585406.9858,E35_F23_m45f45_P86_Y2_UO2178,I45_F6_m-1f-1_P45_Y-1_U217,I45_F57_m-1f-1_P45_Y-1_U184,MXY,5,0.0,1,0,0.0,0,0,0,-9999.0,0.75,1,P44_CV0,2,2,0,1,1,0,2,0,2
35,-707151.5378,-585406.9858,E35_F90_m45f45_P57_Y0_UO2271,R45_F45_m-1f-1_P45_Y-1_U112,R45_F45_m-1f-1_P45_Y-1_U75,FXX,7,0.0,1,0,1.0,0,0,0,-9999.0,0.75,1,P44_CV0,2,1,1,1,1,0,2,0,2
35,-707151.5378,-585406.9858,Age0_F35_m23f23_P35_Y7_UO1203,ID23_F57_m58f58_P6_Y0_UO2930,I23_F6_m46f46_P52_Y2_UO2229,MXY,0,0.0,0,0,0.0,0,0,0,0.0,0.3125,1,P45_CV0,2,1,1,1,1,0,2,0,2
35,-707151.5378,-585406.9858,Age0_F35_m37f37_P35_Y7_UO1787,I37_F74_m-1f-1_P46_Y-1_U105,I37_F74_m7f7_P38_Y5_UO472,MXY,0,0.0,0,0,0.0,0,0,0,0.0,0.4375,1,P45_CV0,2,1,1,1,1,0,2,0,2
35,-707151.5378,-585406.9858,Age0_F35_m90f90_P35_Y7_UO4294,I90_F6_m46f46_P52_Y1_UO2082,I90_F35_m90f90_P86_Y5_UO4213,MXY,0,0.0,0,0,0.0,0,0,0,0.0,0.375,1,P45_CV0,2,0,2,2,0,0,2,0,2
35,-707151.5378,-585406.9858,Age0_F35_m90f90_P35_Y7_UO4311,I90_F57_m-1f-1_P46_Y-1_U127,ID90_F86_m45f45_P86_Y3_UO2170,FXX,0,0.0,0,0,0.0,0,0,0,0.0,0.875,1,P45_CV0,2,1,1,1,1,0,2,0,2
35,-707151.5378,-585406.9858,E35_F23_m46f46_P86_Y6_UO2341,ID46_F52_m-1f-1_P46_Y-1_U53,I46_F13_m30f30_P52_Y3_UO1432,MXY,1,0.0,1,1,0.0,0,0,0,-9999.0,0.5,1,P45_CV0,2,2,0,1,1,0,2,0,2
35,-707151.5378,-585406.9858,E35_F90_m23f23_P57_Y6_UO1249,I23_F57_m-1f-1_P23_Y-1_U137,I23_F52_m46f46_P52_Y2_UO2229,FXX,1,0.0,1,1,1.0,0,0,0,-9999.0,0.6875,1,P45_CV0,2,2,0,1,1,0,2,0,2
35,-707151.5378,-585406.9858,E35_F23_m23f23_P86_Y5_UO1163,I23_F35_m92f92_P57_Y2_UO4309,ID23_F35_m90f90_P6_Y3_UO4192,MXY,2,0.0,1,0,0.0,0,0,0,-9999.0,0.5625,1,P45_CV0,2,1,1,1,1,0,2,0,2
35,-707151.5378,-585406.9858,E35_F23_m90f90_P27_Y4_UO4193,I90_F57_m46f46_P52_Y1_UO2144,I90_F86_m23f23_P35_Y2_UO1128,FXX,3,0.0,1,0,1.0,0,0,0,-9999.0,0.625,1,P45_CV0,2,1,1,0,2,0,2,0,2
35,-707151.5378,-585406.9858,E35_F90_m12f12_P52_Y3_UO709,I12_F6_m-1f-1_P12_Y-1_U137,I12_F86_m46f46_P52_Y0_UO2414,MXY,4,0.0,1,0,0.0,0,0,0,-9999.0,0.75,1,P45_CV0,2,1,1,1,1,0,2,0,2
35,-707151.5378,-585406.9858,E35_F30_m46f46_P52_Y2_UO2271,I46_F52_m-1f-1_P46_Y-1_U193,I46_F52_m45f45_P86_Y0_UO2246,FXX,5,0.0,1,0,1.0,0,0,0,-9999.0,0.625,1,P45_CV0,2,2,0,1,1,0,2,0,2
35,-707151.5378,-585406.9858,E35_F90_m46f46_P52_Y1_UO2082,I46_F52_m-1f-1_P46_Y-1_U169,I46_F52_m-1f-1_P46_Y-1_U204,FXX,6,0.0,1,0,1.0,0,0,0,-9999.0,0.25,1,P45_CV0,2,0,2,1,1,0,2,0,2
35,-707151.5378,-585406.9858,E35_F37_m-1f-1_P46_Y-1_U105,-9999,-9999,FXX,10,0.0,1,0,1.0,0,0,0,-9999.0,0.5,1,P45_CV0,2,1,1,0,2,0,2,0,2
35,-707151.5378,-585406.9858,E35_F90_m-1f-1_P46_Y-1_U127,-9999,-9999,FXX,10,0.0,1,0,1.0,0,0,0,-9999.0,1.0,1,P45_CV0,2,2,0,1,1,0,2,0,2
35,-707151.5378,-585406.9858,Age0_F35_m23f23_P35_Y7_UO1117,I23_F6_m92f92_P99_Y5_UO4401,I23_F35_m-1f-1_P90_Y-1_U137,FXX,0,0.0,0,0,0.0,0,0,0,0.0,0.1875,1,P49_CV0,2,0,2,1,1,0,2,0,2
35,-707151.5378,-585406.9858,Age0_F35_m23f23_P35_Y7_UO1189,I23_F86_m42f42_P99_Y2_UO1943,I23_F27_m46f46_P86_Y4_UO2231,FXX,0,0.0,0,0,0.0,0,0,0,0.0,0.4375,1,P49_CV0,2,1,1,1,1,0,2,0,2
35,-707151.5378,-585406.9858,Age0_F35_m90f90_P35_Y7_UO4289,I90_F86_m23f23_P86_Y2_UO1190,I90_F86_m90f90_P86_Y5_UO4219,MXY,0,0.0,0,0,0.0,0,0,0,0.0,0.5,1,P49_CV0,2,1,1,2,0,0,2,0,2
35,-707151.5378,-585406.9858,Age0_F35_m90f90_P35_Y7_UO4309,ID90_F35_m-1f-1_P23_Y-1_U164,ID90_F35_m23f23_P57_Y4_UO1153,FXX,0,0.0,0,0,0.0,0,0,0,0.0,0.28125,1,P49_CV0,2,1,1,1,1,0,2,0,2
35,-707151.5378,-585406.9858,E35_F12_m46f46_P52_Y6_UO2273,I46_F52_m12f12_P52_Y4_UO719,ID46_F13_m46f46_P52_Y1_UO2128,MXY,1,0.0,1,1,0.0,0,0,0,-9999.0,0.5,1,P49_CV0,2,1,1,0,2,0,2,0,2
35,-707151.5378,-585406.9858,E35_F23_m23f23_P35_Y6_UO1158,I23_F35_m90f90_P57_Y4_UO4238,I23_F86_m40f40_P57_Y3_UO1939,MXY,1,0.0,1,1,0.0,0,0,0,-9999.0,0.25,1,P49_CV0,2,0,2,1,1,0,2,0,2
35,-707151.5378,-585406.9858,E35_F23_m90f90_P86_Y6_UO4259,I90_F86_m12f12_P52_Y3_UO685,I90_F27_m90f90_P6_Y1_UO4060,FXX,1,0.0,1,1,1.0,0,0,0,-9999.0,0.25,1,P49_CV0,2,0,2,0,2,0,2,0,2
35,-707151.5378,-585406.9858,E35_F46_m7f7_P13_Y6_UO500,I7_F38_m7f7_P38_Y0_UO442,I7_F38_m7f7_P13_Y4_UO437,MXY,1,0.0,1,1,0.0,0,0,0,-9999.0,0.625,1,P49_CV0,2,2,0,0,2,0,2,0,2
35,-707151.5378,-585406.9858,E35_F23_m92f92_P99_Y5_UO4401,I92_F57_m-1f-1_P50_Y-1_U202,I92_F57_m23f23_P86_Y0_UO1263,FXX,2,0.0,1,0,1.0,0,0,0,-9999.0,0.375,1,P49_CV0,2,1,1,1,1,0,2,0,2
35,-707151.5378,-585406.9858,E35_F23_m42f42_P99_Y2_UO1943,I42_F6_m50f50_P99_Y0_UO2600,ID42_F99_m92f92_P57_Y0_UO4677,FXX,5,0.0,1,0,1.0,0,0,0,-9999.0,0.375,1,P49_CV0,2,0,2,1,1,0,2,0,2
35,-707151.5378,-585406.9858,E35_F90_m23f23_P86_Y2_UO1190,I23_F57_m-1f-1_P90_Y-1_U81,I23_F86_m50f50_P27_Y0_UO2545,FXX,5,0.0,1,0,1.0,0,0,0,-9999.0,0.125,1,P49_CV0,2,0,2,1,1,0,2,0,2
35,-707151.5378,-585406.9858,Age0_F35_m37f37_P35_Y7_UO1693,I37_F38_m7f7_P74_Y5_UO465,I37_F38_m78f78_P38_Y5_UO3464,FXX,0,0.0,0,0,0.0,0,0,0,0.0,0.3125,1,P52_CV0,2,1,1,2,0,0,2,0,2
35,-707151.5378,-585406.9858,Age0_F35_m23f23_P35_Y7_UO1128,I23_F57_m92f92_P27_Y5_UO4320,I23_F57_m92f92_P57_Y5_UO4394,MXY,0,0.0,0,0,0.0,0,0,0,0.0,0.375,1,P57_CV0,2,0,2,2,0,0,2,0,2
35,-707151.5378,-585406.9858,Age0_F35_m23f23_P35_Y7_UO1205,I23_F57_m58f58_P99_Y0_UO2984,ID23_F6_m40f40_P99_Y4_UO1924,MXY,0,0.0,0,0,0.0,0,0,0,0.0,0.75,1,P57_CV0,2,1,1,2,0,0,2,0,2
35,-707151.5378,-585406.9858,E35_F23_m90f90_P6_Y6_UO4227,ID90_F86_m23f23_P35_Y4_UO1145,I90_F27_m30f30_P35_Y4_UO1355,MXY,1,0.0,1,1,0.0,0,0,0,-9999.0,0.4375,1,P57_CV0,2,1,1,1,1,0,2,0,2
35,-707151.5378,-585406.9858,E35_F23_m92f92_P27_Y5_UO4320,I92_F6_m58f58_P99_Y3_UO2730,ID92_F76_m45f45_P57_Y3_UO2175,FXX,2,0.0,1,0,1.0,0,0,0,-9999.0,0.375,1,P57_CV0,2,0,2,2,0,0,2,0,2
35,-707151.5378,-585406.9858,E35_F23_m58f58_P6_Y0_UO2930,R58_F58_m-1f-1_P58_Y-1_U2,R58_F58_m-1f-1_P58_Y-1_U21,FXX,7,0.0,1,0,1.0,0,0,0,-9999.0,0.25,1,P57_CV0,2,0,2,2,0,0,2,0,2
35,-707151.5378,-585406.9858,E35_F23_m58f58_P99_Y0_UO2984,R58_F58_m-1f-1_P58_Y-1_U121,R58_F58_m-1f-1_P58_Y-1_U96,FXX,7,0.0,1,0,1.0,0,0,0,-9999.0,1.0,1,P57_CV0,2,2,0,1,1,0,2,0,2
35,-707151.5378,-585406.9858,E35_F46_m60f60_P75_Y4_UO2801,I60_F14_m100f100_P48_Y0_UO4959,ID60_F75_m-1f-1_P60_Y-1_U137,MXY,3,0.0,1,0,0.0,0,0,0,-9999.0,0.75,1,P59_CV0,2,1,1,1,1,0,2,0,2
35,-707151.5378,-585406.9858,Age0_F35_m7f7_P35_Y7_UO415,I7_F13_m37f37_P38_Y5_UO1714,ID7_F38_m-1f-1_P7_Y-1_U244,MXY,0,0.0,0,0,0.0,0,0,0,0.0,0.5625,1,P6_CV0,2,0,2,0,2,0,2,0,2
35,-707151.5378,-585406.9858,Age0_F35_m7f7_P35_Y7_UO469,I7_F38_m78f78_P38_Y3_UO3476,I7_F38_m7f7_P74_Y4_UO453,FXX,0,0.0,0,0,0.0,0,0,0,0.0,0.28125,1,P6_CV0,2,0,2,2,0,0,2,0,2
35,-707151.5378,-585406.9858,Age0_F35_m7f7_P35_Y7_UO511,I7_F74_m-1f-1_P7_Y-1_U16,I7_F74_m7f7_P74_Y5_UO485,FXX,0,0.0,0,0,0.0,0,0,0,0.0,0.625,1,P6_CV0,2,0,2,0,2,0,2,0,2
35,-707151.5378,-585406.9858,Age0_F35_m37f37_P35_Y7_UO1737,I37_F38_m37f37_P74_Y4_UO1715,I37_F74_m-1f-1_P7_Y-1_U151,MXY,0,0.0,0,0,0.0,0,0,0,0.0,0.5,1,P6_CV0,2,2,0,2,0,0,2,0,2
35,-707151.5378,-585406.9858,Age0_F35_m37f37_P35_Y7_UO1781,I37_F38_m37f37_P74_Y0_UO1739,I37_F13_m7f7_P29_Y2_UO451,FXX,0,0.0,0,0,0.0,0,0,0,0.0,0.625,1,P6_CV0,2,1,1,0,2,0,2,0,2
35,-707151.5378,-585406.9858,Age0_F35_m46f46_P35_Y7_UO2271,I46_F52_m12f12_P52_Y5_UO709,ID46_F13_m37f37_P38_Y3_UO1780,MXY,0,0.0,0,0,0.0,0,0,0,0.0,0.625,1,P6_CV0,2,1,1,1,1,0,2,0,2
35,-707151.5378,-585406.9858,E35_F7_m7f7_P38_Y6_UO530,I7_F74_m-1f-1_P7_Y-1_U80,I7_F74_m7f7_P74_Y4_UO490,MXY,1,0.0,1,1,0.0,0,0,0,-9999.0,0.5,1,P6_CV0,2,1,1,0,2,0,2,0,2
35,-707151.5378,-585406.9858,E35_F30_m30f30_P13_Y6_UO1454,I30_F13_m-1f-1_P7_Y-1_U26,ID30_F29_m78f78_P29_Y3_UO3510,FXX,1,0.0,1,1,1.0,0,0,0,-9999.0,0.375,1,P6_CV0,2,1,1,2,0,0,2,0,2
35,-707151.5378,-585406.9858,E35_F30_m46f46_P13_Y6_UO2334,I46_F52_m30f30_P52_Y0_UO1503,I46_F13_m30f30_P52_Y2_UO1450,MXY,1,0.0,1,1,0.0,0,0,0,-9999.0,0.5,1,P6_CV0,2,1,1,0,2,0,2,0,2
35,-707151.5378,-585406.9858,E35_F30_m37f37_P38_Y6_UO1742,I37_F52_m7f7_P38_Y3_UO475,ID37_F74_m78f78_P13_Y1_UO3373,MXY,1,0.0,1,1,0.0,0,0,0,-9999.0,0.375,1,P6_CV0,2,1,1,2,0,0,2,0,2
35,-707151.5378,-585406.9858,E35_F37_m7f7_P13_Y6_UO464,I7_F74_m78f78_P93_Y3_UO3458,I7_F38_m7f7_P74_Y3_UO426,FXX,1,0.0,1,1,1.0,0,0,0,-9999.0,0.375,1,P6_CV0,2,1,1,2,0,0,2,0,2
35,-707151.5378,-585406.9858,E35_F7_m7f7_P38_Y5_UO504,ID7_F13_m7f7_P74_Y0_UO445,I7_F74_m-1f-1_P30_Y-1_U127,MXY,2,0.0,1,0,0.0,0,0,0,-9999.0,0.0,1,P6_CV0,2,0,2,1,1,0,2,0,2
35,-707151.5378,-585406.9858,E35_F7_m37f37_P74_Y4_UO1771,ID37_F38_m-1f-1_P7_Y-1_U50,ID37_F13_m-1f-1_P30_Y-1_U9,MXY,3,0.0,1,0,0.0,0,0,0,-9999.0,0.25,1,P6_CV0,2,0,2,0,2,0,2,0,2
35,-707151.5378,-585406.9858,E35_F7_m7f7_P38_Y4_UO440,I7_F38_m7f7_P74_Y1_UO446,I7_F38_m-1f-1_P7_Y-1_U19,MXY,3,0.0,1,0,0.0,0,0,0,-9999.0,0.625,1,P6_CV0,2,1,1,1,1,0,2,0,2
35,-707151.5378,-585406.9858,E35_F30_m37f37_P38_Y4_UO1728,ID37_F93_m7f7_P38_Y0_UO496,I37_F74_m7f7_P29_Y1_UO401,MXY,3,0.0,1,0,0.0,0,0,0,-9999.0,0.75,1,P6_CV0,2,2,0,2,0,0,2,0,2
35,-707151.5378,-585406.9858,E35_F37_m37f37_P74_Y4_UO1715,I37_F38_m88f88_P29_Y1_UO3920,I37_F13_m7f7_P74_Y0_UO396,FXX,3,0.0,1,0,1.0,0,0,0,-9999.0,0.5,1,P6_CV0,2,1,1,2,0,0,2,0,2
35,-707151.5378,-585406.9858,E35_F7_m-1f-1_P7_Y-1_U16,-9999,-9999,FXX,9,0.0,1,0,1.0,0,0,0,-9999.0,0.5,1,P6_CV0,2,1,1,1,1,0,2,0,2
35,-707151.5378,-585406.9858,E35_F7_m-1f-1_P7_Y-1_U19,-9999,-9999,MXY,12,0.0,1,0,0.0,0,0,0,-9999.0,0.5,1,P6_CV0,2,1,1,1,1,0,2,0,2
35,-707151.5378,-585406.9858,Age0_F35_m30f30_P35_Y7_UO1358,I30_F38_m30f30_P38_Y5_UO1425,ID30_F52_m30f30_P13_Y3_UO1366,MXY,0,0.0,0,0,0.0,0,0,0,0.0,0.3125,1,P77_CV0,2,0,2,2,0,0,2,0,2
35,-707151.5378,-585406.9858,E35_F7_m30f30_P74_Y6_UO1432,I30_F93_m78f78_P93_Y1_UO3350,I30_F93_m39f39_P93_Y4_UO1846,FXX,1,0.0,1,1,1.0,0,0,0,-9999.0,0.4375,1,P77_CV0,2,1,1,1,1,0,2,0,2
35,-707151.5378,-585406.9858,E35_F30_m78f78_P93_Y6_UO3515,I78_F13_m78f78_P93_Y3_UO3478,I78_F93_m30f30_P93_Y3_UO1440,MXY,1,0.0,1,1,0.0,0,0,0,-9999.0,0.4375,1,P77_CV0,2,1,1,2,0,0,2,0,2
35,-707151.5378,-585406.9858,E35_F90_m12f12_P52_Y6_UO771,I12_F86_m-1f-1_P12_Y-1_U247,I12_F52_m37f37_P52_Y3_UO1665,FXX,1,0.0,1,1,1.0,0,0,0,-9999.0,0.5625,1,P77_CV0,2,1,1,2,0,0,2,0,2
35,-707151.5378,-585406.9858,E35_F7_m46f46_P52_Y5_UO2230,I46_F86_m12f12_P52_Y3_UO708,ID46_F52_m78f78_P13_Y0_UO3794,MXY,2,0.0,1,0,0.0,0,0,0,-9999.0,0.625,1,P77_CV0,2,1,1,1,1,0,2,0,2
35,-707151.5378,-585406.9858,E35_F30_m30f30_P38_Y5_UO1425,I30_F52_m-1f-1_P7_Y-1_U237,I30_F93_m30f30_P93_Y3_UO1354,FXX,2,0.0,1,0,1.0,0,0,0,-9999.0,0.25,1,P77_CV0,2,0,2,2,0,0,2,0,2
35,-707151.5378,-585406.9858,E35_F30_m7f7_P74_Y5_UO531,I7_F52_m-1f-1_P37_Y-1_U215,I7_F38_m78f78_P29_Y1_UO3319,MXY,2,0.0,1,0,0.0,0,0,0,-9999.0,0.5,1,P77_CV0,2,1,1,0,2,0,2,0,2
35,-707151.5378,-585406.9858,E35_F7_m78f78_P38_Y3_UO3476,I78_F29_m-1f-1_P78_Y-1_U4,I78_F13_m-1f-1_P78_Y-1_U88,FXX,4,0.0,1,0,1.0,0,0,0,-9999.0,0.25,1,P77_CV0,2,1,1,1,1,0,2,0,2
35,-707151.5378,-585406.9858,E35_F30_m30f30_P13_Y3_UO1366,ID30_F35_m37f37_P74_Y1_UO1607,I30_F13_m78f78_P13_Y1_UO3317,MXY,4,0.0,1,0,0.0,0,0,0,-9999.0,0.375,1,P77_CV0,2,0,2,1,1,0,2,0,2
35,-707151.5378,-585406.9858,E35_F30_m30f30_P38_Y3_UO1371,I30_F93_m78f78_P13_Y0_UO3785,I30_F38_m-1f-1_P90_Y-1_U66,MXY,4,0.0,1,0,0.0,0,0,0,-9999.0,0.375,1,P77_CV0,2,0,2,0,2,0,2,0,2
35,-707151.5378,-585406.9858,E35_F7_m78f78_P13_Y2_UO3520,I78_F13_m-1f-1_P78_Y-1_U81,I78_F29_m-1f-1_P78_Y-1_U97,MXY,5,0.0,1,0,0.0,0,0,0,-9999.0,0.5,1,P77_CV0,2,1,1,1,1,0,2,0,2
35,-707151.5378,-585406.9858,E35_F46_m78f78_P13_Y1_UO3361,ID78_F13_m-1f-1_P78_Y-1_U246,I78_F93_m-1f-1_P78_Y-1_U120,FXX,6,0.0,1,0,1.0,0,0,0,-9999.0,0.75,1,P77_CV0,2,1,1,1,1,0,2,0,2
35,-707151.5378,-585406.9858,E35_F37_m7f7_P38_Y6_UO461,I7_F29_m78f78_P29_Y3_UO3465,I7_F38_m-1f-1_P7_Y-1_U152,MXY,1,0.0,1,1,0.0,0,0,0,-9999.0,0.4375,1,P87_CV0,2,1,1,0,2,0,2,0,2
35,-707151.5378,-585406.9858,E35_F30_m7f7_P29_Y5_UO443,I7_F29_m78f78_P29_Y3_UO3465,I7_F74_m30f30_P74_Y3_UO1405,FXX,2,0.0,1,0,1.0,0,0,0,-9999.0,0.1875,1,P87_CV0,2,0,2,1,1,0,2,0,2
35,-707151.5378,-585406.9858,E35_F37_m7f7_P74_Y5_UO465,I7_F74_m88f88_P29_Y2_UO4112,I7_F38_m78f78_P93_Y1_UO3348,FXX,2,0.0,1,0,1.0,0,0,0,-9999.0,0.5,1,P87_CV0,2,2,0,2,0,0,2,0,2
35,-707151.5378,-585406.9858,E35_F90_m37f37_P52_Y3_UO1699,I37_F74_m88f88_P29_Y1_UO3973,I37_F38_m-1f-1_P37_Y-1_U161,FXX,4,0.0,1,0,1.0,0,0,0,-9999.0,0.375,1,P87_CV0,2,2,0,1,1,0,2,0,2
35,-707151.5378,-585406.9858,Age0_F35_m23f23_P35_Y7_UO1171,ID23_F6_m50f50_P27_Y3_UO2386,I23_F86_m23f23_P57_Y4_UO1221,FXX,0,0.0,0,0,0.0,0,0,0,0.0,0.1875,1,P89_CV0,2,1,1,0,2,0,2,0,2
35,-707151.5378,-585406.9858,Age0_F35_m30f30_P35_Y7_UO1420,I30_F38_m46f46_P52_Y2_UO2271,ID30_F38_m90f90_P52_Y4_UO4218,MXY,0,0.0,0,0,0.0,0,0,0,0.0,0.5625,1,P89_CV0,2,2,0,1,1,0,2,0,2
35,-707151.5378,-585406.9858,Age0_F35_m90f90_P35_Y7_UO4229,ID90_F57_m92f92_P6_Y5_UO4329,I90_F86_m23f23_P57_Y5_UO1166,MXY,0,0.0,0,0,0.0,0,0,0,0.0,0.59375,1,P89_CV0,2,2,0,2,0,0,2,0,2
35,-707151.5378,-585406.9858,Age0_F35_m90f90_P35_Y7_UO4296,I90_F35_m45f45_P57_Y0_UO2271,I90_F27_m23f23_P27_Y3_UO1134,FXX,0,0.0,0,0,0.0,0,0,0,0.0,0.625,1,P89_CV0,2,0,2,1,1,0,2,0,2
35,-707151.5378,-585406.9858,E35_F23_m90f90_P35_Y6_UO4215,I90_F57_m90f90_P86_Y4_UO4213,I90_F6_m90f90_P35_Y1_UO3995,MXY,1,0.0,1,1,0.0,0,0,0,-9999.0,0.4375,1,P89_CV0,2,0,2,2,0,0,2,0,2
35,-707151.5378,-585406.9858,E35_F23_m90f90_P57_Y6_UO4239,I90_F57_m58f58_P99_Y4_UO2729,I90_F35_m-1f-1_P90_Y-1_U219,FXX,1,0.0,1,1,1.0,0,0,0,-9999.0,0.75,1,P89_CV0,2,2,0,1,1,0,2,0,2
35,-707151.5378,-585406.9858,E35_F90_m23f23_P27_Y6_UO1223,I23_F6_m90f90_P86_Y0_UO4527,I23_F35_m45f45_P86_Y4_UO2173,MXY,1,0.0,1,1,0.0,0,0,0,-9999.0,0.25,1,P89_CV0,2,0,2,2,0,0,2,0,2
35,-707151.5378,-585406.9858,E35_F90_m45f45_P86_Y5_UO2182,I45_F27_m23f23_P6_Y1_UO1165,I45_F68_m92f92_P86_Y2_UO4335,MXY,2,0.0,1,0,0.0,0,0,0,-9999.0,0.5,1,P89_CV0,2,2,0,2,0,0,2,0,2
35,-707151.5378,-585406.9858,E35_F90_m23f23_P57_Y5_UO1166,I23_F57_m92f92_P57_Y2_UO4355,ID23_F57_m90f90_P27_Y2_UO4178,MXY,2,0.0,1,0,0.0,0,0,0,-9999.0,0.5,1,P89_CV0,2,2,0,2,0,0,2,0,2
35,-707151.5378,-585406.9858,E35_F90_m23f23_P76_Y5_UO1205,I23_F86_m90f90_P57_Y0_UO4522,ID23_F6_m90f90_P57_Y2_UO4190,MXY,2,0.0,1,0,0.0,0,0,0,-9999.0,0.3125,1,P89_CV0,2,0,2,1,1,0,2,0,2
35,-707151.5378,-585406.9858,E35_F90_m23f23_P57_Y4_UO1185,I23_F6_m90f90_P27_Y0_UO4594,I23_F27_m23f23_P27_Y2_UO1174,MXY,3,0.0,1,0,0.0,0,0,0,-9999.0,0.3125,1,P89_CV0,2,1,1,2,0,0,2,0,2
35,-707151.5378,-585406.9858,E35_F90_m-1f-1_P90_Y-1_U219,-9999,-9999,MXY,15,0.0,1,0,0.0,0,0,0,-9999.0,1.0,1,P89_CV0,2,2,0,2,0,0,2,0,2
35,-707151.5378,-585406.9858,Age0_F35_m23f23_P35_Y7_UO1158,ID23_F52_m23f23_P86_Y4_UO1206,ID23_F27_m92f92_P6_Y2_UO4294,MXY,0,0.0,0,0,0.0,0,0,0,0.0,0.5625,1,P91_CV0,2,1,1,0,2,0,2,0,2
35,-707151.5378,-585406.9858,Age0_F35_m90f90_P35_Y7_UO4196,I90_F35_m23f23_P86_Y5_UO1236,I90_F86_m92f92_P6_Y1_UO4158,MXY,0,0.0,0,0,0.0,0,0,0,0.0,0.25,1,P91_CV0,2,0,2,1,1,0,2,0,2
35,-707151.5378,-585406.9858,E35_F23_m40f40_P27_Y6_UO1993,I40_F57_m-1f-1_P50_Y-1_U63,ID40_F6_m-1f-1_P92_Y-1_U81,MXY,1,0.0,1,1,0.0,0,0,0,-9999.0,0.25,1,P91_CV0,2,0,2,1,1,0,2,0,2
35,-707151.5378,-585406.9858,E35_F23_m40f40_P27_Y6_UO1955,I40_F6_m50f50_P99_Y1_UO2270,ID40_F27_m92f92_P99_Y3_UO4330,MXY,1,0.0,1,1,0.0,0,0,0,-9999.0,0.75,1,P91_CV0,2,1,1,2,0,0,2,0,2
35,-707151.5378,-585406.9858,E35_F30_m90f90_P35_Y6_UO4281,I90_F86_m90f90_P86_Y2_UO4183,I90_F57_m50f50_P57_Y4_UO2403,FXX,1,0.0,1,1,1.0,0,0,0,-9999.0,0.25,1,P91_CV0,2,1,1,0,2,0,2,0,2
35,-707151.5378,-585406.9858,E35_F23_m40f40_P6_Y5_UO1915,I40_F68_m50f50_P99_Y1_UO2319,ID40_F99_m92f92_P6_Y3_UO4352,MXY,2,0.0,1,0,0.0,0,0,0,-9999.0,0.625,1,P91_CV0,2,0,2,0,2,0,2,0,2
35,-707151.5378,-585406.9858,E35_F23_m92f92_P6_Y4_UO4354,I92_F57_m-1f-1_P92_Y-1_U122,I92_F57_m23f23_P27_Y2_UO1137,MXY,3,0.0,1,0,0.0,0,0,0,-9999.0,0.375,1,P91_CV0,2,1,1,1,1,0,2,0,2
35,-707151.5378,-585406.9858,E35_F23_m92f92_P99_Y1_UO4131,ID92_F99_m-1f-1_P42_Y-1_U226,I92_F57_m-1f-1_P92_Y-1_U34,FXX,6,0.0,1,0,1.0,0,0,0,-9999.0,0.5,1,P91_CV0,2,1,1,1,1,0,2,0,2
35,-707151.5378,-585406.9858,E35_F90_m-1f-1_P92_Y-1_U110,-9999,-9999,MXY,8,0.0,1,0,0.0,0,0,0,-9999.0,1.0,1,P91_CV0,2,2,0,2,0,0,2,0,2
35,-707151.5378,-585406.9858,Age0_F35_m23f23_P35_Y7_UO1153,I23_F27_m46f46_P52_Y4_UO2204,ID23_F57_m42f42_P27_Y1_UO1870,FXX,0,0.0,0,0,0.0,0,0,0,0.0,0.53125,1,P93_CV0,2,2,0,2,0,0,2,0,2
35,-707151.5378,-585406.9858,E35_F23_m92f92_P27_Y6_UO4449,I92_F6_m-1f-1_P94_Y-1_U130,I92_F6_m90f90_P86_Y0_UO4557,MXY,1,0.0,1,1,0.0,0,0,0,-9999.0,0.375,1,P93_CV0,2,1,1,1,1,0,2,0,2
35,-707151.5378,-585406.9858,E35_F90_m58f58_P6_Y6_UO2764,I58_F99_m-1f-1_P94_Y-1_U53,ID58_F81_m80f80_P72_Y1_UO3548,FXX,1,0.0,1,1,1.0,0,0,0,-9999.0,0.25,1,P93_CV0,2,1,1,1,1,0,2,0,2
35,-707151.5378,-585406.9858,E35_F90_m30f30_P52_Y5_UO1355,I30_F38_m23f23_P35_Y3_UO1185,I30_F74_m46f46_P93_Y2_UO2232,MXY,2,0.0,1,0,0.0,0,0,0,-9999.0,0.1875,1,P93_CV0,2,0,2,1,1,0,2,0,2
35,-707151.5378,-585406.9858,E35_F23_m50f50_P27_Y3_UO2386,ID50_F57_m94f94_P99_Y0_UO4758,I50_F6_m-1f-1_P58_Y-1_U152,FXX,4,0.0,1,0,1.0,0,0,0,-9999.0,0.25,1,P93_CV0,2,1,1,0,2,0,2,0,2
36,15171.45369,-735703.2141,Age0_F36_m11f11_P36_Y7_UO656,ID11_F89_m11f11_P49_Y0_UO635,I11_F49_m73f73_P41_Y1_UO3160,MXY,0,0.0,0,0,0.0,0,0,0,0.0,0.5,1,P10_CV0,2,2,0,2,0,0,2,0,2
36,15171.45369,-735703.2141,Age0_F36_m85f85_P36_Y7_UO4040,I85_F36_m-1f-1_P63_Y-1_U239,I85_F36_m11f11_P2_Y5_UO660,MXY,0,0.0,0,0,0.0,0,0,0,0.0,0.4375,1,P10_CV0,2,2,0,1,1,0,2,0,2
36,15171.45369,-735703.2141,E36_F65_m11f11_P2_Y6_UO681,I11_F68_m-1f-1_P11_Y-1_U157,I11_F49_m25f25_P8_Y1_UO1173,FXX,1,0.0,1,1,1.0,0,0,0,-9999.0,0.625,1,P10_CV0,2,2,0,2,0,0,2,0,2
36,15171.45369,-735703.2141,E36_F65_m31f31_P68_Y6_UO1511,I31_F8_m11f11_P36_Y2_UO652,ID31_F68_m63f63_P68_Y3_UO2988,FXX,1,0.0,1,1,1.0,0,0,0,-9999.0,0.5625,1,P10_CV0,2,2,0,0,2,0,2,0,2
36,15171.45369,-735703.2141,E36_F84_m31f31_P8_Y6_UO1487,ID31_F49_m11f11_P48_Y4_UO634,I31_F8_m-1f-1_P63_Y-1_U176,FXX,1,0.0,1,1,1.0,0,0,0,-9999.0,0.5,1,P10_CV0,2,1,1,1,1,0,2,0,2
36,15171.45369,-735703.2141,E36_F85_m11f11_P2_Y6_UO649,ID11_F89_m55f55_P89_Y4_UO2503,I11_F89_m-1f-1_P11_Y-1_U232,MXY,1,0.0,1,1,0.0,0,0,0,-9999.0,0.75,1,P10_CV0,2,1,1,1,1,0,2,0,2
36,15171.45369,-735703.2141,E36_F85_m11f11_P2_Y5_UO660,I11_F48_m43f43_P48_Y1_UO1955,I11_F41_m-1f-1_P11_Y-1_U6,MXY,2,0.0,1,0,0.0,0,0,0,-9999.0,0.375,1,P10_CV0,2,1,1,1,1,0,2,0,2
36,15171.45369,-735703.2141,E36_F85_m11f11_P2_Y4_UO656,ID11_F49_m-1f-1_P11_Y-1_U63,I11_F48_m-1f-1_P11_Y-1_U232,FXX,3,0.0,1,0,1.0,0,0,0,-9999.0,0.75,1,P10_CV0,2,2,0,1,1,0,2,0,2
36,15171.45369,-735703.2141,E36_F85_m85f85_P36_Y4_UO3927,I85_F36_m65f65_P36_Y2_UO3152,I85_F28_m11f11_P2_Y0_UO642,MXY,3,0.0,1,0,0.0,0,0,0,-9999.0,0.375,1,P10_CV0,2,1,1,0,2,0,2,0,2
36,15171.45369,-735703.2141,E36_F85_m11f11_P2_Y4_UO617,ID11_F89_m11f11_P2_Y2_UO657,I11_F48_m-1f-1_P11_Y-1_U221,MXY,3,0.0,1,0,0.0,0,0,0,-9999.0,0.625,1,P10_CV0,2,1,1,2,0,0,2,0,2
36,15171.45369,-735703.2141,E36_F11_m11f11_P49_Y0_UO635,R11_F11_m-1f-1_P11_Y-1_U123,R11_F11_m-1f-1_P11_Y-1_U80,FXX,7,0.0,1,0,1.0,0,0,0,-9999.0,0.5,1,P10_CV0,2,1,1,2,0,0,2,0,2
36,15171.45369,-735703.2141,E36_F31_m45f45_P8_Y2_UO2166,I45_F57_m-1f-1_P23_Y-1_U86,ID45_F52_m-1f-1_P12_Y-1_U179,MXY,5,0.0,1,0,0.0,0,0,0,-9999.0,0.25,1,P11_CV0,2,1,1,2,0,0,2,0,2
36,15171.45369,-735703.2141,E36_F11_m15f15_P41_Y2_UO839,I15_F89_m-1f-1_P15_Y-1_U240,ID15_F89_m15f15_P14_Y0_UO852,FXX,5,0.0,1,0,1.0,0,0,0,-9999.0,0.75,1,P14_CV0,2,2,0,2,0,0,2,0,2
36,15171.45369,-735703.2141,E36_F85_m95f95_P28_Y6_UO4518,I95_F64_m94f94_P91_Y4_UO4411,I95_F64_m17f17_P64_Y0_UO1107,MXY,1,0.0,1,1,0.0,0,0,0,-9999.0,0.5,1,P16_CV0,2,1,1,1,1,0,2,0,2
36,15171.45369,-735703.2141,Age0_F36_m85f85_P36_Y7_UO4035,I85_F28_m31f31_P68_Y0_UO1553,I85_F36_m84f84_P2_Y5_UO3866,FXX,0,0.0,0,0,0.0,0,0,0,0.0,0.65625,1,P22_CV0,2,0,2,0,2,0,2,0,2
36,15171.45369,-735703.2141,E36_F25_m63f63_P68_Y6_UO3104,I63_F8_m-1f-1_P100_Y-1_U168,I63_F68_m84f84_P8_Y4_UO3804,MXY,1,0.0,1,1,0.0,0,0,0,-9999.0,0.53125,1,P22_CV0,2,2,0,0,2,0,2,0,2
36,15171.45369,-735703.2141,Age0_F36_m25f25_P36_Y7_UO1274,ID25_F68_m63f63_P69_Y4_UO3046,I25_F68_m-1f-1_P25_Y-1_U163,FXX,0,0.0,0,0,0.0,0,0,0,0.0,0.5,1,P24_CV0,2,1,1,1,1,0,2,0,2
36,15171.45369,-735703.2141,Age0_F36_m25f25_P36_Y7_UO1296,ID25_F98_m25f25_P2_Y3_UO1330,I25_F69_m25f25_P8_Y5_UO1306,FXX,0,0.0,0,0,0.0,0,0,0,0.0,0.1875,1,P24_CV0,2,0,2,0,2,0,2,0,2
36,15171.45369,-735703.2141,Age0_F36_m25f25_P36_Y7_UO1331,I25_F68_m-1f-1_P25_Y-1_U119,I25_F68_m84f84_P68_Y2_UO3852,FXX,0,0.0,0,0,0.0,0,0,0,0.0,0.0,1,P24_CV0,2,0,2,0,2,0,2,0,2
36,15171.45369,-735703.2141,Age0_F36_m65f65_P36_Y7_UO3172,I65_F8_m84f84_P8_Y2_UO3886,I65_F98_m25f25_P68_Y0_UO1409,FXX,0,0.0,0,0,0.0,0,0,0,0.0,0.5,1,P24_CV0,2,1,1,2,0,0,2,0,2
36,15171.45369,-735703.2141,Age0_F36_m65f65_P36_Y7_UO3206,ID65_F8_m-1f-1_P63_Y-1_U54,I65_F6_m65f65_P28_Y4_UO3105,FXX,0,0.0,0,0,0.0,0,0,0,0.0,0.6875,1,P24_CV0,2,1,1,1,1,0,2,0,2
36,15171.45369,-735703.2141,Age0_F36_m85f85_P36_Y7_UO3983,I85_F21_m25f25_P36_Y5_UO1274,I85_F69_m-1f-1_P85_Y-1_U93,FXX,0,0.0,0,0,0.0,0,0,0,0.0,0.4375,1,P24_CV0,2,0,2,0,2,0,2,0,2
36,15171.45369,-735703.2141,Age0_F36_m85f85_P36_Y7_UO3997,I85_F36_m95f95_P28_Y4_UO4535,I85_F36_m25f25_P69_Y4_UO1261,FXX,0,0.0,0,0,0.0,0,0,0,0.0,0.4375,1,P24_CV0,2,1,1,1,1,0,2,0,2
36,15171.45369,-735703.2141,E36_F25_m85f85_P28_Y6_UO4030,I85_F69_m25f25_P68_Y2_UO1282,I85_F8_m65f65_P69_Y4_UO3150,FXX,1,0.0,1,1,1.0,0,0,0,-9999.0,0.375,1,P24_CV0,2,1,1,2,0,0,2,0,2
36,15171.45369,-735703.2141,E36_F63_m31f31_P8_Y6_UO1467,I31_F8_m63f63_P68_Y4_UO3041,I31_F8_m25f25_P8_Y0_UO1375,MXY,1,0.0,1,1,0.0,0,0,0,-9999.0,0.375,1,P24_CV0,2,1,1,2,0,0,2,0,2
36,15171.45369,-735703.2141,E36_F63_m31f31_P8_Y6_UO1479,I31_F8_m84f84_P68_Y4_UO3834,ID31_F6_m40f40_P6_Y2_UO1881,FXX,1,0.0,1,1,1.0,0,0,0,-9999.0,0.3125,1,P24_CV0,2,1,1,2,0,0,2,0,2
36,15171.45369,-735703.2141,E36_F85_m84f84_P69_Y6_UO3966,I84_F8_m-1f-1_P25_Y-1_U164,ID84_F2_m95f95_P91_Y4_UO4528,MXY,1,0.0,1,1,0.0,0,0,0,-9999.0,0.40625,1,P24_CV0,2,1,1,0,2,0,2,0,2
36,15171.45369,-735703.2141,E36_F85_m85f85_P36_Y6_UO4018,I85_F2_m94f94_P91_Y3_UO4386,I85_F98_m63f63_P8_Y2_UO3030,FXX,1,0.0,1,1,1.0,0,0,0,-9999.0,0.625,1,P24_CV0,2,0,2,1,1,0,2,0,2
36,15171.45369,-735703.2141,E36_F25_m100f100_P68_Y5_UO4558,I100_F68_m100f100_P49_Y3_UO4603,ID100_F68_m100f100_P48_Y3_UO4541,MXY,2,0.0,1,0,0.0,0,0,0,-9999.0,0.4375,1,P24_CV0,2,0,2,1,1,0,2,0,2
36,15171.45369,-735703.2141,E36_F25_m25f25_P8_Y5_UO1306,I25_F8_m-1f-1_P25_Y-1_U243,I25_F68_m84f84_P8_Y2_UO3887,MXY,2,0.0,1,0,0.0,0,0,0,-9999.0,0.25,1,P24_CV0,2,0,2,1,1,0,2,0,2
36,15171.45369,-735703.2141,E36_F85_m65f65_P98_Y5_UO3125,ID65_F69_m25f25_P69_Y3_UO1316,I65_F98_m-1f-1_P65_Y-1_U195,MXY,2,0.0,1,0,0.0,0,0,0,-9999.0,0.875,1,P24_CV0,2,2,0,0,2,0,2,0,2
36,15171.45369,-735703.2141,E36_F85_m84f84_P69_Y5_UO3857,ID84_F68_m63f63_P8_Y3_UO3023,I84_F68_m-1f-1_P65_Y-1_U55,MXY,2,0.0,1,0,0.0,0,0,0,-9999.0,0.75,1,P24_CV0,2,2,0,1,1,0,2,0,2
36,15171.45369,-735703.2141,E36_F85_m25f25_P36_Y5_UO1274,ID25_F8_m63f63_P8_Y2_UO2989,I25_F68_m25f25_P8_Y0_UO1353,FXX,2,0.0,1,0,1.0,0,0,0,-9999.0,0.375,1,P24_CV0,2,0,2,0,2,0,2,0,2
36,15171.45369,-735703.2141,E36_F25_m63f63_P69_Y4_UO3046,I63_F68_m-1f-1_P63_Y-1_U115,I63_F68_m-1f-1_P25_Y-1_U83,FXX,3,0.0,1,0,1.0,0,0,0,-9999.0,0.5,1,P24_CV0,2,1,1,2,0,0,2,0,2
36,15171.45369,-735703.2141,E36_F63_m84f84_P68_Y4_UO3836,I84_F68_m63f63_P8_Y2_UO3085,ID84_F68_m-1f-1_P25_Y-1_U208,MXY,3,0.0,1,0,0.0,0,0,0,-9999.0,0.5,1,P24_CV0,2,1,1,1,1,0,2,0,2
36,15171.45369,-735703.2141,E36_F85_m85f85_P2_Y4_UO3984,I85_F36_m-1f-1_P85_Y-1_U8,I85_F2_m25f25_P8_Y1_UO1223,FXX,3,0.0,1,0,1.0,0,0,0,-9999.0,0.375,1,P24_CV0,2,0,2,0,2,0,2,0,2
36,15171.45369,-735703.2141,E36_F25_m25f25_P2_Y3_UO1330,I25_F8_m-1f-1_P25_Y-1_U224,I25_F8_m65f65_P98_Y0_UO3421,FXX,4,0.0,1,0,1.0,0,0,0,-9999.0,0.125,1,P24_CV0,2,0,2,0,2,0,2,0,2
36,15171.45369,-735703.2141,E36_F85_m31f31_P68_Y2_UO1470,I31_F68_m25f25_P8_Y0_UO1360,I31_F68_m43f43_P48_Y0_UO2122,MXY,5,0.0,1,0,0.0,0,0,0,-9999.0,0.375,1,P24_CV0,2,1,1,1,1,0,2,0,2
36,15171.45369,-735703.2141,E36_F85_m25f25_P8_Y1_UO1223,I25_F8_m-1f-1_P25_Y-1_U99,I25_F69_m-1f-1_P25_Y-1_U236,MXY,6,0.0,1,0,0.0,0,0,0,-9999.0,0.75,1,P24_CV0,2,1,1,0,2,0,2,0,2
36,15171.45369,-735703.2141,E36_F85_m25f25_P69_Y0_UO1405,R25_F25_m-1f-1_P25_Y-1_U218,R25_F25_m-1f-1_P25_Y-1_U235,MXY,7,0.0,1,0,0.0,0,0,0,-9999.0,0.75,1,P24_CV0,2,2,0,1,1,0,2,0,2
36,15171.45369,-735703.2141,E36_F25_m-1f-1_P25_Y-1_U119,-9999,-9999,FXX,9,0.0,1,0,1.0,0,0,0,-9999.0,0.0,1,P24_CV0,2,0,2,1,1,0,2,0,2
36,15171.45369,-735703.2141,E36_F25_m-1f-1_P25_Y-1_U172,-9999,-9999,FXX,13,0.0,1,0,1.0,0,0,0,-9999.0,0.5,1,P24_CV0,2,1,1,0,2,0,2,0,2
36,15171.45369,-735703.2141,Age0_F36_m31f31_P36_Y7_UO1516,ID31_F8_m31f31_P68_Y2_UO1459,I31_F8_m84f84_P8_Y5_UO3905,MXY,0,0.0,0,0,0.0,0,0,0,0.0,0.4375,1,P30_CV0,2,1,1,0,2,0,2,0,2
36,15171.45369,-735703.2141,Age0_F36_m84f84_P36_Y7_UO3871,I84_F8_m31f31_P68_Y5_UO1517,I84_F8_m84f84_P8_Y4_UO3892,FXX,0,0.0,0,0,0.0,0,0,0,0.0,0.34375,1,P30_CV0,2,0,2,1,1,0,2,0,2
36,15171.45369,-735703.2141,Age0_F36_m85f85_P36_Y7_UO4024,I85_F98_m31f31_P68_Y2_UO1528,I85_F69_m84f84_P8_Y5_UO3874,MXY,0,0.0,0,0,0.0,0,0,0,0.0,0.5625,1,P30_CV0,2,1,1,2,0,0,2,0,2
36,15171.45369,-735703.2141,E36_F63_m84f84_P68_Y6_UO3868,ID84_F8_m84f84_P68_Y4_UO3885,ID84_F8_m-1f-1_P31_Y-1_U222,MXY,1,0.0,1,1,0.0,0,0,0,-9999.0,0.4375,1,P30_CV0,2,1,1,0,2,0,2,0,2
36,15171.45369,-735703.2141,E36_F65_m63f63_P8_Y6_UO3052,I63_F68_m84f84_P8_Y2_UO3880,ID63_F68_m-1f-1_P31_Y-1_U221,MXY,1,0.0,1,1,0.0,0,0,0,-9999.0,0.625,1,P30_CV0,2,2,0,0,2,0,2,0,2
36,15171.45369,-735703.2141,E36_F84_m25f25_P36_Y6_UO1353,I25_F68_m-1f-1_P25_Y-1_U66,I25_F48_m63f63_P68_Y4_UO3003,MXY,1,0.0,1,1,0.0,0,0,0,-9999.0,0.625,1,P30_CV0,2,2,0,1,1,0,2,0,2
36,15171.45369,-735703.2141,E36_F85_m85f85_P98_Y6_UO4005,I85_F2_m63f63_P36_Y4_UO2963,ID85_F28_m65f65_P36_Y1_UO2954,FXX,1,0.0,1,1,1.0,0,0,0,-9999.0,0.375,1,P30_CV0,2,1,1,1,1,0,2,0,2
36,15171.45369,-735703.2141,E36_F85_m65f65_P69_Y6_UO3204,ID65_F8_m-1f-1_P31_Y-1_U12,ID65_F98_m63f63_P8_Y4_UO3030,MXY,1,0.0,1,1,0.0,0,0,0,-9999.0,0.5,1,P30_CV0,2,1,1,0,2,0,2,0,2
36,15171.45369,-735703.2141,E36_F85_m85f85_P69_Y6_UO3989,I85_F91_m65f65_P36_Y4_UO3087,I85_F21_m63f63_P69_Y4_UO2994,MXY,1,0.0,1,1,0.0,0,0,0,-9999.0,0.40625,1,P30_CV0,2,0,2,0,2,0,2,0,2
36,15171.45369,-735703.2141,E36_F84_m31f31_P68_Y5_UO1517,ID31_F48_m-1f-1_P31_Y-1_U198,I31_F68_m65f65_P98_Y3_UO3142,FXX,2,0.0,1,0,1.0,0,0,0,-9999.0,0.1875,1,P30_CV0,2,0,2,1,1,0,2,0,2
36,15171.45369,-735703.2141,E36_F85_m25f25_P36_Y5_UO1265,I25_F8_m84f84_P8_Y3_UO3843,I25_F8_m84f84_P68_Y0_UO4190,FXX,2,0.0,1,0,1.0,0,0,0,-9999.0,0.5,1,P30_CV0,2,1,1,1,1,0,2,0,2
36,15171.45369,-735703.2141,E36_F85_m63f63_P69_Y4_UO2994,ID63_F8_m31f31_P68_Y1_UO1384,ID63_F69_m31f31_P68_Y2_UO1463,MXY,3,0.0,1,0,0.0,0,0,0,-9999.0,0.4375,1,P30_CV0,2,0,2,1,1,0,2,0,2
36,15171.45369,-735703.2141,E36_F25_m31f31_P68_Y2_UO1516,ID31_F68_m-1f-1_P31_Y-1_U90,I31_F68_m-1f-1_P31_Y-1_U84,MXY,5,0.0,1,0,0.0,0,0,0,-9999.0,0.25,1,P30_CV0,2,1,1,1,1,0,2,0,2
36,15171.45369,-735703.2141,E36_F31_m31f31_P68_Y2_UO1459,I31_F8_m84f84_P68_Y0_UO4215,I31_F68_m31f31_P8_Y0_UO1640,FXX,5,0.0,1,0,1.0,0,0,0,-9999.0,0.375,1,P30_CV0,2,1,1,1,1,0,2,0,2
36,15171.45369,-735703.2141,E36_F63_m31f31_P68_Y2_UO1508,I31_F8_m-1f-1_P31_Y-1_U207,I31_F68_m25f25_P98_Y0_UO1362,FXX,5,0.0,1,0,1.0,0,0,0,-9999.0,0.375,1,P30_CV0,2,1,1,2,0,0,2,0,2
36,15171.45369,-735703.2141,E36_F85_m31f31_P68_Y2_UO1528,ID31_F8_m-1f-1_P31_Y-1_U80,I31_F68_m-1f-1_P31_Y-1_U84,FXX,5,0.0,1,0,1.0,0,0,0,-9999.0,0.75,1,P30_CV0,2,1,1,1,1,0,2,0,2
36,15171.45369,-735703.2141,E36_F65_m31f31_P68_Y1_UO1373,ID31_F68_m-1f-1_P31_Y-1_U106,I31_F8_m-1f-1_P31_Y-1_U113,MXY,6,0.0,1,0,0.0,0,0,0,-9999.0,0.75,1,P30_CV0,2,2,0,2,0,0,2,0,2
36,15171.45369,-735703.2141,E36_F85_m31f31_P8_Y1_UO1411,I31_F68_m-1f-1_P31_Y-1_U48,I31_F8_m-1f-1_P31_Y-1_U105,MXY,6,0.0,1,0,0.0,0,0,0,-9999.0,0.75,1,P30_CV0,2,1,1,0,2,0,2,0,2
36,15171.45369,-735703.2141,E36_F31_m31f31_P68_Y0_UO1576,R31_F31_m-1f-1_P31_Y-1_U98,R31_F31_m-1f-1_P31_Y-1_U194,FXX,7,0.0,1,0,1.0,0,0,0,-9999.0,0.75,1,P30_CV0,2,2,0,0,2,0,2,0,2
36,15171.45369,-735703.2141,E36_F85_m31f31_P68_Y0_UO1553,R31_F31_m-1f-1_P31_Y-1_U48,R31_F31_m-1f-1_P31_Y-1_U67,FXX,7,0.0,1,0,1.0,0,0,0,-9999.0,0.75,1,P30_CV0,2,1,1,0,2,0,2,0,2
36,15171.45369,-735703.2141,E36_F63_m60f60_P48_Y3_UO2831,I60_F75_m-1f-1_P60_Y-1_U157,ID60_F19_m39f39_P19_Y1_UO1712,FXX,4,0.0,1,0,1.0,0,0,0,-9999.0,0.5,1,P38_CV0,2,1,1,1,1,0,2,0,2
36,15171.45369,-735703.2141,Age0_F36_m85f85_P36_Y7_UO4001,I85_F2_m85f85_P2_Y4_UO3984,I85_F8_m85f85_P2_Y5_UO3945,FXX,0,0.0,0,0,0.0,0,0,0,0.0,0.5625,1,P39_CV0,2,1,1,0,2,0,2,0,2
36,15171.45369,-735703.2141,E36_F85_m65f65_P36_Y6_UO3135,I65_F68_m65f65_P98_Y3_UO3077,ID65_F36_m84f84_P8_Y4_UO3847,MXY,1,0.0,1,1,0.0,0,0,0,-9999.0,0.25,1,P39_CV0,2,1,1,1,1,0,2,0,2
36,15171.45369,-735703.2141,E36_F63_m45f45_P8_Y4_UO2199,I45_F68_m-1f-1_P45_Y-1_U99,I45_F86_m40f40_P6_Y1_UO1760,MXY,3,0.0,1,0,0.0,0,0,0,-9999.0,0.25,1,P39_CV0,2,1,1,2,0,0,2,0,2
36,15171.45369,-735703.2141,Age0_F36_m63f63_P36_Y7_UO3067,I63_F8_m31f31_P68_Y2_UO1508,I63_F68_m100f100_P68_Y2_UO4631,MXY,0,0.0,0,0,0.0,0,0,0,0.0,0.5625,1,P42_CV0,2,2,0,2,0,0,2,0,2
36,15171.45369,-735703.2141,E36_F11_m100f100_P49_Y6_UO4644,I100_F8_m43f43_P48_Y0_UO2168,I100_F48_m11f11_P48_Y4_UO639,FXX,1,0.0,1,1,1.0,0,0,0,-9999.0,0.625,1,P42_CV0,2,1,1,0,2,0,2,0,2
36,15171.45369,-735703.2141,E36_F85_m63f63_P69_Y5_UO2991,I63_F48_m84f84_P68_Y3_UO3871,I63_F8_m43f43_P49_Y3_UO2038,MXY,2,0.0,1,0,0.0,0,0,0,-9999.0,0.125,1,P42_CV0,2,0,2,1,1,0,2,0,2
36,15171.45369,-735703.2141,E36_F11_m43f43_P48_Y0_UO2151,R43_F43_m-1f-1_P43_Y-1_U77,R43_F43_m-1f-1_P43_Y-1_U169,MXY,7,0.0,1,0,0.0,0,0,0,-9999.0,0.25,1,P42_CV0,2,0,2,1,1,0,2,0,2
36,15171.45369,-735703.2141,Age0_F36_m65f65_P36_Y7_UO3161,I65_F98_m25f25_P8_Y3_UO1297,I65_F28_m84f84_P36_Y3_UO3880,MXY,0,0.0,0,0,0.0,0,0,0,0.0,0.4375,1,P44_CV0,2,2,0,2,0,0,2,0,2
36,15171.45369,-735703.2141,E36_F85_m25f25_P36_Y6_UO1262,I25_F8_m84f84_P68_Y4_UO3887,ID25_F8_m63f63_P68_Y4_UO2962,MXY,1,0.0,1,1,0.0,0,0,0,-9999.0,0.5625,1,P44_CV0,2,1,1,0,2,0,2,0,2
36,15171.45369,-735703.2141,E36_F85_m65f65_P69_Y6_UO3137,I65_F8_m31f31_P8_Y3_UO1532,ID65_F57_m90f90_P57_Y4_UO4266,FXX,1,0.0,1,1,1.0,0,0,0,-9999.0,0.4375,1,P44_CV0,2,2,0,2,0,0,2,0,2
36,15171.45369,-735703.2141,E36_F85_m63f63_P68_Y4_UO3027,ID63_F8_m-1f-1_P45_Y-1_U36,ID63_F68_m84f84_P68_Y0_UO4169,MXY,3,0.0,1,0,0.0,0,0,0,-9999.0,0.75,1,P44_CV0,2,1,1,1,1,0,2,0,2
36,15171.45369,-735703.2141,E36_F85_m94f94_P28_Y6_UO4477,I94_F81_m47f47_P81_Y2_UO2378,I94_F81_m47f47_P81_Y0_UO2434,FXX,1,0.0,1,1,1.0,0,0,0,-9999.0,0.5,1,P46_CV0,2,0,2,2,0,0,2,0,2
36,15171.45369,-735703.2141,E36_F63_m42f42_P98_Y5_UO2035,I42_F99_m-1f-1_P50_Y-1_U88,I42_F99_m50f50_P99_Y2_UO2458,MXY,2,0.0,1,0,0.0,0,0,0,-9999.0,0.75,1,P49_CV0,2,2,0,2,0,0,2,0,2
36,15171.45369,-735703.2141,E36_F85_m95f95_P28_Y4_UO4535,I95_F91_m-1f-1_P95_Y-1_U79,I95_F64_m-1f-1_P5_Y-1_U87,FXX,3,0.0,1,0,1.0,0,0,0,-9999.0,0.5,1,P4_CV0,2,2,0,1,1,0,2,0,2
36,15171.45369,-735703.2141,Age0_F36_m11f11_P36_Y7_UO653,I11_F49_m15f15_P41_Y2_UO839,I11_F48_m55f55_P41_Y2_UO2611,FXX,0,0.0,0,0,0.0,0,0,0,0.0,0.75,1,P54_CV0,2,2,0,2,0,0,2,0,2
36,15171.45369,-735703.2141,E36_F84_m95f95_P91_Y6_UO4545,ID95_F81_m17f17_P64_Y2_UO960,ID95_F64_m-1f-1_P95_Y-1_U150,FXX,1,0.0,1,1,1.0,0,0,0,-9999.0,0.25,1,P55_CV0,2,0,2,0,2,0,2,0,2
36,15171.45369,-735703.2141,Age0_F36_m11f11_P36_Y7_UO679,ID11_F48_m-1f-1_P60_Y-1_U228,I11_F49_m73f73_P41_Y1_UO3160,FXX,0,0.0,0,0,0.0,0,0,0,0.0,0.5,1,P59_CV0,2,2,0,2,0,0,2,0,2
36,15171.45369,-735703.2141,E36_F11_m-1f-1_P60_Y-1_U228,-9999,-9999,FXX,14,0.0,1,0,1.0,0,0,0,-9999.0,0.5,1,P59_CV0,2,1,1,2,0,0,2,0,2
36,15171.45369,-735703.2141,Age0_F36_m25f25_P36_Y7_UO1257,I25_F68_m63f63_P8_Y5_UO3080,I25_F8_m85f85_P36_Y5_UO3975,FXX,0,0.0,0,0,0.0,0,0,0,0.0,0.5,1,P62_CV0,2,1,1,0,2,0,2,0,2
36,15171.45369,-735703.2141,Age0_F36_m25f25_P36_Y7_UO1295,I25_F48_m25f25_P69_Y3_UO1238,I25_F8_m63f63_P8_Y1_UO2915,MXY,0,0.0,0,0,0.0,0,0,0,0.0,0.375,1,P62_CV0,2,1,1,0,2,0,2,0,2
36,15171.45369,-735703.2141,Age0_F36_m25f25_P36_Y7_UO1333,I25_F68_m-1f-1_P63_Y-1_U103,ID25_F36_m100f100_P48_Y1_UO4375,MXY,0,0.0,0,0,0.0,0,0,0,0.0,0.625,1,P62_CV0,2,1,1,1,1,0,2,0,2
36,15171.45369,-735703.2141,Age0_F36_m31f31_P36_Y7_UO1522,ID31_F68_m31f31_P68_Y0_UO1576,ID31_F68_m-1f-1_P63_Y-1_U36,MXY,0,0.0,0,0,0.0,0,0,0,0.0,0.875,1,P62_CV0,2,2,0,0,2,0,2,0,2
36,15171.45369,-735703.2141,Age0_F36_m63f63_P36_Y7_UO3060,ID63_F68_m63f63_P69_Y3_UO3046,ID63_F68_m25f25_P98_Y4_UO1332,FXX,0,0.0,0,0,0.0,0,0,0,0.0,0.625,1,P62_CV0,2,1,1,1,1,0,2,0,2
36,15171.45369,-735703.2141,Age0_F36_m63f63_P36_Y7_UO3079,I63_F8_m63f63_P68_Y1_UO2943,ID63_F36_m63f63_P68_Y5_UO2985,FXX,0,0.0,0,0,0.0,0,0,0,0.0,0.84375,1,P62_CV0,2,2,0,0,2,0,2,0,2
36,15171.45369,-735703.2141,Age0_F36_m84f84_P36_Y7_UO3865,ID84_F69_m63f63_P68_Y5_UO3077,ID84_F68_m65f65_P98_Y3_UO3142,MXY,0,0.0,0,0,0.0,0,0,0,0.0,0.53125,1,P62_CV0,2,2,0,1,1,0,2,0,2
36,15171.45369,-735703.2141,Age0_F36_m85f85_P36_Y7_UO3995,I85_F36_m11f11_P2_Y4_UO656,I85_F98_m63f63_P69_Y2_UO3019,FXX,0,0.0,0,0,0.0,0,0,0,0.0,0.625,1,P62_CV0,2,2,0,2,0,0,2,0,2
36,15171.45369,-735703.2141,Age0_F36_m85f85_P36_Y7_UO4000,I85_F69_m63f63_P69_Y4_UO3013,ID85_F69_m-1f-1_P45_Y-1_U237,MXY,0,0.0,0,0,0.0,0,0,0,0.0,0.5,1,P62_CV0,2,1,1,0,2,0,2,0,2
36,15171.45369,-735703.2141,E36_F25_m25f25_P68_Y6_UO1340,I25_F68_m-1f-1_P63_Y-1_U103,I25_F68_m63f63_P68_Y4_UO2981,FXX,1,0.0,1,1,1.0,0,0,0,-9999.0,0.3125,1,P62_CV0,2,1,1,1,1,0,2,0,2
36,15171.45369,-735703.2141,E36_F84_m63f63_P8_Y6_UO3091,I63_F8_m-1f-1_P43_Y-1_U166,I63_F8_m-1f-1_P63_Y-1_U142,MXY,1,0.0,1,1,0.0,0,0,0,-9999.0,0.5,1,P62_CV0,2,1,1,1,1,0,2,0,2
36,15171.45369,-735703.2141,E36_F85_m85f85_P28_Y6_UO4024,I85_F68_m25f25_P36_Y3_UO1314,I85_F21_m63f63_P69_Y1_UO2891,FXX,1,0.0,1,1,1.0,0,0,0,-9999.0,0.3125,1,P62_CV0,2,1,1,1,1,0,2,0,2
36,15171.45369,-735703.2141,E36_F85_m25f25_P69_Y6_UO1314,ID25_F98_m63f63_P69_Y2_UO3055,I25_F68_m-1f-1_P25_Y-1_U104,MXY,1,0.0,1,1,0.0,0,0,0,-9999.0,0.5,1,P62_CV0,2,1,1,1,1,0,2,0,2
36,15171.45369,-735703.2141,E36_F85_m84f84_P69_Y6_UO3945,ID84_F8_m31f31_P68_Y1_UO1445,I84_F68_m25f25_P69_Y2_UO1234,MXY,1,0.0,1,1,0.0,0,0,0,-9999.0,0.5625,1,P62_CV0,2,1,1,0,2,0,2,0,2
36,15171.45369,-735703.2141,E36_F85_m85f85_P36_Y6_UO4017,I85_F8_m65f65_P69_Y3_UO3134,I85_F21_m63f63_P69_Y1_UO2891,MXY,1,0.0,1,1,0.0,0,0,0,-9999.0,0.25,1,P62_CV0,2,0,2,0,2,0,2,0,2
36,15171.45369,-735703.2141,E36_F84_m63f63_P68_Y5_UO3077,I63_F8_m-1f-1_P63_Y-1_U54,I63_F68_m63f63_P68_Y3_UO2988,FXX,2,0.0,1,0,1.0,0,0,0,-9999.0,0.6875,1,P62_CV0,2,2,0,0,2,0,2,0,2
36,15171.45369,-735703.2141,E36_F25_m84f84_P8_Y4_UO3854,ID84_F8_m63f63_P68_Y0_UO3306,I84_F8_m-1f-1_P63_Y-1_U107,FXX,3,0.0,1,0,1.0,0,0,0,-9999.0,0.625,1,P62_CV0,2,2,0,1,1,0,2,0,2
36,15171.45369,-735703.2141,E36_F25_m84f84_P68_Y4_UO3849,I84_F8_m63f63_P68_Y0_UO3255,I84_F8_m-1f-1_P65_Y-1_U218,MXY,3,0.0,1,0,0.0,0,0,0,-9999.0,1.0,1,P62_CV0,2,2,0,1,1,0,2,0,2
36,15171.45369,-735703.2141,E36_F85_m63f63_P69_Y4_UO3013,I63_F49_m-1f-1_P63_Y-1_U120,I63_F48_m-1f-1_P63_Y-1_U16,FXX,3,0.0,1,0,1.0,0,0,0,-9999.0,0.5,1,P62_CV0,2,1,1,1,1,0,2,0,2
36,15171.45369,-735703.2141,E36_F63_m63f63_P69_Y3_UO3046,I63_F68_m-1f-1_P63_Y-1_U54,I63_F68_m63f63_P68_Y0_UO3270,FXX,4,0.0,1,0,1.0,0,0,0,-9999.0,0.75,1,P62_CV0,2,1,1,1,1,0,2,0,2
36,15171.45369,-735703.2141,E36_F65_m65f65_P8_Y3_UO3146,ID65_F8_m-1f-1_P63_Y-1_U200,ID65_F28_m11f11_P49_Y0_UO629,MXY,4,0.0,1,0,0.0,0,0,0,-9999.0,0.375,1,P62_CV0,2,1,1,0,2,0,2,0,2
36,15171.45369,-735703.2141,E36_F63_m63f63_P68_Y1_UO2943,I63_F8_m-1f-1_P63_Y-1_U97,ID63_F21_m-1f-1_P85_Y-1_U49,FXX,6,0.0,1,0,1.0,0,0,0,-9999.0,1.0,1,P62_CV0,2,2,0,0,2,0,2,0,2
36,15171.45369,-735703.2141,E36_F85_m84f84_P68_Y1_UO3661,I84_F68_m-1f-1_P84_Y-1_U65,ID84_F68_m-1f-1_P63_Y-1_U36,FXX,6,0.0,1,0,1.0,0,0,0,-9999.0,0.5,1,P62_CV0,2,1,1,0,2,0,2,0,2
36,15171.45369,-735703.2141,E36_F85_m63f63_P69_Y1_UO2891,I63_F8_m-1f-1_P63_Y-1_U236,I63_F8_m-1f-1_P63_Y-1_U244,MXY,6,0.0,1,0,0.0,0,0,0,-9999.0,0.25,1,P62_CV0,2,1,1,1,1,0,2,0,2
36,15171.45369,-735703.2141,E36_F85_m-1f-1_P63_Y-1_U239,-9999,-9999,FXX,8,0.0,1,0,1.0,0,0,0,-9999.0,0.5,1,P62_CV0,2,1,1,2,0,0,2,0,2
36,15171.45369,-735703.2141,E36_F25_m-1f-1_P63_Y-1_U103,-9999,-9999,FXX,9,0.0,1,0,1.0,0,0,0,-9999.0,0.5,1,P62_CV0,2,1,1,2,0,0,2,0,2
36,15171.45369,-735703.2141,E36_F65_m-1f-1_P63_Y-1_U54,-9999,-9999,FXX,12,0.0,1,0,1.0,0,0,0,-9999.0,1.0,1,P62_CV0,2,2,0,1,1,0,2,0,2
36,15171.45369,-735703.2141,Age0_F36_m25f25_P36_Y7_UO1275,I25_F8_m84f84_P8_Y4_UO3854,I25_F36_m65f65_P98_Y0_UO3421,MXY,0,0.0,0,0,0.0,0,0,0,0.0,0.4375,1,P64_CV0,2,1,1,1,1,0,2,0,2
36,15171.45369,-735703.2141,Age0_F36_m25f25_P36_Y7_UO1328,I25_F68_m85f85_P28_Y0_UO4246,I25_F68_m85f85_P69_Y3_UO3908,MXY,0,0.0,0,0,0.0,0,0,0,0.0,0.25,1,P64_CV0,2,1,1,1,1,0,2,0,2
36,15171.45369,-735703.2141,Age0_F36_m25f25_P36_Y7_UO1346,I25_F8_m-1f-1_P25_Y-1_U172,I25_F36_m65f65_P98_Y0_UO3421,MXY,0,0.0,0,0,0.0,0,0,0,0.0,0.375,1,P64_CV0,2,0,2,0,2,0,2,0,2
36,15171.45369,-735703.2141,Age0_F36_m63f63_P36_Y7_UO3059,ID63_F49_m60f60_P48_Y3_UO2831,ID63_F68_m65f65_P8_Y0_UO3350,FXX,0,0.0,0,0,0.0,0,0,0,0.0,0.5,1,P64_CV0,2,2,0,1,1,0,2,0,2
36,15171.45369,-735703.2141,Age0_F36_m65f65_P36_Y7_UO3156,I65_F98_m65f65_P98_Y3_UO3106,I65_F91_m84f84_P8_Y5_UO3850,MXY,0,0.0,0,0,0.0,0,0,0,0.0,0.53125,1,P64_CV0,2,2,0,1,1,0,2,0,2
36,15171.45369,-735703.2141,Age0_F36_m84f84_P36_Y7_UO3858,ID84_F28_m65f65_P8_Y5_UO3119,I84_F8_m84f84_P8_Y5_UO3861,FXX,0,0.0,0,0,0.0,0,0,0,0.0,0.5,1,P64_CV0,2,1,1,1,1,0,2,0,2
36,15171.45369,-735703.2141,Age0_F36_m85f85_P36_Y7_UO3969,I85_F8_m25f25_P36_Y5_UO1265,I85_F69_m-1f-1_P65_Y-1_U92,FXX,0,0.0,0,0,0.0,0,0,0,0.0,0.25,1,P64_CV0,2,0,2,1,1,0,2,0,2
36,15171.45369,-735703.2141,Age0_F36_m85f85_P36_Y7_UO3974,I85_F69_m85f85_P21_Y5_UO4011,I85_F36_m85f85_P69_Y2_UO3979,MXY,0,0.0,0,0,0.0,0,0,0,0.0,0.46875,1,P64_CV0,2,1,1,0,2,0,2,0,2
36,15171.45369,-735703.2141,Age0_F36_m85f85_P36_Y7_UO3976,ID85_F69_m65f65_P36_Y5_UO3146,I85_F8_m65f65_P28_Y4_UO3073,FXX,0,0.0,0,0,0.0,0,0,0,0.0,0.375,1,P64_CV0,2,1,1,1,1,0,2,0,2
36,15171.45369,-735703.2141,Age0_F36_m85f85_P36_Y7_UO3980,ID85_F8_m85f85_P36_Y5_UO3960,I85_F69_m65f65_P98_Y2_UO3159,FXX,0,0.0,0,0,0.0,0,0,0,0.0,0.59375,1,P64_CV0,2,1,1,1,1,0,2,0,2
36,15171.45369,-735703.2141,E36_F65_m63f63_P8_Y6_UO3046,I63_F68_m84f84_P68_Y3_UO3804,I63_F8_m85f85_P68_Y4_UO3940,MXY,1,0.0,1,1,0.0,0,0,0,-9999.0,0.40625,1,P64_CV0,2,1,1,0,2,0,2,0,2
36,15171.45369,-735703.2141,E36_F65_m65f65_P98_Y6_UO3175,I65_F8_m31f31_P8_Y2_UO1522,ID65_F36_m65f65_P68_Y3_UO3128,FXX,1,0.0,1,1,1.0,0,0,0,-9999.0,0.625,1,P64_CV0,2,1,1,1,1,0,2,0,2
36,15171.45369,-735703.2141,E36_F65_m65f65_P98_Y6_UO3202,I65_F69_m-1f-1_P65_Y-1_U88,I65_F36_m25f25_P8_Y4_UO1315,FXX,1,0.0,1,1,1.0,0,0,0,-9999.0,0.5,1,P64_CV0,2,2,0,1,1,0,2,0,2
36,15171.45369,-735703.2141,E36_F85_m85f85_P69_Y6_UO4035,ID85_F68_m25f25_P8_Y2_UO1252,I85_F69_m84f84_P69_Y2_UO3915,MXY,1,0.0,1,1,0.0,0,0,0,-9999.0,0.625,1,P64_CV0,2,1,1,0,2,0,2,0,2
36,15171.45369,-735703.2141,E36_F85_m85f85_P69_Y6_UO3982,I85_F69_m84f84_P68_Y4_UO3817,I85_F36_m11f11_P2_Y3_UO642,FXX,1,0.0,1,1,1.0,0,0,0,-9999.0,0.53125,1,P64_CV0,2,1,1,1,1,0,2,0,2
36,15171.45369,-735703.2141,E36_F84_m65f65_P8_Y5_UO3119,I65_F36_m65f65_P98_Y3_UO3145,I65_F98_m11f11_P69_Y0_UO681,FXX,2,0.0,1,0,1.0,0,0,0,-9999.0,0.5,1,P64_CV0,2,1,1,2,0,0,2,0,2
36,15171.45369,-735703.2141,E36_F85_m65f65_P36_Y5_UO3146,ID65_F69_m65f65_P98_Y2_UO3123,I65_F8_m-1f-1_P85_Y-1_U196,FXX,2,0.0,1,0,1.0,0,0,0,-9999.0,0.125,1,P64_CV0,2,0,2,0,2,0,2,0,2
36,15171.45369,-735703.2141,E36_F85_m25f25_P69_Y5_UO1273,I25_F68_m94f94_P98_Y2_UO4414,I25_F36_m65f65_P98_Y1_UO2952,MXY,2,0.0,1,0,0.0,0,0,0,-9999.0,0.75,1,P64_CV0,2,2,0,2,0,0,2,0,2
36,15171.45369,-735703.2141,E36_F85_m85f85_P36_Y5_UO3960,ID85_F28_m31f31_P68_Y3_UO1497,I85_F28_m65f65_P69_Y1_UO2982,FXX,2,0.0,1,0,1.0,0,0,0,-9999.0,0.5625,1,P64_CV0,2,0,2,1,1,0,2,0,2
36,15171.45369,-735703.2141,E36_F85_m65f65_P69_Y5_UO3178,I65_F68_m-1f-1_P65_Y-1_U7,I65_F69_m25f25_P68_Y0_UO1409,MXY,2,0.0,1,0,0.0,0,0,0,-9999.0,0.25,1,P64_CV0,2,0,2,2,0,0,2,0,2
36,15171.45369,-735703.2141,E36_F85_m65f65_P28_Y4_UO3073,I65_F36_m85f85_P36_Y2_UO3937,ID65_F68_m-1f-1_P65_Y-1_U79,MXY,3,0.0,1,0,0.0,0,0,0,-9999.0,0.625,1,P64_CV0,2,2,0,1,1,0,2,0,2
36,15171.45369,-735703.2141,E36_F85_m85f85_P36_Y4_UO3955,ID85_F8_m65f65_P8_Y1_UO3022,I85_F36_m-1f-1_P85_Y-1_U197,MXY,3,0.0,1,0,0.0,0,0,0,-9999.0,0.5,1,P64_CV0,2,1,1,0,2,0,2,0,2
36,15171.45369,-735703.2141,E36_F65_m65f65_P98_Y3_UO3106,ID65_F69_m65f65_P98_Y0_UO3412,I65_F68_m-1f-1_P65_Y-1_U142,FXX,4,0.0,1,0,1.0,0,0,0,-9999.0,0.375,1,P64_CV0,2,1,1,1,1,0,2,0,2
36,15171.45369,-735703.2141,E36_F85_m-1f-1_P65_Y-1_U132,-9999,-9999,MXY,10,0.0,1,0,0.0,0,0,0,-9999.0,0.5,1,P64_CV0,2,1,1,2,0,0,2,0,2
36,15171.45369,-735703.2141,E36_F11_m73f73_P89_Y4_UO3313,ID73_F48_m73f73_P89_Y0_UO3547,I73_F89_m-1f-1_P55_Y-1_U112,MXY,3,0.0,1,0,0.0,0,0,0,-9999.0,0.625,1,P72_CV0,2,2,0,2,0,0,2,0,2
36,15171.45369,-735703.2141,E36_F85_m94f94_P28_Y6_UO4489,ID94_F81_m80f80_P81_Y0_UO3935,I94_F81_m-1f-1_P58_Y-1_U228,MXY,1,0.0,1,1,0.0,0,0,0,-9999.0,0.875,1,P79_CV0,2,2,0,2,0,0,2,0,2
36,15171.45369,-735703.2141,Age0_F36_m25f25_P36_Y7_UO1319,I25_F68_m84f84_P98_Y1_UO3716,I25_F68_m65f65_P69_Y3_UO3119,FXX,0,0.0,0,0,0.0,0,0,0,0.0,0.375,1,P83_CV0,2,0,2,0,2,0,2,0,2
36,15171.45369,-735703.2141,E36_F25_m65f65_P8_Y6_UO3153,ID65_F36_m85f85_P36_Y3_UO3972,ID65_F98_m63f63_P8_Y4_UO3030,MXY,1,0.0,1,1,0.0,0,0,0,-9999.0,0.875,1,P83_CV0,2,1,1,0,2,0,2,0,2
36,15171.45369,-735703.2141,E36_F63_m31f31_P8_Y6_UO1529,I31_F68_m84f84_P68_Y0_UO4172,ID31_F8_m40f40_P98_Y3_UO1924,MXY,1,0.0,1,1,0.0,0,0,0,-9999.0,0.625,1,P83_CV0,2,1,1,2,0,0,2,0,2
36,15171.45369,-735703.2141,E36_F84_m25f25_P68_Y6_UO1251,I25_F68_m84f84_P69_Y4_UO3878,I25_F98_m-1f-1_P25_Y-1_U163,FXX,1,0.0,1,1,1.0,0,0,0,-9999.0,0.5,1,P83_CV0,2,1,1,0,2,0,2,0,2
36,15171.45369,-735703.2141,E36_F85_m63f63_P36_Y6_UO3107,I63_F8_m-1f-1_P84_Y-1_U13,I63_F8_m65f65_P8_Y0_UO3350,MXY,1,0.0,1,1,0.0,0,0,0,-9999.0,0.25,1,P83_CV0,2,1,1,2,0,0,2,0,2
36,15171.45369,-735703.2141,E36_F85_m63f63_P8_Y6_UO3028,I63_F68_m63f63_P8_Y3_UO3003,I63_F8_m84f84_P8_Y2_UO3848,FXX,1,0.0,1,1,1.0,0,0,0,-9999.0,0.5625,1,P83_CV0,2,0,2,0,2,0,2,0,2
36,15171.45369,-735703.2141,E36_F85_m63f63_P68_Y6_UO3098,ID63_F8_m-1f-1_P84_Y-1_U20,I63_F8_m-1f-1_P25_Y-1_U32,FXX,1,0.0,1,1,1.0,0,0,0,-9999.0,0.25,1,P83_CV0,2,1,1,1,1,0,2,0,2
36,15171.45369,-735703.2141,E36_F85_m65f65_P98_Y5_UO3163,I65_F98_m94f94_P28_Y0_UO4736,ID65_F8_m84f84_P8_Y2_UO3892,MXY,2,0.0,1,0,0.0,0,0,0,-9999.0,0.5,1,P83_CV0,2,1,1,2,0,0,2,0,2
36,15171.45369,-735703.2141,E36_F85_m85f85_P98_Y5_UO4010,I85_F98_m-1f-1_P84_Y-1_U239,I85_F69_m25f25_P69_Y2_UO1321,MXY,2,0.0,1,0,0.0,0,0,0,-9999.0,0.625,1,P83_CV0,2,1,1,2,0,0,2,0,2
36,15171.45369,-735703.2141,E36_F84_m63f63_P8_Y4_UO2989,ID63_F68_m31f31_P68_Y1_UO1445,ID63_F69_m-1f-1_P84_Y-1_U81,MXY,3,0.0,1,0,0.0,0,0,0,-9999.0,0.625,1,P83_CV0,2,2,0,1,1,0,2,0,2
36,15171.45369,-735703.2141,E36_F65_m25f25_P8_Y3_UO1297,ID25_F8_m-1f-1_P45_Y-1_U238,I25_F36_m84f84_P68_Y0_UO4155,FXX,4,0.0,1,0,1.0,0,0,0,-9999.0,0.625,1,P83_CV0,2,1,1,1,1,0,2,0,2
36,15171.45369,-735703.2141,E36_F65_m84f84_P8_Y2_UO3886,I84_F69_m-1f-1_P84_Y-1_U11,I84_F68_m84f84_P68_Y0_UO4132,FXX,5,0.0,1,0,1.0,0,0,0,-9999.0,0.5,1,P83_CV0,2,1,1,2,0,0,2,0,2
36,15171.45369,-735703.2141,E36_F85_m85f85_P36_Y2_UO3983,I85_F36_m-1f-1_P85_Y-1_U135,ID85_F68_m84f84_P68_Y0_UO4131,MXY,5,0.0,1,0,0.0,0,0,0,-9999.0,0.875,1,P83_CV0,2,2,0,0,2,0,2,0,2
36,15171.45369,-735703.2141,E36_F25_m84f84_P98_Y1_UO3716,ID84_F98_m-1f-1_P65_Y-1_U180,ID84_F68_m-1f-1_P84_Y-1_U219,FXX,6,0.0,1,0,1.0,0,0,0,-9999.0,0.75,1,P83_CV0,2,1,1,1,1,0,2,0,2
36,15171.45369,-735703.2141,E36_F25_m-1f-1_P84_Y-1_U134,-9999,-9999,MXY,13,0.0,1,0,0.0,0,0,0,-9999.0,0.0,1,P83_CV0,2,0,2,1,1,0,2,0,2
36,15171.45369,-735703.2141,E36_F85_m-1f-1_P84_Y-1_U100,-9999,-9999,FXX,16,0.0,1,0,1.0,0,0,0,-9999.0,0.5,1,P83_CV0,2,1,1,0,2,0,2,0,2
36,15171.45369,-735703.2141,Age0_F36_m63f63_P36_Y7_UO3101,ID63_F8_m-1f-1_P85_Y-1_U72,I63_F68_m84f84_P8_Y5_UO3933,FXX,0,0.0,0,0,0.0,0,0,0,0.0,0.25,1,P84_CV0,2,0,2,0,2,0,2,0,2
36,15171.45369,-735703.2141,Age0_F36_m85f85_P36_Y7_UO4019,I85_F36_m65f65_P69_Y3_UO3134,I85_F8_m85f85_P98_Y4_UO3917,MXY,0,0.0,0,0,0.0,0,0,0,0.0,0.34375,1,P84_CV0,2,0,2,2,0,0,2,0,2
36,15171.45369,-735703.2141,Age0_F36_m85f85_P36_Y7_UO4031,I85_F2_m84f84_P68_Y1_UO3661,I85_F8_m85f85_P36_Y5_UO3969,FXX,0,0.0,0,0,0.0,0,0,0,0.0,0.375,1,P84_CV0,2,1,1,0,2,0,2,0,2
36,15171.45369,-735703.2141,Age0_F36_m85f85_P36_Y7_UO4034,I85_F69_m85f85_P69_Y1_UO3801,I85_F36_m65f65_P36_Y4_UO3088,FXX,0,0.0,0,0,0.0,0,0,0,0.0,0.625,1,P84_CV0,2,1,1,2,0,0,2,0,2
36,15171.45369,-735703.2141,Age0_F36_m85f85_P36_Y7_UO4038,ID85_F98_m85f85_P36_Y0_UO4291,ID85_F98_m65f65_P98_Y5_UO3186,FXX,0,0.0,0,0,0.0,0,0,0,0.0,0.375,1,P84_CV0,2,1,1,1,1,0,2,0,2
36,15171.45369,-735703.2141,Age0_F36_m85f85_P36_Y7_UO4049,I85_F36_m-1f-1_P85_Y-1_U1,I85_F36_m-1f-1_P85_Y-1_U187,FXX,0,0.0,0,0,0.0,0,0,0,0.0,0.75,1,P84_CV0,2,2,0,0,2,0,2,0,2
36,15171.45369,-735703.2141,Age0_F36_m85f85_P36_Y7_UO4051,I85_F36_m-1f-1_P84_Y-1_U100,I85_F2_m85f85_P2_Y5_UO3997,MXY,0,0.0,0,0,0.0,0,0,0,0.0,0.5,1,P84_CV0,2,2,0,1,1,0,2,0,2
36,15171.45369,-735703.2141,E36_F25_m31f31_P68_Y6_UO1546,I31_F8_m-1f-1_P63_Y-1_U241,I31_F8_m65f65_P68_Y2_UO3097,MXY,1,0.0,1,1,0.0,0,0,0,-9999.0,0.75,1,P84_CV0,2,1,1,0,2,0,2,0,2
36,15171.45369,-735703.2141,E36_F63_m85f85_P69_Y6_UO3996,I85_F36_m63f63_P69_Y4_UO3059,I85_F98_m-1f-1_P85_Y-1_U187,FXX,1,0.0,1,1,1.0,0,0,0,-9999.0,0.625,1,P84_CV0,2,1,1,2,0,0,2,0,2
36,15171.45369,-735703.2141,E36_F65_m65f65_P98_Y6_UO3156,I65_F68_m84f84_P8_Y3_UO3861,ID65_F98_m85f85_P36_Y4_UO3934,FXX,1,0.0,1,1,1.0,0,0,0,-9999.0,0.78125,1,P84_CV0,2,2,0,1,1,0,2,0,2
36,15171.45369,-735703.2141,E36_F85_m65f65_P69_Y6_UO3127,I65_F36_m31f31_P68_Y4_UO1451,I65_F69_m25f25_P8_Y1_UO1245,FXX,1,0.0,1,1,1.0,0,0,0,-9999.0,0.5625,1,P84_CV0,2,2,0,1,1,0,2,0,2
36,15171.45369,-735703.2141,E36_F85_m65f65_P69_Y6_UO3166,I65_F36_m25f25_P68_Y2_UO1275,ID65_F69_m31f31_P68_Y1_UO1413,MXY,1,0.0,1,1,0.0,0,0,0,-9999.0,0.625,1,P84_CV0,2,1,1,1,1,0,2,0,2
36,15171.45369,-735703.2141,E36_F85_m65f65_P68_Y6_UO3168,I65_F91_m94f94_P98_Y2_UO4433,I65_F98_m25f25_P8_Y3_UO1248,FXX,1,0.0,1,1,1.0,0,0,0,-9999.0,0.4375,1,P84_CV0,2,0,2,1,1,0,2,0,2
36,15171.45369,-735703.2141,E36_F63_m65f65_P36_Y5_UO3143,I65_F8_m25f25_P68_Y2_UO1275,I65_F69_m85f85_P36_Y1_UO3743,MXY,2,0.0,1,0,0.0,0,0,0,-9999.0,0.5,1,P84_CV0,2,0,2,0,2,0,2,0,2
36,15171.45369,-735703.2141,E36_F85_m31f31_P36_Y5_UO1533,I31_F8_m-1f-1_P85_Y-1_U72,I31_F8_m31f31_P8_Y2_UO1529,MXY,2,0.0,1,0,0.0,0,0,0,-9999.0,0.3125,1,P84_CV0,2,1,1,1,1,0,2,0,2
36,15171.45369,-735703.2141,E36_F85_m85f85_P36_Y5_UO3943,I85_F98_m85f85_P69_Y3_UO3976,I85_F2_m85f85_P36_Y3_UO3942,MXY,2,0.0,1,0,0.0,0,0,0,-9999.0,0.6875,1,P84_CV0,2,1,1,1,1,0,2,0,2
36,15171.45369,-735703.2141,E36_F85_m65f65_P98_Y5_UO3194,I65_F68_m-1f-1_P85_Y-1_U221,ID65_F68_m-1f-1_P25_Y-1_U217,MXY,2,0.0,1,0,0.0,0,0,0,-9999.0,1.0,1,P84_CV0,2,2,0,1,1,0,2,0,2
36,15171.45369,-735703.2141,E36_F85_m85f85_P21_Y5_UO4011,I85_F69_m-1f-1_P85_Y-1_U3,I85_F48_m85f85_P69_Y3_UO3954,FXX,2,0.0,1,0,1.0,0,0,0,-9999.0,0.4375,1,P84_CV0,2,2,0,1,1,0,2,0,2
36,15171.45369,-735703.2141,E36_F85_m85f85_P36_Y5_UO4012,I85_F36_m-1f-1_P85_Y-1_U145,I85_F69_m63f63_P36_Y0_UO3250,MXY,2,0.0,1,0,0.0,0,0,0,-9999.0,0.625,1,P84_CV0,2,1,1,1,1,0,2,0,2
36,15171.45369,-735703.2141,E36_F63_m85f85_P68_Y4_UO3940,ID85_F36_m85f85_P2_Y1_UO3806,I85_F69_m63f63_P68_Y2_UO3034,MXY,3,0.0,1,0,0.0,0,0,0,-9999.0,0.5625,1,P84_CV0,2,2,0,0,2,0,2,0,2
36,15171.45369,-735703.2141,E36_F85_m85f85_P69_Y3_UO3952,I85_F2_m-1f-1_P85_Y-1_U183,I85_F36_m-1f-1_P85_Y-1_U6,MXY,4,0.0,1,0,0.0,0,0,0,-9999.0,0.5,1,P84_CV0,2,1,1,1,1,0,2,0,2
36,15171.45369,-735703.2141,E36_F85_m65f65_P36_Y3_UO3109,I65_F68_m85f85_P21_Y0_UO4227,ID65_F36_m31f31_P8_Y1_UO1458,MXY,4,0.0,1,0,0.0,0,0,0,-9999.0,0.25,1,P84_CV0,2,0,2,1,1,0,2,0,2
36,15171.45369,-735703.2141,E36_F85_m65f65_P69_Y3_UO3134,I65_F28_m-1f-1_P85_Y-1_U114,I65_F98_m-1f-1_P45_Y-1_U138,FXX,4,0.0,1,0,1.0,0,0,0,-9999.0,0.25,1,P84_CV0,2,0,2,1,1,0,2,0,2
36,15171.45369,-735703.2141,E36_F65_m85f85_P8_Y2_UO3949,I85_F98_m-1f-1_P85_Y-1_U24,I85_F69_m-1f-1_P85_Y-1_U141,MXY,5,0.0,1,0,0.0,0,0,0,-9999.0,0.5,1,P84_CV0,2,1,1,1,1,0,2,0,2
36,15171.45369,-735703.2141,E36_F85_m85f85_P69_Y1_UO3801,I85_F69_m-1f-1_P85_Y-1_U88,ID85_F69_m-1f-1_P85_Y-1_U4,FXX,6,0.0,1,0,1.0,0,0,0,-9999.0,0.75,1,P84_CV0,2,2,0,1,1,0,2,0,2
36,15171.45369,-735703.2141,E36_F25_m85f85_P28_Y0_UO4246,R85_F85_m-1f-1_P85_Y-1_U72,R85_F85_m-1f-1_P85_Y-1_U103,FXX,7,0.0,1,0,1.0,0,0,0,-9999.0,0.25,1,P84_CV0,2,1,1,1,1,0,2,0,2
36,15171.45369,-735703.2141,E36_F85_m85f85_P36_Y0_UO4291,R85_F85_m-1f-1_P85_Y-1_U202,R85_F85_m-1f-1_P85_Y-1_U48,FXX,7,0.0,1,0,1.0,0,0,0,-9999.0,0.5,1,P84_CV0,2,2,0,1,1,0,2,0,2
36,15171.45369,-735703.2141,E36_F85_m-1f-1_P85_Y-1_U63,-9999,-9999,MXY,10,0.0,1,0,0.0,0,0,0,-9999.0,0.5,1,P84_CV0,2,1,1,1,1,0,2,0,2
36,15171.45369,-735703.2141,E36_F25_m-1f-1_P85_Y-1_U140,-9999,-9999,MXY,11,0.0,1,0,0.0,0,0,0,-9999.0,0.0,1,P84_CV0,2,0,2,1,1,0,2,0,2
36,15171.45369,-735703.2141,E36_F63_m-1f-1_P85_Y-1_U72,-9999,-9999,FXX,12,0.0,1,0,1.0,0,0,0,-9999.0,0.0,1,P84_CV0,2,0,2,0,2,0,2,0,2
36,15171.45369,-735703.2141,E36_F85_m-1f-1_P85_Y-1_U1,-9999,-9999,FXX,12,0.0,1,0,1.0,0,0,0,-9999.0,0.5,1,P84_CV0,2,1,1,1,1,0,2,0,2
36,15171.45369,-735703.2141,Age0_F36_m65f65_P36_Y7_UO3204,I65_F36_m-1f-1_P94_Y-1_U249,ID65_F36_m63f63_P68_Y5_UO3061,FXX,0,0.0,0,0,0.0,0,0,0,0.0,0.625,1,P93_CV0,2,2,0,1,1,0,2,0,2
36,15171.45369,-735703.2141,E36_F84_m25f25_P68_Y6_UO1349,ID25_F68_m-1f-1_P31_Y-1_U48,ID25_F8_m94f94_P98_Y1_UO4204,MXY,1,0.0,1,1,0.0,0,0,0,-9999.0,0.25,1,P93_CV0,2,1,1,1,1,0,2,0,2
36,15171.45369,-735703.2141,E36_F85_m65f65_P98_Y6_UO3170,I65_F8_m84f84_P8_Y2_UO3882,I65_F8_m94f94_P91_Y2_UO4402,FXX,1,0.0,1,1,1.0,0,0,0,-9999.0,0.625,1,P93_CV0,2,1,1,1,1,0,2,0,2
36,15171.45369,-735703.2141,E36_F85_m85f85_P28_Y4_UO3952,ID85_F36_m100f100_P69_Y1_UO4420,I85_F36_m85f85_P36_Y2_UO3924,MXY,3,0.0,1,0,0.0,0,0,0,-9999.0,0.8125,1,P93_CV0,2,2,0,2,0,0,2,0,2
36,15171.45369,-735703.2141,E36_F85_m65f65_P21_Y4_UO3136,I65_F69_m-1f-1_P65_Y-1_U46,I65_F28_m94f94_P91_Y2_UO4450,MXY,3,0.0,1,0,0.0,0,0,0,-9999.0,0.25,1,P93_CV0,2,1,1,1,1,0,2,0,2
36,15171.45369,-735703.2141,E36_F65_m-1f-1_P94_Y-1_U249,-9999,-9999,FXX,11,0.0,1,0,1.0,0,0,0,-9999.0,0.5,1,P93_CV0,2,1,1,1,1,0,2,0,2
36,15171.45369,-735703.2141,E36_F85_m95f95_P21_Y0_UO4850,R95_F95_m-1f-1_P95_Y-1_U119,R95_F95_m-1f-1_P95_Y-1_U4,MXY,7,0.0,1,0,0.0,0,0,0,-9999.0,0.5,1,P94_CV0,2,2,0,1,1,0,2,0,2
36,15171.45369,-735703.2141,Age0_F36_m65f65_P36_Y7_UO3190,I65_F98_m100f100_P8_Y0_UO4924,I65_F98_m65f65_P98_Y2_UO3102,FXX,0,0.0,0,0,0.0,0,0,0,0.0,0.5,1,P99_CV0,2,2,0,0,2,0,2,0,2
36,15171.45369,-735703.2141,Age0_F36_m85f85_P36_Y7_UO3988,I85_F98_m63f63_P69_Y5_UO3023,I85_F68_m31f31_P8_Y2_UO1523,FXX,0,0.0,0,0,0.0,0,0,0,0.0,0.5625,1,P99_CV0,2,0,2,0,2,0,2,0,2
36,15171.45369,-735703.2141,E36_F31_m25f25_P68_Y6_UO1257,I25_F36_m63f63_P8_Y4_UO2959,ID25_F28_m100f100_P49_Y1_UO4372,MXY,1,0.0,1,1,0.0,0,0,0,-9999.0,0.5625,1,P99_CV0,2,1,1,0,2,0,2,0,2
36,15171.45369,-735703.2141,E36_F65_m65f65_P98_Y6_UO3185,I65_F69_m84f84_P68_Y1_UO3652,I65_F36_m84f84_P68_Y1_UO3656,FXX,1,0.0,1,1,1.0,0,0,0,-9999.0,0.625,1,P99_CV0,2,1,1,1,1,0,2,0,2
36,15171.45369,-735703.2141,E36_F65_m65f65_P98_Y6_UO3198,ID65_F68_m100f100_P8_Y0_UO4924,I65_F69_m84f84_P68_Y4_UO3871,FXX,1,0.0,1,1,1.0,0,0,0,-9999.0,0.5,1,P99_CV0,2,2,0,0,2,0,2,0,2
36,15171.45369,-735703.2141,E36_F85_m84f84_P8_Y6_UO3969,ID84_F48_m-1f-1_P100_Y-1_U37,I84_F68_m25f25_P8_Y4_UO1310,MXY,1,0.0,1,1,0.0,0,0,0,-9999.0,0.40625,1,P99_CV0,2,1,1,1,1,0,2,0,2
36,15171.45369,-735703.2141,E36_F25_m63f63_P8_Y5_UO3080,I63_F68_m-1f-1_P100_Y-1_U168,ID63_F49_m100f100_P48_Y3_UO4570,FXX,2,0.0,1,0,1.0,0,0,0,-9999.0,0.5,1,P99_CV0,2,1,1,1,1,0,2,0,2
36,15171.45369,-735703.2141,E36_F85_m63f63_P69_Y5_UO3023,I63_F8_m31f31_P68_Y1_UO1450,I63_F68_m100f100_P48_Y2_UO4619,FXX,2,0.0,1,0,1.0,0,0,0,-9999.0,0.625,1,P99_CV0,2,1,1,0,2,0,2,0,2
36,15171.45369,-735703.2141,E36_F25_m25f25_P69_Y3_UO1238,ID25_F8_m100f100_P48_Y1_UO4402,I25_F49_m31f31_P68_Y1_UO1428,FXX,4,0.0,1,0,1.0,0,0,0,-9999.0,0.5,1,P99_CV0,2,1,1,0,2,0,2,0,2
36,15171.45369,-735703.2141,E36_F65_m100f100_P8_Y0_UO4924,R100_F100_m-1f-1_P100_Y-1_U54,R100_F100_m-1f-1_P100_Y-1_U173,FXX,7,0.0,1,0,1.0,0,0,0,-9999.0,0.5,1,P99_CV0,2,1,1,1,1,0,2,0,2
38,-795074.9687,-292345.2116,Age0_F38_m7f7_P38_Y7_UO429,I7_F74_m7f7_P38_Y5_UO493,ID7_F52_m37f37_P13_Y3_UO1723,FXX,0,0.0,0,0,0.0,0,0,0,0.0,0.6875,1,P11_CV0,2,1,1,1,1,0,2,0,2
38,-795074.9687,-292345.2116,Age0_F38_m30f30_P38_Y7_UO1390,I30_F38_m7f7_P74_Y4_UO477,I30_F93_m-1f-1_P12_Y-1_U145,FXX,0,0.0,0,0,0.0,0,0,0,0.0,0.75,1,P11_CV0,2,1,1,1,1,0,2,0,2
38,-795074.9687,-292345.2116,E38_F7_m37f37_P38_Y6_UO1806,ID37_F38_m-1f-1_P7_Y-1_U230,I37_F74_m12f12_P13_Y1_UO623,FXX,1,0.0,1,1,1.0,0,0,0,-9999.0,0.375,1,P11_CV0,2,1,1,0,2,0,2,0,2
38,-795074.9687,-292345.2116,E38_F7_m7f7_P74_Y6_UO428,I7_F38_m46f46_P52_Y4_UO2280,I7_F38_m12f12_P52_Y1_UO651,FXX,1,0.0,1,1,1.0,0,0,0,-9999.0,0.3125,1,P11_CV0,2,1,1,2,0,0,2,0,2
38,-795074.9687,-292345.2116,E38_F7_m37f37_P74_Y6_UO1695,I37_F74_m46f46_P52_Y4_UO2255,I37_F74_m88f88_P29_Y0_UO4422,MXY,1,0.0,1,1,0.0,0,0,0,-9999.0,0.4375,1,P11_CV0,2,1,1,2,0,0,2,0,2
38,-795074.9687,-292345.2116,E38_F30_m12f12_P52_Y6_UO778,I12_F13_m-1f-1_P12_Y-1_U42,I12_F52_m12f12_P52_Y1_UO636,FXX,1,0.0,1,1,1.0,0,0,0,-9999.0,0.875,1,P11_CV0,2,2,0,1,1,0,2,0,2
38,-795074.9687,-292345.2116,E38_F30_m12f12_P52_Y6_UO785,I12_F52_m-1f-1_P12_Y-1_U54,I12_F13_m12f12_P52_Y2_UO682,FXX,1,0.0,1,1,1.0,0,0,0,-9999.0,0.125,1,P11_CV0,2,0,2,0,2,0,2,0,2
38,-795074.9687,-292345.2116,E38_F30_m90f90_P86_Y6_UO4285,I90_F27_m23f23_P6_Y2_UO1205,I90_F57_m12f12_P52_Y0_UO780,MXY,1,0.0,1,1,0.0,0,0,0,-9999.0,0.25,1,P11_CV0,2,0,2,1,1,0,2,0,2
38,-795074.9687,-292345.2116,E38_F37_m7f7_P29_Y6_UO483,ID7_F38_m88f88_P29_Y2_UO4151,I7_F35_m45f45_P86_Y4_UO2167,FXX,1,0.0,1,1,1.0,0,0,0,-9999.0,0.5,1,P11_CV0,2,0,2,0,2,0,2,0,2
38,-795074.9687,-292345.2116,E38_F37_m37f37_P29_Y6_UO1733,I37_F74_m37f37_P38_Y4_UO1783,I37_F29_m37f37_P13_Y3_UO1785,MXY,1,0.0,1,1,0.0,0,0,0,-9999.0,0.6875,1,P11_CV0,2,2,0,1,1,0,2,0,2
38,-795074.9687,-292345.2116,E38_F37_m30f30_P74_Y6_UO1388,I30_F74_m30f30_P13_Y4_UO1418,I30_F35_m78f78_P13_Y4_UO3478,FXX,1,0.0,1,1,1.0,0,0,0,-9999.0,0.59375,1,P11_CV0,2,2,0,1,1,0,2,0,2
38,-795074.9687,-292345.2116,E38_F37_m30f30_P74_Y6_UO1407,I30_F52_m30f30_P38_Y3_UO1448,I30_F38_m90f90_P52_Y3_UO4193,MXY,1,0.0,1,1,0.0,0,0,0,-9999.0,0.375,1,P11_CV0,2,1,1,0,2,0,2,0,2
38,-795074.9687,-292345.2116,E38_F7_m7f7_P38_Y5_UO493,I7_F74_m37f37_P74_Y1_UO1624,I7_F52_m12f12_P52_Y1_UO651,FXX,2,0.0,1,0,1.0,0,0,0,-9999.0,0.625,1,P11_CV0,2,1,1,1,1,0,2,0,2
38,-795074.9687,-292345.2116,E38_F30_m7f7_P13_Y5_UO500,I7_F38_m88f88_P29_Y0_UO4431,I7_F52_m30f30_P38_Y3_UO1382,MXY,2,0.0,1,0,0.0,0,0,0,-9999.0,0.3125,1,P11_CV0,2,0,2,2,0,0,2,0,2
38,-795074.9687,-292345.2116,E38_F7_m37f37_P38_Y4_UO1777,ID37_F38_m-1f-1_P37_Y-1_U14,ID37_F29_m12f12_P52_Y0_UO727,FXX,3,0.0,1,0,1.0,0,0,0,-9999.0,0.625,1,P11_CV0,2,1,1,1,1,0,2,0,2
38,-795074.9687,-292345.2116,E38_F30_m30f30_P38_Y3_UO1448,ID30_F93_m-1f-1_P12_Y-1_U214,I30_F52_m7f7_P38_Y1_UO382,FXX,4,0.0,1,0,1.0,0,0,0,-9999.0,0.5,1,P11_CV0,2,2,0,1,1,0,2,0,2
38,-795074.9687,-292345.2116,E38_F37_m37f37_P13_Y3_UO1785,I37_F38_m-1f-1_P37_Y-1_U119,I37_F38_m46f46_P38_Y1_UO2091,MXY,4,0.0,1,0,0.0,0,0,0,-9999.0,0.375,1,P11_CV0,2,1,1,0,2,0,2,0,2
38,-795074.9687,-292345.2116,E38_F30_m12f12_P52_Y2_UO730,I12_F13_m-1f-1_P12_Y-1_U177,I12_F52_m-1f-1_P12_Y-1_U175,MXY,5,0.0,1,0,0.0,0,0,0,-9999.0,0.75,1,P11_CV0,2,1,1,2,0,0,2,0,2
38,-795074.9687,-292345.2116,E38_F7_m12f12_P13_Y1_UO623,I12_F52_m-1f-1_P12_Y-1_U14,I12_F86_m-1f-1_P12_Y-1_U166,MXY,6,0.0,1,0,0.0,0,0,0,-9999.0,0.75,1,P11_CV0,2,1,1,0,2,0,2,0,2
38,-795074.9687,-292345.2116,E38_F7_m12f12_P52_Y1_UO651,I12_F86_m-1f-1_P12_Y-1_U94,ID12_F52_m-1f-1_P12_Y-1_U26,MXY,6,0.0,1,0,0.0,0,0,0,-9999.0,0.5,1,P11_CV0,2,1,1,2,0,0,2,0,2
38,-795074.9687,-292345.2116,E38_F37_m12f12_P52_Y0_UO727,R12_F12_m-1f-1_P12_Y-1_U92,R12_F12_m-1f-1_P12_Y-1_U100,MXY,7,0.0,1,0,0.0,0,0,0,-9999.0,0.25,1,P11_CV0,2,0,2,1,1,0,2,0,2
38,-795074.9687,-292345.2116,E38_F30_m-1f-1_P12_Y-1_U145,-9999,-9999,MXY,9,0.0,1,0,0.0,0,0,0,-9999.0,0.5,1,P11_CV0,2,1,1,1,1,0,2,0,2
38,-795074.9687,-292345.2116,Age0_F38_m30f30_P38_Y7_UO1458,ID30_F38_m-1f-1_P23_Y-1_U36,I30_F52_m78f78_P93_Y5_UO3466,FXX,0,0.0,0,0,0.0,0,0,0,0.0,0.4375,1,P22_CV0,2,1,1,2,0,0,2,0,2
38,-795074.9687,-292345.2116,E38_F7_m12f12_P52_Y6_UO779,I12_F86_m-1f-1_P12_Y-1_U77,I12_F86_m23f23_P86_Y3_UO1147,MXY,1,0.0,1,1,0.0,0,0,0,-9999.0,0.375,1,P22_CV0,2,0,2,0,2,0,2,0,2
38,-795074.9687,-292345.2116,E38_F7_m46f46_P52_Y6_UO2322,I46_F13_m23f23_P27_Y2_UO1203,I46_F86_m23f23_P52_Y3_UO1130,FXX,1,0.0,1,1,1.0,0,0,0,-9999.0,0.25,1,P22_CV0,2,0,2,2,0,0,2,0,2
38,-795074.9687,-292345.2116,E38_F78_m46f46_P93_Y5_UO2286,I46_F13_m23f23_P52_Y0_UO1315,I46_F52_m46f46_P93_Y2_UO2247,MXY,2,0.0,1,0,0.0,0,0,0,-9999.0,0.5,1,P22_CV0,2,1,1,1,1,0,2,0,2
38,-795074.9687,-292345.2116,E38_F30_m-1f-1_P23_Y-1_U36,-9999,-9999,FXX,15,0.0,1,0,1.0,0,0,0,-9999.0,0.5,1,P22_CV0,2,1,1,2,0,0,2,0,2
38,-795074.9687,-292345.2116,Age0_F38_m7f7_P38_Y7_UO419,I7_F74_m37f37_P38_Y5_UO1723,I7_F74_m7f7_P74_Y5_UO485,MXY,0,0.0,0,0,0.0,0,0,0,0.0,0.625,1,P29_CV0,2,1,1,1,1,0,2,0,2
38,-795074.9687,-292345.2116,Age0_F38_m7f7_P38_Y7_UO457,I7_F74_m7f7_P74_Y4_UO416,I7_F38_m37f37_P38_Y5_UO1741,FXX,0,0.0,0,0,0.0,0,0,0,0.0,0.28125,1,P29_CV0,2,0,2,0,2,0,2,0,2
38,-795074.9687,-292345.2116,Age0_F38_m7f7_P38_Y7_UO463,I7_F74_m78f78_P74_Y3_UO3447,I7_F38_m7f7_P38_Y4_UO491,FXX,0,0.0,0,0,0.0,0,0,0,0.0,0.5,1,P29_CV0,2,1,1,0,2,0,2,0,2
38,-795074.9687,-292345.2116,Age0_F38_m7f7_P38_Y7_UO480,I7_F38_m30f30_P38_Y2_UO1409,I7_F29_m88f88_P29_Y4_UO4096,FXX,0,0.0,0,0,0.0,0,0,0,0.0,0.375,1,P29_CV0,2,2,0,1,1,0,2,0,2
38,-795074.9687,-292345.2116,Age0_F38_m7f7_P38_Y7_UO517,ID7_F74_m-1f-1_P30_Y-1_U29,I7_F35_m37f37_P74_Y4_UO1779,FXX,0,0.0,0,0,0.0,0,0,0,0.0,0.3125,1,P29_CV0,2,1,1,1,1,0,2,0,2
38,-795074.9687,-292345.2116,Age0_F38_m30f30_P38_Y7_UO1356,I30_F52_m87f87_P93_Y5_UO4031,I30_F35_m30f30_P29_Y0_UO1532,FXX,0,0.0,0,0,0.0,0,0,0,0.0,0.40625,1,P29_CV0,2,2,0,1,1,0,2,0,2
38,-795074.9687,-292345.2116,Age0_F38_m30f30_P38_Y7_UO1360,I30_F52_m37f37_P38_Y5_UO1704,ID30_F38_m-1f-1_P30_Y-1_U45,MXY,0,0.0,0,0,0.0,0,0,0,0.0,0.65625,1,P29_CV0,2,2,0,1,1,0,2,0,2
38,-795074.9687,-292345.2116,Age0_F38_m30f30_P38_Y7_UO1368,I30_F93_m7f7_P38_Y5_UO514,I30_F38_m30f30_P13_Y5_UO1377,FXX,0,0.0,0,0,0.0,0,0,0,0.0,0.6875,1,P29_CV0,2,1,1,1,1,0,2,0,2
38,-795074.9687,-292345.2116,Age0_F38_m30f30_P38_Y7_UO1432,I30_F74_m12f12_P52_Y1_UO633,I30_F52_m-1f-1_P46_Y-1_U249,MXY,0,0.0,0,0,0.0,0,0,0,0.0,0.5,1,P29_CV0,2,1,1,2,0,0,2,0,2
38,-795074.9687,-292345.2116,Age0_F38_m30f30_P38_Y7_UO1438,I30_F13_m45f45_P6_Y1_UO2023,I30_F38_m-1f-1_P30_Y-1_U95,MXY,0,0.0,0,0,0.0,0,0,0,0.0,0.5,1,P29_CV0,2,2,0,1,1,0,2,0,2
38,-795074.9687,-292345.2116,Age0_F38_m30f30_P38_Y7_UO1446,I30_F13_m-1f-1_P37_Y-1_U163,I30_F38_m-1f-1_P30_Y-1_U233,MXY,0,0.0,0,0,0.0,0,0,0,0.0,0.75,1,P29_CV0,2,1,1,0,2,0,2,0,2
38,-795074.9687,-292345.2116,Age0_F38_m37f37_P38_Y7_UO1687,I37_F74_m7f7_P38_Y5_UO442,I37_F86_m-1f-1_P37_Y-1_U76,FXX,0,0.0,0,0,0.0,0,0,0,0.0,0.65625,1,P29_CV0,2,2,0,1,1,0,2,0,2
38,-795074.9687,-292345.2116,Age0_F38_m37f37_P38_Y7_UO1714,I37_F38_m30f30_P74_Y4_UO1414,ID37_F38_m7f7_P74_Y1_UO386,FXX,0,0.0,0,0,0.0,0,0,0,0.0,0.5625,1,P29_CV0,2,0,2,1,1,0,2,0,2
38,-795074.9687,-292345.2116,Age0_F38_m37f37_P38_Y7_UO1734,I37_F29_m7f7_P74_Y4_UO431,I37_F74_m30f30_P38_Y5_UO1388,MXY,0,0.0,0,0,0.0,0,0,0,0.0,0.6875,1,P29_CV0,2,2,0,1,1,0,2,0,2
38,-795074.9687,-292345.2116,Age0_F38_m37f37_P38_Y7_UO1747,I37_F29_m12f12_P13_Y3_UO665,I37_F74_m88f88_P29_Y5_UO4134,MXY,0,0.0,0,0,0.0,0,0,0,0.0,0.625,1,P29_CV0,2,2,0,1,1,0,2,0,2
38,-795074.9687,-292345.2116,Age0_F38_m78f78_P38_Y7_UO3491,I78_F13_m78f78_P93_Y4_UO3428,ID78_F29_m78f78_P13_Y4_UO3481,MXY,0,0.0,0,0,0.0,0,0,0,0.0,0.4375,1,P29_CV0,2,2,0,1,1,0,2,0,2
38,-795074.9687,-292345.2116,E38_F7_m7f7_P38_Y6_UO421,ID7_F74_m7f7_P38_Y4_UO461,ID7_F74_m37f37_P74_Y4_UO1685,FXX,1,0.0,1,1,1.0,0,0,0,-9999.0,0.6875,1,P29_CV0,2,1,1,2,0,0,2,0,2
38,-795074.9687,-292345.2116,E38_F7_m7f7_P38_Y6_UO492,I7_F74_m30f30_P38_Y1_UO1324,ID7_F13_m-1f-1_P37_Y-1_U190,FXX,1,0.0,1,1,1.0,0,0,0,-9999.0,0.375,1,P29_CV0,2,1,1,1,1,0,2,0,2
38,-795074.9687,-292345.2116,E38_F7_m30f30_P38_Y6_UO1399,I30_F13_m46f46_P52_Y3_UO2219,ID30_F52_m37f37_P74_Y4_UO1745,FXX,1,0.0,1,1,1.0,0,0,0,-9999.0,0.375,1,P29_CV0,2,1,1,1,1,0,2,0,2
38,-795074.9687,-292345.2116,E38_F7_m30f30_P38_Y6_UO1435,I30_F13_m7f7_P74_Y1_UO446,I30_F52_m30f30_P93_Y0_UO1436,MXY,1,0.0,1,1,0.0,0,0,0,-9999.0,0.5,1,P29_CV0,2,1,1,1,1,0,2,0,2
38,-795074.9687,-292345.2116,E38_F7_m30f30_P38_Y6_UO1460,I30_F13_m-1f-1_P30_Y-1_U133,I30_F52_m30f30_P93_Y0_UO1436,MXY,1,0.0,1,1,0.0,0,0,0,-9999.0,0.375,1,P29_CV0,2,1,1,1,1,0,2,0,2
38,-795074.9687,-292345.2116,E38_F7_m37f37_P38_Y6_UO1700,ID37_F38_m7f7_P38_Y4_UO392,I37_F74_m7f7_P38_Y3_UO459,FXX,1,0.0,1,1,1.0,0,0,0,-9999.0,0.5625,1,P29_CV0,2,1,1,1,1,0,2,0,2
38,-795074.9687,-292345.2116,E38_F7_m37f37_P74_Y6_UO1820,I37_F74_m-1f-1_P7_Y-1_U132,I37_F13_m30f30_P74_Y3_UO1433,FXX,1,0.0,1,1,1.0,0,0,0,-9999.0,0.375,1,P29_CV0,2,1,1,2,0,0,2,0,2
38,-795074.9687,-292345.2116,E38_F30_m7f7_P13_Y6_UO433,I7_F38_m7f7_P74_Y4_UO397,I7_F38_m88f88_P74_Y2_UO4158,MXY,1,0.0,1,1,0.0,0,0,0,-9999.0,0.53125,1,P29_CV0,2,0,2,0,2,0,2,0,2
38,-795074.9687,-292345.2116,E38_F37_m7f7_P13_Y6_UO460,ID7_F38_m7f7_P29_Y3_UO451,I7_F38_m37f37_P38_Y4_UO1690,FXX,1,0.0,1,1,1.0,0,0,0,-9999.0,0.34375,1,P29_CV0,2,1,1,0,2,0,2,0,2
38,-795074.9687,-292345.2116,E38_F37_m30f30_P13_Y6_UO1445,I30_F52_m-1f-1_P30_Y-1_U93,I30_F38_m30f30_P13_Y3_UO1436,MXY,1,0.0,1,1,0.0,0,0,0,-9999.0,0.5,1,P29_CV0,2,2,0,1,1,0,2,0,2
38,-795074.9687,-292345.2116,E38_F37_m88f88_P29_Y6_UO4175,I88_F29_m37f37_P29_Y2_UO1682,I88_F29_m37f37_P29_Y4_UO1681,FXX,1,0.0,1,1,1.0,0,0,0,-9999.0,0.5,1,P29_CV0,2,1,1,1,1,0,2,0,2
38,-795074.9687,-292345.2116,E38_F37_m30f30_P38_Y6_UO1462,I30_F38_m-1f-1_P30_Y-1_U230,I30_F38_m12f12_P13_Y2_UO701,FXX,1,0.0,1,1,1.0,0,0,0,-9999.0,0.625,1,P29_CV0,2,0,2,1,1,0,2,0,2
38,-795074.9687,-292345.2116,E38_F37_m37f37_P74_Y6_UO1709,I37_F74_m7f7_P38_Y4_UO502,I37_F38_m30f30_P38_Y2_UO1427,FXX,1,0.0,1,1,1.0,0,0,0,-9999.0,0.5625,1,P29_CV0,2,2,0,1,1,0,2,0,2
38,-795074.9687,-292345.2116,E38_F37_m37f37_P74_Y6_UO1749,I37_F13_m37f37_P74_Y3_UO1725,I37_F38_m-1f-1_P30_Y-1_U10,MXY,1,0.0,1,1,0.0,0,0,0,-9999.0,0.25,1,P29_CV0,2,1,1,0,2,0,2,0,2
38,-795074.9687,-292345.2116,E38_F78_m37f37_P29_Y6_UO1704,I37_F74_m37f37_P38_Y4_UO1722,I37_F38_m-1f-1_P30_Y-1_U10,FXX,1,0.0,1,1,1.0,0,0,1,-9999.0,0.5,1,P29_CV0,2,1,1,0,2,0,2,0,2
38,-795074.9687,-292345.2116,E38_F7_m7f7_P38_Y5_UO464,I7_F38_m37f37_P74_Y2_UO1722,I7_F38_m30f30_P38_Y1_UO1328,FXX,2,0.0,1,0,1.0,0,0,0,-9999.0,0.25,1,P29_CV0,2,1,1,1,1,0,2,0,2
38,-795074.9687,-292345.2116,E38_F7_m37f37_P38_Y5_UO1741,I37_F13_m23f23_P35_Y1_UO1114,I37_F38_m-1f-1_P30_Y-1_U10,MXY,2,0.0,1,0,0.0,0,0,0,-9999.0,0.125,1,P29_CV0,2,0,2,1,1,0,2,0,2
38,-795074.9687,-292345.2116,E38_F7_m37f37_P38_Y5_UO1695,ID37_F38_m37f37_P74_Y3_UO1768,I37_F74_m30f30_P13_Y1_UO1349,FXX,2,0.0,1,0,1.0,0,0,0,-9999.0,0.5625,1,P29_CV0,2,2,0,1,1,0,2,0,2
38,-795074.9687,-292345.2116,E38_F7_m30f30_P38_Y5_UO1442,I30_F38_m-1f-1_P30_Y-1_U230,I30_F93_m30f30_P93_Y3_UO1354,FXX,2,0.0,1,0,1.0,0,0,0,-9999.0,0.5,1,P29_CV0,2,1,1,0,2,0,2,0,2
38,-795074.9687,-292345.2116,E38_F30_m12f12_P93_Y5_UO753,I12_F52_m50f50_P6_Y0_UO2552,ID12_F52_m-1f-1_P30_Y-1_U231,MXY,2,0.0,1,0,0.0,0,0,0,-9999.0,0.5,1,P29_CV0,2,2,0,1,1,0,2,0,2
38,-795074.9687,-292345.2116,E38_F30_m37f37_P38_Y5_UO1704,I37_F74_m30f30_P74_Y2_UO1354,I37_F38_m7f7_P74_Y3_UO418,FXX,2,0.0,1,0,1.0,0,0,0,-9999.0,0.8125,1,P29_CV0,2,2,0,1,1,0,2,0,2
38,-795074.9687,-292345.2116,E38_F30_m7f7_P38_Y5_UO514,I7_F74_m-1f-1_P7_Y-1_U82,I7_F74_m30f30_P74_Y3_UO1428,FXX,2,0.0,1,0,1.0,0,0,0,-9999.0,0.875,1,P29_CV0,2,2,0,0,2,0,2,0,2
38,-795074.9687,-292345.2116,E38_F37_m78f78_P29_Y5_UO3453,I78_F13_m30f30_P13_Y3_UO1420,I78_F93_m-1f-1_P78_Y-1_U13,MXY,2,0.0,1,0,0.0,0,0,0,-9999.0,0.4375,1,P29_CV0,2,1,1,1,1,0,2,0,2
38,-795074.9687,-292345.2116,E38_F37_m7f7_P38_Y5_UO442,I7_F38_m30f30_P38_Y3_UO1365,I7_F74_m88f88_P74_Y3_UO4103,FXX,2,0.0,1,0,1.0,0,0,0,-9999.0,0.3125,1,P29_CV0,2,1,1,1,1,0,2,0,2
38,-795074.9687,-292345.2116,E38_F37_m7f7_P74_Y5_UO518,I7_F38_m-1f-1_P30_Y-1_U224,I7_F74_m30f30_P74_Y1_UO1269,FXX,2,0.0,1,0,1.0,0,0,0,-9999.0,0.375,1,P29_CV0,2,1,1,0,2,0,2,0,2
38,-795074.9687,-292345.2116,E38_F37_m46f46_P38_Y5_UO2272,ID46_F38_m30f30_P74_Y1_UO1362,I46_F52_m46f46_P52_Y3_UO2255,MXY,2,0.0,1,0,0.0,0,0,0,-9999.0,0.25,1,P29_CV0,2,0,2,1,1,0,2,0,2
38,-795074.9687,-292345.2116,E38_F46_m46f46_P52_Y5_UO2233,I46_F52_m90f90_P52_Y3_UO4152,ID46_F38_m30f30_P38_Y3_UO1452,MXY,2,0.0,1,0,0.0,0,0,0,-9999.0,0.5,1,P29_CV0,2,1,1,2,0,0,2,0,2
38,-795074.9687,-292345.2116,E38_F7_m7f7_P38_Y4_UO491,I7_F52_m-1f-1_P30_Y-1_U194,I7_F74_m78f78_P29_Y1_UO3319,MXY,3,0.0,1,0,0.0,0,0,0,-9999.0,0.5,1,P29_CV0,2,0,2,1,1,0,2,0,2
38,-795074.9687,-292345.2116,E38_F30_m37f37_P74_Y4_UO1745,I37_F74_m-1f-1_P30_Y-1_U87,I37_F38_m37f37_P29_Y2_UO1666,MXY,3,0.0,1,0,0.0,0,0,0,-9999.0,0.375,1,P29_CV0,2,2,0,0,2,0,2,0,2
38,-795074.9687,-292345.2116,E38_F37_m30f30_P74_Y4_UO1414,I30_F38_m-1f-1_P30_Y-1_U12,I30_F52_m12f12_P52_Y2_UO730,FXX,3,0.0,1,0,1.0,0,0,0,-9999.0,0.625,1,P29_CV0,2,0,2,2,0,0,2,0,2
38,-795074.9687,-292345.2116,E38_F37_m7f7_P38_Y4_UO478,I7_F29_m-1f-1_P30_Y-1_U224,ID7_F93_m-1f-1_P78_Y-1_U187,FXX,3,0.0,1,0,1.0,0,0,0,-9999.0,0.75,1,P29_CV0,2,1,1,2,0,0,2,0,2
38,-795074.9687,-292345.2116,E38_F37_m30f30_P13_Y4_UO1374,I30_F38_m37f37_P38_Y1_UO1612,I30_F52_m-1f-1_P30_Y-1_U231,MXY,3,0.0,1,0,0.0,0,0,0,-9999.0,0.5,1,P29_CV0,2,1,1,1,1,0,2,0,2
38,-795074.9687,-292345.2116,E38_F37_m30f30_P38_Y4_UO1437,ID30_F38_m-1f-1_P30_Y-1_U230,I30_F38_m-1f-1_P12_Y-1_U182,MXY,3,0.0,1,0,0.0,0,0,0,-9999.0,0.25,1,P29_CV0,2,0,2,1,1,0,2,0,2
38,-795074.9687,-292345.2116,E38_F37_m37f37_P74_Y4_UO1785,I37_F13_m-1f-1_P37_Y-1_U119,I37_F38_m-1f-1_P30_Y-1_U10,MXY,3,0.0,1,0,0.0,0,0,0,-9999.0,0.0,1,P29_CV0,2,0,2,0,2,0,2,0,2
38,-795074.9687,-292345.2116,E38_F37_m30f30_P74_Y4_UO1447,I30_F52_m-1f-1_P12_Y-1_U226,I30_F52_m-1f-1_P30_Y-1_U173,FXX,3,0.0,1,0,1.0,0,0,0,-9999.0,0.5,1,P29_CV0,2,0,2,2,0,0,2,0,2
38,-795074.9687,-292345.2116,E38_F37_m37f37_P74_Y4_UO1718,I37_F38_m30f30_P74_Y1_UO1297,I37_F13_m7f7_P38_Y2_UO479,MXY,3,0.0,1,0,0.0,0,0,0,-9999.0,0.125,1,P29_CV0,2,0,2,0,2,0,2,0,2
38,-795074.9687,-292345.2116,E38_F37_m7f7_P74_Y4_UO431,ID7_F29_m37f37_P74_Y1_UO1560,I7_F35_m-1f-1_P7_Y-1_U39,FXX,3,0.0,1,0,1.0,0,0,0,-9999.0,0.625,1,P29_CV0,2,1,1,1,1,0,2,0,2
38,-795074.9687,-292345.2116,E38_F37_m30f30_P38_Y4_UO1380,I30_F74_m7f7_P38_Y1_UO443,I30_F38_m-1f-1_P30_Y-1_U11,FXX,3,0.0,1,0,1.0,0,0,0,-9999.0,0.375,1,P29_CV0,2,1,1,1,1,0,2,0,2
38,-795074.9687,-292345.2116,E38_F37_m37f37_P38_Y4_UO1763,I37_F74_m-1f-1_P30_Y-1_U112,I37_F38_m-1f-1_P7_Y-1_U120,FXX,3,0.0,1,0,1.0,0,0,0,-9999.0,0.25,1,P29_CV0,2,0,2,1,1,0,2,0,2
38,-795074.9687,-292345.2116,E38_F7_m37f37_P38_Y3_UO1746,ID37_F35_m-1f-1_P30_Y-1_U40,I37_F38_m37f37_P74_Y1_UO1595,MXY,4,0.0,1,0,0.0,0,0,0,-9999.0,0.75,1,P29_CV0,2,1,1,1,1,0,2,0,2
38,-795074.9687,-292345.2116,E38_F7_m30f30_P74_Y3_UO1428,I30_F13_m-1f-1_P37_Y-1_U220,ID30_F74_m-1f-1_P30_Y-1_U207,MXY,4,0.0,1,0,0.0,0,0,0,-9999.0,0.75,1,P29_CV0,2,2,0,1,1,0,2,0,2
38,-795074.9687,-292345.2116,E38_F7_m37f37_P74_Y3_UO1688,I37_F13_m30f30_P74_Y1_UO1329,I37_F74_m7f7_P74_Y1_UO383,MXY,4,0.0,1,0,0.0,0,0,0,-9999.0,0.5,1,P29_CV0,2,1,1,1,1,0,2,0,2
38,-795074.9687,-292345.2116,E38_F7_m7f7_P29_Y3_UO451,I7_F74_m-1f-1_P30_Y-1_U224,I7_F74_m-1f-1_P7_Y-1_U17,FXX,4,0.0,1,0,1.0,0,0,0,-9999.0,0.5,1,P29_CV0,2,1,1,0,2,0,2,0,2
38,-795074.9687,-292345.2116,E38_F37_m37f37_P74_Y3_UO1685,I37_F74_m30f30_P13_Y1_UO1301,ID37_F35_m-1f-1_P30_Y-1_U10,MXY,4,0.0,1,0,0.0,0,0,0,-9999.0,0.125,1,P29_CV0,2,0,2,1,1,0,2,0,2
38,-795074.9687,-292345.2116,E38_F37_m7f7_P74_Y3_UO430,ID7_F74_m88f88_P29_Y0_UO4467,I7_F74_m-1f-1_P30_Y-1_U179,MXY,4,0.0,1,0,0.0,0,0,0,-9999.0,0.25,1,P29_CV0,2,0,2,2,0,0,2,0,2
38,-795074.9687,-292345.2116,E38_F37_m12f12_P13_Y3_UO665,I12_F52_m12f12_P52_Y1_UO618,I12_F52_m30f30_P52_Y0_UO1521,FXX,4,0.0,1,0,1.0,0,0,0,-9999.0,0.75,1,P29_CV0,2,2,0,0,2,0,2,0,2
38,-795074.9687,-292345.2116,E38_F37_m30f30_P74_Y3_UO1433,I30_F38_m-1f-1_P30_Y-1_U102,I30_F13_m-1f-1_P30_Y-1_U6,MXY,4,0.0,1,0,0.0,0,0,0,-9999.0,0.25,1,P29_CV0,2,0,2,1,1,0,2,0,2
38,-795074.9687,-292345.2116,E38_F7_m30f30_P38_Y2_UO1409,I30_F13_m-1f-1_P30_Y-1_U146,I30_F38_m-1f-1_P30_Y-1_U147,FXX,5,0.0,1,0,1.0,0,0,0,-9999.0,0.25,1,P29_CV0,2,1,1,2,0,0,2,0,2
38,-795074.9687,-292345.2116,E38_F7_m7f7_P74_Y2_UO402,I7_F74_m88f88_P29_Y0_UO4472,ID7_F13_m-1f-1_P30_Y-1_U119,FXX,5,0.0,1,0,1.0,0,0,0,-9999.0,0.375,1,P29_CV0,2,1,1,1,1,0,2,0,2
38,-795074.9687,-292345.2116,E38_F30_m30f30_P38_Y2_UO1435,I30_F52_m-1f-1_P30_Y-1_U60,I30_F38_m78f78_P13_Y0_UO3795,MXY,5,0.0,1,0,0.0,0,0,0,-9999.0,0.5,1,P29_CV0,2,0,2,0,2,0,2,0,2
38,-795074.9687,-292345.2116,E38_F37_m30f30_P13_Y2_UO1342,I30_F74_m7f7_P74_Y0_UO465,I30_F13_m30f30_P93_Y0_UO1436,FXX,5,0.0,1,0,1.0,0,0,0,-9999.0,0.5,1,P29_CV0,2,1,1,2,0,0,2,0,2
38,-795074.9687,-292345.2116,E38_F37_m78f78_P13_Y2_UO3519,ID78_F93_m-1f-1_P78_Y-1_U29,I78_F29_m30f30_P13_Y0_UO1500,MXY,5,0.0,1,0,0.0,0,0,0,-9999.0,0.5,1,P29_CV0,2,1,1,1,1,0,2,0,2
38,-795074.9687,-292345.2116,E38_F37_m30f30_P38_Y2_UO1427,ID30_F74_m-1f-1_P30_Y-1_U18,I30_F52_m7f7_P74_Y0_UO414,MXY,5,0.0,1,0,0.0,0,0,0,-9999.0,0.625,1,P29_CV0,2,2,0,2,0,0,2,0,2
38,-795074.9687,-292345.2116,E38_F30_m12f12_P52_Y1_UO633,I12_F86_m-1f-1_P12_Y-1_U25,ID12_F74_m-1f-1_P30_Y-1_U221,FXX,6,0.0,1,0,1.0,0,0,0,-9999.0,0.5,1,P29_CV0,2,2,0,1,1,0,2,0,2
38,-795074.9687,-292345.2116,E38_F37_m30f30_P52_Y1_UO1326,ID30_F52_m-1f-1_P30_Y-1_U72,ID30_F29_m-1f-1_P37_Y-1_U179,MXY,6,0.0,1,0,0.0,0,0,0,-9999.0,0.75,1,P29_CV0,2,2,0,1,1,0,2,0,2
38,-795074.9687,-292345.2116,E38_F37_m37f37_P38_Y1_UO1551,ID37_F52_m-1f-1_P30_Y-1_U176,I37_F29_m-1f-1_P37_Y-1_U52,FXX,6,0.0,1,0,1.0,0,0,0,-9999.0,0.5,1,P29_CV0,2,1,1,1,1,0,2,0,2
38,-795074.9687,-292345.2116,E38_F30_m30f30_P29_Y0_UO1532,R30_F30_m-1f-1_P30_Y-1_U244,R30_F30_m-1f-1_P30_Y-1_U63,MXY,7,0.0,1,0,0.0,0,0,0,-9999.0,0.25,1,P29_CV0,2,1,1,2,0,0,2,0,2
38,-795074.9687,-292345.2116,E38_F30_m-1f-1_P30_Y-1_U118,-9999,-9999,MXY,9,0.0,1,0,0.0,0,0,0,-9999.0,0.5,1,P29_CV0,2,1,1,0,2,0,2,0,2
38,-795074.9687,-292345.2116,E38_F7_m-1f-1_P30_Y-1_U29,-9999,-9999,FXX,10,0.0,1,0,1.0,0,0,0,-9999.0,0.0,1,P29_CV0,2,0,2,0,2,0,2,0,2
38,-795074.9687,-292345.2116,E38_F37_m-1f-1_P30_Y-1_U238,-9999,-9999,MXY,10,0.0,1,0,0.0,0,0,0,-9999.0,1.0,1,P29_CV0,2,2,0,0,2,0,2,0,2
38,-795074.9687,-292345.2116,E38_F30_m-1f-1_P30_Y-1_U233,-9999,-9999,MXY,11,0.0,1,0,0.0,0,0,0,-9999.0,1.0,1,P29_CV0,2,2,0,0,2,0,2,0,2
38,-795074.9687,-292345.2116,E38_F30_m-1f-1_P30_Y-1_U112,-9999,-9999,FXX,12,0.0,1,0,1.0,0,0,0,-9999.0,0.5,1,P29_CV0,2,1,1,0,2,0,2,0,2
38,-795074.9687,-292345.2116,E38_F37_m-1f-1_P30_Y-1_U173,-9999,-9999,MXY,12,0.0,1,0,0.0,0,0,0,-9999.0,0.5,1,P29_CV0,2,1,1,2,0,0,2,0,2
38,-795074.9687,-292345.2116,E38_F7_m-1f-1_P30_Y-1_U102,-9999,-9999,FXX,13,0.0,1,0,1.0,0,0,0,-9999.0,0.0,1,P29_CV0,2,0,2,2,0,0,2,0,2
38,-795074.9687,-292345.2116,E38_F37_m46f46_P13_Y5_UO2320,ID46_F52_m-1f-1_P31_Y-1_U5,I46_F52_m12f12_P52_Y3_UO691,FXX,2,0.0,1,0,1.0,0,0,0,-9999.0,0.5,1,P30_CV0,2,2,0,1,1,0,2,0,2
38,-795074.9687,-292345.2116,Age0_F38_m37f37_P38_Y7_UO1795,I37_F38_m-1f-1_P37_Y-1_U130,I37_F38_m30f30_P13_Y5_UO1439,FXX,0,0.0,0,0,0.0,0,0,0,0.0,0.5,1,P33_CV0,2,1,1,0,2,0,2,0,2
38,-795074.9687,-292345.2116,E38_F7_m37f37_P74_Y6_UO1770,I37_F38_m78f78_P13_Y2_UO3539,I37_F38_m37f37_P38_Y3_UO1776,FXX,1,0.0,1,1,1.0,0,0,0,-9999.0,0.625,1,P33_CV0,2,1,1,1,1,0,2,0,2
38,-795074.9687,-292345.2116,E38_F37_m88f88_P29_Y6_UO4178,ID88_F54_m34f34_P54_Y1_UO1491,ID88_F54_m7f7_P29_Y3_UO469,FXX,1,0.0,1,1,1.0,0,0,0,-9999.0,0.375,1,P33_CV0,2,2,0,1,1,0,2,0,2
38,-795074.9687,-292345.2116,E38_F7_m37f37_P38_Y5_UO1713,I37_F38_m78f78_P13_Y2_UO3539,I37_F29_m39f39_P93_Y3_UO1855,MXY,2,0.0,1,0,0.0,0,0,0,-9999.0,0.625,1,P33_CV0,2,1,1,0,2,0,2,0,2
38,-795074.9687,-292345.2116,E38_F37_m30f30_P13_Y5_UO1439,I30_F13_m-1f-1_P30_Y-1_U133,ID30_F38_m34f34_P29_Y2_UO1620,MXY,2,0.0,1,0,0.0,0,0,0,-9999.0,0.5,1,P33_CV0,2,2,0,1,1,0,2,0,2
38,-795074.9687,-292345.2116,E38_F37_m78f78_P13_Y2_UO3539,I78_F19_m-1f-1_P34_Y-1_U168,I78_F13_m-1f-1_P78_Y-1_U113,FXX,5,0.0,1,0,1.0,0,0,0,-9999.0,0.75,1,P33_CV0,2,2,0,0,2,0,2,0,2
38,-795074.9687,-292345.2116,E38_F78_m34f34_P54_Y2_UO1581,ID34_F54_m34f34_P66_Y0_UO1679,I34_F32_m34f34_P32_Y0_UO1656,MXY,5,0.0,1,0,0.0,0,0,0,-9999.0,0.5,1,P33_CV0,2,1,1,0,2,0,2,0,2
38,-795074.9687,-292345.2116,Age0_F38_m7f7_P38_Y7_UO431,I7_F74_m37f37_P74_Y5_UO1774,I7_F38_m-1f-1_P37_Y-1_U239,MXY,0,0.0,0,0,0.0,0,0,0,0.0,0.375,1,P36_CV0,2,2,0,1,1,0,2,0,2
38,-795074.9687,-292345.2116,Age0_F38_m7f7_P38_Y7_UO433,I7_F74_m7f7_P38_Y5_UO473,I7_F74_m37f37_P74_Y5_UO1720,FXX,0,0.0,0,0,0.0,0,0,0,0.0,0.40625,1,P36_CV0,2,0,2,1,1,0,2,0,2
38,-795074.9687,-292345.2116,Age0_F38_m7f7_P38_Y7_UO440,I7_F29_m30f30_P38_Y5_UO1442,ID7_F38_m37f37_P38_Y0_UO1769,FXX,0,0.0,0,0,0.0,0,0,0,0.0,0.625,1,P36_CV0,2,1,1,0,2,0,2,0,2
38,-795074.9687,-292345.2116,Age0_F38_m7f7_P38_Y7_UO461,I7_F74_m78f78_P29_Y4_UO3453,I7_F13_m7f7_P74_Y3_UO426,MXY,0,0.0,0,0,0.0,0,0,0,0.0,0.4375,1,P36_CV0,2,1,1,0,2,0,2,0,2
38,-795074.9687,-292345.2116,Age0_F38_m7f7_P38_Y7_UO472,ID7_F38_m7f7_P38_Y3_UO480,I7_F38_m37f37_P38_Y4_UO1690,MXY,0,0.0,0,0,0.0,0,0,0,0.0,0.28125,1,P36_CV0,2,1,1,0,2,0,2,0,2
38,-795074.9687,-292345.2116,Age0_F38_m7f7_P38_Y7_UO473,I7_F38_m7f7_P74_Y3_UO411,I7_F13_m37f37_P38_Y1_UO1574,FXX,0,0.0,0,0,0.0,0,0,0,0.0,0.375,1,P36_CV0,2,1,1,1,1,0,2,0,2
38,-795074.9687,-292345.2116,Age0_F38_m7f7_P38_Y7_UO477,I7_F74_m30f30_P38_Y3_UO1389,I7_F35_m37f37_P74_Y4_UO1779,FXX,0,0.0,0,0,0.0,0,0,0,0.0,0.625,1,P36_CV0,2,1,1,1,1,0,2,0,2
38,-795074.9687,-292345.2116,Age0_F38_m7f7_P38_Y7_UO478,ID7_F38_m7f7_P38_Y3_UO454,I7_F38_m37f37_P13_Y2_UO1677,MXY,0,0.0,0,0,0.0,0,0,0,0.0,0.375,1,P36_CV0,2,1,1,1,1,0,2,0,2
38,-795074.9687,-292345.2116,Age0_F38_m7f7_P38_Y7_UO489,I7_F74_m37f37_P74_Y2_UO1727,ID7_F38_m37f37_P74_Y4_UO1771,FXX,0,0.0,0,0,0.0,0,0,0,0.0,0.5,1,P36_CV0,2,1,1,1,1,0,2,0,2
38,-795074.9687,-292345.2116,Age0_F38_m7f7_P38_Y7_UO492,I7_F38_m37f37_P38_Y1_UO1554,ID7_F38_m37f37_P38_Y5_UO1772,FXX,0,0.0,0,0,0.0,0,0,0,0.0,0.625,1,P36_CV0,2,2,0,1,1,0,2,0,2
38,-795074.9687,-292345.2116,Age0_F38_m7f7_P38_Y7_UO493,ID7_F74_m88f88_P29_Y1_UO3973,I7_F74_m37f37_P13_Y5_UO1674,FXX,0,0.0,0,0,0.0,0,0,0,0.0,0.5,1,P36_CV0,2,2,0,1,1,0,2,0,2
38,-795074.9687,-292345.2116,Age0_F38_m7f7_P38_Y7_UO500,I7_F74_m7f7_P74_Y0_UO395,I7_F38_m-1f-1_P37_Y-1_U118,MXY,0,0.0,0,0,0.0,0,0,0,0.0,0.75,1,P36_CV0,2,2,0,2,0,0,2,0,2
38,-795074.9687,-292345.2116,Age0_F38_m7f7_P38_Y7_UO503,I7_F38_m37f37_P38_Y0_UO1762,I7_F29_m37f37_P29_Y4_UO1775,FXX,0,0.0,0,0,0.0,0,0,0,0.0,0.625,1,P36_CV0,2,1,1,1,1,0,2,0,2
38,-795074.9687,-292345.2116,Age0_F38_m7f7_P38_Y7_UO505,I7_F29_m88f88_P29_Y0_UO4471,ID7_F74_m37f37_P38_Y3_UO1754,MXY,0,0.0,0,0,0.0,0,0,0,0.0,0.25,1,P36_CV0,2,0,2,2,0,0,2,0,2
38,-795074.9687,-292345.2116,Age0_F38_m7f7_P38_Y7_UO508,ID7_F38_m-1f-1_P37_Y-1_U180,I7_F74_m37f37_P74_Y5_UO1759,MXY,0,0.0,0,0,0.0,0,0,0,0.0,0.6875,1,P36_CV0,2,1,1,2,0,0,2,0,2
38,-795074.9687,-292345.2116,Age0_F38_m7f7_P38_Y7_UO518,ID7_F13_m-1f-1_P46_Y-1_U52,I7_F38_m37f37_P13_Y2_UO1677,FXX,0,0.0,0,0,0.0,0,0,0,0.0,0.25,1,P36_CV0,2,1,1,0,2,0,2,0,2
38,-795074.9687,-292345.2116,Age0_F38_m7f7_P38_Y7_UO522,I7_F35_m-1f-1_P37_Y-1_U237,ID7_F35_m7f7_P38_Y5_UO504,FXX,0,0.0,0,0,0.0,0,0,0,0.0,0.25,1,P36_CV0,2,1,1,1,1,0,2,0,2
38,-795074.9687,-292345.2116,Age0_F38_m7f7_P38_Y7_UO523,I7_F74_m-1f-1_P30_Y-1_U102,I7_F74_m78f78_P38_Y4_UO3437,FXX,0,0.0,0,0,0.0,0,0,0,0.0,0.1875,1,P36_CV0,2,1,1,2,0,0,2,0,2
38,-795074.9687,-292345.2116,Age0_F38_m30f30_P38_Y7_UO1367,I30_F13_m78f78_P93_Y5_UO3519,I30_F13_m7f7_P74_Y5_UO418,FXX,0,0.0,0,0,0.0,0,0,0,0.0,0.4375,1,P36_CV0,2,2,0,1,1,0,2,0,2
38,-795074.9687,-292345.2116,Age0_F38_m30f30_P38_Y7_UO1402,I30_F52_m7f7_P74_Y3_UO402,I30_F74_m78f78_P13_Y5_UO3531,MXY,0,0.0,0,0,0.0,0,0,0,0.0,0.5625,1,P36_CV0,2,2,0,1,1,0,2,0,2
38,-795074.9687,-292345.2116,Age0_F38_m30f30_P38_Y7_UO1418,I30_F38_m37f37_P38_Y2_UO1683,I30_F13_m-1f-1_P7_Y-1_U165,FXX,0,0.0,0,0,0.0,0,0,0,0.0,0.6875,1,P36_CV0,2,1,1,2,0,0,2,0,2
38,-795074.9687,-292345.2116,Age0_F38_m30f30_P38_Y7_UO1454,I30_F38_m-1f-1_P7_Y-1_U174,I30_F35_m30f30_P93_Y1_UO1306,FXX,0,0.0,0,0,0.0,0,0,0,0.0,0.875,1,P36_CV0,2,2,0,2,0,0,2,0,2
38,-795074.9687,-292345.2116,Age0_F38_m37f37_P38_Y7_UO1675,I37_F38_m37f37_P74_Y5_UO1797,I37_F74_m30f30_P13_Y4_UO1411,FXX,0,0.0,0,0,0.0,0,0,0,0.0,0.1875,1,P36_CV0,2,0,2,1,1,0,2,0,2
38,-795074.9687,-292345.2116,Age0_F38_m37f37_P38_Y7_UO1689,ID37_F38_m78f78_P29_Y5_UO3479,I37_F74_m88f88_P29_Y0_UO4436,MXY,0,0.0,0,0,0.0,0,0,0,0.0,0.5,1,P36_CV0,2,1,1,1,1,0,2,0,2
38,-795074.9687,-292345.2116,Age0_F38_m37f37_P38_Y7_UO1691,I37_F38_m30f30_P74_Y5_UO1396,I37_F13_m30f30_P74_Y3_UO1388,FXX,0,0.0,0,0,0.0,0,0,0,0.0,0.625,1,P36_CV0,2,1,1,0,2,0,2,0,2
38,-795074.9687,-292345.2116,Age0_F38_m37f37_P38_Y7_UO1719,I37_F74_m7f7_P38_Y4_UO478,I37_F38_m-1f-1_P37_Y-1_U96,MXY,0,0.0,0,0,0.0,0,0,0,0.0,0.375,1,P36_CV0,2,0,2,1,1,0,2,0,2
38,-795074.9687,-292345.2116,Age0_F38_m37f37_P38_Y7_UO1742,I37_F38_m37f37_P38_Y3_UO1783,I37_F38_m-1f-1_P37_Y-1_U96,MXY,0,0.0,0,0,0.0,0,0,0,0.0,0.0625,1,P36_CV0,2,1,1,1,1,0,2,0,2
38,-795074.9687,-292345.2116,Age0_F38_m37f37_P38_Y7_UO1745,I37_F29_m78f78_P13_Y3_UO3467,I37_F74_m-1f-1_P37_Y-1_U225,MXY,0,0.0,0,0,0.0,0,0,0,0.0,0.5,1,P36_CV0,2,0,2,0,2,0,2,0,2
38,-795074.9687,-292345.2116,Age0_F38_m37f37_P38_Y7_UO1753,I37_F38_m7f7_P38_Y3_UO449,I37_F74_m-1f-1_P7_Y-1_U151,MXY,0,0.0,0,0,0.0,0,0,0,0.0,0.5,1,P36_CV0,2,0,2,0,2,0,2,0,2
38,-795074.9687,-292345.2116,Age0_F38_m37f37_P38_Y7_UO1762,I37_F38_m37f37_P29_Y2_UO1748,I37_F74_m30f30_P13_Y4_UO1411,MXY,0,0.0,0,0,0.0,0,0,0,0.0,0.5625,1,P36_CV0,2,1,1,1,1,0,2,0,2
38,-795074.9687,-292345.2116,Age0_F38_m37f37_P38_Y7_UO1763,I37_F74_m78f78_P13_Y2_UO3539,I37_F38_m-1f-1_P37_Y-1_U96,MXY,0,0.0,0,0,0.0,0,0,0,0.0,0.375,1,P36_CV0,2,1,1,0,2,0,2,0,2
38,-795074.9687,-292345.2116,Age0_F38_m37f37_P38_Y7_UO1770,I37_F38_m37f37_P74_Y1_UO1536,ID37_F74_m-1f-1_P37_Y-1_U126,MXY,0,0.0,0,0,0.0,0,0,0,0.0,1.0,1,P36_CV0,2,2,0,1,1,0,2,0,2
38,-795074.9687,-292345.2116,Age0_F38_m37f37_P38_Y7_UO1779,ID37_F38_m7f7_P74_Y0_UO456,I37_F52_m37f37_P38_Y0_UO1797,FXX,0,0.0,0,0,0.0,0,0,0,0.0,0.25,1,P36_CV0,2,1,1,1,1,0,2,0,2
38,-795074.9687,-292345.2116,Age0_F38_m37f37_P38_Y7_UO1789,I37_F13_m-1f-1_P37_Y-1_U148,I37_F74_m37f37_P74_Y4_UO1747,FXX,0,0.0,0,0,0.0,0,0,0,0.0,0.4375,1,P36_CV0,2,1,1,1,1,0,2,0,2
38,-795074.9687,-292345.2116,Age0_F38_m37f37_P38_Y7_UO1794,I37_F74_m-1f-1_P7_Y-1_U50,I37_F38_m-1f-1_P37_Y-1_U162,FXX,0,0.0,0,0,0.0,0,0,0,0.0,0.25,1,P36_CV0,2,1,1,1,1,0,2,0,2
38,-795074.9687,-292345.2116,Age0_F38_m37f37_P38_Y7_UO1797,I37_F38_m-1f-1_P37_Y-1_U242,ID37_F38_m78f78_P29_Y2_UO3537,MXY,0,0.0,0,0,0.0,0,0,0,0.0,0.75,1,P36_CV0,2,2,0,1,1,0,2,0,2
38,-795074.9687,-292345.2116,E38_F7_m7f7_P38_Y6_UO509,I7_F74_m-1f-1_P37_Y-1_U180,I7_F38_m37f37_P38_Y4_UO1690,MXY,1,0.0,1,1,0.0,0,0,0,-9999.0,0.59375,1,P36_CV0,2,1,1,1,1,0,2,0,2
38,-795074.9687,-292345.2116,E38_F7_m7f7_P38_Y6_UO531,ID7_F38_m-1f-1_P37_Y-1_U109,I7_F29_m7f7_P38_Y4_UO440,MXY,1,0.0,1,1,0.0,0,0,0,-9999.0,0.5625,1,P36_CV0,2,2,0,2,0,0,2,0,2
38,-795074.9687,-292345.2116,E38_F7_m7f7_P74_Y6_UO431,I7_F35_m7f7_P74_Y4_UO416,ID7_F13_m-1f-1_P37_Y-1_U190,MXY,1,0.0,1,1,0.0,0,0,0,-9999.0,0.46875,1,P36_CV0,2,0,2,0,2,0,2,0,2
38,-795074.9687,-292345.2116,E38_F7_m7f7_P74_Y6_UO450,I7_F35_m78f78_P74_Y3_UO3447,I7_F74_m37f37_P38_Y3_UO1746,MXY,1,0.0,1,1,0.0,0,0,0,-9999.0,0.625,1,P36_CV0,2,1,1,1,1,0,2,0,2
38,-795074.9687,-292345.2116,E38_F7_m7f7_P74_Y6_UO489,ID7_F38_m46f46_P13_Y1_UO2111,I7_F38_m37f37_P38_Y1_UO1574,FXX,1,0.0,1,1,1.0,0,0,0,-9999.0,0.625,1,P36_CV0,2,1,1,0,2,0,2,0,2
38,-795074.9687,-292345.2116,E38_F7_m7f7_P74_Y6_UO493,I7_F38_m37f37_P38_Y1_UO1612,I7_F74_m88f88_P74_Y4_UO4126,FXX,1,0.0,1,1,1.0,0,0,0,-9999.0,0.625,1,P36_CV0,2,1,1,0,2,0,2,0,2
38,-795074.9687,-292345.2116,E38_F7_m7f7_P74_Y6_UO521,ID7_F74_m-1f-1_P30_Y-1_U194,I7_F74_m7f7_P74_Y4_UO455,MXY,1,0.0,1,1,0.0,0,0,0,-9999.0,0.5,1,P36_CV0,2,2,0,1,1,0,2,0,2
38,-795074.9687,-292345.2116,E38_F7_m37f37_P74_Y6_UO1791,ID37_F13_m37f37_P74_Y1_UO1610,I37_F38_m-1f-1_P37_Y-1_U225,MXY,1,0.0,1,1,0.0,0,0,0,-9999.0,0.375,1,P36_CV0,2,0,2,0,2,0,2,0,2
38,-795074.9687,-292345.2116,E38_F7_m37f37_P74_Y6_UO1805,I37_F38_m-1f-1_P7_Y-1_U200,I37_F74_m-1f-1_P37_Y-1_U76,MXY,1,0.0,1,1,0.0,0,0,0,-9999.0,1.0,1,P36_CV0,2,2,0,1,1,0,2,0,2
38,-795074.9687,-292345.2116,E38_F7_m37f37_P74_Y6_UO1822,I37_F74_m-1f-1_P37_Y-1_U2,I37_F38_m37f37_P13_Y4_UO1756,FXX,1,0.0,1,1,1.0,0,0,0,-9999.0,0.375,1,P36_CV0,2,1,1,1,1,0,2,0,2
38,-795074.9687,-292345.2116,E38_F30_m78f78_P13_Y6_UO3520,ID78_F54_m78f78_P93_Y3_UO3491,I78_F93_m37f37_P29_Y3_UO1714,MXY,1,0.0,1,1,0.0,0,0,0,-9999.0,0.5,1,P36_CV0,2,1,1,2,0,0,2,0,2
38,-795074.9687,-292345.2116,E38_F30_m78f78_P13_Y6_UO3528,I78_F29_m37f37_P38_Y2_UO1713,ID78_F13_m30f30_P13_Y3_UO1451,MXY,1,0.0,1,1,0.0,0,0,0,-9999.0,0.25,1,P36_CV0,2,1,1,0,2,0,2,0,2
38,-795074.9687,-292345.2116,E38_F30_m7f7_P38_Y6_UO429,I7_F38_m7f7_P74_Y4_UO474,I7_F38_m78f78_P29_Y4_UO3483,MXY,1,0.0,1,1,0.0,0,0,0,-9999.0,0.375,1,P36_CV0,2,1,1,1,1,0,2,0,2
38,-795074.9687,-292345.2116,E38_F30_m7f7_P38_Y6_UO478,I7_F38_m37f37_P74_Y2_UO1722,ID7_F74_m-1f-1_P37_Y-1_U239,MXY,1,0.0,1,1,0.0,0,0,0,-9999.0,0.25,1,P36_CV0,2,0,2,2,0,0,2,0,2
38,-795074.9687,-292345.2116,E38_F30_m37f37_P38_Y6_UO1743,I37_F74_m78f78_P13_Y3_UO3529,I37_F38_m37f37_P74_Y4_UO1729,FXX,1,0.0,1,1,1.0,0,0,0,-9999.0,0.4375,1,P36_CV0,2,1,1,1,1,0,2,0,2
38,-795074.9687,-292345.2116,E38_F37_m37f37_P29_Y6_UO1711,I37_F38_m37f37_P38_Y4_UO1672,I37_F38_m7f7_P74_Y0_UO394,FXX,1,0.0,1,1,1.0,0,0,0,-9999.0,0.4375,1,P36_CV0,2,1,1,0,2,0,2,0,2
38,-795074.9687,-292345.2116,E38_F37_m7f7_P38_Y6_UO417,I7_F74_m30f30_P38_Y4_UO1359,I7_F38_m37f37_P38_Y3_UO1754,FXX,1,0.0,1,1,1.0,0,0,0,-9999.0,0.25,1,P36_CV0,2,0,2,1,1,0,2,0,2
38,-795074.9687,-292345.2116,E38_F37_m7f7_P38_Y6_UO427,I7_F74_m30f30_P74_Y4_UO1417,I7_F74_m7f7_P74_Y4_UO499,FXX,1,0.0,1,1,1.0,0,0,0,-9999.0,0.5,1,P36_CV0,2,0,2,1,1,0,2,0,2
38,-795074.9687,-292345.2116,E38_F37_m37f37_P38_Y6_UO1706,I37_F74_m37f37_P13_Y4_UO1738,I37_F29_m37f37_P38_Y3_UO1760,MXY,1,0.0,1,1,0.0,0,0,0,-9999.0,0.375,1,P36_CV0,2,1,1,0,2,0,2,0,2
38,-795074.9687,-292345.2116,E38_F37_m37f37_P38_Y6_UO1780,ID37_F74_m37f37_P74_Y1_UO1536,ID37_F74_m78f78_P29_Y3_UO3459,FXX,1,0.0,1,1,1.0,0,0,0,-9999.0,0.5625,1,P36_CV0,2,1,1,2,0,0,2,0,2
38,-795074.9687,-292345.2116,E38_F37_m37f37_P38_Y6_UO1790,ID37_F29_m37f37_P13_Y1_UO1599,I37_F38_m-1f-1_P37_Y-1_U50,MXY,1,0.0,1,1,0.0,0,0,0,-9999.0,0.25,1,P36_CV0,2,1,1,2,0,0,2,0,2
38,-795074.9687,-292345.2116,E38_F37_m37f37_P74_Y6_UO1813,I37_F38_m-1f-1_P37_Y-1_U12,I37_F29_m78f78_P13_Y0_UO3758,MXY,1,0.0,1,1,0.0,0,0,0,-9999.0,0.5,1,P36_CV0,2,1,1,0,2,0,2,0,2
38,-795074.9687,-292345.2116,E38_F78_m37f37_P38_Y6_UO1760,ID37_F38_m37f37_P38_Y3_UO1730,I37_F38_m37f37_P74_Y0_UO1777,MXY,1,0.0,1,1,0.0,0,0,0,-9999.0,0.4375,1,P36_CV0,2,1,1,1,1,0,2,0,2
38,-795074.9687,-292345.2116,E38_F78_m37f37_P74_Y6_UO1715,I37_F74_m30f30_P74_Y4_UO1434,ID37_F74_m78f78_P29_Y3_UO3459,MXY,1,0.0,1,1,0.0,0,0,1,-9999.0,0.28125,1,P36_CV0,2,1,1,0,2,0,2,0,2
38,-795074.9687,-292345.2116,E38_F7_m37f37_P74_Y5_UO1787,ID37_F38_m-1f-1_P37_Y-1_U2,I37_F74_m88f88_P74_Y3_UO4124,MXY,2,0.0,1,0,0.0,0,0,0,-9999.0,0.75,1,P36_CV0,2,1,1,2,0,0,2,0,2
38,-795074.9687,-292345.2116,E38_F7_m37f37_P74_Y5_UO1774,I37_F13_m-1f-1_P37_Y-1_U186,I37_F29_m-1f-1_P37_Y-1_U162,FXX,2,0.0,1,0,1.0,0,0,0,-9999.0,0.25,1,P36_CV0,2,1,1,0,2,0,2,0,2
38,-795074.9687,-292345.2116,E38_F7_m7f7_P38_Y5_UO473,ID7_F38_m7f7_P74_Y2_UO399,ID7_F38_m-1f-1_P37_Y-1_U66,FXX,2,0.0,1,0,1.0,0,0,0,-9999.0,0.4375,1,P36_CV0,2,0,2,1,1,0,2,0,2
38,-795074.9687,-292345.2116,E38_F30_m46f46_P52_Y5_UO2257,I46_F52_m37f37_P13_Y2_UO1709,ID46_F52_m7f7_P52_Y2_UO455,MXY,2,0.0,1,0,0.0,0,0,0,-9999.0,0.5625,1,P36_CV0,2,0,2,1,1,0,2,0,2
38,-795074.9687,-292345.2116,E38_F30_m78f78_P93_Y5_UO3519,I78_F93_m-1f-1_P78_Y-1_U140,ID78_F93_m37f37_P29_Y3_UO1714,FXX,2,0.0,1,0,1.0,0,0,0,-9999.0,0.375,1,P36_CV0,2,1,1,1,1,0,2,0,2
38,-795074.9687,-292345.2116,E38_F37_m37f37_P74_Y5_UO1797,I37_F74_m-1f-1_P37_Y-1_U119,I37_F38_m30f30_P13_Y3_UO1434,FXX,2,0.0,1,0,1.0,0,0,0,-9999.0,0.25,1,P36_CV0,2,0,2,1,1,0,2,0,2
38,-795074.9687,-292345.2116,E38_F37_m78f78_P29_Y5_UO3479,ID78_F38_m37f37_P38_Y2_UO1713,I78_F19_m78f78_P29_Y1_UO3359,FXX,2,0.0,1,0,1.0,0,0,0,-9999.0,0.5,1,P36_CV0,2,0,2,1,1,0,2,0,2
38,-795074.9687,-292345.2116,E38_F37_m7f7_P74_Y5_UO426,ID7_F38_m78f78_P93_Y3_UO3458,I7_F29_m37f37_P38_Y3_UO1754,FXX,2,0.0,1,0,1.0,0,0,0,-9999.0,0.3125,1,P36_CV0,2,0,2,2,0,0,2,0,2
38,-795074.9687,-292345.2116,E38_F37_m30f30_P74_Y5_UO1396,I30_F74_m37f37_P38_Y1_UO1538,I30_F52_m-1f-1_P30_Y-1_U173,FXX,2,0.0,1,0,1.0,0,0,0,-9999.0,0.75,1,P36_CV0,2,2,0,1,1,0,2,0,2
38,-795074.9687,-292345.2116,E38_F37_m7f7_P38_Y5_UO438,I7_F74_m7f7_P74_Y3_UO445,ID7_F52_m-1f-1_P46_Y-1_U224,MXY,2,0.0,1,0,0.0,0,0,0,-9999.0,0.5,1,P36_CV0,2,1,1,1,1,0,2,0,2
38,-795074.9687,-292345.2116,E38_F37_m7f7_P38_Y5_UO460,I7_F38_m7f7_P74_Y2_UO473,I7_F38_m7f7_P74_Y1_UO427,FXX,2,0.0,1,0,1.0,0,0,0,-9999.0,0.375,1,P36_CV0,2,1,1,1,1,0,2,0,2
38,-795074.9687,-292345.2116,E38_F37_m37f37_P38_Y5_UO1758,I37_F29_m37f37_P38_Y0_UO1762,I37_F38_m78f78_P38_Y3_UO3505,MXY,2,0.0,1,0,0.0,0,0,0,-9999.0,0.625,1,P36_CV0,2,1,1,1,1,0,2,0,2
38,-795074.9687,-292345.2116,E38_F37_m30f30_P38_Y5_UO1432,I30_F52_m-1f-1_P37_Y-1_U220,I30_F93_m46f46_P93_Y1_UO2103,MXY,2,0.0,1,0,0.0,0,0,0,-9999.0,0.75,1,P36_CV0,2,1,1,2,0,0,2,0,2
38,-795074.9687,-292345.2116,E38_F37_m7f7_P29_Y5_UO523,I7_F74_m-1f-1_P7_Y-1_U63,I7_F29_m37f37_P38_Y2_UO1724,MXY,2,0.0,1,0,0.0,0,0,0,-9999.0,0.625,1,P36_CV0,2,2,0,1,1,0,2,0,2
38,-795074.9687,-292345.2116,E38_F7_m37f37_P29_Y4_UO1775,I37_F74_m-1f-1_P30_Y-1_U139,I37_F29_m-1f-1_P37_Y-1_U20,MXY,3,0.0,1,0,0.0,0,0,0,-9999.0,0.5,1,P36_CV0,2,1,1,1,1,0,2,0,2
38,-795074.9687,-292345.2116,E38_F7_m7f7_P74_Y4_UO416,I7_F35_m37f37_P74_Y2_UO1720,I7_F38_m-1f-1_P7_Y-1_U244,FXX,3,0.0,1,0,1.0,0,0,0,-9999.0,0.4375,1,P36_CV0,2,1,1,1,1,0,2,0,2
38,-795074.9687,-292345.2116,E38_F7_m37f37_P38_Y4_UO1690,I37_F38_m37f37_P74_Y2_UO1749,I37_F38_m-1f-1_P30_Y-1_U10,MXY,3,0.0,1,0,0.0,0,0,0,-9999.0,0.1875,1,P36_CV0,2,0,2,0,2,0,2,0,2
38,-795074.9687,-292345.2116,E38_F7_m78f78_P29_Y4_UO3453,I78_F74_m37f37_P29_Y1_UO1601,I78_F29_m-1f-1_P78_Y-1_U169,FXX,3,0.0,1,0,1.0,0,0,0,-9999.0,0.5,1,P36_CV0,2,1,1,1,1,0,2,0,2
38,-795074.9687,-292345.2116,E38_F30_m37f37_P38_Y4_UO1678,I37_F38_m30f30_P74_Y2_UO1399,I37_F52_m-1f-1_P37_Y-1_U230,MXY,3,0.0,1,0,0.0,0,0,0,-9999.0,0.875,1,P36_CV0,2,2,0,2,0,0,2,0,2
38,-795074.9687,-292345.2116,E38_F37_m37f37_P38_Y4_UO1744,I37_F38_m-1f-1_P37_Y-1_U209,I37_F74_m-1f-1_P37_Y-1_U126,MXY,3,0.0,1,0,0.0,0,0,0,-9999.0,1.0,1,P36_CV0,2,2,0,0,2,0,2,0,2
38,-795074.9687,-292345.2116,E38_F37_m78f78_P38_Y4_UO3463,ID78_F29_m37f37_P38_Y0_UO1759,I78_F29_m30f30_P29_Y2_UO1422,MXY,3,0.0,1,0,0.0,0,0,0,-9999.0,0.25,1,P36_CV0,2,0,2,1,1,0,2,0,2
38,-795074.9687,-292345.2116,E38_F7_m78f78_P29_Y3_UO3459,ID78_F93_m37f37_P38_Y0_UO1759,ID78_F54_m-1f-1_P78_Y-1_U137,MXY,4,0.0,1,0,0.0,0,0,0,-9999.0,0.125,1,P36_CV0,2,0,2,1,1,0,2,0,2
38,-795074.9687,-292345.2116,E38_F7_m78f78_P74_Y3_UO3447,I78_F38_m37f37_P29_Y1_UO1601,I78_F13_m-1f-1_P78_Y-1_U121,FXX,4,0.0,1,0,1.0,0,0,0,-9999.0,0.5,1,P36_CV0,2,1,1,1,1,0,2,0,2
38,-795074.9687,-292345.2116,E38_F7_m7f7_P38_Y3_UO480,I7_F38_m-1f-1_P7_Y-1_U38,I7_F74_m37f37_P74_Y0_UO1792,FXX,4,0.0,1,0,1.0,0,0,0,-9999.0,0.375,1,P36_CV0,2,1,1,1,1,0,2,0,2
38,-795074.9687,-292345.2116,E38_F7_m7f7_P74_Y3_UO411,I7_F38_m7f7_P38_Y0_UO480,I7_F74_m37f37_P74_Y0_UO1792,FXX,4,0.0,1,0,1.0,0,0,0,-9999.0,0.5,1,P36_CV0,2,2,0,1,1,0,2,0,2
38,-795074.9687,-292345.2116,E38_F7_m30f30_P38_Y3_UO1389,I30_F13_m37f37_P38_Y0_UO1743,I30_F38_m-1f-1_P30_Y-1_U118,FXX,4,0.0,1,0,1.0,0,0,0,-9999.0,0.625,1,P36_CV0,2,1,1,0,2,0,2,0,2
38,-795074.9687,-292345.2116,E38_F30_m7f7_P74_Y3_UO402,I7_F38_m37f37_P74_Y1_UO1587,ID7_F38_m88f88_P29_Y0_UO4436,FXX,4,0.0,1,0,1.0,0,0,0,-9999.0,0.375,1,P36_CV0,2,1,1,1,1,0,2,0,2
38,-795074.9687,-292345.2116,E38_F37_m37f37_P38_Y3_UO1783,I37_F74_m-1f-1_P37_Y-1_U58,I37_F38_m7f7_P38_Y0_UO489,FXX,4,0.0,1,0,1.0,0,0,0,-9999.0,0.125,1,P36_CV0,2,1,1,1,1,0,2,0,2
38,-795074.9687,-292345.2116,E38_F37_m37f37_P38_Y3_UO1782,I37_F13_m-1f-1_P37_Y-1_U49,ID37_F38_m-1f-1_P37_Y-1_U128,FXX,4,0.0,1,0,1.0,0,0,0,-9999.0,0.0,1,P36_CV0,2,0,2,2,0,0,2,0,2
38,-795074.9687,-292345.2116,E38_F37_m7f7_P38_Y3_UO444,ID7_F52_m-1f-1_P30_Y-1_U44,I7_F74_m37f37_P74_Y1_UO1549,MXY,4,0.0,1,0,0.0,0,0,0,-9999.0,0.5,1,P36_CV0,2,1,1,0,2,0,2,0,2
38,-795074.9687,-292345.2116,E38_F37_m7f7_P38_Y3_UO449,I7_F38_m-1f-1_P7_Y-1_U91,ID7_F74_m-1f-1_P37_Y-1_U208,FXX,4,0.0,1,0,1.0,0,0,0,-9999.0,0.5,1,P36_CV0,2,0,2,0,2,0,2,0,2
38,-795074.9687,-292345.2116,E38_F7_m7f7_P74_Y2_UO436,I7_F74_m-1f-1_P7_Y-1_U72,I7_F74_m-1f-1_P37_Y-1_U149,MXY,5,0.0,1,0,0.0,0,0,0,-9999.0,0.75,1,P36_CV0,2,1,1,1,1,0,2,0,2
38,-795074.9687,-292345.2116,E38_F7_m7f7_P74_Y2_UO484,I7_F93_m-1f-1_P37_Y-1_U22,ID7_F35_m-1f-1_P7_Y-1_U196,FXX,5,0.0,1,0,1.0,0,0,0,-9999.0,0.75,1,P36_CV0,2,2,0,1,1,0,2,0,2
38,-795074.9687,-292345.2116,E38_F7_m37f37_P74_Y2_UO1727,I37_F29_m-1f-1_P37_Y-1_U165,I37_F13_m-1f-1_P37_Y-1_U157,FXX,5,0.0,1,0,1.0,0,0,0,-9999.0,0.75,1,P36_CV0,2,1,1,2,0,0,2,0,2
38,-795074.9687,-292345.2116,E38_F7_m37f37_P13_Y2_UO1677,I37_F38_m-1f-1_P37_Y-1_U74,ID37_F35_m37f37_P93_Y0_UO1782,MXY,5,0.0,1,0,0.0,0,0,0,-9999.0,0.5,1,P36_CV0,2,1,1,1,1,0,2,0,2
38,-795074.9687,-292345.2116,E38_F30_m37f37_P38_Y2_UO1683,I37_F38_m-1f-1_P37_Y-1_U180,I37_F74_m37f37_P38_Y0_UO1822,FXX,5,0.0,1,0,1.0,0,0,0,-9999.0,0.875,1,P36_CV0,2,2,0,2,0,0,2,0,2
38,-795074.9687,-292345.2116,E38_F37_m37f37_P29_Y2_UO1748,ID37_F38_m-1f-1_P37_Y-1_U183,I37_F38_m-1f-1_P37_Y-1_U20,FXX,5,0.0,1,0,1.0,0,0,0,-9999.0,1.0,1,P36_CV0,2,2,0,2,0,0,2,0,2
38,-795074.9687,-292345.2116,E38_F37_m37f37_P74_Y2_UO1749,I37_F93_m-1f-1_P37_Y-1_U58,I37_F38_m37f37_P38_Y0_UO1798,FXX,5,0.0,1,0,1.0,0,0,0,-9999.0,0.375,1,P36_CV0,2,0,2,0,2,0,2,0,2
38,-795074.9687,-292345.2116,E38_F7_m37f37_P38_Y1_UO1554,ID37_F38_m-1f-1_P30_Y-1_U187,I37_F74_m-1f-1_P37_Y-1_U118,FXX,6,0.0,1,0,1.0,0,0,0,-9999.0,0.5,1,P36_CV0,2,1,1,1,1,0,2,0,2
38,-795074.9687,-292345.2116,E38_F7_m37f37_P38_Y1_UO1617,I37_F74_m-1f-1_P37_Y-1_U16,I37_F74_m-1f-1_P37_Y-1_U140,FXX,6,0.0,1,0,1.0,0,0,0,-9999.0,1.0,1,P36_CV0,2,2,0,0,2,0,2,0,2
38,-795074.9687,-292345.2116,E38_F37_m37f37_P74_Y1_UO1536,I37_F74_m-1f-1_P37_Y-1_U91,I37_F38_m-1f-1_P37_Y-1_U5,FXX,6,0.0,1,0,1.0,0,0,0,-9999.0,1.0,1,P36_CV0,2,2,0,1,1,0,2,0,2
38,-795074.9687,-292345.2116,E38_F78_m37f37_P29_Y1_UO1601,I37_F74_m-1f-1_P37_Y-1_U130,I37_F74_m-1f-1_P37_Y-1_U132,FXX,6,0.0,1,0,1.0,0,0,0,-9999.0,0.5,1,P36_CV0,2,1,1,1,1,0,2,0,2
38,-795074.9687,-292345.2116,E38_F7_m37f37_P13_Y0_UO1829,R37_F37_m-1f-1_P37_Y-1_U237,R37_F37_m-1f-1_P37_Y-1_U15,FXX,7,0.0,1,0,1.0,0,0,0,-9999.0,0.5,1,P36_CV0,2,0,2,0,2,0,2,0,2
38,-795074.9687,-292345.2116,E38_F7_m37f37_P38_Y0_UO1762,R37_F37_m-1f-1_P37_Y-1_U60,R37_F37_m-1f-1_P37_Y-1_U32,FXX,7,0.0,1,0,1.0,0,0,0,-9999.0,0.75,1,P36_CV0,2,1,1,2,0,0,2,0,2
38,-795074.9687,-292345.2116,E38_F7_m37f37_P38_Y0_UO1769,R37_F37_m-1f-1_P37_Y-1_U82,R37_F37_m-1f-1_P37_Y-1_U55,MXY,7,0.0,1,0,0.0,0,0,0,-9999.0,0.75,1,P36_CV0,2,1,1,0,2,0,2,0,2
38,-795074.9687,-292345.2116,E38_F30_m37f37_P38_Y0_UO1833,R37_F37_m-1f-1_P37_Y-1_U249,R37_F37_m-1f-1_P37_Y-1_U214,MXY,7,0.0,1,0,0.0,0,0,0,-9999.0,1.0,1,P36_CV0,2,2,0,1,1,0,2,0,2
38,-795074.9687,-292345.2116,E38_F37_m37f37_P74_Y0_UO1777,R37_F37_m-1f-1_P37_Y-1_U100,R37_F37_m-1f-1_P37_Y-1_U157,MXY,7,0.0,1,0,0.0,0,0,0,-9999.0,0.25,1,P36_CV0,2,0,2,2,0,0,2,0,2
38,-795074.9687,-292345.2116,E38_F7_m-1f-1_P37_Y-1_U180,-9999,-9999,FXX,8,0.0,1,0,1.0,0,0,0,-9999.0,1.0,1,P36_CV0,2,2,0,2,0,0,2,0,2
38,-795074.9687,-292345.2116,E38_F37_m-1f-1_P37_Y-1_U4,-9999,-9999,MXY,8,0.0,1,0,0.0,0,0,0,-9999.0,0.0,1,P36_CV0,2,0,2,0,2,0,2,0,2
38,-795074.9687,-292345.2116,E38_F7_m-1f-1_P37_Y-1_U88,-9999,-9999,FXX,9,0.0,1,0,1.0,0,0,0,-9999.0,0.5,1,P36_CV0,2,1,1,0,2,0,2,0,2
38,-795074.9687,-292345.2116,E38_F30_m-1f-1_P37_Y-1_U163,-9999,-9999,FXX,10,0.0,1,0,1.0,0,0,0,-9999.0,0.5,1,P36_CV0,2,1,1,1,1,0,2,0,2
38,-795074.9687,-292345.2116,E38_F37_m-1f-1_P37_Y-1_U225,-9999,-9999,MXY,10,0.0,1,0,0.0,0,0,0,-9999.0,0.5,1,P36_CV0,2,1,1,0,2,0,2,0,2
38,-795074.9687,-292345.2116,E38_F37_m-1f-1_P37_Y-1_U148,-9999,-9999,FXX,10,0.0,1,0,1.0,0,0,0,-9999.0,0.5,1,P36_CV0,2,1,1,1,1,0,2,0,2
38,-795074.9687,-292345.2116,E38_F37_m-1f-1_P37_Y-1_U48,-9999,-9999,FXX,11,0.0,1,0,1.0,0,0,0,-9999.0,0.5,1,P36_CV0,2,1,1,2,0,0,2,0,2
38,-795074.9687,-292345.2116,E38_F37_m-1f-1_P37_Y-1_U226,-9999,-9999,FXX,12,0.0,1,0,1.0,0,0,0,-9999.0,0.0,1,P36_CV0,2,0,2,1,1,0,2,0,2
38,-795074.9687,-292345.2116,E38_F37_m-1f-1_P37_Y-1_U126,-9999,-9999,MXY,12,0.0,1,0,0.0,0,0,0,-9999.0,1.0,1,P36_CV0,2,2,0,1,1,0,2,0,2
38,-795074.9687,-292345.2116,E38_F7_m-1f-1_P37_Y-1_U237,-9999,-9999,FXX,13,0.0,1,0,1.0,0,0,0,-9999.0,0.5,1,P36_CV0,2,1,1,0,2,0,2,0,2
38,-795074.9687,-292345.2116,E38_F37_m-1f-1_P37_Y-1_U130,-9999,-9999,FXX,13,0.0,1,0,1.0,0,0,0,-9999.0,0.5,1,P36_CV0,2,1,1,1,1,0,2,0,2
38,-795074.9687,-292345.2116,E38_F37_m-1f-1_P37_Y-1_U76,-9999,-9999,MXY,13,0.0,1,0,0.0,0,0,0,-9999.0,1.0,1,P36_CV0,2,2,0,1,1,0,2,0,2
38,-795074.9687,-292345.2116,E38_F30_m-1f-1_P37_Y-1_U36,-9999,-9999,FXX,14,0.0,1,0,1.0,0,0,0,-9999.0,0.5,1,P36_CV0,2,1,1,1,1,0,2,0,2
38,-795074.9687,-292345.2116,E38_F37_m-1f-1_P37_Y-1_U242,-9999,-9999,FXX,14,0.0,1,0,1.0,0,0,0,-9999.0,1.0,1,P36_CV0,2,2,0,2,0,0,2,0,2
38,-795074.9687,-292345.2116,Age0_F38_m37f37_P38_Y7_UO1758,I37_F74_m39f39_P93_Y2_UO1763,I37_F74_m37f37_P74_Y4_UO1747,MXY,0,0.0,0,0,0.0,0,0,0,0.0,0.4375,1,P38_CV0,2,2,0,0,2,0,2,0,2
38,-795074.9687,-292345.2116,Age0_F38_m78f78_P38_Y7_UO3478,I78_F38_m30f30_P74_Y5_UO1356,I78_F13_m39f39_P13_Y4_UO1854,FXX,0,0.0,0,0,0.0,0,0,0,0.0,0.5625,1,P38_CV0,2,0,2,1,1,0,2,0,2
38,-795074.9687,-292345.2116,Age0_F38_m78f78_P38_Y7_UO3527,I78_F38_m39f39_P93_Y0_UO1903,I78_F29_m30f30_P13_Y4_UO1362,MXY,0,0.0,0,0,0.0,0,0,0,0.0,0.375,1,P38_CV0,2,0,2,1,1,0,2,0,2
38,-795074.9687,-292345.2116,E38_F30_m46f46_P52_Y6_UO2298,I46_F52_m90f90_P52_Y3_UO4152,ID46_F52_m87f87_P93_Y4_UO4093,FXX,1,0.0,1,1,1.0,0,0,0,-9999.0,0.5625,1,P38_CV0,2,1,1,1,1,0,2,0,2
38,-795074.9687,-292345.2116,E38_F37_m78f78_P38_Y6_UO3540,I78_F38_m39f39_P93_Y0_UO1903,I78_F93_m-1f-1_P78_Y-1_U173,MXY,1,0.0,1,1,0.0,0,0,0,-9999.0,0.5,1,P38_CV0,2,1,1,1,1,0,2,0,2
38,-795074.9687,-292345.2116,E38_F37_m78f78_P38_Y6_UO3553,I78_F13_m-1f-1_P7_Y-1_U21,I78_F54_m39f39_P13_Y4_UO1854,FXX,1,0.0,1,1,1.0,0,0,0,-9999.0,0.5,1,P38_CV0,2,2,0,0,2,0,2,0,2
38,-795074.9687,-292345.2116,E38_F37_m12f12_P52_Y6_UO750,I12_F52_m39f39_P13_Y1_UO1693,ID12_F52_m12f12_P52_Y2_UO705,FXX,1,0.0,1,1,1.0,0,0,0,-9999.0,0.5,1,P38_CV0,2,1,1,0,2,0,2,0,2
38,-795074.9687,-292345.2116,E38_F7_m37f37_P74_Y5_UO1720,I37_F38_m39f39_P93_Y2_UO1763,I37_F38_m78f78_P13_Y1_UO3357,MXY,2,0.0,1,0,0.0,0,0,0,-9999.0,0.375,1,P38_CV0,2,0,2,0,2,0,2,0,2
38,-795074.9687,-292345.2116,E38_F78_m39f39_P13_Y4_UO1854,I39_F19_m-1f-1_P39_Y-1_U114,I39_F19_m-1f-1_P60_Y-1_U12,MXY,3,0.0,1,0,0.0,0,0,0,-9999.0,0.5,1,P38_CV0,2,1,1,0,2,0,2,0,2
38,-795074.9687,-292345.2116,E38_F37_m39f39_P93_Y2_UO1763,I39_F19_m60f60_P75_Y0_UO3081,I39_F75_m-1f-1_P39_Y-1_U7,FXX,5,0.0,1,0,1.0,0,0,0,-9999.0,0.5,1,P38_CV0,2,1,1,0,2,0,2,0,2
38,-795074.9687,-292345.2116,E38_F78_m39f39_P93_Y0_UO1903,R39_F39_m-1f-1_P39_Y-1_U181,R39_F39_m-1f-1_P39_Y-1_U205,FXX,7,0.0,1,0,1.0,0,0,1,-9999.0,0.5,1,P38_CV0,2,0,2,0,2,0,2,0,2
38,-795074.9687,-292345.2116,Age0_F38_m7f7_P38_Y7_UO479,I7_F29_m88f88_P29_Y2_UO4151,I7_F29_m23f23_P52_Y2_UO1180,MXY,0,0.0,0,0,0.0,0,0,0,0.0,0.625,1,P44_CV0,2,2,0,0,2,0,2,0,2
38,-795074.9687,-292345.2116,E38_F7_m78f78_P29_Y5_UO3461,I78_F13_m46f46_P93_Y3_UO2244,I78_F29_m78f78_P19_Y1_UO3299,FXX,2,0.0,1,0,1.0,0,0,0,-9999.0,0.25,1,P44_CV0,2,0,2,1,1,0,2,0,2
38,-795074.9687,-292345.2116,E38_F37_m30f30_P74_Y5_UO1373,I30_F13_m12f12_P52_Y3_UO663,ID30_F86_m46f46_P52_Y3_UO2290,MXY,2,0.0,1,0,0.0,0,0,0,-9999.0,0.4375,1,P44_CV0,2,0,2,1,1,0,2,0,2
38,-795074.9687,-292345.2116,E38_F30_m12f12_P52_Y3_UO743,ID12_F52_m-1f-1_P45_Y-1_U191,I12_F86_m-1f-1_P12_Y-1_U40,FXX,4,0.0,1,0,1.0,0,0,0,-9999.0,0.75,1,P44_CV0,2,2,0,1,1,0,2,0,2
38,-795074.9687,-292345.2116,E38_F7_m23f23_P52_Y2_UO1180,ID23_F6_m-1f-1_P45_Y-1_U22,I23_F6_m45f45_P27_Y0_UO2272,MXY,5,0.0,1,0,0.0,0,0,0,-9999.0,0.75,1,P44_CV0,2,2,0,1,1,0,2,0,2
38,-795074.9687,-292345.2116,E38_F30_m45f45_P6_Y1_UO2023,I45_F6_m-1f-1_P45_Y-1_U217,I45_F57_m-1f-1_P45_Y-1_U93,FXX,6,0.0,1,0,1.0,0,0,0,-9999.0,0.5,1,P44_CV0,2,1,1,1,1,0,2,0,2
38,-795074.9687,-292345.2116,E38_F30_m45f45_P86_Y0_UO2239,R45_F45_m-1f-1_P45_Y-1_U36,R45_F45_m-1f-1_P45_Y-1_U164,MXY,7,0.0,1,0,0.0,0,0,0,-9999.0,0.75,1,P44_CV0,2,2,0,0,2,0,2,0,2
38,-795074.9687,-292345.2116,Age0_F38_m30f30_P38_Y7_UO1384,I30_F38_m46f46_P52_Y4_UO2232,I30_F74_m46f46_P93_Y5_UO2305,MXY,0,0.0,0,0,0.0,0,0,0,0.0,0.4375,1,P45_CV0,2,2,0,0,2,0,2,0,2
38,-795074.9687,-292345.2116,Age0_F38_m30f30_P38_Y7_UO1399,I30_F13_m90f90_P52_Y3_UO4177,I30_F52_m30f30_P52_Y5_UO1384,MXY,0,0.0,0,0,0.0,0,0,0,0.0,0.84375,1,P45_CV0,2,2,0,1,1,0,2,0,2
38,-795074.9687,-292345.2116,Age0_F38_m30f30_P38_Y7_UO1401,I30_F13_m78f78_P13_Y3_UO3522,ID30_F13_m7f7_P38_Y4_UO467,FXX,0,0.0,0,0,0.0,0,0,0,0.0,0.3125,1,P45_CV0,2,0,2,1,1,0,2,0,2
38,-795074.9687,-292345.2116,Age0_F38_m30f30_P38_Y7_UO1431,ID30_F74_m46f46_P13_Y1_UO2111,ID30_F52_m30f30_P93_Y4_UO1352,MXY,0,0.0,0,0,0.0,0,0,0,0.0,0.71875,1,P45_CV0,2,2,0,1,1,0,2,0,2
38,-795074.9687,-292345.2116,Age0_F38_m30f30_P38_Y7_UO1451,ID30_F38_m-1f-1_P30_Y-1_U112,I30_F74_m46f46_P93_Y5_UO2305,MXY,0,0.0,0,0,0.0,0,0,0,0.0,0.375,1,P45_CV0,2,2,0,1,1,0,2,0,2
38,-795074.9687,-292345.2116,Age0_F38_m30f30_P38_Y7_UO1457,I30_F86_m-1f-1_P7_Y-1_U36,I30_F74_m46f46_P93_Y5_UO2305,MXY,0,0.0,0,0,0.0,0,0,0,0.0,0.125,1,P45_CV0,2,0,2,0,2,0,2,0,2
38,-795074.9687,-292345.2116,Age0_F38_m37f37_P38_Y7_UO1727,I37_F74_m30f30_P74_Y4_UO1434,I37_F29_m46f46_P93_Y3_UO2227,FXX,0,0.0,0,0,0.0,0,0,0,0.0,0.53125,1,P45_CV0,2,2,0,1,1,0,2,0,2
38,-795074.9687,-292345.2116,Age0_F38_m37f37_P38_Y7_UO1738,I37_F74_m37f37_P38_Y4_UO1763,I37_F29_m46f46_P93_Y3_UO2227,MXY,0,0.0,0,0,0.0,0,0,0,0.0,0.4375,1,P45_CV0,2,1,1,2,0,0,2,0,2
38,-795074.9687,-292345.2116,E38_F7_m30f30_P38_Y6_UO1366,I30_F13_m46f46_P52_Y4_UO2232,I30_F52_m-1f-1_P30_Y-1_U123,MXY,1,0.0,1,1,0.0,0,0,0,-9999.0,0.5625,1,P45_CV0,2,2,0,0,2,0,2,0,2
38,-795074.9687,-292345.2116,E38_F30_m37f37_P38_Y6_UO1792,ID37_F74_m46f46_P38_Y1_UO2073,ID37_F38_m78f78_P38_Y4_UO3463,MXY,1,0.0,1,1,0.0,0,0,0,-9999.0,0.375,1,P45_CV0,2,1,1,1,1,0,2,0,2
38,-795074.9687,-292345.2116,E38_F30_m12f12_P52_Y6_UO708,I12_F52_m30f30_P13_Y4_UO1428,I12_F52_m46f46_P52_Y4_UO2245,FXX,1,0.0,1,1,1.0,0,0,0,-9999.0,0.5625,1,P45_CV0,2,1,1,1,1,0,2,0,2
38,-795074.9687,-292345.2116,E38_F30_m12f12_P52_Y6_UO749,I12_F93_m46f46_P52_Y1_UO2115,ID12_F52_m12f12_P52_Y2_UO721,MXY,1,0.0,1,1,0.0,0,0,0,-9999.0,0.625,1,P45_CV0,2,2,0,2,0,0,2,0,2
38,-795074.9687,-292345.2116,E38_F30_m12f12_P52_Y6_UO758,I12_F52_m46f46_P52_Y0_UO2392,I12_F52_m-1f-1_P46_Y-1_U164,MXY,1,0.0,1,1,0.0,0,0,0,-9999.0,0.625,1,P45_CV0,2,1,1,0,2,0,2,0,2
38,-795074.9687,-292345.2116,E38_F30_m37f37_P74_Y6_UO1746,I37_F38_m30f30_P38_Y3_UO1402,I37_F74_m7f7_P38_Y3_UO459,FXX,1,0.0,1,1,1.0,0,0,0,-9999.0,0.75,1,P45_CV0,2,2,0,1,1,0,2,0,2
38,-795074.9687,-292345.2116,E38_F37_m30f30_P38_Y6_UO1425,I30_F13_m46f46_P52_Y2_UO2241,I30_F74_m78f78_P13_Y1_UO3317,FXX,1,0.0,1,1,1.0,0,0,0,-9999.0,0.375,1,P45_CV0,2,1,1,1,1,0,2,0,2
38,-795074.9687,-292345.2116,E38_F37_m30f30_P38_Y6_UO1446,ID30_F35_m-1f-1_P46_Y-1_U102,I30_F52_m30f30_P93_Y0_UO1436,MXY,1,0.0,1,1,0.0,0,0,0,-9999.0,0.125,1,P45_CV0,2,0,2,1,1,0,2,0,2
38,-795074.9687,-292345.2116,E38_F37_m37f37_P38_Y6_UO1750,ID37_F74_m30f30_P74_Y3_UO1411,I37_F29_m37f37_P38_Y3_UO1760,MXY,1,0.0,1,1,0.0,0,0,0,-9999.0,0.125,1,P45_CV0,2,0,2,1,1,0,2,0,2
38,-795074.9687,-292345.2116,E38_F46_m46f46_P52_Y6_UO2356,I46_F93_m-1f-1_P46_Y-1_U163,I46_F52_m12f12_P52_Y4_UO717,MXY,1,0.0,1,1,0.0,0,0,0,-9999.0,0.25,1,P45_CV0,2,0,2,1,1,0,2,0,2
38,-795074.9687,-292345.2116,E38_F7_m37f37_P38_Y5_UO1701,I37_F38_m30f30_P38_Y3_UO1402,I37_F38_m78f78_P13_Y0_UO3817,MXY,2,0.0,1,0,0.0,0,0,0,-9999.0,0.625,1,P45_CV0,2,2,0,1,1,0,2,0,2
38,-795074.9687,-292345.2116,E38_F30_m46f46_P93_Y5_UO2305,ID46_F93_m-1f-1_P46_Y-1_U217,I46_F52_m78f78_P93_Y0_UO3753,MXY,2,0.0,1,0,0.0,0,0,0,-9999.0,0.25,1,P45_CV0,2,1,1,1,1,0,2,0,2
38,-795074.9687,-292345.2116,E38_F78_m30f30_P74_Y5_UO1356,I30_F52_m39f39_P52_Y3_UO1826,I30_F74_m30f30_P93_Y2_UO1375,FXX,2,0.0,1,0,1.0,0,0,1,-9999.0,0.625,1,P45_CV0,2,1,1,1,1,0,2,0,2
38,-795074.9687,-292345.2116,E38_F30_m7f7_P38_Y4_UO467,I7_F38_m46f46_P38_Y0_UO2349,I7_F29_m37f37_P38_Y1_UO1574,MXY,3,0.0,1,0,0.0,0,0,0,-9999.0,0.375,1,P45_CV0,2,0,2,2,0,0,2,0,2
38,-795074.9687,-292345.2116,E38_F30_m46f46_P52_Y4_UO2232,I46_F52_m46f46_P93_Y1_UO2100,I46_F52_m-1f-1_P46_Y-1_U98,FXX,3,0.0,1,0,1.0,0,0,0,-9999.0,0.625,1,P45_CV0,2,2,0,0,2,0,2,0,2
38,-795074.9687,-292345.2116,E38_F30_m39f39_P93_Y4_UO1791,I39_F19_m60f60_P75_Y2_UO2869,I39_F19_m-1f-1_P46_Y-1_U155,FXX,3,0.0,1,0,1.0,0,0,0,-9999.0,0.875,1,P45_CV0,2,2,0,1,1,0,2,0,2
38,-795074.9687,-292345.2116,E38_F7_m37f37_P74_Y3_UO1739,ID37_F13_m-1f-1_P46_Y-1_U222,I37_F13_m-1f-1_P7_Y-1_U6,MXY,4,0.0,1,0,0.0,0,0,0,-9999.0,1.0,1,P45_CV0,2,2,0,1,1,0,2,0,2
38,-795074.9687,-292345.2116,E38_F7_m30f30_P38_Y3_UO1379,I30_F38_m78f78_P93_Y0_UO3766,I30_F13_m46f46_P13_Y0_UO2347,MXY,4,0.0,1,0,0.0,0,0,0,-9999.0,0.5,1,P45_CV0,2,1,1,1,1,0,2,0,2
38,-795074.9687,-292345.2116,E38_F30_m90f90_P52_Y3_UO4177,I90_F86_m46f46_P52_Y0_UO2370,ID90_F27_m42f42_P6_Y1_UO1856,FXX,4,0.0,1,0,1.0,0,0,0,-9999.0,0.75,1,P45_CV0,2,2,0,0,2,0,2,0,2
38,-795074.9687,-292345.2116,E38_F30_m12f12_P52_Y3_UO663,ID12_F52_m23f23_P86_Y1_UO1145,ID12_F13_m-1f-1_P46_Y-1_U114,FXX,4,0.0,1,0,1.0,0,0,0,-9999.0,0.5,1,P45_CV0,2,0,2,1,1,0,2,0,2
38,-795074.9687,-292345.2116,E38_F30_m46f46_P93_Y3_UO2278,I46_F52_m-1f-1_P46_Y-1_U32,I46_F52_m-1f-1_P46_Y-1_U67,MXY,4,0.0,1,0,0.0,0,0,0,-9999.0,0.5,1,P45_CV0,2,1,1,1,1,0,2,0,2
38,-795074.9687,-292345.2116,E38_F37_m46f46_P93_Y3_UO2227,I46_F52_m90f90_P52_Y1_UO4043,I46_F93_m-1f-1_P46_Y-1_U185,MXY,4,0.0,1,0,0.0,0,0,0,-9999.0,0.625,1,P45_CV0,2,1,1,2,0,0,2,0,2
38,-795074.9687,-292345.2116,E38_F7_m30f30_P74_Y1_UO1269,ID30_F13_m-1f-1_P46_Y-1_U69,ID30_F38_m-1f-1_P37_Y-1_U154,MXY,6,0.0,1,0,0.0,0,0,0,-9999.0,0.25,1,P45_CV0,2,1,1,1,1,0,2,0,2
38,-795074.9687,-292345.2116,E38_F30_m46f46_P13_Y1_UO2111,I46_F52_m-1f-1_P46_Y-1_U231,I46_F86_m-1f-1_P46_Y-1_U65,FXX,6,0.0,1,0,1.0,0,0,0,-9999.0,1.0,1,P45_CV0,2,2,0,1,1,0,2,0,2
38,-795074.9687,-292345.2116,E38_F7_m-1f-1_P46_Y-1_U52,-9999,-9999,FXX,11,0.0,1,0,1.0,0,0,0,-9999.0,0.0,1,P45_CV0,2,0,2,1,1,0,2,0,2
38,-795074.9687,-292345.2116,E38_F30_m-1f-1_P46_Y-1_U249,-9999,-9999,MXY,11,0.0,1,0,0.0,0,0,0,-9999.0,0.5,1,P45_CV0,2,1,1,1,1,0,2,0,2
38,-795074.9687,-292345.2116,E38_F37_m-1f-1_P46_Y-1_U224,-9999,-9999,MXY,12,0.0,1,0,0.0,0,0,0,-9999.0,0.5,1,P45_CV0,2,1,1,2,0,0,2,0,2
38,-795074.9687,-292345.2116,Age0_F38_m7f7_P38_Y7_UO421,I7_F38_m7f7_P38_Y5_UO464,I7_F38_m7f7_P13_Y4_UO437,FXX,0,0.0,0,0,0.0,0,0,0,0.0,0.375,1,P49_CV0,2,1,1,1,1,0,2,0,2
38,-795074.9687,-292345.2116,E38_F37_m90f90_P35_Y5_UO4204,I90_F27_m50f50_P6_Y3_UO2419,ID90_F6_m42f42_P57_Y3_UO2023,MXY,2,0.0,1,0,0.0,0,0,0,-9999.0,0.625,1,P49_CV0,2,0,2,1,1,0,2,0,2
38,-795074.9687,-292345.2116,E38_F78_m34f34_P54_Y6_UO1604,ID34_F54_m53f53_P26_Y4_UO2475,ID34_F54_m53f53_P26_Y3_UO2449,FXX,1,0.0,1,1,1.0,0,0,0,-9999.0,0.5625,1,P52_CV0,2,1,1,1,1,0,2,0,2
38,-795074.9687,-292345.2116,E38_F7_m88f88_P29_Y5_UO4122,I88_F29_m53f53_P26_Y3_UO2474,I88_F29_m78f78_P29_Y3_UO3512,MXY,2,0.0,1,0,0.0,0,0,0,-9999.0,0.25,1,P52_CV0,2,0,2,1,1,0,2,0,2
38,-795074.9687,-292345.2116,Age0_F38_m7f7_P38_Y7_UO441,I7_F35_m88f88_P29_Y5_UO4171,ID7_F74_m30f30_P29_Y5_UO1367,MXY,0,0.0,0,0,0.0,0,0,0,0.0,0.78125,1,P59_CV0,2,1,1,0,2,0,2,0,2
38,-795074.9687,-292345.2116,E38_F30_m39f39_P93_Y6_UO1829,I39_F51_m60f60_P75_Y4_UO2839,I39_F51_m87f87_P19_Y2_UO4051,FXX,1,0.0,1,1,1.0,0,0,0,-9999.0,0.5,1,P59_CV0,2,0,2,2,0,0,2,0,2
38,-795074.9687,-292345.2116,E38_F78_m39f39_P51_Y6_UO1885,I39_F19_m39f39_P51_Y1_UO1662,I39_F75_m39f39_P75_Y3_UO1868,FXX,1,0.0,1,1,1.0,0,0,1,-9999.0,0.6875,1,P59_CV0,2,1,1,1,1,0,2,0,2
38,-795074.9687,-292345.2116,E38_F7_m30f30_P29_Y5_UO1367,I30_F13_m39f39_P13_Y3_UO1861,I30_F74_m46f46_P93_Y2_UO2232,MXY,2,0.0,1,0,0.0,0,0,0,-9999.0,0.5625,1,P59_CV0,2,1,1,1,1,0,2,0,2
38,-795074.9687,-292345.2116,E38_F78_m39f39_P93_Y5_UO1866,ID39_F51_m-1f-1_P60_Y-1_U245,ID39_F19_m39f39_P75_Y0_UO1907,FXX,2,0.0,1,0,1.0,0,0,0,-9999.0,0.5,1,P59_CV0,2,1,1,1,1,0,2,0,2
38,-795074.9687,-292345.2116,Age0_F38_m7f7_P38_Y7_UO418,I7_F38_m78f78_P29_Y5_UO3496,I7_F74_m7f7_P38_Y0_UO431,FXX,0,0.0,0,0,0.0,0,0,0,0.0,0.40625,1,P6_CV0,2,0,2,0,2,0,2,0,2
38,-795074.9687,-292345.2116,Age0_F38_m7f7_P38_Y7_UO432,I7_F29_m78f78_P29_Y5_UO3461,I7_F74_m-1f-1_P7_Y-1_U67,FXX,0,0.0,0,0,0.0,0,0,0,0.0,0.625,1,P6_CV0,2,1,1,2,0,0,2,0,2
38,-795074.9687,-292345.2116,Age0_F38_m7f7_P38_Y7_UO436,I7_F74_m37f37_P74_Y5_UO1746,I7_F74_m7f7_P38_Y3_UO457,MXY,0,0.0,0,0,0.0,0,0,0,0.0,0.5625,1,P6_CV0,2,1,1,2,0,0,2,0,2
38,-795074.9687,-292345.2116,Age0_F38_m7f7_P38_Y7_UO439,ID7_F13_m78f78_P13_Y5_UO3532,I7_F29_m7f7_P38_Y4_UO440,MXY,0,0.0,0,0,0.0,0,0,0,0.0,0.5625,1,P6_CV0,2,0,2,0,2,0,2,0,2
38,-795074.9687,-292345.2116,Age0_F38_m7f7_P38_Y7_UO450,ID7_F13_m30f30_P38_Y4_UO1444,I7_F74_m7f7_P74_Y2_UO494,FXX,0,0.0,0,0,0.0,0,0,0,0.0,0.4375,1,P6_CV0,2,1,1,2,0,0,2,0,2
38,-795074.9687,-292345.2116,Age0_F38_m7f7_P38_Y7_UO458,I7_F74_m37f37_P38_Y4_UO1777,I7_F13_m7f7_P74_Y3_UO426,FXX,0,0.0,0,0,0.0,0,0,0,0.0,0.5,1,P6_CV0,2,1,1,1,1,0,2,0,2
38,-795074.9687,-292345.2116,Age0_F38_m7f7_P38_Y7_UO475,I7_F13_m7f7_P29_Y3_UO451,I7_F38_m37f37_P74_Y4_UO1766,MXY,0,0.0,0,0,0.0,0,0,0,0.0,0.46875,1,P6_CV0,2,1,1,1,1,0,2,0,2
38,-795074.9687,-292345.2116,Age0_F38_m7f7_P38_Y7_UO482,ID7_F38_m7f7_P74_Y2_UO419,I7_F74_m7f7_P74_Y5_UO485,MXY,0,0.0,0,0,0.0,0,0,0,0.0,0.625,1,P6_CV0,2,1,1,2,0,0,2,0,2
38,-795074.9687,-292345.2116,Age0_F38_m7f7_P38_Y7_UO484,I7_F35_m7f7_P74_Y2_UO484,I7_F74_m-1f-1_P7_Y-1_U125,FXX,0,0.0,0,0,0.0,0,0,0,0.0,0.625,1,P6_CV0,2,1,1,2,0,0,2,0,2
38,-795074.9687,-292345.2116,Age0_F38_m7f7_P38_Y7_UO501,I7_F29_m37f37_P13_Y0_UO1829,ID7_F74_m37f37_P38_Y4_UO1723,MXY,0,0.0,0,0,0.0,0,0,0,0.0,0.5,1,P6_CV0,2,1,1,0,2,0,2,0,2
38,-795074.9687,-292345.2116,Age0_F38_m7f7_P38_Y7_UO510,I7_F38_m-1f-1_P7_Y-1_U180,I7_F29_m12f12_P52_Y1_UO651,FXX,0,0.0,0,0,0.0,0,0,0,0.0,0.5,1,P6_CV0,2,0,2,2,0,0,2,0,2
38,-795074.9687,-292345.2116,Age0_F38_m7f7_P38_Y7_UO512,I7_F38_m-1f-1_P7_Y-1_U63,ID7_F74_m7f7_P74_Y4_UO391,MXY,0,0.0,0,0,0.0,0,0,0,0.0,0.40625,1,P6_CV0,2,0,2,1,1,0,2,0,2
38,-795074.9687,-292345.2116,Age0_F38_m7f7_P38_Y7_UO524,ID7_F38_m-1f-1_P7_Y-1_U80,I7_F74_m7f7_P74_Y2_UO494,MXY,0,0.0,0,0,0.0,0,0,0,0.0,0.5,1,P6_CV0,2,0,2,1,1,0,2,0,2
38,-795074.9687,-292345.2116,Age0_F38_m30f30_P38_Y7_UO1363,I30_F38_m87f87_P13_Y5_UO4049,ID30_F52_m37f37_P38_Y4_UO1787,FXX,0,0.0,0,0,0.0,0,0,0,0.0,0.21875,1,P6_CV0,2,0,2,1,1,0,2,0,2
38,-795074.9687,-292345.2116,Age0_F38_m30f30_P38_Y7_UO1373,ID30_F74_m7f7_P74_Y5_UO533,ID30_F74_m7f7_P74_Y5_UO535,FXX,0,0.0,0,0,0.0,0,0,0,0.0,0.4375,1,P6_CV0,2,1,1,1,1,0,2,0,2
38,-795074.9687,-292345.2116,Age0_F38_m30f30_P38_Y7_UO1409,ID30_F13_m7f7_P74_Y3_UO471,I30_F52_m78f78_P13_Y5_UO3537,MXY,0,0.0,0,0,0.0,0,0,0,0.0,0.625,1,P6_CV0,2,1,1,0,2,0,2,0,2
38,-795074.9687,-292345.2116,Age0_F38_m30f30_P38_Y7_UO1421,ID30_F74_m7f7_P74_Y2_UO408,I30_F52_m37f37_P74_Y5_UO1694,MXY,0,0.0,0,0,0.0,0,0,0,0.0,0.53125,1,P6_CV0,2,2,0,1,1,0,2,0,2
38,-795074.9687,-292345.2116,Age0_F38_m37f37_P38_Y7_UO1695,ID37_F74_m7f7_P29_Y5_UO522,ID37_F86_m-1f-1_P30_Y-1_U173,FXX,0,0.0,0,0,0.0,0,0,0,0.0,0.625,1,P6_CV0,2,1,1,1,1,0,2,0,2
38,-795074.9687,-292345.2116,Age0_F38_m37f37_P38_Y7_UO1709,I37_F38_m78f78_P38_Y5_UO3462,I37_F38_m78f78_P13_Y5_UO3512,MXY,0,0.0,0,0,0.0,0,0,0,0.0,0.3125,1,P6_CV0,2,0,2,0,2,0,2,0,2
38,-795074.9687,-292345.2116,Age0_F38_m37f37_P38_Y7_UO1713,I37_F38_m7f7_P74_Y4_UO456,I37_F74_m7f7_P38_Y5_UO438,MXY,0,0.0,0,0,0.0,0,0,0,0.0,0.5,1,P6_CV0,2,0,2,1,1,0,2,0,2
38,-795074.9687,-292345.2116,Age0_F38_m37f37_P38_Y7_UO1716,I37_F74_m37f37_P74_Y4_UO1760,ID37_F93_m88f88_P29_Y0_UO4422,MXY,0,0.0,0,0,0.0,0,0,0,0.0,0.625,1,P6_CV0,2,1,1,1,1,0,2,0,2
38,-795074.9687,-292345.2116,Age0_F38_m37f37_P38_Y7_UO1721,I37_F13_m78f78_P13_Y4_UO3434,I37_F38_m7f7_P74_Y4_UO496,FXX,0,0.0,0,0,0.0,0,0,0,0.0,0.28125,1,P6_CV0,2,0,2,0,2,0,2,0,2
38,-795074.9687,-292345.2116,Age0_F38_m37f37_P38_Y7_UO1729,I37_F74_m30f30_P74_Y4_UO1447,I37_F29_m7f7_P74_Y3_UO462,MXY,0,0.0,0,0,0.0,0,0,0,0.0,0.5,1,P6_CV0,2,0,2,2,0,0,2,0,2
38,-795074.9687,-292345.2116,Age0_F38_m37f37_P38_Y7_UO1751,ID37_F74_m37f37_P38_Y3_UO1721,I37_F29_m88f88_P74_Y5_UO4120,MXY,0,0.0,0,0,0.0,0,0,0,0.0,0.1875,1,P6_CV0,2,0,2,1,1,0,2,0,2
38,-795074.9687,-292345.2116,Age0_F38_m37f37_P38_Y7_UO1756,ID37_F38_m30f30_P13_Y2_UO1342,I37_F74_m7f7_P29_Y5_UO525,MXY,0,0.0,0,0,0.0,0,0,0,0.0,0.5,1,P6_CV0,2,0,2,2,0,0,2,0,2
38,-795074.9687,-292345.2116,Age0_F38_m37f37_P38_Y7_UO1757,I37_F74_m7f7_P38_Y2_UO422,I37_F74_m37f37_P74_Y4_UO1747,FXX,0,0.0,0,0,0.0,0,0,0,0.0,0.3125,1,P6_CV0,2,1,1,1,1,0,2,0,2
38,-795074.9687,-292345.2116,Age0_F38_m37f37_P38_Y7_UO1759,I37_F38_m7f7_P38_Y2_UO464,ID37_F38_m7f7_P29_Y5_UO523,MXY,0,0.0,0,0,0.0,0,0,0,0.0,0.6875,1,P6_CV0,2,2,0,1,1,0,2,0,2
38,-795074.9687,-292345.2116,Age0_F38_m37f37_P38_Y7_UO1764,ID37_F29_m37f37_P74_Y2_UO1749,I37_F29_m37f37_P38_Y2_UO1725,FXX,0,0.0,0,0,0.0,0,0,0,0.0,0.4375,1,P6_CV0,2,0,2,0,2,0,2,0,2
38,-795074.9687,-292345.2116,Age0_F38_m37f37_P38_Y7_UO1766,I37_F74_m30f30_P13_Y2_UO1372,I37_F38_m7f7_P74_Y4_UO496,FXX,0,0.0,0,0,0.0,0,0,0,0.0,0.375,1,P6_CV0,2,1,1,1,1,0,2,0,2
38,-795074.9687,-292345.2116,Age0_F38_m37f37_P38_Y7_UO1773,I37_F74_m37f37_P38_Y1_UO1551,I37_F74_m7f7_P74_Y4_UO486,FXX,0,0.0,0,0,0.0,0,0,0,0.0,0.625,1,P6_CV0,2,2,0,0,2,0,2,0,2
38,-795074.9687,-292345.2116,Age0_F38_m37f37_P38_Y7_UO1777,I37_F74_m7f7_P93_Y1_UO426,I37_F38_m78f78_P13_Y2_UO3519,FXX,0,0.0,0,0,0.0,0,0,0,0.0,0.625,1,P6_CV0,2,1,1,1,1,0,2,0,2
38,-795074.9687,-292345.2116,Age0_F38_m37f37_P38_Y7_UO1783,I37_F74_m-1f-1_P7_Y-1_U200,ID37_F38_m78f78_P13_Y2_UO3521,FXX,0,0.0,0,0,0.0,0,0,0,0.0,0.6875,1,P6_CV0,2,1,1,1,1,0,2,0,2
38,-795074.9687,-292345.2116,Age0_F38_m37f37_P38_Y7_UO1790,I37_F74_m-1f-1_P37_Y-1_U48,I37_F13_m7f7_P29_Y2_UO451,FXX,0,0.0,0,0,0.0,0,0,0,0.0,0.5,1,P6_CV0,2,1,1,2,0,0,2,0,2
38,-795074.9687,-292345.2116,Age0_F38_m37f37_P38_Y7_UO1793,I37_F74_m-1f-1_P7_Y-1_U132,I37_F38_m7f7_P74_Y4_UO503,FXX,0,0.0,0,0,0.0,0,0,0,0.0,0.5,1,P6_CV0,2,0,2,1,1,0,2,0,2
38,-795074.9687,-292345.2116,Age0_F38_m37f37_P38_Y7_UO1799,I37_F38_m-1f-1_P7_Y-1_U163,I37_F29_m46f46_P93_Y3_UO2227,MXY,0,0.0,0,0,0.0,0,0,0,0.0,0.8125,1,P6_CV0,2,2,0,2,0,0,2,0,2
38,-795074.9687,-292345.2116,Age0_F38_m78f78_P38_Y7_UO3528,ID78_F38_m78f78_P54_Y0_UO3755,I78_F13_m46f46_P93_Y5_UO2266,FXX,0,0.0,0,0,0.0,0,0,0,0.0,0.4375,1,P6_CV0,2,1,1,1,1,0,2,0,2
38,-795074.9687,-292345.2116,E38_F7_m37f37_P29_Y6_UO1729,ID37_F13_m37f37_P29_Y4_UO1734,I37_F74_m7f7_P74_Y4_UO450,MXY,1,0.0,1,1,0.0,0,0,0,-9999.0,0.4375,1,P6_CV0,2,2,0,1,1,0,2,0,2
38,-795074.9687,-292345.2116,E38_F7_m7f7_P38_Y6_UO473,ID7_F74_m37f37_P74_Y2_UO1686,I7_F29_m-1f-1_P7_Y-1_U196,FXX,1,0.0,1,1,1.0,0,0,0,-9999.0,0.4375,1,P6_CV0,2,2,0,2,0,0,2,0,2
38,-795074.9687,-292345.2116,E38_F7_m30f30_P38_Y6_UO1411,ID30_F52_m90f90_P86_Y3_UO4240,I30_F52_m7f7_P74_Y4_UO446,FXX,1,0.0,1,1,1.0,0,0,0,-9999.0,0.75,1,P6_CV0,2,2,0,0,2,0,2,0,2
38,-795074.9687,-292345.2116,E38_F7_m7f7_P74_Y6_UO419,I7_F13_m37f37_P74_Y4_UO1768,I7_F74_m-1f-1_P7_Y-1_U125,MXY,1,0.0,1,1,0.0,0,0,0,-9999.0,0.65625,1,P6_CV0,2,2,0,2,0,0,2,0,2
38,-795074.9687,-292345.2116,E38_F7_m7f7_P74_Y6_UO422,ID7_F52_m37f37_P38_Y4_UO1777,I7_F38_m7f7_P74_Y4_UO479,FXX,1,0.0,1,1,1.0,0,0,0,-9999.0,0.5,1,P6_CV0,2,0,2,1,1,0,2,0,2
38,-795074.9687,-292345.2116,E38_F7_m7f7_P74_Y6_UO504,I7_F38_m7f7_P74_Y0_UO445,I7_F74_m78f78_P38_Y4_UO3437,MXY,1,0.0,1,1,0.0,0,0,0,-9999.0,0.1875,1,P6_CV0,2,1,1,0,2,0,2,0,2
38,-795074.9687,-292345.2116,E38_F7_m37f37_P74_Y6_UO1702,ID37_F38_m37f37_P74_Y4_UO1758,I37_F74_m7f7_P38_Y2_UO474,MXY,1,0.0,1,1,0.0,0,0,0,-9999.0,0.6875,1,P6_CV0,2,2,0,1,1,0,2,0,2
38,-795074.9687,-292345.2116,E38_F7_m37f37_P74_Y6_UO1747,ID37_F93_m37f37_P38_Y3_UO1721,I37_F13_m12f12_P52_Y0_UO727,FXX,1,0.0,1,1,1.0,0,0,0,-9999.0,0.25,1,P6_CV0,2,0,2,1,1,0,2,0,2
38,-795074.9687,-292345.2116,E38_F7_m37f37_P74_Y6_UO1817,I37_F74_m-1f-1_P7_Y-1_U50,I37_F13_m-1f-1_P7_Y-1_U9,MXY,1,0.0,1,1,0.0,0,0,0,-9999.0,0.25,1,P6_CV0,2,0,2,0,2,0,2,0,2
38,-795074.9687,-292345.2116,E38_F30_m30f30_P13_Y6_UO1439,I30_F38_m88f88_P29_Y0_UO4493,I30_F52_m30f30_P52_Y4_UO1440,FXX,1,0.0,1,1,1.0,0,0,0,-9999.0,0.3125,1,P6_CV0,2,0,2,0,2,0,2,0,2
38,-795074.9687,-292345.2116,E38_F30_m7f7_P38_Y6_UO418,ID7_F74_m7f7_P38_Y4_UO492,I7_F74_m7f7_P74_Y4_UO480,MXY,1,0.0,1,1,0.0,0,0,0,-9999.0,0.25,1,P6_CV0,2,1,1,2,0,0,2,0,2
38,-795074.9687,-292345.2116,E38_F37_m7f7_P29_Y6_UO496,I7_F35_m37f37_P13_Y0_UO1829,I7_F29_m7f7_P38_Y4_UO440,MXY,1,0.0,1,1,0.0,0,0,0,-9999.0,0.5625,1,P6_CV0,2,0,2,0,2,0,2,0,2
38,-795074.9687,-292345.2116,E38_F37_m7f7_P38_Y6_UO511,I7_F38_m-1f-1_P7_Y-1_U227,I7_F38_m37f37_P13_Y2_UO1677,MXY,1,0.0,1,1,0.0,0,0,0,-9999.0,0.75,1,P6_CV0,2,1,1,1,1,0,2,0,2
38,-795074.9687,-292345.2116,E38_F37_m7f7_P38_Y6_UO512,I7_F29_m-1f-1_P7_Y-1_U63,I7_F29_m30f30_P74_Y1_UO1269,FXX,1,0.0,1,1,1.0,0,0,0,-9999.0,0.375,1,P6_CV0,2,2,0,1,1,0,2,0,2
38,-795074.9687,-292345.2116,E38_F37_m7f7_P38_Y6_UO525,ID7_F38_m-1f-1_P37_Y-1_U13,ID7_F74_m7f7_P74_Y3_UO478,FXX,1,0.0,1,1,1.0,0,0,0,-9999.0,0.125,1,P6_CV0,2,0,2,1,1,0,2,0,2
38,-795074.9687,-292345.2116,E38_F37_m30f30_P38_Y6_UO1424,I30_F93_m30f30_P38_Y2_UO1373,I30_F38_m-1f-1_P7_Y-1_U165,FXX,1,0.0,1,1,1.0,0,0,0,-9999.0,0.625,1,P6_CV0,2,1,1,1,1,0,2,0,2
38,-795074.9687,-292345.2116,E38_F37_m37f37_P38_Y6_UO1752,ID37_F52_m7f7_P38_Y3_UO404,I37_F74_m7f7_P38_Y3_UO444,MXY,1,0.0,1,1,0.0,0,0,0,-9999.0,0.5,1,P6_CV0,2,1,1,0,2,0,2,0,2
38,-795074.9687,-292345.2116,E38_F37_m78f78_P38_Y6_UO3495,ID78_F38_m78f78_P54_Y4_UO3436,ID78_F13_m88f88_P29_Y3_UO4095,MXY,1,0.0,1,1,0.0,0,0,0,-9999.0,0.75,1,P6_CV0,2,2,0,1,1,0,2,0,2
38,-795074.9687,-292345.2116,E38_F37_m30f30_P74_Y6_UO1422,ID30_F74_m45f45_P52_Y2_UO2120,I30_F38_m7f7_P38_Y1_UO382,MXY,1,0.0,1,1,0.0,0,0,0,-9999.0,0.5,1,P6_CV0,2,1,1,1,1,0,2,0,2
38,-795074.9687,-292345.2116,E38_F7_m78f78_P29_Y5_UO3496,ID78_F29_m30f30_P93_Y0_UO1460,ID78_F54_m7f7_P38_Y3_UO400,FXX,2,0.0,1,0,1.0,0,0,0,-9999.0,0.3125,1,P6_CV0,2,1,1,1,1,0,2,0,2
38,-795074.9687,-292345.2116,E38_F7_m37f37_P38_Y5_UO1723,I37_F38_m37f37_P13_Y2_UO1696,I37_F38_m37f37_P74_Y1_UO1627,FXX,2,0.0,1,0,1.0,0,0,0,-9999.0,0.5,1,P6_CV0,2,1,1,0,2,0,2,0,2
38,-795074.9687,-292345.2116,E38_F7_m37f37_P74_Y5_UO1725,I37_F38_m37f37_P74_Y2_UO1749,I37_F13_m-1f-1_P7_Y-1_U151,MXY,2,0.0,1,0,0.0,0,0,0,-9999.0,0.4375,1,P6_CV0,2,0,2,0,2,0,2,0,2
38,-795074.9687,-292345.2116,E38_F7_m37f37_P38_Y5_UO1782,I37_F74_m-1f-1_P7_Y-1_U5,I37_F13_m88f88_P29_Y0_UO4484,MXY,2,0.0,1,0,0.0,0,0,0,-9999.0,0.75,1,P6_CV0,2,1,1,1,1,0,2,0,2
38,-795074.9687,-292345.2116,E38_F7_m7f7_P38_Y5_UO499,ID7_F35_m90f90_P35_Y0_UO4585,ID7_F74_m-1f-1_P7_Y-1_U19,MXY,2,0.0,1,0,0.0,0,0,0,-9999.0,0.375,1,P6_CV0,2,1,1,2,0,0,2,0,2
38,-795074.9687,-292345.2116,E38_F7_m7f7_P29_Y5_UO524,I7_F38_m-1f-1_P7_Y-1_U74,I7_F74_m7f7_P74_Y0_UO414,MXY,2,0.0,1,0,0.0,0,0,0,-9999.0,0.625,1,P6_CV0,2,1,1,1,1,0,2,0,2
38,-795074.9687,-292345.2116,E38_F7_m37f37_P74_Y5_UO1746,I37_F29_m7f7_P38_Y1_UO381,I37_F13_m7f7_P38_Y1_UO400,FXX,2,0.0,1,0,1.0,0,0,0,-9999.0,0.875,1,P6_CV0,2,1,1,1,1,0,2,0,2
38,-795074.9687,-292345.2116,E38_F30_m7f7_P74_Y5_UO535,I7_F74_m-1f-1_P7_Y-1_U77,I7_F74_m88f88_P29_Y0_UO4462,MXY,2,0.0,1,0,0.0,0,0,0,-9999.0,0.625,1,P6_CV0,2,2,0,2,0,0,2,0,2
38,-795074.9687,-292345.2116,E38_F30_m78f78_P38_Y5_UO3484,ID78_F74_m78f78_P13_Y2_UO3504,I78_F13_m37f37_P38_Y3_UO1780,FXX,2,0.0,1,0,1.0,0,0,0,-9999.0,0.5,1,P6_CV0,2,0,2,1,1,0,2,0,2
38,-795074.9687,-292345.2116,E38_F30_m7f7_P74_Y5_UO533,I7_F74_m-1f-1_P37_Y-1_U226,I7_F74_m-1f-1_P7_Y-1_U125,FXX,2,0.0,1,0,1.0,0,0,0,-9999.0,0.25,1,P6_CV0,2,1,1,1,1,0,2,0,2
38,-795074.9687,-292345.2116,E38_F37_m37f37_P38_Y5_UO1747,I37_F13_m37f37_P74_Y1_UO1573,I37_F38_m7f7_P38_Y2_UO474,MXY,2,0.0,1,0,0.0,0,0,0,-9999.0,0.6875,1,P6_CV0,2,2,0,1,1,0,2,0,2
38,-795074.9687,-292345.2116,E38_F37_m7f7_P74_Y5_UO477,I7_F35_m30f30_P38_Y2_UO1409,I7_F74_m-1f-1_P7_Y-1_U45,FXX,2,0.0,1,0,1.0,0,0,0,-9999.0,0.625,1,P6_CV0,2,2,0,1,1,0,2,0,2
38,-795074.9687,-292345.2116,E38_F37_m7f7_P74_Y5_UO528,I7_F38_m-1f-1_P7_Y-1_U157,I7_F29_m7f7_P74_Y3_UO426,MXY,2,0.0,1,0,0.0,0,0,0,-9999.0,0.6875,1,P6_CV0,2,2,0,1,1,0,2,0,2
38,-795074.9687,-292345.2116,E38_F37_m37f37_P38_Y5_UO1691,I37_F38_m7f7_P38_Y3_UO448,ID37_F74_m-1f-1_P7_Y-1_U155,MXY,2,0.0,1,0,0.0,0,0,0,-9999.0,0.5625,1,P6_CV0,2,1,1,0,2,0,2,0,2
38,-795074.9687,-292345.2116,E38_F37_m7f7_P29_Y5_UO522,I7_F38_m-1f-1_P7_Y-1_U91,I7_F74_m-1f-1_P7_Y-1_U201,FXX,2,0.0,1,0,1.0,0,0,0,-9999.0,0.75,1,P6_CV0,2,2,0,0,2,0,2,0,2
38,-795074.9687,-292345.2116,E38_F37_m7f7_P74_Y5_UO452,I7_F38_m37f37_P38_Y3_UO1750,I7_F38_m7f7_P74_Y1_UO427,MXY,2,0.0,1,0,0.0,0,0,0,-9999.0,0.25,1,P6_CV0,2,0,2,0,2,0,2,0,2
38,-795074.9687,-292345.2116,E38_F37_m7f7_P38_Y5_UO420,I7_F74_m78f78_P38_Y3_UO3476,I7_F29_m30f30_P38_Y3_UO1360,MXY,2,0.0,1,0,0.0,0,0,0,-9999.0,0.4375,1,P6_CV0,2,2,0,0,2,0,2,0,2
38,-795074.9687,-292345.2116,E38_F37_m7f7_P74_Y5_UO530,I7_F38_m-1f-1_P7_Y-1_U27,I7_F29_m78f78_P29_Y0_UO3749,MXY,2,0.0,1,0,0.0,0,0,0,-9999.0,0.5,1,P6_CV0,2,0,2,2,0,0,2,0,2
38,-795074.9687,-292345.2116,E38_F37_m78f78_P13_Y5_UO3512,I78_F93_m-1f-1_P7_Y-1_U21,ID78_F54_m37f37_P13_Y0_UO1765,MXY,2,0.0,1,0,0.0,0,0,0,-9999.0,0.25,1,P6_CV0,2,0,2,0,2,0,2,0,2
38,-795074.9687,-292345.2116,E38_F37_m78f78_P38_Y5_UO3462,I78_F29_m78f78_P13_Y3_UO3446,ID78_F54_m30f30_P29_Y3_UO1414,FXX,2,0.0,1,0,1.0,0,0,0,-9999.0,0.375,1,P6_CV0,2,1,1,1,1,0,2,0,2
38,-795074.9687,-292345.2116,E38_F7_m7f7_P74_Y4_UO453,ID7_F38_m90f90_P35_Y0_UO4576,I7_F38_m37f37_P38_Y2_UO1646,MXY,3,0.0,1,0,0.0,0,0,0,-9999.0,0.3125,1,P6_CV0,2,0,2,1,1,0,2,0,2
38,-795074.9687,-292345.2116,E38_F7_m30f30_P38_Y4_UO1444,I30_F38_m-1f-1_P7_Y-1_U100,ID30_F93_m7f7_P38_Y0_UO489,FXX,3,0.0,1,0,1.0,0,0,0,-9999.0,0.375,1,P6_CV0,2,1,1,2,0,0,2,0,2
38,-795074.9687,-292345.2116,E38_F7_m78f78_P29_Y4_UO3472,I78_F13_m-1f-1_P78_Y-1_U220,I78_F13_m37f37_P13_Y1_UO1556,FXX,3,0.0,1,0,1.0,0,0,0,-9999.0,0.75,1,P6_CV0,2,1,1,1,1,0,2,0,2
38,-795074.9687,-292345.2116,E38_F30_m7f7_P74_Y4_UO477,I7_F74_m-1f-1_P7_Y-1_U149,I7_F74_m-1f-1_P7_Y-1_U168,FXX,3,0.0,1,0,1.0,0,0,0,-9999.0,1.0,1,P6_CV0,2,2,0,1,1,0,2,0,2
38,-795074.9687,-292345.2116,E38_F37_m7f7_P74_Y4_UO456,I7_F35_m37f37_P13_Y0_UO1829,I7_F38_m7f7_P74_Y2_UO490,FXX,3,0.0,1,0,1.0,0,0,0,-9999.0,0.5,1,P6_CV0,2,1,1,1,1,0,2,0,2
38,-795074.9687,-292345.2116,E38_F37_m37f37_P74_Y4_UO1760,ID37_F38_m-1f-1_P30_Y-1_U199,ID37_F38_m-1f-1_P7_Y-1_U114,FXX,3,0.0,1,0,1.0,0,0,0,-9999.0,0.75,1,P6_CV0,2,1,1,0,2,0,2,0,2
38,-795074.9687,-292345.2116,E38_F37_m7f7_P74_Y4_UO486,ID7_F38_m-1f-1_P37_Y-1_U8,I7_F74_m-1f-1_P7_Y-1_U168,MXY,3,0.0,1,0,0.0,0,0,0,-9999.0,0.75,1,P6_CV0,2,2,0,0,2,0,2,0,2
38,-795074.9687,-292345.2116,E38_F37_m78f78_P13_Y4_UO3434,I78_F38_m30f30_P13_Y2_UO1350,I78_F54_m-1f-1_P78_Y-1_U27,FXX,3,0.0,1,0,1.0,0,0,0,-9999.0,0.5625,1,P6_CV0,2,1,1,0,2,0,2,0,2
38,-795074.9687,-292345.2116,E38_F37_m7f7_P74_Y4_UO496,I7_F29_m-1f-1_P7_Y-1_U105,I7_F38_m7f7_P74_Y1_UO427,MXY,3,0.0,1,0,0.0,0,0,0,-9999.0,0.0,1,P6_CV0,2,0,2,1,1,0,2,0,2
38,-795074.9687,-292345.2116,E38_F37_m30f30_P74_Y4_UO1434,I30_F52_m-1f-1_P7_Y-1_U132,I30_F38_m78f78_P13_Y2_UO3521,FXX,3,0.0,1,0,1.0,0,0,0,-9999.0,0.4375,1,P6_CV0,2,1,1,0,2,0,2,0,2
38,-795074.9687,-292345.2116,E38_F37_m37f37_P13_Y4_UO1676,I37_F13_m7f7_P38_Y2_UO398,I37_F74_m7f7_P29_Y2_UO451,MXY,3,0.0,1,0,0.0,0,0,0,-9999.0,0.4375,1,P6_CV0,2,0,2,0,2,0,2,0,2
38,-795074.9687,-292345.2116,E38_F78_m78f78_P93_Y4_UO3428,I78_F13_m30f30_P13_Y2_UO1397,I78_F29_m78f78_P13_Y1_UO3314,FXX,3,0.0,1,0,1.0,0,0,0,-9999.0,0.25,1,P6_CV0,2,2,0,0,2,0,2,0,2
38,-795074.9687,-292345.2116,E38_F7_m7f7_P74_Y3_UO478,I7_F38_m-1f-1_P7_Y-1_U107,ID7_F74_m-1f-1_P37_Y-1_U208,MXY,4,0.0,1,0,0.0,0,0,0,-9999.0,0.25,1,P6_CV0,2,0,2,0,2,0,2,0,2
38,-795074.9687,-292345.2116,E38_F7_m7f7_P38_Y3_UO393,I7_F29_m30f30_P74_Y1_UO1362,I7_F74_m-1f-1_P7_Y-1_U10,MXY,4,0.0,1,0,0.0,0,0,0,-9999.0,0.375,1,P6_CV0,2,1,1,1,1,0,2,0,2
38,-795074.9687,-292345.2116,E38_F7_m7f7_P38_Y3_UO485,I7_F74_m-1f-1_P7_Y-1_U40,I7_F35_m-1f-1_P7_Y-1_U201,MXY,4,0.0,1,0,0.0,0,0,0,-9999.0,1.0,1,P6_CV0,2,2,0,0,2,0,2,0,2
38,-795074.9687,-292345.2116,E38_F30_m37f37_P29_Y3_UO1690,I37_F38_m88f88_P29_Y1_UO3977,ID37_F13_m7f7_P74_Y0_UO477,MXY,4,0.0,1,0,0.0,0,0,0,-9999.0,0.625,1,P6_CV0,2,0,2,0,2,0,2,0,2
38,-795074.9687,-292345.2116,E38_F30_m7f7_P74_Y3_UO471,I7_F74_m-1f-1_P7_Y-1_U139,I7_F74_m7f7_P38_Y1_UO394,FXX,4,0.0,1,0,1.0,0,0,0,-9999.0,0.625,1,P6_CV0,2,2,0,0,2,0,2,0,2
38,-795074.9687,-292345.2116,E38_F37_m7f7_P74_Y3_UO462,I7_F38_m-1f-1_P30_Y-1_U160,I7_F74_m37f37_P38_Y1_UO1570,MXY,4,0.0,1,0,0.0,0,0,0,-9999.0,0.5,1,P6_CV0,2,1,1,2,0,0,2,0,2
38,-795074.9687,-292345.2116,E38_F37_m37f37_P38_Y3_UO1721,I37_F38_m37f37_P13_Y0_UO1770,I37_F38_m7f7_P74_Y1_UO421,FXX,4,0.0,1,0,1.0,0,0,0,-9999.0,0.25,1,P6_CV0,2,0,2,1,1,0,2,0,2
38,-795074.9687,-292345.2116,E38_F37_m37f37_P38_Y3_UO1670,I37_F74_m46f46_P38_Y1_UO2073,ID37_F38_m-1f-1_P7_Y-1_U18,MXY,4,0.0,1,0,0.0,0,0,0,-9999.0,0.75,1,P6_CV0,2,2,0,1,1,0,2,0,2
38,-795074.9687,-292345.2116,E38_F7_m7f7_P74_Y2_UO419,I7_F74_m7f7_P38_Y0_UO399,I7_F38_m-1f-1_P7_Y-1_U47,FXX,5,0.0,1,0,1.0,0,0,0,-9999.0,0.5,1,P6_CV0,2,2,0,2,0,0,2,0,2
38,-795074.9687,-292345.2116,E38_F7_m37f37_P38_Y2_UO1646,I37_F38_m37f37_P74_Y0_UO1785,I37_F38_m-1f-1_P7_Y-1_U65,MXY,5,0.0,1,0,0.0,0,0,0,-9999.0,0.125,1,P6_CV0,2,1,1,2,0,0,2,0,2
38,-795074.9687,-292345.2116,E38_F7_m7f7_P74_Y2_UO490,ID7_F38_m-1f-1_P7_Y-1_U188,I7_F74_m7f7_P74_Y0_UO477,MXY,5,0.0,1,0,0.0,0,0,0,-9999.0,0.5,1,P6_CV0,2,2,0,2,0,0,2,0,2
38,-795074.9687,-292345.2116,E38_F30_m7f7_P74_Y2_UO408,I7_F38_m37f37_P74_Y0_UO1772,I7_F38_m-1f-1_P7_Y-1_U152,FXX,5,0.0,1,0,1.0,0,0,0,-9999.0,0.375,1,P6_CV0,2,2,0,1,1,0,2,0,2
38,-795074.9687,-292345.2116,E38_F37_m7f7_P38_Y2_UO422,ID7_F38_m37f37_P74_Y0_UO1819,I7_F38_m-1f-1_P7_Y-1_U183,FXX,5,0.0,1,0,1.0,0,0,0,-9999.0,0.25,1,P6_CV0,2,1,1,1,1,0,2,0,2
38,-795074.9687,-292345.2116,E38_F37_m7f7_P38_Y2_UO464,ID7_F38_m-1f-1_P30_Y-1_U105,I7_F52_m-1f-1_P7_Y-1_U143,FXX,5,0.0,1,0,1.0,0,0,0,-9999.0,0.75,1,P6_CV0,2,2,0,1,1,0,2,0,2
38,-795074.9687,-292345.2116,E38_F37_m30f30_P13_Y2_UO1372,I30_F13_m30f30_P74_Y0_UO1506,I30_F13_m7f7_P38_Y0_UO499,FXX,5,0.0,1,0,1.0,0,0,0,-9999.0,0.75,1,P6_CV0,2,2,0,2,0,0,2,0,2
38,-795074.9687,-292345.2116,E38_F37_m37f37_P38_Y2_UO1725,ID37_F38_m-1f-1_P30_Y-1_U86,I37_F74_m-1f-1_P7_Y-1_U185,MXY,5,0.0,1,0,0.0,0,0,0,-9999.0,0.5,1,P6_CV0,2,1,1,1,1,0,2,0,2
38,-795074.9687,-292345.2116,E38_F7_m7f7_P74_Y1_UO402,I7_F74_m-1f-1_P7_Y-1_U28,ID7_F93_m-1f-1_P78_Y-1_U116,MXY,6,0.0,1,0,0.0,0,0,0,-9999.0,0.5,1,P6_CV0,2,2,0,1,1,0,2,0,2
38,-795074.9687,-292345.2116,E38_F7_m7f7_P38_Y1_UO418,ID7_F74_m-1f-1_P7_Y-1_U174,ID7_F74_m-1f-1_P7_Y-1_U85,MXY,6,0.0,1,0,0.0,0,0,0,-9999.0,0.75,1,P6_CV0,2,2,0,1,1,0,2,0,2
38,-795074.9687,-292345.2116,E38_F37_m7f7_P74_Y1_UO386,I7_F38_m-1f-1_P7_Y-1_U235,I7_F74_m-1f-1_P7_Y-1_U183,MXY,6,0.0,1,0,0.0,0,0,0,-9999.0,0.5,1,P6_CV0,2,1,1,1,1,0,2,0,2
38,-795074.9687,-292345.2116,E38_F37_m7f7_P93_Y1_UO426,ID7_F38_m-1f-1_P37_Y-1_U22,I7_F38_m-1f-1_P7_Y-1_U71,FXX,6,0.0,1,0,1.0,0,0,0,-9999.0,0.75,1,P6_CV0,2,2,0,2,0,0,2,0,2
38,-795074.9687,-292345.2116,E38_F78_m37f37_P13_Y1_UO1556,ID37_F74_m-1f-1_P7_Y-1_U167,ID37_F74_m-1f-1_P7_Y-1_U6,MXY,6,0.0,1,0,0.0,0,0,1,-9999.0,0.5,1,P6_CV0,2,1,1,1,1,0,2,0,2
38,-795074.9687,-292345.2116,E38_F7_m7f7_P74_Y0_UO395,R7_F7_m-1f-1_P7_Y-1_U5,R7_F7_m-1f-1_P7_Y-1_U64,FXX,7,0.0,1,0,1.0,0,0,0,-9999.0,1.0,1,P6_CV0,2,2,0,1,1,0,2,0,2
38,-795074.9687,-292345.2116,E38_F7_m7f7_P74_Y0_UO414,R7_F7_m-1f-1_P7_Y-1_U54,R7_F7_m-1f-1_P7_Y-1_U125,MXY,7,0.0,1,0,0.0,0,0,0,-9999.0,0.25,1,P6_CV0,2,1,1,2,0,0,2,0,2
38,-795074.9687,-292345.2116,E38_F37_m7f7_P74_Y0_UO456,R7_F7_m-1f-1_P7_Y-1_U148,R7_F7_m-1f-1_P7_Y-1_U171,FXX,7,0.0,1,0,1.0,0,0,0,-9999.0,0.25,1,P6_CV0,2,0,2,2,0,0,2,0,2
38,-795074.9687,-292345.2116,E38_F37_m7f7_P74_Y0_UO394,R7_F7_m-1f-1_P7_Y-1_U4,R7_F7_m-1f-1_P7_Y-1_U147,MXY,7,0.0,1,0,0.0,0,0,0,-9999.0,0.25,1,P6_CV0,2,0,2,1,1,0,2,0,2
38,-795074.9687,-292345.2116,E38_F7_m-1f-1_P7_Y-1_U152,-9999,-9999,MXY,8,0.0,1,0,0.0,0,0,0,-9999.0,0.5,1,P6_CV0,2,1,1,0,2,0,2,0,2
38,-795074.9687,-292345.2116,E38_F7_m-1f-1_P7_Y-1_U180,-9999,-9999,FXX,8,0.0,1,0,1.0,0,0,0,-9999.0,0.5,1,P6_CV0,2,1,1,2,0,0,2,0,2
38,-795074.9687,-292345.2116,E38_F30_m-1f-1_P7_Y-1_U37,-9999,-9999,MXY,8,0.0,1,0,0.0,0,0,0,-9999.0,0.5,1,P6_CV0,2,1,1,0,2,0,2,0,2
38,-795074.9687,-292345.2116,E38_F7_m-1f-1_P7_Y-1_U63,-9999,-9999,FXX,9,0.0,1,0,1.0,0,0,0,-9999.0,0.5,1,P6_CV0,2,1,1,1,1,0,2,0,2
38,-795074.9687,-292345.2116,E38_F30_m-1f-1_P7_Y-1_U165,-9999,-9999,MXY,9,0.0,1,0,0.0,0,0,0,-9999.0,0.5,1,P6_CV0,2,1,1,2,0,0,2,0,2
38,-795074.9687,-292345.2116,E38_F37_m-1f-1_P7_Y-1_U200,-9999,-9999,FXX,9,0.0,1,0,1.0,0,0,0,-9999.0,1.0,1,P6_CV0,2,2,0,1,1,0,2,0,2
38,-795074.9687,-292345.2116,E38_F37_m-1f-1_P7_Y-1_U151,-9999,-9999,MXY,10,0.0,1,0,0.0,0,0,0,-9999.0,0.5,1,P6_CV0,2,1,1,1,1,0,2,0,2
38,-795074.9687,-292345.2116,E38_F7_m-1f-1_P7_Y-1_U17,-9999,-9999,MXY,11,0.0,1,0,0.0,0,0,0,-9999.0,0.5,1,P6_CV0,2,1,1,1,1,0,2,0,2
38,-795074.9687,-292345.2116,E38_F30_m-1f-1_P7_Y-1_U33,-9999,-9999,MXY,11,0.0,1,0,0.0,0,0,0,-9999.0,0.5,1,P6_CV0,2,1,1,0,2,0,2,0,2
38,-795074.9687,-292345.2116,E38_F37_m-1f-1_P7_Y-1_U9,-9999,-9999,MXY,13,0.0,1,0,0.0,0,0,0,-9999.0,0.5,1,P6_CV0,2,1,1,0,2,0,2,0,2
38,-795074.9687,-292345.2116,E38_F37_m-1f-1_P7_Y-1_U132,-9999,-9999,FXX,13,0.0,1,0,1.0,0,0,0,-9999.0,0.5,1,P6_CV0,2,1,1,1,1,0,2,0,2
38,-795074.9687,-292345.2116,E38_F37_m-1f-1_P7_Y-1_U50,-9999,-9999,FXX,13,0.0,1,0,1.0,0,0,0,-9999.0,0.0,1,P6_CV0,2,0,2,0,2,0,2,0,2
38,-795074.9687,-292345.2116,E38_F37_m-1f-1_P7_Y-1_U39,-9999,-9999,MXY,13,0.0,1,0,0.0,0,0,0,-9999.0,0.5,1,P6_CV0,2,1,1,2,0,0,2,0,2
38,-795074.9687,-292345.2116,E38_F7_m-1f-1_P7_Y-1_U80,-9999,-9999,FXX,14,0.0,1,0,1.0,0,0,0,-9999.0,0.5,1,P6_CV0,2,1,1,0,2,0,2,0,2
38,-795074.9687,-292345.2116,E38_F7_m-1f-1_P7_Y-1_U125,-9999,-9999,MXY,14,0.0,1,0,0.0,0,0,0,-9999.0,0.5,1,P6_CV0,2,1,1,2,0,0,2,0,2
38,-795074.9687,-292345.2116,E38_F30_m-1f-1_P7_Y-1_U174,-9999,-9999,FXX,14,0.0,1,0,1.0,0,0,0,-9999.0,1.0,1,P6_CV0,2,2,0,1,1,0,2,0,2
38,-795074.9687,-292345.2116,E38_F30_m-1f-1_P7_Y-1_U36,-9999,-9999,FXX,14,0.0,1,0,1.0,0,0,0,-9999.0,0.0,1,P6_CV0,2,0,2,1,1,0,2,0,2
38,-795074.9687,-292345.2116,E38_F37_m-1f-1_P7_Y-1_U163,-9999,-9999,FXX,15,0.0,1,0,1.0,0,0,0,-9999.0,1.0,1,P6_CV0,2,2,0,2,0,0,2,0,2
38,-795074.9687,-292345.2116,Age0_F38_m30f30_P38_Y7_UO1369,ID30_F74_m78f78_P38_Y5_UO3484,ID30_F74_m37f37_P74_Y5_UO1737,MXY,0,0.0,0,0,0.0,0,0,0,0.0,0.5,1,P77_CV0,2,0,2,1,1,0,2,0,2
38,-795074.9687,-292345.2116,Age0_F38_m30f30_P38_Y7_UO1383,I30_F74_m78f78_P13_Y4_UO3486,I30_F52_m7f7_P38_Y0_UO489,FXX,0,0.0,0,0,0.0,0,0,0,0.0,0.375,1,P77_CV0,2,2,0,1,1,0,2,0,2
38,-795074.9687,-292345.2116,Age0_F38_m30f30_P38_Y7_UO1386,I30_F13_m39f39_P93_Y4_UO1791,I30_F35_m78f78_P13_Y3_UO3519,MXY,0,0.0,0,0,0.0,0,0,0,0.0,0.5625,1,P77_CV0,2,2,0,2,0,0,2,0,2
38,-795074.9687,-292345.2116,Age0_F38_m30f30_P38_Y7_UO1407,I30_F52_m12f12_P52_Y3_UO663,ID30_F74_m37f37_P74_Y5_UO1737,FXX,0,0.0,0,0,0.0,0,0,0,0.0,0.5,1,P77_CV0,2,0,2,1,1,0,2,0,2
38,-795074.9687,-292345.2116,Age0_F38_m30f30_P38_Y7_UO1408,ID30_F74_m12f12_P52_Y3_UO743,I30_F52_m7f7_P74_Y5_UO531,FXX,0,0.0,0,0,0.0,0,0,0,0.0,0.625,1,P77_CV0,2,2,0,0,2,0,2,0,2
38,-795074.9687,-292345.2116,Age0_F38_m30f30_P38_Y7_UO1433,I30_F74_m78f78_P93_Y1_UO3350,ID30_F38_m-1f-1_P30_Y-1_U45,FXX,0,0.0,0,0,0.0,0,0,0,0.0,0.375,1,P77_CV0,2,2,0,0,2,0,2,0,2
38,-795074.9687,-292345.2116,Age0_F38_m30f30_P38_Y7_UO1455,ID30_F74_m-1f-1_P37_Y-1_U36,I30_F35_m30f30_P74_Y4_UO1349,FXX,0,0.0,0,0,0.0,0,0,0,0.0,0.375,1,P77_CV0,2,2,0,0,2,0,2,0,2
38,-795074.9687,-292345.2116,Age0_F38_m37f37_P38_Y7_UO1690,I37_F38_m7f7_P74_Y5_UO426,I37_F74_m78f78_P38_Y5_UO3539,FXX,0,0.0,0,0,0.0,0,0,0,0.0,0.34375,1,P77_CV0,2,0,2,2,0,0,2,0,2
38,-795074.9687,-292345.2116,Age0_F38_m37f37_P38_Y7_UO1703,I37_F38_m7f7_P38_Y5_UO460,I37_F38_m37f37_P38_Y5_UO1705,MXY,0,0.0,0,0,0.0,0,0,0,0.0,0.5,1,P77_CV0,2,1,1,2,0,0,2,0,2
38,-795074.9687,-292345.2116,Age0_F38_m37f37_P38_Y7_UO1704,I37_F13_m7f7_P74_Y5_UO518,I37_F74_m78f78_P13_Y0_UO3758,MXY,0,0.0,0,0,0.0,0,0,0,0.0,0.4375,1,P77_CV0,2,1,1,0,2,0,2,0,2
38,-795074.9687,-292345.2116,Age0_F38_m37f37_P38_Y7_UO1722,I37_F74_m78f78_P38_Y4_UO3460,ID37_F38_m7f7_P74_Y1_UO386,MXY,0,0.0,0,0,0.0,0,0,0,0.0,0.5,1,P77_CV0,2,1,1,1,1,0,2,0,2
38,-795074.9687,-292345.2116,Age0_F38_m37f37_P38_Y7_UO1744,I37_F74_m37f37_P38_Y3_UO1782,I37_F13_m78f78_P13_Y5_UO3470,FXX,0,0.0,0,0,0.0,0,0,0,0.0,0.1875,1,P77_CV0,2,1,1,1,1,0,2,0,2
38,-795074.9687,-292345.2116,Age0_F38_m37f37_P38_Y7_UO1782,I37_F74_m78f78_P93_Y0_UO3766,ID37_F38_m30f30_P38_Y4_UO1436,FXX,0,0.0,0,0,0.0,0,0,0,0.0,0.5,1,P77_CV0,2,0,2,0,2,0,2,0,2
38,-795074.9687,-292345.2116,Age0_F38_m78f78_P38_Y7_UO3487,I78_F13_m78f78_P93_Y5_UO3510,I78_F13_m78f78_P38_Y5_UO3522,MXY,0,0.0,0,0,0.0,0,0,0,0.0,0.6875,1,P77_CV0,2,0,2,0,2,0,2,0,2
38,-795074.9687,-292345.2116,Age0_F38_m78f78_P38_Y7_UO3521,ID78_F13_m37f37_P29_Y1_UO1601,I78_F38_m-1f-1_P78_Y-1_U40,MXY,0,0.0,0,0,0.0,0,0,0,0.0,0.25,1,P77_CV0,2,0,2,1,1,0,2,0,2
38,-795074.9687,-292345.2116,Age0_F38_m78f78_P38_Y7_UO3546,I78_F54_m-1f-1_P78_Y-1_U78,I78_F32_m-1f-1_P78_Y-1_U21,MXY,0,0.0,0,0,0.0,0,0,0,0.0,0.75,1,P77_CV0,2,1,1,0,2,0,2,0,2
38,-795074.9687,-292345.2116,E38_F7_m46f46_P13_Y6_UO2295,I46_F52_m78f78_P93_Y4_UO3441,I46_F52_m30f30_P52_Y1_UO1310,MXY,1,0.0,1,1,0.0,0,0,0,-9999.0,0.4375,1,P77_CV0,2,1,1,1,1,0,2,0,2
38,-795074.9687,-292345.2116,E38_F7_m37f37_P74_Y6_UO1741,I37_F29_m7f7_P74_Y3_UO439,I37_F74_m7f7_P74_Y4_UO450,MXY,1,0.0,1,1,0.0,0,0,0,-9999.0,0.625,1,P77_CV0,2,2,0,0,2,0,2,0,2
38,-795074.9687,-292345.2116,E38_F7_m37f37_P74_Y6_UO1784,ID37_F52_m7f7_P38_Y1_UO443,I37_F74_m78f78_P29_Y4_UO3433,FXX,1,0.0,1,1,1.0,0,0,0,-9999.0,0.875,1,P77_CV0,2,2,0,1,1,0,2,0,2
38,-795074.9687,-292345.2116,E38_F30_m30f30_P13_Y6_UO1447,I30_F35_m-1f-1_P78_Y-1_U235,I30_F38_m90f90_P52_Y3_UO4193,FXX,1,0.0,1,1,1.0,0,0,0,-9999.0,0.375,1,P77_CV0,2,1,1,1,1,0,2,0,2
38,-795074.9687,-292345.2116,E38_F30_m78f78_P13_Y6_UO3549,I78_F93_m-1f-1_P78_Y-1_U141,ID78_F38_m-1f-1_P87_Y-1_U243,MXY,1,0.0,1,1,0.0,0,0,0,-9999.0,1.0,1,P77_CV0,2,2,0,0,2,0,2,0,2
38,-795074.9687,-292345.2116,E38_F30_m78f78_P13_Y6_UO3562,I78_F13_m-1f-1_P78_Y-1_U59,I78_F93_m88f88_P29_Y4_UO4149,MXY,1,0.0,1,1,0.0,0,0,0,-9999.0,0.75,1,P77_CV0,2,1,1,1,1,0,2,0,2
38,-795074.9687,-292345.2116,E38_F30_m78f78_P38_Y6_UO3555,I78_F13_m-1f-1_P34_Y-1_U128,I78_F13_m-1f-1_P78_Y-1_U40,FXX,1,0.0,1,1,1.0,0,0,0,-9999.0,0.25,1,P77_CV0,2,0,2,2,0,0,2,0,2
38,-795074.9687,-292345.2116,E38_F30_m12f12_P52_Y6_UO766,I12_F86_m-1f-1_P31_Y-1_U139,ID12_F52_m78f78_P13_Y2_UO3485,FXX,1,0.0,1,1,1.0,0,0,0,-9999.0,0.5,1,P77_CV0,2,1,1,2,0,0,2,0,2
38,-795074.9687,-292345.2116,E38_F30_m46f46_P52_Y6_UO2336,I46_F52_m78f78_P93_Y0_UO3771,ID46_F52_m-1f-1_P90_Y-1_U98,MXY,1,0.0,1,1,0.0,0,0,0,-9999.0,1.0,1,P77_CV0,2,2,0,2,0,0,2,0,2
38,-795074.9687,-292345.2116,E38_F30_m37f37_P74_Y6_UO1809,I37_F38_m-1f-1_P46_Y-1_U105,I37_F13_m88f88_P29_Y4_UO4139,FXX,1,0.0,1,1,1.0,0,0,0,-9999.0,0.75,1,P77_CV0,2,1,1,0,2,0,2,0,2
38,-795074.9687,-292345.2116,E38_F30_m78f78_P74_Y6_UO3556,I78_F93_m-1f-1_P78_Y-1_U140,I78_F93_m88f88_P29_Y4_UO4149,FXX,1,0.0,1,1,1.0,0,0,0,-9999.0,0.5,1,P77_CV0,2,1,1,1,1,0,2,0,2
38,-795074.9687,-292345.2116,E38_F30_m78f78_P93_Y6_UO3548,I78_F93_m-1f-1_P78_Y-1_U188,I78_F13_m78f78_P13_Y3_UO3464,FXX,1,0.0,1,1,1.0,0,0,0,-9999.0,0.375,1,P77_CV0,2,1,1,0,2,0,2,0,2
38,-795074.9687,-292345.2116,E38_F37_m78f78_P13_Y6_UO3511,ID78_F13_m46f46_P13_Y3_UO2237,I78_F29_m37f37_P38_Y2_UO1726,FXX,1,0.0,1,1,1.0,0,0,0,-9999.0,0.6875,1,P77_CV0,2,2,0,1,1,0,2,0,2
38,-795074.9687,-292345.2116,E38_F37_m37f37_P29_Y6_UO1736,I37_F74_m78f78_P13_Y3_UO3467,I37_F74_m78f78_P13_Y1_UO3357,MXY,1,0.0,1,1,0.0,0,0,0,-9999.0,0.375,1,P77_CV0,2,0,2,2,0,0,2,0,2
38,-795074.9687,-292345.2116,E38_F37_m78f78_P29_Y6_UO3546,ID78_F29_m-1f-1_P78_Y-1_U180,I78_F54_m78f78_P13_Y4_UO3498,FXX,1,0.0,1,1,1.0,0,0,0,-9999.0,0.375,1,P77_CV0,2,0,2,1,1,0,2,0,2
38,-795074.9687,-292345.2116,E38_F37_m78f78_P29_Y6_UO3550,I78_F13_m-1f-1_P78_Y-1_U229,I78_F13_m88f88_P29_Y4_UO4142,FXX,1,0.0,1,1,1.0,0,0,0,-9999.0,0.0,1,P77_CV0,2,0,2,1,1,0,2,0,2
38,-795074.9687,-292345.2116,E38_F37_m7f7_P38_Y6_UO426,ID7_F52_m78f78_P93_Y4_UO3494,I7_F38_m78f78_P13_Y3_UO3497,FXX,1,0.0,1,1,1.0,0,0,0,-9999.0,0.25,1,P77_CV0,2,0,2,2,0,0,2,0,2
38,-795074.9687,-292345.2116,E38_F37_m7f7_P38_Y6_UO469,I7_F38_m78f78_P38_Y3_UO3514,ID7_F38_m37f37_P74_Y4_UO1786,MXY,1,0.0,1,1,0.0,0,0,0,-9999.0,0.6875,1,P77_CV0,2,2,0,0,2,0,2,0,2
38,-795074.9687,-292345.2116,E38_F37_m7f7_P38_Y6_UO502,I7_F38_m7f7_P38_Y0_UO480,I7_F38_m78f78_P93_Y1_UO3375,FXX,1,0.0,1,1,1.0,0,0,0,-9999.0,0.625,1,P77_CV0,2,1,1,0,2,0,2,0,2
38,-795074.9687,-292345.2116,E38_F37_m37f37_P38_Y6_UO1693,I37_F38_m78f78_P13_Y4_UO3476,I37_F38_m7f7_P74_Y4_UO503,FXX,1,0.0,1,1,1.0,0,0,0,-9999.0,0.5,1,P77_CV0,2,1,1,1,1,0,2,0,2
38,-795074.9687,-292345.2116,E38_F37_m30f30_P93_Y6_UO1418,I30_F52_m30f30_P38_Y2_UO1377,I30_F52_m30f30_P38_Y3_UO1371,FXX,1,0.0,1,1,1.0,0,0,0,-9999.0,0.5,1,P77_CV0,2,1,1,1,1,0,2,0,2
38,-795074.9687,-292345.2116,E38_F78_m34f34_P54_Y6_UO1613,ID34_F32_m78f78_P54_Y3_UO3470,I34_F32_m34f34_P32_Y0_UO1656,FXX,1,0.0,1,1,1.0,0,0,0,-9999.0,0.625,1,P77_CV0,2,1,1,0,2,0,2,0,2
38,-795074.9687,-292345.2116,E38_F30_m78f78_P38_Y5_UO3454,I78_F74_m37f37_P13_Y3_UO1737,ID78_F13_m78f78_P29_Y1_UO3320,MXY,2,0.0,1,0,0.0,0,0,0,-9999.0,0.625,1,P77_CV0,2,1,1,2,0,0,2,0,2
38,-795074.9687,-292345.2116,E38_F78_m78f78_P93_Y5_UO3510,I78_F13_m-1f-1_P78_Y-1_U42,I78_F19_m78f78_P29_Y1_UO3359,FXX,2,0.0,1,0,1.0,0,0,0,-9999.0,0.625,1,P77_CV0,2,1,1,1,1,0,2,0,2
38,-795074.9687,-292345.2116,E38_F30_m78f78_P13_Y4_UO3486,I78_F38_m-1f-1_P78_Y-1_U99,I78_F74_m-1f-1_P78_Y-1_U113,FXX,3,0.0,1,0,1.0,0,0,0,-9999.0,0.5,1,P77_CV0,2,2,0,1,1,0,2,0,2
38,-795074.9687,-292345.2116,E38_F30_m30f30_P13_Y4_UO1358,I30_F13_m37f37_P38_Y2_UO1679,I30_F38_m78f78_P13_Y0_UO3795,MXY,3,0.0,1,0,0.0,0,0,0,-9999.0,0.5,1,P77_CV0,2,0,2,1,1,0,2,0,2
38,-795074.9687,-292345.2116,E38_F30_m30f30_P74_Y4_UO1349,I30_F35_m7f7_P38_Y2_UO453,ID30_F29_m78f78_P38_Y2_UO3536,MXY,3,0.0,1,0,0.0,0,0,0,-9999.0,0.25,1,P77_CV0,2,1,1,1,1,0,2,0,2
38,-795074.9687,-292345.2116,E38_F37_m78f78_P38_Y4_UO3460,ID78_F13_m78f78_P54_Y0_UO3755,I78_F29_m78f78_P13_Y0_UO3796,FXX,3,0.0,1,0,1.0,0,0,0,-9999.0,0.5,1,P77_CV0,2,2,0,0,2,0,2,0,2
38,-795074.9687,-292345.2116,E38_F78_m30f30_P13_Y4_UO1420,I30_F13_m-1f-1_P30_Y-1_U85,I30_F38_m78f78_P13_Y1_UO3304,MXY,3,0.0,1,0,0.0,0,0,0,-9999.0,0.5,1,P77_CV0,2,1,1,1,1,0,2,0,2
38,-795074.9687,-292345.2116,E38_F78_m78f78_P13_Y4_UO3485,ID78_F29_m-1f-1_P78_Y-1_U64,I78_F54_m-1f-1_P78_Y-1_U226,MXY,3,0.0,1,0,0.0,0,0,1,-9999.0,0.75,1,P77_CV0,2,1,1,1,1,0,2,0,2
38,-795074.9687,-292345.2116,E38_F7_m7f7_P38_Y3_UO454,I7_F38_m-1f-1_P37_Y-1_U9,I7_F38_m78f78_P29_Y0_UO3747,FXX,4,0.0,1,0,1.0,0,0,0,-9999.0,0.25,1,P77_CV0,2,0,2,2,0,0,2,0,2
38,-795074.9687,-292345.2116,E38_F30_m78f78_P13_Y3_UO3522,ID78_F13_m-1f-1_P78_Y-1_U195,I78_F29_m37f37_P13_Y0_UO1765,FXX,4,0.0,1,0,1.0,0,0,0,-9999.0,0.25,1,P77_CV0,2,0,2,0,2,0,2,0,2
38,-795074.9687,-292345.2116,E38_F37_m78f78_P13_Y3_UO3467,I78_F38_m-1f-1_P78_Y-1_U143,I78_F54_m-1f-1_P78_Y-1_U185,FXX,4,0.0,1,0,1.0,0,0,0,-9999.0,0.5,1,P77_CV0,2,1,1,1,1,0,2,0,2
38,-795074.9687,-292345.2116,E38_F37_m37f37_P38_Y3_UO1760,I37_F74_m-1f-1_P37_Y-1_U226,I37_F13_m78f78_P13_Y0_UO3721,MXY,4,0.0,1,0,0.0,0,0,0,-9999.0,0.0,1,P77_CV0,2,0,2,1,1,0,2,0,2
38,-795074.9687,-292345.2116,E38_F7_m78f78_P13_Y2_UO3489,I78_F29_m-1f-1_P78_Y-1_U247,I78_F74_m60f60_P51_Y0_UO3065,MXY,5,0.0,1,0,0.0,0,0,0,-9999.0,0.5,1,P77_CV0,2,1,1,2,0,0,2,0,2
38,-795074.9687,-292345.2116,E38_F7_m7f7_P74_Y2_UO494,I7_F52_m-1f-1_P7_Y-1_U59,I7_F74_m78f78_P29_Y0_UO3747,MXY,5,0.0,1,0,0.0,0,0,0,-9999.0,0.5,1,P77_CV0,2,0,2,2,0,0,2,0,2
38,-795074.9687,-292345.2116,E38_F30_m78f78_P93_Y2_UO3467,I78_F93_m-1f-1_P78_Y-1_U22,I78_F29_m-1f-1_P78_Y-1_U84,MXY,5,0.0,1,0,0.0,0,0,0,-9999.0,0.25,1,P77_CV0,2,0,2,0,2,0,2,0,2
38,-795074.9687,-292345.2116,E38_F30_m78f78_P93_Y1_UO3350,ID78_F54_m-1f-1_P78_Y-1_U82,ID78_F13_m-1f-1_P78_Y-1_U97,FXX,6,0.0,1,0,1.0,0,0,0,-9999.0,0.25,1,P77_CV0,2,1,1,0,2,0,2,0,2
38,-795074.9687,-292345.2116,E38_F37_m78f78_P13_Y0_UO3758,R78_F78_m-1f-1_P78_Y-1_U90,R78_F78_m-1f-1_P78_Y-1_U181,MXY,7,0.0,1,0,0.0,0,0,0,-9999.0,0.5,1,P77_CV0,2,0,2,1,1,0,2,0,2
38,-795074.9687,-292345.2116,E38_F37_m78f78_P93_Y0_UO3766,R78_F78_m-1f-1_P78_Y-1_U126,R78_F78_m-1f-1_P78_Y-1_U7,FXX,7,0.0,1,0,1.0,0,0,0,-9999.0,0.5,1,P77_CV0,2,0,2,0,2,0,2,0,2
38,-795074.9687,-292345.2116,E38_F78_m78f78_P54_Y0_UO3755,R78_F78_m-1f-1_P78_Y-1_U83,R78_F78_m-1f-1_P78_Y-1_U9,FXX,7,0.0,1,0,1.0,0,0,0,-9999.0,0.5,1,P77_CV0,2,1,1,1,1,0,2,0,2
38,-795074.9687,-292345.2116,E38_F78_m-1f-1_P78_Y-1_U133,-9999,-9999,MXY,10,0.0,1,0,0.0,0,0,0,-9999.0,0.0,1,P77_CV0,2,0,2,0,2,0,2,0,2
38,-795074.9687,-292345.2116,E38_F37_m-1f-1_P78_Y-1_U187,-9999,-9999,MXY,12,0.0,1,0,0.0,0,0,0,-9999.0,1.0,1,P77_CV0,2,2,0,2,0,0,2,0,2
38,-795074.9687,-292345.2116,E38_F78_m-1f-1_P78_Y-1_U78,-9999,-9999,FXX,14,0.0,1,0,1.0,0,0,1,-9999.0,1.0,1,P77_CV0,2,2,0,0,2,0,2,0,2
38,-795074.9687,-292345.2116,Age0_F38_m78f78_P38_Y7_UO3498,ID78_F51_m87f87_P24_Y4_UO4071,ID78_F29_m78f78_P13_Y4_UO3481,MXY,0,0.0,0,0,0.0,0,0,0,0.0,0.5625,1,P86_CV0,2,0,2,1,1,0,2,0,2
38,-795074.9687,-292345.2116,E38_F30_m87f87_P93_Y6_UO4150,I87_F51_m-1f-1_P87_Y-1_U170,I87_F24_m-1f-1_P87_Y-1_U100,FXX,1,0.0,1,1,1.0,0,0,0,-9999.0,0.5,1,P86_CV0,2,1,1,1,1,0,2,0,2
38,-795074.9687,-292345.2116,E38_F37_m78f78_P38_Y6_UO3502,ID78_F93_m78f78_P29_Y4_UO3495,I78_F93_m-1f-1_P78_Y-1_U226,FXX,1,0.0,1,1,1.0,0,0,0,-9999.0,0.3125,1,P86_CV0,2,1,1,1,1,0,2,0,2
38,-795074.9687,-292345.2116,E38_F30_m87f87_P93_Y5_UO4031,I87_F24_m87f87_P24_Y3_UO4012,I87_F24_m-1f-1_P87_Y-1_U77,FXX,2,0.0,1,0,1.0,0,0,0,-9999.0,0.5625,1,P86_CV0,2,2,0,0,2,0,2,0,2
38,-795074.9687,-292345.2116,E38_F30_m87f87_P13_Y5_UO4049,ID87_F24_m87f87_P24_Y3_UO3998,I87_F24_m87f87_P24_Y1_UO3866,FXX,2,0.0,1,0,1.0,0,0,0,-9999.0,0.4375,1,P86_CV0,2,0,2,0,2,0,2,0,2
38,-795074.9687,-292345.2116,E38_F78_m87f87_P24_Y4_UO4071,ID87_F19_m-1f-1_P87_Y-1_U40,I87_F24_m87f87_P24_Y1_UO3883,FXX,3,0.0,1,0,1.0,0,0,0,-9999.0,0.5,1,P86_CV0,2,0,2,2,0,0,2,0,2
38,-795074.9687,-292345.2116,E38_F30_m-1f-1_P87_Y-1_U47,-9999,-9999,MXY,12,0.0,1,0,0.0,0,0,0,-9999.0,1.0,1,P86_CV0,2,2,0,0,2,0,2,0,2
38,-795074.9687,-292345.2116,Age0_F38_m7f7_P38_Y7_UO435,I7_F38_m37f37_P38_Y5_UO1695,I7_F38_m37f37_P74_Y5_UO1719,MXY,0,0.0,0,0,0.0,0,0,0,0.0,0.5,1,P87_CV0,2,1,1,1,1,0,2,0,2
38,-795074.9687,-292345.2116,Age0_F38_m7f7_P38_Y7_UO451,ID7_F74_m78f78_P29_Y4_UO3472,I7_F74_m88f88_P74_Y2_UO4158,MXY,0,0.0,0,0,0.0,0,0,0,0.0,0.625,1,P87_CV0,2,2,0,1,1,0,2,0,2
38,-795074.9687,-292345.2116,Age0_F38_m7f7_P38_Y7_UO476,ID7_F54_m88f88_P29_Y3_UO4123,I7_F29_m12f12_P52_Y1_UO651,FXX,0,0.0,0,0,0.0,0,0,0,0.0,0.375,1,P87_CV0,2,2,0,2,0,0,2,0,2
38,-795074.9687,-292345.2116,Age0_F38_m7f7_P38_Y7_UO485,ID7_F74_m7f7_P74_Y2_UO402,I7_F35_m88f88_P74_Y4_UO4126,MXY,0,0.0,0,0,0.0,0,0,0,0.0,0.5625,1,P87_CV0,2,1,1,1,1,0,2,0,2
38,-795074.9687,-292345.2116,Age0_F38_m7f7_P38_Y7_UO498,I7_F74_m37f37_P38_Y1_UO1617,ID7_F74_m88f88_P74_Y2_UO4150,MXY,0,0.0,0,0,0.0,0,0,0,0.0,0.625,1,P87_CV0,2,1,1,1,1,0,2,0,2
38,-795074.9687,-292345.2116,Age0_F38_m7f7_P38_Y7_UO502,I7_F38_m88f88_P29_Y0_UO4472,I7_F74_m88f88_P74_Y2_UO4158,MXY,0,0.0,0,0,0.0,0,0,0,0.0,0.375,1,P87_CV0,2,1,1,0,2,0,2,0,2
38,-795074.9687,-292345.2116,Age0_F38_m7f7_P38_Y7_UO504,I7_F35_m88f88_P29_Y0_UO4496,ID7_F74_m37f37_P38_Y4_UO1723,FXX,0,0.0,0,0,0.0,0,0,0,0.0,0.75,1,P87_CV0,2,1,1,1,1,0,2,0,2
38,-795074.9687,-292345.2116,Age0_F38_m7f7_P38_Y7_UO513,ID7_F74_m-1f-1_P37_Y-1_U88,ID7_F74_m88f88_P74_Y2_UO4150,MXY,0,0.0,0,0,0.0,0,0,0,0.0,0.375,1,P87_CV0,2,1,1,1,1,0,2,0,2
38,-795074.9687,-292345.2116,Age0_F38_m30f30_P38_Y7_UO1365,ID30_F52_m7f7_P38_Y5_UO511,ID30_F13_m7f7_P38_Y5_UO475,FXX,0,0.0,0,0,0.0,0,0,0,0.0,0.53125,1,P87_CV0,2,1,1,1,1,0,2,0,2
38,-795074.9687,-292345.2116,Age0_F38_m30f30_P38_Y7_UO1374,I30_F93_m7f7_P38_Y5_UO461,I30_F38_m46f46_P52_Y5_UO2284,FXX,0,0.0,0,0,0.0,0,0,0,0.0,0.46875,1,P87_CV0,2,2,0,1,1,0,2,0,2
38,-795074.9687,-292345.2116,Age0_F38_m30f30_P38_Y7_UO1427,I30_F52_m88f88_P29_Y2_UO4123,I30_F52_m78f78_P13_Y4_UO3478,FXX,0,0.0,0,0,0.0,0,0,0,0.0,0.5625,1,P87_CV0,2,2,0,2,0,0,2,0,2
38,-795074.9687,-292345.2116,Age0_F38_m37f37_P38_Y7_UO1699,I37_F38_m78f78_P13_Y5_UO3502,I37_F38_m78f78_P38_Y5_UO3525,FXX,0,0.0,0,0,0.0,0,0,0,0.0,0.59375,1,P87_CV0,2,0,2,0,2,0,2,0,2
38,-795074.9687,-292345.2116,Age0_F38_m37f37_P38_Y7_UO1700,I37_F74_m46f46_P13_Y5_UO2320,I37_F38_m88f88_P74_Y2_UO4105,FXX,0,0.0,0,0,0.0,0,0,0,0.0,0.5,1,P87_CV0,2,1,1,1,1,0,2,0,2
38,-795074.9687,-292345.2116,Age0_F38_m37f37_P38_Y7_UO1711,I37_F38_m88f88_P29_Y5_UO4135,I37_F38_m30f30_P74_Y4_UO1379,MXY,0,0.0,0,0,0.0,0,0,0,0.0,0.5625,1,P87_CV0,2,2,0,1,1,0,2,0,2
38,-795074.9687,-292345.2116,Age0_F38_m37f37_P38_Y7_UO1720,I37_F38_m7f7_P74_Y4_UO404,ID37_F74_m7f7_P74_Y5_UO489,MXY,0,0.0,0,0,0.0,0,0,0,0.0,0.46875,1,P87_CV0,2,1,1,0,2,0,2,0,2
38,-795074.9687,-292345.2116,Age0_F38_m37f37_P38_Y7_UO1735,I37_F38_m30f30_P38_Y4_UO1380,ID37_F35_m88f88_P29_Y5_UO4163,FXX,0,0.0,0,0,0.0,0,0,0,0.0,0.5625,1,P87_CV0,2,0,2,1,1,0,2,0,2
38,-795074.9687,-292345.2116,Age0_F38_m37f37_P38_Y7_UO1792,ID37_F74_m-1f-1_P37_Y-1_U226,I37_F74_m88f88_P29_Y0_UO4436,MXY,0,0.0,0,0,0.0,0,0,0,0.0,0.25,1,P87_CV0,2,0,2,0,2,0,2,0,2
38,-795074.9687,-292345.2116,Age0_F38_m78f78_P38_Y7_UO3489,I78_F93_m39f39_P93_Y5_UO1866,I78_F93_m88f88_P29_Y4_UO4142,MXY,0,0.0,0,0,0.0,0,0,0,0.0,0.25,1,P87_CV0,2,0,2,1,1,0,2,0,2
38,-795074.9687,-292345.2116,E38_F7_m7f7_P29_Y6_UO470,I7_F38_m88f88_P29_Y2_UO4161,I7_F38_m12f12_P52_Y1_UO651,FXX,1,0.0,1,1,1.0,0,0,0,-9999.0,0.375,1,P87_CV0,2,1,1,2,0,0,2,0,2
38,-795074.9687,-292345.2116,E38_F7_m78f78_P29_Y6_UO3499,ID78_F51_m46f46_P13_Y4_UO2251,ID78_F93_m88f88_P54_Y0_UO4418,MXY,1,0.0,1,1,0.0,0,0,0,-9999.0,0.75,1,P87_CV0,2,1,1,1,1,0,2,0,2
38,-795074.9687,-292345.2116,E38_F7_m88f88_P29_Y6_UO4174,I88_F54_m88f88_P29_Y2_UO4101,ID88_F29_m-1f-1_P88_Y-1_U162,FXX,1,0.0,1,1,1.0,0,0,0,-9999.0,0.5,1,P87_CV0,2,1,1,2,0,0,2,0,2
38,-795074.9687,-292345.2116,E38_F7_m88f88_P29_Y6_UO4176,I88_F29_m37f37_P74_Y1_UO1576,I88_F54_m-1f-1_P88_Y-1_U238,FXX,1,0.0,1,1,1.0,0,0,0,-9999.0,0.25,1,P87_CV0,2,0,2,1,1,0,2,0,2
38,-795074.9687,-292345.2116,E38_F7_m88f88_P29_Y6_UO4185,I88_F54_m-1f-1_P88_Y-1_U218,ID88_F54_m88f88_P29_Y1_UO3988,FXX,1,0.0,1,1,1.0,0,0,0,-9999.0,0.375,1,P87_CV0,2,1,1,1,1,0,2,0,2
38,-795074.9687,-292345.2116,E38_F7_m7f7_P74_Y6_UO448,I7_F74_m30f30_P38_Y3_UO1401,I7_F74_m88f88_P74_Y4_UO4126,MXY,1,0.0,1,1,0.0,0,0,0,-9999.0,0.625,1,P87_CV0,2,1,1,1,1,0,2,0,2
38,-795074.9687,-292345.2116,E38_F7_m37f37_P74_Y6_UO1717,ID37_F38_m90f90_P86_Y4_UO4198,ID37_F38_m88f88_P29_Y4_UO4113,MXY,1,0.0,1,1,0.0,0,0,0,-9999.0,0.375,1,P87_CV0,2,0,2,1,1,0,2,0,2
38,-795074.9687,-292345.2116,E38_F7_m37f37_P74_Y6_UO1795,I37_F38_m88f88_P29_Y1_UO3958,I37_F13_m12f12_P52_Y0_UO727,MXY,1,0.0,1,1,0.0,0,0,0,-9999.0,0.375,1,P87_CV0,2,0,2,0,2,0,2,0,2
38,-795074.9687,-292345.2116,E38_F37_m88f88_P29_Y6_UO4195,I88_F29_m-1f-1_P88_Y-1_U43,I88_F29_m-1f-1_P88_Y-1_U208,FXX,1,0.0,1,1,1.0,0,0,0,-9999.0,0.75,1,P87_CV0,2,2,0,1,1,0,2,0,2
38,-795074.9687,-292345.2116,E38_F37_m88f88_P29_Y6_UO4201,I88_F29_m-1f-1_P34_Y-1_U44,ID88_F29_m-1f-1_P88_Y-1_U41,MXY,1,0.0,1,1,0.0,0,0,0,-9999.0,0.5,1,P87_CV0,2,1,1,2,0,0,2,0,2
38,-795074.9687,-292345.2116,E38_F37_m88f88_P29_Y6_UO4203,I88_F54_m-1f-1_P88_Y-1_U196,ID88_F54_m7f7_P29_Y3_UO469,MXY,1,0.0,1,1,0.0,0,0,0,-9999.0,0.75,1,P87_CV0,2,2,0,0,2,0,2,0,2
38,-795074.9687,-292345.2116,E38_F37_m88f88_P29_Y6_UO4204,I88_F74_m-1f-1_P88_Y-1_U66,I88_F54_m78f78_P29_Y3_UO3531,FXX,1,0.0,1,1,1.0,0,0,0,-9999.0,0.5,1,P87_CV0,2,1,1,0,2,0,2,0,2
38,-795074.9687,-292345.2116,E38_F37_m37f37_P38_Y6_UO1726,I37_F38_m78f78_P29_Y4_UO3452,ID37_F38_m88f88_P29_Y4_UO4113,FXX,1,0.0,1,1,1.0,0,0,0,-9999.0,0.375,1,P87_CV0,2,1,1,1,1,0,2,0,2
38,-795074.9687,-292345.2116,E38_F37_m37f37_P38_Y6_UO1800,I37_F38_m88f88_P29_Y0_UO4443,ID37_F74_m37f37_P74_Y4_UO1771,FXX,1,0.0,1,1,1.0,0,0,0,-9999.0,0.375,1,P87_CV0,2,0,2,1,1,0,2,0,2
38,-795074.9687,-292345.2116,E38_F37_m7f7_P74_Y6_UO467,I7_F38_m7f7_P38_Y3_UO417,I7_F38_m7f7_P74_Y2_UO436,MXY,1,0.0,1,1,0.0,0,0,0,-9999.0,0.5,1,P87_CV0,2,0,2,1,1,0,2,0,2
38,-795074.9687,-292345.2116,E38_F37_m7f7_P74_Y6_UO487,I7_F38_m88f88_P29_Y1_UO3973,I7_F38_m78f78_P13_Y3_UO3497,FXX,1,0.0,1,1,1.0,0,0,0,-9999.0,0.25,1,P87_CV0,2,0,2,1,1,0,2,0,2
38,-795074.9687,-292345.2116,E38_F37_m7f7_P74_Y6_UO499,I7_F13_m88f88_P29_Y0_UO4431,I7_F38_m-1f-1_P7_Y-1_U233,FXX,1,0.0,1,1,1.0,0,0,0,-9999.0,0.375,1,P87_CV0,2,1,1,2,0,0,2,0,2
38,-795074.9687,-292345.2116,E38_F37_m7f7_P74_Y6_UO519,I7_F74_m-1f-1_P30_Y-1_U29,I7_F74_m88f88_P74_Y4_UO4126,MXY,1,0.0,1,1,0.0,0,0,0,-9999.0,0.375,1,P87_CV0,2,1,1,0,2,0,2,0,2
38,-795074.9687,-292345.2116,E38_F7_m37f37_P29_Y5_UO1706,I37_F13_m7f7_P74_Y2_UO421,ID37_F74_m-1f-1_P7_Y-1_U33,MXY,2,0.0,1,0,0.0,0,0,0,-9999.0,0.5,1,P87_CV0,2,1,1,1,1,0,2,0,2
38,-795074.9687,-292345.2116,E38_F7_m88f88_P29_Y5_UO4151,I88_F29_m-1f-1_P88_Y-1_U43,I88_F29_m78f78_P29_Y3_UO3531,MXY,2,0.0,1,0,0.0,0,0,0,-9999.0,0.75,1,P87_CV0,2,1,1,1,1,0,2,0,2
38,-795074.9687,-292345.2116,E38_F7_m78f78_P13_Y5_UO3532,I78_F13_m-1f-1_P78_Y-1_U135,I78_F74_m88f88_P29_Y0_UO4488,FXX,2,0.0,1,0,1.0,0,0,0,-9999.0,0.5,1,P87_CV0,2,0,2,1,1,0,2,0,2
38,-795074.9687,-292345.2116,E38_F7_m88f88_P29_Y5_UO4171,I88_F54_m-1f-1_P88_Y-1_U154,I88_F74_m-1f-1_P88_Y-1_U1,FXX,2,0.0,1,0,1.0,0,0,0,-9999.0,1.0,1,P87_CV0,2,2,0,1,1,0,2,0,2
38,-795074.9687,-292345.2116,E38_F30_m7f7_P38_Y5_UO511,I7_F38_m88f88_P29_Y0_UO4496,ID7_F38_m78f78_P38_Y2_UO3475,FXX,2,0.0,1,0,1.0,0,0,0,-9999.0,0.75,1,P87_CV0,2,1,1,2,0,0,2,0,2
38,-795074.9687,-292345.2116,E38_F30_m7f7_P38_Y5_UO461,I7_F74_m88f88_P29_Y2_UO4161,ID7_F74_m37f37_P38_Y2_UO1689,FXX,2,0.0,1,0,1.0,0,0,0,-9999.0,0.375,1,P87_CV0,2,1,1,0,2,0,2,0,2
38,-795074.9687,-292345.2116,E38_F37_m88f88_P29_Y5_UO4124,I88_F29_m37f37_P29_Y2_UO1682,I88_F29_m88f88_P29_Y3_UO4114,MXY,2,0.0,1,0,0.0,0,0,0,-9999.0,0.625,1,P87_CV0,2,1,1,1,1,0,2,0,2
38,-795074.9687,-292345.2116,E38_F37_m37f37_P38_Y5_UO1681,I37_F38_m88f88_P29_Y3_UO4127,I37_F29_m7f7_P38_Y2_UO437,MXY,2,0.0,1,0,0.0,0,0,0,-9999.0,0.5625,1,P87_CV0,2,1,1,2,0,0,2,0,2
38,-795074.9687,-292345.2116,E38_F37_m88f88_P29_Y5_UO4163,I88_F54_m-1f-1_P88_Y-1_U159,I88_F54_m-1f-1_P88_Y-1_U243,MXY,2,0.0,1,0,0.0,0,0,0,-9999.0,0.75,1,P87_CV0,2,1,1,1,1,0,2,0,2
38,-795074.9687,-292345.2116,E38_F37_m78f78_P13_Y5_UO3502,ID78_F13_m37f37_P74_Y0_UO1746,I78_F54_m88f88_P54_Y0_UO4418,FXX,2,0.0,1,0,1.0,0,0,0,-9999.0,0.75,1,P87_CV0,2,1,1,1,1,0,2,0,2
38,-795074.9687,-292345.2116,E38_F37_m88f88_P74_Y5_UO4120,I88_F29_m34f34_P54_Y3_UO1640,I88_F29_m-1f-1_P88_Y-1_U246,MXY,2,0.0,1,0,0.0,0,0,0,-9999.0,0.125,1,P87_CV0,2,0,2,1,1,0,2,0,2
38,-795074.9687,-292345.2116,E38_F37_m88f88_P29_Y5_UO4135,I88_F29_m-1f-1_P88_Y-1_U242,I88_F54_m-1f-1_P88_Y-1_U243,FXX,2,0.0,1,0,1.0,0,0,0,-9999.0,0.75,1,P87_CV0,2,2,0,1,1,0,2,0,2
38,-795074.9687,-292345.2116,E38_F78_m37f37_P29_Y5_UO1740,I37_F74_m88f88_P74_Y1_UO3942,I37_F38_m78f78_P74_Y3_UO3444,MXY,2,0.0,1,0,0.0,0,0,0,-9999.0,0.4375,1,P87_CV0,2,2,0,1,1,0,2,0,2
38,-795074.9687,-292345.2116,E38_F30_m7f7_P74_Y4_UO439,ID7_F38_m7f7_P74_Y1_UO363,I7_F38_m88f88_P29_Y0_UO4422,MXY,3,0.0,1,0,0.0,0,0,0,-9999.0,0.5,1,P87_CV0,2,0,2,1,1,0,2,0,2
38,-795074.9687,-292345.2116,E38_F37_m7f7_P74_Y4_UO404,I7_F38_m7f7_P74_Y2_UO480,I7_F29_m88f88_P29_Y2_UO4109,FXX,3,0.0,1,0,1.0,0,0,0,-9999.0,0.4375,1,P87_CV0,2,0,2,1,1,0,2,0,2
38,-795074.9687,-292345.2116,E38_F37_m37f37_P74_Y4_UO1700,I37_F38_m88f88_P29_Y1_UO3915,I37_F35_m-1f-1_P30_Y-1_U3,MXY,3,0.0,1,0,0.0,0,0,0,-9999.0,0.5,1,P87_CV0,2,2,0,1,1,0,2,0,2
38,-795074.9687,-292345.2116,E38_F37_m7f7_P74_Y4_UO403,I7_F74_m30f30_P38_Y2_UO1358,I7_F74_m88f88_P29_Y2_UO4146,MXY,3,0.0,1,0,0.0,0,0,0,-9999.0,0.3125,1,P87_CV0,2,1,1,0,2,0,2,0,2
38,-795074.9687,-292345.2116,E38_F7_m88f88_P29_Y3_UO4123,I88_F29_m-1f-1_P88_Y-1_U14,ID88_F54_m-1f-1_P88_Y-1_U214,FXX,4,0.0,1,0,1.0,0,0,0,-9999.0,0.25,1,P87_CV0,2,1,1,1,1,0,2,0,2
38,-795074.9687,-292345.2116,E38_F37_m88f88_P29_Y3_UO4087,I88_F29_m-1f-1_P88_Y-1_U129,I88_F29_m-1f-1_P88_Y-1_U208,MXY,4,0.0,1,0,0.0,0,0,0,-9999.0,0.5,1,P87_CV0,2,2,0,1,1,0,2,0,2
38,-795074.9687,-292345.2116,E38_F7_m88f88_P29_Y2_UO4151,I88_F74_m-1f-1_P88_Y-1_U136,I88_F54_m-1f-1_P88_Y-1_U54,FXX,5,0.0,1,0,1.0,0,0,0,-9999.0,0.5,1,P87_CV0,2,1,1,1,1,0,2,0,2
38,-795074.9687,-292345.2116,E38_F30_m88f88_P29_Y2_UO4123,I88_F29_m-1f-1_P88_Y-1_U240,I88_F54_m-1f-1_P88_Y-1_U41,FXX,5,0.0,1,0,1.0,0,0,0,-9999.0,0.5,1,P87_CV0,2,2,0,1,1,0,2,0,2
38,-795074.9687,-292345.2116,E38_F37_m88f88_P74_Y2_UO4105,I88_F38_m-1f-1_P88_Y-1_U45,I88_F29_m-1f-1_P88_Y-1_U217,MXY,5,0.0,1,0,0.0,0,0,0,-9999.0,0.5,1,P87_CV0,2,0,2,2,0,0,2,0,2
38,-795074.9687,-292345.2116,E38_F7_m88f88_P29_Y1_UO3973,ID88_F29_m-1f-1_P88_Y-1_U31,I88_F74_m-1f-1_P88_Y-1_U139,FXX,6,0.0,1,0,1.0,0,0,0,-9999.0,0.25,1,P87_CV0,2,1,1,1,1,0,2,0,2
38,-795074.9687,-292345.2116,E38_F7_m88f88_P29_Y0_UO4472,R88_F88_m-1f-1_P88_Y-1_U188,R88_F88_m-1f-1_P88_Y-1_U161,FXX,7,0.0,1,0,1.0,0,0,0,-9999.0,0.25,1,P87_CV0,2,0,2,1,1,0,2,0,2
38,-795074.9687,-292345.2116,E38_F7_m88f88_P29_Y0_UO4496,R88_F88_m-1f-1_P88_Y-1_U239,R88_F88_m-1f-1_P88_Y-1_U121,FXX,7,0.0,1,0,1.0,0,0,0,-9999.0,1.0,1,P87_CV0,2,2,0,2,0,0,2,0,2
38,-795074.9687,-292345.2116,E38_F7_m88f88_P29_Y0_UO4471,R88_F88_m-1f-1_P88_Y-1_U185,R88_F88_m-1f-1_P88_Y-1_U244,FXX,7,0.0,1,0,1.0,0,0,0,-9999.0,0.25,1,P87_CV0,2,0,2,1,1,0,2,0,2
38,-795074.9687,-292345.2116,E38_F37_m88f88_P29_Y0_UO4484,R88_F88_m-1f-1_P88_Y-1_U216,R88_F88_m-1f-1_P88_Y-1_U144,MXY,7,0.0,1,0,0.0,0,0,0,-9999.0,0.5,1,P87_CV0,2,1,1,1,1,0,2,0,2
38,-795074.9687,-292345.2116,E38_F37_m88f88_P29_Y0_UO4422,R88_F88_m-1f-1_P88_Y-1_U61,R88_F88_m-1f-1_P88_Y-1_U244,MXY,7,0.0,1,0,0.0,0,0,0,-9999.0,0.5,1,P87_CV0,2,1,1,2,0,0,2,0,2
38,-795074.9687,-292345.2116,Age0_F38_m7f7_P38_Y7_UO448,ID7_F74_m46f46_P52_Y4_UO2254,I7_F38_m7f7_P13_Y4_UO437,FXX,0,0.0,0,0,0.0,0,0,0,0.0,0.5,1,P89_CV0,2,0,2,0,2,0,2,0,2
38,-795074.9687,-292345.2116,Age0_F38_m30f30_P38_Y7_UO1404,I30_F74_m30f30_P38_Y3_UO1448,I30_F38_m30f30_P38_Y3_UO1351,FXX,0,0.0,0,0,0.0,0,0,0,0.0,0.4375,1,P89_CV0,2,2,0,1,1,0,2,0,2
38,-795074.9687,-292345.2116,Age0_F38_m37f37_P38_Y7_UO1676,I37_F29_m7f7_P74_Y5_UO477,I37_F13_m7f7_P38_Y3_UO420,MXY,0,0.0,0,0,0.0,0,0,0,0.0,0.625,1,P89_CV0,2,1,1,1,1,0,2,0,2
38,-795074.9687,-292345.2116,E38_F7_m30f30_P38_Y6_UO1429,ID30_F52_m23f23_P35_Y1_UO1130,I30_F38_m37f37_P38_Y4_UO1728,MXY,1,0.0,1,1,0.0,0,0,0,-9999.0,0.875,1,P89_CV0,2,2,0,2,0,0,2,0,2
38,-795074.9687,-292345.2116,E38_F7_m46f46_P52_Y6_UO2362,I46_F52_m-1f-1_P12_Y-1_U22,I46_F86_m23f23_P52_Y3_UO1130,FXX,1,0.0,1,1,1.0,0,0,0,-9999.0,0.375,1,P89_CV0,2,0,2,1,1,0,2,0,2
38,-795074.9687,-292345.2116,E38_F7_m90f90_P52_Y6_UO4284,ID90_F86_m23f23_P86_Y2_UO1131,I90_F86_m23f23_P86_Y3_UO1182,MXY,1,0.0,1,1,0.0,0,0,0,-9999.0,0.5,1,P89_CV0,2,1,1,2,0,0,2,0,2
38,-795074.9687,-292345.2116,E38_F30_m90f90_P35_Y6_UO4230,ID90_F35_m12f12_P52_Y4_UO705,I90_F86_m30f30_P52_Y2_UO1419,FXX,1,0.0,1,1,1.0,0,0,0,-9999.0,0.3125,1,P89_CV0,2,0,2,1,1,0,2,0,2
38,-795074.9687,-292345.2116,E38_F30_m12f12_P52_Y6_UO700,I12_F86_m12f12_P86_Y4_UO760,I12_F52_m12f12_P86_Y2_UO708,MXY,1,0.0,1,1,0.0,0,0,0,-9999.0,0.625,1,P89_CV0,2,1,1,0,2,0,2,0,2
38,-795074.9687,-292345.2116,E38_F37_m30f30_P74_Y6_UO1433,ID30_F52_m37f37_P13_Y1_UO1621,ID30_F38_m30f30_P38_Y3_UO1351,FXX,1,0.0,1,1,1.0,0,0,0,-9999.0,0.4375,1,P89_CV0,2,2,0,0,2,0,2,0,2
38,-795074.9687,-292345.2116,E38_F78_m78f78_P38_Y5_UO3520,I78_F13_m-1f-1_P78_Y-1_U2,ID78_F52_m-1f-1_P90_Y-1_U66,MXY,2,0.0,1,0,0.0,0,0,0,-9999.0,0.0,1,P89_CV0,2,0,2,1,1,0,2,0,2
38,-795074.9687,-292345.2116,E38_F7_m46f46_P52_Y4_UO2254,I46_F52_m-1f-1_P46_Y-1_U110,I46_F52_m-1f-1_P90_Y-1_U225,FXX,3,0.0,1,0,1.0,0,0,0,-9999.0,0.5,1,P89_CV0,2,0,2,1,1,0,2,0,2
38,-795074.9687,-292345.2116,E38_F7_m12f12_P52_Y3_UO726,I12_F52_m-1f-1_P12_Y-1_U42,I12_F86_m-1f-1_P90_Y-1_U10,MXY,4,0.0,1,0,0.0,0,0,0,-9999.0,0.5,1,P89_CV0,2,1,1,1,1,0,2,0,2
38,-795074.9687,-292345.2116,E38_F37_m7f7_P38_Y3_UO420,I7_F29_m90f90_P35_Y0_UO4585,I7_F74_m-1f-1_P7_Y-1_U67,MXY,4,0.0,1,0,0.0,0,0,0,-9999.0,0.625,1,P89_CV0,2,1,1,1,1,0,2,0,2
38,-795074.9687,-292345.2116,E38_F78_m-1f-1_P90_Y-1_U66,-9999,-9999,MXY,10,0.0,1,0,0.0,0,0,1,-9999.0,0.0,1,P89_CV0,2,0,2,1,1,0,2,0,2
38,-795074.9687,-292345.2116,E38_F30_m23f23_P35_Y6_UO1203,I23_F57_m92f92_P99_Y1_UO4131,I23_F6_m7f7_P35_Y4_UO405,FXX,1,0.0,1,1,1.0,0,0,0,-9999.0,0.34375,1,P91_CV0,2,1,1,2,0,0,2,0,2
41,136928.0727,-175283.8832,Age0_F41_m11f11_P41_Y7_UO669,I11_F41_m-1f-1_P11_Y-1_U162,I11_F89_m-1f-1_P11_Y-1_U126,MXY,0,0.0,0,0,0.0,0,0,0,0.0,0.5,1,P10_CV0,2,2,0,1,1,0,2,0,2
41,136928.0727,-175283.8832,Age0_F41_m15f15_P41_Y7_UO811,ID15_F89_m15f15_P41_Y4_UO774,I15_F41_m-1f-1_P43_Y-1_U42,FXX,0,0.0,0,0,0.0,0,0,0,0.0,0.5,1,P10_CV0,2,0,2,0,2,0,2,0,2
41,136928.0727,-175283.8832,Age0_F41_m15f15_P41_Y7_UO844,I15_F41_m11f11_P89_Y2_UO628,ID15_F89_m15f15_P41_Y0_UO903,MXY,0,0.0,0,0,0.0,0,0,0,0.0,0.625,1,P10_CV0,2,1,1,2,0,0,2,0,2
41,136928.0727,-175283.8832,Age0_F41_m43f43_P41_Y7_UO2080,I43_F48_m43f43_P48_Y5_UO2074,ID43_F41_m73f73_P89_Y5_UO3379,FXX,0,0.0,0,0,0.0,0,0,0,0.0,0.5625,1,P10_CV0,2,0,2,1,1,0,2,0,2
41,136928.0727,-175283.8832,Age0_F41_m55f55_P41_Y7_UO2548,I55_F89_m100f100_P49_Y5_UO4581,ID55_F89_m-1f-1_P73_Y-1_U209,FXX,0,0.0,0,0,0.0,0,0,0,0.0,0.78125,1,P10_CV0,2,2,0,1,1,0,2,0,2
41,136928.0727,-175283.8832,Age0_F41_m55f55_P41_Y7_UO2559,I55_F41_m73f73_P89_Y4_UO3343,ID55_F41_m73f73_P89_Y5_UO3296,MXY,0,0.0,0,0,0.0,0,0,0,0.0,0.8125,1,P10_CV0,2,1,1,1,1,0,2,0,2
41,136928.0727,-175283.8832,Age0_F41_m55f55_P41_Y7_UO2582,I55_F41_m73f73_P89_Y3_UO3347,I55_F89_m55f55_P89_Y0_UO2741,MXY,0,0.0,0,0,0.0,0,0,0,0.0,0.6875,1,P10_CV0,2,2,0,1,1,0,2,0,2
41,136928.0727,-175283.8832,Age0_F41_m55f55_P41_Y7_UO2611,I55_F89_m73f73_P41_Y1_UO3188,I55_F89_m15f15_P14_Y5_UO835,FXX,0,0.0,0,0,0.0,0,0,0,0.0,0.5625,1,P10_CV0,2,2,0,1,1,0,2,0,2
41,136928.0727,-175283.8832,Age0_F41_m73f73_P41_Y7_UO3341,ID73_F89_m55f55_P41_Y5_UO2572,I73_F14_m11f11_P89_Y5_UO659,MXY,0,0.0,0,0,0.0,0,0,0,0.0,0.375,1,P10_CV0,2,2,0,1,1,0,2,0,2
41,136928.0727,-175283.8832,E41_F11_m11f11_P89_Y6_UO656,I11_F2_m11f11_P41_Y1_UO583,ID11_F69_m-1f-1_P11_Y-1_U68,FXX,1,0.0,1,1,1.0,0,0,0,-9999.0,0.5,1,P10_CV0,2,0,2,0,2,0,2,0,2
41,136928.0727,-175283.8832,E41_F15_m15f15_P14_Y6_UO825,I15_F89_m11f11_P89_Y3_UO608,I15_F89_m73f73_P89_Y4_UO3324,FXX,1,0.0,1,1,1.0,0,0,0,-9999.0,0.6875,1,P10_CV0,2,2,0,1,1,0,2,0,2
41,136928.0727,-175283.8832,E41_F15_m73f73_P14_Y6_UO3381,ID73_F41_m11f11_P89_Y2_UO641,I73_F41_m55f55_P41_Y3_UO2512,MXY,1,0.0,1,1,0.0,0,0,0,-9999.0,0.5625,1,P10_CV0,2,2,0,1,1,0,2,0,2
41,136928.0727,-175283.8832,E41_F15_m11f11_P41_Y6_UO675,I11_F49_m-1f-1_P11_Y-1_U120,I11_F49_m11f11_P2_Y4_UO627,FXX,1,0.0,1,1,1.0,0,0,0,-9999.0,0.125,1,P10_CV0,2,0,2,2,0,0,2,0,2
41,136928.0727,-175283.8832,E41_F15_m11f11_P41_Y6_UO685,I11_F49_m-1f-1_P11_Y-1_U201,ID11_F48_m-1f-1_P11_Y-1_U221,FXX,1,0.0,1,1,1.0,0,0,0,-9999.0,1.0,1,P10_CV0,2,2,0,2,0,0,2,0,2
41,136928.0727,-175283.8832,E41_F15_m15f15_P41_Y6_UO817,I15_F41_m11f11_P89_Y4_UO664,I15_F89_m11f11_P89_Y3_UO603,MXY,1,0.0,1,1,0.0,0,0,0,-9999.0,0.125,1,P10_CV0,2,0,2,0,2,0,2,0,2
41,136928.0727,-175283.8832,E41_F15_m15f15_P41_Y6_UO835,I15_F41_m15f15_P41_Y3_UO815,I15_F89_m55f55_P89_Y3_UO2566,FXX,1,0.0,1,1,1.0,0,0,0,-9999.0,0.625,1,P10_CV0,2,1,1,2,0,0,2,0,2
41,136928.0727,-175283.8832,E41_F15_m11f11_P89_Y6_UO661,ID11_F49_m-1f-1_P11_Y-1_U119,ID11_F89_m-1f-1_P73_Y-1_U102,MXY,1,0.0,1,1,0.0,0,0,0,-9999.0,0.25,1,P10_CV0,2,0,2,0,2,0,2,0,2
41,136928.0727,-175283.8832,E41_F15_m73f73_P89_Y6_UO3386,I73_F89_m15f15_P41_Y1_UO750,ID73_F89_m11f11_P89_Y2_UO597,MXY,1,0.0,1,1,0.0,0,0,0,-9999.0,0.75,1,P10_CV0,2,2,0,2,0,0,2,0,2
41,136928.0727,-175283.8832,E41_F43_m43f43_P49_Y6_UO2138,I43_F49_m11f11_P49_Y3_UO646,I43_F48_m100f100_P48_Y3_UO4542,MXY,1,0.0,1,1,0.0,0,0,0,-9999.0,0.8125,1,P10_CV0,2,1,1,0,2,0,2,0,2
41,136928.0727,-175283.8832,E41_F55_m15f15_P14_Y6_UO843,I15_F89_m11f11_P89_Y2_UO616,I15_F41_m55f55_P89_Y4_UO2516,FXX,1,0.0,1,1,1.0,0,0,0,-9999.0,0.4375,1,P10_CV0,2,1,1,1,1,0,2,0,2
41,136928.0727,-175283.8832,E41_F55_m15f15_P89_Y6_UO827,I15_F41_m100f100_P48_Y3_UO4536,ID15_F41_m73f73_P89_Y3_UO3303,FXX,1,0.0,1,1,1.0,0,0,0,-9999.0,0.5625,1,P10_CV0,2,1,1,1,1,0,2,0,2
41,136928.0727,-175283.8832,E41_F55_m55f55_P89_Y6_UO2550,I55_F48_m11f11_P89_Y4_UO630,I55_F89_m11f11_P89_Y3_UO596,MXY,1,0.0,1,1,0.0,0,0,0,-9999.0,0.75,1,P10_CV0,2,2,0,2,0,0,2,0,2
41,136928.0727,-175283.8832,E41_F55_m73f73_P89_Y6_UO3372,I73_F89_m100f100_P48_Y2_UO4549,I73_F89_m11f11_P89_Y2_UO618,FXX,1,0.0,1,1,1.0,0,0,0,-9999.0,0.625,1,P10_CV0,2,1,1,0,2,0,2,0,2
41,136928.0727,-175283.8832,E41_F55_m73f73_P89_Y6_UO3378,I73_F41_m73f73_P41_Y2_UO3307,I73_F41_m11f11_P89_Y1_UO585,FXX,1,0.0,1,1,1.0,0,0,0,-9999.0,0.875,1,P10_CV0,2,2,0,1,1,0,2,0,2
41,136928.0727,-175283.8832,E41_F73_m15f15_P41_Y6_UO832,I15_F14_m55f55_P14_Y3_UO2515,ID15_F41_m73f73_P89_Y3_UO3303,MXY,1,0.0,1,1,0.0,0,0,0,-9999.0,0.1875,1,P10_CV0,2,0,2,1,1,0,2,0,2
41,136928.0727,-175283.8832,E41_F73_m11f11_P89_Y6_UO669,I11_F48_m-1f-1_P11_Y-1_U56,I11_F89_m-1f-1_P11_Y-1_U248,FXX,1,0.0,1,1,1.0,0,0,0,-9999.0,0.75,1,P10_CV0,2,2,0,1,1,0,2,0,2
41,136928.0727,-175283.8832,E41_F73_m55f55_P89_Y6_UO2564,I55_F89_m15f15_P41_Y4_UO774,I55_F14_m73f73_P41_Y4_UO3342,FXX,1,0.0,1,1,1.0,0,0,0,-9999.0,0.5,1,P10_CV0,2,0,2,1,1,0,2,0,2
41,136928.0727,-175283.8832,E41_F15_m43f43_P41_Y5_UO2091,I43_F49_m11f11_P49_Y2_UO612,I43_F49_m43f43_P48_Y2_UO2110,FXX,2,0.0,1,0,1.0,0,0,0,-9999.0,0.5,1,P10_CV0,2,0,2,1,1,0,2,0,2
41,136928.0727,-175283.8832,E41_F43_m43f43_P48_Y5_UO2074,I43_F49_m100f100_P49_Y3_UO4576,ID43_F49_m11f11_P48_Y3_UO602,FXX,2,0.0,1,0,1.0,0,0,0,-9999.0,0.625,1,P10_CV0,2,1,1,0,2,0,2,0,2
41,136928.0727,-175283.8832,E41_F43_m11f11_P48_Y5_UO668,I11_F48_m-1f-1_P11_Y-1_U45,I11_F49_m-1f-1_P11_Y-1_U221,MXY,2,0.0,1,0,0.0,0,0,0,-9999.0,0.75,1,P10_CV0,2,2,0,2,0,0,2,0,2
41,136928.0727,-175283.8832,E41_F55_m100f100_P49_Y5_UO4581,I100_F49_m100f100_P48_Y2_UO4551,I100_F48_m11f11_P49_Y2_UO646,FXX,2,0.0,1,0,1.0,0,0,0,-9999.0,0.5625,1,P10_CV0,2,2,0,1,1,0,2,0,2
41,136928.0727,-175283.8832,E41_F55_m73f73_P89_Y5_UO3296,I73_F41_m55f55_P89_Y3_UO2574,I73_F89_m-1f-1_P73_Y-1_U75,MXY,2,0.0,1,0,0.0,0,0,0,-9999.0,0.875,1,P10_CV0,2,1,1,1,1,0,2,0,2
41,136928.0727,-175283.8832,E41_F55_m15f15_P14_Y5_UO835,I15_F41_m43f43_P49_Y1_UO1954,ID15_F89_m11f11_P48_Y2_UO635,MXY,2,0.0,1,0,0.0,0,0,0,-9999.0,0.375,1,P10_CV0,2,2,0,1,1,0,2,0,2
41,136928.0727,-175283.8832,E41_F55_m100f100_P49_Y5_UO4573,I100_F48_m43f43_P48_Y2_UO2092,I100_F48_m11f11_P48_Y0_UO655,FXX,2,0.0,1,0,1.0,0,0,0,-9999.0,0.375,1,P10_CV0,2,1,1,1,1,0,2,0,2
41,136928.0727,-175283.8832,E41_F15_m15f15_P41_Y4_UO774,I15_F89_m11f11_P89_Y2_UO616,I15_F89_m15f15_P41_Y0_UO887,FXX,3,0.0,1,0,1.0,0,0,0,-9999.0,0.5,1,P10_CV0,2,1,1,0,2,0,2,0,2
41,136928.0727,-175283.8832,E41_F15_m15f15_P14_Y4_UO857,ID15_F41_m-1f-1_P11_Y-1_U44,I15_F49_m-1f-1_P11_Y-1_U142,FXX,3,0.0,1,0,1.0,0,0,0,-9999.0,1.0,1,P10_CV0,2,2,0,2,0,0,2,0,2
41,136928.0727,-175283.8832,E41_F55_m73f73_P41_Y4_UO3315,I73_F41_m-1f-1_P73_Y-1_U166,I73_F41_m11f11_P89_Y1_UO573,MXY,3,0.0,1,0,0.0,0,0,0,-9999.0,0.625,1,P10_CV0,2,2,0,1,1,0,2,0,2
41,136928.0727,-175283.8832,E41_F73_m15f15_P41_Y4_UO792,I15_F89_m11f11_P49_Y2_UO627,I15_F89_m73f73_P89_Y0_UO3605,MXY,3,0.0,1,0,0.0,0,0,0,-9999.0,0.5,1,P10_CV0,2,0,2,1,1,0,2,0,2
41,136928.0727,-175283.8832,E41_F15_m11f11_P41_Y3_UO604,I11_F49_m-1f-1_P11_Y-1_U45,I11_F89_m-1f-1_P11_Y-1_U94,FXX,4,0.0,1,0,1.0,0,0,0,-9999.0,0.25,1,P10_CV0,2,0,2,2,0,0,2,0,2
41,136928.0727,-175283.8832,E41_F55_m73f73_P89_Y3_UO3347,I73_F89_m-1f-1_P73_Y-1_U74,I73_F41_m11f11_P89_Y0_UO636,FXX,4,0.0,1,0,1.0,0,0,0,-9999.0,0.625,1,P10_CV0,2,1,1,1,1,0,2,0,2
41,136928.0727,-175283.8832,E41_F55_m11f11_P49_Y3_UO601,I11_F89_m43f43_P49_Y0_UO2175,I11_F89_m-1f-1_P11_Y-1_U68,MXY,4,0.0,1,0,0.0,0,0,0,-9999.0,0.5,1,P10_CV0,2,1,1,1,1,0,2,0,2
41,136928.0727,-175283.8832,E41_F73_m55f55_P89_Y3_UO2574,ID55_F49_m-1f-1_P11_Y-1_U228,ID55_F89_m-1f-1_P55_Y-1_U126,FXX,4,0.0,1,0,1.0,0,0,0,-9999.0,0.75,1,P10_CV0,2,1,1,1,1,0,2,0,2
41,136928.0727,-175283.8832,E41_F15_m11f11_P89_Y2_UO628,I11_F89_m-1f-1_P11_Y-1_U65,I11_F48_m-1f-1_P11_Y-1_U245,FXX,5,0.0,1,0,1.0,0,0,0,-9999.0,0.5,1,P10_CV0,2,1,1,1,1,0,2,0,2
41,136928.0727,-175283.8832,E41_F15_m11f11_P89_Y2_UO603,I11_F2_m-1f-1_P11_Y-1_U204,I11_F41_m-1f-1_P11_Y-1_U138,MXY,5,0.0,1,0,0.0,0,0,0,-9999.0,0.5,1,P10_CV0,2,1,1,1,1,0,2,0,2
41,136928.0727,-175283.8832,E41_F73_m11f11_P48_Y1_UO562,I11_F49_m-1f-1_P11_Y-1_U159,I11_F89_m-1f-1_P11_Y-1_U4,MXY,6,0.0,1,0,0.0,0,0,0,-9999.0,0.75,1,P10_CV0,2,2,0,0,2,0,2,0,2
41,136928.0727,-175283.8832,E41_F15_m11f11_P89_Y0_UO597,R11_F11_m-1f-1_P11_Y-1_U37,R11_F11_m-1f-1_P11_Y-1_U146,FXX,7,0.0,1,0,1.0,0,0,0,-9999.0,0.5,1,P10_CV0,2,1,1,2,0,0,2,0,2
41,136928.0727,-175283.8832,E41_F11_m-1f-1_P11_Y-1_U162,-9999,-9999,FXX,11,0.0,1,0,1.0,0,0,0,-9999.0,0.5,1,P10_CV0,2,1,1,0,2,0,2,0,2
41,136928.0727,-175283.8832,Age0_F41_m15f15_P41_Y7_UO781,ID15_F14_m15f15_P41_Y5_UO829,I15_F41_m73f73_P89_Y5_UO3377,FXX,0,0.0,0,0,0.0,0,0,0,0.0,0.5,1,P14_CV0,2,0,2,1,1,0,2,0,2
41,136928.0727,-175283.8832,Age0_F41_m15f15_P41_Y7_UO791,I15_F41_m73f73_P89_Y5_UO3327,I15_F89_m73f73_P89_Y4_UO3299,MXY,0,0.0,0,0,0.0,0,0,0,0.0,0.59375,1,P14_CV0,2,2,0,1,1,0,2,0,2
41,136928.0727,-175283.8832,Age0_F41_m15f15_P41_Y7_UO798,I15_F89_m55f55_P89_Y5_UO2534,I15_F14_m73f73_P41_Y4_UO3284,FXX,0,0.0,0,0,0.0,0,0,0,0.0,0.59375,1,P14_CV0,2,1,1,0,2,0,2,0,2
41,136928.0727,-175283.8832,Age0_F41_m15f15_P41_Y7_UO801,I15_F14_m15f15_P41_Y5_UO844,I15_F89_m15f15_P41_Y0_UO811,MXY,0,0.0,0,0,0.0,0,0,0,0.0,0.375,1,P14_CV0,2,1,1,1,1,0,2,0,2
41,136928.0727,-175283.8832,Age0_F41_m15f15_P41_Y7_UO803,I15_F41_m15f15_P41_Y4_UO841,ID15_F89_m43f43_P89_Y5_UO2113,MXY,0,0.0,0,0,0.0,0,0,0,0.0,0.5625,1,P14_CV0,2,0,2,1,1,0,2,0,2
41,136928.0727,-175283.8832,Age0_F41_m15f15_P41_Y7_UO806,ID15_F14_m15f15_P14_Y4_UO850,I15_F14_m-1f-1_P15_Y-1_U241,MXY,0,0.0,0,0,0.0,0,0,0,0.0,0.96875,1,P14_CV0,2,2,0,1,1,0,2,0,2
41,136928.0727,-175283.8832,Age0_F41_m15f15_P41_Y7_UO817,I15_F41_m73f73_P89_Y4_UO3347,I15_F89_m15f15_P41_Y4_UO802,MXY,0,0.0,0,0,0.0,0,0,0,0.0,0.25,1,P14_CV0,2,0,2,2,0,0,2,0,2
41,136928.0727,-175283.8832,Age0_F41_m15f15_P41_Y7_UO819,ID15_F89_m15f15_P41_Y4_UO833,I15_F89_m73f73_P41_Y5_UO3297,MXY,0,0.0,0,0,0.0,0,0,0,0.0,0.1875,1,P14_CV0,2,0,2,1,1,0,2,0,2
41,136928.0727,-175283.8832,Age0_F41_m15f15_P41_Y7_UO820,I15_F89_m73f73_P89_Y4_UO3320,ID15_F41_m55f55_P89_Y5_UO2598,MXY,0,0.0,0,0,0.0,0,0,0,0.0,0.4375,1,P14_CV0,2,0,2,1,1,0,2,0,2
41,136928.0727,-175283.8832,Age0_F41_m15f15_P41_Y7_UO822,ID15_F41_m73f73_P89_Y4_UO3268,I15_F41_m-1f-1_P73_Y-1_U222,FXX,0,0.0,0,0,0.0,0,0,0,0.0,0.5,1,P14_CV0,2,1,1,1,1,0,2,0,2
41,136928.0727,-175283.8832,Age0_F41_m15f15_P41_Y7_UO823,ID15_F41_m15f15_P41_Y4_UO856,I15_F41_m43f43_P41_Y3_UO2037,MXY,0,0.0,0,0,0.0,0,0,0,0.0,0.375,1,P14_CV0,2,0,2,0,2,0,2,0,2
41,136928.0727,-175283.8832,Age0_F41_m15f15_P41_Y7_UO837,ID15_F41_m55f55_P89_Y3_UO2561,ID15_F41_m55f55_P89_Y5_UO2598,FXX,0,0.0,0,0,0.0,0,0,0,0.0,0.375,1,P14_CV0,2,0,2,1,1,0,2,0,2
41,136928.0727,-175283.8832,Age0_F41_m15f15_P41_Y7_UO850,I15_F41_m15f15_P41_Y2_UO822,I15_F14_m73f73_P41_Y4_UO3284,MXY,0,0.0,0,0,0.0,0,0,0,0.0,0.5625,1,P14_CV0,2,1,1,0,2,0,2,0,2
41,136928.0727,-175283.8832,Age0_F41_m15f15_P41_Y7_UO851,I15_F89_m73f73_P89_Y1_UO3150,I15_F41_m73f73_P89_Y5_UO3377,MXY,0,0.0,0,0,0.0,0,0,0,0.0,0.84375,1,P14_CV0,2,1,1,2,0,0,2,0,2
41,136928.0727,-175283.8832,Age0_F41_m15f15_P41_Y7_UO856,ID15_F41_m15f15_P89_Y1_UO788,ID15_F14_m-1f-1_P15_Y-1_U105,MXY,0,0.0,0,0,0.0,0,0,0,0.0,0.75,1,P14_CV0,2,1,1,2,0,0,2,0,2
41,136928.0727,-175283.8832,Age0_F41_m15f15_P41_Y7_UO873,I15_F41_m-1f-1_P15_Y-1_U196,I15_F41_m15f15_P89_Y0_UO824,MXY,0,0.0,0,0,0.0,0,0,0,0.0,0.75,1,P14_CV0,2,1,1,0,2,0,2,0,2
41,136928.0727,-175283.8832,Age0_F41_m15f15_P41_Y7_UO879,I15_F41_m-1f-1_P15_Y-1_U139,ID15_F41_m15f15_P41_Y4_UO789,FXX,0,0.0,0,0,0.0,0,0,0,0.0,0.5625,1,P14_CV0,2,1,1,2,0,0,2,0,2
41,136928.0727,-175283.8832,Age0_F41_m55f55_P41_Y7_UO2568,I55_F89_m31f31_P48_Y4_UO1529,ID55_F41_m15f15_P41_Y5_UO830,FXX,0,0.0,0,0,0.0,0,0,0,0.0,0.5,1,P14_CV0,2,1,1,1,1,0,2,0,2
41,136928.0727,-175283.8832,Age0_F41_m55f55_P41_Y7_UO2585,I55_F89_m15f15_P41_Y3_UO801,I55_F89_m55f55_P89_Y0_UO2741,FXX,0,0.0,0,0,0.0,0,0,0,0.0,0.5,1,P14_CV0,2,1,1,1,1,0,2,0,2
41,136928.0727,-175283.8832,Age0_F41_m55f55_P41_Y7_UO2592,ID55_F89_m15f15_P14_Y3_UO772,ID55_F89_m55f55_P41_Y5_UO2518,FXX,0,0.0,0,0,0.0,0,0,0,0.0,0.28125,1,P14_CV0,2,0,2,1,1,0,2,0,2
41,136928.0727,-175283.8832,Age0_F41_m55f55_P41_Y7_UO2594,I55_F41_m15f15_P41_Y2_UO768,ID55_F41_m55f55_P89_Y5_UO2564,MXY,0,0.0,0,0,0.0,0,0,0,0.0,0.46875,1,P14_CV0,2,1,1,1,1,0,2,0,2
41,136928.0727,-175283.8832,Age0_F41_m55f55_P41_Y7_UO2604,ID55_F41_m55f55_P41_Y2_UO2556,ID55_F89_m15f15_P89_Y5_UO873,FXX,0,0.0,0,0,0.0,0,0,0,0.0,0.375,1,P14_CV0,2,1,1,2,0,0,2,0,2
41,136928.0727,-175283.8832,Age0_F41_m55f55_P41_Y7_UO2616,I55_F89_m15f15_P41_Y0_UO818,ID55_F89_m100f100_P48_Y2_UO4606,MXY,0,0.0,0,0,0.0,0,0,0,0.0,0.625,1,P14_CV0,2,2,0,0,2,0,2,0,2
41,136928.0727,-175283.8832,Age0_F41_m55f55_P41_Y7_UO2628,ID55_F14_m-1f-1_P15_Y-1_U137,I55_F89_m-1f-1_P73_Y-1_U176,MXY,0,0.0,0,0,0.0,0,0,0,0.0,0.5,1,P14_CV0,2,1,1,2,0,0,2,0,2
41,136928.0727,-175283.8832,Age0_F41_m55f55_P41_Y7_UO2629,ID55_F89_m-1f-1_P55_Y-1_U201,I55_F89_m15f15_P89_Y3_UO755,MXY,0,0.0,0,0,0.0,0,0,0,0.0,0.8125,1,P14_CV0,2,2,0,0,2,0,2,0,2
41,136928.0727,-175283.8832,Age0_F41_m55f55_P41_Y7_UO2630,ID55_F41_m-1f-1_P15_Y-1_U211,I55_F41_m-1f-1_P73_Y-1_U246,FXX,0,0.0,0,0,0.0,0,0,0,0.0,0.25,1,P14_CV0,2,0,2,1,1,0,2,0,2
41,136928.0727,-175283.8832,Age0_F41_m73f73_P41_Y7_UO3327,I73_F14_m55f55_P89_Y5_UO2596,I73_F89_m-1f-1_P73_Y-1_U92,FXX,0,0.0,0,0,0.0,0,0,0,0.0,0.375,1,P14_CV0,2,1,1,1,1,0,2,0,2
41,136928.0727,-175283.8832,Age0_F41_m73f73_P41_Y7_UO3329,I73_F89_m15f15_P14_Y5_UO837,I73_F89_m15f15_P89_Y4_UO762,FXX,0,0.0,0,0,0.0,0,0,0,0.0,0.78125,1,P14_CV0,2,2,0,0,2,0,2,0,2
41,136928.0727,-175283.8832,Age0_F41_m73f73_P41_Y7_UO3332,I73_F89_m15f15_P89_Y5_UO795,I73_F89_m15f15_P89_Y4_UO773,FXX,0,0.0,0,0,0.0,0,0,0,0.0,0.5,1,P14_CV0,2,1,1,1,1,0,2,0,2
41,136928.0727,-175283.8832,Age0_F41_m73f73_P41_Y7_UO3335,I73_F89_m15f15_P89_Y5_UO876,ID73_F14_m55f55_P14_Y3_UO2577,MXY,0,0.0,0,0,0.0,0,0,0,0.0,0.3125,1,P14_CV0,2,0,2,1,1,0,2,0,2
41,136928.0727,-175283.8832,Age0_F41_m73f73_P41_Y7_UO3345,I73_F89_m15f15_P41_Y4_UO865,I73_F89_m15f15_P89_Y4_UO773,FXX,0,0.0,0,0,0.0,0,0,0,0.0,0.5625,1,P14_CV0,2,2,0,1,1,0,2,0,2
41,136928.0727,-175283.8832,Age0_F41_m73f73_P41_Y7_UO3360,ID73_F48_m43f43_P49_Y4_UO2117,ID73_F41_m73f73_P41_Y3_UO3330,MXY,0,0.0,0,0,0.0,0,0,0,0.0,0.4375,1,P14_CV0,2,0,2,1,1,0,2,0,2
41,136928.0727,-175283.8832,Age0_F41_m73f73_P41_Y7_UO3369,I73_F89_m15f15_P41_Y3_UO803,I73_F41_m73f73_P89_Y2_UO3295,MXY,0,0.0,0,0,0.0,0,0,0,0.0,0.625,1,P14_CV0,2,2,0,1,1,0,2,0,2
41,136928.0727,-175283.8832,Age0_F41_m73f73_P41_Y7_UO3386,I73_F89_m15f15_P41_Y1_UO769,I73_F89_m15f15_P89_Y5_UO801,FXX,0,0.0,0,0,0.0,0,0,0,0.0,0.5,1,P14_CV0,2,1,1,1,1,0,2,0,2
41,136928.0727,-175283.8832,Age0_F41_m73f73_P41_Y7_UO3395,I73_F89_m55f55_P41_Y0_UO2820,I73_F89_m15f15_P41_Y5_UO812,MXY,0,0.0,0,0,0.0,0,0,0,0.0,0.5,1,P14_CV0,2,1,1,2,0,0,2,0,2
41,136928.0727,-175283.8832,E41_F15_m15f15_P14_Y6_UO864,I15_F89_m15f15_P41_Y0_UO870,I15_F89_m15f15_P14_Y2_UO785,MXY,1,0.0,1,1,0.0,0,0,0,-9999.0,0.375,1,P14_CV0,2,1,1,2,0,0,2,0,2
41,136928.0727,-175283.8832,E41_F15_m55f55_P14_Y6_UO2552,I55_F41_m55f55_P41_Y4_UO2568,I55_F89_m-1f-1_P55_Y-1_U208,MXY,1,0.0,1,1,0.0,0,0,0,-9999.0,0.625,1,P14_CV0,2,1,1,2,0,0,2,0,2
41,136928.0727,-175283.8832,E41_F15_m55f55_P14_Y6_UO2627,ID55_F48_m15f15_P41_Y1_UO713,I55_F49_m15f15_P89_Y4_UO824,MXY,1,0.0,1,1,0.0,0,0,0,-9999.0,0.5625,1,P14_CV0,2,2,0,2,0,0,2,0,2
41,136928.0727,-175283.8832,E41_F15_m15f15_P41_Y6_UO841,I15_F41_m55f55_P41_Y2_UO2556,ID15_F41_m-1f-1_P73_Y-1_U192,MXY,1,0.0,1,1,0.0,0,0,0,-9999.0,0.125,1,P14_CV0,2,1,1,0,2,0,2,0,2
41,136928.0727,-175283.8832,E41_F15_m15f15_P41_Y6_UO845,I15_F41_m15f15_P41_Y2_UO796,ID15_F89_m43f43_P41_Y4_UO2106,MXY,1,0.0,1,1,0.0,0,0,0,-9999.0,0.375,1,P14_CV0,2,0,2,1,1,0,2,0,2
41,136928.0727,-175283.8832,E41_F15_m15f15_P41_Y6_UO868,I15_F89_m-1f-1_P15_Y-1_U83,I15_F41_m-1f-1_P73_Y-1_U236,FXX,1,0.0,1,1,1.0,0,0,0,-9999.0,0.25,1,P14_CV0,2,0,2,1,1,0,2,0,2
41,136928.0727,-175283.8832,E41_F15_m55f55_P41_Y6_UO2560,I55_F89_m73f73_P89_Y4_UO3293,I55_F41_m-1f-1_P55_Y-1_U36,MXY,1,0.0,1,1,0.0,0,0,0,-9999.0,0.875,1,P14_CV0,2,1,1,1,1,0,2,0,2
41,136928.0727,-175283.8832,E41_F15_m55f55_P41_Y6_UO2598,I55_F89_m15f15_P14_Y3_UO834,ID55_F41_m55f55_P41_Y4_UO2496,FXX,1,0.0,1,1,1.0,0,0,0,-9999.0,0.5625,1,P14_CV0,2,1,1,2,0,0,2,0,2
41,136928.0727,-175283.8832,E41_F15_m55f55_P41_Y6_UO2617,I55_F89_m73f73_P89_Y2_UO3360,I55_F89_m55f55_P89_Y4_UO2517,FXX,1,0.0,1,1,1.0,0,0,0,-9999.0,0.75,1,P14_CV0,2,2,0,2,0,0,2,0,2
41,136928.0727,-175283.8832,E41_F15_m55f55_P41_Y6_UO2657,I55_F89_m-1f-1_P15_Y-1_U235,I55_F41_m55f55_P41_Y4_UO2564,FXX,1,0.0,1,1,1.0,0,0,0,-9999.0,0.6875,1,P14_CV0,2,0,2,1,1,0,2,0,2
41,136928.0727,-175283.8832,E41_F15_m73f73_P41_Y6_UO3417,ID73_F89_m-1f-1_P15_Y-1_U211,ID73_F89_m55f55_P89_Y3_UO2613,FXX,1,0.0,1,1,1.0,0,0,0,-9999.0,0.6875,1,P14_CV0,2,1,1,1,1,0,2,0,2
41,136928.0727,-175283.8832,E41_F55_m15f15_P14_Y6_UO849,I15_F41_m15f15_P14_Y2_UO778,I15_F41_m15f15_P41_Y0_UO811,FXX,1,0.0,1,1,1.0,0,0,0,-9999.0,0.375,1,P14_CV0,2,1,1,2,0,0,2,0,2
41,136928.0727,-175283.8832,E41_F55_m15f15_P41_Y6_UO865,I15_F14_m15f15_P14_Y0_UO843,I15_F14_m-1f-1_P15_Y-1_U105,MXY,1,0.0,1,1,0.0,0,0,0,-9999.0,0.875,1,P14_CV0,2,2,0,1,1,0,2,0,2
41,136928.0727,-175283.8832,E41_F55_m15f15_P41_Y6_UO889,I15_F41_m-1f-1_P15_Y-1_U34,I15_F89_m73f73_P41_Y4_UO3309,FXX,1,0.0,1,1,1.0,0,0,0,-9999.0,0.4375,1,P14_CV0,2,2,0,1,1,0,2,0,2
41,136928.0727,-175283.8832,E41_F55_m55f55_P41_Y6_UO2555,I55_F41_m73f73_P89_Y4_UO3343,ID55_F41_m15f15_P41_Y4_UO867,FXX,1,0.0,1,1,1.0,0,0,0,-9999.0,0.5625,1,P14_CV0,2,0,2,1,1,0,2,0,2
41,136928.0727,-175283.8832,E41_F55_m55f55_P41_Y6_UO2637,I55_F89_m43f43_P89_Y0_UO2153,ID55_F41_m55f55_P41_Y4_UO2496,FXX,1,0.0,1,1,1.0,0,0,0,-9999.0,0.4375,1,P14_CV0,2,0,2,1,1,0,2,0,2
41,136928.0727,-175283.8832,E41_F55_m73f73_P41_Y6_UO3338,I73_F89_m73f73_P89_Y4_UO3300,ID73_F41_m15f15_P41_Y3_UO759,MXY,1,0.0,1,1,0.0,0,0,0,-9999.0,0.4375,1,P14_CV0,2,1,1,2,0,0,2,0,2
41,136928.0727,-175283.8832,E41_F55_m43f43_P48_Y6_UO2122,I43_F49_m11f11_P48_Y4_UO621,I43_F49_m15f15_P14_Y3_UO771,FXX,1,0.0,1,1,1.0,0,0,0,-9999.0,0.375,1,P14_CV0,2,1,1,1,1,0,2,0,2
41,136928.0727,-175283.8832,E41_F55_m15f15_P89_Y6_UO814,I15_F41_m15f15_P41_Y4_UO868,ID15_F89_m15f15_P89_Y1_UO778,MXY,1,0.0,1,1,0.0,0,0,0,-9999.0,0.46875,1,P14_CV0,2,1,1,1,1,0,2,0,2
41,136928.0727,-175283.8832,E41_F55_m55f55_P89_Y6_UO2583,I55_F14_m15f15_P41_Y3_UO801,I55_F89_m73f73_P14_Y4_UO3344,FXX,1,0.0,1,1,1.0,0,0,0,-9999.0,0.3125,1,P14_CV0,2,1,1,0,2,0,2,0,2
41,136928.0727,-175283.8832,E41_F73_m15f15_P89_Y6_UO821,ID15_F89_m15f15_P41_Y3_UO781,I15_F41_m-1f-1_P73_Y-1_U236,MXY,1,0.0,1,1,0.0,0,0,0,-9999.0,0.3125,1,P14_CV0,2,1,1,1,1,0,2,0,2
41,136928.0727,-175283.8832,E41_F73_m15f15_P89_Y6_UO859,ID15_F14_m55f55_P41_Y1_UO2499,ID15_F89_m73f73_P89_Y4_UO3299,MXY,1,0.0,1,1,0.0,0,0,0,-9999.0,0.625,1,P14_CV0,2,1,1,1,1,0,2,0,2
41,136928.0727,-175283.8832,E41_F73_m55f55_P89_Y6_UO2621,I55_F41_m15f15_P89_Y1_UO722,I55_F14_m15f15_P41_Y0_UO802,FXX,1,0.0,1,1,1.0,0,0,0,-9999.0,0.625,1,P14_CV0,2,1,1,0,2,0,2,0,2
41,136928.0727,-175283.8832,E41_F73_m73f73_P89_Y6_UO3330,I73_F89_m15f15_P41_Y4_UO833,I73_F41_m15f15_P41_Y0_UO829,MXY,1,0.0,1,1,0.0,0,0,0,-9999.0,0.0,1,P14_CV0,2,0,2,0,2,0,2,0,2
41,136928.0727,-175283.8832,E41_F15_m15f15_P41_Y5_UO860,I15_F41_m-1f-1_P15_Y-1_U5,I15_F41_m55f55_P14_Y0_UO2763,FXX,2,0.0,1,0,1.0,0,0,0,-9999.0,0.75,1,P14_CV0,2,1,1,2,0,0,2,0,2
41,136928.0727,-175283.8832,E41_F15_m15f15_P41_Y5_UO829,I15_F41_m55f55_P89_Y2_UO2557,I15_F14_m-1f-1_P15_Y-1_U52,FXX,2,0.0,1,0,1.0,0,0,0,-9999.0,0.3125,1,P14_CV0,2,0,2,0,2,0,2,0,2
41,136928.0727,-175283.8832,E41_F15_m15f15_P41_Y5_UO866,I15_F89_m-1f-1_P15_Y-1_U27,I15_F14_m-1f-1_P15_Y-1_U52,MXY,2,0.0,1,0,0.0,0,0,0,-9999.0,0.0,1,P14_CV0,2,0,2,2,0,0,2,0,2
41,136928.0727,-175283.8832,E41_F15_m55f55_P14_Y5_UO2549,ID55_F89_m15f15_P41_Y3_UO838,I55_F89_m-1f-1_P15_Y-1_U163,MXY,2,0.0,1,0,0.0,0,0,0,-9999.0,0.6875,1,P14_CV0,2,1,1,2,0,0,2,0,2
41,136928.0727,-175283.8832,E41_F15_m15f15_P41_Y5_UO811,I15_F41_m11f11_P89_Y2_UO628,I15_F41_m15f15_P41_Y1_UO777,FXX,2,0.0,1,0,1.0,0,0,0,-9999.0,0.625,1,P14_CV0,2,1,1,2,0,0,2,0,2
41,136928.0727,-175283.8832,E41_F15_m73f73_P89_Y5_UO3377,ID73_F89_m-1f-1_P15_Y-1_U136,ID73_F41_m73f73_P14_Y3_UO3341,MXY,2,0.0,1,0,0.0,0,0,0,-9999.0,0.6875,1,P14_CV0,2,1,1,2,0,0,2,0,2
41,136928.0727,-175283.8832,E41_F15_m15f15_P41_Y5_UO884,I15_F41_m-1f-1_P15_Y-1_U34,I15_F41_m-1f-1_P15_Y-1_U179,MXY,2,0.0,1,0,0.0,0,0,0,-9999.0,0.5,1,P14_CV0,2,1,1,1,1,0,2,0,2
41,136928.0727,-175283.8832,E41_F43_m15f15_P48_Y5_UO878,I15_F41_m-1f-1_P15_Y-1_U87,I15_F41_m73f73_P89_Y0_UO3550,FXX,2,0.0,1,0,1.0,0,0,0,-9999.0,0.75,1,P14_CV0,2,2,0,1,1,0,2,0,2
41,136928.0727,-175283.8832,E41_F55_m15f15_P14_Y5_UO842,ID15_F41_m15f15_P89_Y1_UO746,I15_F41_m15f15_P14_Y1_UO715,FXX,2,0.0,1,0,1.0,0,0,0,-9999.0,0.5,1,P14_CV0,2,0,2,0,2,0,2,0,2
41,136928.0727,-175283.8832,E41_F55_m73f73_P89_Y5_UO3347,I73_F49_m73f73_P41_Y0_UO3557,ID73_F89_m15f15_P41_Y2_UO816,MXY,2,0.0,1,0,0.0,0,0,0,-9999.0,0.25,1,P14_CV0,2,0,2,1,1,0,2,0,2
41,136928.0727,-175283.8832,E41_F55_m73f73_P89_Y5_UO3353,I73_F14_m15f15_P14_Y0_UO894,I73_F89_m-1f-1_P73_Y-1_U77,MXY,2,0.0,1,0,0.0,0,0,0,-9999.0,0.375,1,P14_CV0,2,0,2,0,2,0,2,0,2
41,136928.0727,-175283.8832,E41_F55_m43f43_P48_Y5_UO2106,I43_F49_m63f63_P49_Y1_UO2929,I43_F48_m15f15_P14_Y2_UO808,MXY,2,0.0,1,0,0.0,0,0,0,-9999.0,0.375,1,P14_CV0,2,0,2,1,1,0,2,0,2
41,136928.0727,-175283.8832,E41_F55_m55f55_P89_Y5_UO2569,ID55_F41_m73f73_P41_Y2_UO3287,I55_F41_m55f55_P14_Y3_UO2577,MXY,2,0.0,1,0,0.0,0,0,0,-9999.0,0.25,1,P14_CV0,2,1,1,0,2,0,2,0,2
41,136928.0727,-175283.8832,E41_F55_m73f73_P89_Y5_UO3343,I73_F89_m15f15_P14_Y0_UO891,I73_F89_m73f73_P89_Y2_UO3334,MXY,2,0.0,1,0,0.0,0,0,0,-9999.0,0.5,1,P14_CV0,2,1,1,0,2,0,2,0,2
41,136928.0727,-175283.8832,E41_F73_m15f15_P41_Y5_UO812,ID15_F89_m55f55_P89_Y2_UO2597,I15_F14_m-1f-1_P15_Y-1_U114,MXY,2,0.0,1,0,0.0,0,0,0,-9999.0,0.5,1,P14_CV0,2,1,1,2,0,0,2,0,2
41,136928.0727,-175283.8832,E41_F73_m55f55_P41_Y5_UO2622,I55_F89_m-1f-1_P43_Y-1_U96,I55_F89_m-1f-1_P15_Y-1_U64,MXY,2,0.0,1,0,0.0,0,0,0,-9999.0,0.75,1,P14_CV0,2,1,1,0,2,0,2,0,2
41,136928.0727,-175283.8832,E41_F73_m55f55_P89_Y5_UO2596,I55_F41_m15f15_P41_Y0_UO837,ID55_F89_m-1f-1_P15_Y-1_U177,FXX,2,0.0,1,0,1.0,0,0,0,-9999.0,0.25,1,P14_CV0,2,0,2,0,2,0,2,0,2
41,136928.0727,-175283.8832,E41_F73_m15f15_P14_Y5_UO837,I15_F49_m15f15_P14_Y1_UO757,I15_F14_m100f100_P49_Y0_UO4953,FXX,2,0.0,1,0,1.0,0,0,0,-9999.0,0.75,1,P14_CV0,2,1,1,1,1,0,2,0,2
41,136928.0727,-175283.8832,E41_F73_m55f55_P41_Y5_UO2619,I55_F89_m-1f-1_P43_Y-1_U24,ID55_F89_m-1f-1_P15_Y-1_U177,MXY,2,0.0,1,0,0.0,0,0,0,-9999.0,0.5,1,P14_CV0,2,1,1,1,1,0,2,0,2
41,136928.0727,-175283.8832,E41_F73_m15f15_P89_Y5_UO795,I15_F14_m73f73_P41_Y3_UO3266,I15_F89_m-1f-1_P15_Y-1_U40,FXX,2,0.0,1,0,1.0,0,0,0,-9999.0,0.625,1,P14_CV0,2,2,0,2,0,0,2,0,2
41,136928.0727,-175283.8832,E41_F73_m55f55_P41_Y5_UO2540,I55_F89_m55f55_P89_Y3_UO2597,I55_F89_m15f15_P89_Y1_UO704,MXY,2,0.0,1,0,0.0,0,0,0,-9999.0,0.625,1,P14_CV0,2,1,1,0,2,0,2,0,2
41,136928.0727,-175283.8832,E41_F73_m15f15_P89_Y5_UO876,I15_F89_m-1f-1_P15_Y-1_U151,I15_F41_m15f15_P89_Y3_UO843,FXX,2,0.0,1,0,1.0,0,0,0,-9999.0,0.375,1,P14_CV0,2,0,2,2,0,0,2,0,2
41,136928.0727,-175283.8832,E41_F73_m55f55_P41_Y5_UO2572,I55_F41_m100f100_P49_Y2_UO4629,I55_F89_m15f15_P41_Y0_UO802,FXX,2,0.0,1,0,1.0,0,0,0,-9999.0,0.375,1,P14_CV0,2,2,0,2,0,0,2,0,2
41,136928.0727,-175283.8832,E41_F15_m15f15_P41_Y4_UO841,I15_F41_m-1f-1_P15_Y-1_U24,I15_F89_m55f55_P41_Y1_UO2442,FXX,3,0.0,1,0,1.0,0,0,0,-9999.0,0.5,1,P14_CV0,2,1,1,2,0,0,2,0,2
41,136928.0727,-175283.8832,E41_F15_m73f73_P41_Y4_UO3284,I73_F89_m73f73_P89_Y1_UO3165,I73_F41_m55f55_P89_Y2_UO2618,MXY,3,0.0,1,0,0.0,0,0,0,-9999.0,0.625,1,P14_CV0,2,2,0,1,1,0,2,0,2
41,136928.0727,-175283.8832,E41_F15_m15f15_P14_Y4_UO850,I15_F14_m-1f-1_P15_Y-1_U20,I15_F41_m15f15_P14_Y2_UO755,FXX,3,0.0,1,0,1.0,0,0,0,-9999.0,0.9375,1,P14_CV0,2,2,0,0,2,0,2,0,2
41,136928.0727,-175283.8832,E41_F15_m15f15_P14_Y4_UO768,I15_F89_m15f15_P41_Y2_UO768,I15_F41_m-1f-1_P15_Y-1_U105,MXY,3,0.0,1,0,0.0,0,0,0,-9999.0,0.6875,1,P14_CV0,2,2,0,2,0,0,2,0,2
41,136928.0727,-175283.8832,E41_F15_m15f15_P41_Y4_UO833,I15_F89_m-1f-1_P55_Y-1_U149,I15_F41_m-1f-1_P15_Y-1_U68,FXX,3,0.0,1,0,1.0,0,0,0,-9999.0,0.0,1,P14_CV0,2,0,2,1,1,0,2,0,2
41,136928.0727,-175283.8832,E41_F15_m73f73_P89_Y4_UO3320,ID73_F89_m-1f-1_P73_Y-1_U171,I73_F89_m15f15_P49_Y0_UO834,FXX,3,0.0,1,0,1.0,0,0,0,-9999.0,0.5,1,P14_CV0,2,0,2,1,1,0,2,0,2
41,136928.0727,-175283.8832,E41_F15_m73f73_P89_Y4_UO3268,ID73_F89_m15f15_P41_Y2_UO828,I73_F89_m73f73_P89_Y2_UO3295,FXX,3,0.0,1,0,1.0,0,0,0,-9999.0,0.5,1,P14_CV0,2,1,1,1,1,0,2,0,2
41,136928.0727,-175283.8832,E41_F15_m15f15_P41_Y4_UO856,I15_F14_m-1f-1_P15_Y-1_U182,ID15_F41_m15f15_P41_Y0_UO811,FXX,3,0.0,1,0,1.0,0,0,0,-9999.0,0.375,1,P14_CV0,2,0,2,1,1,0,2,0,2
41,136928.0727,-175283.8832,E41_F15_m73f73_P89_Y4_UO3299,ID73_F41_m15f15_P41_Y0_UO900,I73_F89_m15f15_P41_Y0_UO829,MXY,3,0.0,1,0,0.0,0,0,0,-9999.0,0.5,1,P14_CV0,2,1,1,1,1,0,2,0,2
41,136928.0727,-175283.8832,E41_F55_m73f73_P89_Y4_UO3346,I73_F89_m-1f-1_P73_Y-1_U32,I73_F89_m-1f-1_P15_Y-1_U195,FXX,3,0.0,1,0,1.0,0,0,0,-9999.0,0.5,1,P14_CV0,2,0,2,1,1,0,2,0,2
41,136928.0727,-175283.8832,E41_F73_m15f15_P41_Y4_UO865,ID15_F89_m-1f-1_P15_Y-1_U34,I15_F14_m-1f-1_P15_Y-1_U78,FXX,3,0.0,1,0,1.0,0,0,0,-9999.0,0.75,1,P14_CV0,2,2,0,1,1,0,2,0,2
41,136928.0727,-175283.8832,E41_F73_m15f15_P89_Y4_UO848,I15_F89_m-1f-1_P100_Y-1_U239,I15_F41_m15f15_P14_Y1_UO781,MXY,3,0.0,1,0,0.0,0,0,0,-9999.0,0.25,1,P14_CV0,2,0,2,2,0,0,2,0,2
41,136928.0727,-175283.8832,E41_F73_m15f15_P89_Y4_UO772,I15_F41_m55f55_P14_Y2_UO2570,I15_F41_m-1f-1_P15_Y-1_U199,FXX,3,0.0,1,0,1.0,0,0,0,-9999.0,0.8125,1,P14_CV0,2,2,0,0,2,0,2,0,2
41,136928.0727,-175283.8832,E41_F73_m15f15_P89_Y4_UO762,I15_F41_m15f15_P14_Y2_UO819,I15_F41_m-1f-1_P15_Y-1_U188,MXY,3,0.0,1,0,0.0,0,0,0,-9999.0,0.8125,1,P14_CV0,2,2,0,0,2,0,2,0,2
41,136928.0727,-175283.8832,E41_F73_m15f15_P89_Y4_UO773,I15_F14_m55f55_P89_Y2_UO2625,I15_F41_m73f73_P89_Y2_UO3294,MXY,3,0.0,1,0,0.0,0,0,0,-9999.0,0.375,1,P14_CV0,2,1,1,0,2,0,2,0,2
41,136928.0727,-175283.8832,E41_F73_m15f15_P89_Y4_UO840,I15_F89_m-1f-1_P15_Y-1_U27,I15_F89_m-1f-1_P73_Y-1_U176,FXX,3,0.0,1,0,1.0,0,0,0,-9999.0,0.0,1,P14_CV0,2,0,2,2,0,0,2,0,2
41,136928.0727,-175283.8832,E41_F73_m43f43_P49_Y4_UO2117,I43_F49_m-1f-1_P43_Y-1_U231,I43_F89_m15f15_P14_Y1_UO779,FXX,3,0.0,1,0,1.0,0,0,0,-9999.0,0.375,1,P14_CV0,2,1,1,2,0,0,2,0,2
41,136928.0727,-175283.8832,E41_F15_m55f55_P89_Y3_UO2561,I55_F89_m15f15_P41_Y0_UO860,I55_F14_m-1f-1_P73_Y-1_U87,FXX,4,0.0,1,0,1.0,0,0,0,-9999.0,0.375,1,P14_CV0,2,0,2,1,1,0,2,0,2
41,136928.0727,-175283.8832,E41_F55_m55f55_P41_Y3_UO2601,I55_F89_m-1f-1_P55_Y-1_U53,I55_F89_m15f15_P41_Y0_UO840,MXY,4,0.0,1,0,0.0,0,0,0,-9999.0,0.625,1,P14_CV0,2,1,1,1,1,0,2,0,2
41,136928.0727,-175283.8832,E41_F55_m15f15_P41_Y3_UO801,I15_F41_m-1f-1_P15_Y-1_U167,I15_F41_m-1f-1_P15_Y-1_U169,FXX,4,0.0,1,0,1.0,0,0,0,-9999.0,0.25,1,P14_CV0,2,0,2,0,2,0,2,0,2
41,136928.0727,-175283.8832,E41_F55_m15f15_P14_Y3_UO772,I15_F14_m55f55_P89_Y1_UO2476,ID15_F14_m-1f-1_P15_Y-1_U69,FXX,4,0.0,1,0,1.0,0,0,0,-9999.0,0.25,1,P14_CV0,2,0,2,2,0,0,2,0,2
41,136928.0727,-175283.8832,E41_F73_m15f15_P41_Y3_UO803,I15_F41_m-1f-1_P15_Y-1_U5,I15_F89_m55f55_P41_Y0_UO2813,FXX,4,0.0,1,0,1.0,0,0,0,-9999.0,0.5,1,P14_CV0,2,1,1,2,0,0,2,0,2
41,136928.0727,-175283.8832,E41_F73_m15f15_P14_Y3_UO835,ID15_F41_m-1f-1_P73_Y-1_U15,I15_F41_m-1f-1_P15_Y-1_U214,FXX,4,0.0,1,0,1.0,0,0,0,-9999.0,0.25,1,P14_CV0,2,0,2,2,0,0,2,0,2
41,136928.0727,-175283.8832,E41_F15_m55f55_P89_Y2_UO2561,I55_F41_m15f15_P41_Y0_UO884,I55_F41_m-1f-1_P73_Y-1_U71,MXY,5,0.0,1,0,0.0,0,0,0,-9999.0,0.625,1,P14_CV0,2,1,1,1,1,0,2,0,2
41,136928.0727,-175283.8832,E41_F15_m55f55_P89_Y2_UO2542,I55_F89_m15f15_P41_Y0_UO836,I55_F41_m-1f-1_P55_Y-1_U185,FXX,5,0.0,1,0,1.0,0,0,0,-9999.0,0.625,1,P14_CV0,2,1,1,0,2,0,2,0,2
41,136928.0727,-175283.8832,E41_F15_m15f15_P41_Y2_UO822,I15_F41_m-1f-1_P15_Y-1_U20,I15_F14_m-1f-1_P15_Y-1_U61,FXX,5,0.0,1,0,1.0,0,0,0,-9999.0,0.5,1,P14_CV0,2,1,1,0,2,0,2,0,2
41,136928.0727,-175283.8832,E41_F55_m15f15_P41_Y2_UO768,I15_F89_m15f15_P14_Y0_UO832,I15_F89_m-1f-1_P15_Y-1_U55,FXX,5,0.0,1,0,1.0,0,0,0,-9999.0,0.375,1,P14_CV0,2,1,1,1,1,0,2,0,2
41,136928.0727,-175283.8832,E41_F55_m55f55_P41_Y2_UO2556,ID55_F89_m11f11_P89_Y0_UO613,I55_F89_m15f15_P41_Y0_UO840,FXX,5,0.0,1,0,1.0,0,0,0,-9999.0,0.25,1,P14_CV0,2,2,0,1,1,0,2,0,2
41,136928.0727,-175283.8832,E41_F55_m15f15_P41_Y2_UO816,I15_F14_m-1f-1_P15_Y-1_U206,I15_F41_m-1f-1_P15_Y-1_U105,MXY,5,0.0,1,0,0.0,0,0,0,-9999.0,0.5,1,P14_CV0,2,1,1,2,0,0,2,0,2
41,136928.0727,-175283.8832,E41_F73_m15f15_P41_Y2_UO828,I15_F41_m-1f-1_P15_Y-1_U6,I15_F89_m55f55_P41_Y0_UO2813,FXX,5,0.0,1,0,1.0,0,0,0,-9999.0,0.25,1,P14_CV0,2,1,1,2,0,0,2,0,2
41,136928.0727,-175283.8832,E41_F73_m15f15_P89_Y2_UO806,ID15_F41_m-1f-1_P55_Y-1_U103,I15_F14_m-1f-1_P15_Y-1_U146,MXY,5,0.0,1,0,0.0,0,0,0,-9999.0,0.5,1,P14_CV0,2,1,1,2,0,0,2,0,2
41,136928.0727,-175283.8832,E41_F73_m73f73_P89_Y2_UO3334,I73_F41_m-1f-1_P73_Y-1_U193,I73_F89_m-1f-1_P15_Y-1_U107,MXY,5,0.0,1,0,0.0,0,0,0,-9999.0,0.25,1,P14_CV0,2,1,1,1,1,0,2,0,2
41,136928.0727,-175283.8832,E41_F15_m15f15_P89_Y1_UO788,I15_F41_m-1f-1_P15_Y-1_U13,I15_F89_m-1f-1_P15_Y-1_U203,FXX,6,0.0,1,0,1.0,0,0,0,-9999.0,0.5,1,P14_CV0,2,1,1,2,0,0,2,0,2
41,136928.0727,-175283.8832,E41_F15_m15f15_P14_Y1_UO774,I15_F48_m-1f-1_P15_Y-1_U43,I15_F14_m-1f-1_P15_Y-1_U3,MXY,6,0.0,1,0,0.0,0,0,0,-9999.0,0.5,1,P14_CV0,2,0,2,1,1,0,2,0,2
41,136928.0727,-175283.8832,E41_F55_m15f15_P89_Y1_UO711,I15_F14_m-1f-1_P15_Y-1_U112,I15_F41_m-1f-1_P15_Y-1_U55,MXY,6,0.0,1,0,0.0,0,0,0,-9999.0,0.0,1,P14_CV0,2,0,2,1,1,0,2,0,2
41,136928.0727,-175283.8832,E41_F73_m15f15_P41_Y1_UO769,I15_F41_m-1f-1_P15_Y-1_U133,I15_F41_m-1f-1_P15_Y-1_U222,FXX,6,0.0,1,0,1.0,0,0,0,-9999.0,0.25,1,P14_CV0,2,0,2,1,1,0,2,0,2
41,136928.0727,-175283.8832,E41_F15_m15f15_P41_Y0_UO903,R15_F15_m-1f-1_P15_Y-1_U249,R15_F15_m-1f-1_P15_Y-1_U114,MXY,7,0.0,1,0,0.0,0,0,0,-9999.0,0.75,1,P14_CV0,2,2,0,2,0,0,2,0,2
41,136928.0727,-175283.8832,E41_F55_m15f15_P41_Y0_UO818,R15_F15_m-1f-1_P15_Y-1_U48,R15_F15_m-1f-1_P15_Y-1_U233,FXX,7,0.0,1,0,1.0,0,0,0,-9999.0,0.5,1,P14_CV0,2,2,0,1,1,0,2,0,2
41,136928.0727,-175283.8832,E41_F15_m-1f-1_P15_Y-1_U241,-9999,-9999,MXY,10,0.0,1,0,0.0,0,0,0,-9999.0,1.0,1,P14_CV0,2,2,0,2,0,0,2,0,2
41,136928.0727,-175283.8832,E41_F55_m-1f-1_P15_Y-1_U177,-9999,-9999,MXY,10,0.0,1,0,0.0,0,0,0,-9999.0,0.0,1,P14_CV0,2,0,2,1,1,0,2,0,2
41,136928.0727,-175283.8832,E41_F15_m-1f-1_P15_Y-1_U196,-9999,-9999,FXX,11,0.0,1,0,1.0,0,0,0,-9999.0,1.0,1,P14_CV0,2,2,0,0,2,0,2,0,2
41,136928.0727,-175283.8832,E41_F55_m-1f-1_P15_Y-1_U137,-9999,-9999,FXX,11,0.0,1,0,1.0,0,0,0,-9999.0,1.0,1,P14_CV0,2,2,0,1,1,0,2,0,2
41,136928.0727,-175283.8832,E41_F55_m-1f-1_P15_Y-1_U211,-9999,-9999,FXX,11,0.0,1,0,1.0,0,0,0,-9999.0,0.5,1,P14_CV0,2,1,1,1,1,0,2,0,2
41,136928.0727,-175283.8832,E41_F15_m-1f-1_P15_Y-1_U139,-9999,-9999,FXX,12,0.0,1,0,1.0,0,0,0,-9999.0,0.5,1,P14_CV0,2,1,1,1,1,0,2,0,2
41,136928.0727,-175283.8832,E41_F73_m-1f-1_P15_Y-1_U68,-9999,-9999,MXY,12,0.0,1,0,0.0,0,0,0,-9999.0,0.0,1,P14_CV0,2,0,2,0,2,0,2,0,2
41,136928.0727,-175283.8832,E41_F15_m-1f-1_P15_Y-1_U98,-9999,-9999,MXY,13,0.0,1,0,0.0,0,0,0,-9999.0,0.0,1,P14_CV0,2,0,2,0,2,0,2,0,2
41,136928.0727,-175283.8832,E41_F73_m-1f-1_P15_Y-1_U64,-9999,-9999,MXY,13,0.0,1,0,0.0,0,0,0,-9999.0,0.5,1,P14_CV0,2,1,1,0,2,0,2,0,2
41,136928.0727,-175283.8832,Age0_F41_m43f43_P41_Y7_UO2115,I43_F41_m25f25_P68_Y4_UO1285,I43_F41_m43f43_P48_Y2_UO2110,MXY,0,0.0,0,0,0.0,0,0,0,0.0,0.625,1,P24_CV0,2,1,1,0,2,0,2,0,2
41,136928.0727,-175283.8832,E41_F15_m55f55_P41_Y6_UO2614,ID55_F14_m11f11_P89_Y2_UO607,I55_F89_m15f15_P41_Y4_UO831,MXY,1,0.0,1,1,0.0,0,0,0,-9999.0,0.875,1,P24_CV0,2,2,0,0,2,0,2,0,2
41,136928.0727,-175283.8832,E41_F43_m25f25_P49_Y6_UO1283,ID25_F68_m65f65_P36_Y3_UO3080,I25_F69_m11f11_P2_Y2_UO626,MXY,1,0.0,1,1,0.0,0,0,0,-9999.0,0.375,1,P24_CV0,2,1,1,1,1,0,2,0,2
41,136928.0727,-175283.8832,E41_F55_m25f25_P48_Y6_UO1320,I25_F8_m31f31_P8_Y1_UO1371,I25_F8_m-1f-1_P25_Y-1_U153,FXX,1,0.0,1,1,1.0,0,0,0,-9999.0,0.75,1,P24_CV0,2,1,1,1,1,0,2,0,2
41,136928.0727,-175283.8832,E41_F43_m25f25_P68_Y4_UO1285,I25_F48_m25f25_P69_Y0_UO1376,I25_F68_m25f25_P8_Y0_UO1353,FXX,3,0.0,1,0,1.0,0,0,0,-9999.0,0.75,1,P24_CV0,2,1,1,1,1,0,2,0,2
41,136928.0727,-175283.8832,E41_F55_m11f11_P89_Y2_UO607,ID11_F8_m-1f-1_P25_Y-1_U37,I11_F89_m-1f-1_P11_Y-1_U59,FXX,5,0.0,1,0,1.0,0,0,0,-9999.0,0.75,1,P24_CV0,2,1,1,0,2,0,2,0,2
41,136928.0727,-175283.8832,E41_F11_m-1f-1_P25_Y-1_U37,-9999,-9999,FXX,8,0.0,1,0,1.0,0,0,0,-9999.0,0.5,1,P24_CV0,2,1,1,0,2,0,2,0,2
41,136928.0727,-175283.8832,E41_F55_m31f31_P49_Y0_UO1575,R31_F31_m-1f-1_P31_Y-1_U95,R31_F31_m-1f-1_P31_Y-1_U151,MXY,7,0.0,1,0,0.0,0,0,0,-9999.0,0.25,1,P30_CV0,2,1,1,1,1,0,2,0,2
41,136928.0727,-175283.8832,Age0_F41_m60f60_P41_Y7_UO2779,I60_F19_m39f39_P19_Y5_UO1845,I60_F75_m39f39_P75_Y1_UO1691,FXX,0,0.0,0,0,0.0,0,0,0,0.0,0.25,1,P38_CV0,2,0,2,1,1,0,2,0,2
41,136928.0727,-175283.8832,E41_F43_m100f100_P49_Y6_UO4620,I100_F48_m60f60_P48_Y3_UO2831,I100_F68_m-1f-1_P100_Y-1_U167,MXY,1,0.0,1,1,0.0,0,0,0,-9999.0,0.5,1,P38_CV0,2,1,1,2,0,0,2,0,2
41,136928.0727,-175283.8832,E41_F60_m39f39_P19_Y5_UO1845,I39_F75_m39f39_P51_Y1_UO1637,I39_F75_m-1f-1_P39_Y-1_U195,FXX,2,0.0,1,0,1.0,0,0,0,-9999.0,0.25,1,P38_CV0,2,0,2,0,2,0,2,0,2
41,136928.0727,-175283.8832,E41_F60_m39f39_P19_Y3_UO1856,ID39_F19_m-1f-1_P39_Y-1_U122,I39_F19_m-1f-1_P60_Y-1_U230,MXY,4,0.0,1,0,0.0,0,0,0,-9999.0,0.75,1,P38_CV0,2,1,1,1,1,0,2,0,2
41,136928.0727,-175283.8832,Age0_F41_m11f11_P41_Y7_UO658,ID11_F49_m-1f-1_P25_Y-1_U37,I11_F49_m43f43_P49_Y1_UO1915,FXX,0,0.0,0,0,0.0,0,0,0,0.0,0.625,1,P42_CV0,2,1,1,1,1,0,2,0,2
41,136928.0727,-175283.8832,Age0_F41_m15f15_P41_Y7_UO784,I15_F89_m55f55_P89_Y5_UO2617,I15_F14_m15f15_P89_Y5_UO857,MXY,0,0.0,0,0,0.0,0,0,0,0.0,0.625,1,P42_CV0,2,2,0,1,1,0,2,0,2
41,136928.0727,-175283.8832,Age0_F41_m15f15_P41_Y7_UO802,ID15_F89_m55f55_P41_Y5_UO2541,ID15_F41_m-1f-1_P55_Y-1_U158,FXX,0,0.0,0,0,0.0,0,0,0,0.0,0.15625,1,P42_CV0,2,0,2,0,2,0,2,0,2
41,136928.0727,-175283.8832,Age0_F41_m15f15_P41_Y7_UO816,I15_F89_m43f43_P89_Y4_UO2055,ID15_F89_m55f55_P89_Y5_UO2591,MXY,0,0.0,0,0,0.0,0,0,0,0.0,0.625,1,P42_CV0,2,1,1,2,0,0,2,0,2
41,136928.0727,-175283.8832,Age0_F41_m15f15_P41_Y7_UO845,ID15_F89_m15f15_P41_Y2_UO789,I15_F89_m43f43_P14_Y2_UO2103,FXX,0,0.0,0,0,0.0,0,0,0,0.0,0.75,1,P42_CV0,2,2,0,0,2,0,2,0,2
41,136928.0727,-175283.8832,Age0_F41_m15f15_P41_Y7_UO848,I15_F41_m55f55_P89_Y2_UO2542,ID15_F89_m55f55_P89_Y5_UO2591,FXX,0,0.0,0,0,0.0,0,0,0,0.0,0.75,1,P42_CV0,2,2,0,1,1,0,2,0,2
41,136928.0727,-175283.8832,Age0_F41_m15f15_P41_Y7_UO866,I15_F14_m-1f-1_P43_Y-1_U31,I15_F41_m55f55_P89_Y5_UO2532,FXX,0,0.0,0,0,0.0,0,0,0,0.0,0.84375,1,P42_CV0,2,2,0,1,1,0,2,0,2
41,136928.0727,-175283.8832,Age0_F41_m43f43_P41_Y7_UO2091,I43_F49_m100f100_P49_Y5_UO4609,I43_F49_m43f43_P48_Y1_UO1914,MXY,0,0.0,0,0,0.0,0,0,0,0.0,0.625,1,P42_CV0,2,2,0,2,0,0,2,0,2
41,136928.0727,-175283.8832,Age0_F41_m55f55_P41_Y7_UO2554,I55_F41_m100f100_P49_Y5_UO4573,I55_F41_m43f43_P41_Y3_UO2053,MXY,0,0.0,0,0,0.0,0,0,0,0.0,0.5,1,P42_CV0,2,1,1,1,1,0,2,0,2
41,136928.0727,-175283.8832,Age0_F41_m73f73_P41_Y7_UO3322,I73_F41_m15f15_P41_Y5_UO784,I73_F41_m43f43_P14_Y5_UO2109,FXX,0,0.0,0,0,0.0,0,0,0,0.0,0.4375,1,P42_CV0,2,1,1,1,1,0,2,0,2
41,136928.0727,-175283.8832,Age0_F41_m73f73_P41_Y7_UO3330,I73_F89_m15f15_P14_Y5_UO822,I73_F89_m73f73_P89_Y5_UO3342,FXX,0,0.0,0,0,0.0,0,0,0,0.0,0.34375,1,P42_CV0,2,1,1,2,0,0,2,0,2
41,136928.0727,-175283.8832,Age0_F41_m73f73_P41_Y7_UO3333,I73_F89_m55f55_P89_Y5_UO2543,I73_F89_m11f11_P41_Y4_UO649,FXX,0,0.0,0,0,0.0,0,0,0,0.0,0.4375,1,P42_CV0,2,0,2,1,1,0,2,0,2
41,136928.0727,-175283.8832,Age0_F41_m73f73_P41_Y7_UO3358,I73_F89_m73f73_P89_Y4_UO3351,I73_F41_m43f43_P14_Y5_UO2109,FXX,0,0.0,0,0,0.0,0,0,0,0.0,0.4375,1,P42_CV0,2,1,1,1,1,0,2,0,2
41,136928.0727,-175283.8832,Age0_F41_m73f73_P41_Y7_UO3403,ID73_F89_m-1f-1_P73_Y-1_U203,I73_F41_m43f43_P14_Y5_UO2109,FXX,0,0.0,0,0,0.0,0,0,0,0.0,0.375,1,P42_CV0,2,1,1,0,2,0,2,0,2
41,136928.0727,-175283.8832,E41_F15_m15f15_P41_Y6_UO830,I15_F89_m55f55_P41_Y3_UO2563,I15_F41_m11f11_P89_Y4_UO619,FXX,1,0.0,1,1,1.0,0,0,0,-9999.0,0.8125,1,P42_CV0,2,1,1,1,1,0,2,0,2
41,136928.0727,-175283.8832,E41_F15_m73f73_P41_Y6_UO3348,I73_F41_m43f43_P41_Y4_UO2067,I73_F89_m-1f-1_P73_Y-1_U35,MXY,1,0.0,1,1,0.0,0,0,0,-9999.0,0.4375,1,P42_CV0,2,1,1,1,1,0,2,0,2
41,136928.0727,-175283.8832,E41_F15_m100f100_P48_Y6_UO4623,I100_F49_m55f55_P49_Y3_UO2526,ID100_F48_m43f43_P48_Y0_UO2177,FXX,1,0.0,1,1,1.0,0,0,0,-9999.0,0.25,1,P42_CV0,2,1,1,0,2,0,2,0,2
41,136928.0727,-175283.8832,E41_F15_m15f15_P89_Y6_UO866,ID15_F89_m-1f-1_P43_Y-1_U186,I15_F14_m15f15_P41_Y3_UO800,FXX,1,0.0,1,1,1.0,0,0,0,-9999.0,0.9375,1,P42_CV0,2,2,0,0,2,0,2,0,2
41,136928.0727,-175283.8832,E41_F43_m100f100_P48_Y6_UO4606,I100_F49_m43f43_P49_Y4_UO2036,I100_F48_m100f100_P49_Y4_UO4551,MXY,1,0.0,1,1,0.0,0,0,0,-9999.0,0.53125,1,P42_CV0,2,1,1,1,1,0,2,0,2
41,136928.0727,-175283.8832,E41_F43_m55f55_P89_Y6_UO2652,I55_F41_m-1f-1_P43_Y-1_U96,I55_F41_m-1f-1_P15_Y-1_U106,MXY,1,0.0,1,1,0.0,0,0,0,-9999.0,1.0,1,P42_CV0,2,2,0,0,2,0,2,0,2
41,136928.0727,-175283.8832,E41_F55_m15f15_P14_Y6_UO867,ID15_F89_m-1f-1_P43_Y-1_U31,ID15_F41_m-1f-1_P73_Y-1_U192,MXY,1,0.0,1,1,0.0,0,0,0,-9999.0,0.5,1,P42_CV0,2,1,1,0,2,0,2,0,2
41,136928.0727,-175283.8832,E41_F55_m15f15_P41_Y6_UO844,I15_F14_m43f43_P49_Y2_UO2094,I15_F41_m73f73_P14_Y2_UO3316,FXX,1,0.0,1,1,1.0,0,0,0,-9999.0,0.5,1,P42_CV0,2,0,2,0,2,0,2,0,2
41,136928.0727,-175283.8832,E41_F55_m73f73_P41_Y6_UO3423,I73_F49_m-1f-1_P43_Y-1_U243,I73_F14_m55f55_P41_Y4_UO2555,MXY,1,0.0,1,1,0.0,0,0,0,-9999.0,0.5,1,P42_CV0,2,0,2,1,1,0,2,0,2
41,136928.0727,-175283.8832,E41_F55_m15f15_P89_Y6_UO800,I15_F41_m55f55_P14_Y4_UO2536,I15_F89_m73f73_P41_Y4_UO3333,MXY,1,0.0,1,1,0.0,0,0,0,-9999.0,0.3125,1,P42_CV0,2,1,1,1,1,0,2,0,2
41,136928.0727,-175283.8832,E41_F55_m55f55_P89_Y6_UO2629,I55_F14_m43f43_P41_Y1_UO1934,I55_F89_m55f55_P89_Y1_UO2491,MXY,1,0.0,1,1,0.0,0,0,0,-9999.0,0.875,1,P42_CV0,2,2,0,1,1,0,2,0,2
41,136928.0727,-175283.8832,E41_F73_m15f15_P89_Y6_UO836,I15_F41_m15f15_P41_Y3_UO794,I15_F41_m73f73_P89_Y3_UO3354,FXX,1,0.0,1,1,1.0,0,0,0,-9999.0,0.75,1,P42_CV0,2,1,1,2,0,0,2,0,2
41,136928.0727,-175283.8832,E41_F73_m15f15_P89_Y6_UO858,I15_F14_m43f43_P49_Y1_UO1954,I15_F14_m-1f-1_P73_Y-1_U222,FXX,1,0.0,1,1,1.0,0,0,0,-9999.0,0.5,1,P42_CV0,2,2,0,1,1,0,2,0,2
41,136928.0727,-175283.8832,E41_F73_m15f15_P89_Y6_UO891,ID15_F48_m-1f-1_P73_Y-1_U118,I15_F48_m43f43_P41_Y3_UO2037,MXY,1,0.0,1,1,0.0,0,0,0,-9999.0,0.4375,1,P42_CV0,2,1,1,1,1,0,2,0,2
41,136928.0727,-175283.8832,E41_F73_m73f73_P89_Y6_UO3375,ID73_F89_m15f15_P41_Y2_UO828,I73_F89_m11f11_P41_Y4_UO649,MXY,1,0.0,1,1,0.0,0,0,0,-9999.0,0.4375,1,P42_CV0,2,1,1,2,0,0,2,0,2
41,136928.0727,-175283.8832,E41_F73_m73f73_P89_Y6_UO3393,ID73_F89_m43f43_P41_Y1_UO1907,I73_F89_m-1f-1_P73_Y-1_U179,FXX,1,0.0,1,1,1.0,0,0,0,-9999.0,0.375,1,P42_CV0,2,1,1,0,2,0,2,0,2
41,136928.0727,-175283.8832,E41_F73_m73f73_P89_Y6_UO3404,I73_F41_m43f43_P41_Y0_UO2185,I73_F89_m55f55_P41_Y2_UO2609,MXY,1,0.0,1,1,0.0,0,0,0,-9999.0,0.625,1,P42_CV0,2,2,0,1,1,0,2,0,2
41,136928.0727,-175283.8832,E41_F15_m15f15_P89_Y5_UO857,I15_F14_m-1f-1_P43_Y-1_U31,ID15_F49_m15f15_P14_Y1_UO774,MXY,2,0.0,1,0,0.0,0,0,0,-9999.0,0.75,1,P42_CV0,2,1,1,1,1,0,2,0,2
41,136928.0727,-175283.8832,E41_F15_m55f55_P41_Y5_UO2541,I55_F89_m43f43_P41_Y3_UO2087,I55_F41_m11f11_P89_Y3_UO626,FXX,2,0.0,1,0,1.0,0,0,0,-9999.0,0.3125,1,P42_CV0,2,1,1,0,2,0,2,0,2
41,136928.0727,-175283.8832,E41_F55_m15f15_P41_Y5_UO804,I15_F41_m15f15_P41_Y3_UO764,I15_F14_m-1f-1_P15_Y-1_U52,MXY,2,0.0,1,0,0.0,0,0,0,-9999.0,0.1875,1,P42_CV0,2,1,1,0,2,0,2,0,2
41,136928.0727,-175283.8832,E41_F55_m100f100_P49_Y5_UO4627,ID100_F49_m-1f-1_P100_Y-1_U124,ID100_F48_m-1f-1_P43_Y-1_U132,MXY,2,0.0,1,0,0.0,0,0,0,-9999.0,0.5,1,P42_CV0,2,1,1,0,2,0,2,0,2
41,136928.0727,-175283.8832,E41_F73_m15f15_P14_Y5_UO822,ID15_F49_m43f43_P49_Y2_UO2094,ID15_F89_m55f55_P41_Y3_UO2529,FXX,2,0.0,1,0,1.0,0,0,0,-9999.0,0.375,1,P42_CV0,2,2,0,1,1,0,2,0,2
41,136928.0727,-175283.8832,E41_F73_m55f55_P89_Y5_UO2543,ID55_F89_m60f60_P14_Y3_UO2830,I55_F49_m73f73_P89_Y2_UO3332,FXX,2,0.0,1,0,1.0,0,0,0,-9999.0,0.25,1,P42_CV0,2,1,1,0,2,0,2,0,2
41,136928.0727,-175283.8832,E41_F15_m43f43_P89_Y4_UO2055,ID43_F48_m100f100_P49_Y1_UO4367,I43_F48_m-1f-1_P43_Y-1_U136,FXX,3,0.0,1,0,1.0,0,0,0,-9999.0,0.375,1,P42_CV0,2,0,2,2,0,0,2,0,2
41,136928.0727,-175283.8832,E41_F43_m100f100_P49_Y4_UO4588,I100_F68_m-1f-1_P100_Y-1_U245,I100_F49_m43f43_P48_Y0_UO2177,MXY,3,0.0,1,0,0.0,0,0,0,-9999.0,0.125,1,P42_CV0,2,0,2,0,2,0,2,0,2
41,136928.0727,-175283.8832,E41_F55_m73f73_P14_Y4_UO3344,I73_F89_m-1f-1_P43_Y-1_U243,I73_F89_m15f15_P41_Y2_UO842,MXY,3,0.0,1,0,0.0,0,0,0,-9999.0,0.375,1,P42_CV0,2,2,0,1,1,0,2,0,2
41,136928.0727,-175283.8832,E41_F55_m15f15_P89_Y4_UO842,I15_F41_m-1f-1_P15_Y-1_U46,I15_F41_m43f43_P14_Y1_UO1957,MXY,3,0.0,1,0,0.0,0,0,0,-9999.0,0.5,1,P42_CV0,2,1,1,2,0,0,2,0,2
41,136928.0727,-175283.8832,E41_F73_m43f43_P41_Y4_UO2067,I43_F49_m43f43_P49_Y1_UO1896,I43_F48_m-1f-1_P43_Y-1_U95,FXX,3,0.0,1,0,1.0,0,0,0,-9999.0,0.875,1,P42_CV0,2,2,0,1,1,0,2,0,2
41,136928.0727,-175283.8832,E41_F15_m43f43_P41_Y3_UO2100,I43_F49_m-1f-1_P43_Y-1_U134,I43_F48_m-1f-1_P43_Y-1_U38,MXY,4,0.0,1,0,0.0,0,0,0,-9999.0,0.5,1,P42_CV0,2,2,0,0,2,0,2,0,2
41,136928.0727,-175283.8832,E41_F15_m15f15_P41_Y3_UO794,I15_F14_m43f43_P89_Y0_UO2130,I15_F41_m73f73_P41_Y0_UO3583,FXX,4,0.0,1,0,1.0,0,0,0,-9999.0,0.75,1,P42_CV0,2,1,1,1,1,0,2,0,2
41,136928.0727,-175283.8832,E41_F43_m15f15_P41_Y3_UO833,I15_F41_m-1f-1_P15_Y-1_U235,I15_F48_m43f43_P89_Y1_UO1929,MXY,4,0.0,1,0,0.0,0,0,0,-9999.0,0.625,1,P42_CV0,2,1,1,1,1,0,2,0,2
41,136928.0727,-175283.8832,E41_F55_m43f43_P41_Y3_UO2053,I43_F48_m55f55_P14_Y1_UO2505,ID43_F49_m-1f-1_P43_Y-1_U95,MXY,4,0.0,1,0,0.0,0,0,0,-9999.0,0.625,1,P42_CV0,2,1,1,1,1,0,2,0,2
41,136928.0727,-175283.8832,E41_F73_m11f11_P89_Y3_UO609,I11_F36_m-1f-1_P11_Y-1_U122,I11_F48_m43f43_P49_Y1_UO1915,FXX,4,0.0,1,0,1.0,0,0,0,-9999.0,0.375,1,P42_CV0,2,1,1,1,1,0,2,0,2
41,136928.0727,-175283.8832,E41_F15_m73f73_P89_Y2_UO3332,ID73_F48_m-1f-1_P43_Y-1_U133,I73_F89_m-1f-1_P73_Y-1_U205,MXY,5,0.0,1,0,0.0,0,0,0,-9999.0,0.5,1,P42_CV0,2,1,1,0,2,0,2,0,2
41,136928.0727,-175283.8832,E41_F15_m15f15_P41_Y2_UO789,I15_F41_m-1f-1_P43_Y-1_U158,I15_F14_m-1f-1_P15_Y-1_U53,FXX,5,0.0,1,0,1.0,0,0,0,-9999.0,0.75,1,P42_CV0,2,2,0,1,1,0,2,0,2
41,136928.0727,-175283.8832,E41_F55_m43f43_P14_Y1_UO1957,I43_F48_m-1f-1_P43_Y-1_U22,I43_F89_m-1f-1_P43_Y-1_U95,MXY,6,0.0,1,0,0.0,0,0,0,-9999.0,1.0,1,P42_CV0,2,2,0,2,0,0,2,0,2
41,136928.0727,-175283.8832,E41_F73_m43f43_P41_Y1_UO1907,I43_F48_m-1f-1_P43_Y-1_U46,I43_F48_m-1f-1_P43_Y-1_U72,FXX,6,0.0,1,0,1.0,0,0,0,-9999.0,0.25,1,P42_CV0,2,1,1,1,1,0,2,0,2
41,136928.0727,-175283.8832,E41_F73_m43f43_P41_Y0_UO2185,R43_F43_m-1f-1_P43_Y-1_U148,R43_F43_m-1f-1_P43_Y-1_U142,FXX,7,0.0,1,0,1.0,0,0,0,-9999.0,0.75,1,P42_CV0,2,2,0,2,0,0,2,0,2
41,136928.0727,-175283.8832,E41_F15_m-1f-1_P43_Y-1_U31,-9999,-9999,FXX,8,0.0,1,0,1.0,0,0,0,-9999.0,1.0,1,P42_CV0,2,2,0,0,2,0,2,0,2
41,136928.0727,-175283.8832,E41_F15_m-1f-1_P43_Y-1_U42,-9999,-9999,MXY,10,0.0,1,0,0.0,0,0,0,-9999.0,0.5,1,P42_CV0,2,1,1,1,1,0,2,0,2
41,136928.0727,-175283.8832,E41_F43_m-1f-1_P43_Y-1_U180,-9999,-9999,MXY,10,0.0,1,0,0.0,0,0,0,-9999.0,1.0,1,P42_CV0,2,2,0,0,2,0,2,0,2
41,136928.0727,-175283.8832,E41_F43_m-1f-1_P43_Y-1_U66,-9999,-9999,MXY,11,0.0,1,0,0.0,0,0,0,-9999.0,0.5,1,P42_CV0,2,1,1,1,1,0,2,0,2
41,136928.0727,-175283.8832,E41_F43_m-1f-1_P43_Y-1_U160,-9999,-9999,MXY,13,0.0,1,0,0.0,0,0,0,-9999.0,0.5,1,P42_CV0,2,1,1,1,1,0,2,0,2
41,136928.0727,-175283.8832,E41_F15_m43f43_P49_Y6_UO2181,I43_F49_m-1f-1_P43_Y-1_U173,ID43_F48_m25f25_P49_Y4_UO1246,FXX,1,0.0,1,1,1.0,0,0,0,-9999.0,0.625,1,P44_CV0,2,1,1,1,1,0,2,0,2
41,136928.0727,-175283.8832,Age0_F41_m15f15_P41_Y7_UO779,I15_F41_m15f15_P41_Y5_UO860,ID15_F41_m-1f-1_P55_Y-1_U112,MXY,0,0.0,0,0,0.0,0,0,0,0.0,0.625,1,P54_CV0,2,1,1,2,0,0,2,0,2
41,136928.0727,-175283.8832,Age0_F41_m15f15_P41_Y7_UO797,ID15_F89_m43f43_P41_Y5_UO2091,ID15_F41_m55f55_P14_Y0_UO2763,MXY,0,0.0,0,0,0.0,0,0,0,0.0,0.5,1,P54_CV0,2,1,1,1,1,0,2,0,2
41,136928.0727,-175283.8832,Age0_F41_m15f15_P41_Y7_UO829,ID15_F41_m73f73_P89_Y3_UO3317,I15_F89_m15f15_P14_Y5_UO834,MXY,0,0.0,0,0,0.0,0,0,0,0.0,0.6875,1,P54_CV0,2,2,0,2,0,0,2,0,2
41,136928.0727,-175283.8832,Age0_F41_m15f15_P41_Y7_UO833,I15_F41_m55f55_P14_Y3_UO2515,I15_F89_m15f15_P14_Y1_UO774,FXX,0,0.0,0,0,0.0,0,0,0,0.0,0.3125,1,P54_CV0,2,0,2,1,1,0,2,0,2
41,136928.0727,-175283.8832,Age0_F41_m15f15_P41_Y7_UO838,I15_F14_m55f55_P14_Y3_UO2550,I15_F89_m15f15_P14_Y1_UO774,MXY,0,0.0,0,0,0.0,0,0,0,0.0,0.625,1,P54_CV0,2,1,1,2,0,0,2,0,2
41,136928.0727,-175283.8832,Age0_F41_m15f15_P41_Y7_UO853,I15_F41_m73f73_P89_Y1_UO3200,ID15_F41_m-1f-1_P55_Y-1_U112,MXY,0,0.0,0,0,0.0,0,0,0,0.0,0.625,1,P54_CV0,2,1,1,2,0,0,2,0,2
41,136928.0727,-175283.8832,Age0_F41_m15f15_P41_Y7_UO860,I15_F41_m11f11_P89_Y0_UO597,I15_F89_m15f15_P14_Y5_UO834,FXX,0,0.0,0,0,0.0,0,0,0,0.0,0.6875,1,P54_CV0,2,1,1,2,0,0,2,0,2
41,136928.0727,-175283.8832,Age0_F41_m15f15_P41_Y7_UO874,ID15_F89_m-1f-1_P55_Y-1_U25,I15_F41_m43f43_P14_Y5_UO2097,FXX,0,0.0,0,0,0.0,0,0,0,0.0,0.1875,1,P54_CV0,2,1,1,2,0,0,2,0,2
41,136928.0727,-175283.8832,Age0_F41_m43f43_P41_Y7_UO2165,I43_F48_m55f55_P89_Y0_UO2801,I43_F14_m43f43_P49_Y5_UO2115,MXY,0,0.0,0,0,0.0,0,0,0,0.0,0.5625,1,P54_CV0,2,1,1,0,2,0,2,0,2
41,136928.0727,-175283.8832,Age0_F41_m55f55_P41_Y7_UO2542,ID55_F14_m15f15_P14_Y5_UO842,ID55_F41_m55f55_P14_Y1_UO2418,FXX,0,0.0,0,0,0.0,0,0,0,0.0,0.625,1,P54_CV0,2,1,1,0,2,0,2,0,2
41,136928.0727,-175283.8832,Age0_F41_m55f55_P41_Y7_UO2591,ID55_F41_m73f73_P89_Y3_UO3304,ID55_F41_m73f73_P41_Y0_UO3549,MXY,0,0.0,0,0,0.0,0,0,0,0.0,0.625,1,P54_CV0,2,1,1,1,1,0,2,0,2
41,136928.0727,-175283.8832,Age0_F41_m55f55_P41_Y7_UO2601,I55_F41_m73f73_P41_Y2_UO3287,I55_F89_m55f55_P89_Y2_UO2618,MXY,0,0.0,0,0,0.0,0,0,0,0.0,0.5,1,P54_CV0,2,2,0,1,1,0,2,0,2
41,136928.0727,-175283.8832,Age0_F41_m55f55_P41_Y7_UO2606,I55_F41_m11f11_P89_Y2_UO607,I55_F49_m55f55_P89_Y0_UO2804,FXX,0,0.0,0,0,0.0,0,0,0,0.0,0.625,1,P54_CV0,2,1,1,0,2,0,2,0,2
41,136928.0727,-175283.8832,Age0_F41_m73f73_P41_Y7_UO3338,I73_F89_m73f73_P89_Y5_UO3349,I73_F89_m15f15_P89_Y5_UO801,FXX,0,0.0,0,0,0.0,0,0,0,0.0,0.5,1,P54_CV0,2,2,0,0,2,0,2,0,2
41,136928.0727,-175283.8832,Age0_F41_m73f73_P41_Y7_UO3346,ID73_F48_m100f100_P48_Y4_UO4567,I73_F41_m15f15_P41_Y3_UO763,MXY,0,0.0,0,0,0.0,0,0,0,0.0,0.4375,1,P54_CV0,2,1,1,0,2,0,2,0,2
41,136928.0727,-175283.8832,Age0_F41_m73f73_P41_Y7_UO3357,I73_F41_m15f15_P89_Y4_UO813,I73_F89_m73f73_P89_Y4_UO3273,MXY,0,0.0,0,0,0.0,0,0,0,0.0,0.4375,1,P54_CV0,2,1,1,1,1,0,2,0,2
41,136928.0727,-175283.8832,Age0_F41_m73f73_P41_Y7_UO3361,I73_F89_m73f73_P89_Y3_UO3270,I73_F89_m55f55_P89_Y4_UO2537,FXX,0,0.0,0,0,0.0,0,0,0,0.0,0.4375,1,P54_CV0,2,1,1,2,0,0,2,0,2
41,136928.0727,-175283.8832,Age0_F41_m73f73_P41_Y7_UO3364,I73_F41_m15f15_P89_Y3_UO813,I73_F89_m55f55_P89_Y4_UO2537,MXY,0,0.0,0,0,0.0,0,0,0,0.0,0.5625,1,P54_CV0,2,1,1,1,1,0,2,0,2
41,136928.0727,-175283.8832,Age0_F41_m73f73_P41_Y7_UO3387,I73_F89_m43f43_P41_Y1_UO1907,I73_F41_m-1f-1_P55_Y-1_U43,FXX,0,0.0,0,0,0.0,0,0,0,0.0,0.375,1,P54_CV0,2,0,2,1,1,0,2,0,2
41,136928.0727,-175283.8832,Age0_F41_m73f73_P41_Y7_UO3407,I73_F89_m-1f-1_P55_Y-1_U238,I73_F89_m15f15_P41_Y5_UO812,FXX,0,0.0,0,0,0.0,0,0,0,0.0,0.5,1,P54_CV0,2,1,1,2,0,0,2,0,2
41,136928.0727,-175283.8832,Age0_F41_m73f73_P41_Y7_UO3414,I73_F89_m-1f-1_P55_Y-1_U162,I73_F89_m-1f-1_P15_Y-1_U111,MXY,0,0.0,0,0,0.0,0,0,0,0.0,0.5,1,P54_CV0,2,1,1,1,1,0,2,0,2
41,136928.0727,-175283.8832,E41_F15_m15f15_P14_Y6_UO860,I15_F41_m43f43_P48_Y0_UO2162,I15_F41_m-1f-1_P55_Y-1_U38,MXY,1,0.0,1,1,0.0,0,0,0,-9999.0,0.375,1,P54_CV0,2,1,1,1,1,0,2,0,2
41,136928.0727,-175283.8832,E41_F15_m43f43_P41_Y6_UO2145,I43_F14_m55f55_P49_Y2_UO2598,I43_F48_m-1f-1_P100_Y-1_U197,MXY,1,0.0,1,1,0.0,0,0,0,-9999.0,0.375,1,P54_CV0,2,1,1,1,1,0,2,0,2
41,136928.0727,-175283.8832,E41_F15_m55f55_P41_Y6_UO2605,I55_F89_m73f73_P41_Y2_UO3287,I55_F89_m55f55_P89_Y4_UO2566,MXY,1,0.0,1,1,0.0,0,0,0,-9999.0,0.5625,1,P54_CV0,2,2,0,1,1,0,2,0,2
41,136928.0727,-175283.8832,E41_F15_m55f55_P41_Y6_UO2608,ID55_F89_m15f15_P41_Y2_UO768,I55_F14_m-1f-1_P55_Y-1_U196,FXX,1,0.0,1,1,1.0,0,0,0,-9999.0,0.4375,1,P54_CV0,2,2,0,0,2,0,2,0,2
41,136928.0727,-175283.8832,E41_F15_m55f55_P41_Y6_UO2610,I55_F14_m73f73_P41_Y2_UO3301,I55_F89_m73f73_P14_Y4_UO3344,MXY,1,0.0,1,1,0.0,0,0,0,-9999.0,0.375,1,P54_CV0,2,1,1,0,2,0,2,0,2
41,136928.0727,-175283.8832,E41_F15_m55f55_P41_Y6_UO2626,I55_F41_m15f15_P89_Y1_UO727,I55_F89_m55f55_P89_Y3_UO2604,FXX,1,0.0,1,1,1.0,0,0,0,-9999.0,0.125,1,P54_CV0,2,0,2,1,1,0,2,0,2
41,136928.0727,-175283.8832,E41_F15_m55f55_P41_Y6_UO2642,I55_F89_m-1f-1_P55_Y-1_U96,I55_F89_m11f11_P89_Y3_UO626,MXY,1,0.0,1,1,0.0,0,0,0,-9999.0,0.625,1,P54_CV0,2,1,1,1,1,0,2,0,2
41,136928.0727,-175283.8832,E41_F15_m55f55_P89_Y6_UO2558,ID55_F89_m43f43_P41_Y4_UO2065,I55_F41_m73f73_P89_Y2_UO3336,FXX,1,0.0,1,1,1.0,0,0,0,-9999.0,0.6875,1,P54_CV0,2,1,1,1,1,0,2,0,2
41,136928.0727,-175283.8832,E41_F15_m73f73_P89_Y6_UO3380,ID73_F41_m15f15_P41_Y2_UO790,I73_F41_m15f15_P41_Y4_UO782,FXX,1,0.0,1,1,1.0,0,0,0,-9999.0,0.75,1,P54_CV0,2,2,0,1,1,0,2,0,2
41,136928.0727,-175283.8832,E41_F55_m73f73_P41_Y6_UO3345,I73_F41_m15f15_P89_Y4_UO813,I73_F41_m73f73_P14_Y4_UO3272,FXX,1,0.0,1,1,1.0,0,0,0,-9999.0,0.5625,1,P54_CV0,2,1,1,1,1,0,2,0,2
41,136928.0727,-175283.8832,E41_F55_m73f73_P41_Y6_UO3360,I73_F89_m15f15_P89_Y3_UO813,I73_F41_m-1f-1_P55_Y-1_U218,MXY,1,0.0,1,1,0.0,0,0,0,-9999.0,0.4375,1,P54_CV0,2,0,2,1,1,0,2,0,2
41,136928.0727,-175283.8832,E41_F55_m15f15_P89_Y6_UO876,I15_F14_m-1f-1_P55_Y-1_U0,ID15_F49_m55f55_P48_Y3_UO2567,FXX,1,0.0,1,1,1.0,0,0,0,-9999.0,0.125,1,P54_CV0,2,0,2,1,1,0,2,0,2
41,136928.0727,-175283.8832,E41_F55_m55f55_P89_Y6_UO2576,I55_F14_m55f55_P41_Y4_UO2495,I55_F89_m-1f-1_P55_Y-1_U76,FXX,1,0.0,1,1,1.0,0,0,0,-9999.0,0.75,1,P54_CV0,2,2,0,1,1,0,2,0,2
41,136928.0727,-175283.8832,E41_F55_m55f55_P89_Y6_UO2636,I55_F89_m55f55_P89_Y0_UO2721,I55_F89_m55f55_P89_Y1_UO2491,FXX,1,0.0,1,1,1.0,0,0,0,-9999.0,0.5,1,P54_CV0,2,0,2,1,1,0,2,0,2
41,136928.0727,-175283.8832,E41_F55_m73f73_P89_Y6_UO3346,I73_F89_m73f73_P41_Y4_UO3267,I73_F41_m73f73_P89_Y0_UO3545,FXX,1,0.0,1,1,1.0,0,0,0,-9999.0,0.4375,1,P54_CV0,2,1,1,0,2,0,2,0,2
41,136928.0727,-175283.8832,E41_F55_m73f73_P89_Y6_UO3369,ID73_F89_m73f73_P89_Y3_UO3291,I73_F89_m55f55_P41_Y2_UO2609,FXX,1,0.0,1,1,1.0,0,0,0,-9999.0,0.4375,1,P54_CV0,2,0,2,1,1,0,2,0,2
41,136928.0727,-175283.8832,E41_F55_m73f73_P89_Y6_UO3416,I73_F89_m-1f-1_P55_Y-1_U238,I73_F89_m73f73_P14_Y1_UO3128,MXY,1,0.0,1,1,0.0,0,0,0,-9999.0,0.5,1,P54_CV0,2,1,1,1,1,0,2,0,2
41,136928.0727,-175283.8832,E41_F73_m55f55_P14_Y6_UO2580,I55_F14_m15f15_P41_Y3_UO838,I55_F89_m-1f-1_P55_Y-1_U185,MXY,1,0.0,1,1,0.0,0,0,0,-9999.0,0.9375,1,P54_CV0,2,2,0,2,0,0,2,0,2
41,136928.0727,-175283.8832,E41_F73_m55f55_P41_Y6_UO2661,I55_F48_m-1f-1_P11_Y-1_U124,I55_F89_m55f55_P89_Y4_UO2566,MXY,1,0.0,1,1,0.0,0,0,0,-9999.0,0.6875,1,P54_CV0,2,2,0,1,1,0,2,0,2
41,136928.0727,-175283.8832,E41_F73_m15f15_P89_Y6_UO880,I15_F89_m-1f-1_P55_Y-1_U25,ID15_F41_m55f55_P89_Y3_UO2545,MXY,1,0.0,1,1,0.0,0,0,0,-9999.0,0.125,1,P54_CV0,2,0,2,1,1,0,2,0,2
41,136928.0727,-175283.8832,E41_F73_m55f55_P89_Y6_UO2572,I55_F89_m15f15_P14_Y4_UO778,I55_F89_m15f15_P41_Y4_UO831,FXX,1,0.0,1,1,1.0,0,0,0,-9999.0,0.6875,1,P54_CV0,2,2,0,0,2,0,2,0,2
41,136928.0727,-175283.8832,E41_F73_m55f55_P89_Y6_UO2595,I55_F41_m15f15_P14_Y3_UO772,I55_F41_m15f15_P41_Y4_UO794,FXX,1,0.0,1,1,1.0,0,0,0,-9999.0,0.3125,1,P54_CV0,2,0,2,1,1,0,2,0,2
41,136928.0727,-175283.8832,E41_F73_m55f55_P89_Y6_UO2618,I55_F41_m55f55_P89_Y1_UO2428,I55_F49_m15f15_P89_Y4_UO824,MXY,1,0.0,1,1,0.0,0,0,0,-9999.0,0.4375,1,P54_CV0,2,2,0,1,1,0,2,0,2
41,136928.0727,-175283.8832,E41_F73_m73f73_P89_Y6_UO3357,I73_F89_m73f73_P41_Y3_UO3314,I73_F41_m-1f-1_P55_Y-1_U218,FXX,1,0.0,1,1,1.0,0,0,0,-9999.0,0.5625,1,P54_CV0,2,1,1,1,1,0,2,0,2
41,136928.0727,-175283.8832,E41_F73_m73f73_P89_Y6_UO3367,ID73_F41_m73f73_P41_Y3_UO3319,I73_F89_m11f11_P41_Y4_UO649,MXY,1,0.0,1,1,0.0,0,0,0,-9999.0,0.4375,1,P54_CV0,2,1,1,1,1,0,2,0,2
41,136928.0727,-175283.8832,E41_F15_m55f55_P89_Y5_UO2617,I55_F89_m-1f-1_P55_Y-1_U151,I55_F89_m11f11_P89_Y2_UO609,FXX,2,0.0,1,0,1.0,0,0,0,-9999.0,0.5,1,P54_CV0,2,1,1,1,1,0,2,0,2
41,136928.0727,-175283.8832,E41_F15_m73f73_P89_Y5_UO3327,I73_F14_m55f55_P41_Y2_UO2626,I73_F89_m15f15_P41_Y3_UO763,FXX,2,0.0,1,0,1.0,0,0,0,-9999.0,0.6875,1,P54_CV0,2,1,1,1,1,0,2,0,2
41,136928.0727,-175283.8832,E41_F15_m55f55_P14_Y5_UO2633,ID55_F89_m-1f-1_P55_Y-1_U115,I55_F41_m-1f-1_P55_Y-1_U196,MXY,2,0.0,1,0,0.0,0,0,0,-9999.0,0.5,1,P54_CV0,2,1,1,2,0,0,2,0,2
41,136928.0727,-175283.8832,E41_F15_m73f73_P41_Y5_UO3302,I73_F89_m73f73_P41_Y3_UO3319,ID73_F89_m73f73_P89_Y3_UO3348,MXY,2,0.0,1,0,0.0,0,0,0,-9999.0,0.4375,1,P54_CV0,2,0,2,1,1,0,2,0,2
41,136928.0727,-175283.8832,E41_F15_m15f15_P14_Y5_UO834,I15_F14_m55f55_P41_Y1_UO2499,I15_F41_m-1f-1_P15_Y-1_U78,MXY,2,0.0,1,0,0.0,0,0,0,-9999.0,0.875,1,P54_CV0,2,2,0,2,0,0,2,0,2
41,136928.0727,-175283.8832,E41_F55_m55f55_P41_Y5_UO2531,I55_F41_m73f73_P89_Y3_UO3360,ID55_F41_m55f55_P89_Y1_UO2512,MXY,2,0.0,1,0,0.0,0,0,0,-9999.0,0.25,1,P54_CV0,2,0,2,0,2,0,2,0,2
41,136928.0727,-175283.8832,E41_F55_m55f55_P89_Y5_UO2587,ID55_F89_m55f55_P14_Y1_UO2429,ID55_F48_m55f55_P89_Y3_UO2573,MXY,2,0.0,1,0,0.0,0,0,0,-9999.0,0.625,1,P54_CV0,2,1,1,1,1,0,2,0,2
41,136928.0727,-175283.8832,E41_F73_m15f15_P41_Y5_UO861,I15_F41_m-1f-1_P55_Y-1_U149,I15_F14_m-1f-1_P15_Y-1_U52,MXY,2,0.0,1,0,0.0,0,0,0,-9999.0,0.0,1,P54_CV0,2,0,2,1,1,0,2,0,2
41,136928.0727,-175283.8832,E41_F73_m15f15_P41_Y5_UO784,ID15_F89_m73f73_P41_Y3_UO3315,ID15_F41_m73f73_P41_Y3_UO3357,FXX,2,0.0,1,0,1.0,0,0,0,-9999.0,0.625,1,P54_CV0,2,1,1,1,1,0,2,0,2
41,136928.0727,-175283.8832,E41_F73_m73f73_P41_Y5_UO3380,I73_F89_m-1f-1_P73_Y-1_U65,I73_F14_m-1f-1_P55_Y-1_U43,MXY,2,0.0,1,0,0.0,0,0,0,-9999.0,0.75,1,P54_CV0,2,1,1,0,2,0,2,0,2
41,136928.0727,-175283.8832,E41_F73_m55f55_P89_Y5_UO2624,I55_F89_m-1f-1_P55_Y-1_U28,ID55_F89_m-1f-1_P55_Y-1_U208,MXY,2,0.0,1,0,0.0,0,0,0,-9999.0,0.5,1,P54_CV0,2,1,1,2,0,0,2,0,2
41,136928.0727,-175283.8832,E41_F73_m73f73_P41_Y5_UO3293,ID73_F89_m73f73_P89_Y3_UO3269,I73_F41_m55f55_P89_Y0_UO2742,MXY,2,0.0,1,0,0.0,0,0,0,-9999.0,0.8125,1,P54_CV0,2,2,0,2,0,0,2,0,2
41,136928.0727,-175283.8832,E41_F73_m73f73_P89_Y5_UO3301,I73_F89_m73f73_P89_Y3_UO3270,I73_F41_m73f73_P89_Y2_UO3292,MXY,2,0.0,1,0,0.0,0,0,0,-9999.0,0.1875,1,P54_CV0,2,1,1,1,1,0,2,0,2
41,136928.0727,-175283.8832,E41_F73_m55f55_P89_Y5_UO2535,I55_F89_m73f73_P41_Y3_UO3271,I55_F14_m15f15_P41_Y3_UO779,MXY,2,0.0,1,0,0.0,0,0,0,-9999.0,0.25,1,P54_CV0,2,1,1,1,1,0,2,0,2
41,136928.0727,-175283.8832,E41_F73_m73f73_P89_Y5_UO3349,I73_F89_m55f55_P41_Y0_UO2820,I73_F41_m15f15_P41_Y3_UO844,FXX,2,0.0,1,0,1.0,0,0,0,-9999.0,0.25,1,P54_CV0,2,1,1,1,1,0,2,0,2
41,136928.0727,-175283.8832,E41_F15_m55f55_P89_Y4_UO2584,I55_F14_m-1f-1_P55_Y-1_U13,ID55_F14_m73f73_P89_Y2_UO3336,MXY,3,0.0,1,0,0.0,0,0,0,-9999.0,0.875,1,P54_CV0,2,1,1,1,1,0,2,0,2
41,136928.0727,-175283.8832,E41_F15_m73f73_P89_Y4_UO3347,ID73_F89_m-1f-1_P55_Y-1_U182,I73_F89_m15f15_P89_Y2_UO793,FXX,3,0.0,1,0,1.0,0,0,0,-9999.0,0.375,1,P54_CV0,2,0,2,2,0,0,2,0,2
41,136928.0727,-175283.8832,E41_F15_m73f73_P89_Y4_UO3281,I73_F89_m55f55_P89_Y1_UO2438,I73_F41_m-1f-1_P73_Y-1_U209,MXY,3,0.0,1,0,0.0,0,0,0,-9999.0,0.625,1,P54_CV0,2,1,1,2,0,0,2,0,2
41,136928.0727,-175283.8832,E41_F55_m55f55_P89_Y4_UO2566,I55_F89_m-1f-1_P55_Y-1_U7,I55_F41_m15f15_P89_Y1_UO704,MXY,3,0.0,1,0,0.0,0,0,0,-9999.0,0.875,1,P54_CV0,2,2,0,1,1,0,2,0,2
41,136928.0727,-175283.8832,E41_F55_m73f73_P41_Y4_UO3277,I73_F89_m73f73_P89_Y2_UO3373,I73_F89_m11f11_P89_Y1_UO585,MXY,3,0.0,1,0,0.0,0,0,0,-9999.0,0.5,1,P54_CV0,2,1,1,1,1,0,2,0,2
41,136928.0727,-175283.8832,E41_F73_m73f73_P89_Y4_UO3286,ID73_F14_m55f55_P14_Y1_UO2429,I73_F89_m-1f-1_P55_Y-1_U242,MXY,3,0.0,1,0,0.0,0,0,0,-9999.0,0.5,1,P54_CV0,2,2,0,1,1,0,2,0,2
41,136928.0727,-175283.8832,E41_F73_m15f15_P89_Y4_UO813,ID15_F41_m55f55_P89_Y1_UO2430,I15_F41_m-1f-1_P15_Y-1_U98,FXX,3,0.0,1,0,1.0,0,0,0,-9999.0,0.25,1,P54_CV0,2,0,2,1,1,0,2,0,2
41,136928.0727,-175283.8832,E41_F15_m15f15_P41_Y3_UO756,I15_F89_m55f55_P89_Y1_UO2430,ID15_F41_m15f15_P41_Y1_UO775,FXX,4,0.0,1,0,1.0,0,0,0,-9999.0,0.5,1,P54_CV0,2,1,1,2,0,0,2,0,2
41,136928.0727,-175283.8832,E41_F15_m55f55_P89_Y3_UO2514,ID55_F14_m15f15_P41_Y1_UO736,I55_F89_m-1f-1_P55_Y-1_U130,MXY,4,0.0,1,0,0.0,0,0,0,-9999.0,0.5,1,P54_CV0,2,1,1,2,0,0,2,0,2
41,136928.0727,-175283.8832,E41_F15_m55f55_P14_Y3_UO2515,I55_F89_m73f73_P41_Y1_UO3145,I55_F14_m-1f-1_P55_Y-1_U60,FXX,4,0.0,1,0,1.0,0,0,0,-9999.0,0.125,1,P54_CV0,2,0,2,1,1,0,2,0,2
41,136928.0727,-175283.8832,E41_F15_m55f55_P14_Y3_UO2550,I55_F41_m15f15_P41_Y0_UO818,I55_F89_m-1f-1_P55_Y-1_U185,FXX,4,0.0,1,0,1.0,0,0,0,-9999.0,0.75,1,P54_CV0,2,2,0,1,1,0,2,0,2
41,136928.0727,-175283.8832,E41_F55_m55f55_P89_Y3_UO2587,ID55_F14_m-1f-1_P55_Y-1_U37,ID55_F41_m-1f-1_P55_Y-1_U36,MXY,4,0.0,1,0,0.0,0,0,0,-9999.0,0.75,1,P54_CV0,2,2,0,0,2,0,2,0,2
41,136928.0727,-175283.8832,E41_F55_m55f55_P89_Y3_UO2545,ID55_F89_m73f73_P41_Y0_UO3557,I55_F14_m-1f-1_P55_Y-1_U4,MXY,4,0.0,1,0,0.0,0,0,0,-9999.0,0.25,1,P54_CV0,2,0,2,1,1,0,2,0,2
41,136928.0727,-175283.8832,E41_F55_m15f15_P89_Y3_UO765,I15_F14_m43f43_P14_Y1_UO1963,ID15_F89_m-1f-1_P55_Y-1_U172,MXY,4,0.0,1,0,0.0,0,0,0,-9999.0,0.375,1,P54_CV0,2,1,1,2,0,0,2,0,2
41,136928.0727,-175283.8832,E41_F55_m73f73_P89_Y3_UO3304,I73_F89_m55f55_P14_Y0_UO2811,ID73_F89_m-1f-1_P15_Y-1_U247,FXX,4,0.0,1,0,1.0,0,0,0,-9999.0,0.25,1,P54_CV0,2,0,2,2,0,0,2,0,2
41,136928.0727,-175283.8832,E41_F73_m73f73_P89_Y3_UO3270,I73_F89_m55f55_P89_Y1_UO2438,I73_F89_m-1f-1_P73_Y-1_U35,FXX,4,0.0,1,0,1.0,0,0,0,-9999.0,0.125,1,P54_CV0,2,0,2,2,0,0,2,0,2
41,136928.0727,-175283.8832,E41_F73_m15f15_P89_Y3_UO813,I15_F41_m-1f-1_P15_Y-1_U27,I15_F89_m55f55_P41_Y0_UO2818,FXX,4,0.0,1,0,1.0,0,0,0,-9999.0,0.375,1,P54_CV0,2,1,1,1,1,0,2,0,2
41,136928.0727,-175283.8832,E41_F55_m73f73_P89_Y2_UO3336,I73_F41_m-1f-1_P73_Y-1_U127,ID73_F14_m-1f-1_P55_Y-1_U119,MXY,5,0.0,1,0,0.0,0,0,0,-9999.0,0.75,1,P54_CV0,2,1,1,0,2,0,2,0,2
41,136928.0727,-175283.8832,E41_F55_m15f15_P41_Y2_UO810,I15_F41_m-1f-1_P15_Y-1_U46,I15_F41_m55f55_P14_Y0_UO2728,MXY,5,0.0,1,0,0.0,0,0,0,-9999.0,0.25,1,P54_CV0,2,0,2,1,1,0,2,0,2
41,136928.0727,-175283.8832,E41_F55_m73f73_P41_Y2_UO3287,I73_F89_m55f55_P41_Y0_UO2771,I73_F89_m-1f-1_P73_Y-1_U246,FXX,5,0.0,1,0,1.0,0,0,0,-9999.0,0.25,1,P54_CV0,2,1,1,0,2,0,2,0,2
41,136928.0727,-175283.8832,E41_F55_m55f55_P89_Y2_UO2618,I55_F48_m-1f-1_P55_Y-1_U162,ID55_F89_m-1f-1_P73_Y-1_U92,MXY,5,0.0,1,0,0.0,0,0,0,-9999.0,0.75,1,P54_CV0,2,2,0,1,1,0,2,0,2
41,136928.0727,-175283.8832,E41_F15_m73f73_P89_Y1_UO3200,I73_F89_m-1f-1_P73_Y-1_U230,ID73_F41_m-1f-1_P55_Y-1_U122,FXX,6,0.0,1,0,1.0,0,0,0,-9999.0,0.75,1,P54_CV0,2,1,1,2,0,0,2,0,2
41,136928.0727,-175283.8832,E41_F55_m55f55_P14_Y1_UO2418,I55_F41_m-1f-1_P55_Y-1_U124,I55_F41_m-1f-1_P55_Y-1_U146,MXY,6,0.0,1,0,0.0,0,0,0,-9999.0,0.75,1,P54_CV0,2,2,0,0,2,0,2,0,2
41,136928.0727,-175283.8832,E41_F43_m55f55_P89_Y0_UO2801,R55_F55_m-1f-1_P55_Y-1_U186,R55_F55_m-1f-1_P55_Y-1_U75,FXX,7,0.0,1,0,1.0,0,0,0,-9999.0,0.75,1,P54_CV0,2,1,1,0,2,0,2,0,2
41,136928.0727,-175283.8832,E41_F55_m55f55_P41_Y0_UO2787,R55_F55_m-1f-1_P55_Y-1_U155,R55_F55_m-1f-1_P55_Y-1_U73,MXY,7,0.0,1,0,0.0,0,0,0,-9999.0,0.5,1,P54_CV0,2,1,1,1,1,0,2,0,2
41,136928.0727,-175283.8832,E41_F55_m55f55_P89_Y0_UO2804,R55_F55_m-1f-1_P55_Y-1_U193,R55_F55_m-1f-1_P55_Y-1_U248,MXY,7,0.0,1,0,0.0,0,0,0,-9999.0,0.5,1,P54_CV0,2,1,1,0,2,0,2,0,2
41,136928.0727,-175283.8832,E41_F55_m55f55_P41_Y0_UO2740,R55_F55_m-1f-1_P55_Y-1_U39,R55_F55_m-1f-1_P55_Y-1_U214,MXY,7,0.0,1,0,0.0,0,0,0,-9999.0,0.25,1,P54_CV0,2,0,2,0,2,0,2,0,2
41,136928.0727,-175283.8832,E41_F73_m55f55_P41_Y0_UO2820,R55_F55_m-1f-1_P55_Y-1_U238,R55_F55_m-1f-1_P55_Y-1_U57,FXX,7,0.0,1,0,1.0,0,0,0,-9999.0,0.5,1,P54_CV0,2,1,1,2,0,0,2,0,2
41,136928.0727,-175283.8832,E41_F15_m-1f-1_P55_Y-1_U0,-9999,-9999,FXX,10,0.0,1,0,1.0,0,0,0,-9999.0,0.0,1,P54_CV0,2,0,2,0,2,0,2,0,2
41,136928.0727,-175283.8832,E41_F55_m-1f-1_P55_Y-1_U58,-9999,-9999,MXY,10,0.0,1,0,0.0,0,0,0,-9999.0,0.5,1,P54_CV0,2,1,1,2,0,0,2,0,2
41,136928.0727,-175283.8832,E41_F73_m-1f-1_P55_Y-1_U238,-9999,-9999,FXX,10,0.0,1,0,1.0,0,0,0,-9999.0,0.5,1,P54_CV0,2,1,1,2,0,0,2,0,2
41,136928.0727,-175283.8832,E41_F15_m-1f-1_P55_Y-1_U25,-9999,-9999,FXX,11,0.0,1,0,1.0,0,0,0,-9999.0,0.0,1,P54_CV0,2,0,2,1,1,0,2,0,2
41,136928.0727,-175283.8832,E41_F55_m-1f-1_P55_Y-1_U201,-9999,-9999,FXX,11,0.0,1,0,1.0,0,0,0,-9999.0,1.0,1,P54_CV0,2,2,0,0,2,0,2,0,2
41,136928.0727,-175283.8832,E41_F15_m-1f-1_P55_Y-1_U112,-9999,-9999,MXY,13,0.0,1,0,0.0,0,0,0,-9999.0,0.5,1,P54_CV0,2,1,1,2,0,0,2,0,2
41,136928.0727,-175283.8832,E41_F73_m-1f-1_P55_Y-1_U162,-9999,-9999,FXX,14,0.0,1,0,1.0,0,0,0,-9999.0,1.0,1,P54_CV0,2,2,0,1,1,0,2,0,2
41,136928.0727,-175283.8832,E41_F73_m-1f-1_P55_Y-1_U43,-9999,-9999,MXY,14,0.0,1,0,0.0,0,0,0,-9999.0,0.5,1,P54_CV0,2,1,1,0,2,0,2,0,2
41,136928.0727,-175283.8832,E41_F55_m-1f-1_P55_Y-1_U226,-9999,-9999,MXY,15,0.0,1,0,0.0,0,0,0,-9999.0,1.0,1,P54_CV0,2,2,0,1,1,0,2,0,2
41,136928.0727,-175283.8832,E41_F15_m60f60_P14_Y6_UO2839,I60_F75_m60f60_P19_Y0_UO3117,I60_F75_m60f60_P75_Y3_UO2781,FXX,1,0.0,1,1,1.0,0,0,0,-9999.0,0.375,1,P59_CV0,2,2,0,1,1,0,2,0,2
41,136928.0727,-175283.8832,E41_F55_m55f55_P89_Y6_UO2612,I55_F41_m100f100_P49_Y2_UO4629,I55_F14_m-1f-1_P15_Y-1_U189,FXX,1,0.0,1,1,1.0,0,0,0,-9999.0,0.625,1,P59_CV0,2,2,0,2,0,0,2,0,2
41,136928.0727,-175283.8832,E41_F55_m43f43_P49_Y4_UO2092,ID43_F75_m-1f-1_P60_Y-1_U86,ID43_F14_m-1f-1_P60_Y-1_U248,FXX,3,0.0,1,0,1.0,0,0,0,-9999.0,0.25,1,P59_CV0,2,0,2,1,1,0,2,0,2
41,136928.0727,-175283.8832,Age0_F41_m15f15_P41_Y7_UO828,I15_F14_m15f15_P41_Y3_UO756,ID15_F89_m43f43_P89_Y5_UO2113,MXY,0,0.0,0,0,0.0,0,0,0,0.0,0.5625,1,P62_CV0,2,0,2,2,0,0,2,0,2
41,136928.0727,-175283.8832,E41_F100_m100f100_P49_Y5_UO4611,I100_F68_m-1f-1_P100_Y-1_U121,I100_F69_m63f63_P68_Y1_UO2878,MXY,2,0.0,1,0,0.0,0,0,0,-9999.0,0.625,1,P62_CV0,2,1,1,2,0,0,2,0,2
41,136928.0727,-175283.8832,E41_F43_m31f31_P48_Y6_UO1504,I31_F8_m25f25_P68_Y3_UO1317,I31_F68_m31f31_P68_Y4_UO1521,MXY,1,0.0,1,1,0.0,0,0,0,-9999.0,0.0625,1,P64_CV0,2,0,2,0,2,0,2,0,2
41,136928.0727,-175283.8832,Age0_F41_m15f15_P41_Y7_UO794,I15_F41_m15f15_P41_Y5_UO811,I15_F89_m-1f-1_P73_Y-1_U136,FXX,0,0.0,0,0,0.0,0,0,0,0.0,0.3125,1,P72_CV0,2,0,2,1,1,0,2,0,2
41,136928.0727,-175283.8832,Age0_F41_m15f15_P41_Y7_UO813,ID15_F89_m73f73_P89_Y4_UO3319,I15_F14_m73f73_P41_Y4_UO3284,MXY,0,0.0,0,0,0.0,0,0,0,0.0,0.5625,1,P72_CV0,2,2,0,0,2,0,2,0,2
41,136928.0727,-175283.8832,Age0_F41_m15f15_P41_Y7_UO824,I15_F41_m15f15_P14_Y4_UO857,I15_F41_m-1f-1_P73_Y-1_U91,MXY,0,0.0,0,0,0.0,0,0,0,0.0,1.0,1,P72_CV0,2,2,0,1,1,0,2,0,2
41,136928.0727,-175283.8832,Age0_F41_m15f15_P41_Y7_UO839,I15_F89_m15f15_P41_Y3_UO794,I15_F89_m-1f-1_P73_Y-1_U136,FXX,0,0.0,0,0,0.0,0,0,0,0.0,0.375,1,P72_CV0,2,1,1,1,1,0,2,0,2
41,136928.0727,-175283.8832,Age0_F41_m15f15_P41_Y7_UO840,I15_F14_m11f11_P41_Y3_UO604,I15_F41_m-1f-1_P73_Y-1_U222,FXX,0,0.0,0,0,0.0,0,0,0,0.0,0.375,1,P72_CV0,2,1,1,1,1,0,2,0,2
41,136928.0727,-175283.8832,Age0_F41_m15f15_P41_Y7_UO841,ID15_F89_m100f100_P48_Y3_UO4591,I15_F89_m43f43_P14_Y3_UO2081,FXX,0,0.0,0,0,0.0,0,0,0,0.0,0.5625,1,P72_CV0,2,1,1,0,2,0,2,0,2
41,136928.0727,-175283.8832,Age0_F41_m15f15_P41_Y7_UO849,I15_F89_m15f15_P14_Y2_UO795,ID15_F89_m55f55_P89_Y5_UO2627,FXX,0,0.0,0,0,0.0,0,0,0,0.0,0.4375,1,P72_CV0,2,0,2,0,2,0,2,0,2
41,136928.0727,-175283.8832,Age0_F41_m15f15_P41_Y7_UO872,I15_F89_m-1f-1_P55_Y-1_U0,I15_F41_m55f55_P89_Y5_UO2532,FXX,0,0.0,0,0,0.0,0,0,0,0.0,0.34375,1,P72_CV0,2,1,1,1,1,0,2,0,2
41,136928.0727,-175283.8832,Age0_F41_m43f43_P41_Y7_UO2111,I43_F49_m55f55_P49_Y4_UO2525,I43_F49_m43f43_P48_Y1_UO1914,MXY,0,0.0,0,0,0.0,0,0,0,0.0,0.6875,1,P72_CV0,2,2,0,2,0,0,2,0,2
41,136928.0727,-175283.8832,Age0_F41_m55f55_P41_Y7_UO2545,I55_F89_m15f15_P89_Y5_UO809,I55_F89_m73f73_P89_Y1_UO3120,MXY,0,0.0,0,0,0.0,0,0,0,0.0,0.84375,1,P72_CV0,2,2,0,0,2,0,2,0,2
41,136928.0727,-175283.8832,Age0_F41_m55f55_P41_Y7_UO2558,I55_F89_m15f15_P41_Y4_UO771,I55_F41_m73f73_P41_Y3_UO3316,FXX,0,0.0,0,0,0.0,0,0,0,0.0,0.5,1,P72_CV0,2,0,2,1,1,0,2,0,2
41,136928.0727,-175283.8832,Age0_F41_m55f55_P41_Y7_UO2564,ID55_F49_m43f43_P49_Y4_UO2092,I55_F89_m-1f-1_P73_Y-1_U221,MXY,0,0.0,0,0,0.0,0,0,0,0.0,0.125,1,P72_CV0,2,0,2,2,0,0,2,0,2
41,136928.0727,-175283.8832,Age0_F41_m55f55_P41_Y7_UO2565,ID55_F49_m43f43_P48_Y4_UO2063,ID55_F41_m-1f-1_P55_Y-1_U119,MXY,0,0.0,0,0,0.0,0,0,0,0.0,0.8125,1,P72_CV0,2,1,1,1,1,0,2,0,2
41,136928.0727,-175283.8832,Age0_F41_m55f55_P41_Y7_UO2572,I55_F41_m15f15_P89_Y4_UO822,ID55_F49_m-1f-1_P11_Y-1_U6,FXX,0,0.0,0,0,0.0,0,0,0,0.0,0.4375,1,P72_CV0,2,2,0,2,0,0,2,0,2
41,136928.0727,-175283.8832,Age0_F41_m55f55_P41_Y7_UO2576,I55_F14_m73f73_P89_Y4_UO3346,I55_F89_m73f73_P89_Y5_UO3363,MXY,0,0.0,0,0,0.0,0,0,0,0.0,0.75,1,P72_CV0,2,1,1,0,2,0,2,0,2
41,136928.0727,-175283.8832,Age0_F41_m55f55_P41_Y7_UO2589,I55_F49_m73f73_P41_Y3_UO3344,ID55_F49_m-1f-1_P11_Y-1_U6,MXY,0,0.0,0,0,0.0,0,0,0,0.0,0.5,1,P72_CV0,2,2,0,2,0,0,2,0,2
41,136928.0727,-175283.8832,Age0_F41_m55f55_P41_Y7_UO2602,I55_F41_m55f55_P89_Y2_UO2616,I55_F41_m-1f-1_P73_Y-1_U199,MXY,0,0.0,0,0,0.0,0,0,0,0.0,0.75,1,P72_CV0,2,2,0,1,1,0,2,0,2
41,136928.0727,-175283.8832,Age0_F41_m55f55_P41_Y7_UO2608,I55_F48_m73f73_P89_Y1_UO3131,I55_F14_m55f55_P89_Y4_UO2566,MXY,0,0.0,0,0,0.0,0,0,0,0.0,0.5625,1,P72_CV0,2,1,1,2,0,0,2,0,2
41,136928.0727,-175283.8832,Age0_F41_m55f55_P41_Y7_UO2620,I55_F89_m73f73_P89_Y0_UO3543,ID55_F14_m73f73_P41_Y0_UO3583,MXY,0,0.0,0,0,0.0,0,0,0,0.0,0.625,1,P72_CV0,2,1,1,2,0,0,2,0,2
41,136928.0727,-175283.8832,Age0_F41_m73f73_P41_Y7_UO3325,ID73_F41_m55f55_P14_Y5_UO2579,I73_F41_m-1f-1_P73_Y-1_U9,MXY,0,0.0,0,0,0.0,0,0,0,0.0,0.9375,1,P72_CV0,2,2,0,1,1,0,2,0,2
41,136928.0727,-175283.8832,Age0_F41_m73f73_P41_Y7_UO3347,I73_F41_m43f43_P41_Y4_UO2067,I73_F89_m55f55_P41_Y5_UO2599,FXX,0,0.0,0,0,0.0,0,0,0,0.0,0.71875,1,P72_CV0,2,1,1,2,0,0,2,0,2
41,136928.0727,-175283.8832,Age0_F41_m73f73_P41_Y7_UO3348,I73_F89_m15f15_P89_Y4_UO772,I73_F41_m73f73_P41_Y5_UO3359,FXX,0,0.0,0,0,0.0,0,0,0,0.0,0.53125,1,P72_CV0,2,1,1,1,1,0,2,0,2
41,136928.0727,-175283.8832,Age0_F41_m73f73_P41_Y7_UO3349,ID73_F41_m73f73_P89_Y4_UO3349,I73_F41_m73f73_P89_Y5_UO3323,MXY,0,0.0,0,0,0.0,0,0,0,0.0,0.6875,1,P72_CV0,2,2,0,1,1,0,2,0,2
41,136928.0727,-175283.8832,Age0_F41_m73f73_P41_Y7_UO3359,I73_F41_m15f15_P89_Y4_UO840,ID73_F89_m-1f-1_P73_Y-1_U35,FXX,0,0.0,0,0,0.0,0,0,0,0.0,0.0,1,P72_CV0,2,0,2,1,1,0,2,0,2
41,136928.0727,-175283.8832,Age0_F41_m73f73_P41_Y7_UO3362,I73_F89_m11f11_P89_Y3_UO609,I73_F89_m73f73_P89_Y4_UO3334,MXY,0,0.0,0,0,0.0,0,0,0,0.0,0.4375,1,P72_CV0,2,1,1,1,1,0,2,0,2
41,136928.0727,-175283.8832,Age0_F41_m73f73_P41_Y7_UO3371,I73_F41_m15f15_P14_Y3_UO835,I73_F14_m-1f-1_P73_Y-1_U187,MXY,0,0.0,0,0,0.0,0,0,0,0.0,0.375,1,P72_CV0,2,1,1,2,0,0,2,0,2
41,136928.0727,-175283.8832,Age0_F41_m73f73_P41_Y7_UO3373,I73_F89_m55f55_P89_Y3_UO2574,I73_F89_m-1f-1_P73_Y-1_U72,FXX,0,0.0,0,0,0.0,0,0,0,0.0,0.375,1,P72_CV0,2,0,2,2,0,0,2,0,2
41,136928.0727,-175283.8832,Age0_F41_m73f73_P41_Y7_UO3375,I73_F89_m15f15_P41_Y2_UO828,I73_F89_m-1f-1_P73_Y-1_U20,MXY,0,0.0,0,0,0.0,0,0,0,0.0,0.375,1,P72_CV0,2,1,1,2,0,0,2,0,2
41,136928.0727,-175283.8832,Age0_F41_m73f73_P41_Y7_UO3394,I73_F89_m43f43_P41_Y0_UO2185,I73_F41_m73f73_P89_Y5_UO3334,FXX,0,0.0,0,0,0.0,0,0,0,0.0,0.5625,1,P72_CV0,2,2,0,1,1,0,2,0,2
41,136928.0727,-175283.8832,Age0_F41_m73f73_P41_Y7_UO3406,I73_F89_m-1f-1_P73_Y-1_U227,I73_F89_m55f55_P89_Y0_UO2742,FXX,0,0.0,0,0,0.0,0,0,0,0.0,0.75,1,P72_CV0,2,2,0,1,1,0,2,0,2
41,136928.0727,-175283.8832,E41_F11_m15f15_P89_Y6_UO875,I15_F41_m-1f-1_P73_Y-1_U96,I15_F89_m15f15_P41_Y4_UO851,MXY,1,0.0,1,1,0.0,0,0,0,-9999.0,0.5,1,P72_CV0,2,1,1,1,1,0,2,0,2
41,136928.0727,-175283.8832,E41_F15_m55f55_P14_Y6_UO2573,ID55_F89_m73f73_P89_Y4_UO3346,I55_F89_m73f73_P89_Y0_UO3603,FXX,1,0.0,1,1,1.0,0,0,0,-9999.0,0.5,1,P72_CV0,2,1,1,0,2,0,2,0,2
41,136928.0727,-175283.8832,E41_F15_m15f15_P41_Y6_UO787,I15_F49_m15f15_P41_Y4_UO841,I15_F41_m73f73_P89_Y2_UO3313,MXY,1,0.0,1,1,0.0,0,0,0,-9999.0,0.5,1,P72_CV0,2,2,0,2,0,0,2,0,2
41,136928.0727,-175283.8832,E41_F15_m15f15_P41_Y6_UO813,I15_F14_m73f73_P89_Y4_UO3339,I15_F14_m55f55_P41_Y1_UO2467,MXY,1,0.0,1,1,0.0,0,0,0,-9999.0,0.3125,1,P72_CV0,2,1,1,1,1,0,2,0,2
41,136928.0727,-175283.8832,E41_F15_m15f15_P41_Y6_UO820,I15_F89_m55f55_P89_Y3_UO2561,ID15_F89_m55f55_P41_Y4_UO2521,MXY,1,0.0,1,1,0.0,0,0,0,-9999.0,0.4375,1,P72_CV0,2,1,1,1,1,0,2,0,2
41,136928.0727,-175283.8832,E41_F15_m55f55_P41_Y6_UO2559,I55_F48_m15f15_P89_Y4_UO822,I55_F41_m11f11_P49_Y1_UO553,FXX,1,0.0,1,1,1.0,0,0,0,-9999.0,0.4375,1,P72_CV0,2,1,1,2,0,0,2,0,2
41,136928.0727,-175283.8832,E41_F15_m55f55_P41_Y6_UO2578,ID55_F89_m73f73_P41_Y3_UO3320,ID55_F41_m15f15_P41_Y3_UO844,MXY,1,0.0,1,1,0.0,0,0,0,-9999.0,0.125,1,P72_CV0,2,0,2,1,1,0,2,0,2
41,136928.0727,-175283.8832,E41_F15_m55f55_P41_Y6_UO2586,I55_F49_m43f43_P48_Y3_UO2120,I55_F89_m73f73_P89_Y0_UO3603,MXY,1,0.0,1,1,0.0,0,0,0,-9999.0,0.5625,1,P72_CV0,2,2,0,1,1,0,2,0,2
41,136928.0727,-175283.8832,E41_F15_m55f55_P41_Y6_UO2613,ID55_F89_m55f55_P89_Y2_UO2616,I55_F89_m100f100_P49_Y4_UO4592,MXY,1,0.0,1,1,0.0,0,0,0,-9999.0,0.3125,1,P72_CV0,2,1,1,0,2,0,2,0,2
41,136928.0727,-175283.8832,E41_F15_m55f55_P41_Y6_UO2628,I55_F89_m73f73_P41_Y1_UO3123,ID55_F41_m-1f-1_P15_Y-1_U177,MXY,1,0.0,1,1,0.0,0,0,0,-9999.0,0.25,1,P72_CV0,2,1,1,1,1,0,2,0,2
41,136928.0727,-175283.8832,E41_F15_m73f73_P41_Y6_UO3388,I73_F89_m73f73_P14_Y1_UO3174,I73_F41_m-1f-1_P73_Y-1_U72,MXY,1,0.0,1,1,0.0,0,0,0,-9999.0,0.25,1,P72_CV0,2,0,2,2,0,0,2,0,2
41,136928.0727,-175283.8832,E41_F15_m73f73_P41_Y6_UO3419,I73_F89_m-1f-1_P73_Y-1_U53,I73_F89_m73f73_P89_Y2_UO3295,FXX,1,0.0,1,1,1.0,0,0,0,-9999.0,0.625,1,P72_CV0,2,2,0,0,2,0,2,0,2
41,136928.0727,-175283.8832,E41_F15_m15f15_P89_Y6_UO812,ID15_F89_m73f73_P89_Y4_UO3319,ID15_F48_m11f11_P48_Y3_UO602,FXX,1,0.0,1,1,1.0,0,0,0,-9999.0,0.5625,1,P72_CV0,2,1,1,1,1,0,2,0,2
41,136928.0727,-175283.8832,E41_F15_m55f55_P89_Y6_UO2634,ID55_F89_m73f73_P89_Y0_UO3543,I55_F89_m15f15_P41_Y4_UO831,MXY,1,0.0,1,1,0.0,0,0,0,-9999.0,0.625,1,P72_CV0,2,1,1,1,1,0,2,0,2
41,136928.0727,-175283.8832,E41_F15_m55f55_P89_Y6_UO2641,I55_F41_m-1f-1_P73_Y-1_U211,I55_F89_m15f15_P89_Y3_UO755,FXX,1,0.0,1,1,1.0,0,0,0,-9999.0,0.3125,1,P72_CV0,2,1,1,1,1,0,2,0,2
41,136928.0727,-175283.8832,E41_F15_m73f73_P89_Y6_UO3366,I73_F41_m60f60_P49_Y3_UO2797,ID73_F89_m73f73_P89_Y1_UO3126,MXY,1,0.0,1,1,0.0,0,0,0,-9999.0,0.4375,1,P72_CV0,2,1,1,1,1,0,2,0,2
41,136928.0727,-175283.8832,E41_F15_m73f73_P89_Y6_UO3370,I73_F41_m55f55_P89_Y3_UO2590,I73_F41_m11f11_P89_Y1_UO573,FXX,1,0.0,1,1,1.0,0,0,0,-9999.0,0.75,1,P72_CV0,2,2,0,1,1,0,2,0,2
41,136928.0727,-175283.8832,E41_F55_m43f43_P14_Y6_UO2153,I43_F48_m100f100_P49_Y1_UO4367,ID43_F89_m55f55_P41_Y4_UO2585,FXX,1,0.0,1,1,1.0,0,0,0,-9999.0,0.25,1,P72_CV0,2,1,1,1,1,0,2,0,2
41,136928.0727,-175283.8832,E41_F55_m15f15_P41_Y6_UO888,ID15_F41_m-1f-1_P73_Y-1_U63,I15_F14_m15f15_P14_Y1_UO781,FXX,1,0.0,1,1,1.0,0,0,0,-9999.0,0.25,1,P72_CV0,2,1,1,0,2,0,2,0,2
41,136928.0727,-175283.8832,E41_F55_m55f55_P41_Y6_UO2609,ID55_F89_m73f73_P41_Y2_UO3310,ID55_F48_m43f43_P14_Y1_UO1957,MXY,1,0.0,1,1,0.0,0,0,0,-9999.0,0.75,1,P72_CV0,2,1,1,1,1,0,2,0,2
41,136928.0727,-175283.8832,E41_F55_m73f73_P41_Y6_UO3384,ID73_F89_m55f55_P14_Y2_UO2630,I73_F14_m-1f-1_P73_Y-1_U168,MXY,1,0.0,1,1,0.0,0,0,0,-9999.0,0.5,1,P72_CV0,2,0,2,2,0,0,2,0,2
41,136928.0727,-175283.8832,E41_F55_m15f15_P89_Y6_UO803,I15_F89_m73f73_P41_Y4_UO3350,I15_F14_m43f43_P14_Y2_UO2103,MXY,1,0.0,1,1,0.0,0,0,0,-9999.0,0.375,1,P72_CV0,2,1,1,0,2,0,2,0,2
41,136928.0727,-175283.8832,E41_F55_m15f15_P89_Y6_UO824,I15_F14_m11f11_P48_Y3_UO629,I15_F14_m55f55_P41_Y4_UO2530,MXY,1,0.0,1,1,0.0,0,0,0,-9999.0,0.375,1,P72_CV0,2,0,2,1,1,0,2,0,2
41,136928.0727,-175283.8832,E41_F55_m15f15_P89_Y6_UO848,I15_F41_m15f15_P14_Y2_UO795,I15_F41_m73f73_P89_Y3_UO3354,MXY,1,0.0,1,1,0.0,0,0,0,-9999.0,0.625,1,P72_CV0,2,1,1,1,1,0,2,0,2
41,136928.0727,-175283.8832,E41_F55_m15f15_P89_Y6_UO856,I15_F41_m73f73_P89_Y1_UO3150,ID15_F89_m55f55_P89_Y4_UO2580,MXY,1,0.0,1,1,0.0,0,0,0,-9999.0,0.875,1,P72_CV0,2,2,0,0,2,0,2,0,2
41,136928.0727,-175283.8832,E41_F55_m55f55_P89_Y6_UO2570,I55_F89_m15f15_P41_Y4_UO771,I55_F89_m-1f-1_P73_Y-1_U156,MXY,1,0.0,1,1,0.0,0,0,0,-9999.0,0.75,1,P72_CV0,2,2,0,1,1,0,2,0,2
41,136928.0727,-175283.8832,E41_F55_m55f55_P89_Y6_UO2620,I55_F89_m73f73_P41_Y1_UO3188,I55_F14_m-1f-1_P15_Y-1_U189,MXY,1,0.0,1,1,0.0,0,0,0,-9999.0,0.875,1,P72_CV0,2,2,0,1,1,0,2,0,2
41,136928.0727,-175283.8832,E41_F55_m55f55_P89_Y6_UO2654,I55_F89_m-1f-1_P73_Y-1_U99,ID55_F41_m55f55_P41_Y3_UO2601,MXY,1,0.0,1,1,0.0,0,0,0,-9999.0,0.5625,1,P72_CV0,2,2,0,0,2,0,2,0,2
41,136928.0727,-175283.8832,E41_F73_m15f15_P41_Y6_UO795,I15_F14_m55f55_P41_Y4_UO2512,ID15_F89_m73f73_P89_Y3_UO3327,FXX,1,0.0,1,1,1.0,0,0,0,-9999.0,0.4375,1,P72_CV0,2,0,2,1,1,0,2,0,2
41,136928.0727,-175283.8832,E41_F73_m15f15_P41_Y6_UO851,ID15_F14_m55f55_P41_Y2_UO2589,ID15_F41_m-1f-1_P55_Y-1_U119,MXY,1,0.0,1,1,0.0,0,0,0,-9999.0,0.875,1,P72_CV0,2,2,0,0,2,0,2,0,2
41,136928.0727,-175283.8832,E41_F73_m55f55_P41_Y6_UO2587,ID55_F89_m11f11_P89_Y3_UO640,I55_F41_m73f73_P41_Y3_UO3273,MXY,1,0.0,1,1,0.0,0,0,0,-9999.0,0.5,1,P72_CV0,2,1,1,1,1,0,2,0,2
41,136928.0727,-175283.8832,E41_F73_m73f73_P41_Y6_UO3350,I73_F89_m55f55_P89_Y4_UO2529,I73_F89_m73f73_P14_Y1_UO3128,FXX,1,0.0,1,1,1.0,0,0,0,-9999.0,0.46875,1,P72_CV0,2,1,1,0,2,0,2,0,2
41,136928.0727,-175283.8832,E41_F73_m73f73_P41_Y6_UO3352,I73_F41_m73f73_P89_Y3_UO3317,I73_F41_m15f15_P41_Y0_UO829,MXY,1,0.0,1,1,0.0,0,0,0,-9999.0,0.25,1,P72_CV0,2,1,1,1,1,0,2,0,2
41,136928.0727,-175283.8832,E41_F73_m15f15_P89_Y6_UO869,I15_F14_m-1f-1_P73_Y-1_U189,I15_F89_m-1f-1_P43_Y-1_U42,MXY,1,0.0,1,1,0.0,0,0,0,-9999.0,0.25,1,P72_CV0,2,0,2,1,1,0,2,0,2
41,136928.0727,-175283.8832,E41_F73_m55f55_P89_Y6_UO2567,I55_F14_m15f15_P49_Y4_UO830,I55_F41_m55f55_P89_Y4_UO2504,MXY,1,0.0,1,1,0.0,0,0,0,-9999.0,0.5625,1,P72_CV0,2,1,1,0,2,0,2,0,2
41,136928.0727,-175283.8832,E41_F73_m73f73_P89_Y6_UO3426,I73_F89_m-1f-1_P73_Y-1_U124,ID73_F89_m55f55_P14_Y4_UO2571,FXX,1,0.0,1,1,1.0,0,0,0,-9999.0,0.84375,1,P72_CV0,2,2,0,2,0,0,2,0,2
41,136928.0727,-175283.8832,E41_F15_m73f73_P41_Y5_UO3369,ID73_F89_m-1f-1_P15_Y-1_U21,ID73_F41_m73f73_P89_Y1_UO3125,MXY,2,0.0,1,0,0.0,0,0,0,-9999.0,0.25,1,P72_CV0,2,1,1,1,1,0,2,0,2
41,136928.0727,-175283.8832,E41_F15_m15f15_P89_Y5_UO872,I15_F41_m-1f-1_P55_Y-1_U25,I15_F89_m15f15_P89_Y3_UO782,MXY,2,0.0,1,0,0.0,0,0,0,-9999.0,0.0625,1,P72_CV0,2,0,2,1,1,0,2,0,2
41,136928.0727,-175283.8832,E41_F15_m55f55_P89_Y5_UO2532,I55_F89_m15f15_P41_Y3_UO776,I55_F89_m-1f-1_P73_Y-1_U199,MXY,2,0.0,1,0,0.0,0,0,0,-9999.0,0.6875,1,P72_CV0,2,2,0,2,0,0,2,0,2
41,136928.0727,-175283.8832,E41_F15_m15f15_P41_Y5_UO844,I15_F49_m73f73_P89_Y1_UO3150,I15_F41_m55f55_P41_Y0_UO2813,FXX,2,0.0,1,0,1.0,0,0,0,-9999.0,0.5,1,P72_CV0,2,1,1,1,1,0,2,0,2
41,136928.0727,-175283.8832,E41_F43_m43f43_P49_Y5_UO2137,ID43_F41_m-1f-1_P100_Y-1_U237,ID43_F89_m73f73_P89_Y2_UO3339,FXX,2,0.0,1,0,1.0,0,0,0,-9999.0,0.625,1,P72_CV0,2,1,1,1,1,0,2,0,2
41,136928.0727,-175283.8832,E41_F55_m55f55_P89_Y5_UO2603,ID55_F48_m65f65_P98_Y0_UO3349,I55_F89_m73f73_P41_Y0_UO3539,MXY,2,0.0,1,0,0.0,0,0,0,-9999.0,0.625,1,P72_CV0,2,0,2,1,1,0,2,0,2
41,136928.0727,-175283.8832,E41_F55_m15f15_P89_Y5_UO809,I15_F14_m15f15_P41_Y2_UO768,I15_F48_m73f73_P41_Y0_UO3549,FXX,2,0.0,1,0,1.0,0,0,0,-9999.0,0.6875,1,P72_CV0,2,2,0,1,1,0,2,0,2
41,136928.0727,-175283.8832,E41_F55_m15f15_P14_Y5_UO855,ID15_F89_m15f15_P41_Y0_UO818,I15_F41_m73f73_P89_Y0_UO3550,MXY,2,0.0,1,0,0.0,0,0,0,-9999.0,0.75,1,P72_CV0,2,2,0,0,2,0,2,0,2
41,136928.0727,-175283.8832,E41_F55_m15f15_P89_Y5_UO873,I15_F14_m-1f-1_P55_Y-1_U211,I15_F89_m73f73_P89_Y2_UO3313,MXY,2,0.0,1,0,0.0,0,0,0,-9999.0,0.5,1,P72_CV0,2,1,1,2,0,0,2,0,2
41,136928.0727,-175283.8832,E41_F73_m73f73_P89_Y5_UO3342,I73_F41_m73f73_P89_Y0_UO3593,ID73_F89_m73f73_P89_Y3_UO3348,MXY,2,0.0,1,0,0.0,0,0,0,-9999.0,0.3125,1,P72_CV0,2,1,1,2,0,0,2,0,2
41,136928.0727,-175283.8832,E41_F73_m73f73_P89_Y5_UO3360,I73_F89_m-1f-1_P73_Y-1_U227,I73_F89_m73f73_P89_Y0_UO3545,MXY,2,0.0,1,0,0.0,0,0,0,-9999.0,0.5,1,P72_CV0,2,1,1,0,2,0,2,0,2
41,136928.0727,-175283.8832,E41_F73_m73f73_P89_Y5_UO3334,I73_F89_m73f73_P14_Y1_UO3174,I73_F41_m73f73_P89_Y2_UO3314,MXY,2,0.0,1,0,0.0,0,0,0,-9999.0,0.375,1,P72_CV0,2,1,1,1,1,0,2,0,2
41,136928.0727,-175283.8832,E41_F15_m73f73_P89_Y4_UO3324,I73_F89_m-1f-1_P73_Y-1_U165,I73_F89_m15f15_P89_Y2_UO793,MXY,3,0.0,1,0,0.0,0,0,0,-9999.0,0.625,1,P72_CV0,2,1,1,2,0,0,2,0,2
41,136928.0727,-175283.8832,E41_F15_m73f73_P89_Y4_UO3319,I73_F41_m-1f-1_P73_Y-1_U177,I73_F89_m-1f-1_P55_Y-1_U112,FXX,3,0.0,1,0,1.0,0,0,0,-9999.0,0.5,1,P72_CV0,2,1,1,1,1,0,2,0,2
41,136928.0727,-175283.8832,E41_F15_m55f55_P41_Y4_UO2507,I55_F41_m73f73_P89_Y2_UO3283,I55_F89_m-1f-1_P73_Y-1_U102,MXY,3,0.0,1,0,0.0,0,0,0,-9999.0,0.5625,1,P72_CV0,2,1,1,0,2,0,2,0,2
41,136928.0727,-175283.8832,E41_F43_m55f55_P49_Y4_UO2525,ID55_F89_m15f15_P89_Y2_UO829,I55_F41_m73f73_P89_Y2_UO3339,FXX,3,0.0,1,0,1.0,0,0,0,-9999.0,0.625,1,P72_CV0,2,1,1,2,0,0,2,0,2
41,136928.0727,-175283.8832,E41_F55_m15f15_P41_Y4_UO771,I15_F14_m73f73_P41_Y2_UO3312,I15_F89_m15f15_P41_Y0_UO887,FXX,3,0.0,1,0,1.0,0,0,0,-9999.0,0.5,1,P72_CV0,2,1,1,1,1,0,2,0,2
41,136928.0727,-175283.8832,E41_F55_m73f73_P89_Y4_UO3343,I73_F89_m-1f-1_P15_Y-1_U215,I73_F89_m-1f-1_P73_Y-1_U222,FXX,3,0.0,1,0,1.0,0,0,0,-9999.0,0.75,1,P72_CV0,2,1,1,0,2,0,2,0,2
41,136928.0727,-175283.8832,E41_F55_m43f43_P48_Y4_UO2063,I43_F49_m60f60_P48_Y1_UO2752,I43_F48_m15f15_P14_Y2_UO776,FXX,3,0.0,1,0,1.0,0,0,0,-9999.0,0.625,1,P72_CV0,2,1,1,1,1,0,2,0,2
41,136928.0727,-175283.8832,E41_F55_m15f15_P89_Y4_UO822,ID15_F89_m73f73_P89_Y0_UO3601,I15_F41_m-1f-1_P15_Y-1_U23,FXX,3,0.0,1,0,1.0,0,0,0,-9999.0,0.375,1,P72_CV0,2,1,1,2,0,0,2,0,2
41,136928.0727,-175283.8832,E41_F73_m73f73_P89_Y4_UO3349,I73_F89_m-1f-1_P73_Y-1_U65,I73_F41_m11f11_P89_Y1_UO539,FXX,3,0.0,1,0,1.0,0,0,0,-9999.0,0.75,1,P72_CV0,2,2,0,1,1,0,2,0,2
41,136928.0727,-175283.8832,E41_F73_m15f15_P41_Y4_UO871,I15_F89_m-1f-1_P73_Y-1_U52,I15_F41_m73f73_P89_Y0_UO3548,MXY,3,0.0,1,0,0.0,0,0,0,-9999.0,0.25,1,P72_CV0,2,1,1,0,2,0,2,0,2
41,136928.0727,-175283.8832,E41_F15_m73f73_P89_Y3_UO3317,I73_F89_m-1f-1_P73_Y-1_U208,ID73_F89_m73f73_P89_Y0_UO3545,FXX,4,0.0,1,0,1.0,0,0,0,-9999.0,0.5,1,P72_CV0,2,1,1,1,1,0,2,0,2
41,136928.0727,-175283.8832,E41_F15_m73f73_P89_Y3_UO3354,I73_F89_m-1f-1_P73_Y-1_U65,I73_F41_m-1f-1_P15_Y-1_U45,MXY,4,0.0,1,0,0.0,0,0,0,-9999.0,0.75,1,P72_CV0,2,1,1,1,1,0,2,0,2
41,136928.0727,-175283.8832,E41_F55_m73f73_P41_Y3_UO3344,I73_F89_m-1f-1_P73_Y-1_U218,I73_F89_m-1f-1_P73_Y-1_U187,FXX,4,0.0,1,0,1.0,0,0,0,-9999.0,0.5,1,P72_CV0,2,1,1,2,0,0,2,0,2
41,136928.0727,-175283.8832,E41_F73_m73f73_P41_Y3_UO3330,I73_F89_m-1f-1_P55_Y-1_U238,I73_F89_m-1f-1_P73_Y-1_U144,MXY,4,0.0,1,0,0.0,0,0,0,-9999.0,0.5,1,P72_CV0,2,0,2,1,1,0,2,0,2
41,136928.0727,-175283.8832,E41_F15_m15f15_P14_Y2_UO795,I15_F89_m-1f-1_P15_Y-1_U59,ID15_F41_m-1f-1_P73_Y-1_U2,FXX,5,0.0,1,0,1.0,0,0,0,-9999.0,0.5,1,P72_CV0,2,1,1,1,1,0,2,0,2
41,136928.0727,-175283.8832,E41_F15_m73f73_P89_Y2_UO3288,I73_F89_m15f15_P14_Y0_UO894,ID73_F41_m-1f-1_P73_Y-1_U134,MXY,5,0.0,1,0,0.0,0,0,0,-9999.0,0.375,1,P72_CV0,2,1,1,0,2,0,2,0,2
41,136928.0727,-175283.8832,E41_F55_m55f55_P89_Y2_UO2616,I55_F89_m-1f-1_P55_Y-1_U28,I55_F89_m73f73_P41_Y0_UO3539,FXX,5,0.0,1,0,1.0,0,0,0,-9999.0,0.5,1,P72_CV0,2,2,0,0,2,0,2,0,2
41,136928.0727,-175283.8832,E41_F15_m73f73_P89_Y1_UO3150,ID73_F89_m-1f-1_P73_Y-1_U172,I73_F89_m-1f-1_P73_Y-1_U129,FXX,6,0.0,1,0,1.0,0,0,0,-9999.0,1.0,1,P72_CV0,2,2,0,1,1,0,2,0,2
41,136928.0727,-175283.8832,E41_F15_m55f55_P41_Y1_UO2467,ID55_F89_m-1f-1_P73_Y-1_U16,I55_F89_m-1f-1_P55_Y-1_U222,MXY,6,0.0,1,0,0.0,0,0,0,-9999.0,0.25,1,P72_CV0,2,1,1,1,1,0,2,0,2
41,136928.0727,-175283.8832,E41_F55_m73f73_P89_Y1_UO3131,I73_F89_m-1f-1_P73_Y-1_U211,I73_F89_m-1f-1_P73_Y-1_U77,FXX,6,0.0,1,0,1.0,0,0,0,-9999.0,0.25,1,P72_CV0,2,0,2,1,1,0,2,0,2
41,136928.0727,-175283.8832,E41_F55_m73f73_P41_Y1_UO3179,I73_F89_m-1f-1_P73_Y-1_U94,I73_F41_m-1f-1_P73_Y-1_U179,FXX,6,0.0,1,0,1.0,0,0,0,-9999.0,0.75,1,P72_CV0,2,1,1,0,2,0,2,0,2
41,136928.0727,-175283.8832,E41_F55_m73f73_P41_Y1_UO3188,ID73_F41_m-1f-1_P73_Y-1_U124,I73_F41_m-1f-1_P73_Y-1_U179,FXX,6,0.0,1,0,1.0,0,0,0,-9999.0,0.75,1,P72_CV0,2,2,0,1,1,0,2,0,2
41,136928.0727,-175283.8832,E41_F73_m73f73_P89_Y1_UO3126,I73_F89_m-1f-1_P73_Y-1_U174,I73_F89_m-1f-1_P73_Y-1_U129,MXY,6,0.0,1,0,0.0,0,0,0,-9999.0,0.75,1,P72_CV0,2,2,0,2,0,0,2,0,2
41,136928.0727,-175283.8832,E41_F55_m73f73_P89_Y0_UO3543,R73_F73_m-1f-1_P73_Y-1_U52,R73_F73_m-1f-1_P73_Y-1_U244,FXX,7,0.0,1,0,1.0,0,0,0,-9999.0,0.25,1,P72_CV0,2,1,1,2,0,0,2,0,2
41,136928.0727,-175283.8832,E41_F55_m73f73_P89_Y0_UO3603,R73_F73_m-1f-1_P73_Y-1_U204,R73_F73_m-1f-1_P73_Y-1_U173,MXY,7,0.0,1,0,0.0,0,0,0,-9999.0,0.5,1,P72_CV0,2,1,1,0,2,0,2,0,2
41,136928.0727,-175283.8832,E41_F55_m73f73_P41_Y0_UO3583,R73_F73_m-1f-1_P73_Y-1_U147,R73_F73_m-1f-1_P73_Y-1_U9,MXY,7,0.0,1,0,0.0,0,0,0,-9999.0,1.0,1,P72_CV0,2,2,0,2,0,0,2,0,2
41,136928.0727,-175283.8832,E41_F55_m-1f-1_P73_Y-1_U217,-9999,-9999,MXY,8,0.0,1,0,0.0,0,0,0,-9999.0,0.5,1,P72_CV0,2,1,1,2,0,0,2,0,2
41,136928.0727,-175283.8832,E41_F73_m-1f-1_P73_Y-1_U92,-9999,-9999,MXY,8,0.0,1,0,0.0,0,0,0,-9999.0,0.5,1,P72_CV0,2,1,1,1,1,0,2,0,2
41,136928.0727,-175283.8832,E41_F15_m-1f-1_P73_Y-1_U91,-9999,-9999,MXY,9,0.0,1,0,0.0,0,0,0,-9999.0,1.0,1,P72_CV0,2,2,0,1,1,0,2,0,2
41,136928.0727,-175283.8832,E41_F43_m-1f-1_P73_Y-1_U46,-9999,-9999,MXY,9,0.0,1,0,0.0,0,0,0,-9999.0,0.0,1,P72_CV0,2,0,2,2,0,0,2,0,2
41,136928.0727,-175283.8832,E41_F73_m-1f-1_P73_Y-1_U203,-9999,-9999,FXX,9,0.0,1,0,1.0,0,0,0,-9999.0,0.5,1,P72_CV0,2,1,1,1,1,0,2,0,2
41,136928.0727,-175283.8832,E41_F73_m-1f-1_P73_Y-1_U9,-9999,-9999,MXY,9,0.0,1,0,0.0,0,0,0,-9999.0,1.0,1,P72_CV0,2,2,0,2,0,0,2,0,2
41,136928.0727,-175283.8832,E41_F73_m-1f-1_P73_Y-1_U227,-9999,-9999,FXX,9,0.0,1,0,1.0,0,0,0,-9999.0,0.5,1,P72_CV0,2,1,1,0,2,0,2,0,2
41,136928.0727,-175283.8832,E41_F15_m-1f-1_P73_Y-1_U105,-9999,-9999,MXY,10,0.0,1,0,0.0,0,0,0,-9999.0,0.5,1,P72_CV0,2,1,1,1,1,0,2,0,2
41,136928.0727,-175283.8832,E41_F43_m-1f-1_P73_Y-1_U83,-9999,-9999,MXY,10,0.0,1,0,0.0,0,0,0,-9999.0,0.0,1,P72_CV0,2,0,2,1,1,0,2,0,2
41,136928.0727,-175283.8832,E41_F55_m-1f-1_P73_Y-1_U209,-9999,-9999,MXY,11,0.0,1,0,0.0,0,0,0,-9999.0,1.0,1,P72_CV0,2,2,0,1,1,0,2,0,2
41,136928.0727,-175283.8832,E41_F73_m-1f-1_P73_Y-1_U20,-9999,-9999,MXY,11,0.0,1,0,0.0,0,0,0,-9999.0,0.5,1,P72_CV0,2,1,1,2,0,0,2,0,2
41,136928.0727,-175283.8832,E41_F73_m-1f-1_P73_Y-1_U35,-9999,-9999,MXY,11,0.0,1,0,0.0,0,0,0,-9999.0,0.0,1,P72_CV0,2,0,2,1,1,0,2,0,2
41,136928.0727,-175283.8832,E41_F15_m-1f-1_P73_Y-1_U4,-9999,-9999,MXY,13,0.0,1,0,0.0,0,0,0,-9999.0,0.0,1,P72_CV0,2,0,2,0,2,0,2,0,2
41,136928.0727,-175283.8832,E41_F15_m-1f-1_P73_Y-1_U222,-9999,-9999,MXY,14,0.0,1,0,0.0,0,0,0,-9999.0,0.5,1,P72_CV0,2,1,1,0,2,0,2,0,2
41,136928.0727,-175283.8832,E41_F43_m31f31_P49_Y6_UO1470,I31_F68_m84f84_P8_Y4_UO3905,I31_F68_m65f65_P68_Y1_UO2957,FXX,1,0.0,1,1,1.0,0,0,0,-9999.0,0.5,1,P83_CV0,2,0,2,1,1,0,2,0,2
41,136928.0727,-175283.8832,E41_F55_m31f31_P48_Y4_UO1529,ID31_F36_m-1f-1_P84_Y-1_U77,ID31_F8_m63f63_P68_Y1_UO2916,FXX,3,0.0,1,0,1.0,0,0,0,-9999.0,0.5,1,P83_CV0,2,1,1,1,1,0,2,0,2
41,136928.0727,-175283.8832,Age0_F41_m73f73_P41_Y7_UO3363,I73_F89_m60f60_P49_Y3_UO2797,I73_F89_m-1f-1_P73_Y-1_U20,MXY,0,0.0,0,0,0.0,0,0,0,0.0,0.3125,1,P86_CV0,2,0,2,1,1,0,2,0,2
41,136928.0727,-175283.8832,E41_F73_m60f60_P49_Y3_UO2797,I60_F75_m87f87_P19_Y0_UO4352,I60_F75_m-1f-1_P60_Y-1_U234,FXX,4,0.0,1,0,1.0,0,0,0,-9999.0,0.125,1,P86_CV0,2,0,2,0,2,0,2,0,2
41,136928.0727,-175283.8832,Age0_F41_m43f43_P41_Y7_UO2089,I43_F41_m43f43_P49_Y5_UO2137,I43_F48_m100f100_P49_Y2_UO4613,MXY,0,0.0,0,0,0.0,0,0,0,0.0,0.6875,1,P99_CV0,2,1,1,1,1,0,2,0,2
41,136928.0727,-175283.8832,Age0_F41_m43f43_P41_Y7_UO2106,I43_F41_m15f15_P48_Y5_UO878,I43_F49_m100f100_P49_Y1_UO4380,FXX,0,0.0,0,0,0.0,0,0,0,0.0,0.625,1,P99_CV0,2,2,0,0,2,0,2,0,2
41,136928.0727,-175283.8832,Age0_F41_m43f43_P41_Y7_UO2108,I43_F48_m100f100_P49_Y5_UO4619,I43_F49_m43f43_P49_Y5_UO2061,MXY,0,0.0,0,0,0.0,0,0,0,0.0,0.625,1,P99_CV0,2,2,0,0,2,0,2,0,2
41,136928.0727,-175283.8832,Age0_F41_m43f43_P41_Y7_UO2152,I43_F14_m100f100_P49_Y1_UO4367,I43_F48_m100f100_P48_Y4_UO4601,FXX,0,0.0,0,0,0.0,0,0,0,0.0,0.375,1,P99_CV0,2,1,1,1,1,0,2,0,2
41,136928.0727,-175283.8832,Age0_F41_m55f55_P41_Y7_UO2578,ID55_F41_m73f73_P41_Y3_UO3299,I55_F49_m55f55_P41_Y3_UO2601,MXY,0,0.0,0,0,0.0,0,0,0,0.0,0.375,1,P99_CV0,2,0,2,1,1,0,2,0,2
41,136928.0727,-175283.8832,Age0_F41_m55f55_P41_Y7_UO2610,I55_F41_m73f73_P41_Y1_UO3179,ID55_F48_m100f100_P48_Y3_UO4585,MXY,0,0.0,0,0,0.0,0,0,0,0.0,0.6875,1,P99_CV0,2,0,2,1,1,0,2,0,2
41,136928.0727,-175283.8832,Age0_F41_m73f73_P41_Y7_UO3381,ID73_F41_m43f43_P41_Y2_UO2048,ID73_F41_m55f55_P41_Y5_UO2567,FXX,0,0.0,0,0,0.0,0,0,0,0.0,0.5625,1,P99_CV0,2,0,2,0,2,0,2,0,2
41,136928.0727,-175283.8832,E41_F15_m15f15_P41_Y6_UO790,I15_F41_m43f43_P89_Y4_UO2104,I15_F41_m-1f-1_P73_Y-1_U110,FXX,1,0.0,1,1,1.0,0,0,0,-9999.0,0.5625,1,P99_CV0,2,0,2,2,0,0,2,0,2
41,136928.0727,-175283.8832,E41_F15_m43f43_P41_Y6_UO2141,I43_F49_m43f43_P48_Y3_UO2075,ID43_F48_m63f63_P68_Y4_UO2988,FXX,1,0.0,1,1,1.0,0,0,0,-9999.0,0.8125,1,P99_CV0,2,2,0,1,1,0,2,0,2
41,136928.0727,-175283.8832,E41_F15_m55f55_P41_Y6_UO2568,I55_F41_m43f43_P14_Y4_UO2058,I55_F41_m-1f-1_P55_Y-1_U36,MXY,1,0.0,1,1,0.0,0,0,0,-9999.0,0.625,1,P99_CV0,2,1,1,0,2,0,2,0,2
41,136928.0727,-175283.8832,E41_F15_m73f73_P41_Y6_UO3396,ID73_F41_m100f100_P41_Y0_UO4955,ID73_F41_m11f11_P89_Y3_UO622,FXX,1,0.0,1,1,1.0,0,0,0,-9999.0,0.375,1,P99_CV0,2,0,2,1,1,0,2,0,2
41,136928.0727,-175283.8832,E41_F15_m15f15_P89_Y6_UO788,ID15_F89_m73f73_P41_Y4_UO3266,I15_F41_m100f100_P48_Y1_UO4355,MXY,1,0.0,1,1,0.0,0,0,0,-9999.0,0.5625,1,P99_CV0,2,1,1,1,1,0,2,0,2
41,136928.0727,-175283.8832,E41_F43_m11f11_P48_Y6_UO686,I11_F48_m-1f-1_P100_Y-1_U22,I11_F48_m-1f-1_P11_Y-1_U241,MXY,1,0.0,1,1,0.0,0,0,0,-9999.0,0.75,1,P99_CV0,2,2,0,2,0,0,2,0,2
41,136928.0727,-175283.8832,E41_F43_m43f43_P48_Y6_UO2116,I43_F49_m43f43_P49_Y4_UO2045,I43_F48_m-1f-1_P43_Y-1_U233,MXY,1,0.0,1,1,0.0,0,0,0,-9999.0,0.375,1,P99_CV0,2,1,1,2,0,0,2,0,2
41,136928.0727,-175283.8832,E41_F55_m43f43_P41_Y6_UO2187,I43_F48_m-1f-1_P100_Y-1_U64,I43_F48_m60f60_P75_Y1_UO2731,MXY,1,0.0,1,1,0.0,0,0,0,-9999.0,0.5,1,P99_CV0,2,0,2,2,0,0,2,0,2
41,136928.0727,-175283.8832,E41_F55_m100f100_P48_Y6_UO4621,I100_F49_m43f43_P49_Y3_UO2091,I100_F68_m11f11_P2_Y0_UO676,MXY,1,0.0,1,1,0.0,0,0,0,-9999.0,0.6875,1,P99_CV0,2,2,0,1,1,0,2,0,2
41,136928.0727,-175283.8832,E41_F55_m43f43_P49_Y6_UO2186,I43_F14_m-1f-1_P43_Y-1_U178,I43_F49_m100f100_P49_Y1_UO4374,FXX,1,0.0,1,1,1.0,0,0,0,-9999.0,0.375,1,P99_CV0,2,0,2,1,1,0,2,0,2
41,136928.0727,-175283.8832,E41_F55_m15f15_P89_Y6_UO798,I15_F41_m15f15_P89_Y4_UO775,ID15_F89_m73f73_P89_Y4_UO3299,MXY,1,0.0,1,1,0.0,0,0,0,-9999.0,0.5625,1,P99_CV0,2,2,0,1,1,0,2,0,2
41,136928.0727,-175283.8832,E41_F55_m55f55_P89_Y6_UO2588,ID55_F49_m15f15_P41_Y3_UO832,I55_F41_m100f100_P48_Y4_UO4578,FXX,1,0.0,1,1,1.0,0,0,0,-9999.0,0.5,1,P99_CV0,2,1,1,1,1,0,2,0,2
41,136928.0727,-175283.8832,E41_F15_m55f55_P89_Y5_UO2534,ID55_F89_m15f15_P41_Y3_UO762,I55_F89_m15f15_P41_Y0_UO840,FXX,2,0.0,1,0,1.0,0,0,0,-9999.0,0.5625,1,P99_CV0,2,0,2,1,1,0,2,0,2
41,136928.0727,-175283.8832,E41_F15_m73f73_P41_Y5_UO3350,I73_F89_m43f43_P41_Y0_UO2185,ID73_F41_m73f73_P89_Y2_UO3305,MXY,2,0.0,1,0,0.0,0,0,0,-9999.0,0.5625,1,P99_CV0,2,1,1,2,0,0,2,0,2
41,136928.0727,-175283.8832,E41_F43_m100f100_P49_Y5_UO4609,I100_F49_m-1f-1_P100_Y-1_U27,I100_F48_m60f60_P49_Y1_UO2696,FXX,2,0.0,1,0,1.0,0,0,0,-9999.0,0.5,1,P99_CV0,2,2,0,2,0,0,2,0,2
41,136928.0727,-175283.8832,E41_F43_m100f100_P49_Y5_UO4626,I100_F49_m-1f-1_P85_Y-1_U113,I100_F48_m100f100_P48_Y1_UO4381,MXY,2,0.0,1,0,0.0,0,0,0,-9999.0,0.875,1,P99_CV0,2,2,0,1,1,0,2,0,2
41,136928.0727,-175283.8832,E41_F43_m100f100_P49_Y5_UO4619,I100_F68_m-1f-1_P100_Y-1_U65,I100_F49_m100f100_P49_Y0_UO4905,FXX,2,0.0,1,0,1.0,0,0,0,-9999.0,0.75,1,P99_CV0,2,2,0,1,1,0,2,0,2
41,136928.0727,-175283.8832,E41_F73_m55f55_P14_Y5_UO2579,I55_F41_m55f55_P89_Y1_UO2486,ID55_F89_m-1f-1_P55_Y-1_U119,FXX,2,0.0,1,0,1.0,0,0,0,-9999.0,0.875,1,P99_CV0,2,2,0,0,2,0,2,0,2
41,136928.0727,-175283.8832,E41_F15_m55f55_P49_Y4_UO2494,ID55_F89_m43f43_P89_Y2_UO2053,I55_F89_m-1f-1_P55_Y-1_U33,MXY,3,0.0,1,0,0.0,0,0,0,-9999.0,0.625,1,P99_CV0,2,0,2,1,1,0,2,0,2
41,136928.0727,-175283.8832,E41_F55_m100f100_P48_Y4_UO4578,I100_F49_m65f65_P98_Y0_UO3349,I100_F68_m-1f-1_P100_Y-1_U187,MXY,3,0.0,1,0,0.0,0,0,0,-9999.0,0.375,1,P99_CV0,2,0,2,1,1,0,2,0,2
41,136928.0727,-175283.8832,E41_F73_m100f100_P48_Y4_UO4567,I100_F49_m11f11_P49_Y1_UO574,I100_F68_m-1f-1_P100_Y-1_U162,FXX,3,0.0,1,0,1.0,0,0,0,-9999.0,0.25,1,P99_CV0,2,1,1,0,2,0,2,0,2
41,136928.0727,-175283.8832,E41_F73_m73f73_P89_Y4_UO3351,I73_F14_m-1f-1_P73_Y-1_U194,ID73_F49_m100f100_P48_Y2_UO4558,FXX,3,0.0,1,0,1.0,0,0,0,-9999.0,0.625,1,P99_CV0,2,2,0,1,1,0,2,0,2
41,136928.0727,-175283.8832,E41_F15_m100f100_P48_Y3_UO4591,I100_F48_m-1f-1_P100_Y-1_U79,I100_F48_m11f11_P48_Y0_UO639,FXX,4,0.0,1,0,1.0,0,0,0,-9999.0,0.375,1,P99_CV0,2,0,2,0,2,0,2,0,2
41,136928.0727,-175283.8832,E41_F55_m73f73_P41_Y3_UO3299,I73_F89_m100f100_P41_Y0_UO4955,I73_F89_m-1f-1_P73_Y-1_U192,FXX,4,0.0,1,0,1.0,0,0,0,-9999.0,0.125,1,P99_CV0,2,0,2,0,2,0,2,0,2
41,136928.0727,-175283.8832,E41_F55_m100f100_P48_Y3_UO4585,I100_F49_m-1f-1_P100_Y-1_U237,I100_F48_m11f11_P49_Y0_UO668,MXY,4,0.0,1,0,0.0,0,0,0,-9999.0,0.625,1,P99_CV0,2,1,1,1,1,0,2,0,2
41,136928.0727,-175283.8832,E41_F43_m100f100_P49_Y2_UO4613,I100_F48_m-1f-1_P100_Y-1_U237,I100_F48_m-1f-1_P100_Y-1_U116,MXY,5,0.0,1,0,0.0,0,0,0,-9999.0,0.75,1,P99_CV0,2,1,1,1,1,0,2,0,2
41,136928.0727,-175283.8832,E41_F55_m100f100_P48_Y2_UO4606,ID100_F49_m-1f-1_P100_Y-1_U218,I100_F48_m-1f-1_P100_Y-1_U9,MXY,5,0.0,1,0,0.0,0,0,0,-9999.0,0.75,1,P99_CV0,2,2,0,1,1,0,2,0,2
41,136928.0727,-175283.8832,E41_F73_m43f43_P41_Y2_UO2048,ID43_F49_m43f43_P49_Y0_UO2155,I43_F48_m100f100_P49_Y0_UO4943,FXX,5,0.0,1,0,1.0,0,0,0,-9999.0,0.625,1,P99_CV0,2,1,1,0,2,0,2,0,2
41,136928.0727,-175283.8832,E41_F15_m100f100_P48_Y1_UO4355,I100_F48_m-1f-1_P100_Y-1_U179,I100_F49_m-1f-1_P100_Y-1_U148,MXY,6,0.0,1,0,0.0,0,0,0,-9999.0,0.75,1,P99_CV0,2,2,0,2,0,0,2,0,2
41,136928.0727,-175283.8832,E41_F43_m100f100_P49_Y1_UO4367,I100_F49_m-1f-1_P100_Y-1_U234,I100_F49_m-1f-1_P100_Y-1_U34,FXX,6,0.0,1,0,1.0,0,0,0,-9999.0,0.25,1,P99_CV0,2,1,1,1,1,0,2,0,2
41,136928.0727,-175283.8832,E41_F73_m100f100_P48_Y0_UO4909,R100_F100_m-1f-1_P100_Y-1_U21,R100_F100_m-1f-1_P100_Y-1_U30,MXY,7,0.0,1,0,0.0,0,0,0,-9999.0,0.75,1,P99_CV0,2,2,0,0,2,0,2,0,2
44,143876.8238,474925.927,Age0_F44_m1f1_P44_Y7_UO1,ID1_F44_m1f1_P33_Y5_UO12,I1_F33_m9f9_P10_Y4_UO553,FXX,0,0.0,0,0,0.0,0,0,0,0.0,0.75,1,P0_CV0,2,1,1,1,1,0,2,0,2
44,143876.8238,474925.927,Age0_F44_m1f1_P44_Y7_UO2,I1_F10_m1f1_P44_Y5_UO85,I1_F10_m77f77_P33_Y3_UO3406,FXX,0,0.0,0,0,0.0,0,0,0,0.0,0.34375,1,P0_CV0,2,1,1,2,0,0,2,0,2
44,143876.8238,474925.927,Age0_F44_m1f1_P44_Y7_UO17,ID1_F33_m9f9_P96_Y5_UO564,ID1_F10_m1f1_P10_Y1_UO39,FXX,0,0.0,0,0,0.0,0,0,0,0.0,0.40625,1,P0_CV0,2,1,1,2,0,0,2,0,2
44,143876.8238,474925.927,Age0_F44_m1f1_P44_Y7_UO31,ID1_F10_m1f1_P33_Y5_UO83,I1_F33_m1f1_P33_Y0_UO48,FXX,0,0.0,0,0,0.0,0,0,0,0.0,0.5,1,P0_CV0,2,2,0,1,1,0,2,0,2
44,143876.8238,474925.927,Age0_F44_m1f1_P44_Y7_UO33,ID1_F10_m9f9_P33_Y5_UO596,ID1_F33_m9f9_P33_Y0_UO556,FXX,0,0.0,0,0,0.0,0,0,0,0.0,0.375,1,P0_CV0,2,1,1,2,0,0,2,0,2
44,143876.8238,474925.927,Age0_F44_m1f1_P44_Y7_UO44,I1_F10_m1f1_P33_Y4_UO69,I1_F10_m-1f-1_P1_Y-1_U34,FXX,0,0.0,0,0,0.0,0,0,0,0.0,0.125,1,P0_CV0,2,0,2,1,1,0,2,0,2
44,143876.8238,474925.927,Age0_F44_m1f1_P44_Y7_UO48,I1_F10_m9f9_P10_Y4_UO525,ID1_F33_m9f9_P33_Y4_UO539,FXX,0,0.0,0,0,0.0,0,0,0,0.0,0.5,1,P0_CV0,2,0,2,1,1,0,2,0,2
44,143876.8238,474925.927,Age0_F44_m1f1_P44_Y7_UO54,I1_F33_m15f15_P96_Y4_UO787,I1_F10_m1f1_P33_Y4_UO74,MXY,0,0.0,0,0,0.0,0,0,0,0.0,0.1875,1,P0_CV0,2,0,2,2,0,0,2,0,2
44,143876.8238,474925.927,Age0_F44_m1f1_P44_Y7_UO58,ID1_F33_m9f9_P10_Y4_UO560,I1_F33_m1f1_P33_Y1_UO19,MXY,0,0.0,0,0,0.0,0,0,0,0.0,0.625,1,P0_CV0,2,1,1,2,0,0,2,0,2
44,143876.8238,474925.927,Age0_F44_m1f1_P44_Y7_UO66,I1_F33_m9f9_P33_Y3_UO512,I1_F10_m1f1_P44_Y2_UO95,FXX,0,0.0,0,0,0.0,0,0,0,0.0,0.375,1,P0_CV0,2,0,2,1,1,0,2,0,2
44,143876.8238,474925.927,Age0_F44_m1f1_P44_Y7_UO98,I1_F33_m-1f-1_P1_Y-1_U183,I1_F33_m1f1_P33_Y1_UO19,FXX,0,0.0,0,0,0.0,0,0,0,0.0,0.5,1,P0_CV0,2,1,1,0,2,0,2,0,2
44,143876.8238,474925.927,Age0_F44_m9f9_P44_Y7_UO539,I9_F10_m9f9_P33_Y5_UO568,ID9_F33_m1f1_P33_Y4_UO20,FXX,0,0.0,0,0,0.0,0,0,0,0.0,0.84375,1,P0_CV0,2,1,1,1,1,0,2,0,2
44,143876.8238,474925.927,Age0_F44_m9f9_P44_Y7_UO572,I9_F33_m1f1_P33_Y4_UO81,I9_F33_m-1f-1_P9_Y-1_U128,MXY,0,0.0,0,0,0.0,0,0,0,0.0,0.625,1,P0_CV0,2,1,1,1,1,0,2,0,2
44,143876.8238,474925.927,Age0_F44_m9f9_P44_Y7_UO576,I9_F33_m77f77_P10_Y4_UO3353,I9_F10_m1f1_P33_Y4_UO94,FXX,0,0.0,0,0,0.0,0,0,0,0.0,0.3125,1,P0_CV0,2,1,1,1,1,0,2,0,2
44,143876.8238,474925.927,Age0_F44_m9f9_P44_Y7_UO618,I9_F33_m1f1_P33_Y0_UO2,I9_F33_m9f9_P10_Y4_UO614,MXY,0,0.0,0,0,0.0,0,0,0,0.0,0.375,1,P0_CV0,2,1,1,0,2,0,2,0,2
44,143876.8238,474925.927,Age0_F44_m9f9_P44_Y7_UO635,I9_F10_m-1f-1_P1_Y-1_U101,I9_F33_m77f77_P10_Y5_UO3421,MXY,0,0.0,0,0,0.0,0,0,0,0.0,0.5625,1,P0_CV0,2,2,0,2,0,0,2,0,2
44,143876.8238,474925.927,Age0_F44_m9f9_P44_Y7_UO637,I9_F44_m-1f-1_P1_Y-1_U225,ID9_F10_m77f77_P10_Y2_UO3405,MXY,0,0.0,0,0,0.0,0,0,0,0.0,0.375,1,P0_CV0,2,1,1,0,2,0,2,0,2
44,143876.8238,474925.927,E44_F1_m1f1_P33_Y6_UO60,ID1_F33_m1f1_P10_Y2_UO100,I1_F10_m1f1_P44_Y1_UO44,FXX,1,0.0,1,1,1.0,0,0,0,-9999.0,0.5625,1,P0_CV0,2,1,1,1,1,0,2,0,2
44,143876.8238,474925.927,E44_F1_m1f1_P33_Y6_UO91,I1_F10_m-1f-1_P1_Y-1_U183,I1_F33_m9f9_P33_Y4_UO579,FXX,1,0.0,1,1,1.0,0,0,0,-9999.0,0.625,1,P0_CV0,2,2,0,1,1,0,2,0,2
44,143876.8238,474925.927,E44_F1_m9f9_P33_Y6_UO633,I9_F33_m-1f-1_P9_Y-1_U49,I9_F33_m1f1_P33_Y4_UO15,MXY,1,0.0,1,1,0.0,0,0,0,-9999.0,0.71875,1,P0_CV0,2,2,0,1,1,0,2,0,2
44,143876.8238,474925.927,E44_F1_m1f1_P44_Y6_UO28,ID1_F44_m1f1_P10_Y4_UO7,I1_F10_m9f9_P10_Y3_UO587,MXY,1,0.0,1,1,0.0,0,0,0,-9999.0,0.4375,1,P0_CV0,2,2,0,2,0,0,2,0,2
44,143876.8238,474925.927,E44_F1_m1f1_P44_Y6_UO52,I1_F33_m1f1_P44_Y3_UO3,I1_F10_m-1f-1_P1_Y-1_U2,FXX,1,0.0,1,1,1.0,0,0,0,-9999.0,0.875,1,P0_CV0,2,2,0,1,1,0,2,0,2
44,143876.8238,474925.927,E44_F1_m9f9_P44_Y6_UO551,I9_F33_m1f1_P33_Y4_UO71,I9_F33_m1f1_P33_Y4_UO48,FXX,1,0.0,1,1,1.0,0,0,0,-9999.0,0.25,1,P0_CV0,2,0,2,1,1,0,2,0,2
44,143876.8238,474925.927,E44_F1_m9f9_P44_Y6_UO621,ID9_F10_m1f1_P44_Y0_UO8,ID9_F33_m-1f-1_P1_Y-1_U22,MXY,1,0.0,1,1,0.0,0,0,0,-9999.0,0.625,1,P0_CV0,2,1,1,0,2,0,2,0,2
44,143876.8238,474925.927,E44_F9_m1f1_P10_Y6_UO103,I1_F33_m-1f-1_P1_Y-1_U234,I1_F44_m-1f-1_P9_Y-1_U155,FXX,1,0.0,1,1,1.0,0,0,0,-9999.0,0.25,1,P0_CV0,2,0,2,1,1,0,2,0,2
44,143876.8238,474925.927,E44_F9_m9f9_P10_Y6_UO542,ID9_F33_m1f1_P33_Y4_UO84,I9_F10_m1f1_P10_Y3_UO47,MXY,1,0.0,1,1,0.0,0,0,0,-9999.0,0.3125,1,P0_CV0,2,1,1,1,1,0,2,0,2
44,143876.8238,474925.927,E44_F9_m1f1_P33_Y6_UO74,ID1_F10_m4f4_P82_Y0_UO263,I1_F44_m9f9_P44_Y4_UO584,MXY,1,0.0,1,1,0.0,0,0,0,-9999.0,0.5625,1,P0_CV0,2,2,0,1,1,0,2,0,2
44,143876.8238,474925.927,E44_F9_m9f9_P33_Y6_UO603,I9_F33_m1f1_P33_Y1_UO10,ID9_F10_m1f1_P97_Y1_UO90,MXY,1,0.0,1,1,0.0,0,0,0,-9999.0,0.5,1,P0_CV0,2,1,1,1,1,0,2,0,2
44,143876.8238,474925.927,E44_F9_m9f9_P33_Y6_UO627,ID9_F33_m-1f-1_P9_Y-1_U232,I9_F10_m9f9_P33_Y3_UO502,FXX,1,0.0,1,1,1.0,0,0,0,-9999.0,0.625,1,P0_CV0,2,1,1,2,0,0,2,0,2
44,143876.8238,474925.927,E44_F9_m9f9_P33_Y6_UO647,ID9_F44_m-1f-1_P1_Y-1_U192,I9_F33_m9f9_P18_Y4_UO608,FXX,1,0.0,1,1,1.0,0,0,0,-9999.0,0.375,1,P0_CV0,2,0,2,1,1,0,2,0,2
44,143876.8238,474925.927,E44_F9_m9f9_P44_Y6_UO643,ID9_F33_m-1f-1_P1_Y-1_U225,I9_F10_m9f9_P33_Y4_UO588,FXX,1,0.0,1,1,1.0,0,0,0,-9999.0,0.625,1,P0_CV0,2,2,0,0,2,0,2,0,2
44,143876.8238,474925.927,E44_F1_m1f1_P33_Y5_UO12,ID1_F10_m1f1_P44_Y3_UO76,I1_F10_m-1f-1_P1_Y-1_U2,FXX,2,0.0,1,0,1.0,0,0,0,-9999.0,0.875,1,P0_CV0,2,1,1,2,0,0,2,0,2
44,143876.8238,474925.927,E44_F1_m1f1_P44_Y5_UO85,ID1_F10_m-1f-1_P9_Y-1_U247,I1_F10_m9f9_P10_Y3_UO568,FXX,2,0.0,1,0,1.0,0,0,0,-9999.0,0.3125,1,P0_CV0,2,0,2,2,0,0,2,0,2
44,143876.8238,474925.927,E44_F1_m1f1_P33_Y5_UO83,I1_F33_m-1f-1_P1_Y-1_U214,ID1_F96_m9f9_P33_Y3_UO524,FXX,2,0.0,1,0,1.0,0,0,0,-9999.0,0.25,1,P0_CV0,2,1,1,0,2,0,2,0,2
44,143876.8238,474925.927,E44_F1_m9f9_P33_Y5_UO596,I9_F18_m1f1_P33_Y1_UO54,I9_F33_m77f77_P10_Y1_UO3253,FXX,2,0.0,1,0,1.0,0,0,0,-9999.0,0.25,1,P0_CV0,2,0,2,2,0,0,2,0,2
44,143876.8238,474925.927,E44_F9_m1f1_P10_Y5_UO19,I1_F96_m9f9_P10_Y3_UO585,I1_F44_m-1f-1_P1_Y-1_U117,MXY,2,0.0,1,0,0.0,0,0,0,-9999.0,0.25,1,P0_CV0,2,1,1,1,1,0,2,0,2
44,143876.8238,474925.927,E44_F9_m9f9_P33_Y5_UO568,I9_F44_m9f9_P10_Y3_UO551,ID9_F10_m1f1_P10_Y2_UO21,FXX,2,0.0,1,0,1.0,0,0,0,-9999.0,0.875,1,P0_CV0,2,2,0,1,1,0,2,0,2
44,143876.8238,474925.927,E44_F9_m9f9_P33_Y5_UO555,ID9_F44_m9f9_P10_Y3_UO592,ID9_F10_m-1f-1_P9_Y-1_U240,FXX,2,0.0,1,0,1.0,0,0,0,-9999.0,0.5,1,P0_CV0,2,1,1,1,1,0,2,0,2
44,143876.8238,474925.927,E44_F9_m9f9_P44_Y5_UO556,I9_F33_m77f77_P10_Y3_UO3387,I9_F33_m9f9_P33_Y2_UO524,MXY,2,0.0,1,0,0.0,0,0,0,-9999.0,0.4375,1,P0_CV0,2,1,1,1,1,0,2,0,2
44,143876.8238,474925.927,E44_F9_m1f1_P33_Y5_UO5,I1_F44_m1f1_P10_Y3_UO21,I1_F33_m-1f-1_P1_Y-1_U34,FXX,2,0.0,1,0,1.0,0,0,0,-9999.0,0.1875,1,P0_CV0,2,1,1,2,0,0,2,0,2
44,143876.8238,474925.927,E44_F1_m1f1_P33_Y4_UO24,I1_F96_m1f1_P10_Y2_UO3,I1_F44_m-1f-1_P1_Y-1_U141,MXY,3,0.0,1,0,0.0,0,0,0,-9999.0,0.9375,1,P0_CV0,2,2,0,2,0,0,2,0,2
44,143876.8238,474925.927,E44_F1_m9f9_P44_Y4_UO584,ID9_F10_m-1f-1_P1_Y-1_U172,I9_F10_m9f9_P33_Y1_UO510,MXY,3,0.0,1,0,0.0,0,0,0,-9999.0,0.625,1,P0_CV0,2,1,1,1,1,0,2,0,2
44,143876.8238,474925.927,E44_F1_m1f1_P33_Y4_UO69,I1_F33_m-1f-1_P1_Y-1_U214,I1_F10_m77f77_P33_Y2_UO3401,FXX,3,0.0,1,0,1.0,0,0,0,-9999.0,0.25,1,P0_CV0,2,1,1,0,2,0,2,0,2
44,143876.8238,474925.927,E44_F1_m9f9_P10_Y4_UO604,I9_F10_m-1f-1_P1_Y-1_U18,I9_F33_m-1f-1_P9_Y-1_U113,MXY,3,0.0,1,0,0.0,0,0,0,-9999.0,0.5,1,P0_CV0,2,0,2,1,1,0,2,0,2
44,143876.8238,474925.927,E44_F9_m1f1_P33_Y4_UO81,I1_F10_m-1f-1_P1_Y-1_U196,I1_F33_m-1f-1_P1_Y-1_U206,FXX,3,0.0,1,0,1.0,0,0,0,-9999.0,0.25,1,P0_CV0,2,0,2,2,0,0,2,0,2
44,143876.8238,474925.927,E44_F9_m77f77_P10_Y4_UO3353,I77_F10_m1f1_P33_Y2_UO80,ID77_F82_m-1f-1_P4_Y-1_U178,FXX,3,0.0,1,0,1.0,0,0,0,-9999.0,0.5,1,P0_CV0,2,1,1,1,1,0,2,0,2
44,143876.8238,474925.927,E44_F1_m1f1_P44_Y3_UO57,I1_F44_m-1f-1_P1_Y-1_U103,I1_F44_m-1f-1_P1_Y-1_U111,MXY,4,0.0,1,0,0.0,0,0,0,-9999.0,0.5,1,P0_CV0,2,2,0,1,1,0,2,0,2
44,143876.8238,474925.927,E44_F1_m1f1_P33_Y3_UO61,I1_F10_m-1f-1_P9_Y-1_U66,I1_F33_m-1f-1_P1_Y-1_U169,MXY,4,0.0,1,0,0.0,0,0,0,-9999.0,0.5,1,P0_CV0,2,2,0,2,0,0,2,0,2
44,143876.8238,474925.927,E44_F9_m1f1_P10_Y3_UO34,I1_F10_m1f1_P44_Y0_UO8,I1_F33_m-1f-1_P1_Y-1_U90,MXY,4,0.0,1,0,0.0,0,0,0,-9999.0,0.375,1,P0_CV0,2,0,2,1,1,0,2,0,2
44,143876.8238,474925.927,E44_F9_m77f77_P10_Y3_UO3377,I77_F33_m1f1_P33_Y1_UO3,I77_F33_m-1f-1_P9_Y-1_U229,FXX,4,0.0,1,0,1.0,0,0,0,-9999.0,0.25,1,P0_CV0,2,0,2,0,2,0,2,0,2
44,143876.8238,474925.927,E44_F9_m9f9_P33_Y3_UO560,I9_F10_m-1f-1_P9_Y-1_U33,I9_F44_m1f1_P33_Y1_UO56,MXY,4,0.0,1,0,0.0,0,0,0,-9999.0,0.375,1,P0_CV0,2,0,2,1,1,0,2,0,2
44,143876.8238,474925.927,E44_F1_m1f1_P10_Y2_UO100,I1_F33_m-1f-1_P1_Y-1_U43,I1_F44_m1f1_P33_Y0_UO48,FXX,5,0.0,1,0,1.0,0,0,0,-9999.0,0.875,1,P0_CV0,2,2,0,2,0,0,2,0,2
44,143876.8238,474925.927,E44_F1_m1f1_P44_Y2_UO95,I1_F44_m-1f-1_P1_Y-1_U234,I1_F33_m1f1_P33_Y0_UO75,MXY,5,0.0,1,0,0.0,0,0,0,-9999.0,0.25,1,P0_CV0,2,0,2,1,1,0,2,0,2
44,143876.8238,474925.927,E44_F9_m1f1_P10_Y2_UO6,ID1_F44_m1f1_P33_Y0_UO34,I1_F33_m1f1_P33_Y0_UO75,MXY,5,0.0,1,0,0.0,0,0,0,-9999.0,0.375,1,P0_CV0,2,0,2,0,2,0,2,0,2
44,143876.8238,474925.927,E44_F1_m1f1_P10_Y1_UO39,I1_F33_m-1f-1_P1_Y-1_U148,ID1_F33_m-1f-1_P1_Y-1_U228,MXY,6,0.0,1,0,0.0,0,0,0,-9999.0,0.25,1,P0_CV0,2,1,1,2,0,0,2,0,2
44,143876.8238,474925.927,E44_F9_m1f1_P10_Y1_UO0,ID1_F44_m-1f-1_P1_Y-1_U84,I1_F10_m-1f-1_P1_Y-1_U150,MXY,6,0.0,1,0,0.0,0,0,0,-9999.0,0.5,1,P0_CV0,2,1,1,1,1,0,2,0,2
44,143876.8238,474925.927,E44_F1_m1f1_P44_Y0_UO8,R1_F1_m-1f-1_P1_Y-1_U32,R1_F1_m-1f-1_P1_Y-1_U171,FXX,7,0.0,1,0,1.0,0,0,0,-9999.0,0.25,1,P0_CV0,2,0,2,0,2,0,2,0,2
44,143876.8238,474925.927,E44_F9_m1f1_P33_Y0_UO2,R1_F1_m-1f-1_P1_Y-1_U7,R1_F1_m-1f-1_P1_Y-1_U223,FXX,7,0.0,1,0,1.0,0,0,0,-9999.0,0.5,1,P0_CV0,2,1,1,0,2,0,2,0,2
44,143876.8238,474925.927,E44_F1_m-1f-1_P1_Y-1_U183,-9999,-9999,FXX,10,0.0,1,0,1.0,0,0,0,-9999.0,0.5,1,P0_CV0,2,1,1,0,2,0,2,0,2
44,143876.8238,474925.927,E44_F1_m-1f-1_P1_Y-1_U111,-9999,-9999,MXY,10,0.0,1,0,0.0,0,0,0,-9999.0,0.5,1,P0_CV0,2,1,1,1,1,0,2,0,2
44,143876.8238,474925.927,E44_F9_m-1f-1_P1_Y-1_U101,-9999,-9999,FXX,12,0.0,1,0,1.0,0,0,0,-9999.0,1.0,1,P0_CV0,2,2,0,1,1,0,2,0,2
44,143876.8238,474925.927,E44_F1_m-1f-1_P1_Y-1_U23,-9999,-9999,MXY,13,0.0,1,0,0.0,0,0,0,-9999.0,0.5,1,P0_CV0,2,1,1,1,1,0,2,0,2
44,143876.8238,474925.927,E44_F9_m-1f-1_P1_Y-1_U225,-9999,-9999,FXX,13,0.0,1,0,1.0,0,0,0,-9999.0,0.5,1,P0_CV0,2,1,1,1,1,0,2,0,2
44,143876.8238,474925.927,E44_F1_m15f15_P96_Y4_UO787,I15_F41_m73f73_P89_Y2_UO3321,ID15_F41_m-1f-1_P15_Y-1_U63,FXX,3,0.0,1,0,1.0,0,0,0,-9999.0,0.375,1,P14_CV0,2,1,1,1,1,0,2,0,2
44,143876.8238,474925.927,Age0_F44_m1f1_P44_Y7_UO79,ID1_F33_m1f1_P10_Y2_UO100,ID1_F44_m9f9_P33_Y5_UO582,MXY,0,0.0,0,0,0.0,0,0,0,0.0,0.6875,1,P3_CV0,2,1,1,2,0,0,2,0,2
44,143876.8238,474925.927,Age0_F44_m9f9_P44_Y7_UO531,I9_F10_m1f1_P10_Y5_UO72,I9_F44_m1f1_P10_Y5_UO32,FXX,0,0.0,0,0,0.0,0,0,0,0.0,0.53125,1,P3_CV0,2,1,1,2,0,0,2,0,2
44,143876.8238,474925.927,Age0_F44_m9f9_P44_Y7_UO560,I9_F10_m1f1_P33_Y4_UO21,I9_F10_m1f1_P33_Y5_UO31,MXY,0,0.0,0,0,0.0,0,0,0,0.0,0.46875,1,P3_CV0,2,0,2,2,0,0,2,0,2
44,143876.8238,474925.927,E44_F1_m4f4_P96_Y6_UO248,I4_F82_m4f4_P82_Y2_UO236,ID4_F10_m4f4_P82_Y0_UO228,MXY,1,0.0,1,1,0.0,0,0,0,-9999.0,0.5,1,P3_CV0,2,1,1,1,1,0,2,0,2
44,143876.8238,474925.927,E44_F77_m4f4_P82_Y6_UO290,I4_F82_m-1f-1_P4_Y-1_U225,I4_F67_m-1f-1_P4_Y-1_U92,MXY,1,0.0,1,1,0.0,0,0,0,-9999.0,0.0,1,P3_CV0,2,0,2,2,0,0,2,0,2
44,143876.8238,474925.927,E44_F1_m77f77_P10_Y5_UO3426,I77_F10_m-1f-1_P4_Y-1_U88,I77_F33_m-1f-1_P77_Y-1_U150,FXX,2,0.0,1,0,1.0,0,0,0,-9999.0,0.25,1,P3_CV0,2,1,1,1,1,0,2,0,2
44,143876.8238,474925.927,E44_F1_m77f77_P33_Y5_UO3407,I77_F82_m9f9_P18_Y1_UO522,ID77_F82_m4f4_P82_Y2_UO271,FXX,2,0.0,1,0,1.0,0,0,0,-9999.0,0.375,1,P3_CV0,2,0,2,1,1,0,2,0,2
44,143876.8238,474925.927,E44_F9_m1f1_P10_Y5_UO72,I1_F33_m9f9_P33_Y0_UO559,I1_F33_m1f1_P44_Y3_UO86,FXX,2,0.0,1,0,1.0,0,0,0,-9999.0,0.8125,1,P3_CV0,2,1,1,1,1,0,2,0,2
44,143876.8238,474925.927,E44_F9_m4f4_P10_Y3_UO188,ID4_F82_m4f4_P82_Y1_UO261,I4_F82_m9f9_P10_Y1_UO472,MXY,4,0.0,1,0,0.0,0,0,0,-9999.0,0.5,1,P3_CV0,2,1,1,2,0,0,2,0,2
44,143876.8238,474925.927,E44_F1_m1f1_P33_Y2_UO35,I1_F44_m4f4_P10_Y0_UO225,I1_F44_m1f1_P44_Y0_UO89,MXY,5,0.0,1,0,0.0,0,0,0,-9999.0,0.375,1,P3_CV0,2,0,2,0,2,0,2,0,2
44,143876.8238,474925.927,E44_F9_m9f9_P33_Y2_UO523,I9_F33_m4f4_P10_Y0_UO220,I9_F33_m-1f-1_P9_Y-1_U214,MXY,5,0.0,1,0,0.0,0,0,0,-9999.0,0.375,1,P3_CV0,2,1,1,1,1,0,2,0,2
44,143876.8238,474925.927,E44_F9_m4f4_P82_Y0_UO232,R4_F4_m-1f-1_P4_Y-1_U93,R4_F4_m-1f-1_P4_Y-1_U160,FXX,7,0.0,1,0,1.0,0,0,0,-9999.0,0.5,1,P3_CV0,2,2,0,1,1,0,2,0,2
44,143876.8238,474925.927,Age0_F44_m1f1_P44_Y7_UO90,I1_F33_m60f60_P96_Y0_UO3062,I1_F33_m1f1_P33_Y0_UO48,MXY,0,0.0,0,0,0.0,0,0,0,0.0,0.5,1,P59_CV0,2,2,0,1,1,0,2,0,2
44,143876.8238,474925.927,E44_F1_m60f60_P96_Y0_UO3062,R60_F60_m-1f-1_P60_Y-1_U76,R60_F60_m-1f-1_P60_Y-1_U37,FXX,7,0.0,1,0,1.0,0,0,0,-9999.0,0.25,1,P59_CV0,2,1,1,1,1,0,2,0,2
44,143876.8238,474925.927,Age0_F44_m1f1_P44_Y7_UO32,I1_F44_m77f77_P33_Y5_UO3407,I1_F33_m77f77_P33_Y1_UO3244,FXX,0,0.0,0,0,0.0,0,0,0,0.0,0.3125,1,P76_CV0,2,0,2,1,1,0,2,0,2
44,143876.8238,474925.927,Age0_F44_m1f1_P44_Y7_UO57,I1_F10_m1f1_P33_Y4_UO46,I1_F44_m1f1_P44_Y2_UO73,MXY,0,0.0,0,0,0.0,0,0,0,0.0,0.375,1,P76_CV0,2,0,2,1,1,0,2,0,2
44,143876.8238,474925.927,Age0_F44_m1f1_P44_Y7_UO76,I1_F33_m9f9_P10_Y2_UO521,I1_F10_m1f1_P44_Y5_UO54,MXY,0,0.0,0,0,0.0,0,0,0,0.0,0.34375,1,P76_CV0,2,1,1,0,2,0,2,0,2
44,143876.8238,474925.927,Age0_F44_m1f1_P44_Y7_UO82,ID1_F10_m9f9_P10_Y1_UO506,ID1_F10_m9f9_P10_Y3_UO534,MXY,0,0.0,0,0,0.0,0,0,0,0.0,0.5625,1,P76_CV0,2,1,1,2,0,0,2,0,2
44,143876.8238,474925.927,Age0_F44_m9f9_P44_Y7_UO548,I9_F33_m9f9_P33_Y5_UO595,ID9_F10_m-1f-1_P9_Y-1_U137,FXX,0,0.0,0,0,0.0,0,0,0,0.0,0.375,1,P76_CV0,2,1,1,1,1,0,2,0,2
44,143876.8238,474925.927,Age0_F44_m9f9_P44_Y7_UO556,I9_F10_m1f1_P33_Y5_UO5,I9_F33_m77f77_P33_Y1_UO3207,MXY,0,0.0,0,0,0.0,0,0,0,0.0,0.34375,1,P76_CV0,2,1,1,1,1,0,2,0,2
44,143876.8238,474925.927,Age0_F44_m9f9_P44_Y7_UO579,I9_F10_m77f77_P33_Y4_UO3419,I9_F33_m9f9_P33_Y2_UO526,FXX,0,0.0,0,0,0.0,0,0,0,0.0,0.6875,1,P76_CV0,2,1,1,2,0,0,2,0,2
44,143876.8238,474925.927,Age0_F44_m9f9_P44_Y7_UO590,I9_F33_m77f77_P67_Y3_UO3437,I9_F33_m-1f-1_P9_Y-1_U60,FXX,0,0.0,0,0,0.0,0,0,0,0.0,0.375,1,P76_CV0,2,1,1,2,0,0,2,0,2
44,143876.8238,474925.927,Age0_F44_m9f9_P44_Y7_UO617,I9_F18_m4f4_P82_Y0_UO232,I9_F44_m9f9_P33_Y3_UO528,MXY,0,0.0,0,0,0.0,0,0,0,0.0,0.4375,1,P76_CV0,2,2,0,0,2,0,2,0,2
44,143876.8238,474925.927,Age0_F44_m77f77_P44_Y7_UO3437,ID77_F33_m1f1_P10_Y3_UO13,ID77_F82_m-1f-1_P77_Y-1_U238,MXY,0,0.0,0,0,0.0,0,0,0,0.0,0.8125,1,P76_CV0,2,1,1,2,0,0,2,0,2
44,143876.8238,474925.927,E44_F1_m1f1_P10_Y6_UO12,I1_F10_m9f9_P10_Y4_UO525,I1_F33_m9f9_P10_Y4_UO604,FXX,1,0.0,1,1,1.0,0,0,0,-9999.0,0.5,1,P76_CV0,2,0,2,2,0,0,2,0,2
44,143876.8238,474925.927,E44_F1_m9f9_P10_Y6_UO583,ID9_F44_m77f77_P10_Y3_UO3387,ID9_F44_m-1f-1_P9_Y-1_U137,MXY,1,0.0,1,1,0.0,0,0,0,-9999.0,0.375,1,P76_CV0,2,1,1,1,1,0,2,0,2
44,143876.8238,474925.927,E44_F1_m77f77_P10_Y6_UO3483,I77_F82_m-1f-1_P77_Y-1_U79,ID77_F10_m-1f-1_P77_Y-1_U160,FXX,1,0.0,1,1,1.0,0,0,0,-9999.0,0.5,1,P76_CV0,2,1,1,2,0,0,2,0,2
44,143876.8238,474925.927,E44_F1_m77f77_P10_Y6_UO3489,I77_F10_m-1f-1_P77_Y-1_U187,I77_F18_m-1f-1_P77_Y-1_U233,MXY,1,0.0,1,1,0.0,0,0,0,-9999.0,0.75,1,P76_CV0,2,2,0,2,0,0,2,0,2
44,143876.8238,474925.927,E44_F1_m9f9_P18_Y6_UO534,I9_F33_m9f9_P33_Y4_UO521,I9_F10_m9f9_P10_Y3_UO534,MXY,1,0.0,1,1,0.0,0,0,0,-9999.0,0.6875,1,P76_CV0,2,2,0,1,1,0,2,0,2
44,143876.8238,474925.927,E44_F1_m9f9_P33_Y6_UO543,I9_F18_m1f1_P33_Y4_UO8,I9_F10_m77f77_P33_Y1_UO3245,FXX,1,0.0,1,1,1.0,0,0,0,-9999.0,0.8125,1,P76_CV0,2,2,0,1,1,0,2,0,2
44,143876.8238,474925.927,E44_F1_m9f9_P33_Y6_UO623,I9_F10_m-1f-1_P1_Y-1_U93,I9_F10_m77f77_P10_Y0_UO3694,FXX,1,0.0,1,1,1.0,0,0,0,-9999.0,0.625,1,P76_CV0,2,1,1,1,1,0,2,0,2
44,143876.8238,474925.927,E44_F1_m77f77_P33_Y6_UO3437,I77_F33_m9f9_P33_Y4_UO534,I77_F82_m-1f-1_P77_Y-1_U156,FXX,1,0.0,1,1,1.0,0,0,0,-9999.0,0.6875,1,P76_CV0,2,2,0,0,2,0,2,0,2
44,143876.8238,474925.927,E44_F9_m9f9_P10_Y6_UO626,ID9_F10_m-1f-1_P9_Y-1_U230,ID9_F18_m77f77_P10_Y2_UO3378,MXY,1,0.0,1,1,0.0,0,0,0,-9999.0,0.625,1,P76_CV0,2,0,2,2,0,0,2,0,2
44,143876.8238,474925.927,E44_F9_m77f77_P10_Y6_UO3436,ID77_F10_m4f4_P82_Y4_UO220,I77_F10_m-1f-1_P77_Y-1_U16,FXX,1,0.0,1,1,1.0,0,0,0,-9999.0,0.46875,1,P76_CV0,2,1,1,0,2,0,2,0,2
44,143876.8238,474925.927,E44_F9_m77f77_P10_Y6_UO3466,I77_F82_m-1f-1_P77_Y-1_U63,I77_F10_m-1f-1_P4_Y-1_U220,MXY,1,0.0,1,1,0.0,0,0,0,-9999.0,0.5,1,P76_CV0,2,1,1,0,2,0,2,0,2
44,143876.8238,474925.927,E44_F9_m77f77_P18_Y6_UO3441,ID77_F82_m77f77_P10_Y3_UO3400,I77_F10_m-1f-1_P77_Y-1_U130,MXY,1,0.0,1,1,0.0,0,0,0,-9999.0,0.5,1,P76_CV0,2,0,2,0,2,0,2,0,2
44,143876.8238,474925.927,E44_F9_m1f1_P44_Y6_UO11,I1_F10_m1f1_P44_Y4_UO58,I1_F44_m1f1_P44_Y1_UO81,FXX,1,0.0,1,1,1.0,0,0,0,-9999.0,0.4375,1,P76_CV0,2,1,1,2,0,0,2,0,2
44,143876.8238,474925.927,E44_F9_m9f9_P44_Y6_UO602,I9_F10_m77f77_P10_Y1_UO3239,ID9_F33_m4f4_P10_Y0_UO252,FXX,1,0.0,1,1,1.0,0,0,0,-9999.0,0.625,1,P76_CV0,2,1,1,1,1,0,2,0,2
44,143876.8238,474925.927,E44_F1_m1f1_P33_Y5_UO14,I1_F10_m4f4_P96_Y3_UO250,I1_F10_m-1f-1_P9_Y-1_U212,FXX,2,0.0,1,0,1.0,0,0,0,-9999.0,0.5,1,P76_CV0,2,2,0,1,1,0,2,0,2
44,143876.8238,474925.927,E44_F1_m9f9_P33_Y5_UO546,I9_F44_m4f4_P10_Y3_UO204,I9_F33_m77f77_P33_Y1_UO3213,MXY,2,0.0,1,0,0.0,0,0,0,-9999.0,0.75,1,P76_CV0,2,1,1,1,1,0,2,0,2
44,143876.8238,474925.927,E44_F1_m1f1_P10_Y5_UO80,ID1_F33_m-1f-1_P9_Y-1_U85,I1_F33_m9f9_P33_Y3_UO526,MXY,2,0.0,1,0,0.0,0,0,0,-9999.0,0.5,1,P76_CV0,2,1,1,2,0,0,2,0,2
44,143876.8238,474925.927,E44_F1_m1f1_P44_Y5_UO54,I1_F96_m4f4_P96_Y2_UO273,I1_F33_m-1f-1_P1_Y-1_U242,MXY,2,0.0,1,0,0.0,0,0,0,-9999.0,0.5625,1,P76_CV0,2,1,1,1,1,0,2,0,2
44,143876.8238,474925.927,E44_F9_m1f1_P10_Y5_UO69,I1_F10_m1f1_P44_Y0_UO8,I1_F44_m77f77_P10_Y2_UO3382,MXY,2,0.0,1,0,0.0,0,0,0,-9999.0,0.4375,1,P76_CV0,2,0,2,1,1,0,2,0,2
44,143876.8238,474925.927,E44_F9_m9f9_P33_Y5_UO595,I9_F44_m77f77_P10_Y1_UO3236,I9_F10_m9f9_P10_Y3_UO519,FXX,2,0.0,1,0,1.0,0,0,0,-9999.0,0.25,1,P76_CV0,2,0,2,0,2,0,2,0,2
44,143876.8238,474925.927,E44_F1_m9f9_P10_Y4_UO525,ID9_F33_m77f77_P10_Y2_UO3440,ID9_F97_m1f1_P33_Y2_UO60,FXX,3,0.0,1,0,1.0,0,0,0,-9999.0,0.5,1,P76_CV0,2,1,1,2,0,0,2,0,2
44,143876.8238,474925.927,E44_F1_m1f1_P33_Y4_UO46,I1_F10_m77f77_P10_Y0_UO3707,I1_F10_m77f77_P33_Y2_UO3401,FXX,3,0.0,1,0,1.0,0,0,0,-9999.0,0.5,1,P76_CV0,2,0,2,0,2,0,2,0,2
44,143876.8238,474925.927,E44_F9_m1f1_P33_Y4_UO21,I1_F44_m1f1_P44_Y2_UO23,I1_F10_m77f77_P10_Y0_UO3668,FXX,3,0.0,1,0,1.0,0,0,0,-9999.0,0.25,1,P76_CV0,2,0,2,1,1,0,2,0,2
44,143876.8238,474925.927,E44_F9_m77f77_P33_Y4_UO3419,ID77_F10_m-1f-1_P9_Y-1_U217,ID77_F33_m-1f-1_P77_Y-1_U81,FXX,3,0.0,1,0,1.0,0,0,0,-9999.0,0.75,1,P76_CV0,2,2,0,2,0,0,2,0,2
44,143876.8238,474925.927,E44_F1_m77f77_P33_Y3_UO3406,I77_F10_m-1f-1_P77_Y-1_U87,I77_F82_m4f4_P82_Y1_UO197,MXY,4,0.0,1,0,0.0,0,0,0,-9999.0,0.375,1,P76_CV0,2,1,1,2,0,0,2,0,2
44,143876.8238,474925.927,E44_F9_m77f77_P10_Y3_UO3404,I77_F82_m-1f-1_P77_Y-1_U243,I77_F10_m-1f-1_P77_Y-1_U133,MXY,4,0.0,1,0,0.0,0,0,0,-9999.0,0.25,1,P76_CV0,2,1,1,2,0,0,2,0,2
44,143876.8238,474925.927,E44_F9_m77f77_P67_Y3_UO3437,I77_F82_m-1f-1_P77_Y-1_U102,I77_F82_m-1f-1_P77_Y-1_U95,FXX,4,0.0,1,0,1.0,0,0,0,-9999.0,0.75,1,P76_CV0,2,1,1,1,1,0,2,0,2
44,143876.8238,474925.927,E44_F77_m1f1_P10_Y3_UO13,I1_F44_m9f9_P10_Y1_UO503,ID1_F10_m-1f-1_P77_Y-1_U199,FXX,4,0.0,1,0,1.0,0,0,0,-9999.0,0.625,1,P76_CV0,2,0,2,1,1,0,2,0,2
44,143876.8238,474925.927,E44_F1_m9f9_P10_Y2_UO521,I9_F33_m77f77_P10_Y0_UO3697,I9_F18_m-1f-1_P9_Y-1_U81,FXX,5,0.0,1,0,1.0,0,0,0,-9999.0,0.125,1,P76_CV0,2,0,2,0,2,0,2,0,2
44,143876.8238,474925.927,E44_F1_m77f77_P33_Y1_UO3244,I77_F10_m-1f-1_P77_Y-1_U37,I77_F10_m-1f-1_P77_Y-1_U190,MXY,6,0.0,1,0,0.0,0,0,0,-9999.0,0.25,1,P76_CV0,2,0,2,0,2,0,2,0,2
44,143876.8238,474925.927,E44_F1_m4f4_P96_Y4_UO223,I4_F10_m4f4_P82_Y0_UO240,I4_F67_m87f87_P67_Y1_UO3872,MXY,3,0.0,1,0,0.0,0,0,0,-9999.0,0.375,1,P86_CV0,2,1,1,2,0,0,2,0,2
44,143876.8238,474925.927,Age0_F44_m1f1_P44_Y7_UO3,I1_F33_m1f1_P33_Y5_UO9,I1_F33_m1f1_P10_Y5_UO80,FXX,0,0.0,0,0,0.0,0,0,0,0.0,0.625,1,P8_CV0,2,1,1,2,0,0,2,0,2
44,143876.8238,474925.927,Age0_F44_m1f1_P44_Y7_UO10,I1_F33_m1f1_P33_Y5_UO14,I1_F33_m-1f-1_P9_Y-1_U245,MXY,0,0.0,0,0,0.0,0,0,0,0.0,0.75,1,P8_CV0,2,2,0,1,1,0,2,0,2
44,143876.8238,474925.927,Age0_F44_m1f1_P44_Y7_UO13,ID1_F33_m1f1_P10_Y5_UO61,ID1_F97_m77f77_P10_Y3_UO3381,MXY,0,0.0,0,0,0.0,0,0,0,0.0,0.5,1,P8_CV0,2,1,1,0,2,0,2,0,2
44,143876.8238,474925.927,Age0_F44_m1f1_P44_Y7_UO21,I1_F44_m9f9_P10_Y5_UO552,I1_F10_m9f9_P44_Y4_UO584,MXY,0,0.0,0,0,0.0,0,0,0,0.0,0.4375,1,P8_CV0,2,1,1,2,0,0,2,0,2
44,143876.8238,474925.927,Age0_F44_m1f1_P44_Y7_UO25,I1_F10_m77f77_P10_Y5_UO3426,I1_F33_m9f9_P33_Y3_UO496,FXX,0,0.0,0,0,0.0,0,0,0,0.0,0.375,1,P8_CV0,2,0,2,1,1,0,2,0,2
44,143876.8238,474925.927,Age0_F44_m1f1_P44_Y7_UO36,I1_F33_m9f9_P44_Y4_UO599,I1_F33_m1f1_P10_Y5_UO80,MXY,0,0.0,0,0,0.0,0,0,0,0.0,0.5625,1,P8_CV0,2,2,0,2,0,0,2,0,2
44,143876.8238,474925.927,Age0_F44_m1f1_P44_Y7_UO63,I1_F33_m9f9_P33_Y3_UO517,I1_F44_m9f9_P33_Y5_UO604,FXX,0,0.0,0,0,0.0,0,0,0,0.0,0.5,1,P8_CV0,2,2,0,2,0,0,2,0,2
44,143876.8238,474925.927,Age0_F44_m1f1_P44_Y7_UO85,I1_F10_m9f9_P10_Y0_UO583,ID1_F10_m9f9_P10_Y3_UO534,MXY,0,0.0,0,0,0.0,0,0,0,0.0,0.6875,1,P8_CV0,2,1,1,1,1,0,2,0,2
44,143876.8238,474925.927,Age0_F44_m1f1_P44_Y7_UO91,ID1_F44_m1f1_P44_Y0_UO8,ID1_F10_m9f9_P44_Y2_UO538,FXX,0,0.0,0,0,0.0,0,0,0,0.0,0.5,1,P8_CV0,2,1,1,1,1,0,2,0,2
44,143876.8238,474925.927,Age0_F44_m1f1_P44_Y7_UO96,I1_F10_m-1f-1_P9_Y-1_U150,I1_F33_m-1f-1_P9_Y-1_U245,FXX,0,0.0,0,0,0.0,0,0,0,0.0,0.75,1,P8_CV0,2,2,0,2,0,0,2,0,2
44,143876.8238,474925.927,Age0_F44_m9f9_P44_Y7_UO545,I9_F33_m9f9_P33_Y5_UO555,ID9_F33_m1f1_P33_Y4_UO20,FXX,0,0.0,0,0,0.0,0,0,0,0.0,0.65625,1,P8_CV0,2,2,0,0,2,0,2,0,2
44,143876.8238,474925.927,Age0_F44_m9f9_P44_Y7_UO564,I9_F10_m1f1_P44_Y4_UO79,I9_F33_m77f77_P10_Y5_UO3413,MXY,0,0.0,0,0,0.0,0,0,0,0.0,0.375,1,P8_CV0,2,1,1,2,0,0,2,0,2
44,143876.8238,474925.927,Age0_F44_m9f9_P44_Y7_UO584,I9_F33_m77f77_P10_Y3_UO3377,I9_F10_m1f1_P33_Y4_UO17,FXX,0,0.0,0,0,0.0,0,0,0,0.0,0.28125,1,P8_CV0,2,1,1,0,2,0,2,0,2
44,143876.8238,474925.927,Age0_F44_m9f9_P44_Y7_UO605,I9_F44_m9f9_P10_Y1_UO503,I9_F44_m1f1_P10_Y3_UO34,FXX,0,0.0,0,0,0.0,0,0,0,0.0,0.5625,1,P8_CV0,2,1,1,1,1,0,2,0,2
44,143876.8238,474925.927,E44_F1_m1f1_P10_Y6_UO37,ID1_F44_m9f9_P33_Y3_UO539,I1_F33_m-1f-1_P9_Y-1_U80,MXY,1,0.0,1,1,0.0,0,0,0,-9999.0,0.5,1,P8_CV0,2,2,0,0,2,0,2,0,2
44,143876.8238,474925.927,E44_F1_m9f9_P33_Y6_UO622,ID9_F10_m-1f-1_P9_Y-1_U85,I9_F33_m9f9_P10_Y4_UO578,MXY,1,0.0,1,1,0.0,0,0,0,-9999.0,0.5625,1,P8_CV0,2,2,0,2,0,0,2,0,2
44,143876.8238,474925.927,E44_F1_m9f9_P44_Y6_UO553,I9_F10_m9f9_P33_Y4_UO535,I9_F10_m77f77_P33_Y4_UO3368,FXX,1,0.0,1,1,1.0,0,0,0,-9999.0,0.6875,1,P8_CV0,2,1,1,2,0,0,2,0,2
44,143876.8238,474925.927,E44_F9_m9f9_P10_Y6_UO640,ID9_F44_m-1f-1_P1_Y-1_U18,I9_F10_m9f9_P44_Y3_UO589,MXY,1,0.0,1,1,0.0,0,0,0,-9999.0,0.625,1,P8_CV0,2,1,1,1,1,0,2,0,2
44,143876.8238,474925.927,E44_F9_m1f1_P33_Y6_UO27,I1_F33_m9f9_P44_Y4_UO599,ID1_F33_m-1f-1_P1_Y-1_U131,FXX,1,0.0,1,1,1.0,0,0,0,-9999.0,0.5625,1,P8_CV0,2,2,0,2,0,0,2,0,2
44,143876.8238,474925.927,E44_F9_m9f9_P33_Y6_UO564,ID9_F10_m1f1_P97_Y4_UO47,ID9_F33_m9f9_P10_Y3_UO574,MXY,1,0.0,1,1,0.0,0,0,0,-9999.0,0.5625,1,P8_CV0,2,2,0,2,0,0,2,0,2
44,143876.8238,474925.927,E44_F9_m77f77_P33_Y6_UO3457,I77_F33_m9f9_P18_Y1_UO522,I77_F33_m-1f-1_P77_Y-1_U93,FXX,1,0.0,1,1,1.0,0,0,0,-9999.0,0.5,1,P8_CV0,2,1,1,1,1,0,2,0,2
44,143876.8238,474925.927,E44_F9_m1f1_P44_Y6_UO79,I1_F33_m9f9_P33_Y0_UO543,I1_F44_m77f77_P10_Y4_UO3366,FXX,1,0.0,1,1,1.0,0,0,0,-9999.0,0.5,1,P8_CV0,2,1,1,2,0,0,2,0,2
44,143876.8238,474925.927,E44_F9_m1f1_P44_Y6_UO98,ID1_F33_m-1f-1_P9_Y-1_U190,I1_F33_m77f77_P10_Y3_UO3379,MXY,1,0.0,1,1,0.0,0,0,0,-9999.0,0.6875,1,P8_CV0,2,2,0,1,1,0,2,0,2
44,143876.8238,474925.927,E44_F1_m1f1_P33_Y5_UO9,I1_F10_m9f9_P10_Y3_UO588,I1_F33_m9f9_P10_Y0_UO545,FXX,2,0.0,1,0,1.0,0,0,0,-9999.0,0.75,1,P8_CV0,2,2,0,1,1,0,2,0,2
44,143876.8238,474925.927,E44_F1_m1f1_P10_Y5_UO61,I1_F10_m9f9_P10_Y1_UO506,I1_F33_m1f1_P44_Y2_UO95,FXX,2,0.0,1,0,1.0,0,0,0,-9999.0,0.375,1,P8_CV0,2,0,2,1,1,0,2,0,2
44,143876.8238,474925.927,E44_F1_m9f9_P96_Y5_UO564,I9_F33_m9f9_P10_Y3_UO549,I9_F10_m9f9_P44_Y1_UO530,FXX,2,0.0,1,0,1.0,0,0,0,-9999.0,0.5625,1,P8_CV0,2,2,0,1,1,0,2,0,2
44,143876.8238,474925.927,E44_F1_m9f9_P10_Y5_UO552,I9_F44_m9f9_P18_Y3_UO501,I9_F33_m1f1_P44_Y2_UO67,FXX,2,0.0,1,0,1.0,0,0,0,-9999.0,0.25,1,P8_CV0,2,1,1,2,0,0,2,0,2
44,143876.8238,474925.927,E44_F1_m9f9_P10_Y5_UO600,ID9_F33_m9f9_P33_Y1_UO483,I9_F33_m1f1_P44_Y3_UO78,MXY,2,0.0,1,0,0.0,0,0,0,-9999.0,0.625,1,P8_CV0,2,2,0,2,0,0,2,0,2
44,143876.8238,474925.927,E44_F1_m9f9_P44_Y4_UO599,I9_F10_m-1f-1_P9_Y-1_U3,ID9_F33_m77f77_P33_Y1_UO3245,FXX,3,0.0,1,0,1.0,0,0,0,-9999.0,0.625,1,P8_CV0,2,1,1,2,0,0,2,0,2
44,143876.8238,474925.927,E44_F1_m9f9_P10_Y4_UO560,I9_F33_m9f9_P33_Y0_UO560,I9_F10_m9f9_P10_Y1_UO467,FXX,3,0.0,1,0,1.0,0,0,0,-9999.0,0.75,1,P8_CV0,2,1,1,1,1,0,2,0,2
44,143876.8238,474925.927,E44_F9_m1f1_P44_Y4_UO79,I1_F44_m-1f-1_P1_Y-1_U120,I1_F33_m-1f-1_P9_Y-1_U80,FXX,3,0.0,1,0,1.0,0,0,0,-9999.0,0.5,1,P8_CV0,2,2,0,1,1,0,2,0,2
44,143876.8238,474925.927,E44_F1_m9f9_P33_Y3_UO517,ID9_F33_m9f9_P33_Y1_UO447,I9_F10_m-1f-1_P9_Y-1_U147,FXX,4,0.0,1,0,1.0,0,0,0,-9999.0,0.625,1,P8_CV0,2,1,1,2,0,0,2,0,2
44,143876.8238,474925.927,E44_F1_m9f9_P33_Y3_UO512,ID9_F33_m9f9_P10_Y1_UO507,ID9_F33_m-1f-1_P77_Y-1_U67,FXX,4,0.0,1,0,1.0,0,0,0,-9999.0,0.5,1,P8_CV0,2,1,1,1,1,0,2,0,2
44,143876.8238,474925.927,E44_F1_m9f9_P44_Y3_UO594,I9_F44_m-1f-1_P9_Y-1_U110,I9_F33_m9f9_P10_Y1_UO467,MXY,4,0.0,1,0,0.0,0,0,0,-9999.0,0.25,1,P8_CV0,2,1,1,2,0,0,2,0,2
44,143876.8238,474925.927,E44_F9_m9f9_P33_Y2_UO566,ID9_F10_m-1f-1_P9_Y-1_U143,ID9_F33_m-1f-1_P1_Y-1_U131,MXY,5,0.0,1,0,0.0,0,0,0,-9999.0,0.5,1,P8_CV0,2,1,1,1,1,0,2,0,2
44,143876.8238,474925.927,E44_F1_m9f9_P10_Y1_UO464,I9_F33_m-1f-1_P9_Y-1_U46,I9_F33_m-1f-1_P9_Y-1_U111,MXY,6,0.0,1,0,0.0,0,0,0,-9999.0,1.0,1,P8_CV0,2,2,0,2,0,0,2,0,2
44,143876.8238,474925.927,E44_F1_m9f9_P10_Y1_UO506,I9_F10_m-1f-1_P9_Y-1_U237,ID9_F33_m-1f-1_P9_Y-1_U180,FXX,6,0.0,1,0,1.0,0,0,0,-9999.0,0.5,1,P8_CV0,2,1,1,1,1,0,2,0,2
44,143876.8238,474925.927,E44_F9_m9f9_P10_Y1_UO503,I9_F10_m-1f-1_P9_Y-1_U84,ID9_F10_m-1f-1_P9_Y-1_U15,FXX,6,0.0,1,0,1.0,0,0,0,-9999.0,0.75,1,P8_CV0,2,1,1,2,0,0,2,0,2
44,143876.8238,474925.927,E44_F1_m9f9_P10_Y0_UO583,R9_F9_m-1f-1_P9_Y-1_U242,R9_F9_m-1f-1_P9_Y-1_U163,FXX,7,0.0,1,0,1.0,0,0,0,-9999.0,0.75,1,P8_CV0,2,2,0,2,0,0,2,0,2
44,143876.8238,474925.927,E44_F1_m-1f-1_P9_Y-1_U150,-9999,-9999,FXX,8,0.0,1,0,1.0,0,0,0,-9999.0,0.5,1,P8_CV0,2,1,1,2,0,0,2,0,2
44,143876.8238,474925.927,E44_F9_m-1f-1_P9_Y-1_U60,-9999,-9999,MXY,9,0.0,1,0,0.0,0,0,0,-9999.0,0.0,1,P8_CV0,2,0,2,2,0,0,2,0,2
44,143876.8238,474925.927,E44_F1_m-1f-1_P9_Y-1_U166,-9999,-9999,MXY,12,0.0,1,0,0.0,0,0,0,-9999.0,0.5,1,P8_CV0,2,1,1,1,1,0,2,0,2
44,143876.8238,474925.927,E44_F1_m-1f-1_P9_Y-1_U79,-9999,-9999,MXY,15,0.0,1,0,0.0,0,0,0,-9999.0,0.5,1,P8_CV0,2,1,1,1,1,0,2,0,2
48,-52565.66937,-358468.1197,Age0_F48_m11f11_P48_Y7_UO675,ID11_F2_m-1f-1_P11_Y-1_U157,I11_F89_m-1f-1_P11_Y-1_U212,FXX,0,0.0,0,0,0.0,0,0,0,0.0,0.75,1,P10_CV0,2,2,0,1,1,0,2,0,2
48,-52565.66937,-358468.1197,Age0_F48_m11f11_P48_Y7_UO681,I11_F41_m-1f-1_P11_Y-1_U201,ID11_F89_m11f11_P48_Y4_UO635,MXY,0,0.0,0,0,0.0,0,0,0,0.0,0.625,1,P10_CV0,2,1,1,1,1,0,2,0,2
48,-52565.66937,-358468.1197,Age0_F48_m31f31_P48_Y7_UO1465,I31_F68_m84f84_P8_Y5_UO3871,I31_F8_m25f25_P8_Y3_UO1268,MXY,0,0.0,0,0,0.0,0,0,0,0.0,0.75,1,P10_CV0,2,2,0,1,1,0,2,0,2
48,-52565.66937,-358468.1197,Age0_F48_m31f31_P48_Y7_UO1472,I31_F68_m31f31_P8_Y5_UO1546,ID31_F48_m100f100_P49_Y5_UO4551,MXY,0,0.0,0,0,0.0,0,0,0,0.0,0.125,1,P10_CV0,2,1,1,2,0,0,2,0,2
48,-52565.66937,-358468.1197,Age0_F48_m43f43_P48_Y7_UO2075,I43_F49_m43f43_P48_Y5_UO2126,ID43_F41_m11f11_P89_Y2_UO654,MXY,0,0.0,0,0,0.0,0,0,0,0.0,0.625,1,P10_CV0,2,1,1,2,0,0,2,0,2
48,-52565.66937,-358468.1197,Age0_F48_m43f43_P48_Y7_UO2121,ID43_F49_m11f11_P49_Y4_UO663,I43_F41_m73f73_P89_Y4_UO3306,MXY,0,0.0,0,0,0.0,0,0,0,0.0,0.4375,1,P10_CV0,2,2,0,1,1,0,2,0,2
48,-52565.66937,-358468.1197,Age0_F48_m43f43_P48_Y7_UO2135,ID43_F49_m43f43_P49_Y3_UO2124,I43_F48_m11f11_P49_Y0_UO605,FXX,0,0.0,0,0,0.0,0,0,0,0.0,0.5,1,P10_CV0,2,1,1,2,0,0,2,0,2
48,-52565.66937,-358468.1197,Age0_F48_m43f43_P48_Y7_UO2175,I43_F49_m-1f-1_P11_Y-1_U211,I43_F48_m100f100_P49_Y2_UO4570,FXX,0,0.0,0,0,0.0,0,0,0,0.0,0.5625,1,P10_CV0,2,2,0,0,2,0,2,0,2
48,-52565.66937,-358468.1197,Age0_F48_m43f43_P48_Y7_UO2176,I43_F48_m-1f-1_P100_Y-1_U225,ID43_F41_m11f11_P89_Y2_UO654,FXX,0,0.0,0,0,0.0,0,0,0,0.0,0.625,1,P10_CV0,2,1,1,2,0,0,2,0,2
48,-52565.66937,-358468.1197,Age0_F48_m55f55_P48_Y7_UO2580,I55_F14_m60f60_P14_Y3_UO2796,I55_F89_m11f11_P89_Y3_UO596,FXX,0,0.0,0,0,0.0,0,0,0,0.0,0.625,1,P10_CV0,2,1,1,1,1,0,2,0,2
48,-52565.66937,-358468.1197,Age0_F48_m100f100_P48_Y7_UO4582,ID100_F49_m11f11_P48_Y3_UO600,I100_F49_m11f11_P49_Y5_UO677,FXX,0,0.0,0,0,0.0,0,0,0,0.0,0.6875,1,P10_CV0,2,2,0,0,2,0,2,0,2
48,-52565.66937,-358468.1197,Age0_F48_m100f100_P48_Y7_UO4596,I100_F48_m11f11_P49_Y2_UO660,I100_F49_m15f15_P49_Y5_UO853,FXX,0,0.0,0,0,0.0,0,0,0,0.0,0.8125,1,P10_CV0,2,2,0,1,1,0,2,0,2
48,-52565.66937,-358468.1197,Age0_F48_m100f100_P48_Y7_UO4605,I100_F8_m43f43_P48_Y0_UO2119,ID100_F49_m-1f-1_P11_Y-1_U91,FXX,0,0.0,0,0,0.0,0,0,0,0.0,0.5,1,P10_CV0,2,1,1,1,1,0,2,0,2
48,-52565.66937,-358468.1197,E48_F43_m73f73_P41_Y6_UO3331,ID73_F41_m55f55_P41_Y4_UO2499,I73_F89_m55f55_P41_Y4_UO2548,FXX,1,0.0,1,1,1.0,0,0,0,-9999.0,0.3125,1,P10_CV0,2,1,1,2,0,0,2,0,2
48,-52565.66937,-358468.1197,E48_F43_m11f11_P49_Y6_UO652,ID11_F36_m65f65_P98_Y3_UO3111,I11_F49_m-1f-1_P11_Y-1_U85,FXX,1,0.0,1,1,1.0,0,0,0,-9999.0,0.5625,1,P10_CV0,2,0,2,1,1,0,2,0,2
48,-52565.66937,-358468.1197,E48_F100_m43f43_P48_Y6_UO2157,I43_F49_m11f11_P89_Y1_UO609,I43_F14_m100f100_P49_Y4_UO4588,FXX,1,0.0,1,1,1.0,0,0,0,-9999.0,0.1875,1,P10_CV0,2,0,2,1,1,0,2,0,2
48,-52565.66937,-358468.1197,E48_F100_m100f100_P48_Y6_UO4636,I100_F48_m11f11_P2_Y1_UO592,I100_F48_m11f11_P48_Y4_UO657,MXY,1,0.0,1,1,0.0,0,0,0,-9999.0,0.375,1,P10_CV0,2,0,2,1,1,0,2,0,2
48,-52565.66937,-358468.1197,E48_F100_m11f11_P49_Y6_UO653,I11_F49_m43f43_P48_Y2_UO2059,ID11_F48_m11f11_P48_Y4_UO635,FXX,1,0.0,1,1,1.0,0,0,0,-9999.0,0.25,1,P10_CV0,2,0,2,0,2,0,2,0,2
48,-52565.66937,-358468.1197,E48_F100_m11f11_P49_Y6_UO678,I11_F48_m-1f-1_P11_Y-1_U237,I11_F48_m-1f-1_P11_Y-1_U109,FXX,1,0.0,1,1,1.0,0,0,0,-9999.0,0.75,1,P10_CV0,2,2,0,2,0,0,2,0,2
48,-52565.66937,-358468.1197,E48_F100_m43f43_P49_Y5_UO2104,I43_F48_m43f43_P49_Y1_UO1937,ID43_F41_m-1f-1_P15_Y-1_U188,MXY,2,0.0,1,0,0.0,0,0,0,-9999.0,0.875,1,P10_CV0,2,2,0,0,2,0,2,0,2
48,-52565.66937,-358468.1197,E48_F11_m73f73_P89_Y4_UO3262,I73_F41_m73f73_P89_Y2_UO3366,I73_F89_m11f11_P89_Y2_UO654,MXY,3,0.0,1,0,0.0,0,0,0,-9999.0,0.625,1,P10_CV0,2,1,1,2,0,0,2,0,2
48,-52565.66937,-358468.1197,E48_F43_m100f100_P49_Y4_UO4546,I100_F8_m100f100_P49_Y2_UO4624,ID100_F49_m11f11_P68_Y1_UO549,MXY,3,0.0,1,0,0.0,0,0,0,-9999.0,0.375,1,P10_CV0,2,0,2,1,1,0,2,0,2
48,-52565.66937,-358468.1197,E48_F43_m73f73_P89_Y4_UO3306,I73_F89_m11f11_P89_Y0_UO667,ID73_F14_m11f11_P89_Y2_UO643,MXY,3,0.0,1,0,0.0,0,0,0,-9999.0,0.625,1,P10_CV0,2,2,0,1,1,0,2,0,2
48,-52565.66937,-358468.1197,E48_F43_m11f11_P49_Y4_UO640,ID11_F48_m-1f-1_P11_Y-1_U141,ID11_F49_m85f85_P2_Y2_UO3963,MXY,3,0.0,1,0,0.0,0,0,0,-9999.0,0.25,1,P10_CV0,2,0,2,1,1,0,2,0,2
48,-52565.66937,-358468.1197,E48_F43_m43f43_P48_Y4_UO2049,I43_F49_m11f11_P49_Y2_UO640,ID43_F49_m-1f-1_P43_Y-1_U160,MXY,3,0.0,1,0,0.0,0,0,0,-9999.0,0.5,1,P10_CV0,2,1,1,1,1,0,2,0,2
48,-52565.66937,-358468.1197,E48_F43_m11f11_P49_Y4_UO663,I11_F48_m-1f-1_P11_Y-1_U67,ID11_F49_m85f85_P2_Y2_UO3963,FXX,3,0.0,1,0,1.0,0,0,0,-9999.0,0.25,1,P10_CV0,2,1,1,0,2,0,2,0,2
48,-52565.66937,-358468.1197,E48_F55_m11f11_P89_Y4_UO630,I11_F89_m-1f-1_P25_Y-1_U37,I11_F2_m-1f-1_P11_Y-1_U210,FXX,3,0.0,1,0,1.0,0,0,0,-9999.0,0.75,1,P10_CV0,2,2,0,1,1,0,2,0,2
48,-52565.66937,-358468.1197,E48_F100_m100f100_P48_Y4_UO4602,I100_F49_m-1f-1_P43_Y-1_U88,ID100_F49_m11f11_P68_Y1_UO549,MXY,3,0.0,1,0,0.0,0,0,0,-9999.0,0.375,1,P10_CV0,2,0,2,0,2,0,2,0,2
48,-52565.66937,-358468.1197,E48_F100_m11f11_P48_Y4_UO657,ID11_F41_m-1f-1_P11_Y-1_U53,ID11_F49_m-1f-1_P11_Y-1_U248,MXY,3,0.0,1,0,0.0,0,0,0,-9999.0,0.5,1,P10_CV0,2,1,1,1,1,0,2,0,2
48,-52565.66937,-358468.1197,E48_F100_m11f11_P48_Y3_UO600,I11_F89_m43f43_P49_Y0_UO2141,I11_F2_m-1f-1_P11_Y-1_U42,FXX,4,0.0,1,0,1.0,0,0,0,-9999.0,0.625,1,P10_CV0,2,1,1,1,1,0,2,0,2
48,-52565.66937,-358468.1197,E48_F100_m55f55_P89_Y3_UO2524,ID55_F89_m11f11_P89_Y1_UO555,ID55_F89_m55f55_P89_Y1_UO2498,MXY,4,0.0,1,0,0.0,0,0,0,-9999.0,0.625,1,P10_CV0,2,2,0,1,1,0,2,0,2
48,-52565.66937,-358468.1197,E48_F100_m11f11_P49_Y3_UO643,I11_F48_m-1f-1_P11_Y-1_U213,I11_F49_m-1f-1_P11_Y-1_U241,MXY,4,0.0,1,0,0.0,0,0,0,-9999.0,0.75,1,P10_CV0,2,2,0,1,1,0,2,0,2
48,-52565.66937,-358468.1197,E48_F43_m11f11_P89_Y2_UO654,I11_F89_m-1f-1_P11_Y-1_U21,I11_F89_m-1f-1_P11_Y-1_U214,MXY,5,0.0,1,0,0.0,0,0,0,-9999.0,0.75,1,P10_CV0,2,2,0,2,0,0,2,0,2
48,-52565.66937,-358468.1197,E48_F100_m100f100_P48_Y2_UO4625,I100_F49_m-1f-1_P100_Y-1_U93,I100_F49_m11f11_P48_Y0_UO588,MXY,5,0.0,1,0,0.0,0,0,0,-9999.0,0.0,1,P10_CV0,2,0,2,0,2,0,2,0,2
48,-52565.66937,-358468.1197,E48_F100_m11f11_P49_Y2_UO660,ID11_F48_m-1f-1_P11_Y-1_U96,I11_F48_m-1f-1_P11_Y-1_U169,FXX,5,0.0,1,0,1.0,0,0,0,-9999.0,0.75,1,P10_CV0,2,2,0,2,0,0,2,0,2
48,-52565.66937,-358468.1197,E48_F100_m11f11_P49_Y1_UO545,I11_F89_m-1f-1_P11_Y-1_U37,I11_F48_m-1f-1_P11_Y-1_U195,MXY,6,0.0,1,0,0.0,0,0,0,-9999.0,0.25,1,P10_CV0,2,0,2,0,2,0,2,0,2
48,-52565.66937,-358468.1197,E48_F100_m11f11_P68_Y1_UO549,I11_F49_m-1f-1_P11_Y-1_U125,I11_F49_m-1f-1_P11_Y-1_U77,MXY,6,0.0,1,0,0.0,0,0,0,-9999.0,0.25,1,P10_CV0,2,0,2,0,2,0,2,0,2
48,-52565.66937,-358468.1197,E48_F43_m11f11_P49_Y0_UO605,R11_F11_m-1f-1_P11_Y-1_U55,R11_F11_m-1f-1_P11_Y-1_U221,MXY,7,0.0,1,0,0.0,0,0,0,-9999.0,0.5,1,P10_CV0,2,1,1,1,1,0,2,0,2
48,-52565.66937,-358468.1197,E48_F100_m11f11_P2_Y0_UO676,R11_F11_m-1f-1_P11_Y-1_U226,R11_F11_m-1f-1_P11_Y-1_U47,MXY,7,0.0,1,0,0.0,0,0,0,-9999.0,0.75,1,P10_CV0,2,2,0,2,0,0,2,0,2
48,-52565.66937,-358468.1197,E48_F100_m-1f-1_P11_Y-1_U91,-9999,-9999,MXY,8,0.0,1,0,0.0,0,0,0,-9999.0,0.5,1,P10_CV0,2,1,1,1,1,0,2,0,2
48,-52565.66937,-358468.1197,E48_F11_m-1f-1_P11_Y-1_U212,-9999,-9999,MXY,9,0.0,1,0,0.0,0,0,0,-9999.0,1.0,1,P10_CV0,2,2,0,1,1,0,2,0,2
48,-52565.66937,-358468.1197,E48_F43_m-1f-1_P11_Y-1_U202,-9999,-9999,FXX,9,0.0,1,0,1.0,0,0,0,-9999.0,0.5,1,P10_CV0,2,1,1,1,1,0,2,0,2
48,-52565.66937,-358468.1197,E48_F11_m-1f-1_P11_Y-1_U85,-9999,-9999,MXY,10,0.0,1,0,0.0,0,0,0,-9999.0,0.5,1,P10_CV0,2,1,1,2,0,0,2,0,2
48,-52565.66937,-358468.1197,E48_F100_m-1f-1_P11_Y-1_U111,-9999,-9999,FXX,10,0.0,1,0,1.0,0,0,0,-9999.0,0.5,1,P10_CV0,2,1,1,2,0,0,2,0,2
48,-52565.66937,-358468.1197,E48_F11_m-1f-1_P11_Y-1_U210,-9999,-9999,MXY,11,0.0,1,0,0.0,0,0,0,-9999.0,1.0,1,P10_CV0,2,2,0,1,1,0,2,0,2
48,-52565.66937,-358468.1197,E48_F43_m-1f-1_P11_Y-1_U211,-9999,-9999,FXX,11,0.0,1,0,1.0,0,0,0,-9999.0,0.5,1,P10_CV0,2,1,1,1,1,0,2,0,2
48,-52565.66937,-358468.1197,E48_F11_m-1f-1_P11_Y-1_U248,-9999,-9999,MXY,12,0.0,1,0,0.0,0,0,0,-9999.0,0.5,1,P10_CV0,2,1,1,1,1,0,2,0,2
48,-52565.66937,-358468.1197,E48_F11_m-1f-1_P11_Y-1_U157,-9999,-9999,FXX,13,0.0,1,0,1.0,0,0,0,-9999.0,0.5,1,P10_CV0,2,1,1,2,0,0,2,0,2
48,-52565.66937,-358468.1197,E48_F11_m-1f-1_P11_Y-1_U41,-9999,-9999,MXY,13,0.0,1,0,0.0,0,0,0,-9999.0,0.0,1,P10_CV0,2,0,2,1,1,0,2,0,2
48,-52565.66937,-358468.1197,E48_F11_m-1f-1_P11_Y-1_U176,-9999,-9999,FXX,13,0.0,1,0,1.0,0,0,0,-9999.0,0.5,1,P10_CV0,2,1,1,1,1,0,2,0,2
48,-52565.66937,-358468.1197,E48_F11_m-1f-1_P11_Y-1_U27,-9999,-9999,FXX,14,0.0,1,0,1.0,0,0,0,-9999.0,1.0,1,P10_CV0,2,2,0,1,1,0,2,0,2
48,-52565.66937,-358468.1197,E48_F11_m-1f-1_P11_Y-1_U201,-9999,-9999,FXX,14,0.0,1,0,1.0,0,0,0,-9999.0,1.0,1,P10_CV0,2,2,0,2,0,0,2,0,2
48,-52565.66937,-358468.1197,E48_F60_m39f39_P75_Y6_UO1865,I39_F19_m87f87_P51_Y3_UO4064,I39_F75_m46f46_P19_Y2_UO2214,FXX,1,0.0,1,1,1.0,0,0,0,-9999.0,0.75,1,P11_CV0,2,1,1,1,1,0,2,0,2
48,-52565.66937,-358468.1197,Age0_F48_m43f43_P48_Y7_UO2087,I43_F48_m100f100_P49_Y5_UO4547,ID43_F49_m55f55_P14_Y5_UO2565,FXX,0,0.0,0,0,0.0,0,0,0,0.0,0.75,1,P14_CV0,2,2,0,0,2,0,2,0,2
48,-52565.66937,-358468.1197,Age0_F48_m43f43_P48_Y7_UO2105,ID43_F49_m43f43_P48_Y5_UO2096,I43_F49_m15f15_P14_Y2_UO808,MXY,0,0.0,0,0,0.0,0,0,0,0.0,0.34375,1,P14_CV0,2,1,1,2,0,0,2,0,2
48,-52565.66937,-358468.1197,Age0_F48_m43f43_P48_Y7_UO2146,I43_F48_m15f15_P14_Y2_UO762,I43_F49_m15f15_P41_Y0_UO840,MXY,0,0.0,0,0,0.0,0,0,0,0.0,0.5,1,P14_CV0,2,2,0,1,1,0,2,0,2
48,-52565.66937,-358468.1197,Age0_F48_m43f43_P48_Y7_UO2153,ID43_F49_m43f43_P48_Y1_UO1962,I43_F48_m15f15_P48_Y0_UO814,FXX,0,0.0,0,0,0.0,0,0,0,0.0,0.625,1,P14_CV0,2,1,1,0,2,0,2,0,2
48,-52565.66937,-358468.1197,Age0_F48_m43f43_P48_Y7_UO2174,I43_F49_m-1f-1_P15_Y-1_U4,I43_F49_m43f43_P48_Y3_UO2039,MXY,0,0.0,0,0,0.0,0,0,0,0.0,0.5,1,P14_CV0,2,1,1,1,1,0,2,0,2
48,-52565.66937,-358468.1197,Age0_F48_m55f55_P48_Y7_UO2570,I55_F89_m11f11_P89_Y4_UO630,I55_F14_m73f73_P89_Y5_UO3311,FXX,0,0.0,0,0,0.0,0,0,0,0.0,0.59375,1,P14_CV0,2,2,0,1,1,0,2,0,2
48,-52565.66937,-358468.1197,Age0_F48_m55f55_P48_Y7_UO2635,I55_F41_m-1f-1_P15_Y-1_U235,ID55_F49_m-1f-1_P11_Y-1_U6,FXX,0,0.0,0,0,0.0,0,0,0,0.0,0.5,1,P14_CV0,2,1,1,1,1,0,2,0,2
48,-52565.66937,-358468.1197,E48_F43_m43f43_P48_Y6_UO2150,I43_F49_m43f43_P48_Y2_UO2055,I43_F49_m100f100_P48_Y4_UO4580,MXY,1,0.0,1,1,0.0,0,0,0,-9999.0,0.625,1,P14_CV0,2,2,0,1,1,0,2,0,2
48,-52565.66937,-358468.1197,E48_F43_m100f100_P49_Y6_UO4634,I100_F49_m100f100_P48_Y2_UO4551,ID100_F48_m15f15_P49_Y2_UO780,FXX,1,0.0,1,1,1.0,0,0,0,-9999.0,0.8125,1,P14_CV0,2,2,0,0,2,0,2,0,2
48,-52565.66937,-358468.1197,E48_F100_m43f43_P48_Y6_UO2111,I43_F49_m43f43_P49_Y4_UO2117,I43_F48_m15f15_P41_Y0_UO800,MXY,1,0.0,1,1,0.0,0,0,0,-9999.0,0.5625,1,P14_CV0,2,1,1,1,1,0,2,0,2
48,-52565.66937,-358468.1197,E48_F100_m43f43_P48_Y6_UO2148,I43_F41_m15f15_P14_Y2_UO762,ID43_F48_m63f63_P68_Y4_UO2988,FXX,1,0.0,1,1,1.0,0,0,0,-9999.0,0.8125,1,P14_CV0,2,1,1,2,0,0,2,0,2
48,-52565.66937,-358468.1197,E48_F100_m15f15_P49_Y6_UO884,I15_F89_m-1f-1_P11_Y-1_U44,I15_F48_m73f73_P41_Y4_UO3311,FXX,1,0.0,1,1,1.0,0,0,0,-9999.0,0.625,1,P14_CV0,2,2,0,1,1,0,2,0,2
48,-52565.66937,-358468.1197,E48_F100_m43f43_P49_Y6_UO2113,I43_F14_m31f31_P49_Y4_UO1503,I43_F49_m15f15_P41_Y3_UO823,MXY,1,0.0,1,1,0.0,0,0,0,-9999.0,0.5625,1,P14_CV0,2,2,0,1,1,0,2,0,2
48,-52565.66937,-358468.1197,E48_F43_m55f55_P14_Y5_UO2565,ID55_F41_m15f15_P41_Y2_UO804,I55_F48_m11f11_P89_Y3_UO596,MXY,2,0.0,1,0,0.0,0,0,0,-9999.0,0.875,1,P14_CV0,2,2,0,0,2,0,2,0,2
48,-52565.66937,-358468.1197,E48_F55_m15f15_P41_Y5_UO830,I15_F41_m55f55_P89_Y2_UO2542,ID15_F41_m60f60_P14_Y3_UO2780,MXY,2,0.0,1,0,0.0,0,0,0,-9999.0,0.5,1,P14_CV0,2,1,1,1,1,0,2,0,2
48,-52565.66937,-358468.1197,E48_F100_m43f43_P48_Y5_UO2112,I43_F49_m100f100_P49_Y1_UO4354,I43_F41_m-1f-1_P15_Y-1_U36,MXY,2,0.0,1,0,0.0,0,0,0,-9999.0,0.125,1,P14_CV0,2,0,2,0,2,0,2,0,2
48,-52565.66937,-358468.1197,E48_F11_m55f55_P41_Y4_UO2496,I55_F41_m100f100_P49_Y2_UO4629,I55_F89_m15f15_P41_Y2_UO816,MXY,3,0.0,1,0,0.0,0,0,0,-9999.0,0.375,1,P14_CV0,2,1,1,2,0,0,2,0,2
48,-52565.66937,-358468.1197,E48_F43_m15f15_P89_Y4_UO836,I15_F49_m-1f-1_P15_Y-1_U32,I15_F14_m-1f-1_P73_Y-1_U91,MXY,3,0.0,1,0,0.0,0,0,0,-9999.0,1.0,1,P14_CV0,2,2,0,1,1,0,2,0,2
48,-52565.66937,-358468.1197,E48_F55_m73f73_P89_Y4_UO3335,I73_F41_m-1f-1_P15_Y-1_U211,I73_F89_m15f15_P41_Y2_UO840,MXY,3,0.0,1,0,0.0,0,0,0,-9999.0,0.375,1,P14_CV0,2,1,1,1,1,0,2,0,2
48,-52565.66937,-358468.1197,E48_F43_m15f15_P14_Y2_UO762,I15_F41_m55f55_P14_Y0_UO2795,I15_F89_m-1f-1_P15_Y-1_U149,FXX,5,0.0,1,0,1.0,0,0,0,-9999.0,0.75,1,P14_CV0,2,2,0,1,1,0,2,0,2
48,-52565.66937,-358468.1197,E48_F43_m15f15_P14_Y2_UO808,I15_F41_m-1f-1_P15_Y-1_U239,ID15_F41_m-1f-1_P15_Y-1_U23,MXY,5,0.0,1,0,0.0,0,0,0,-9999.0,0.25,1,P14_CV0,2,0,2,2,0,0,2,0,2
48,-52565.66937,-358468.1197,E48_F100_m15f15_P49_Y2_UO780,I15_F14_m11f11_P89_Y0_UO593,I15_F41_m-1f-1_P15_Y-1_U203,MXY,5,0.0,1,0,0.0,0,0,0,-9999.0,1.0,1,P14_CV0,2,2,0,0,2,0,2,0,2
48,-52565.66937,-358468.1197,E48_F100_m43f43_P48_Y2_UO2055,I43_F48_m-1f-1_P100_Y-1_U165,ID43_F89_m15f15_P14_Y0_UO897,FXX,5,0.0,1,0,1.0,0,0,0,-9999.0,0.75,1,P14_CV0,2,2,0,2,0,0,2,0,2
48,-52565.66937,-358468.1197,E48_F55_m15f15_P14_Y1_UO715,I15_F89_m-1f-1_P15_Y-1_U221,I15_F41_m-1f-1_P15_Y-1_U225,MXY,6,0.0,1,0,0.0,0,0,0,-9999.0,0.5,1,P14_CV0,2,0,2,1,1,0,2,0,2
48,-52565.66937,-358468.1197,E48_F73_m15f15_P89_Y1_UO724,ID15_F41_m-1f-1_P15_Y-1_U140,I15_F41_m-1f-1_P15_Y-1_U242,FXX,6,0.0,1,0,1.0,0,0,0,-9999.0,0.75,1,P14_CV0,2,2,0,2,0,0,2,0,2
48,-52565.66937,-358468.1197,E48_F100_m15f15_P49_Y0_UO809,R15_F15_m-1f-1_P15_Y-1_U28,R15_F15_m-1f-1_P15_Y-1_U172,MXY,7,0.0,1,0,0.0,0,0,0,-9999.0,0.25,1,P14_CV0,2,0,2,1,1,0,2,0,2
48,-52565.66937,-358468.1197,E48_F43_m-1f-1_P15_Y-1_U36,-9999,-9999,MXY,8,0.0,1,0,0.0,0,0,0,-9999.0,0.0,1,P14_CV0,2,0,2,1,1,0,2,0,2
48,-52565.66937,-358468.1197,E48_F43_m-1f-1_P15_Y-1_U4,-9999,-9999,FXX,11,0.0,1,0,1.0,0,0,0,-9999.0,0.5,1,P14_CV0,2,1,1,1,1,0,2,0,2
48,-52565.66937,-358468.1197,E48_F43_m-1f-1_P15_Y-1_U169,-9999,-9999,MXY,13,0.0,1,0,0.0,0,0,0,-9999.0,0.5,1,P14_CV0,2,1,1,0,2,0,2,0,2
48,-52565.66937,-358468.1197,E48_F55_m-1f-1_P15_Y-1_U235,-9999,-9999,FXX,14,0.0,1,0,1.0,0,0,0,-9999.0,0.5,1,P14_CV0,2,1,1,0,2,0,2,0,2
48,-52565.66937,-358468.1197,Age0_F48_m63f63_P48_Y7_UO3045,ID63_F36_m63f63_P98_Y4_UO3029,ID63_F36_m63f63_P68_Y5_UO2985,MXY,0,0.0,0,0,0.0,0,0,0,0.0,0.625,1,P24_CV0,2,2,0,2,0,0,2,0,2
48,-52565.66937,-358468.1197,Age0_F48_m100f100_P48_Y7_UO4603,I100_F48_m25f25_P8_Y0_UO1360,ID100_F41_m100f100_P49_Y5_UO4583,FXX,0,0.0,0,0,0.0,0,0,0,0.0,0.5,1,P24_CV0,2,1,1,1,1,0,2,0,2
48,-52565.66937,-358468.1197,E48_F15_m63f63_P49_Y6_UO3065,I63_F8_m63f63_P69_Y1_UO2918,ID63_F8_m31f31_P68_Y3_UO1487,MXY,1,0.0,1,1,0.0,0,0,0,-9999.0,0.5,1,P24_CV0,2,0,2,0,2,0,2,0,2
48,-52565.66937,-358468.1197,E48_F25_m25f25_P68_Y6_UO1286,I25_F68_m31f31_P8_Y3_UO1459,I25_F68_m-1f-1_P84_Y-1_U238,FXX,1,0.0,1,1,1.0,0,0,0,-9999.0,0.25,1,P24_CV0,2,0,2,0,2,0,2,0,2
48,-52565.66937,-358468.1197,E48_F43_m43f43_P48_Y6_UO2130,ID43_F41_m11f11_P89_Y3_UO616,I43_F49_m100f100_P48_Y4_UO4624,MXY,1,0.0,1,1,0.0,0,0,0,-9999.0,0.625,1,P24_CV0,2,2,0,0,2,0,2,0,2
48,-52565.66937,-358468.1197,E48_F43_m25f25_P49_Y6_UO1329,I25_F68_m25f25_P69_Y0_UO1376,I25_F68_m65f65_P69_Y3_UO3068,FXX,1,0.0,1,1,1.0,0,0,0,-9999.0,0.75,1,P24_CV0,2,1,1,0,2,0,2,0,2
48,-52565.66937,-358468.1197,E48_F100_m31f31_P8_Y6_UO1495,I31_F8_m31f31_P8_Y3_UO1527,I31_F8_m63f63_P8_Y2_UO3082,FXX,1,0.0,1,1,1.0,0,0,0,-9999.0,0.8125,1,P24_CV0,2,2,0,1,1,0,2,0,2
48,-52565.66937,-358468.1197,E48_F100_m11f11_P49_Y6_UO664,I11_F49_m-1f-1_P25_Y-1_U37,I11_F36_m43f43_P48_Y2_UO2049,MXY,1,0.0,1,1,0.0,0,0,0,-9999.0,0.5625,1,P24_CV0,2,0,2,1,1,0,2,0,2
48,-52565.66937,-358468.1197,E48_F100_m11f11_P49_Y6_UO665,I11_F48_m-1f-1_P11_Y-1_U202,I11_F49_m100f100_P49_Y3_UO4535,MXY,1,0.0,1,1,0.0,0,0,0,-9999.0,0.4375,1,P24_CV0,2,1,1,1,1,0,2,0,2
48,-52565.66937,-358468.1197,E48_F100_m100f100_P49_Y6_UO4611,I100_F48_m63f63_P8_Y3_UO3060,I100_F49_m25f25_P68_Y3_UO1329,FXX,1,0.0,1,1,1.0,0,0,0,-9999.0,0.5,1,P24_CV0,2,2,0,2,0,0,2,0,2
48,-52565.66937,-358468.1197,E48_F43_m65f65_P49_Y5_UO3151,I65_F68_m25f25_P68_Y1_UO1190,I65_F8_m94f94_P91_Y2_UO4402,MXY,2,0.0,1,0,0.0,0,0,0,-9999.0,0.5,1,P24_CV0,2,0,2,1,1,0,2,0,2
48,-52565.66937,-358468.1197,E48_F43_m100f100_P48_Y4_UO4624,I100_F68_m-1f-1_P100_Y-1_U131,I100_F8_m25f25_P8_Y2_UO1293,MXY,3,0.0,1,0,0.0,0,0,0,-9999.0,0.5,1,P24_CV0,2,1,1,1,1,0,2,0,2
48,-52565.66937,-358468.1197,E48_F11_m100f100_P49_Y3_UO4535,I100_F48_m25f25_P48_Y0_UO1403,I100_F48_m-1f-1_P100_Y-1_U73,MXY,4,0.0,1,0,0.0,0,0,0,-9999.0,0.375,1,P24_CV0,2,1,1,1,1,0,2,0,2
48,-52565.66937,-358468.1197,E48_F25_m25f25_P68_Y3_UO1304,I25_F69_m-1f-1_P25_Y-1_U41,ID25_F8_m84f84_P8_Y1_UO3692,FXX,4,0.0,1,0,1.0,0,0,0,-9999.0,0.25,1,P24_CV0,2,1,1,0,2,0,2,0,2
48,-52565.66937,-358468.1197,E48_F100_m100f100_P48_Y3_UO4541,ID100_F68_m25f25_P8_Y0_UO1360,I100_F48_m43f43_P49_Y0_UO2184,MXY,4,0.0,1,0,0.0,0,0,0,-9999.0,0.375,1,P24_CV0,2,1,1,0,2,0,2,0,2
48,-52565.66937,-358468.1197,E48_F100_m25f25_P68_Y3_UO1329,I25_F69_m-1f-1_P25_Y-1_U239,I25_F36_m84f84_P8_Y1_UO3653,MXY,4,0.0,1,0,0.0,0,0,0,-9999.0,0.375,1,P24_CV0,2,2,0,1,1,0,2,0,2
48,-52565.66937,-358468.1197,E48_F84_m25f25_P69_Y2_UO1280,I25_F68_m-1f-1_P25_Y-1_U157,I25_F68_m-1f-1_P25_Y-1_U151,MXY,5,0.0,1,0,0.0,0,0,0,-9999.0,0.75,1,P24_CV0,2,1,1,1,1,0,2,0,2
48,-52565.66937,-358468.1197,E48_F100_m25f25_P8_Y0_UO1360,R25_F25_m-1f-1_P25_Y-1_U86,R25_F25_m-1f-1_P25_Y-1_U64,FXX,7,0.0,1,0,1.0,0,0,0,-9999.0,0.5,1,P24_CV0,2,2,0,0,2,0,2,0,2
48,-52565.66937,-358468.1197,Age0_F48_m100f100_P48_Y7_UO4561,I100_F49_m31f31_P48_Y5_UO1474,I100_F49_m43f43_P48_Y2_UO2069,MXY,0,0.0,0,0,0.0,0,0,0,0.0,0.5625,1,P30_CV0,2,2,0,1,1,0,2,0,2
48,-52565.66937,-358468.1197,Age0_F48_m100f100_P48_Y7_UO4592,I100_F49_m31f31_P68_Y2_UO1538,I100_F49_m55f55_P48_Y4_UO2545,FXX,0,0.0,0,0,0.0,0,0,0,0.0,0.75,1,P30_CV0,2,1,1,1,1,0,2,0,2
48,-52565.66937,-358468.1197,Age0_F48_m100f100_P48_Y7_UO4595,ID100_F48_m43f43_P48_Y2_UO2055,ID100_F48_m63f63_P68_Y5_UO3009,MXY,0,0.0,0,0,0.0,0,0,0,0.0,0.53125,1,P30_CV0,2,2,0,2,0,0,2,0,2
48,-52565.66937,-358468.1197,E48_F43_m100f100_P48_Y6_UO4666,I100_F48_m-1f-1_P31_Y-1_U56,I100_F49_m100f100_P48_Y4_UO4612,MXY,1,0.0,1,1,0.0,0,0,0,-9999.0,0.125,1,P30_CV0,2,1,1,2,0,0,2,0,2
48,-52565.66937,-358468.1197,E48_F63_m63f63_P68_Y6_UO3078,I63_F68_m31f31_P68_Y0_UO1613,I63_F68_m31f31_P8_Y0_UO1634,MXY,1,0.0,1,1,0.0,0,0,0,-9999.0,0.625,1,P30_CV0,2,1,1,1,1,0,2,0,2
48,-52565.66937,-358468.1197,E48_F100_m31f31_P68_Y6_UO1538,I31_F68_m-1f-1_P31_Y-1_U70,I31_F68_m25f25_P68_Y4_UO1254,FXX,1,0.0,1,1,1.0,0,0,0,-9999.0,0.625,1,P30_CV0,2,2,0,0,2,0,2,0,2
48,-52565.66937,-358468.1197,E48_F31_m84f84_P8_Y5_UO3871,ID84_F98_m31f31_P68_Y2_UO1511,I84_F8_m31f31_P8_Y2_UO1479,FXX,2,0.0,1,0,1.0,0,0,0,-9999.0,0.75,1,P30_CV0,2,2,0,0,2,0,2,0,2
48,-52565.66937,-358468.1197,E48_F100_m63f63_P68_Y5_UO3009,I63_F8_m31f31_P8_Y2_UO1490,I63_F68_m31f31_P69_Y3_UO1506,MXY,2,0.0,1,0,0.0,0,0,0,-9999.0,0.3125,1,P30_CV0,2,2,0,1,1,0,2,0,2
48,-52565.66937,-358468.1197,E48_F100_m31f31_P48_Y5_UO1474,ID31_F68_m11f11_P49_Y2_UO625,ID31_F8_m-1f-1_P31_Y-1_U222,FXX,2,0.0,1,0,1.0,0,0,0,-9999.0,0.625,1,P30_CV0,2,1,1,0,2,0,2,0,2
48,-52565.66937,-358468.1197,E48_F100_m100f100_P49_Y5_UO4600,ID100_F68_m31f31_P8_Y0_UO1557,ID100_F49_m100f100_P48_Y3_UO4601,MXY,2,0.0,1,0,0.0,0,0,0,-9999.0,0.25,1,P30_CV0,2,0,2,0,2,0,2,0,2
48,-52565.66937,-358468.1197,E48_F100_m31f31_P68_Y4_UO1456,I31_F68_m63f63_P68_Y2_UO3052,I31_F68_m-1f-1_P31_Y-1_U103,FXX,3,0.0,1,0,1.0,0,0,0,-9999.0,0.75,1,P30_CV0,2,1,1,1,1,0,2,0,2
48,-52565.66937,-358468.1197,E48_F100_m84f84_P8_Y4_UO3814,ID84_F69_m65f65_P36_Y2_UO3175,ID84_F36_m31f31_P68_Y2_UO1539,FXX,3,0.0,1,0,1.0,0,0,0,-9999.0,0.625,1,P30_CV0,2,2,0,1,1,0,2,0,2
48,-52565.66937,-358468.1197,E48_F100_m31f31_P8_Y3_UO1552,I31_F8_m-1f-1_P31_Y-1_U86,ID31_F36_m-1f-1_P63_Y-1_U176,MXY,4,0.0,1,0,0.0,0,0,0,-9999.0,1.0,1,P30_CV0,2,2,0,1,1,0,2,0,2
48,-52565.66937,-358468.1197,E48_F100_m31f31_P68_Y2_UO1538,I31_F8_m-1f-1_P31_Y-1_U98,I31_F8_m85f85_P8_Y0_UO4260,FXX,5,0.0,1,0,1.0,0,0,0,-9999.0,0.75,1,P30_CV0,2,1,1,0,2,0,2,0,2
48,-52565.66937,-358468.1197,E48_F31_m31f31_P8_Y1_UO1444,ID31_F48_m-1f-1_P100_Y-1_U61,I31_F8_m-1f-1_P31_Y-1_U50,MXY,6,0.0,1,0,0.0,0,0,0,-9999.0,0.25,1,P30_CV0,2,0,2,0,2,0,2,0,2
48,-52565.66937,-358468.1197,E48_F39_m39f39_P19_Y6_UO1915,I39_F75_m-1f-1_P39_Y-1_U158,I39_F75_m46f46_P19_Y2_UO2214,MXY,1,0.0,1,1,0.0,0,0,0,-9999.0,0.4375,1,P38_CV0,2,1,1,2,0,0,2,0,2
48,-52565.66937,-358468.1197,E48_F100_m60f60_P49_Y5_UO2775,ID60_F75_m60f60_P75_Y3_UO2791,I60_F75_m-1f-1_P60_Y-1_U102,MXY,2,0.0,1,0,0.0,0,0,0,-9999.0,0.25,1,P38_CV0,2,0,2,1,1,0,2,0,2
48,-52565.66937,-358468.1197,E48_F100_m100f100_P48_Y6_UO4625,I100_F48_m45f45_P8_Y3_UO2149,I100_F48_m43f43_P49_Y3_UO2052,FXX,1,0.0,1,1,1.0,0,0,0,-9999.0,0.75,1,P41_CV0,2,2,0,1,1,0,2,0,2
48,-52565.66937,-358468.1197,E48_F100_m45f45_P8_Y3_UO2149,I45_F6_m42f42_P99_Y0_UO2024,I45_F6_m23f23_P57_Y1_UO1135,FXX,4,0.0,1,0,1.0,0,0,0,-9999.0,0.75,1,P41_CV0,2,2,0,2,0,0,2,0,2
48,-52565.66937,-358468.1197,Age0_F48_m11f11_P48_Y7_UO652,I11_F49_m43f43_P48_Y2_UO2059,I11_F41_m85f85_P36_Y2_UO3982,MXY,0,0.0,0,0,0.0,0,0,0,0.0,0.25,1,P42_CV0,2,1,1,2,0,0,2,0,2
48,-52565.66937,-358468.1197,Age0_F48_m11f11_P48_Y7_UO655,ID11_F49_m100f100_P48_Y1_UO4424,I11_F48_m43f43_P48_Y0_UO2151,MXY,0,0.0,0,0,0.0,0,0,0,0.0,0.5,1,P42_CV0,2,1,1,2,0,0,2,0,2
48,-52565.66937,-358468.1197,Age0_F48_m31f31_P48_Y7_UO1523,I31_F68_m45f45_P57_Y0_UO2255,ID31_F8_m100f100_P68_Y5_UO4586,MXY,0,0.0,0,0,0.0,0,0,0,0.0,0.75,1,P42_CV0,2,2,0,1,1,0,2,0,2
48,-52565.66937,-358468.1197,Age0_F48_m43f43_P48_Y7_UO2077,I43_F41_m43f43_P49_Y5_UO2130,I43_F48_m-1f-1_P55_Y-1_U66,FXX,0,0.0,0,0,0.0,0,0,0,0.0,0.9375,1,P42_CV0,2,2,0,1,1,0,2,0,2
48,-52565.66937,-358468.1197,Age0_F48_m43f43_P48_Y7_UO2085,I43_F49_m100f100_P48_Y5_UO4607,I43_F49_m-1f-1_P73_Y-1_U83,FXX,0,0.0,0,0,0.0,0,0,0,0.0,0.25,1,P42_CV0,2,1,1,1,1,0,2,0,2
48,-52565.66937,-358468.1197,Age0_F48_m43f43_P48_Y7_UO2086,I43_F49_m43f43_P48_Y5_UO2110,ID43_F48_m100f100_P48_Y3_UO4569,FXX,0,0.0,0,0,0.0,0,0,0,0.0,0.375,1,P42_CV0,2,0,2,2,0,0,2,0,2
48,-52565.66937,-358468.1197,Age0_F48_m43f43_P48_Y7_UO2104,I43_F14_m43f43_P49_Y5_UO2080,ID43_F49_m-1f-1_P43_Y-1_U233,FXX,0,0.0,0,0,0.0,0,0,0,0.0,0.5,1,P42_CV0,2,0,2,2,0,0,2,0,2
48,-52565.66937,-358468.1197,Age0_F48_m43f43_P48_Y7_UO2144,I43_F48_m43f43_P48_Y2_UO2106,I43_F48_m100f100_P48_Y2_UO4553,FXX,0,0.0,0,0,0.0,0,0,0,0.0,0.625,1,P42_CV0,2,0,2,2,0,0,2,0,2
48,-52565.66937,-358468.1197,Age0_F48_m43f43_P48_Y7_UO2164,I43_F48_m43f43_P48_Y0_UO2202,I43_F49_m-1f-1_P73_Y-1_U83,MXY,0,0.0,0,0,0.0,0,0,0,0.0,0.25,1,P42_CV0,2,0,2,0,2,0,2,0,2
48,-52565.66937,-358468.1197,Age0_F48_m43f43_P48_Y7_UO2168,I43_F49_m-1f-1_P43_Y-1_U154,ID43_F48_m15f15_P41_Y5_UO817,FXX,0,0.0,0,0,0.0,0,0,0,0.0,0.84375,1,P42_CV0,2,2,0,0,2,0,2,0,2
48,-52565.66937,-358468.1197,Age0_F48_m43f43_P48_Y7_UO2177,I43_F49_m-1f-1_P43_Y-1_U178,I43_F48_m43f43_P49_Y2_UO2085,FXX,0,0.0,0,0,0.0,0,0,0,0.0,0.625,1,P42_CV0,2,1,1,1,1,0,2,0,2
48,-52565.66937,-358468.1197,Age0_F48_m43f43_P48_Y7_UO2180,ID43_F49_m-1f-1_P43_Y-1_U77,ID43_F49_m15f15_P41_Y0_UO800,MXY,0,0.0,0,0,0.0,0,0,0,0.0,0.375,1,P42_CV0,2,1,1,1,1,0,2,0,2
48,-52565.66937,-358468.1197,Age0_F48_m100f100_P48_Y7_UO4556,I100_F49_m43f43_P48_Y5_UO2117,ID100_F49_m85f85_P69_Y0_UO4244,FXX,0,0.0,0,0,0.0,0,0,0,0.0,0.3125,1,P42_CV0,2,0,2,0,2,0,2,0,2
48,-52565.66937,-358468.1197,Age0_F48_m100f100_P48_Y7_UO4568,I100_F8_m84f84_P8_Y4_UO3814,ID100_F49_m43f43_P49_Y2_UO2027,MXY,0,0.0,0,0,0.0,0,0,0,0.0,0.625,1,P42_CV0,2,2,0,1,1,0,2,0,2
48,-52565.66937,-358468.1197,Age0_F48_m100f100_P48_Y7_UO4576,I100_F48_m43f43_P49_Y4_UO2034,I100_F49_m100f100_P48_Y1_UO4381,MXY,0,0.0,0,0,0.0,0,0,0,0.0,0.53125,1,P42_CV0,2,0,2,0,2,0,2,0,2
48,-52565.66937,-358468.1197,Age0_F48_m100f100_P48_Y7_UO4583,I100_F48_m43f43_P48_Y3_UO2082,I100_F49_m43f43_P48_Y3_UO2078,FXX,0,0.0,0,0,0.0,0,0,0,0.0,0.6875,1,P42_CV0,2,1,1,2,0,0,2,0,2
48,-52565.66937,-358468.1197,Age0_F48_m100f100_P48_Y7_UO4588,I100_F48_m45f45_P8_Y3_UO2149,I100_F68_m-1f-1_P43_Y-1_U60,FXX,0,0.0,0,0,0.0,0,0,0,0.0,0.375,1,P42_CV0,2,1,1,2,0,0,2,0,2
48,-52565.66937,-358468.1197,Age0_F48_m100f100_P48_Y7_UO4591,I100_F49_m100f100_P48_Y2_UO4551,I100_F49_m100f100_P49_Y3_UO4543,MXY,0,0.0,0,0,0.0,0,0,0,0.0,0.4375,1,P42_CV0,2,1,1,1,1,0,2,0,2
48,-52565.66937,-358468.1197,Age0_F48_m100f100_P48_Y7_UO4594,I100_F48_m55f55_P41_Y2_UO2583,ID100_F49_m43f43_P49_Y2_UO2027,MXY,0,0.0,0,0,0.0,0,0,0,0.0,0.4375,1,P42_CV0,2,1,1,0,2,0,2,0,2
48,-52565.66937,-358468.1197,Age0_F48_m100f100_P48_Y7_UO4611,I100_F48_m-1f-1_P43_Y-1_U129,I100_F49_m43f43_P48_Y3_UO2078,FXX,0,0.0,0,0,0.0,0,0,0,0.0,0.8125,1,P42_CV0,2,2,0,0,2,0,2,0,2
48,-52565.66937,-358468.1197,Age0_F48_m100f100_P48_Y7_UO4613,I100_F49_m-1f-1_P100_Y-1_U27,I100_F49_m100f100_P49_Y3_UO4575,FXX,0,0.0,0,0,0.0,0,0,0,0.0,0.5,1,P42_CV0,2,0,2,1,1,0,2,0,2
48,-52565.66937,-358468.1197,E48_F11_m43f43_P48_Y6_UO2184,ID43_F49_m-1f-1_P43_Y-1_U9,ID43_F49_m60f60_P49_Y3_UO2867,MXY,1,0.0,1,1,0.0,0,0,0,-9999.0,0.125,1,P42_CV0,2,0,2,1,1,0,2,0,2
48,-52565.66937,-358468.1197,E48_F43_m43f43_P48_Y6_UO2131,I43_F48_m100f100_P48_Y3_UO4515,I43_F49_m-1f-1_P43_Y-1_U66,FXX,1,0.0,1,1,1.0,0,0,0,-9999.0,0.625,1,P42_CV0,2,1,1,1,1,0,2,0,2
48,-52565.66937,-358468.1197,E48_F43_m100f100_P48_Y6_UO4665,I100_F49_m-1f-1_P100_Y-1_U79,I100_F49_m43f43_P48_Y2_UO2050,FXX,1,0.0,1,1,1.0,0,0,0,-9999.0,0.5625,1,P42_CV0,2,2,0,1,1,0,2,0,2
48,-52565.66937,-358468.1197,E48_F43_m43f43_P49_Y6_UO2133,I43_F49_m11f11_P48_Y3_UO618,I43_F49_m43f43_P49_Y4_UO2098,FXX,1,0.0,1,1,1.0,0,0,0,-9999.0,0.375,1,P42_CV0,2,1,1,1,1,0,2,0,2
48,-52565.66937,-358468.1197,E48_F43_m43f43_P49_Y6_UO2140,I43_F14_m55f55_P48_Y3_UO2536,I43_F49_m15f15_P41_Y4_UO837,FXX,1,0.0,1,1,1.0,0,0,0,-9999.0,0.71875,1,P42_CV0,2,1,1,2,0,0,2,0,2
48,-52565.66937,-358468.1197,E48_F43_m100f100_P49_Y6_UO4599,I100_F48_m100f100_P48_Y4_UO4611,I100_F8_m43f43_P48_Y0_UO2126,FXX,1,0.0,1,1,1.0,0,0,0,-9999.0,0.5,1,P42_CV0,2,1,1,1,1,0,2,0,2
48,-52565.66937,-358468.1197,E48_F43_m100f100_P49_Y6_UO4603,ID100_F41_m43f43_P49_Y4_UO2069,I100_F48_m43f43_P49_Y4_UO2109,MXY,1,0.0,1,1,0.0,0,0,0,-9999.0,0.5625,1,P42_CV0,2,0,2,2,0,0,2,0,2
48,-52565.66937,-358468.1197,E48_F100_m43f43_P48_Y6_UO2134,I43_F48_m43f43_P49_Y3_UO2128,I43_F48_m15f15_P48_Y0_UO814,FXX,1,0.0,1,1,1.0,0,0,0,-9999.0,0.6875,1,P42_CV0,2,2,0,1,1,0,2,0,2
48,-52565.66937,-358468.1197,E48_F100_m43f43_P48_Y6_UO2171,ID43_F48_m43f43_P48_Y0_UO2190,I43_F48_m15f15_P89_Y4_UO836,FXX,1,0.0,1,1,1.0,0,0,0,-9999.0,1.0,1,P42_CV0,2,2,0,1,1,0,2,0,2
48,-52565.66937,-358468.1197,E48_F100_m43f43_P48_Y6_UO2172,I43_F41_m55f55_P89_Y0_UO2801,I43_F49_m-1f-1_P43_Y-1_U95,MXY,1,0.0,1,1,0.0,0,0,0,-9999.0,0.875,1,P42_CV0,2,1,1,1,1,0,2,0,2
48,-52565.66937,-358468.1197,E48_F100_m100f100_P48_Y6_UO4626,ID100_F48_m100f100_P49_Y2_UO4581,ID100_F49_m100f100_P48_Y4_UO4577,MXY,1,0.0,1,1,0.0,0,0,0,-9999.0,0.6875,1,P42_CV0,2,2,0,2,0,0,2,0,2
48,-52565.66937,-358468.1197,E48_F100_m43f43_P49_Y6_UO2119,ID43_F49_m15f15_P89_Y4_UO862,I43_F49_m43f43_P49_Y3_UO2104,FXX,1,0.0,1,1,1.0,0,0,0,-9999.0,0.625,1,P42_CV0,2,2,0,1,1,0,2,0,2
48,-52565.66937,-358468.1197,E48_F100_m43f43_P49_Y6_UO2160,I43_F48_m43f43_P49_Y1_UO1967,ID43_F49_m43f43_P49_Y2_UO2085,FXX,1,0.0,1,1,1.0,0,0,0,-9999.0,0.5,1,P42_CV0,2,1,1,0,2,0,2,0,2
48,-52565.66937,-358468.1197,E48_F100_m100f100_P49_Y6_UO4598,ID100_F49_m100f100_P48_Y4_UO4541,I100_F49_m43f43_P48_Y0_UO2186,FXX,1,0.0,1,1,1.0,0,0,0,-9999.0,0.3125,1,P42_CV0,2,2,0,1,1,0,2,0,2
48,-52565.66937,-358468.1197,E48_F100_m100f100_P49_Y6_UO4668,ID100_F48_m-1f-1_P84_Y-1_U84,ID100_F68_m100f100_P49_Y4_UO4558,MXY,1,0.0,1,1,0.0,0,0,0,-9999.0,0.1875,1,P42_CV0,2,1,1,0,2,0,2,0,2
48,-52565.66937,-358468.1197,E48_F43_m43f43_P48_Y5_UO2126,I43_F48_m-1f-1_P43_Y-1_U33,I43_F48_m-1f-1_P43_Y-1_U66,FXX,2,0.0,1,0,1.0,0,0,0,-9999.0,0.5,1,P42_CV0,2,1,1,1,1,0,2,0,2
48,-52565.66937,-358468.1197,E48_F43_m43f43_P49_Y5_UO2130,I43_F49_m-1f-1_P43_Y-1_U8,I43_F49_m43f43_P48_Y2_UO2098,FXX,2,0.0,1,0,1.0,0,0,0,-9999.0,0.875,1,P42_CV0,2,2,0,2,0,0,2,0,2
48,-52565.66937,-358468.1197,E48_F43_m100f100_P48_Y5_UO4607,ID100_F49_m-1f-1_P11_Y-1_U111,ID100_F48_m43f43_P48_Y2_UO2066,FXX,2,0.0,1,0,1.0,0,0,0,-9999.0,0.5,1,P42_CV0,2,2,0,1,1,0,2,0,2
48,-52565.66937,-358468.1197,E48_F43_m43f43_P48_Y5_UO2110,I43_F48_m11f11_P49_Y1_UO535,I43_F49_m-1f-1_P43_Y-1_U60,FXX,2,0.0,1,0,1.0,0,0,0,-9999.0,0.0,1,P42_CV0,2,0,2,2,0,0,2,0,2
48,-52565.66937,-358468.1197,E48_F43_m43f43_P49_Y5_UO2080,I43_F48_m43f43_P48_Y3_UO2105,I43_F48_m15f15_P14_Y2_UO808,FXX,2,0.0,1,0,1.0,0,0,0,-9999.0,0.5,1,P42_CV0,2,0,2,2,0,0,2,0,2
48,-52565.66937,-358468.1197,E48_F43_m43f43_P48_Y5_UO2096,ID43_F14_m55f55_P41_Y2_UO2583,ID43_F48_m100f100_P49_Y2_UO4570,FXX,2,0.0,1,0,1.0,0,0,0,-9999.0,0.4375,1,P42_CV0,2,1,1,2,0,0,2,0,2
48,-52565.66937,-358468.1197,E48_F100_m43f43_P48_Y5_UO2117,I43_F49_m43f43_P49_Y0_UO2205,I43_F41_m-1f-1_P15_Y-1_U36,FXX,2,0.0,1,0,1.0,0,0,0,-9999.0,0.125,1,P42_CV0,2,0,2,1,1,0,2,0,2
48,-52565.66937,-358468.1197,E48_F100_m100f100_P48_Y5_UO4612,I100_F49_m-1f-1_P100_Y-1_U244,I100_F49_m-1f-1_P43_Y-1_U168,MXY,2,0.0,1,0,0.0,0,0,0,-9999.0,0.0,1,P42_CV0,2,0,2,1,1,0,2,0,2
48,-52565.66937,-358468.1197,E48_F100_m43f43_P49_Y5_UO2085,I43_F48_m15f15_P41_Y2_UO827,I43_F48_m43f43_P49_Y3_UO2104,MXY,2,0.0,1,0,0.0,0,0,0,-9999.0,0.625,1,P42_CV0,2,2,0,1,1,0,2,0,2
48,-52565.66937,-358468.1197,E48_F100_m43f43_P48_Y5_UO2107,ID43_F48_m43f43_P49_Y1_UO1967,I43_F48_m-1f-1_P73_Y-1_U46,MXY,2,0.0,1,0,0.0,0,0,0,-9999.0,0.125,1,P42_CV0,2,0,2,1,1,0,2,0,2
48,-52565.66937,-358468.1197,E48_F100_m43f43_P49_Y5_UO2079,I43_F49_m11f11_P48_Y3_UO618,I43_F49_m-1f-1_P43_Y-1_U60,MXY,2,0.0,1,0,0.0,0,0,0,-9999.0,0.125,1,P42_CV0,2,0,2,1,1,0,2,0,2
48,-52565.66937,-358468.1197,E48_F43_m100f100_P49_Y4_UO4558,I100_F48_m100f100_P48_Y2_UO4585,I100_F49_m43f43_P48_Y0_UO2186,MXY,3,0.0,1,0,0.0,0,0,0,-9999.0,0.375,1,P42_CV0,2,2,0,0,2,0,2,0,2
48,-52565.66937,-358468.1197,E48_F43_m43f43_P49_Y4_UO2098,I43_F49_m-1f-1_P43_Y-1_U249,I43_F49_m100f100_P49_Y0_UO4938,MXY,3,0.0,1,0,0.0,0,0,0,-9999.0,0.5,1,P42_CV0,2,1,1,1,1,0,2,0,2
48,-52565.66937,-358468.1197,E48_F100_m43f43_P48_Y4_UO2090,I43_F41_m-1f-1_P43_Y-1_U33,I43_F48_m15f15_P14_Y2_UO776,MXY,3,0.0,1,0,0.0,0,0,0,-9999.0,0.625,1,P42_CV0,2,1,1,2,0,0,2,0,2
48,-52565.66937,-358468.1197,E48_F100_m43f43_P49_Y4_UO2034,I43_F49_m100f100_P48_Y2_UO4620,I43_F48_m100f100_P48_Y1_UO4416,FXX,3,0.0,1,0,1.0,0,0,0,-9999.0,0.3125,1,P42_CV0,2,1,1,1,1,0,2,0,2
48,-52565.66937,-358468.1197,E48_F100_m43f43_P48_Y4_UO2054,I43_F48_m100f100_P48_Y1_UO4383,ID43_F49_m-1f-1_P43_Y-1_U160,MXY,3,0.0,1,0,0.0,0,0,0,-9999.0,0.25,1,P42_CV0,2,1,1,0,2,0,2,0,2
48,-52565.66937,-358468.1197,E48_F100_m100f100_P48_Y4_UO4570,I100_F48_m43f43_P48_Y1_UO1898,ID100_F8_m65f65_P68_Y1_UO2997,MXY,3,0.0,1,0,0.0,0,0,0,-9999.0,0.375,1,P42_CV0,2,1,1,1,1,0,2,0,2
48,-52565.66937,-358468.1197,E48_F43_m43f43_P49_Y3_UO2124,I43_F48_m-1f-1_P43_Y-1_U90,ID43_F49_m-1f-1_P43_Y-1_U95,FXX,4,0.0,1,0,1.0,0,0,0,-9999.0,0.5,1,P42_CV0,2,1,1,1,1,0,2,0,2
48,-52565.66937,-358468.1197,E48_F43_m43f43_P48_Y3_UO2075,I43_F48_m43f43_P48_Y0_UO2125,ID43_F49_m-1f-1_P43_Y-1_U136,FXX,4,0.0,1,0,1.0,0,0,0,-9999.0,0.75,1,P42_CV0,2,2,0,1,1,0,2,0,2
48,-52565.66937,-358468.1197,E48_F100_m43f43_P48_Y3_UO2082,I43_F41_m-1f-1_P43_Y-1_U140,I43_F48_m43f43_P49_Y0_UO2143,FXX,4,0.0,1,0,1.0,0,0,0,-9999.0,0.75,1,P42_CV0,2,1,1,1,1,0,2,0,2
48,-52565.66937,-358468.1197,E48_F100_m43f43_P48_Y3_UO2078,ID43_F68_m60f60_P48_Y0_UO3107,I43_F48_m-1f-1_P43_Y-1_U63,MXY,4,0.0,1,0,0.0,0,0,0,-9999.0,0.625,1,P42_CV0,2,2,0,1,1,0,2,0,2
48,-52565.66937,-358468.1197,E48_F11_m43f43_P48_Y2_UO2059,I43_F49_m-1f-1_P43_Y-1_U187,I43_F41_m-1f-1_P43_Y-1_U34,FXX,5,0.0,1,0,1.0,0,0,0,-9999.0,0.25,1,P42_CV0,2,1,1,1,1,0,2,0,2
48,-52565.66937,-358468.1197,E48_F43_m43f43_P48_Y2_UO2106,I43_F49_m-1f-1_P43_Y-1_U75,I43_F14_m-1f-1_P100_Y-1_U173,FXX,5,0.0,1,0,1.0,0,0,0,-9999.0,0.75,1,P42_CV0,2,1,1,1,1,0,2,0,2
48,-52565.66937,-358468.1197,E48_F43_m43f43_P49_Y2_UO2094,I43_F49_m-1f-1_P43_Y-1_U247,ID43_F48_m43f43_P48_Y0_UO2118,FXX,5,0.0,1,0,1.0,0,0,0,-9999.0,0.25,1,P42_CV0,2,1,1,0,2,0,2,0,2
48,-52565.66937,-358468.1197,E48_F100_m100f100_P48_Y2_UO4551,I100_F48_m43f43_P49_Y0_UO2140,I100_F48_m43f43_P49_Y0_UO2184,FXX,5,0.0,1,0,1.0,0,0,0,-9999.0,0.625,1,P42_CV0,2,1,1,0,2,0,2,0,2
48,-52565.66937,-358468.1197,E48_F100_m43f43_P49_Y2_UO2027,I43_F48_m11f11_P49_Y0_UO659,ID43_F48_m-1f-1_P43_Y-1_U233,MXY,5,0.0,1,0,0.0,0,0,0,-9999.0,0.625,1,P42_CV0,2,2,0,0,2,0,2,0,2
48,-52565.66937,-358468.1197,E48_F100_m55f55_P41_Y2_UO2583,I55_F41_m-1f-1_P43_Y-1_U238,ID55_F14_m-1f-1_P55_Y-1_U214,FXX,5,0.0,1,0,1.0,0,0,0,-9999.0,0.25,1,P42_CV0,2,0,2,1,1,0,2,0,2
48,-52565.66937,-358468.1197,E48_F100_m43f43_P48_Y2_UO2050,I43_F14_m43f43_P49_Y0_UO2169,ID43_F49_m-1f-1_P43_Y-1_U44,MXY,5,0.0,1,0,0.0,0,0,0,-9999.0,0.625,1,P42_CV0,2,1,1,1,1,0,2,0,2
48,-52565.66937,-358468.1197,E48_F43_m43f43_P48_Y1_UO1962,ID43_F48_m-1f-1_P43_Y-1_U197,I43_F48_m-1f-1_P43_Y-1_U102,FXX,6,0.0,1,0,1.0,0,0,0,-9999.0,0.5,1,P42_CV0,2,0,2,0,2,0,2,0,2
48,-52565.66937,-358468.1197,E48_F43_m43f43_P48_Y0_UO2154,R43_F43_m-1f-1_P43_Y-1_U83,R43_F43_m-1f-1_P43_Y-1_U176,MXY,7,0.0,1,0,0.0,0,0,0,-9999.0,0.5,1,P42_CV0,2,1,1,1,1,0,2,0,2
48,-52565.66937,-358468.1197,E48_F43_m43f43_P49_Y0_UO2189,R43_F43_m-1f-1_P43_Y-1_U158,R43_F43_m-1f-1_P43_Y-1_U108,MXY,7,0.0,1,0,0.0,0,0,0,-9999.0,0.75,1,P42_CV0,2,2,0,1,1,0,2,0,2
48,-52565.66937,-358468.1197,E48_F43_m43f43_P48_Y0_UO2202,R43_F43_m-1f-1_P43_Y-1_U197,R43_F43_m-1f-1_P43_Y-1_U147,FXX,7,0.0,1,0,1.0,0,0,0,-9999.0,0.5,1,P42_CV0,2,0,2,1,1,0,2,0,2
48,-52565.66937,-358468.1197,E48_F100_m43f43_P48_Y0_UO2119,R43_F43_m-1f-1_P43_Y-1_U12,R43_F43_m-1f-1_P43_Y-1_U44,FXX,7,0.0,1,0,1.0,0,0,0,-9999.0,0.5,1,P42_CV0,2,1,1,0,2,0,2,0,2
48,-52565.66937,-358468.1197,E48_F43_m-1f-1_P43_Y-1_U246,-9999,-9999,FXX,9,0.0,1,0,1.0,0,0,0,-9999.0,0.5,1,P42_CV0,2,1,1,1,1,0,2,0,2
48,-52565.66937,-358468.1197,E48_F43_m-1f-1_P43_Y-1_U154,-9999,-9999,FXX,9,0.0,1,0,1.0,0,0,0,-9999.0,1.0,1,P42_CV0,2,2,0,0,2,0,2,0,2
48,-52565.66937,-358468.1197,E48_F43_m-1f-1_P43_Y-1_U73,-9999,-9999,FXX,9,0.0,1,0,1.0,0,0,0,-9999.0,0.5,1,P42_CV0,2,1,1,1,1,0,2,0,2
48,-52565.66937,-358468.1197,E48_F100_m-1f-1_P43_Y-1_U98,-9999,-9999,MXY,9,0.0,1,0,0.0,0,0,0,-9999.0,1.0,1,P42_CV0,2,2,0,0,2,0,2,0,2
48,-52565.66937,-358468.1197,E48_F100_m-1f-1_P43_Y-1_U129,-9999,-9999,FXX,10,0.0,1,0,1.0,0,0,0,-9999.0,1.0,1,P42_CV0,2,2,0,1,1,0,2,0,2
48,-52565.66937,-358468.1197,E48_F100_m-1f-1_P43_Y-1_U168,-9999,-9999,MXY,11,0.0,1,0,0.0,0,0,0,-9999.0,0.0,1,P42_CV0,2,0,2,2,0,0,2,0,2
48,-52565.66937,-358468.1197,E48_F43_m-1f-1_P43_Y-1_U178,-9999,-9999,FXX,12,0.0,1,0,1.0,0,0,0,-9999.0,0.5,1,P42_CV0,2,1,1,1,1,0,2,0,2
48,-52565.66937,-358468.1197,E48_F43_m-1f-1_P43_Y-1_U37,-9999,-9999,MXY,13,0.0,1,0,0.0,0,0,0,-9999.0,0.5,1,P42_CV0,2,1,1,1,1,0,2,0,2
48,-52565.66937,-358468.1197,E48_F43_m-1f-1_P43_Y-1_U77,-9999,-9999,FXX,13,0.0,1,0,1.0,0,0,0,-9999.0,0.0,1,P42_CV0,2,0,2,1,1,0,2,0,2
48,-52565.66937,-358468.1197,E48_F43_m-1f-1_P43_Y-1_U197,-9999,-9999,FXX,14,0.0,1,0,1.0,0,0,0,-9999.0,0.5,1,P42_CV0,2,1,1,1,1,0,2,0,2
48,-52565.66937,-358468.1197,Age0_F48_m25f25_P48_Y7_UO1297,I25_F8_m25f25_P68_Y3_UO1304,I25_F69_m63f63_P68_Y4_UO2962,FXX,0,0.0,0,0,0.0,0,0,0,0.0,0.3125,1,P44_CV0,2,0,2,0,2,0,2,0,2
48,-52565.66937,-358468.1197,E48_F31_m45f45_P57_Y0_UO2255,R45_F45_m-1f-1_P45_Y-1_U66,R45_F45_m-1f-1_P45_Y-1_U138,FXX,7,0.0,1,0,1.0,0,0,0,-9999.0,0.75,1,P44_CV0,2,2,0,0,2,0,2,0,2
48,-52565.66937,-358468.1197,E48_F31_m-1f-1_P45_Y-1_U120,-9999,-9999,FXX,8,0.0,1,0,1.0,0,0,0,-9999.0,0.5,1,P44_CV0,2,1,1,1,1,0,2,0,2
48,-52565.66937,-358468.1197,E48_F84_m-1f-1_P45_Y-1_U7,-9999,-9999,MXY,13,0.0,1,0,0.0,0,0,0,-9999.0,1.0,1,P44_CV0,2,2,0,1,1,0,2,0,2
48,-52565.66937,-358468.1197,Age0_F48_m43f43_P48_Y7_UO2082,I43_F48_m43f43_P49_Y5_UO2069,I43_F41_m100f100_P49_Y3_UO4527,FXX,0,0.0,0,0,0.0,0,0,0,0.0,0.65625,1,P54_CV0,2,0,2,1,1,0,2,0,2
48,-52565.66937,-358468.1197,Age0_F48_m43f43_P48_Y7_UO2148,I43_F41_m55f55_P49_Y2_UO2598,I43_F49_m31f31_P48_Y3_UO1533,MXY,0,0.0,0,0,0.0,0,0,0,0.0,0.25,1,P54_CV0,2,1,1,1,1,0,2,0,2
48,-52565.66937,-358468.1197,Age0_F48_m43f43_P48_Y7_UO2159,I43_F41_m55f55_P41_Y0_UO2784,I43_F49_m15f15_P41_Y0_UO840,FXX,0,0.0,0,0,0.0,0,0,0,0.0,0.5,1,P54_CV0,2,1,1,1,1,0,2,0,2
48,-52565.66937,-358468.1197,Age0_F48_m100f100_P48_Y7_UO4586,I100_F48_m55f55_P49_Y3_UO2526,I100_F49_m43f43_P48_Y3_UO2078,MXY,0,0.0,0,0,0.0,0,0,0,0.0,0.4375,1,P54_CV0,2,2,0,1,1,0,2,0,2
48,-52565.66937,-358468.1197,E48_F43_m43f43_P49_Y6_UO2154,I43_F48_m11f11_P49_Y1_UO535,I43_F48_m55f55_P49_Y0_UO2770,MXY,1,0.0,1,1,0.0,0,0,0,-9999.0,0.25,1,P54_CV0,2,1,1,2,0,0,2,0,2
48,-52565.66937,-358468.1197,E48_F73_m73f73_P41_Y6_UO3420,I73_F89_m-1f-1_P55_Y-1_U37,ID73_F89_m55f55_P14_Y4_UO2571,FXX,1,0.0,1,1,1.0,0,0,0,-9999.0,0.59375,1,P54_CV0,2,1,1,2,0,0,2,0,2
48,-52565.66937,-358468.1197,E48_F100_m100f100_P48_Y6_UO4596,I100_F49_m11f11_P49_Y4_UO641,I100_F68_m-1f-1_P100_Y-1_U167,FXX,1,0.0,1,1,1.0,0,0,0,-9999.0,0.5,1,P54_CV0,2,2,0,1,1,0,2,0,2
48,-52565.66937,-358468.1197,E48_F43_m43f43_P49_Y5_UO2069,I43_F48_m55f55_P41_Y3_UO2516,I43_F49_m31f31_P49_Y0_UO1575,FXX,2,0.0,1,0,1.0,0,0,0,-9999.0,0.4375,1,P54_CV0,2,1,1,0,2,0,2,0,2
48,-52565.66937,-358468.1197,E48_F43_m15f15_P41_Y4_UO837,ID15_F89_m-1f-1_P73_Y-1_U96,I15_F41_m55f55_P89_Y2_UO2600,MXY,3,0.0,1,0,0.0,0,0,0,-9999.0,0.8125,1,P54_CV0,2,1,1,2,0,0,2,0,2
48,-52565.66937,-358468.1197,E48_F100_m11f11_P49_Y4_UO641,I11_F89_m-1f-1_P55_Y-1_U108,I11_F48_m-1f-1_P11_Y-1_U232,FXX,3,0.0,1,0,1.0,0,0,0,-9999.0,0.5,1,P54_CV0,2,1,1,1,1,0,2,0,2
48,-52565.66937,-358468.1197,E48_F100_m43f43_P48_Y4_UO2088,I43_F49_m-1f-1_P55_Y-1_U42,I43_F49_m100f100_P49_Y2_UO4570,FXX,3,0.0,1,0,1.0,0,0,0,-9999.0,0.8125,1,P54_CV0,2,2,0,1,1,0,2,0,2
48,-52565.66937,-358468.1197,E48_F100_m55f55_P49_Y3_UO2526,ID55_F41_m73f73_P14_Y1_UO3151,I55_F41_m55f55_P89_Y1_UO2475,FXX,4,0.0,1,0,1.0,0,0,0,-9999.0,0.25,1,P54_CV0,2,1,1,1,1,0,2,0,2
48,-52565.66937,-358468.1197,E48_F11_m55f55_P41_Y2_UO2611,I55_F89_m-1f-1_P55_Y-1_U128,I55_F41_m-1f-1_P55_Y-1_U16,MXY,5,0.0,1,0,0.0,0,0,0,-9999.0,0.75,1,P54_CV0,2,2,0,2,0,0,2,0,2
48,-52565.66937,-358468.1197,E48_F43_m55f55_P49_Y2_UO2598,I55_F41_m-1f-1_P55_Y-1_U10,ID55_F41_m100f100_P49_Y0_UO4905,FXX,5,0.0,1,0,1.0,0,0,0,-9999.0,0.25,1,P54_CV0,2,1,1,0,2,0,2,0,2
48,-52565.66937,-358468.1197,E48_F15_m55f55_P14_Y0_UO2763,R55_F55_m-1f-1_P55_Y-1_U94,R55_F55_m-1f-1_P55_Y-1_U178,MXY,7,0.0,1,0,0.0,0,0,0,-9999.0,0.5,1,P54_CV0,2,1,1,1,1,0,2,0,2
48,-52565.66937,-358468.1197,E48_F43_m55f55_P41_Y0_UO2784,R55_F55_m-1f-1_P55_Y-1_U151,R55_F55_m-1f-1_P55_Y-1_U199,FXX,7,0.0,1,0,1.0,0,0,0,-9999.0,0.75,1,P54_CV0,2,2,0,1,1,0,2,0,2
48,-52565.66937,-358468.1197,E48_F43_m55f55_P49_Y0_UO2770,R55_F55_m-1f-1_P55_Y-1_U107,R55_F55_m-1f-1_P55_Y-1_U2,MXY,7,0.0,1,0,0.0,0,0,0,-9999.0,0.5,1,P54_CV0,2,1,1,2,0,0,2,0,2
48,-52565.66937,-358468.1197,E48_F43_m-1f-1_P55_Y-1_U116,-9999,-9999,MXY,9,0.0,1,0,0.0,0,0,0,-9999.0,0.5,1,P54_CV0,2,1,1,1,1,0,2,0,2
48,-52565.66937,-358468.1197,E48_F43_m-1f-1_P55_Y-1_U66,-9999,-9999,MXY,14,0.0,1,0,0.0,0,0,0,-9999.0,1.0,1,P54_CV0,2,2,0,1,1,0,2,0,2
48,-52565.66937,-358468.1197,Age0_F48_m43f43_P48_Y7_UO2113,I43_F49_m100f100_P48_Y4_UO4583,I43_F49_m43f43_P49_Y5_UO2094,MXY,0,0.0,0,0,0.0,0,0,0,0.0,0.46875,1,P59_CV0,2,0,2,2,0,0,2,0,2
48,-52565.66937,-358468.1197,Age0_F48_m43f43_P48_Y7_UO2122,I43_F49_m60f60_P49_Y4_UO2813,I43_F48_m-1f-1_P15_Y-1_U169,MXY,0,0.0,0,0,0.0,0,0,0,0.0,0.59375,1,P59_CV0,2,2,0,0,2,0,2,0,2
48,-52565.66937,-358468.1197,Age0_F48_m100f100_P48_Y7_UO4577,I100_F49_m43f43_P48_Y4_UO2082,ID100_F49_m85f85_P69_Y0_UO4244,MXY,0,0.0,0,0,0.0,0,0,0,0.0,0.5625,1,P59_CV0,2,1,1,0,2,0,2,0,2
48,-52565.66937,-358468.1197,E48_F43_m43f43_P48_Y6_UO2192,I43_F49_m-1f-1_P60_Y-1_U228,I43_F49_m43f43_P48_Y2_UO2098,MXY,1,0.0,1,1,0.0,0,0,0,-9999.0,0.625,1,P59_CV0,2,2,0,1,1,0,2,0,2
48,-52565.66937,-358468.1197,E48_F43_m100f100_P49_Y6_UO4595,I100_F68_m43f43_P48_Y4_UO2082,I100_F48_m60f60_P49_Y1_UO2696,FXX,1,0.0,1,1,1.0,0,0,0,-9999.0,0.5625,1,P59_CV0,2,2,0,1,1,0,2,0,2
48,-52565.66937,-358468.1197,E48_F55_m100f100_P49_Y6_UO4649,I100_F48_m-1f-1_P84_Y-1_U78,ID100_F49_m43f43_P49_Y4_UO2111,FXX,1,0.0,1,1,1.0,0,0,0,-9999.0,0.125,1,P59_CV0,2,0,2,2,0,0,2,0,2
48,-52565.66937,-358468.1197,E48_F60_m39f39_P19_Y6_UO1917,ID39_F75_m-1f-1_P39_Y-1_U123,I39_F51_m60f60_P75_Y0_UO3076,MXY,1,0.0,1,1,0.0,0,0,0,-9999.0,0.875,1,P59_CV0,2,2,0,1,1,0,2,0,2
48,-52565.66937,-358468.1197,E48_F60_m60f60_P75_Y6_UO2790,I60_F75_m60f60_P75_Y4_UO2840,I60_F75_m-1f-1_P60_Y-1_U124,FXX,1,0.0,1,1,1.0,0,0,1,-9999.0,0.75,1,P59_CV0,2,2,0,1,1,0,2,0,2
48,-52565.66937,-358468.1197,E48_F100_m100f100_P48_Y6_UO4647,I100_F49_m31f31_P8_Y0_UO1557,I100_F49_m-1f-1_P60_Y-1_U109,MXY,1,0.0,1,1,0.0,0,0,0,-9999.0,0.375,1,P59_CV0,2,0,2,2,0,0,2,0,2
48,-52565.66937,-358468.1197,E48_F100_m43f43_P49_Y6_UO2100,I43_F48_m60f60_P49_Y4_UO2813,I43_F49_m15f15_P14_Y3_UO771,MXY,1,0.0,1,1,0.0,0,0,0,-9999.0,0.53125,1,P59_CV0,2,1,1,0,2,0,2,0,2
48,-52565.66937,-358468.1197,E48_F100_m43f43_P49_Y6_UO2107,ID43_F48_m100f100_P49_Y4_UO4569,ID43_F41_m43f43_P48_Y4_UO2032,MXY,1,0.0,1,1,0.0,0,0,0,-9999.0,0.5625,1,P59_CV0,2,1,1,1,1,0,2,0,2
48,-52565.66937,-358468.1197,E48_F43_m43f43_P49_Y5_UO2094,I43_F48_m11f11_P49_Y2_UO640,ID43_F41_m15f15_P41_Y3_UO761,MXY,2,0.0,1,0,0.0,0,0,0,-9999.0,0.5,1,P59_CV0,2,1,1,1,1,0,2,0,2
48,-52565.66937,-358468.1197,E48_F60_m60f60_P75_Y5_UO2780,I60_F14_m39f39_P75_Y3_UO1833,ID60_F75_m60f60_P75_Y3_UO2783,MXY,2,0.0,1,0,0.0,0,0,0,-9999.0,0.625,1,P59_CV0,2,2,0,2,0,0,2,0,2
48,-52565.66937,-358468.1197,E48_F43_m60f60_P49_Y4_UO2813,I60_F75_m39f39_P75_Y0_UO1834,I60_F75_m60f60_P75_Y2_UO2814,FXX,3,0.0,1,0,1.0,0,0,0,-9999.0,0.6875,1,P59_CV0,2,2,0,0,2,0,2,0,2
48,-52565.66937,-358468.1197,E48_F60_m60f60_P75_Y4_UO2817,I60_F75_m-1f-1_P60_Y-1_U220,ID60_F75_m100f100_P48_Y0_UO4912,MXY,3,0.0,1,0,0.0,0,0,0,-9999.0,0.125,1,P59_CV0,2,0,2,2,0,0,2,0,2
48,-52565.66937,-358468.1197,E48_F100_m43f43_P48_Y4_UO2082,ID43_F75_m60f60_P75_Y0_UO3110,I43_F48_m-1f-1_P43_Y-1_U233,FXX,3,0.0,1,0,1.0,0,0,0,-9999.0,0.625,1,P59_CV0,2,1,1,1,1,0,2,0,2
48,-52565.66937,-358468.1197,E48_F55_m60f60_P14_Y3_UO2796,ID60_F75_m60f60_P75_Y0_UO3103,I60_F75_m-1f-1_P60_Y-1_U248,FXX,4,0.0,1,0,1.0,0,0,0,-9999.0,0.5,1,P59_CV0,2,1,1,1,1,0,2,0,2
48,-52565.66937,-358468.1197,E48_F100_m60f60_P49_Y3_UO2794,ID60_F75_m60f60_P75_Y1_UO2771,I60_F75_m60f60_P75_Y0_UO3098,FXX,4,0.0,1,0,1.0,0,0,0,-9999.0,0.5,1,P59_CV0,2,2,0,1,1,0,2,0,2
48,-52565.66937,-358468.1197,Age0_F48_m11f11_P48_Y7_UO642,I11_F49_m73f73_P89_Y5_UO3356,ID11_F89_m65f65_P28_Y3_UO3093,MXY,0,0.0,0,0,0.0,0,0,0,0.0,0.5625,1,P62_CV0,2,1,1,1,1,0,2,0,2
48,-52565.66937,-358468.1197,Age0_F48_m25f25_P48_Y7_UO1273,ID25_F28_m63f63_P36_Y4_UO3058,I25_F68_m31f31_P8_Y5_UO1529,MXY,0,0.0,0,0,0.0,0,0,0,0.0,0.65625,1,P62_CV0,2,1,1,0,2,0,2,0,2
48,-52565.66937,-358468.1197,Age0_F48_m31f31_P48_Y7_UO1524,ID31_F68_m63f63_P68_Y0_UO3242,I31_F68_m100f100_P48_Y1_UO4352,FXX,0,0.0,0,0,0.0,0,0,0,0.0,0.625,1,P62_CV0,2,1,1,0,2,0,2,0,2
48,-52565.66937,-358468.1197,Age0_F48_m100f100_P48_Y7_UO4616,I100_F8_m-1f-1_P100_Y-1_U199,I100_F48_m63f63_P68_Y2_UO3062,MXY,0,0.0,0,0,0.0,0,0,0,0.0,0.625,1,P62_CV0,2,0,2,1,1,0,2,0,2
48,-52565.66937,-358468.1197,E48_F25_m31f31_P69_Y6_UO1497,I31_F8_m65f65_P8_Y3_UO3149,ID31_F8_m45f45_P68_Y4_UO2180,FXX,1,0.0,1,1,1.0,0,0,0,-9999.0,0.25,1,P62_CV0,2,0,2,0,2,0,2,0,2
48,-52565.66937,-358468.1197,E48_F31_m31f31_P68_Y6_UO1505,I31_F68_m25f25_P8_Y3_UO1256,I31_F8_m63f63_P68_Y0_UO3257,MXY,1,0.0,1,1,0.0,0,0,0,-9999.0,0.6875,1,P62_CV0,2,1,1,1,1,0,2,0,2
48,-52565.66937,-358468.1197,E48_F43_m100f100_P48_Y6_UO4592,ID100_F41_m100f100_P49_Y4_UO4590,I100_F48_m63f63_P68_Y1_UO2878,FXX,1,0.0,1,1,1.0,0,0,0,-9999.0,0.5625,1,P62_CV0,2,1,1,1,1,0,2,0,2
48,-52565.66937,-358468.1197,E48_F100_m31f31_P48_Y6_UO1564,I31_F68_m-1f-1_P63_Y-1_U32,I31_F8_m31f31_P8_Y4_UO1485,MXY,1,0.0,1,1,0.0,0,0,0,-9999.0,0.75,1,P62_CV0,2,1,1,1,1,0,2,0,2
48,-52565.66937,-358468.1197,E48_F25_m63f63_P36_Y4_UO3058,I63_F68_m-1f-1_P63_Y-1_U51,ID63_F8_m-1f-1_P25_Y-1_U100,FXX,3,0.0,1,0,1.0,0,0,0,-9999.0,0.5,1,P62_CV0,2,1,1,1,1,0,2,0,2
48,-52565.66937,-358468.1197,E48_F63_m63f63_P98_Y4_UO3029,I63_F69_m-1f-1_P63_Y-1_U103,I63_F68_m84f84_P8_Y2_UO3848,FXX,3,0.0,1,0,1.0,0,0,0,-9999.0,0.5625,1,P62_CV0,2,1,1,1,1,0,2,0,2
48,-52565.66937,-358468.1197,E48_F100_m63f63_P68_Y2_UO3062,I63_F8_m-1f-1_P63_Y-1_U54,I63_F8_m84f84_P68_Y0_UO4169,MXY,5,0.0,1,0,0.0,0,0,0,-9999.0,0.75,1,P62_CV0,2,1,1,1,1,0,2,0,2
48,-52565.66937,-358468.1197,E48_F31_m63f63_P68_Y0_UO3242,R63_F63_m-1f-1_P63_Y-1_U43,R63_F63_m-1f-1_P63_Y-1_U134,FXX,7,0.0,1,0,1.0,0,0,0,-9999.0,0.25,1,P62_CV0,2,0,2,1,1,0,2,0,2
48,-52565.66937,-358468.1197,Age0_F48_m43f43_P48_Y7_UO2167,I43_F48_m-1f-1_P43_Y-1_U246,ID43_F69_m65f65_P8_Y4_UO3085,FXX,0,0.0,0,0,0.0,0,0,0,0.0,0.3125,1,P64_CV0,2,1,1,1,1,0,2,0,2
48,-52565.66937,-358468.1197,E48_F31_m63f63_P8_Y6_UO3067,I63_F8_m65f65_P69_Y1_UO2959,I63_F98_m84f84_P8_Y3_UO3825,FXX,1,0.0,1,1,1.0,0,0,0,-9999.0,0.25,1,P64_CV0,2,1,1,1,1,0,2,0,2
48,-52565.66937,-358468.1197,E48_F100_m25f25_P49_Y6_UO1258,ID25_F69_m65f65_P69_Y4_UO3102,I25_F49_m85f85_P2_Y4_UO3988,FXX,1,0.0,1,1,1.0,0,0,0,-9999.0,0.34375,1,P64_CV0,2,0,2,1,1,0,2,0,2
48,-52565.66937,-358468.1197,E48_F100_m25f25_P68_Y6_UO1345,ID25_F8_m-1f-1_P100_Y-1_U210,I25_F68_m65f65_P36_Y3_UO3075,MXY,1,0.0,1,1,0.0,0,0,0,-9999.0,0.4375,1,P64_CV0,2,0,2,1,1,0,2,0,2
48,-52565.66937,-358468.1197,E48_F43_m65f65_P8_Y4_UO3085,I65_F8_m65f65_P98_Y2_UO3146,ID65_F36_m-1f-1_P85_Y-1_U196,MXY,3,0.0,1,0,0.0,0,0,0,-9999.0,0.125,1,P64_CV0,2,0,2,0,2,0,2,0,2
48,-52565.66937,-358468.1197,E48_F25_m65f65_P28_Y3_UO3151,I65_F98_m-1f-1_P65_Y-1_U183,I65_F98_m-1f-1_P65_Y-1_U145,MXY,4,0.0,1,0,0.0,0,0,0,-9999.0,0.0,1,P64_CV0,2,0,2,2,0,0,2,0,2
48,-52565.66937,-358468.1197,Age0_F48_m11f11_P48_Y7_UO678,I11_F48_m-1f-1_P11_Y-1_U176,I11_F49_m73f73_P89_Y4_UO3313,MXY,0,0.0,0,0,0.0,0,0,0,0.0,0.5625,1,P72_CV0,2,1,1,2,0,0,2,0,2
48,-52565.66937,-358468.1197,Age0_F48_m11f11_P48_Y7_UO680,I11_F49_m-1f-1_P11_Y-1_U27,ID11_F89_m15f15_P14_Y5_UO800,MXY,0,0.0,0,0,0.0,0,0,0,0.0,0.59375,1,P72_CV0,2,1,1,1,1,0,2,0,2
48,-52565.66937,-358468.1197,Age0_F48_m43f43_P48_Y7_UO2081,ID43_F41_m15f15_P14_Y5_UO818,I43_F48_m-1f-1_P43_Y-1_U37,MXY,0,0.0,0,0,0.0,0,0,0,0.0,0.5,1,P72_CV0,2,1,1,1,1,0,2,0,2
48,-52565.66937,-358468.1197,Age0_F48_m43f43_P48_Y7_UO2083,I43_F48_m73f73_P89_Y5_UO3313,ID43_F48_m100f100_P48_Y3_UO4569,MXY,0,0.0,0,0,0.0,0,0,0,0.0,0.625,1,P72_CV0,2,0,2,1,1,0,2,0,2
48,-52565.66937,-358468.1197,Age0_F48_m43f43_P48_Y7_UO2093,I43_F48_m100f100_P49_Y5_UO4560,I43_F49_m43f43_P49_Y5_UO2061,MXY,0,0.0,0,0,0.0,0,0,0,0.0,0.5,1,P72_CV0,2,1,1,0,2,0,2,0,2
48,-52565.66937,-358468.1197,Age0_F48_m43f43_P48_Y7_UO2103,I43_F41_m15f15_P41_Y5_UO865,I43_F49_m43f43_P49_Y5_UO2100,MXY,0,0.0,0,0,0.0,0,0,0,0.0,0.40625,1,P72_CV0,2,1,1,1,1,0,2,0,2
48,-52565.66937,-358468.1197,Age0_F48_m43f43_P48_Y7_UO2147,ID43_F41_m43f43_P49_Y2_UO2094,I43_F14_m73f73_P89_Y0_UO3544,MXY,0,0.0,0,0,0.0,0,0,0,0.0,0.25,1,P72_CV0,2,1,1,1,1,0,2,0,2
48,-52565.66937,-358468.1197,Age0_F48_m43f43_P48_Y7_UO2154,I43_F49_m55f55_P14_Y1_UO2509,I43_F49_m43f43_P48_Y3_UO2039,FXX,0,0.0,0,0,0.0,0,0,0,0.0,0.5,1,P72_CV0,2,1,1,1,1,0,2,0,2
48,-52565.66937,-358468.1197,Age0_F48_m43f43_P48_Y7_UO2169,I43_F48_m-1f-1_P73_Y-1_U11,I43_F48_m73f73_P14_Y2_UO3356,FXX,0,0.0,0,0,0.0,0,0,0,0.0,0.75,1,P72_CV0,2,2,0,1,1,0,2,0,2
48,-52565.66937,-358468.1197,Age0_F48_m43f43_P48_Y7_UO2181,I43_F48_m-1f-1_P43_Y-1_U197,I43_F49_m43f43_P49_Y5_UO2100,MXY,0,0.0,0,0,0.0,0,0,0,0.0,0.5,1,P72_CV0,2,0,2,1,1,0,2,0,2
48,-52565.66937,-358468.1197,Age0_F48_m73f73_P48_Y7_UO3384,ID73_F48_m15f15_P89_Y1_UO724,I73_F41_m-1f-1_P73_Y-1_U138,MXY,0,0.0,0,0,0.0,0,0,0,0.0,0.625,1,P72_CV0,2,2,0,2,0,0,2,0,2
48,-52565.66937,-358468.1197,Age0_F48_m100f100_P48_Y7_UO4585,I100_F68_m60f60_P49_Y3_UO2794,I100_F49_m43f43_P49_Y5_UO2108,MXY,0,0.0,0,0,0.0,0,0,0,0.0,0.6875,1,P72_CV0,2,2,0,1,1,0,2,0,2
48,-52565.66937,-358468.1197,Age0_F48_m100f100_P48_Y7_UO4608,I100_F49_m-1f-1_P84_Y-1_U78,ID100_F14_m55f55_P41_Y5_UO2630,MXY,0,0.0,0,0,0.0,0,0,0,0.0,0.0,1,P72_CV0,2,0,2,2,0,0,2,0,2
48,-52565.66937,-358468.1197,E48_F43_m15f15_P41_Y6_UO840,ID15_F41_m11f11_P89_Y2_UO628,ID15_F89_m55f55_P89_Y4_UO2580,FXX,1,0.0,1,1,1.0,0,0,0,-9999.0,0.625,1,P72_CV0,2,1,1,2,0,0,2,0,2
48,-52565.66937,-358468.1197,E48_F43_m73f73_P41_Y6_UO3354,ID73_F89_m15f15_P89_Y3_UO786,ID73_F14_m55f55_P89_Y2_UO2560,FXX,1,0.0,1,1,1.0,0,0,0,-9999.0,0.4375,1,P72_CV0,2,2,0,2,0,0,2,0,2
48,-52565.66937,-358468.1197,E48_F43_m73f73_P48_Y6_UO3389,I73_F41_m15f15_P89_Y1_UO724,I73_F89_m-1f-1_P73_Y-1_U20,MXY,1,0.0,1,1,0.0,0,0,0,-9999.0,0.625,1,P72_CV0,2,1,1,2,0,0,2,0,2
48,-52565.66937,-358468.1197,E48_F43_m11f11_P49_Y6_UO673,I11_F48_m-1f-1_P11_Y-1_U99,ID11_F89_m73f73_P41_Y1_UO3160,FXX,1,0.0,1,1,1.0,0,0,0,-9999.0,0.25,1,P72_CV0,2,0,2,1,1,0,2,0,2
48,-52565.66937,-358468.1197,E48_F43_m43f43_P49_Y6_UO2124,I43_F49_m43f43_P48_Y4_UO2063,I43_F48_m55f55_P49_Y0_UO2770,FXX,1,0.0,1,1,1.0,0,0,0,-9999.0,0.5625,1,P72_CV0,2,0,2,2,0,0,2,0,2
48,-52565.66937,-358468.1197,E48_F43_m55f55_P89_Y6_UO2623,I55_F41_m55f55_P89_Y1_UO2493,I55_F89_m15f15_P14_Y2_UO798,MXY,1,0.0,1,1,0.0,0,0,0,-9999.0,0.5,1,P72_CV0,2,2,0,1,1,0,2,0,2
48,-52565.66937,-358468.1197,E48_F43_m73f73_P89_Y6_UO3399,I73_F89_m73f73_P89_Y0_UO3542,ID73_F89_m11f11_P89_Y2_UO597,FXX,1,0.0,1,1,1.0,0,0,0,-9999.0,0.5,1,P72_CV0,2,1,1,2,0,0,2,0,2
48,-52565.66937,-358468.1197,E48_F55_m55f55_P89_Y6_UO2569,ID55_F41_m55f55_P89_Y4_UO2558,I55_F89_m15f15_P41_Y4_UO792,FXX,1,0.0,1,1,1.0,0,0,0,-9999.0,0.4375,1,P72_CV0,2,0,2,0,2,0,2,0,2
48,-52565.66937,-358468.1197,E48_F100_m43f43_P49_Y6_UO2114,I43_F49_m15f15_P41_Y4_UO777,I43_F49_m100f100_P49_Y2_UO4570,FXX,1,0.0,1,1,1.0,0,0,0,-9999.0,0.5,1,P72_CV0,2,1,1,1,1,0,2,0,2
48,-52565.66937,-358468.1197,E48_F100_m43f43_P49_Y6_UO2185,ID43_F49_m-1f-1_P11_Y-1_U211,ID43_F89_m55f55_P41_Y4_UO2585,FXX,1,0.0,1,1,1.0,0,0,0,-9999.0,0.375,1,P72_CV0,2,0,2,1,1,0,2,0,2
48,-52565.66937,-358468.1197,E48_F100_m55f55_P89_Y6_UO2575,I55_F89_m55f55_P41_Y4_UO2556,I55_F14_m55f55_P41_Y4_UO2534,FXX,1,0.0,1,1,1.0,0,0,0,-9999.0,0.3125,1,P72_CV0,2,0,2,1,1,0,2,0,2
48,-52565.66937,-358468.1197,E48_F11_m73f73_P89_Y5_UO3356,I73_F14_m-1f-1_P55_Y-1_U179,I73_F41_m73f73_P89_Y1_UO3164,FXX,2,0.0,1,0,1.0,0,0,0,-9999.0,0.5,1,P72_CV0,2,1,1,2,0,0,2,0,2
48,-52565.66937,-358468.1197,E48_F43_m15f15_P14_Y5_UO818,I15_F89_m55f55_P41_Y2_UO2589,ID15_F89_m11f11_P48_Y2_UO635,FXX,2,0.0,1,0,1.0,0,0,0,-9999.0,0.5,1,P72_CV0,2,1,1,0,2,0,2,0,2
48,-52565.66937,-358468.1197,E48_F43_m73f73_P89_Y5_UO3313,I73_F89_m15f15_P89_Y3_UO786,I73_F89_m55f55_P89_Y3_UO2558,FXX,2,0.0,1,0,1.0,0,0,0,-9999.0,0.5,1,P72_CV0,2,1,1,1,1,0,2,0,2
48,-52565.66937,-358468.1197,E48_F43_m100f100_P49_Y5_UO4547,I100_F48_m43f43_P48_Y3_UO2067,ID100_F49_m-1f-1_P100_Y-1_U73,FXX,2,0.0,1,0,1.0,0,0,0,-9999.0,0.625,1,P72_CV0,2,2,0,0,2,0,2,0,2
48,-52565.66937,-358468.1197,E48_F43_m100f100_P49_Y5_UO4560,ID100_F48_m55f55_P49_Y3_UO2526,ID100_F49_m73f73_P41_Y1_UO3119,FXX,2,0.0,1,0,1.0,0,0,0,-9999.0,0.5,1,P72_CV0,2,1,1,0,2,0,2,0,2
48,-52565.66937,-358468.1197,E48_F43_m43f43_P49_Y5_UO2100,I43_F14_m55f55_P14_Y1_UO2509,I43_F14_m-1f-1_P43_Y-1_U226,MXY,2,0.0,1,0,0.0,0,0,0,-9999.0,0.5,1,P72_CV0,2,1,1,2,0,0,2,0,2
48,-52565.66937,-358468.1197,E48_F43_m15f15_P41_Y5_UO817,I15_F89_m15f15_P14_Y2_UO795,I15_F41_m15f15_P41_Y3_UO800,MXY,2,0.0,1,0,0.0,0,0,0,-9999.0,0.6875,1,P72_CV0,2,2,0,1,1,0,2,0,2
48,-52565.66937,-358468.1197,E48_F43_m15f15_P41_Y5_UO865,I15_F49_m-1f-1_P15_Y-1_U221,I15_F89_m15f15_P89_Y3_UO782,FXX,2,0.0,1,0,1.0,0,0,0,-9999.0,0.3125,1,P72_CV0,2,0,2,1,1,0,2,0,2
48,-52565.66937,-358468.1197,E48_F43_m100f100_P48_Y5_UO4582,I100_F48_m31f31_P48_Y2_UO1496,ID100_F49_m73f73_P41_Y1_UO3119,MXY,2,0.0,1,0,0.0,0,0,0,-9999.0,0.5,1,P72_CV0,2,1,1,1,1,0,2,0,2
48,-52565.66937,-358468.1197,E48_F100_m55f55_P41_Y5_UO2630,I55_F49_m-1f-1_P55_Y-1_U110,I55_F89_m-1f-1_P73_Y-1_U87,MXY,2,0.0,1,0,0.0,0,0,0,-9999.0,0.0,1,P72_CV0,2,0,2,1,1,0,2,0,2
48,-52565.66937,-358468.1197,E48_F43_m15f15_P89_Y4_UO783,I15_F89_m15f15_P14_Y2_UO795,I15_F89_m43f43_P41_Y2_UO2105,MXY,3,0.0,1,0,0.0,0,0,0,-9999.0,0.625,1,P72_CV0,2,0,2,2,0,0,2,0,2
48,-52565.66937,-358468.1197,E48_F43_m43f43_P49_Y4_UO2066,I43_F49_m60f60_P14_Y1_UO2710,ID43_F41_m-1f-1_P73_Y-1_U46,MXY,3,0.0,1,0,0.0,0,0,0,-9999.0,0.25,1,P72_CV0,2,1,1,1,1,0,2,0,2
48,-52565.66937,-358468.1197,E48_F55_m55f55_P41_Y4_UO2534,I55_F41_m73f73_P41_Y1_UO3188,I55_F89_m73f73_P41_Y1_UO3152,MXY,3,0.0,1,0,0.0,0,0,0,-9999.0,0.5,1,P72_CV0,2,1,1,1,1,0,2,0,2
48,-52565.66937,-358468.1197,E48_F100_m55f55_P41_Y4_UO2585,ID55_F89_m-1f-1_P73_Y-1_U135,I55_F14_m-1f-1_P55_Y-1_U49,MXY,3,0.0,1,0,0.0,0,0,0,-9999.0,0.25,1,P72_CV0,2,0,2,2,0,0,2,0,2
48,-52565.66937,-358468.1197,E48_F100_m73f73_P41_Y2_UO3331,ID73_F41_m-1f-1_P73_Y-1_U119,I73_F14_m-1f-1_P73_Y-1_U30,MXY,5,0.0,1,0,0.0,0,0,0,-9999.0,0.5,1,P72_CV0,2,0,2,1,1,0,2,0,2
48,-52565.66937,-358468.1197,E48_F100_m15f15_P89_Y2_UO793,ID15_F41_m-1f-1_P73_Y-1_U11,I15_F89_m-1f-1_P15_Y-1_U233,MXY,5,0.0,1,0,0.0,0,0,0,-9999.0,0.75,1,P72_CV0,2,1,1,2,0,0,2,0,2
48,-52565.66937,-358468.1197,E48_F11_m73f73_P41_Y1_UO3160,ID73_F41_m-1f-1_P73_Y-1_U126,I73_F89_m-1f-1_P73_Y-1_U134,MXY,6,0.0,1,0,0.0,0,0,0,-9999.0,0.5,1,P72_CV0,2,1,1,2,0,0,2,0,2
48,-52565.66937,-358468.1197,E48_F43_m55f55_P14_Y1_UO2509,ID55_F41_m-1f-1_P73_Y-1_U89,I55_F89_m-1f-1_P55_Y-1_U202,FXX,6,0.0,1,0,1.0,0,0,0,-9999.0,0.5,1,P72_CV0,2,1,1,1,1,0,2,0,2
48,-52565.66937,-358468.1197,E48_F43_m73f73_P89_Y0_UO3544,R73_F73_m-1f-1_P73_Y-1_U53,R73_F73_m-1f-1_P73_Y-1_U85,MXY,7,0.0,1,0,0.0,0,0,0,-9999.0,0.25,1,P72_CV0,2,1,1,1,1,0,2,0,2
48,-52565.66937,-358468.1197,E48_F43_m-1f-1_P73_Y-1_U11,-9999,-9999,FXX,9,0.0,1,0,1.0,0,0,0,-9999.0,1.0,1,P72_CV0,2,2,0,2,0,0,2,0,2
48,-52565.66937,-358468.1197,E48_F73_m-1f-1_P73_Y-1_U138,-9999,-9999,MXY,11,0.0,1,0,0.0,0,0,0,-9999.0,0.5,1,P72_CV0,2,1,1,1,1,0,2,0,2
48,-52565.66937,-358468.1197,Age0_F48_m100f100_P48_Y7_UO4580,I100_F48_m84f84_P68_Y4_UO3830,I100_F48_m100f100_P49_Y4_UO4618,FXX,0,0.0,0,0,0.0,0,0,0,0.0,0.5625,1,P83_CV0,2,2,0,1,1,0,2,0,2
48,-52565.66937,-358468.1197,Age0_F48_m100f100_P48_Y7_UO4612,I100_F49_m-1f-1_P100_Y-1_U121,ID100_F68_m-1f-1_P84_Y-1_U131,FXX,0,0.0,0,0,0.0,0,0,0,0.0,0.5,1,P83_CV0,2,1,1,1,1,0,2,0,2
48,-52565.66937,-358468.1197,E48_F43_m84f84_P48_Y6_UO3937,ID84_F68_m84f84_P68_Y1_UO3683,I84_F8_m25f25_P68_Y3_UO1310,FXX,1,0.0,1,1,1.0,0,0,0,-9999.0,0.625,1,P83_CV0,2,1,1,2,0,0,2,0,2
48,-52565.66937,-358468.1197,E48_F100_m84f84_P68_Y6_UO3908,I84_F68_m65f65_P68_Y3_UO3071,I84_F68_m25f25_P8_Y3_UO1252,MXY,1,0.0,1,1,0.0,0,0,0,-9999.0,0.6875,1,P83_CV0,2,1,1,2,0,0,2,0,2
48,-52565.66937,-358468.1197,E48_F100_m84f84_P68_Y6_UO3948,I84_F68_m84f84_P8_Y1_UO3684,I84_F68_m-1f-1_P84_Y-1_U87,FXX,1,0.0,1,1,1.0,0,0,0,-9999.0,0.375,1,P83_CV0,2,1,1,0,2,0,2,0,2
48,-52565.66937,-358468.1197,E48_F25_m25f25_P8_Y5_UO1302,ID25_F68_m40f40_P8_Y0_UO1929,I25_F68_m84f84_P69_Y0_UO4202,FXX,2,0.0,1,0,1.0,0,0,0,-9999.0,0.625,1,P83_CV0,2,1,1,2,0,0,2,0,2
48,-52565.66937,-358468.1197,E48_F25_m25f25_P69_Y5_UO1283,I25_F8_m84f84_P98_Y1_UO3716,I25_F68_m100f100_P48_Y0_UO4928,FXX,2,0.0,1,0,1.0,0,0,0,-9999.0,0.5,1,P83_CV0,2,2,0,2,0,0,2,0,2
48,-52565.66937,-358468.1197,E48_F31_m31f31_P8_Y5_UO1546,ID31_F69_m-1f-1_P84_Y-1_U103,I31_F8_m31f31_P68_Y3_UO1511,FXX,2,0.0,1,0,1.0,0,0,0,-9999.0,0.125,1,P83_CV0,2,0,2,1,1,0,2,0,2
48,-52565.66937,-358468.1197,E48_F100_m63f63_P68_Y5_UO3047,I63_F68_m84f84_P8_Y0_UO4158,I63_F68_m63f63_P8_Y3_UO3022,MXY,2,0.0,1,0,0.0,0,0,0,-9999.0,0.3125,1,P83_CV0,2,2,0,0,2,0,2,0,2
48,-52565.66937,-358468.1197,E48_F100_m84f84_P68_Y4_UO3830,I84_F36_m84f84_P8_Y2_UO3874,I84_F8_m65f65_P98_Y1_UO3024,FXX,3,0.0,1,0,1.0,0,0,0,-9999.0,0.375,1,P83_CV0,2,1,1,2,0,0,2,0,2
48,-52565.66937,-358468.1197,E48_F100_m-1f-1_P84_Y-1_U78,-9999,-9999,FXX,8,0.0,1,0,1.0,0,0,0,-9999.0,0.0,1,P83_CV0,2,0,2,2,0,0,2,0,2
48,-52565.66937,-358468.1197,E48_F100_m-1f-1_P84_Y-1_U169,-9999,-9999,MXY,8,0.0,1,0,0.0,0,0,0,-9999.0,1.0,1,P83_CV0,2,2,0,2,0,0,2,0,2
48,-52565.66937,-358468.1197,E48_F43_m-1f-1_P84_Y-1_U84,-9999,-9999,FXX,14,0.0,1,0,1.0,0,0,0,-9999.0,0.0,1,P83_CV0,2,0,2,0,2,0,2,0,2
48,-52565.66937,-358468.1197,E48_F100_m-1f-1_P84_Y-1_U51,-9999,-9999,MXY,15,0.0,1,0,0.0,0,0,0,-9999.0,0.5,1,P83_CV0,2,1,1,0,2,0,2,0,2
48,-52565.66937,-358468.1197,Age0_F48_m25f25_P48_Y7_UO1243,I25_F69_m25f25_P69_Y5_UO1283,I25_F8_m85f85_P36_Y3_UO3942,FXX,0,0.0,0,0,0.0,0,0,0,0.0,0.5,1,P84_CV0,2,2,0,1,1,0,2,0,2
48,-52565.66937,-358468.1197,Age0_F48_m31f31_P48_Y7_UO1481,I31_F68_m40f40_P6_Y4_UO1930,I31_F68_m84f84_P68_Y5_UO3898,MXY,0,0.0,0,0,0.0,0,0,0,0.0,0.5625,1,P84_CV0,2,2,0,2,0,0,2,0,2
48,-52565.66937,-358468.1197,Age0_F48_m31f31_P48_Y7_UO1529,ID31_F68_m-1f-1_P45_Y-1_U120,I31_F68_m85f85_P69_Y0_UO4242,FXX,0,0.0,0,0,0.0,0,0,0,0.0,0.5,1,P84_CV0,2,1,1,0,2,0,2,0,2
48,-52565.66937,-358468.1197,Age0_F48_m43f43_P48_Y7_UO2182,ID43_F49_m-1f-1_P84_Y-1_U84,ID43_F48_m-1f-1_P85_Y-1_U49,MXY,0,0.0,0,0,0.0,0,0,0,0.0,0.5,1,P84_CV0,2,1,1,0,2,0,2,0,2
48,-52565.66937,-358468.1197,E48_F100_m65f65_P8_Y4_UO3104,I65_F8_m63f63_P8_Y1_UO2928,I65_F8_m-1f-1_P85_Y-1_U96,MXY,3,0.0,1,0,0.0,0,0,0,-9999.0,0.5,1,P84_CV0,2,1,1,1,1,0,2,0,2
48,-52565.66937,-358468.1197,E48_F100_m100f100_P49_Y4_UO4618,ID100_F8_m-1f-1_P85_Y-1_U113,I100_F48_m100f100_P49_Y1_UO4353,MXY,3,0.0,1,0,0.0,0,0,0,-9999.0,0.75,1,P84_CV0,2,1,1,1,1,0,2,0,2
48,-52565.66937,-358468.1197,E48_F11_m85f85_P36_Y2_UO3982,I85_F8_m-1f-1_P85_Y-1_U162,I85_F69_m-1f-1_P85_Y-1_U48,MXY,5,0.0,1,0,0.0,0,0,0,-9999.0,0.25,1,P84_CV0,2,0,2,1,1,0,2,0,2
48,-52565.66937,-358468.1197,E48_F100_m85f85_P69_Y0_UO4244,R85_F85_m-1f-1_P85_Y-1_U65,R85_F85_m-1f-1_P85_Y-1_U198,MXY,7,0.0,1,0,0.0,0,0,0,-9999.0,0.5,1,P84_CV0,2,1,1,1,1,0,2,0,2
48,-52565.66937,-358468.1197,E48_F31_m40f40_P6_Y4_UO1930,I40_F99_m-1f-1_P58_Y-1_U52,I40_F6_m92f92_P57_Y2_UO4286,FXX,3,0.0,1,0,1.0,0,0,0,-9999.0,0.625,1,P91_CV0,2,1,1,1,1,0,2,0,2
48,-52565.66937,-358468.1197,Age0_F48_m25f25_P48_Y7_UO1235,ID25_F68_m25f25_P8_Y5_UO1302,I25_F8_m94f94_P98_Y1_UO4204,MXY,0,0.0,0,0,0.0,0,0,0,0.0,0.3125,1,P93_CV0,2,0,2,2,0,0,2,0,2
48,-52565.66937,-358468.1197,Age0_F48_m11f11_P48_Y7_UO641,ID11_F49_m43f43_P48_Y5_UO2081,I11_F2_m100f100_P48_Y5_UO4590,FXX,0,0.0,0,0,0.0,0,0,0,0.0,0.625,1,P99_CV0,2,2,0,1,1,0,2,0,2
48,-52565.66937,-358468.1197,Age0_F48_m43f43_P48_Y7_UO2078,I43_F49_m43f43_P48_Y5_UO2095,ID43_F48_m100f100_P48_Y4_UO4624,FXX,0,0.0,0,0,0.0,0,0,0,0.0,0.59375,1,P99_CV0,2,2,0,0,2,0,2,0,2
48,-52565.66937,-358468.1197,Age0_F48_m43f43_P48_Y7_UO2114,I43_F49_m43f43_P48_Y4_UO2073,I43_F48_m-1f-1_P55_Y-1_U66,MXY,0,0.0,0,0,0.0,0,0,0,0.0,0.8125,1,P99_CV0,2,1,1,0,2,0,2,0,2
48,-52565.66937,-358468.1197,Age0_F48_m43f43_P48_Y7_UO2136,ID43_F41_m43f43_P48_Y3_UO2075,I43_F49_m100f100_P49_Y0_UO4938,FXX,0,0.0,0,0,0.0,0,0,0,0.0,0.625,1,P99_CV0,2,1,1,1,1,0,2,0,2
48,-52565.66937,-358468.1197,Age0_F48_m43f43_P48_Y7_UO2143,ID43_F48_m43f43_P49_Y3_UO2091,I43_F49_m11f11_P49_Y3_UO644,MXY,0,0.0,0,0,0.0,0,0,0,0.0,0.625,1,P99_CV0,2,0,2,0,2,0,2,0,2
48,-52565.66937,-358468.1197,Age0_F48_m43f43_P48_Y7_UO2166,ID43_F49_m-1f-1_P11_Y-1_U202,I43_F49_m100f100_P49_Y0_UO4938,MXY,0,0.0,0,0,0.0,0,0,0,0.0,0.5,1,P99_CV0,2,1,1,2,0,0,2,0,2
48,-52565.66937,-358468.1197,Age0_F48_m43f43_P48_Y7_UO2171,ID43_F48_m-1f-1_P43_Y-1_U73,I43_F49_m100f100_P49_Y0_UO4938,MXY,0,0.0,0,0,0.0,0,0,0,0.0,0.5,1,P99_CV0,2,0,2,2,0,0,2,0,2
48,-52565.66937,-358468.1197,Age0_F48_m43f43_P48_Y7_UO2178,I43_F49_m-1f-1_P100_Y-1_U237,I43_F48_m43f43_P49_Y2_UO2085,FXX,0,0.0,0,0,0.0,0,0,0,0.0,0.625,1,P99_CV0,2,1,1,0,2,0,2,0,2
48,-52565.66937,-358468.1197,Age0_F48_m43f43_P48_Y7_UO2179,ID43_F48_m-1f-1_P100_Y-1_U58,ID43_F49_m55f55_P14_Y5_UO2565,MXY,0,0.0,0,0,0.0,0,0,0,0.0,0.4375,1,P99_CV0,2,1,1,0,2,0,2,0,2
48,-52565.66937,-358468.1197,Age0_F48_m100f100_P48_Y7_UO4565,I100_F48_m100f100_P48_Y5_UO4554,ID100_F49_m85f85_P69_Y0_UO4244,FXX,0,0.0,0,0,0.0,0,0,0,0.0,0.5,1,P99_CV0,2,1,1,2,0,0,2,0,2
48,-52565.66937,-358468.1197,Age0_F48_m100f100_P48_Y7_UO4566,I100_F49_m31f31_P68_Y4_UO1456,I100_F68_m-1f-1_P100_Y-1_U196,FXX,0,0.0,0,0,0.0,0,0,0,0.0,0.625,1,P99_CV0,2,1,1,2,0,0,2,0,2
48,-52565.66937,-358468.1197,Age0_F48_m100f100_P48_Y7_UO4569,ID100_F48_m11f11_P49_Y4_UO641,I100_F68_m-1f-1_P100_Y-1_U49,FXX,0,0.0,0,0,0.0,0,0,0,0.0,0.75,1,P99_CV0,2,1,1,1,1,0,2,0,2
48,-52565.66937,-358468.1197,Age0_F48_m100f100_P48_Y7_UO4572,I100_F68_m100f100_P48_Y4_UO4599,ID100_F49_m-1f-1_P11_Y-1_U91,FXX,0,0.0,0,0,0.0,0,0,0,0.0,0.625,1,P99_CV0,2,2,0,1,1,0,2,0,2
48,-52565.66937,-358468.1197,Age0_F48_m100f100_P48_Y7_UO4573,ID100_F48_m43f43_P48_Y4_UO2088,ID100_F49_m100f100_P48_Y0_UO4904,FXX,0,0.0,0,0,0.0,0,0,0,0.0,0.40625,1,P99_CV0,2,1,1,1,1,0,2,0,2
48,-52565.66937,-358468.1197,Age0_F48_m100f100_P48_Y7_UO4584,ID100_F49_m100f100_P48_Y3_UO4579,I100_F48_m43f43_P49_Y2_UO2035,FXX,0,0.0,0,0,0.0,0,0,0,0.0,0.5625,1,P99_CV0,2,1,1,0,2,0,2,0,2
48,-52565.66937,-358468.1197,Age0_F48_m100f100_P48_Y7_UO4597,I100_F48_m43f43_P49_Y2_UO2054,I100_F49_m60f60_P49_Y5_UO2775,FXX,0,0.0,0,0,0.0,0,0,0,0.0,0.3125,1,P99_CV0,2,0,2,1,1,0,2,0,2
48,-52565.66937,-358468.1197,Age0_F48_m100f100_P48_Y7_UO4607,I100_F48_m-1f-1_P100_Y-1_U245,ID100_F48_m11f11_P49_Y5_UO680,FXX,0,0.0,0,0,0.0,0,0,0,0.0,0.1875,1,P99_CV0,2,0,2,1,1,0,2,0,2
48,-52565.66937,-358468.1197,Age0_F48_m100f100_P48_Y7_UO4610,I100_F49_m-1f-1_P11_Y-1_U111,I100_F68_m-1f-1_P100_Y-1_U196,FXX,0,0.0,0,0,0.0,0,0,0,0.0,0.5,1,P99_CV0,2,1,1,2,0,0,2,0,2
48,-52565.66937,-358468.1197,Age0_F48_m100f100_P48_Y7_UO4618,I100_F49_m-1f-1_P100_Y-1_U65,I100_F48_m100f100_P48_Y1_UO4406,MXY,0,0.0,0,0,0.0,0,0,0,0.0,0.5,1,P99_CV0,2,1,1,1,1,0,2,0,2
48,-52565.66937,-358468.1197,Age0_F48_m100f100_P48_Y7_UO4621,I100_F49_m-1f-1_P100_Y-1_U70,I100_F49_m-1f-1_P100_Y-1_U30,FXX,0,0.0,0,0,0.0,0,0,0,0.0,0.75,1,P99_CV0,2,2,0,1,1,0,2,0,2
48,-52565.66937,-358468.1197,E48_F43_m43f43_P41_Y6_UO2168,ID43_F41_m55f55_P41_Y0_UO2784,I43_F49_m100f100_P49_Y1_UO4374,MXY,1,0.0,1,1,0.0,0,0,0,-9999.0,0.5,1,P99_CV0,2,1,1,1,1,0,2,0,2
48,-52565.66937,-358468.1197,E48_F43_m100f100_P48_Y6_UO4616,I100_F48_m43f43_P49_Y3_UO2048,ID100_F41_m43f43_P49_Y3_UO2059,MXY,1,0.0,1,1,0.0,0,0,0,-9999.0,0.4375,1,P99_CV0,2,1,1,1,1,0,2,0,2
48,-52565.66937,-358468.1197,E48_F43_m100f100_P48_Y6_UO4631,I100_F48_m43f43_P49_Y2_UO2054,I100_F49_m100f100_P49_Y3_UO4596,FXX,1,0.0,1,1,1.0,0,0,0,-9999.0,0.3125,1,P99_CV0,2,0,2,0,2,0,2,0,2
48,-52565.66937,-358468.1197,E48_F43_m100f100_P48_Y6_UO4670,I100_F48_m-1f-1_P100_Y-1_U136,I100_F49_m-1f-1_P100_Y-1_U39,MXY,1,0.0,1,1,0.0,0,0,0,-9999.0,0.0,1,P99_CV0,2,0,2,1,1,0,2,0,2
48,-52565.66937,-358468.1197,E48_F43_m43f43_P49_Y6_UO2193,ID43_F49_m-1f-1_P60_Y-1_U195,I43_F48_m-1f-1_P100_Y-1_U197,MXY,1,0.0,1,1,0.0,0,0,0,-9999.0,0.25,1,P99_CV0,2,0,2,1,1,0,2,0,2
48,-52565.66937,-358468.1197,E48_F43_m55f55_P89_Y6_UO2589,I55_F89_m100f100_P48_Y3_UO4591,I55_F41_m-1f-1_P55_Y-1_U224,FXX,1,0.0,1,1,1.0,0,0,0,-9999.0,0.4375,1,P99_CV0,2,0,2,0,2,0,2,0,2
48,-52565.66937,-358468.1197,E48_F100_m43f43_P48_Y6_UO2129,I43_F41_m43f43_P49_Y3_UO2062,I43_F49_m100f100_P49_Y2_UO4570,FXX,1,0.0,1,1,1.0,0,0,0,-9999.0,0.6875,1,P99_CV0,2,2,0,0,2,0,2,0,2
48,-52565.66937,-358468.1197,E48_F100_m43f43_P48_Y6_UO2136,I43_F49_m55f55_P41_Y3_UO2516,I43_F41_m100f100_P48_Y0_UO4904,MXY,1,0.0,1,1,0.0,0,0,0,-9999.0,0.3125,1,P99_CV0,2,1,1,0,2,0,2,0,2
48,-52565.66937,-358468.1197,E48_F100_m43f43_P48_Y6_UO2139,I43_F49_m43f43_P49_Y3_UO2096,I43_F14_m100f100_P49_Y2_UO4616,MXY,1,0.0,1,1,0.0,0,0,0,-9999.0,0.5,1,P99_CV0,2,1,1,2,0,0,2,0,2
48,-52565.66937,-358468.1197,E48_F100_m43f43_P48_Y6_UO2161,I43_F49_m100f100_P48_Y1_UO4383,I43_F48_m43f43_P48_Y2_UO2090,FXX,1,0.0,1,1,1.0,0,0,0,-9999.0,0.25,1,P99_CV0,2,1,1,0,2,0,2,0,2
48,-52565.66937,-358468.1197,E48_F100_m43f43_P48_Y6_UO2189,I43_F48_m-1f-1_P100_Y-1_U225,I43_F14_m100f100_P49_Y4_UO4588,MXY,1,0.0,1,1,0.0,0,0,0,-9999.0,0.3125,1,P99_CV0,2,0,2,1,1,0,2,0,2
48,-52565.66937,-358468.1197,E48_F100_m100f100_P48_Y6_UO4612,I100_F48_m43f43_P49_Y3_UO2045,I100_F49_m100f100_P48_Y4_UO4612,MXY,1,0.0,1,1,0.0,0,0,0,-9999.0,0.4375,1,P99_CV0,2,1,1,2,0,0,2,0,2
48,-52565.66937,-358468.1197,E48_F100_m43f43_P49_Y6_UO2103,I43_F49_m43f43_P48_Y4_UO2110,I43_F48_m-1f-1_P100_Y-1_U169,MXY,1,0.0,1,1,0.0,0,0,0,-9999.0,0.625,1,P99_CV0,2,1,1,2,0,0,2,0,2
48,-52565.66937,-358468.1197,E48_F100_m43f43_P49_Y6_UO2183,I43_F49_m-1f-1_P100_Y-1_U149,ID43_F68_m100f100_P48_Y4_UO4545,MXY,1,0.0,1,1,0.0,0,0,0,-9999.0,0.5,1,P99_CV0,2,1,1,0,2,0,2,0,2
48,-52565.66937,-358468.1197,E48_F100_m100f100_P49_Y6_UO4622,I100_F48_m100f100_P49_Y3_UO4593,I100_F48_m-1f-1_P100_Y-1_U26,MXY,1,0.0,1,1,0.0,0,0,0,-9999.0,0.5,1,P99_CV0,2,1,1,2,0,0,2,0,2
48,-52565.66937,-358468.1197,E48_F100_m100f100_P49_Y6_UO4628,I100_F49_m100f100_P49_Y2_UO4624,ID100_F49_m73f73_P41_Y4_UO3276,MXY,1,0.0,1,1,0.0,0,0,0,-9999.0,0.375,1,P99_CV0,2,1,1,1,1,0,2,0,2
48,-52565.66937,-358468.1197,E48_F11_m43f43_P48_Y5_UO2081,I43_F41_m100f100_P48_Y3_UO4515,I43_F48_m73f73_P14_Y2_UO3356,FXX,2,0.0,1,0,1.0,0,0,0,-9999.0,0.625,1,P99_CV0,2,2,0,2,0,0,2,0,2
48,-52565.66937,-358468.1197,E48_F43_m43f43_P48_Y5_UO2095,I43_F49_m43f43_P48_Y2_UO2106,ID43_F48_m100f100_P49_Y2_UO4570,FXX,2,0.0,1,0,1.0,0,0,0,-9999.0,0.6875,1,P99_CV0,2,1,1,1,1,0,2,0,2
48,-52565.66937,-358468.1197,E48_F100_m100f100_P49_Y5_UO4583,I100_F49_m100f100_P49_Y2_UO4624,I100_F49_m-1f-1_P100_Y-1_U26,MXY,2,0.0,1,0,0.0,0,0,0,-9999.0,0.5,1,P99_CV0,2,0,2,2,0,0,2,0,2
48,-52565.66937,-358468.1197,E48_F100_m100f100_P48_Y5_UO4624,I100_F48_m-1f-1_P84_Y-1_U84,I100_F48_m-1f-1_P100_Y-1_U81,MXY,2,0.0,1,0,0.0,0,0,0,-9999.0,0.25,1,P99_CV0,2,1,1,1,1,0,2,0,2
48,-52565.66937,-358468.1197,E48_F100_m100f100_P48_Y5_UO4554,I100_F48_m100f100_P49_Y3_UO4593,I100_F48_m100f100_P49_Y0_UO4922,FXX,2,0.0,1,0,1.0,0,0,0,-9999.0,0.5,1,P99_CV0,2,0,2,2,0,0,2,0,2
48,-52565.66937,-358468.1197,E48_F43_m100f100_P48_Y4_UO4583,I100_F68_m100f100_P48_Y0_UO4927,I100_F48_m45f45_P68_Y2_UO2203,FXX,3,0.0,1,0,1.0,0,0,0,-9999.0,0.4375,1,P99_CV0,2,0,2,2,0,0,2,0,2
48,-52565.66937,-358468.1197,E48_F43_m43f43_P48_Y4_UO2073,I43_F48_m73f73_P89_Y0_UO3531,I43_F41_m100f100_P48_Y2_UO4553,FXX,3,0.0,1,0,1.0,0,0,0,-9999.0,0.625,1,P99_CV0,2,1,1,0,2,0,2,0,2
48,-52565.66937,-358468.1197,E48_F43_m100f100_P48_Y4_UO4601,I100_F48_m-1f-1_P100_Y-1_U146,I100_F48_m100f100_P49_Y1_UO4372,MXY,3,0.0,1,0,0.0,0,0,0,-9999.0,0.5,1,P99_CV0,2,0,2,1,1,0,2,0,2
48,-52565.66937,-358468.1197,E48_F43_m100f100_P48_Y4_UO4580,I100_F48_m25f25_P8_Y0_UO1360,I100_F48_m100f100_P49_Y1_UO4353,MXY,3,0.0,1,0,0.0,0,0,0,-9999.0,0.5,1,P99_CV0,2,2,0,0,2,0,2,0,2
48,-52565.66937,-358468.1197,E48_F100_m100f100_P49_Y4_UO4551,I100_F48_m100f100_P48_Y2_UO4551,I100_F48_m-1f-1_P100_Y-1_U198,MXY,3,0.0,1,0,0.0,0,0,0,-9999.0,0.3125,1,P99_CV0,2,1,1,0,2,0,2,0,2
48,-52565.66937,-358468.1197,E48_F100_m100f100_P48_Y4_UO4599,ID100_F14_m-1f-1_P43_Y-1_U129,I100_F48_m-1f-1_P100_Y-1_U81,FXX,3,0.0,1,0,1.0,0,0,0,-9999.0,0.75,1,P99_CV0,2,2,0,1,1,0,2,0,2
48,-52565.66937,-358468.1197,E48_F43_m15f15_P49_Y3_UO796,ID15_F89_m73f73_P89_Y0_UO3576,I15_F48_m43f43_P14_Y1_UO1956,MXY,4,0.0,1,0,0.0,0,0,0,-9999.0,0.5,1,P99_CV0,2,2,0,2,0,0,2,0,2
48,-52565.66937,-358468.1197,E48_F43_m43f43_P49_Y3_UO2091,I43_F49_m-1f-1_P43_Y-1_U154,ID43_F49_m100f100_P48_Y0_UO4986,FXX,4,0.0,1,0,1.0,0,0,0,-9999.0,0.625,1,P99_CV0,2,1,1,0,2,0,2,0,2
48,-52565.66937,-358468.1197,E48_F100_m100f100_P49_Y3_UO4577,I100_F68_m-1f-1_P100_Y-1_U199,I100_F48_m-1f-1_P100_Y-1_U162,MXY,4,0.0,1,0,0.0,0,0,0,-9999.0,0.25,1,P99_CV0,2,0,2,1,1,0,2,0,2
48,-52565.66937,-358468.1197,E48_F100_m100f100_P48_Y3_UO4519,I100_F68_m25f25_P8_Y1_UO1189,I100_F49_m-1f-1_P100_Y-1_U55,MXY,4,0.0,1,0,0.0,0,0,0,-9999.0,0.75,1,P99_CV0,2,2,0,1,1,0,2,0,2
48,-52565.66937,-358468.1197,E48_F100_m100f100_P48_Y3_UO4579,I100_F48_m-1f-1_P100_Y-1_U37,ID100_F49_m-1f-1_P43_Y-1_U141,FXX,4,0.0,1,0,1.0,0,0,0,-9999.0,0.5,1,P99_CV0,2,0,2,1,1,0,2,0,2
48,-52565.66937,-358468.1197,E48_F100_m43f43_P49_Y2_UO2054,I43_F49_m100f100_P49_Y0_UO4901,I43_F48_m100f100_P49_Y0_UO4943,FXX,5,0.0,1,0,1.0,0,0,0,-9999.0,0.375,1,P99_CV0,2,0,2,0,2,0,2,0,2
48,-52565.66937,-358468.1197,E48_F11_m100f100_P48_Y1_UO4424,ID100_F48_m-1f-1_P100_Y-1_U122,I100_F49_m-1f-1_P100_Y-1_U148,FXX,6,0.0,1,0,1.0,0,0,0,-9999.0,0.75,1,P99_CV0,2,2,0,2,0,0,2,0,2
48,-52565.66937,-358468.1197,E48_F25_m100f100_P48_Y1_UO4375,I100_F48_m-1f-1_P100_Y-1_U146,I100_F49_m-1f-1_P100_Y-1_U9,MXY,6,0.0,1,0,0.0,0,0,0,-9999.0,0.75,1,P99_CV0,2,2,0,0,2,0,2,0,2
48,-52565.66937,-358468.1197,E48_F100_m100f100_P48_Y1_UO4406,I100_F48_m-1f-1_P100_Y-1_U58,I100_F49_m-1f-1_P100_Y-1_U187,MXY,6,0.0,1,0,0.0,0,0,0,-9999.0,0.0,1,P99_CV0,2,0,2,1,1,0,2,0,2
48,-52565.66937,-358468.1197,E48_F100_m100f100_P48_Y1_UO4399,I100_F49_m-1f-1_P100_Y-1_U64,I100_F49_m-1f-1_P100_Y-1_U167,MXY,6,0.0,1,0,0.0,0,0,0,-9999.0,0.5,1,P99_CV0,2,1,1,2,0,0,2,0,2
48,-52565.66937,-358468.1197,E48_F100_m100f100_P49_Y1_UO4410,I100_F49_m-1f-1_P100_Y-1_U70,I100_F48_m-1f-1_P100_Y-1_U15,MXY,6,0.0,1,0,0.0,0,0,0,-9999.0,0.5,1,P99_CV0,2,1,1,1,1,0,2,0,2
48,-52565.66937,-358468.1197,E48_F43_m100f100_P49_Y0_UO4938,R100_F100_m-1f-1_P100_Y-1_U84,R100_F100_m-1f-1_P100_Y-1_U150,MXY,7,0.0,1,0,0.0,0,0,0,-9999.0,0.5,1,P99_CV0,2,1,1,2,0,0,2,0,2
48,-52565.66937,-358468.1197,E48_F100_m100f100_P48_Y0_UO4904,R100_F100_m-1f-1_P100_Y-1_U7,R100_F100_m-1f-1_P100_Y-1_U83,MXY,7,0.0,1,0,0.0,0,0,0,-9999.0,0.0,1,P99_CV0,2,0,2,1,1,0,2,0,2
48,-52565.66937,-358468.1197,E48_F100_m-1f-1_P100_Y-1_U245,-9999,-9999,FXX,8,0.0,1,0,1.0,0,0,0,-9999.0,0.0,1,P99_CV0,2,0,2,0,2,0,2,0,2
48,-52565.66937,-358468.1197,E48_F100_m-1f-1_P100_Y-1_U39,-9999,-9999,MXY,8,0.0,1,0,0.0,0,0,0,-9999.0,0.0,1,P99_CV0,2,0,2,1,1,0,2,0,2
48,-52565.66937,-358468.1197,E48_F100_m-1f-1_P100_Y-1_U119,-9999,-9999,MXY,9,0.0,1,0,0.0,0,0,0,-9999.0,0.5,1,P99_CV0,2,1,1,2,0,0,2,0,2
48,-52565.66937,-358468.1197,E48_F100_m-1f-1_P100_Y-1_U167,-9999,-9999,MXY,9,0.0,1,0,0.0,0,0,0,-9999.0,0.5,1,P99_CV0,2,1,1,1,1,0,2,0,2
48,-52565.66937,-358468.1197,E48_F100_m-1f-1_P100_Y-1_U121,-9999,-9999,FXX,10,0.0,1,0,1.0,0,0,0,-9999.0,0.5,1,P99_CV0,2,1,1,1,1,0,2,0,2
48,-52565.66937,-358468.1197,E48_F100_m-1f-1_P100_Y-1_U26,-9999,-9999,MXY,10,0.0,1,0,0.0,0,0,0,-9999.0,0.5,1,P99_CV0,2,1,1,1,1,0,2,0,2
48,-52565.66937,-358468.1197,E48_F100_m-1f-1_P100_Y-1_U27,-9999,-9999,FXX,10,0.0,1,0,1.0,0,0,0,-9999.0,0.5,1,P99_CV0,2,1,1,1,1,0,2,0,2
48,-52565.66937,-358468.1197,E48_F100_m-1f-1_P100_Y-1_U49,-9999,-9999,MXY,11,0.0,1,0,0.0,0,0,0,-9999.0,1.0,1,P99_CV0,2,2,0,1,1,0,2,0,2
48,-52565.66937,-358468.1197,E48_F100_m-1f-1_P100_Y-1_U199,-9999,-9999,FXX,11,0.0,1,0,1.0,0,0,0,-9999.0,0.5,1,P99_CV0,2,1,1,2,0,0,2,0,2
48,-52565.66937,-358468.1197,E48_F43_m-1f-1_P100_Y-1_U225,-9999,-9999,FXX,12,0.0,1,0,1.0,0,0,0,-9999.0,0.5,1,P99_CV0,2,1,1,2,0,0,2,0,2
48,-52565.66937,-358468.1197,E48_F43_m-1f-1_P100_Y-1_U237,-9999,-9999,FXX,12,0.0,1,0,1.0,0,0,0,-9999.0,0.5,1,P99_CV0,2,1,1,0,2,0,2,0,2
48,-52565.66937,-358468.1197,E48_F100_m-1f-1_P100_Y-1_U65,-9999,-9999,FXX,12,0.0,1,0,1.0,0,0,0,-9999.0,1.0,1,P99_CV0,2,2,0,1,1,0,2,0,2
48,-52565.66937,-358468.1197,E48_F43_m-1f-1_P100_Y-1_U58,-9999,-9999,FXX,13,0.0,1,0,1.0,0,0,0,-9999.0,0.0,1,P99_CV0,2,0,2,0,2,0,2,0,2
48,-52565.66937,-358468.1197,E48_F100_m-1f-1_P100_Y-1_U70,-9999,-9999,FXX,14,0.0,1,0,1.0,0,0,0,-9999.0,0.5,1,P99_CV0,2,1,1,2,0,0,2,0,2
48,-52565.66937,-358468.1197,E48_F43_m-1f-1_P100_Y-1_U95,-9999,-9999,MXY,15,0.0,1,0,0.0,0,0,0,-9999.0,0.5,1,P99_CV0,2,1,1,2,0,0,2,0,2
49,-28379.49267,-349985.861,Age0_F49_m11f11_P49_Y7_UO639,ID11_F48_m73f73_P89_Y5_UO3314,ID11_F41_m11f11_P2_Y3_UO630,FXX,0,0.0,0,0,0.0,0,0,0,0.0,0.5625,1,P10_CV0,2,0,2,1,1,0,2,0,2
49,-28379.49267,-349985.861,Age0_F49_m11f11_P49_Y7_UO663,I11_F2_m-1f-1_P11_Y-1_U121,I11_F36_m-1f-1_P11_Y-1_U210,FXX,0,0.0,0,0,0.0,0,0,0,0.0,0.75,1,P10_CV0,2,2,0,0,2,0,2,0,2
49,-28379.49267,-349985.861,Age0_F49_m11f11_P49_Y7_UO672,I11_F49_m-1f-1_P11_Y-1_U38,I11_F49_m73f73_P41_Y1_UO3160,FXX,0,0.0,0,0,0.0,0,0,0,0.0,0.5,1,P10_CV0,2,1,1,2,0,0,2,0,2
49,-28379.49267,-349985.861,Age0_F49_m43f43_P49_Y7_UO2102,ID43_F49_m100f100_P48_Y5_UO4625,ID43_F41_m11f11_P89_Y2_UO654,MXY,0,0.0,0,0,0.0,0,0,0,0.0,0.59375,1,P10_CV0,2,2,0,2,0,0,2,0,2
49,-28379.49267,-349985.861,Age0_F49_m43f43_P49_Y7_UO2123,I43_F49_m100f100_P49_Y4_UO4569,I43_F48_m11f11_P49_Y0_UO605,FXX,0,0.0,0,0,0.0,0,0,0,0.0,0.625,1,P10_CV0,2,1,1,1,1,0,2,0,2
49,-28379.49267,-349985.861,Age0_F49_m100f100_P49_Y7_UO4558,I100_F48_m43f43_P48_Y5_UO2064,I100_F49_m43f43_P48_Y5_UO2107,MXY,0,0.0,0,0,0.0,0,0,0,0.0,0.25,1,P10_CV0,2,0,2,1,1,0,2,0,2
49,-28379.49267,-349985.861,Age0_F49_m100f100_P49_Y7_UO4571,I100_F49_m11f11_P48_Y4_UO629,I100_F48_m100f100_P48_Y5_UO4584,FXX,0,0.0,0,0,0.0,0,0,0,0.0,0.5625,1,P10_CV0,2,1,1,1,1,0,2,0,2
49,-28379.49267,-349985.861,Age0_F49_m100f100_P49_Y7_UO4600,I100_F68_m11f11_P49_Y1_UO580,I100_F8_m15f15_P49_Y2_UO780,FXX,0,0.0,0,0,0.0,0,0,0,0.0,0.875,1,P10_CV0,2,2,0,0,2,0,2,0,2
49,-28379.49267,-349985.861,E49_F11_m11f11_P89_Y6_UO655,I11_F89_m11f11_P2_Y2_UO657,I11_F48_m-1f-1_P11_Y-1_U64,FXX,1,0.0,1,1,1.0,0,0,0,-9999.0,0.375,1,P10_CV0,2,1,1,2,0,0,2,0,2
49,-28379.49267,-349985.861,E49_F15_m43f43_P14_Y6_UO2166,I43_F49_m25f25_P48_Y0_UO1400,I43_F14_m11f11_P49_Y4_UO644,MXY,1,0.0,1,1,0.0,0,0,0,-9999.0,0.5,1,P10_CV0,2,1,1,1,1,0,2,0,2
49,-28379.49267,-349985.861,E49_F43_m73f73_P41_Y6_UO3405,I73_F41_m15f15_P89_Y0_UO875,I73_F14_m-1f-1_P11_Y-1_U151,FXX,1,0.0,1,1,1.0,0,0,0,-9999.0,0.5,1,P10_CV0,2,1,1,1,1,0,2,0,2
49,-28379.49267,-349985.861,E49_F43_m43f43_P48_Y6_UO2101,ID43_F49_m84f84_P48_Y4_UO3824,I43_F48_m55f55_P41_Y4_UO2535,FXX,1,0.0,1,1,1.0,0,0,0,-9999.0,0.53125,1,P10_CV0,2,1,1,2,0,0,2,0,2
49,-28379.49267,-349985.861,E49_F43_m43f43_P48_Y6_UO2126,ID43_F49_m43f43_P49_Y4_UO2074,I43_F49_m11f11_P89_Y1_UO584,FXX,1,0.0,1,1,1.0,0,0,0,-9999.0,0.65625,1,P10_CV0,2,2,0,0,2,0,2,0,2
49,-28379.49267,-349985.861,E49_F43_m43f43_P48_Y6_UO2191,ID43_F48_m-1f-1_P43_Y-1_U197,I43_F49_m73f73_P89_Y4_UO3306,MXY,1,0.0,1,1,0.0,0,0,0,-9999.0,0.5625,1,P10_CV0,2,1,1,2,0,0,2,0,2
49,-28379.49267,-349985.861,E49_F43_m11f11_P49_Y6_UO663,I11_F36_m-1f-1_P11_Y-1_U240,I11_F89_m43f43_P48_Y0_UO2151,MXY,1,0.0,1,1,0.0,0,0,0,-9999.0,0.125,1,P10_CV0,2,0,2,1,1,0,2,0,2
49,-28379.49267,-349985.861,E49_F43_m11f11_P49_Y6_UO667,ID11_F69_m-1f-1_P11_Y-1_U224,ID11_F89_m73f73_P89_Y4_UO3262,MXY,1,0.0,1,1,0.0,0,0,0,-9999.0,0.8125,1,P10_CV0,2,1,1,1,1,0,2,0,2
49,-28379.49267,-349985.861,E49_F43_m11f11_P49_Y6_UO683,I11_F36_m-1f-1_P11_Y-1_U27,I11_F36_m43f43_P48_Y2_UO2049,MXY,1,0.0,1,1,0.0,0,0,0,-9999.0,0.8125,1,P10_CV0,2,1,1,1,1,0,2,0,2
49,-28379.49267,-349985.861,E49_F43_m43f43_P49_Y6_UO2109,I43_F48_m43f43_P49_Y4_UO2101,ID43_F48_m11f11_P49_Y4_UO640,MXY,1,0.0,1,1,0.0,0,0,0,-9999.0,0.125,1,P10_CV0,2,0,2,2,0,0,2,0,2
49,-28379.49267,-349985.861,E49_F43_m100f100_P49_Y6_UO4652,I100_F48_m-1f-1_P11_Y-1_U111,I100_F48_m100f100_P49_Y2_UO4614,FXX,1,0.0,1,1,1.0,0,0,0,-9999.0,0.5,1,P10_CV0,2,0,2,1,1,0,2,0,2
49,-28379.49267,-349985.861,E49_F43_m73f73_P89_Y6_UO3361,ID73_F89_m73f73_P89_Y3_UO3287,ID73_F14_m73f73_P89_Y4_UO3327,FXX,1,0.0,1,1,1.0,0,0,0,-9999.0,0.625,1,P10_CV0,2,1,1,0,2,0,2,0,2
49,-28379.49267,-349985.861,E49_F55_m11f11_P89_Y6_UO658,I11_F89_m11f11_P49_Y0_UO635,I11_F68_m65f65_P28_Y3_UO3093,MXY,1,0.0,1,1,0.0,0,0,0,-9999.0,0.5625,1,P10_CV0,2,1,1,1,1,0,2,0,2
49,-28379.49267,-349985.861,E49_F55_m15f15_P89_Y6_UO792,ID15_F41_m73f73_P89_Y4_UO3320,I15_F89_m11f11_P89_Y3_UO603,FXX,1,0.0,1,1,1.0,0,0,0,-9999.0,0.25,1,P10_CV0,2,0,2,1,1,0,2,0,2
49,-28379.49267,-349985.861,E49_F55_m43f43_P89_Y6_UO2144,I43_F49_m15f15_P41_Y2_UO827,I43_F14_m11f11_P49_Y4_UO644,FXX,1,0.0,1,1,1.0,0,0,0,-9999.0,0.5,1,P10_CV0,2,0,2,0,2,0,2,0,2
49,-28379.49267,-349985.861,E49_F100_m11f11_P48_Y6_UO672,I11_F49_m-1f-1_P11_Y-1_U155,I11_F48_m-1f-1_P11_Y-1_U241,FXX,1,0.0,1,1,1.0,0,0,0,-9999.0,1.0,1,P10_CV0,2,2,0,1,1,0,2,0,2
49,-28379.49267,-349985.861,E49_F100_m11f11_P48_Y6_UO682,ID11_F41_m-1f-1_P11_Y-1_U176,I11_F36_m55f55_P41_Y2_UO2611,MXY,1,0.0,1,1,0.0,0,0,0,-9999.0,0.625,1,P10_CV0,2,2,0,2,0,0,2,0,2
49,-28379.49267,-349985.861,E49_F100_m100f100_P48_Y6_UO4635,I100_F48_m11f11_P49_Y2_UO660,I100_F49_m11f11_P48_Y0_UO655,MXY,1,0.0,1,1,0.0,0,0,0,-9999.0,0.375,1,P10_CV0,2,1,1,2,0,0,2,0,2
49,-28379.49267,-349985.861,E49_F100_m100f100_P48_Y6_UO4655,I100_F49_m-1f-1_P100_Y-1_U146,ID100_F49_m73f73_P41_Y4_UO3276,MXY,1,0.0,1,1,0.0,0,0,0,-9999.0,0.375,1,P10_CV0,2,1,1,1,1,0,2,0,2
49,-28379.49267,-349985.861,E49_F100_m100f100_P49_Y6_UO4610,I100_F8_m11f11_P48_Y3_UO600,I100_F48_m100f100_P49_Y3_UO4563,MXY,1,0.0,1,1,0.0,0,0,0,-9999.0,0.4375,1,P10_CV0,2,1,1,0,2,0,2,0,2
49,-28379.49267,-349985.861,E49_F100_m25f25_P68_Y6_UO1264,ID25_F8_m63f63_P8_Y4_UO2951,I25_F8_m43f43_P48_Y3_UO2043,FXX,1,0.0,1,1,1.0,0,0,0,-9999.0,0.75,1,P10_CV0,2,2,0,2,0,0,2,0,2
49,-28379.49267,-349985.861,E49_F43_m43f43_P49_Y5_UO2115,I43_F48_m11f11_P49_Y1_UO591,I43_F48_m15f15_P14_Y2_UO808,MXY,2,0.0,1,0,0.0,0,0,0,-9999.0,0.375,1,P10_CV0,2,1,1,1,1,0,2,0,2
49,-28379.49267,-349985.861,E49_F43_m84f84_P49_Y5_UO3904,ID84_F28_m11f11_P2_Y0_UO650,I84_F68_m63f63_P8_Y3_UO2966,MXY,2,0.0,1,0,0.0,0,0,0,-9999.0,0.5625,1,P10_CV0,2,1,1,1,1,0,2,0,2
49,-28379.49267,-349985.861,E49_F100_m43f43_P48_Y5_UO2064,I43_F48_m100f100_P49_Y3_UO4580,I43_F48_m11f11_P49_Y3_UO631,FXX,2,0.0,1,0,1.0,0,0,0,-9999.0,0.375,1,P10_CV0,2,1,1,1,1,0,2,0,2
49,-28379.49267,-349985.861,E49_F100_m11f11_P49_Y5_UO677,I11_F48_m-1f-1_P11_Y-1_U155,I11_F49_m85f85_P2_Y2_UO3963,MXY,2,0.0,1,0,0.0,0,0,0,-9999.0,0.75,1,P10_CV0,2,2,0,0,2,0,2,0,2
49,-28379.49267,-349985.861,E49_F11_m11f11_P48_Y4_UO635,I11_F49_m-1f-1_P11_Y-1_U121,ID11_F2_m-1f-1_P11_Y-1_U76,MXY,3,0.0,1,0,0.0,0,0,0,-9999.0,0.25,1,P10_CV0,2,0,2,0,2,0,2,0,2
49,-28379.49267,-349985.861,E49_F43_m84f84_P48_Y4_UO3824,ID84_F8_m84f84_P8_Y2_UO3834,I84_F69_m85f85_P98_Y2_UO3927,FXX,3,0.0,1,0,1.0,0,0,0,-9999.0,0.5625,1,P10_CV0,2,1,1,2,0,0,2,0,2
49,-28379.49267,-349985.861,E49_F100_m11f11_P48_Y4_UO629,I11_F41_m-1f-1_P11_Y-1_U45,I11_F49_m-1f-1_P11_Y-1_U241,FXX,3,0.0,1,0,1.0,0,0,0,-9999.0,0.75,1,P10_CV0,2,2,0,2,0,0,2,0,2
49,-28379.49267,-349985.861,E49_F100_m11f11_P48_Y4_UO639,ID11_F89_m-1f-1_P11_Y-1_U155,I11_F49_m-1f-1_P11_Y-1_U220,MXY,3,0.0,1,0,0.0,0,0,0,-9999.0,0.75,1,P10_CV0,2,1,1,0,2,0,2,0,2
49,-28379.49267,-349985.861,E49_F100_m100f100_P68_Y4_UO4576,I100_F48_m11f11_P48_Y1_UO597,I100_F48_m100f100_P49_Y1_UO4353,MXY,3,0.0,1,0,0.0,0,0,0,-9999.0,0.5,1,P10_CV0,2,1,1,0,2,0,2,0,2
49,-28379.49267,-349985.861,E49_F11_m100f100_P48_Y3_UO4533,I100_F49_m11f11_P49_Y0_UO672,I100_F49_m-1f-1_P60_Y-1_U109,MXY,4,0.0,1,0,0.0,0,0,0,-9999.0,0.75,1,P10_CV0,2,2,0,1,1,0,2,0,2
49,-28379.49267,-349985.861,E49_F11_m11f11_P2_Y3_UO630,I11_F49_m-1f-1_P11_Y-1_U38,I11_F49_m-1f-1_P11_Y-1_U249,MXY,4,0.0,1,0,0.0,0,0,0,-9999.0,0.5,1,P10_CV0,2,0,2,2,0,0,2,0,2
49,-28379.49267,-349985.861,E49_F43_m11f11_P89_Y3_UO616,I11_F48_m-1f-1_P11_Y-1_U56,I11_F36_m-1f-1_P11_Y-1_U86,FXX,4,0.0,1,0,1.0,0,0,0,-9999.0,0.75,1,P10_CV0,2,2,0,0,2,0,2,0,2
49,-28379.49267,-349985.861,E49_F55_m73f73_P41_Y3_UO3295,I73_F41_m73f73_P89_Y0_UO3528,I73_F41_m11f11_P89_Y1_UO585,FXX,4,0.0,1,0,1.0,0,0,0,-9999.0,0.75,1,P10_CV0,2,1,1,1,1,0,2,0,2
49,-28379.49267,-349985.861,E49_F43_m100f100_P49_Y2_UO4563,I100_F48_m11f11_P49_Y0_UO672,I100_F48_m11f11_P48_Y0_UO677,FXX,5,0.0,1,0,1.0,0,0,0,-9999.0,0.875,1,P10_CV0,2,2,0,1,1,0,2,0,2
49,-28379.49267,-349985.861,E49_F43_m11f11_P49_Y1_UO591,I11_F49_m-1f-1_P11_Y-1_U78,I11_F2_m-1f-1_P11_Y-1_U128,FXX,6,0.0,1,0,1.0,0,0,0,-9999.0,0.5,1,P10_CV0,2,1,1,1,1,0,2,0,2
49,-28379.49267,-349985.861,E49_F43_m11f11_P89_Y1_UO584,I11_F89_m-1f-1_P11_Y-1_U52,I11_F69_m-1f-1_P11_Y-1_U59,MXY,6,0.0,1,0,0.0,0,0,0,-9999.0,0.75,1,P10_CV0,2,2,0,0,2,0,2,0,2
49,-28379.49267,-349985.861,E49_F43_m11f11_P89_Y1_UO609,ID11_F89_m-1f-1_P11_Y-1_U2,ID11_F49_m-1f-1_P11_Y-1_U236,FXX,6,0.0,1,0,1.0,0,0,0,-9999.0,0.25,1,P10_CV0,2,1,1,2,0,0,2,0,2
49,-28379.49267,-349985.861,E49_F43_m11f11_P49_Y1_UO535,ID11_F2_m-1f-1_P11_Y-1_U119,ID11_F2_m-1f-1_P11_Y-1_U139,FXX,6,0.0,1,0,1.0,0,0,0,-9999.0,0.0,1,P10_CV0,2,0,2,1,1,0,2,0,2
49,-28379.49267,-349985.861,E49_F100_m11f11_P49_Y1_UO580,I11_F89_m-1f-1_P11_Y-1_U170,ID11_F49_m-1f-1_P11_Y-1_U221,FXX,6,0.0,1,0,1.0,0,0,0,-9999.0,0.75,1,P10_CV0,2,1,1,1,1,0,2,0,2
49,-28379.49267,-349985.861,E49_F100_m11f11_P48_Y0_UO655,R11_F11_m-1f-1_P11_Y-1_U175,R11_F11_m-1f-1_P11_Y-1_U98,MXY,7,0.0,1,0,0.0,0,0,0,-9999.0,0.0,1,P10_CV0,2,0,2,1,1,0,2,0,2
49,-28379.49267,-349985.861,E49_F11_m-1f-1_P11_Y-1_U75,-9999,-9999,MXY,8,0.0,1,0,0.0,0,0,0,-9999.0,0.0,1,P10_CV0,2,0,2,2,0,0,2,0,2
49,-28379.49267,-349985.861,E49_F11_m-1f-1_P11_Y-1_U119,-9999,-9999,FXX,8,0.0,1,0,1.0,0,0,0,-9999.0,0.0,1,P10_CV0,2,0,2,1,1,0,2,0,2
49,-28379.49267,-349985.861,E49_F11_m-1f-1_P11_Y-1_U221,-9999,-9999,MXY,9,0.0,1,0,0.0,0,0,0,-9999.0,1.0,1,P10_CV0,2,2,0,2,0,0,2,0,2
49,-28379.49267,-349985.861,E49_F11_m-1f-1_P11_Y-1_U121,-9999,-9999,FXX,9,0.0,1,0,1.0,0,0,0,-9999.0,0.5,1,P10_CV0,2,1,1,0,2,0,2,0,2
49,-28379.49267,-349985.861,E49_F11_m-1f-1_P11_Y-1_U155,-9999,-9999,FXX,10,0.0,1,0,1.0,0,0,0,-9999.0,1.0,1,P10_CV0,2,2,0,0,2,0,2,0,2
49,-28379.49267,-349985.861,E49_F11_m-1f-1_P11_Y-1_U161,-9999,-9999,MXY,11,0.0,1,0,0.0,0,0,0,-9999.0,0.5,1,P10_CV0,2,1,1,1,1,0,2,0,2
49,-28379.49267,-349985.861,E49_F11_m-1f-1_P11_Y-1_U38,-9999,-9999,FXX,11,0.0,1,0,1.0,0,0,0,-9999.0,0.5,1,P10_CV0,2,1,1,1,1,0,2,0,2
49,-28379.49267,-349985.861,E49_F100_m-1f-1_P11_Y-1_U109,-9999,-9999,MXY,12,0.0,1,0,0.0,0,0,0,-9999.0,0.5,1,P10_CV0,2,1,1,2,0,0,2,0,2
49,-28379.49267,-349985.861,Age0_F49_m11f11_P49_Y7_UO643,I11_F89_m73f73_P89_Y5_UO3348,ID11_F89_m11f11_P48_Y4_UO635,FXX,0,0.0,0,0,0.0,0,0,0,0.0,0.34375,1,P14_CV0,2,1,1,1,1,0,2,0,2
49,-28379.49267,-349985.861,Age0_F49_m43f43_P49_Y7_UO2099,I43_F49_m15f15_P41_Y5_UO793,ID43_F48_m43f43_P49_Y5_UO2078,FXX,0,0.0,0,0,0.0,0,0,0,0.0,0.5,1,P14_CV0,2,1,1,1,1,0,2,0,2
49,-28379.49267,-349985.861,Age0_F49_m43f43_P49_Y7_UO2116,I43_F48_m43f43_P49_Y4_UO2074,ID43_F48_m43f43_P49_Y5_UO2078,FXX,0,0.0,0,0,0.0,0,0,0,0.0,0.5,1,P14_CV0,2,2,0,0,2,0,2,0,2
49,-28379.49267,-349985.861,Age0_F49_m43f43_P49_Y7_UO2127,ID43_F48_m11f11_P48_Y4_UO621,I43_F49_m15f15_P14_Y2_UO808,MXY,0,0.0,0,0,0.0,0,0,0,0.0,0.3125,1,P14_CV0,2,0,2,1,1,0,2,0,2
49,-28379.49267,-349985.861,Age0_F49_m43f43_P49_Y7_UO2140,I43_F49_m55f55_P48_Y3_UO2519,I43_F49_m15f15_P14_Y2_UO808,MXY,0,0.0,0,0,0.0,0,0,0,0.0,0.3125,1,P14_CV0,2,1,1,2,0,0,2,0,2
49,-28379.49267,-349985.861,Age0_F49_m43f43_P49_Y7_UO2145,I43_F89_m15f15_P41_Y2_UO827,I43_F49_m-1f-1_P11_Y-1_U113,MXY,0,0.0,0,0,0.0,0,0,0,0.0,0.25,1,P14_CV0,2,0,2,1,1,0,2,0,2
49,-28379.49267,-349985.861,Age0_F49_m55f55_P49_Y7_UO2566,I55_F89_m73f73_P89_Y4_UO3304,ID55_F89_m73f73_P89_Y2_UO3297,FXX,0,0.0,0,0,0.0,0,0,0,0.0,0.6875,1,P14_CV0,2,1,1,1,1,0,2,0,2
49,-28379.49267,-349985.861,Age0_F49_m55f55_P49_Y7_UO2587,I55_F14_m73f73_P41_Y3_UO3295,ID55_F89_m15f15_P14_Y1_UO715,MXY,0,0.0,0,0,0.0,0,0,0,0.0,0.625,1,P14_CV0,2,0,2,1,1,0,2,0,2
49,-28379.49267,-349985.861,Age0_F49_m55f55_P49_Y7_UO2634,ID55_F41_m-1f-1_P55_Y-1_U245,I55_F41_m15f15_P41_Y0_UO802,FXX,0,0.0,0,0,0.0,0,0,0,0.0,0.5,1,P14_CV0,2,2,0,1,1,0,2,0,2
49,-28379.49267,-349985.861,Age0_F49_m73f73_P49_Y7_UO3402,I73_F89_m-1f-1_P15_Y-1_U226,I73_F89_m-1f-1_P15_Y-1_U64,MXY,0,0.0,0,0,0.0,0,0,0,0.0,0.25,1,P14_CV0,2,1,1,0,2,0,2,0,2
49,-28379.49267,-349985.861,Age0_F49_m100f100_P49_Y7_UO4555,I100_F49_m43f43_P49_Y5_UO2082,I100_F49_m43f43_P48_Y5_UO2112,MXY,0,0.0,0,0,0.0,0,0,0,0.0,0.46875,1,P14_CV0,2,1,1,1,1,0,2,0,2
49,-28379.49267,-349985.861,Age0_F49_m100f100_P49_Y7_UO4599,I100_F49_m43f43_P48_Y1_UO1977,I100_F49_m43f43_P48_Y3_UO2078,FXX,0,0.0,0,0,0.0,0,0,0,0.0,0.6875,1,P14_CV0,2,1,1,1,1,0,2,0,2
49,-28379.49267,-349985.861,E49_F43_m15f15_P41_Y6_UO794,I15_F89_m15f15_P41_Y4_UO834,I15_F89_m-1f-1_P43_Y-1_U42,MXY,1,0.0,1,1,0.0,0,0,0,-9999.0,0.4375,1,P14_CV0,2,1,1,1,1,0,2,0,2
49,-28379.49267,-349985.861,E49_F43_m73f73_P41_Y6_UO3390,I73_F89_m15f15_P89_Y1_UO788,I73_F89_m-1f-1_P15_Y-1_U111,MXY,1,0.0,1,1,0.0,0,0,0,-9999.0,0.25,1,P14_CV0,2,1,1,1,1,0,2,0,2
49,-28379.49267,-349985.861,E49_F43_m43f43_P49_Y6_UO2106,I43_F49_m100f100_P48_Y4_UO4583,I43_F48_m15f15_P48_Y0_UO814,FXX,1,0.0,1,1,1.0,0,0,0,-9999.0,0.59375,1,P14_CV0,2,1,1,1,1,0,2,0,2
49,-28379.49267,-349985.861,E49_F43_m55f55_P49_Y6_UO2596,I55_F49_m73f73_P41_Y3_UO3344,I55_F14_m73f73_P89_Y4_UO3331,FXX,1,0.0,1,1,1.0,0,0,0,-9999.0,0.5,1,P14_CV0,2,0,2,1,1,0,2,0,2
49,-28379.49267,-349985.861,E49_F43_m100f100_P49_Y6_UO4641,ID100_F49_m43f43_P48_Y1_UO1977,I100_F49_m11f11_P68_Y1_UO549,MXY,1,0.0,1,1,0.0,0,0,0,-9999.0,0.5,1,P14_CV0,2,0,2,1,1,0,2,0,2
49,-28379.49267,-349985.861,E49_F55_m15f15_P41_Y6_UO806,I15_F14_m11f11_P89_Y4_UO626,ID15_F89_m15f15_P41_Y4_UO802,FXX,1,0.0,1,1,1.0,0,0,0,-9999.0,0.0625,1,P14_CV0,2,0,2,1,1,0,2,0,2
49,-28379.49267,-349985.861,E49_F55_m55f55_P41_Y6_UO2619,I55_F89_m55f55_P14_Y1_UO2429,I55_F89_m55f55_P89_Y3_UO2579,MXY,1,0.0,1,1,0.0,0,0,0,-9999.0,0.5,1,P14_CV0,2,1,1,0,2,0,2,0,2
49,-28379.49267,-349985.861,E49_F55_m55f55_P49_Y6_UO2611,I55_F14_m15f15_P41_Y2_UO804,I55_F49_m15f15_P89_Y4_UO824,FXX,1,0.0,1,1,1.0,0,0,0,-9999.0,0.6875,1,P14_CV0,2,1,1,1,1,0,2,0,2
49,-28379.49267,-349985.861,E49_F55_m73f73_P89_Y6_UO3387,I73_F41_m15f15_P41_Y1_UO769,I73_F89_m-1f-1_P73_Y-1_U1,FXX,1,0.0,1,1,1.0,0,0,0,-9999.0,0.625,1,P14_CV0,2,1,1,0,2,0,2,0,2
49,-28379.49267,-349985.861,E49_F55_m73f73_P89_Y6_UO3402,I73_F89_m15f15_P14_Y0_UO891,I73_F41_m-1f-1_P73_Y-1_U92,MXY,1,0.0,1,1,0.0,0,0,0,-9999.0,0.625,1,P14_CV0,2,0,2,0,2,0,2,0,2
49,-28379.49267,-349985.861,E49_F100_m43f43_P48_Y6_UO2158,I43_F48_m63f63_P49_Y1_UO2929,I43_F49_m15f15_P14_Y3_UO771,FXX,1,0.0,1,1,1.0,0,0,0,-9999.0,0.4375,1,P14_CV0,2,0,2,1,1,0,2,0,2
49,-28379.49267,-349985.861,E49_F100_m43f43_P48_Y6_UO2174,I43_F49_m-1f-1_P43_Y-1_U248,I43_F49_m15f15_P14_Y2_UO808,MXY,1,0.0,1,1,0.0,0,0,0,-9999.0,0.625,1,P14_CV0,2,1,1,1,1,0,2,0,2
49,-28379.49267,-349985.861,E49_F100_m100f100_P48_Y6_UO4601,I100_F49_m73f73_P48_Y4_UO3288,I100_F49_m55f55_P48_Y4_UO2545,MXY,1,0.0,1,1,0.0,0,0,0,-9999.0,0.5,1,P14_CV0,2,0,2,2,0,0,2,0,2
49,-28379.49267,-349985.861,E49_F100_m15f15_P49_Y6_UO816,I15_F14_m15f15_P89_Y4_UO821,I15_F41_m73f73_P41_Y4_UO3284,MXY,1,0.0,1,1,0.0,0,0,0,-9999.0,0.5,1,P14_CV0,2,2,0,0,2,0,2,0,2
49,-28379.49267,-349985.861,E49_F100_m43f43_P49_Y6_UO2173,I43_F41_m-1f-1_P100_Y-1_U35,I43_F48_m15f15_P48_Y0_UO814,MXY,1,0.0,1,1,0.0,0,0,0,-9999.0,0.625,1,P14_CV0,2,2,0,2,0,0,2,0,2
49,-28379.49267,-349985.861,E49_F100_m100f100_P49_Y6_UO4607,ID100_F48_m31f31_P68_Y4_UO1456,I100_F89_m15f15_P49_Y0_UO809,FXX,1,0.0,1,1,1.0,0,0,0,-9999.0,0.5,1,P14_CV0,2,1,1,0,2,0,2,0,2
49,-28379.49267,-349985.861,E49_F11_m73f73_P89_Y5_UO3348,ID73_F14_m55f55_P89_Y0_UO2750,I73_F89_m15f15_P41_Y3_UO759,FXX,2,0.0,1,0,1.0,0,0,0,-9999.0,0.4375,1,P14_CV0,2,2,0,1,1,0,2,0,2
49,-28379.49267,-349985.861,E49_F15_m55f55_P41_Y5_UO2558,I55_F41_m15f15_P41_Y2_UO841,I55_F41_m-1f-1_P55_Y-1_U177,FXX,2,0.0,1,0,1.0,0,0,0,-9999.0,0.25,1,P14_CV0,2,1,1,1,1,0,2,0,2
49,-28379.49267,-349985.861,E49_F43_m55f55_P48_Y5_UO2636,I55_F41_m-1f-1_P11_Y-1_U124,I55_F89_m15f15_P89_Y1_UO704,FXX,2,0.0,1,0,1.0,0,0,0,-9999.0,0.625,1,P14_CV0,2,1,1,0,2,0,2,0,2
49,-28379.49267,-349985.861,E49_F43_m73f73_P41_Y5_UO3333,ID73_F89_m15f15_P89_Y1_UO724,ID73_F14_m15f15_P41_Y2_UO811,MXY,2,0.0,1,0,0.0,0,0,0,-9999.0,0.625,1,P14_CV0,2,1,1,1,1,0,2,0,2
49,-28379.49267,-349985.861,E49_F43_m15f15_P41_Y5_UO793,I15_F41_m15f15_P14_Y3_UO769,I15_F89_m43f43_P48_Y2_UO2064,FXX,2,0.0,1,0,1.0,0,0,0,-9999.0,0.5625,1,P14_CV0,2,1,1,1,1,0,2,0,2
49,-28379.49267,-349985.861,E49_F43_m43f43_P49_Y5_UO2078,ID43_F48_m55f55_P48_Y3_UO2519,ID43_F41_m15f15_P41_Y3_UO761,MXY,2,0.0,1,0,0.0,0,0,0,-9999.0,0.4375,1,P14_CV0,2,2,0,1,1,0,2,0,2
49,-28379.49267,-349985.861,E49_F100_m55f55_P49_Y5_UO2605,I55_F89_m-1f-1_P55_Y-1_U7,ID55_F14_m15f15_P89_Y1_UO711,MXY,2,0.0,1,0,0.0,0,0,0,-9999.0,0.5,1,P14_CV0,2,1,1,0,2,0,2,0,2
49,-28379.49267,-349985.861,E49_F43_m73f73_P89_Y4_UO3292,I73_F41_m15f15_P89_Y1_UO770,ID73_F41_m-1f-1_P73_Y-1_U92,FXX,3,0.0,1,0,1.0,0,0,0,-9999.0,0.5,1,P14_CV0,2,2,0,1,1,0,2,0,2
49,-28379.49267,-349985.861,E49_F55_m73f73_P89_Y4_UO3304,I73_F89_m15f15_P14_Y0_UO891,I73_F41_m73f73_P41_Y2_UO3351,FXX,3,0.0,1,0,1.0,0,0,0,-9999.0,0.625,1,P14_CV0,2,0,2,0,2,0,2,0,2
49,-28379.49267,-349985.861,E49_F100_m55f55_P48_Y4_UO2545,I55_F41_m15f15_P89_Y1_UO740,I55_F41_m55f55_P89_Y2_UO2632,MXY,3,0.0,1,0,0.0,0,0,0,-9999.0,0.75,1,P14_CV0,2,1,1,1,1,0,2,0,2
49,-28379.49267,-349985.861,E49_F100_m15f15_P49_Y4_UO806,I15_F41_m15f15_P14_Y1_UO757,I15_F41_m-1f-1_P15_Y-1_U23,MXY,3,0.0,1,0,0.0,0,0,0,-9999.0,0.25,1,P14_CV0,2,0,2,2,0,0,2,0,2
49,-28379.49267,-349985.861,E49_F100_m43f43_P48_Y4_UO2072,I43_F48_m43f43_P48_Y0_UO2125,I43_F48_m-1f-1_P15_Y-1_U178,MXY,3,0.0,1,0,0.0,0,0,0,-9999.0,0.75,1,P14_CV0,2,2,0,1,1,0,2,0,2
49,-28379.49267,-349985.861,E49_F43_m55f55_P48_Y3_UO2519,ID55_F14_m43f43_P89_Y1_UO1974,I55_F41_m15f15_P41_Y1_UO702,FXX,4,0.0,1,0,1.0,0,0,0,-9999.0,0.375,1,P14_CV0,2,1,1,1,1,0,2,0,2
49,-28379.49267,-349985.861,E49_F43_m15f15_P41_Y2_UO827,I15_F89_m-1f-1_P15_Y-1_U191,I15_F41_m15f15_P41_Y0_UO828,FXX,5,0.0,1,0,1.0,0,0,0,-9999.0,0.5,1,P14_CV0,2,1,1,0,2,0,2,0,2
49,-28379.49267,-349985.861,E49_F15_m15f15_P14_Y1_UO781,ID15_F89_m-1f-1_P73_Y-1_U52,I15_F41_m-1f-1_P15_Y-1_U0,MXY,6,0.0,1,0,0.0,0,0,0,-9999.0,0.0,1,P14_CV0,2,0,2,1,1,0,2,0,2
49,-28379.49267,-349985.861,E49_F100_m43f43_P48_Y1_UO1977,ID43_F89_m-1f-1_P15_Y-1_U160,ID43_F49_m-1f-1_P43_Y-1_U188,FXX,6,0.0,1,0,1.0,0,0,0,-9999.0,0.75,1,P14_CV0,2,1,1,1,1,0,2,0,2
49,-28379.49267,-349985.861,E49_F43_m15f15_P48_Y0_UO814,R15_F15_m-1f-1_P15_Y-1_U43,R15_F15_m-1f-1_P15_Y-1_U110,MXY,7,0.0,1,0,0.0,0,0,0,-9999.0,0.75,1,P14_CV0,2,2,0,1,1,0,2,0,2
49,-28379.49267,-349985.861,E49_F43_m15f15_P41_Y0_UO800,R15_F15_m-1f-1_P15_Y-1_U9,R15_F15_m-1f-1_P15_Y-1_U205,MXY,7,0.0,1,0,0.0,0,0,0,-9999.0,0.75,1,P14_CV0,2,2,0,0,2,0,2,0,2
49,-28379.49267,-349985.861,E49_F43_m15f15_P41_Y0_UO840,R15_F15_m-1f-1_P15_Y-1_U117,R15_F15_m-1f-1_P15_Y-1_U70,MXY,7,0.0,1,0,0.0,0,0,0,-9999.0,0.25,1,P14_CV0,2,1,1,1,1,0,2,0,2
49,-28379.49267,-349985.861,E49_F15_m-1f-1_P15_Y-1_U27,-9999,-9999,FXX,9,0.0,1,0,1.0,0,0,0,-9999.0,0.0,1,P14_CV0,2,0,2,1,1,0,2,0,2
49,-28379.49267,-349985.861,E49_F73_m-1f-1_P15_Y-1_U226,-9999,-9999,FXX,9,0.0,1,0,1.0,0,0,0,-9999.0,0.0,1,P14_CV0,2,0,2,1,1,0,2,0,2
49,-28379.49267,-349985.861,Age0_F49_m11f11_P49_Y7_UO645,ID11_F48_m100f100_P48_Y4_UO4552,ID11_F2_m100f100_P49_Y3_UO4535,MXY,0,0.0,0,0,0.0,0,0,0,0.0,0.4375,1,P24_CV0,2,2,0,2,0,0,2,0,2
49,-28379.49267,-349985.861,Age0_F49_m11f11_P49_Y7_UO650,I11_F49_m65f65_P98_Y3_UO3111,ID11_F49_m73f73_P14_Y3_UO3342,MXY,0,0.0,0,0,0.0,0,0,0,0.0,0.5625,1,P24_CV0,2,0,2,0,2,0,2,0,2
49,-28379.49267,-349985.861,Age0_F49_m11f11_P49_Y7_UO664,I11_F48_m-1f-1_P11_Y-1_U155,ID11_F2_m100f100_P49_Y3_UO4535,FXX,0,0.0,0,0,0.0,0,0,0,0.0,0.6875,1,P24_CV0,2,2,0,1,1,0,2,0,2
49,-28379.49267,-349985.861,Age0_F49_m25f25_P49_Y7_UO1339,I25_F8_m-1f-1_P25_Y-1_U245,I25_F48_m-1f-1_P25_Y-1_U236,MXY,0,0.0,0,0,0.0,0,0,0,0.0,0.75,1,P24_CV0,2,2,0,1,1,0,2,0,2
49,-28379.49267,-349985.861,Age0_F49_m43f43_P49_Y7_UO2170,I43_F14_m-1f-1_P60_Y-1_U86,ID43_F48_m65f65_P49_Y5_UO3151,FXX,0,0.0,0,0,0.0,0,0,0,0.0,0.25,1,P24_CV0,2,0,2,1,1,0,2,0,2
49,-28379.49267,-349985.861,Age0_F49_m100f100_P49_Y7_UO4564,I100_F48_m31f31_P68_Y5_UO1550,ID100_F49_m100f100_P48_Y0_UO4904,MXY,0,0.0,0,0,0.0,0,0,0,0.0,0.125,1,P24_CV0,2,0,2,0,2,0,2,0,2
49,-28379.49267,-349985.861,Age0_F49_m100f100_P49_Y7_UO4570,ID100_F49_m43f43_P49_Y4_UO2085,I100_F68_m43f43_P48_Y5_UO2088,FXX,0,0.0,0,0,0.0,0,0,0,0.0,0.8125,1,P24_CV0,2,1,1,1,1,0,2,0,2
49,-28379.49267,-349985.861,E49_F11_m85f85_P2_Y6_UO3987,I85_F69_m85f85_P69_Y4_UO3958,I85_F36_m-1f-1_P84_Y-1_U48,MXY,1,0.0,1,1,0.0,0,0,0,-9999.0,0.34375,1,P24_CV0,2,1,1,1,1,0,2,0,2
49,-28379.49267,-349985.861,E49_F31_m63f63_P68_Y6_UO3075,I63_F8_m25f25_P68_Y0_UO1336,ID63_F36_m11f11_P2_Y3_UO636,FXX,1,0.0,1,1,1.0,0,0,0,-9999.0,0.8125,1,P24_CV0,2,2,0,1,1,0,2,0,2
49,-28379.49267,-349985.861,E49_F43_m100f100_P49_Y6_UO4667,I100_F48_m-1f-1_P100_Y-1_U70,I100_F48_m100f100_P48_Y3_UO4541,FXX,1,0.0,1,1,1.0,0,0,0,-9999.0,0.4375,1,P24_CV0,2,1,1,1,1,0,2,0,2
49,-28379.49267,-349985.861,E49_F100_m100f100_P48_Y6_UO4642,ID100_F49_m25f25_P8_Y0_UO1360,I100_F49_m43f43_P49_Y4_UO2076,MXY,1,0.0,1,1,0.0,0,0,0,-9999.0,0.625,1,P24_CV0,2,2,0,0,2,0,2,0,2
49,-28379.49267,-349985.861,E49_F100_m25f25_P68_Y6_UO1273,I25_F8_m63f63_P69_Y4_UO3046,I25_F68_m84f84_P68_Y1_UO3721,FXX,1,0.0,1,1,1.0,0,0,0,-9999.0,0.5,1,P24_CV0,2,1,1,1,1,0,2,0,2
49,-28379.49267,-349985.861,E49_F43_m100f100_P48_Y5_UO4625,I100_F48_m-1f-1_P100_Y-1_U70,ID100_F68_m100f100_P48_Y3_UO4541,FXX,2,0.0,1,0,1.0,0,0,0,-9999.0,0.4375,1,P24_CV0,2,1,1,1,1,0,2,0,2
49,-28379.49267,-349985.861,E49_F100_m84f84_P8_Y5_UO3929,ID84_F36_m-1f-1_P65_Y-1_U47,I84_F8_m25f25_P8_Y2_UO1318,MXY,2,0.0,1,0,0.0,0,0,0,-9999.0,0.75,1,P24_CV0,2,2,0,1,1,0,2,0,2
49,-28379.49267,-349985.861,E49_F100_m43f43_P48_Y5_UO2088,I43_F49_m100f100_P48_Y2_UO4573,ID43_F49_m-1f-1_P25_Y-1_U210,MXY,2,0.0,1,0,0.0,0,0,0,-9999.0,0.625,1,P24_CV0,2,1,1,0,2,0,2,0,2
49,-28379.49267,-349985.861,E49_F100_m31f31_P68_Y5_UO1550,I31_F68_m-1f-1_P31_Y-1_U233,ID31_F8_m25f25_P68_Y1_UO1191,FXX,2,0.0,1,0,1.0,0,0,0,-9999.0,0.25,1,P24_CV0,2,1,1,1,1,0,2,0,2
49,-28379.49267,-349985.861,E49_F11_m65f65_P98_Y3_UO3111,I65_F28_m25f25_P36_Y0_UO1388,I65_F8_m25f25_P8_Y0_UO1415,FXX,4,0.0,1,0,1.0,0,0,0,-9999.0,0.625,1,P24_CV0,2,1,1,0,2,0,2,0,2
49,-28379.49267,-349985.861,E49_F100_m43f43_P48_Y3_UO2065,I43_F41_m25f25_P48_Y0_UO1400,ID43_F49_m-1f-1_P43_Y-1_U34,MXY,4,0.0,1,0,0.0,0,0,0,-9999.0,0.5,1,P24_CV0,2,1,1,1,1,0,2,0,2
49,-28379.49267,-349985.861,E49_F43_m25f25_P48_Y0_UO1400,R25_F25_m-1f-1_P25_Y-1_U190,R25_F25_m-1f-1_P25_Y-1_U192,FXX,7,0.0,1,0,1.0,0,0,1,-9999.0,0.5,1,P24_CV0,2,1,1,1,1,0,2,0,2
49,-28379.49267,-349985.861,E49_F43_m25f25_P48_Y0_UO1403,R25_F25_m-1f-1_P25_Y-1_U209,R25_F25_m-1f-1_P25_Y-1_U134,FXX,7,0.0,1,0,1.0,0,0,0,-9999.0,0.25,1,P24_CV0,2,1,1,1,1,0,2,0,2
49,-28379.49267,-349985.861,E49_F31_m-1f-1_P25_Y-1_U97,-9999,-9999,MXY,9,0.0,1,0,0.0,0,0,0,-9999.0,0.0,1,P24_CV0,2,0,2,0,2,0,2,0,2
49,-28379.49267,-349985.861,E49_F25_m-1f-1_P25_Y-1_U245,-9999,-9999,FXX,12,0.0,1,0,1.0,0,0,0,-9999.0,0.5,1,P24_CV0,2,1,1,2,0,0,2,0,2
49,-28379.49267,-349985.861,Age0_F49_m25f25_P49_Y7_UO1330,I25_F68_m-1f-1_P65_Y-1_U63,I25_F8_m100f100_P68_Y3_UO4559,FXX,0,0.0,0,0,0.0,0,0,0,0.0,0.625,1,P30_CV0,2,1,1,1,1,0,2,0,2
49,-28379.49267,-349985.861,Age0_F49_m31f31_P49_Y7_UO1541,I31_F68_m-1f-1_P31_Y-1_U85,I31_F68_m31f31_P68_Y3_UO1511,FXX,0,0.0,0,0,0.0,0,0,0,0.0,0.625,1,P30_CV0,2,1,1,1,1,0,2,0,2
49,-28379.49267,-349985.861,Age0_F49_m43f43_P49_Y7_UO2094,ID43_F41_m100f100_P48_Y5_UO4623,I43_F48_m-1f-1_P100_Y-1_U197,FXX,0,0.0,0,0,0.0,0,0,0,0.0,0.34375,1,P30_CV0,2,0,2,1,1,0,2,0,2
49,-28379.49267,-349985.861,Age0_F49_m100f100_P49_Y7_UO4604,I100_F48_m31f31_P8_Y0_UO1557,I100_F48_m43f43_P48_Y4_UO2072,MXY,0,0.0,0,0,0.0,0,0,0,0.0,0.5,1,P30_CV0,2,1,1,1,1,0,2,0,2
49,-28379.49267,-349985.861,E49_F43_m100f100_P48_Y6_UO4672,I100_F48_m-1f-1_P11_Y-1_U21,I100_F49_m63f63_P8_Y4_UO2997,MXY,1,0.0,1,1,0.0,0,0,0,-9999.0,0.5,1,P30_CV0,2,1,1,0,2,0,2,0,2
49,-28379.49267,-349985.861,E49_F43_m31f31_P49_Y6_UO1551,I31_F8_m-1f-1_P31_Y-1_U218,ID31_F68_m31f31_P8_Y4_UO1516,FXX,1,0.0,1,1,1.0,0,0,0,-9999.0,0.75,1,P30_CV0,2,2,0,1,1,0,2,0,2
49,-28379.49267,-349985.861,E49_F84_m31f31_P68_Y6_UO1518,I31_F8_m90f90_P6_Y2_UO4187,I31_F68_m-1f-1_P31_Y-1_U208,MXY,1,0.0,1,1,0.0,0,0,0,-9999.0,0.625,1,P30_CV0,2,1,1,2,0,0,2,0,2
49,-28379.49267,-349985.861,E49_F31_m31f31_P68_Y5_UO1471,ID31_F68_m25f25_P8_Y2_UO1272,I31_F48_m-1f-1_P31_Y-1_U67,MXY,2,0.0,1,0,0.0,0,0,0,-9999.0,0.625,1,P30_CV0,2,1,1,0,2,0,2,0,2
49,-28379.49267,-349985.861,E49_F43_m100f100_P48_Y5_UO4623,ID100_F68_m-1f-1_P31_Y-1_U56,ID100_F49_m100f100_P49_Y3_UO4523,FXX,2,0.0,1,0,1.0,0,0,0,-9999.0,0.1875,1,P30_CV0,2,0,2,1,1,0,2,0,2
49,-28379.49267,-349985.861,E49_F100_m31f31_P8_Y4_UO1494,I31_F68_m100f100_P8_Y0_UO4977,I31_F68_m-1f-1_P31_Y-1_U103,MXY,3,0.0,1,0,0.0,0,0,0,-9999.0,0.75,1,P30_CV0,2,2,0,2,0,0,2,0,2
49,-28379.49267,-349985.861,E49_F100_m63f63_P8_Y4_UO2997,I63_F8_m31f31_P48_Y0_UO1568,I63_F69_m25f25_P8_Y0_UO1374,MXY,3,0.0,1,0,0.0,0,0,0,-9999.0,0.5,1,P30_CV0,2,1,1,1,1,0,2,0,2
49,-28379.49267,-349985.861,E49_F43_m31f31_P48_Y3_UO1533,I31_F68_m-1f-1_P31_Y-1_U154,I31_F68_m-1f-1_P31_Y-1_U192,MXY,4,0.0,1,0,0.0,0,0,0,-9999.0,0.25,1,P30_CV0,2,0,2,2,0,0,2,0,2
49,-28379.49267,-349985.861,E49_F63_m31f31_P8_Y0_UO1634,R31_F31_m-1f-1_P31_Y-1_U233,R31_F31_m-1f-1_P31_Y-1_U131,MXY,7,0.0,1,0,0.0,0,0,0,-9999.0,0.75,1,P30_CV0,2,2,0,1,1,0,2,0,2
49,-28379.49267,-349985.861,E49_F100_m31f31_P8_Y0_UO1557,R31_F31_m-1f-1_P31_Y-1_U59,R31_F31_m-1f-1_P31_Y-1_U232,FXX,7,0.0,1,0,1.0,0,0,0,-9999.0,0.25,1,P30_CV0,2,0,2,1,1,0,2,0,2
49,-28379.49267,-349985.861,E49_F31_m-1f-1_P31_Y-1_U85,-9999,-9999,FXX,11,0.0,1,0,1.0,0,0,0,-9999.0,1.0,1,P30_CV0,2,2,0,1,1,0,2,0,2
49,-28379.49267,-349985.861,Age0_F49_m39f39_P49_Y7_UO1885,I39_F75_m-1f-1_P60_Y-1_U241,I39_F19_m-1f-1_P39_Y-1_U83,FXX,0,0.0,0,0,0.0,0,0,0,0.0,0.5,1,P38_CV0,2,1,1,0,2,0,2,0,2
49,-28379.49267,-349985.861,Age0_F49_m60f60_P49_Y7_UO2829,I60_F51_m60f60_P75_Y0_UO3103,ID60_F75_m60f60_P75_Y4_UO2777,FXX,0,0.0,0,0,0.0,0,0,0,0.0,0.375,1,P38_CV0,2,0,2,1,1,0,2,0,2
49,-28379.49267,-349985.861,Age0_F49_m60f60_P49_Y7_UO2841,I60_F19_m-1f-1_P60_Y-1_U236,ID60_F48_m39f39_P75_Y4_UO1849,MXY,0,0.0,0,0,0.0,0,0,0,0.0,0.375,1,P38_CV0,2,1,1,1,1,0,2,0,2
49,-28379.49267,-349985.861,Age0_F49_m100f100_P49_Y7_UO4579,I100_F68_m100f100_P48_Y4_UO4564,I100_F49_m60f60_P49_Y5_UO2775,MXY,0,0.0,0,0,0.0,0,0,0,0.0,0.5,1,P38_CV0,2,1,1,1,1,0,2,0,2
49,-28379.49267,-349985.861,E49_F100_m43f43_P49_Y6_UO2110,I43_F41_m100f100_P48_Y4_UO4571,I43_F48_m39f39_P19_Y0_UO1869,FXX,1,0.0,1,1,1.0,0,0,0,-9999.0,0.6875,1,P38_CV0,2,0,2,2,0,0,2,0,2
49,-28379.49267,-349985.861,E49_F60_m60f60_P75_Y4_UO2789,ID60_F48_m11f11_P49_Y1_UO551,ID60_F19_m-1f-1_P39_Y-1_U163,MXY,3,0.0,1,0,0.0,0,0,0,-9999.0,0.375,1,P38_CV0,2,2,0,0,2,0,2,0,2
49,-28379.49267,-349985.861,E49_F60_m60f60_P75_Y3_UO2818,I60_F75_m-1f-1_P60_Y-1_U219,I60_F75_m-1f-1_P39_Y-1_U1,MXY,4,0.0,1,0,0.0,0,0,0,-9999.0,0.5,1,P38_CV0,2,1,1,1,1,0,2,0,2
49,-28379.49267,-349985.861,E49_F31_m40f40_P6_Y3_UO1918,I40_F6_m-1f-1_P40_Y-1_U38,I40_F57_m-1f-1_P40_Y-1_U246,MXY,4,0.0,1,0,0.0,0,0,0,-9999.0,0.25,1,P39_CV0,2,1,1,2,0,0,2,0,2
49,-28379.49267,-349985.861,Age0_F49_m11f11_P49_Y7_UO646,I11_F2_m55f55_P89_Y4_UO2503,ID11_F48_m55f55_P41_Y4_UO2496,FXX,0,0.0,0,0,0.0,0,0,0,0.0,0.6875,1,P42_CV0,2,2,0,2,0,0,2,0,2
49,-28379.49267,-349985.861,Age0_F49_m15f15_P49_Y7_UO869,I15_F41_m-1f-1_P15_Y-1_U27,I15_F89_m43f43_P14_Y2_UO2103,FXX,0,0.0,0,0,0.0,0,0,0,0.0,0.375,1,P42_CV0,2,1,1,0,2,0,2,0,2
49,-28379.49267,-349985.861,Age0_F49_m43f43_P49_Y7_UO2074,I43_F48_m11f11_P48_Y5_UO675,I43_F48_m-1f-1_P43_Y-1_U181,FXX,0,0.0,0,0,0.0,0,0,0,0.0,0.09375,1,P42_CV0,2,0,2,1,1,0,2,0,2
49,-28379.49267,-349985.861,Age0_F49_m43f43_P49_Y7_UO2088,ID43_F49_m31f31_P49_Y5_UO1491,I43_F48_m43f43_P49_Y4_UO2066,MXY,0,0.0,0,0,0.0,0,0,0,0.0,0.5,1,P42_CV0,2,1,1,0,2,0,2,0,2
49,-28379.49267,-349985.861,Age0_F49_m43f43_P49_Y7_UO2112,I43_F49_m43f43_P41_Y4_UO2086,ID43_F48_m-1f-1_P85_Y-1_U49,FXX,0,0.0,0,0,0.0,0,0,0,0.0,0.875,1,P42_CV0,2,1,1,1,1,0,2,0,2
49,-28379.49267,-349985.861,Age0_F49_m43f43_P49_Y7_UO2120,ID43_F49_m43f43_P48_Y4_UO2110,I43_F41_m100f100_P49_Y3_UO4527,MXY,0,0.0,0,0,0.0,0,0,0,0.0,0.8125,1,P42_CV0,2,1,1,2,0,0,2,0,2
49,-28379.49267,-349985.861,Age0_F49_m43f43_P49_Y7_UO2137,ID43_F41_m43f43_P41_Y3_UO2088,I43_F48_m-1f-1_P55_Y-1_U116,FXX,0,0.0,0,0,0.0,0,0,0,0.0,0.5,1,P42_CV0,2,1,1,2,0,0,2,0,2
49,-28379.49267,-349985.861,Age0_F49_m43f43_P49_Y7_UO2138,I43_F48_m43f43_P49_Y3_UO2128,ID43_F48_m73f73_P41_Y5_UO3333,MXY,0,0.0,0,0,0.0,0,0,0,0.0,0.625,1,P42_CV0,2,2,0,2,0,0,2,0,2
49,-28379.49267,-349985.861,Age0_F49_m43f43_P49_Y7_UO2142,I43_F68_m43f43_P49_Y3_UO2122,I43_F48_m-1f-1_P43_Y-1_U37,FXX,0,0.0,0,0,0.0,0,0,0,0.0,0.375,1,P42_CV0,2,1,1,1,1,0,2,0,2
49,-28379.49267,-349985.861,Age0_F49_m43f43_P49_Y7_UO2151,I43_F48_m11f11_P49_Y1_UO591,I43_F48_m-1f-1_P43_Y-1_U37,FXX,0,0.0,0,0,0.0,0,0,0,0.0,0.5,1,P42_CV0,2,1,1,0,2,0,2,0,2
49,-28379.49267,-349985.861,Age0_F49_m43f43_P49_Y7_UO2162,I43_F48_m25f25_P48_Y0_UO1403,ID43_F48_m100f100_P49_Y4_UO4558,FXX,0,0.0,0,0,0.0,0,0,0,0.0,0.3125,1,P42_CV0,2,2,0,0,2,0,2,0,2
49,-28379.49267,-349985.861,Age0_F49_m43f43_P49_Y7_UO2163,ID43_F48_m43f43_P41_Y0_UO2209,ID43_F48_m43f43_P48_Y2_UO2098,MXY,0,0.0,0,0,0.0,0,0,0,0.0,0.5,1,P42_CV0,2,1,1,1,1,0,2,0,2
49,-28379.49267,-349985.861,Age0_F49_m43f43_P49_Y7_UO2172,I43_F49_m-1f-1_P43_Y-1_U173,ID43_F48_m100f100_P49_Y4_UO4558,MXY,0,0.0,0,0,0.0,0,0,0,0.0,0.6875,1,P42_CV0,2,2,0,0,2,0,2,0,2
49,-28379.49267,-349985.861,Age0_F49_m55f55_P49_Y7_UO2541,I55_F41_m15f15_P89_Y5_UO820,ID55_F89_m55f55_P41_Y5_UO2610,MXY,0,0.0,0,0,0.0,0,0,0,0.0,0.53125,1,P42_CV0,2,2,0,2,0,0,2,0,2
49,-28379.49267,-349985.861,Age0_F49_m55f55_P49_Y7_UO2584,I55_F89_m15f15_P41_Y3_UO768,ID55_F89_m73f73_P89_Y5_UO3347,MXY,0,0.0,0,0,0.0,0,0,0,0.0,0.375,1,P42_CV0,2,0,2,1,1,0,2,0,2
49,-28379.49267,-349985.861,Age0_F49_m100f100_P49_Y7_UO4552,ID100_F49_m100f100_P49_Y5_UO4569,I100_F68_m-1f-1_P100_Y-1_U196,MXY,0,0.0,0,0,0.0,0,0,0,0.0,0.5625,1,P42_CV0,2,2,0,2,0,0,2,0,2
49,-28379.49267,-349985.861,Age0_F49_m100f100_P49_Y7_UO4574,I100_F49_m100f100_P48_Y4_UO4611,I100_F48_m43f43_P49_Y2_UO2035,MXY,0,0.0,0,0,0.0,0,0,0,0.0,0.4375,1,P42_CV0,2,2,0,0,2,0,2,0,2
49,-28379.49267,-349985.861,Age0_F49_m100f100_P49_Y7_UO4587,I100_F48_m43f43_P49_Y3_UO2045,I100_F48_m43f43_P48_Y4_UO2090,FXX,0,0.0,0,0,0.0,0,0,0,0.0,0.625,1,P42_CV0,2,1,1,2,0,0,2,0,2
49,-28379.49267,-349985.861,Age0_F49_m100f100_P49_Y7_UO4589,I100_F49_m43f43_P48_Y3_UO2067,I100_F48_m43f43_P49_Y2_UO2035,MXY,0,0.0,0,0,0.0,0,0,0,0.0,0.6875,1,P42_CV0,2,2,0,0,2,0,2,0,2
49,-28379.49267,-349985.861,Age0_F49_m100f100_P49_Y7_UO4602,I100_F48_m43f43_P48_Y1_UO1898,ID100_F68_m43f43_P49_Y0_UO2220,FXX,0,0.0,0,0,0.0,0,0,0,0.0,0.375,1,P42_CV0,2,1,1,0,2,0,2,0,2
49,-28379.49267,-349985.861,Age0_F49_m100f100_P49_Y7_UO4606,I100_F49_m43f43_P48_Y0_UO2131,ID100_F48_m63f63_P68_Y5_UO3009,MXY,0,0.0,0,0,0.0,0,0,0,0.0,0.40625,1,P42_CV0,2,2,0,0,2,0,2,0,2
49,-28379.49267,-349985.861,Age0_F49_m100f100_P49_Y7_UO4609,I100_F49_m-1f-1_P100_Y-1_U243,I100_F49_m43f43_P48_Y0_UO2126,FXX,0,0.0,0,0,0.0,0,0,0,0.0,0.625,1,P42_CV0,2,1,1,1,1,0,2,0,2
49,-28379.49267,-349985.861,E49_F15_m15f15_P14_Y6_UO823,I15_F41_m15f15_P41_Y3_UO756,I15_F89_m43f43_P41_Y3_UO2100,FXX,1,0.0,1,1,1.0,0,0,0,-9999.0,0.5,1,P42_CV0,2,2,0,1,1,0,2,0,2
49,-28379.49267,-349985.861,E49_F43_m43f43_P48_Y6_UO2146,I43_F49_m43f43_P49_Y2_UO2089,I43_F48_m-1f-1_P43_Y-1_U72,FXX,1,0.0,1,1,1.0,0,0,0,-9999.0,0.5625,1,P42_CV0,2,2,0,1,1,0,2,0,2
49,-28379.49267,-349985.861,E49_F43_m100f100_P48_Y6_UO4605,I100_F48_m43f43_P49_Y4_UO2034,I100_F8_m43f43_P49_Y4_UO2042,MXY,1,0.0,1,1,0.0,0,0,0,-9999.0,0.53125,1,P42_CV0,2,2,0,1,1,0,2,0,2
49,-28379.49267,-349985.861,E49_F43_m100f100_P48_Y6_UO4650,I100_F49_m-1f-1_P43_Y-1_U73,I100_F49_m-1f-1_P43_Y-1_U132,MXY,1,0.0,1,1,0.0,0,0,0,-9999.0,0.5,1,P42_CV0,2,2,0,1,1,0,2,0,2
49,-28379.49267,-349985.861,E49_F43_m43f43_P49_Y6_UO2115,ID43_F89_m43f43_P41_Y4_UO2086,I43_F89_m15f15_P49_Y3_UO796,MXY,1,0.0,1,1,0.0,0,0,0,-9999.0,0.625,1,P42_CV0,2,2,0,2,0,0,2,0,2
49,-28379.49267,-349985.861,E49_F43_m43f43_P49_Y6_UO2132,ID43_F49_m43f43_P48_Y3_UO2105,I43_F48_m43f43_P49_Y4_UO2066,FXX,1,0.0,1,1,1.0,0,0,0,-9999.0,0.5,1,P42_CV0,2,0,2,1,1,0,2,0,2
49,-28379.49267,-349985.861,E49_F43_m43f43_P49_Y6_UO2155,I43_F14_m43f43_P48_Y1_UO1962,I43_F49_m43f43_P49_Y4_UO2098,MXY,1,0.0,1,1,0.0,0,0,0,-9999.0,0.5,1,P42_CV0,2,0,2,0,2,0,2,0,2
49,-28379.49267,-349985.861,E49_F43_m100f100_P49_Y6_UO4593,I100_F48_m43f43_P49_Y4_UO2085,I100_F89_m15f15_P49_Y0_UO809,FXX,1,0.0,1,1,1.0,0,0,0,-9999.0,0.625,1,P42_CV0,2,1,1,2,0,0,2,0,2
49,-28379.49267,-349985.861,E49_F43_m100f100_P49_Y6_UO4597,ID100_F68_m11f11_P48_Y4_UO629,I100_F49_m-1f-1_P43_Y-1_U141,FXX,1,0.0,1,1,1.0,0,0,0,-9999.0,0.625,1,P42_CV0,2,2,0,1,1,0,2,0,2
49,-28379.49267,-349985.861,E49_F43_m100f100_P49_Y6_UO4632,I100_F49_m31f31_P68_Y2_UO1538,I100_F49_m43f43_P48_Y2_UO2050,MXY,1,0.0,1,1,0.0,0,0,0,-9999.0,0.6875,1,P42_CV0,2,0,2,1,1,0,2,0,2
49,-28379.49267,-349985.861,E49_F55_m55f55_P89_Y6_UO2625,I55_F89_m43f43_P89_Y1_UO1974,I55_F89_m100f100_P49_Y4_UO4592,MXY,1,0.0,1,1,0.0,0,0,0,-9999.0,0.3125,1,P42_CV0,2,0,2,2,0,0,2,0,2
49,-28379.49267,-349985.861,E49_F100_m43f43_P48_Y6_UO2169,I43_F48_m43f43_P41_Y0_UO2209,I43_F49_m100f100_P49_Y1_UO4374,FXX,1,0.0,1,1,1.0,0,0,0,-9999.0,0.25,1,P42_CV0,2,1,1,1,1,0,2,0,2
49,-28379.49267,-349985.861,E49_F100_m100f100_P48_Y6_UO4640,I100_F49_m43f43_P49_Y1_UO1939,ID100_F49_m-1f-1_P43_Y-1_U98,FXX,1,0.0,1,1,1.0,0,0,0,-9999.0,0.75,1,P42_CV0,2,1,1,0,2,0,2,0,2
49,-28379.49267,-349985.861,E49_F100_m100f100_P48_Y6_UO4656,I100_F69_m-1f-1_P43_Y-1_U129,I100_F49_m43f43_P48_Y0_UO2186,FXX,1,0.0,1,1,1.0,0,0,0,-9999.0,0.625,1,P42_CV0,2,2,0,0,2,0,2,0,2
49,-28379.49267,-349985.861,E49_F100_m43f43_P49_Y6_UO2112,I43_F49_m43f43_P49_Y4_UO2092,I43_F49_m-1f-1_P43_Y-1_U218,FXX,1,0.0,1,1,1.0,0,0,0,-9999.0,0.625,1,P42_CV0,2,1,1,0,2,0,2,0,2
49,-28379.49267,-349985.861,E49_F100_m100f100_P49_Y6_UO4594,I100_F48_m100f100_P68_Y4_UO4556,I100_F48_m-1f-1_P100_Y-1_U81,MXY,1,0.0,1,1,0.0,0,0,0,-9999.0,0.53125,1,P42_CV0,2,1,1,0,2,0,2,0,2
49,-28379.49267,-349985.861,E49_F43_m100f100_P49_Y5_UO4550,I100_F48_m31f31_P48_Y3_UO1537,ID100_F48_m-1f-1_P43_Y-1_U132,MXY,2,0.0,1,0,0.0,0,0,0,-9999.0,0.5,1,P42_CV0,2,2,0,0,2,0,2,0,2
49,-28379.49267,-349985.861,E49_F43_m31f31_P49_Y5_UO1491,I31_F68_m43f43_P49_Y1_UO1950,I31_F68_m63f63_P8_Y2_UO2990,FXX,2,0.0,1,0,1.0,0,0,0,-9999.0,0.75,1,P42_CV0,2,1,1,1,1,0,2,0,2
49,-28379.49267,-349985.861,E49_F43_m73f73_P49_Y5_UO3376,I73_F14_m-1f-1_P43_Y-1_U243,I73_F89_m73f73_P89_Y3_UO3301,FXX,2,0.0,1,0,1.0,0,0,0,-9999.0,0.5,1,P42_CV0,2,2,0,1,1,0,2,0,2
49,-28379.49267,-349985.861,E49_F55_m15f15_P89_Y5_UO820,I15_F89_m15f15_P14_Y2_UO819,I15_F89_m73f73_P89_Y2_UO3313,FXX,2,0.0,1,0,1.0,0,0,0,-9999.0,0.5625,1,P42_CV0,2,2,0,1,1,0,2,0,2
49,-28379.49267,-349985.861,E49_F100_m100f100_P49_Y5_UO4569,I100_F48_m43f43_P48_Y3_UO2082,I100_F49_m100f100_P49_Y1_UO4388,FXX,2,0.0,1,0,1.0,0,0,0,-9999.0,0.625,1,P42_CV0,2,2,0,2,0,0,2,0,2
49,-28379.49267,-349985.861,E49_F100_m43f43_P49_Y5_UO2082,I43_F48_m43f43_P48_Y3_UO2075,I43_F48_m100f100_P48_Y3_UO4542,FXX,2,0.0,1,0,1.0,0,0,0,-9999.0,0.8125,1,P42_CV0,2,2,0,1,1,0,2,0,2
49,-28379.49267,-349985.861,E49_F100_m11f11_P49_Y5_UO680,I11_F49_m-1f-1_P11_Y-1_U162,I11_F89_m43f43_P48_Y0_UO2151,MXY,2,0.0,1,0,0.0,0,0,0,-9999.0,0.375,1,P42_CV0,2,0,2,1,1,0,2,0,2
49,-28379.49267,-349985.861,E49_F11_m55f55_P89_Y4_UO2503,I55_F89_m15f15_P41_Y2_UO790,I55_F48_m-1f-1_P100_Y-1_U158,FXX,3,0.0,1,0,1.0,0,0,0,-9999.0,1.0,1,P42_CV0,2,2,0,2,0,0,2,0,2
49,-28379.49267,-349985.861,E49_F43_m43f43_P41_Y4_UO2086,I43_F41_m-1f-1_P60_Y-1_U49,I43_F48_m-1f-1_P43_Y-1_U14,FXX,3,0.0,1,0,1.0,0,0,0,-9999.0,0.75,1,P42_CV0,2,1,1,2,0,0,2,0,2
49,-28379.49267,-349985.861,E49_F43_m43f43_P48_Y4_UO2110,I43_F14_m-1f-1_P43_Y-1_U178,I43_F48_m-1f-1_P43_Y-1_U11,FXX,3,0.0,1,0,1.0,0,0,0,-9999.0,0.75,1,P42_CV0,2,1,1,1,1,0,2,0,2
49,-28379.49267,-349985.861,E49_F43_m100f100_P49_Y4_UO4569,I100_F49_m100f100_P49_Y1_UO4368,I100_F49_m100f100_P48_Y1_UO4363,FXX,3,0.0,1,0,1.0,0,0,0,-9999.0,0.75,1,P42_CV0,2,1,1,1,1,0,2,0,2
49,-28379.49267,-349985.861,E49_F43_m11f11_P48_Y4_UO621,I11_F2_m43f43_P48_Y1_UO1955,I11_F89_m-1f-1_P11_Y-1_U109,FXX,3,0.0,1,0,1.0,0,0,0,-9999.0,0.375,1,P42_CV0,2,1,1,1,1,0,2,0,2
49,-28379.49267,-349985.861,E49_F100_m55f55_P41_Y4_UO2535,I55_F48_m43f43_P89_Y1_UO1974,ID55_F41_m11f11_P89_Y1_UO564,MXY,3,0.0,1,0,0.0,0,0,0,-9999.0,0.5,1,P42_CV0,2,0,2,2,0,0,2,0,2
49,-28379.49267,-349985.861,E49_F100_m43f43_P49_Y4_UO2085,I43_F89_m-1f-1_P43_Y-1_U248,I43_F49_m-1f-1_P43_Y-1_U185,FXX,3,0.0,1,0,1.0,0,0,0,-9999.0,1.0,1,P42_CV0,2,2,0,1,1,0,2,0,2
49,-28379.49267,-349985.861,E49_F100_m100f100_P49_Y4_UO4590,ID100_F36_m-1f-1_P63_Y-1_U129,I100_F68_m43f43_P48_Y2_UO2045,FXX,3,0.0,1,0,1.0,0,0,0,-9999.0,0.375,1,P42_CV0,2,1,1,0,2,0,2,0,2
49,-28379.49267,-349985.861,E49_F43_m43f43_P41_Y3_UO2088,I43_F48_m-1f-1_P43_Y-1_U33,I43_F14_m-1f-1_P43_Y-1_U51,FXX,4,0.0,1,0,1.0,0,0,0,-9999.0,0.5,1,P42_CV0,2,1,1,2,0,0,2,0,2
49,-28379.49267,-349985.861,E49_F43_m43f43_P49_Y3_UO2128,I43_F48_m-1f-1_P43_Y-1_U231,I43_F48_m43f43_P49_Y0_UO2189,FXX,4,0.0,1,0,1.0,0,0,0,-9999.0,0.625,1,P42_CV0,2,2,0,1,1,0,2,0,2
49,-28379.49267,-349985.861,E49_F43_m43f43_P49_Y3_UO2122,ID43_F89_m-1f-1_P43_Y-1_U47,ID43_F89_m-1f-1_P43_Y-1_U60,FXX,4,0.0,1,0,1.0,0,0,0,-9999.0,0.25,1,P42_CV0,2,1,1,2,0,0,2,0,2
49,-28379.49267,-349985.861,E49_F55_m15f15_P41_Y3_UO768,I15_F41_m43f43_P41_Y1_UO1935,ID15_F41_m15f15_P89_Y0_UO824,FXX,4,0.0,1,0,1.0,0,0,0,-9999.0,0.5,1,P42_CV0,2,0,2,2,0,0,2,0,2
49,-28379.49267,-349985.861,E49_F100_m43f43_P49_Y3_UO2111,ID43_F48_m-1f-1_P43_Y-1_U96,I43_F49_m43f43_P48_Y0_UO2118,FXX,4,0.0,1,0,1.0,0,0,0,-9999.0,0.5,1,P42_CV0,2,1,1,0,2,0,2,0,2
49,-28379.49267,-349985.861,E49_F100_m100f100_P49_Y3_UO4575,ID100_F48_m-1f-1_P43_Y-1_U172,I100_F8_m11f11_P48_Y0_UO655,MXY,4,0.0,1,0,0.0,0,0,0,-9999.0,0.5,1,P42_CV0,2,1,1,1,1,0,2,0,2
49,-28379.49267,-349985.861,E49_F100_m100f100_P49_Y3_UO4543,I100_F48_m43f43_P48_Y0_UO2128,I100_F49_m-1f-1_P100_Y-1_U198,MXY,4,0.0,1,0,0.0,0,0,0,-9999.0,0.25,1,P42_CV0,2,0,2,2,0,0,2,0,2
49,-28379.49267,-349985.861,E49_F43_m43f43_P48_Y2_UO2110,ID43_F36_m-1f-1_P11_Y-1_U124,I43_F49_m-1f-1_P43_Y-1_U205,MXY,5,0.0,1,0,0.0,0,0,0,-9999.0,0.5,1,P42_CV0,2,0,2,1,1,0,2,0,2
49,-28379.49267,-349985.861,E49_F43_m43f43_P49_Y2_UO2085,I43_F49_m-1f-1_P43_Y-1_U249,I43_F48_m-1f-1_P43_Y-1_U11,MXY,5,0.0,1,0,0.0,0,0,0,-9999.0,0.75,1,P42_CV0,2,1,1,0,2,0,2,0,2
49,-28379.49267,-349985.861,E49_F43_m43f43_P48_Y2_UO2098,I43_F49_m-1f-1_P43_Y-1_U96,ID43_F49_m-1f-1_P43_Y-1_U44,MXY,5,0.0,1,0,0.0,0,0,0,-9999.0,0.75,1,P42_CV0,2,2,0,1,1,0,2,0,2
49,-28379.49267,-349985.861,E49_F100_m43f43_P49_Y2_UO2035,I43_F48_m43f43_P48_Y0_UO2203,I43_F89_m-1f-1_P43_Y-1_U38,MXY,5,0.0,1,0,0.0,0,0,0,-9999.0,0.625,1,P42_CV0,2,1,1,0,2,0,2,0,2
49,-28379.49267,-349985.861,E49_F100_m43f43_P48_Y2_UO2069,I43_F48_m-1f-1_P43_Y-1_U40,I43_F48_m-1f-1_P43_Y-1_U180,MXY,5,0.0,1,0,0.0,0,0,0,-9999.0,0.5,1,P42_CV0,2,1,1,1,1,0,2,0,2
49,-28379.49267,-349985.861,E49_F11_m43f43_P49_Y1_UO1915,I43_F48_m-1f-1_P43_Y-1_U129,I43_F48_m-1f-1_P43_Y-1_U233,MXY,6,0.0,1,0,0.0,0,0,0,-9999.0,0.75,1,P42_CV0,2,2,0,1,1,0,2,0,2
49,-28379.49267,-349985.861,E49_F43_m43f43_P48_Y1_UO1914,I43_F48_m-1f-1_P43_Y-1_U134,I43_F49_m-1f-1_P43_Y-1_U198,MXY,6,0.0,1,0,0.0,0,0,0,-9999.0,0.75,1,P42_CV0,2,2,0,2,0,0,2,0,2
49,-28379.49267,-349985.861,E49_F43_m43f43_P49_Y1_UO1967,I43_F41_m-1f-1_P43_Y-1_U242,I43_F48_m-1f-1_P43_Y-1_U36,FXX,6,0.0,1,0,1.0,0,0,0,-9999.0,0.25,1,P42_CV0,2,0,2,0,2,0,2,0,2
49,-28379.49267,-349985.861,E49_F43_m43f43_P49_Y1_UO1919,I43_F48_m-1f-1_P43_Y-1_U8,I43_F48_m-1f-1_P43_Y-1_U165,MXY,6,0.0,1,0,0.0,0,0,0,-9999.0,0.75,1,P42_CV0,2,2,0,0,2,0,2,0,2
49,-28379.49267,-349985.861,E49_F100_m43f43_P48_Y1_UO1898,I43_F48_m-1f-1_P43_Y-1_U40,I43_F49_m-1f-1_P43_Y-1_U227,FXX,6,0.0,1,0,1.0,0,0,0,-9999.0,0.5,1,P42_CV0,2,1,1,0,2,0,2,0,2
49,-28379.49267,-349985.861,E49_F43_m43f43_P41_Y0_UO2209,R43_F43_m-1f-1_P43_Y-1_U221,R43_F43_m-1f-1_P43_Y-1_U240,FXX,7,0.0,1,0,1.0,0,0,0,-9999.0,0.25,1,P42_CV0,2,1,1,1,1,0,2,0,2
49,-28379.49267,-349985.861,E49_F100_m43f43_P49_Y0_UO2220,R43_F43_m-1f-1_P43_Y-1_U246,R43_F43_m-1f-1_P43_Y-1_U215,MXY,7,0.0,1,0,0.0,0,0,0,-9999.0,0.25,1,P42_CV0,2,1,1,1,1,0,2,0,2
49,-28379.49267,-349985.861,E49_F100_m43f43_P48_Y0_UO2126,R43_F43_m-1f-1_P43_Y-1_U25,R43_F43_m-1f-1_P43_Y-1_U15,MXY,7,0.0,1,0,0.0,0,0,0,-9999.0,0.75,1,P42_CV0,2,2,0,1,1,0,2,0,2
49,-28379.49267,-349985.861,E49_F100_m43f43_P48_Y0_UO2177,R43_F43_m-1f-1_P43_Y-1_U133,R43_F43_m-1f-1_P43_Y-1_U167,MXY,7,0.0,1,0,0.0,0,0,0,-9999.0,0.25,1,P42_CV0,2,0,2,0,2,0,2,0,2
49,-28379.49267,-349985.861,E49_F100_m43f43_P48_Y0_UO2131,R43_F43_m-1f-1_P43_Y-1_U40,R43_F43_m-1f-1_P43_Y-1_U14,FXX,7,0.0,1,0,1.0,0,0,0,-9999.0,0.5,1,P42_CV0,2,1,1,0,2,0,2,0,2
49,-28379.49267,-349985.861,E49_F43_m-1f-1_P43_Y-1_U233,-9999,-9999,MXY,10,0.0,1,0,0.0,0,0,0,-9999.0,0.5,1,P42_CV0,2,1,1,1,1,0,2,0,2
49,-28379.49267,-349985.861,E49_F43_m-1f-1_P43_Y-1_U173,-9999,-9999,FXX,10,0.0,1,0,1.0,0,0,0,-9999.0,1.0,1,P42_CV0,2,2,0,0,2,0,2,0,2
49,-28379.49267,-349985.861,E49_F43_m-1f-1_P43_Y-1_U44,-9999,-9999,MXY,12,0.0,1,0,0.0,0,0,0,-9999.0,0.5,1,P42_CV0,2,1,1,1,1,0,2,0,2
49,-28379.49267,-349985.861,E49_F43_m-1f-1_P43_Y-1_U181,-9999,-9999,MXY,12,0.0,1,0,0.0,0,0,0,-9999.0,0.0,1,P42_CV0,2,0,2,2,0,0,2,0,2
49,-28379.49267,-349985.861,E49_F100_m-1f-1_P43_Y-1_U60,-9999,-9999,MXY,13,0.0,1,0,0.0,0,0,0,-9999.0,0.0,1,P42_CV0,2,0,2,2,0,0,2,0,2
49,-28379.49267,-349985.861,Age0_F49_m43f43_P49_Y7_UO2109,I43_F48_m73f73_P49_Y5_UO3376,I43_F48_m25f25_P49_Y4_UO1246,MXY,0,0.0,0,0,0.0,0,0,0,0.0,0.375,1,P44_CV0,2,1,1,2,0,0,2,0,2
49,-28379.49267,-349985.861,E49_F100_m43f43_P49_Y6_UO2177,I43_F41_m-1f-1_P43_Y-1_U40,ID43_F48_m25f25_P49_Y4_UO1246,MXY,1,0.0,1,1,0.0,0,0,0,-9999.0,0.125,1,P44_CV0,2,0,2,1,1,0,2,0,2
49,-28379.49267,-349985.861,E49_F43_m25f25_P49_Y4_UO1246,I25_F69_m63f63_P68_Y2_UO3083,ID25_F68_m-1f-1_P31_Y-1_U50,MXY,3,0.0,1,0,0.0,0,0,0,-9999.0,0.25,1,P44_CV0,2,0,2,2,0,0,2,0,2
49,-28379.49267,-349985.861,Age0_F49_m11f11_P49_Y7_UO644,I11_F48_m73f73_P89_Y5_UO3330,I11_F49_m-1f-1_P65_Y-1_U218,FXX,0,0.0,0,0,0.0,0,0,0,0.0,0.6875,1,P54_CV0,2,1,1,2,0,0,2,0,2
49,-28379.49267,-349985.861,Age0_F49_m15f15_P49_Y7_UO787,ID15_F89_m55f55_P41_Y5_UO2558,I15_F41_m43f43_P14_Y5_UO2097,FXX,0,0.0,0,0,0.0,0,0,0,0.0,0.3125,1,P54_CV0,2,0,2,1,1,0,2,0,2
49,-28379.49267,-349985.861,Age0_F49_m43f43_P49_Y7_UO2090,ID43_F48_m15f15_P89_Y5_UO838,I43_F49_m100f100_P48_Y0_UO4986,FXX,0,0.0,0,0,0.0,0,0,0,0.0,0.40625,1,P54_CV0,2,1,1,0,2,0,2,0,2
49,-28379.49267,-349985.861,Age0_F49_m43f43_P49_Y7_UO2095,ID43_F68_m100f100_P49_Y5_UO4577,I43_F48_m-1f-1_P55_Y-1_U116,FXX,0,0.0,0,0,0.0,0,0,0,0.0,0.5,1,P54_CV0,2,2,0,2,0,0,2,0,2
49,-28379.49267,-349985.861,Age0_F49_m43f43_P49_Y7_UO2101,I43_F49_m55f55_P89_Y5_UO2609,I43_F41_m15f15_P41_Y4_UO837,MXY,0,0.0,0,0,0.0,0,0,0,0.0,0.78125,1,P54_CV0,2,1,1,1,1,0,2,0,2
49,-28379.49267,-349985.861,Age0_F49_m43f43_P49_Y7_UO2131,ID43_F68_m55f55_P49_Y3_UO2551,I43_F48_m43f43_P48_Y4_UO2049,FXX,0,0.0,0,0,0.0,0,0,0,0.0,0.5625,1,P54_CV0,2,0,2,0,2,0,2,0,2
49,-28379.49267,-349985.861,Age0_F49_m43f43_P49_Y7_UO2133,I43_F48_m11f11_P89_Y3_UO616,I43_F48_m-1f-1_P55_Y-1_U66,MXY,0,0.0,0,0,0.0,0,0,0,0.0,0.875,1,P54_CV0,2,2,0,0,2,0,2,0,2
49,-28379.49267,-349985.861,Age0_F49_m55f55_P49_Y7_UO2550,I55_F89_m55f55_P89_Y5_UO2519,I55_F89_m-1f-1_P55_Y-1_U36,MXY,0,0.0,0,0,0.0,0,0,0,0.0,0.875,1,P54_CV0,2,2,0,1,1,0,2,0,2
49,-28379.49267,-349985.861,Age0_F49_m55f55_P49_Y7_UO2579,ID55_F89_m73f73_P89_Y3_UO3291,ID55_F48_m100f100_P48_Y3_UO4589,FXX,0,0.0,0,0,0.0,0,0,0,0.0,0.5625,1,P54_CV0,2,1,1,1,1,0,2,0,2
49,-28379.49267,-349985.861,E49_F15_m73f73_P41_Y6_UO3385,I73_F89_m43f43_P41_Y2_UO2048,I73_F41_m55f55_P41_Y3_UO2512,FXX,1,0.0,1,1,1.0,0,0,0,-9999.0,0.625,1,P54_CV0,2,2,0,1,1,0,2,0,2
49,-28379.49267,-349985.861,E49_F43_m15f15_P41_Y6_UO809,I15_F89_m15f15_P14_Y4_UO809,I15_F41_m55f55_P41_Y4_UO2502,MXY,1,0.0,1,1,0.0,0,0,0,-9999.0,0.5,1,P54_CV0,2,1,1,1,1,0,2,0,2
49,-28379.49267,-349985.861,E49_F43_m100f100_P48_Y6_UO4587,I100_F49_m55f55_P49_Y4_UO2526,ID100_F49_m43f43_P49_Y4_UO2111,FXX,1,0.0,1,1,1.0,0,0,0,-9999.0,0.375,1,P54_CV0,2,1,1,1,1,0,2,0,2
49,-28379.49267,-349985.861,E49_F43_m15f15_P49_Y6_UO879,I15_F89_m-1f-1_P15_Y-1_U182,I15_F41_m-1f-1_P55_Y-1_U38,FXX,1,0.0,1,1,1.0,0,0,0,-9999.0,0.25,1,P54_CV0,2,0,2,2,0,0,2,0,2
49,-28379.49267,-349985.861,E49_F43_m43f43_P49_Y6_UO2151,ID43_F49_m11f11_P48_Y2_UO638,I43_F49_m43f43_P48_Y2_UO2098,FXX,1,0.0,1,1,1.0,0,0,0,-9999.0,0.625,1,P54_CV0,2,2,0,0,2,0,2,0,2
49,-28379.49267,-349985.861,E49_F55_m15f15_P41_Y6_UO850,ID15_F41_m55f55_P89_Y2_UO2542,I15_F89_m15f15_P14_Y4_UO855,MXY,1,0.0,1,1,0.0,0,0,0,-9999.0,0.5625,1,P54_CV0,2,1,1,1,1,0,2,0,2
49,-28379.49267,-349985.861,E49_F55_m73f73_P41_Y6_UO3403,I73_F89_m15f15_P41_Y0_UO860,ID73_F89_m55f55_P89_Y4_UO2537,MXY,1,0.0,1,1,0.0,0,0,0,-9999.0,0.75,1,P54_CV0,2,2,0,2,0,0,2,0,2
49,-28379.49267,-349985.861,E49_F100_m43f43_P48_Y6_UO2108,I43_F41_m43f43_P48_Y4_UO2080,I43_F49_m-1f-1_P55_Y-1_U116,MXY,1,0.0,1,1,0.0,0,0,0,-9999.0,0.3125,1,P54_CV0,2,1,1,1,1,0,2,0,2
49,-28379.49267,-349985.861,E49_F100_m100f100_P48_Y6_UO4609,I100_F48_m43f43_P48_Y4_UO2088,I100_F49_m-1f-1_P43_Y-1_U132,FXX,1,0.0,1,1,1.0,0,0,0,-9999.0,0.65625,1,P54_CV0,2,2,0,1,1,0,2,0,2
49,-28379.49267,-349985.861,E49_F100_m43f43_P49_Y6_UO2188,I43_F49_m-1f-1_P100_Y-1_U237,I43_F49_m-1f-1_P55_Y-1_U116,FXX,1,0.0,1,1,1.0,0,0,0,-9999.0,0.5,1,P54_CV0,2,0,2,0,2,0,2,0,2
49,-28379.49267,-349985.861,E49_F11_m73f73_P89_Y5_UO3330,I73_F89_m55f55_P41_Y2_UO2620,I73_F41_m55f55_P41_Y2_UO2592,FXX,2,0.0,1,0,1.0,0,0,0,-9999.0,0.375,1,P54_CV0,2,1,1,1,1,0,2,0,2
49,-28379.49267,-349985.861,E49_F43_m15f15_P89_Y5_UO838,I15_F41_m55f55_P89_Y1_UO2503,I15_F41_m15f15_P41_Y3_UO800,FXX,2,0.0,1,0,1.0,0,0,0,-9999.0,0.5625,1,P54_CV0,2,1,1,0,2,0,2,0,2
49,-28379.49267,-349985.861,E49_F43_m55f55_P89_Y5_UO2609,I55_F89_m-1f-1_P55_Y-1_U184,I55_F41_m-1f-1_P55_Y-1_U36,FXX,2,0.0,1,0,1.0,0,0,0,-9999.0,0.75,1,P54_CV0,2,2,0,0,2,0,2,0,2
49,-28379.49267,-349985.861,E49_F100_m73f73_P49_Y5_UO3326,I73_F41_m73f73_P89_Y2_UO3373,I73_F41_m11f11_P89_Y3_UO607,MXY,2,0.0,1,0,0.0,0,0,0,-9999.0,0.25,1,P54_CV0,2,1,1,0,2,0,2,0,2
49,-28379.49267,-349985.861,E49_F43_m43f43_P49_Y4_UO2083,I43_F49_m-1f-1_P100_Y-1_U35,ID43_F49_m55f55_P49_Y0_UO2770,MXY,3,0.0,1,0,0.0,0,0,0,-9999.0,0.5,1,P54_CV0,2,0,2,1,1,0,2,0,2
49,-28379.49267,-349985.861,E49_F60_m15f15_P89_Y4_UO862,ID15_F89_m-1f-1_P55_Y-1_U89,I15_F41_m73f73_P89_Y0_UO3548,FXX,3,0.0,1,0,1.0,0,0,0,-9999.0,0.5,1,P54_CV0,2,2,0,1,1,0,2,0,2
49,-28379.49267,-349985.861,E49_F43_m55f55_P49_Y3_UO2551,I55_F41_m73f73_P41_Y0_UO3535,ID55_F41_m55f55_P89_Y0_UO2804,FXX,4,0.0,1,0,1.0,0,0,0,-9999.0,0.625,1,P54_CV0,2,1,1,0,2,0,2,0,2
49,-28379.49267,-349985.861,E49_F55_m73f73_P89_Y3_UO3291,ID73_F41_m55f55_P89_Y0_UO2816,I73_F89_m11f11_P89_Y1_UO603,FXX,4,0.0,1,0,1.0,0,0,0,-9999.0,0.375,1,P54_CV0,2,1,1,1,1,0,2,0,2
49,-28379.49267,-349985.861,E49_F55_m55f55_P89_Y3_UO2604,I55_F41_m-1f-1_P55_Y-1_U182,I55_F89_m-1f-1_P55_Y-1_U196,MXY,4,0.0,1,0,0.0,0,0,0,-9999.0,0.25,1,P54_CV0,2,0,2,1,1,0,2,0,2
49,-28379.49267,-349985.861,E49_F55_m55f55_P89_Y0_UO2741,R55_F55_m-1f-1_P55_Y-1_U42,R55_F55_m-1f-1_P55_Y-1_U141,MXY,7,0.0,1,0,0.0,0,0,0,-9999.0,0.75,1,P54_CV0,2,2,0,1,1,0,2,0,2
49,-28379.49267,-349985.861,E49_F55_m-1f-1_P55_Y-1_U245,-9999,-9999,FXX,13,0.0,1,0,1.0,0,0,0,-9999.0,0.5,1,P54_CV0,2,1,1,1,1,0,2,0,2
49,-28379.49267,-349985.861,Age0_F49_m43f43_P49_Y7_UO2141,I43_F48_m43f43_P49_Y3_UO2062,I43_F48_m-1f-1_P55_Y-1_U116,MXY,0,0.0,0,0,0.0,0,0,0,0.0,0.625,1,P59_CV0,2,1,1,1,1,0,2,0,2
49,-28379.49267,-349985.861,Age0_F49_m60f60_P49_Y7_UO2784,I60_F75_m60f60_P75_Y4_UO2822,I60_F75_m39f39_P51_Y0_UO1842,MXY,0,0.0,0,0,0.0,0,0,0,0.0,0.625,1,P59_CV0,2,1,1,1,1,0,2,0,2
49,-28379.49267,-349985.861,Age0_F49_m60f60_P49_Y7_UO2785,ID60_F49_m15f15_P89_Y4_UO862,I60_F75_m-1f-1_P60_Y-1_U242,FXX,0,0.0,0,0,0.0,0,0,0,0.0,0.25,1,P59_CV0,2,1,1,2,0,0,2,0,2
49,-28379.49267,-349985.861,Age0_F49_m60f60_P49_Y7_UO2831,I60_F75_m-1f-1_P60_Y-1_U21,ID60_F75_m4f4_P96_Y4_UO190,FXX,0,0.0,0,0,0.0,0,0,0,0.0,0.875,1,P59_CV0,2,1,1,2,0,0,2,0,2
49,-28379.49267,-349985.861,E49_F60_m60f60_P75_Y6_UO2814,I60_F51_m60f60_P75_Y3_UO2851,I60_F75_m60f60_P75_Y4_UO2848,FXX,1,0.0,1,1,1.0,0,0,0,-9999.0,0.65625,1,P59_CV0,2,2,0,0,2,0,2,0,2
49,-28379.49267,-349985.861,E49_F60_m60f60_P75_Y6_UO2860,ID60_F19_m-1f-1_P60_Y-1_U50,I60_F48_m-1f-1_P39_Y-1_U146,FXX,1,0.0,1,1,1.0,0,0,0,-9999.0,0.25,1,P59_CV0,2,0,2,2,0,0,2,0,2
49,-28379.49267,-349985.861,E49_F100_m60f60_P49_Y6_UO2788,ID60_F75_m60f60_P75_Y4_UO2772,I60_F51_m60f60_P75_Y2_UO2820,MXY,1,0.0,1,1,0.0,0,0,0,-9999.0,0.125,1,P59_CV0,2,0,2,1,1,0,2,0,2
49,-28379.49267,-349985.861,E49_F43_m43f43_P49_Y5_UO2061,I43_F48_m43f43_P49_Y3_UO2124,ID43_F41_m15f15_P41_Y3_UO761,MXY,2,0.0,1,0,0.0,0,0,0,-9999.0,0.5,1,P59_CV0,2,1,1,0,2,0,2,0,2
49,-28379.49267,-349985.861,E49_F100_m60f60_P48_Y5_UO2838,I60_F75_m-1f-1_P60_Y-1_U87,I60_F75_m60f60_P75_Y2_UO2814,FXX,2,0.0,1,0,1.0,0,0,0,-9999.0,0.5625,1,P59_CV0,2,1,1,0,2,0,2,0,2
49,-28379.49267,-349985.861,E49_F60_m60f60_P75_Y4_UO2822,I60_F75_m-1f-1_P60_Y-1_U119,I60_F75_m-1f-1_P60_Y-1_U240,FXX,3,0.0,1,0,1.0,0,0,0,-9999.0,0.5,1,P59_CV0,2,2,0,1,1,0,2,0,2
49,-28379.49267,-349985.861,E49_F60_m39f39_P19_Y4_UO1828,I39_F75_m60f60_P75_Y1_UO2776,I39_F75_m-1f-1_P39_Y-1_U195,MXY,3,0.0,1,0,0.0,0,0,0,-9999.0,0.125,1,P59_CV0,2,0,2,1,1,0,2,0,2
49,-28379.49267,-349985.861,E49_F60_m39f39_P51_Y4_UO1799,ID39_F75_m39f39_P75_Y2_UO1807,ID39_F19_m60f60_P75_Y0_UO3040,MXY,3,0.0,1,0,0.0,0,0,0,-9999.0,0.125,1,P59_CV0,2,0,2,2,0,0,2,0,2
49,-28379.49267,-349985.861,E49_F43_m43f43_P49_Y3_UO2062,I43_F48_m60f60_P48_Y1_UO2752,ID43_F49_m55f55_P48_Y1_UO2464,FXX,4,0.0,1,0,1.0,0,0,0,-9999.0,0.75,1,P59_CV0,2,1,1,1,1,0,2,0,2
49,-28379.49267,-349985.861,E49_F100_m43f43_P49_Y3_UO2052,ID43_F48_m60f60_P48_Y1_UO2770,I43_F48_m-1f-1_P43_Y-1_U117,MXY,4,0.0,1,0,0.0,0,0,0,-9999.0,0.75,1,P59_CV0,2,1,1,0,2,0,2,0,2
49,-28379.49267,-349985.861,E49_F60_m60f60_P75_Y0_UO3103,R60_F60_m-1f-1_P60_Y-1_U174,R60_F60_m-1f-1_P60_Y-1_U111,FXX,7,0.0,1,0,1.0,0,0,1,-9999.0,0.5,1,P59_CV0,2,1,1,0,2,0,2,0,2
49,-28379.49267,-349985.861,E49_F60_m-1f-1_P60_Y-1_U21,-9999,-9999,FXX,8,0.0,1,0,1.0,0,0,0,-9999.0,1.0,1,P59_CV0,2,2,0,1,1,0,2,0,2
49,-28379.49267,-349985.861,E49_F43_m-1f-1_P60_Y-1_U86,-9999,-9999,FXX,9,0.0,1,0,1.0,0,0,0,-9999.0,0.0,1,P59_CV0,2,0,2,0,2,0,2,0,2
49,-28379.49267,-349985.861,E49_F39_m-1f-1_P60_Y-1_U241,-9999,-9999,FXX,10,0.0,1,0,1.0,0,0,0,-9999.0,0.5,1,P59_CV0,2,1,1,1,1,0,2,0,2
49,-28379.49267,-349985.861,E49_F60_m-1f-1_P60_Y-1_U236,-9999,-9999,FXX,11,0.0,1,0,1.0,0,0,1,-9999.0,0.5,1,P59_CV0,2,1,1,1,1,0,2,0,2
49,-28379.49267,-349985.861,E49_F60_m-1f-1_P60_Y-1_U48,-9999,-9999,MXY,12,0.0,1,0,0.0,0,0,0,-9999.0,0.5,1,P59_CV0,2,1,1,0,2,0,2,0,2
49,-28379.49267,-349985.861,Age0_F49_m43f43_P49_Y7_UO2076,I43_F14_m43f43_P89_Y5_UO2116,I43_F14_m31f31_P68_Y2_UO1467,MXY,0,0.0,0,0,0.0,0,0,0,0.0,0.375,1,P62_CV0,2,1,1,0,2,0,2,0,2
49,-28379.49267,-349985.861,Age0_F49_m43f43_P49_Y7_UO2150,I43_F41_m63f63_P48_Y1_UO2875,I43_F41_m100f100_P49_Y3_UO4527,MXY,0,0.0,0,0,0.0,0,0,0,0.0,0.8125,1,P62_CV0,2,2,0,1,1,0,2,0,2
49,-28379.49267,-349985.861,Age0_F49_m43f43_P49_Y7_UO2156,I43_F48_m63f63_P49_Y1_UO2929,I43_F49_m43f43_P48_Y3_UO2039,FXX,0,0.0,0,0,0.0,0,0,0,0.0,0.5,1,P62_CV0,2,0,2,1,1,0,2,0,2
49,-28379.49267,-349985.861,E49_F43_m31f31_P48_Y6_UO1527,I31_F8_m25f25_P8_Y1_UO1180,I31_F68_m-1f-1_P63_Y-1_U69,MXY,1,0.0,1,1,0.0,0,0,0,-9999.0,0.5,1,P62_CV0,2,0,2,1,1,0,2,0,2
49,-28379.49267,-349985.861,E49_F43_m31f31_P48_Y6_UO1543,I31_F68_m-1f-1_P63_Y-1_U167,I31_F8_m63f63_P8_Y2_UO3069,MXY,1,0.0,1,1,0.0,0,0,0,-9999.0,0.25,1,P62_CV0,2,0,2,1,1,0,2,0,2
49,-28379.49267,-349985.861,E49_F43_m31f31_P49_Y6_UO1548,I31_F8_m-1f-1_P31_Y-1_U210,I31_F8_m-1f-1_P63_Y-1_U203,FXX,1,0.0,1,1,1.0,0,0,0,-9999.0,0.75,1,P62_CV0,2,1,1,1,1,0,2,0,2
49,-28379.49267,-349985.861,E49_F100_m63f63_P48_Y6_UO3026,I63_F8_m85f85_P69_Y3_UO3896,ID63_F36_m43f43_P49_Y0_UO2148,FXX,1,0.0,1,1,1.0,0,0,0,-9999.0,0.5625,1,P62_CV0,2,1,1,0,2,0,2,0,2
49,-28379.49267,-349985.861,E49_F43_m100f100_P49_Y5_UO4577,I100_F49_m11f11_P49_Y2_UO655,ID100_F49_m63f63_P68_Y2_UO3062,FXX,2,0.0,1,0,1.0,0,0,0,-9999.0,0.5,1,P62_CV0,2,1,1,2,0,0,2,0,2
49,-28379.49267,-349985.861,E49_F11_m65f65_P28_Y3_UO3093,I65_F98_m63f63_P68_Y1_UO2863,I65_F36_m-1f-1_P85_Y-1_U117,MXY,4,0.0,1,0,0.0,0,0,0,-9999.0,0.625,1,P62_CV0,2,1,1,0,2,0,2,0,2
49,-28379.49267,-349985.861,E49_F100_m43f43_P49_Y3_UO2045,I43_F48_m63f63_P48_Y1_UO2875,ID43_F41_m15f15_P14_Y1_UO774,FXX,4,0.0,1,0,1.0,0,0,0,-9999.0,0.625,1,P62_CV0,2,1,1,1,1,0,2,0,2
49,-28379.49267,-349985.861,E49_F43_m31f31_P68_Y2_UO1467,I31_F8_m63f63_P68_Y0_UO3242,ID31_F68_m25f25_P68_Y0_UO1335,MXY,5,0.0,1,0,0.0,0,0,0,-9999.0,0.25,1,P62_CV0,2,1,1,1,1,0,2,0,2
49,-28379.49267,-349985.861,E49_F11_m25f25_P8_Y1_UO1173,ID25_F69_m-1f-1_P63_Y-1_U136,I25_F69_m-1f-1_P25_Y-1_U217,MXY,6,0.0,1,0,0.0,0,0,0,-9999.0,0.75,1,P62_CV0,2,1,1,1,1,0,2,0,2
49,-28379.49267,-349985.861,E49_F25_m63f63_P68_Y1_UO2861,I63_F69_m-1f-1_P63_Y-1_U199,I63_F68_m-1f-1_P63_Y-1_U30,MXY,6,0.0,1,0,0.0,0,0,0,-9999.0,0.0,1,P62_CV0,2,0,2,2,0,0,2,0,2
49,-28379.49267,-349985.861,E49_F25_m63f63_P8_Y1_UO2915,ID63_F8_m-1f-1_P31_Y-1_U36,I63_F8_m-1f-1_P63_Y-1_U42,MXY,6,0.0,1,0,0.0,0,0,0,-9999.0,0.25,1,P62_CV0,2,1,1,1,1,0,2,0,2
49,-28379.49267,-349985.861,E49_F43_m63f63_P48_Y1_UO2875,I63_F8_m-1f-1_P63_Y-1_U133,ID63_F68_m-1f-1_P63_Y-1_U203,FXX,6,0.0,1,0,1.0,0,0,0,-9999.0,0.75,1,P62_CV0,2,1,1,1,1,0,2,0,2
49,-28379.49267,-349985.861,E49_F43_m63f63_P49_Y1_UO2929,I63_F8_m-1f-1_P63_Y-1_U93,ID63_F68_m-1f-1_P63_Y-1_U203,FXX,6,0.0,1,0,1.0,0,0,0,-9999.0,0.5,1,P62_CV0,2,1,1,1,1,0,2,0,2
49,-28379.49267,-349985.861,E49_F100_m63f63_P68_Y1_UO2878,I63_F69_m-1f-1_P63_Y-1_U158,I63_F69_m-1f-1_P63_Y-1_U110,MXY,6,0.0,1,0,0.0,0,0,0,-9999.0,0.75,1,P62_CV0,2,1,1,2,0,0,2,0,2
49,-28379.49267,-349985.861,Age0_F49_m11f11_P49_Y7_UO640,ID11_F49_m55f55_P49_Y5_UO2614,I11_F49_m-1f-1_P65_Y-1_U218,FXX,0,0.0,0,0,0.0,0,0,0,0.0,0.75,1,P64_CV0,2,2,0,0,2,0,2,0,2
49,-28379.49267,-349985.861,E49_F85_m85f85_P21_Y6_UO4059,ID85_F36_m-1f-1_P25_Y-1_U168,I85_F98_m-1f-1_P65_Y-1_U92,MXY,1,0.0,1,1,0.0,0,0,0,-9999.0,0.25,1,P64_CV0,2,0,2,1,1,0,2,0,2
49,-28379.49267,-349985.861,E49_F25_m-1f-1_P65_Y-1_U63,-9999,-9999,FXX,8,0.0,1,0,1.0,0,0,0,-9999.0,1.0,1,P64_CV0,2,2,0,2,0,0,2,0,2
49,-28379.49267,-349985.861,Age0_F49_m43f43_P49_Y7_UO2092,ID43_F49_m15f15_P14_Y5_UO847,I43_F48_m11f11_P49_Y4_UO640,MXY,0,0.0,0,0,0.0,0,0,0,0.0,0.34375,1,P72_CV0,2,1,1,0,2,0,2,0,2
49,-28379.49267,-349985.861,Age0_F49_m43f43_P49_Y7_UO2098,ID43_F48_m55f55_P89_Y5_UO2548,I43_F49_m-1f-1_P73_Y-1_U46,FXX,0,0.0,0,0,0.0,0,0,0,0.0,0.0625,1,P72_CV0,2,0,2,1,1,0,2,0,2
49,-28379.49267,-349985.861,Age0_F49_m43f43_P49_Y7_UO2119,ID43_F89_m73f73_P89_Y4_UO3292,I43_F49_m15f15_P41_Y5_UO870,FXX,0,0.0,0,0,0.0,0,0,0,0.0,0.4375,1,P72_CV0,2,2,0,1,1,0,2,0,2
49,-28379.49267,-349985.861,Age0_F49_m43f43_P49_Y7_UO2125,I43_F48_m84f84_P48_Y4_UO3824,I43_F48_m15f15_P89_Y4_UO783,MXY,0,0.0,0,0,0.0,0,0,0,0.0,0.59375,1,P72_CV0,2,1,1,2,0,0,2,0,2
49,-28379.49267,-349985.861,Age0_F49_m43f43_P49_Y7_UO2126,ID43_F41_m55f55_P89_Y4_UO2569,I43_F41_m11f11_P89_Y1_UO584,MXY,0,0.0,0,0,0.0,0,0,0,0.0,0.6875,1,P72_CV0,2,1,1,1,1,0,2,0,2
49,-28379.49267,-349985.861,Age0_F49_m43f43_P49_Y7_UO2155,I43_F49_m43f43_P49_Y1_UO1967,I43_F48_m43f43_P49_Y4_UO2066,FXX,0,0.0,0,0,0.0,0,0,0,0.0,0.25,1,P72_CV0,2,1,1,0,2,0,2,0,2
49,-28379.49267,-349985.861,Age0_F49_m43f43_P49_Y7_UO2158,I43_F49_m11f11_P49_Y1_UO535,I43_F48_m15f15_P89_Y4_UO783,MXY,0,0.0,0,0,0.0,0,0,0,0.0,0.3125,1,P72_CV0,2,0,2,2,0,0,2,0,2
49,-28379.49267,-349985.861,Age0_F49_m55f55_P49_Y7_UO2636,ID55_F41_m-1f-1_P73_Y-1_U210,I55_F14_m15f15_P41_Y5_UO886,FXX,0,0.0,0,0,0.0,0,0,0,0.0,0.53125,1,P72_CV0,2,1,1,1,1,0,2,0,2
49,-28379.49267,-349985.861,Age0_F49_m100f100_P49_Y7_UO4562,ID100_F49_m60f60_P48_Y5_UO2838,ID100_F48_m55f55_P41_Y4_UO2585,MXY,0,0.0,0,0,0.0,0,0,0,0.0,0.40625,1,P72_CV0,2,1,1,1,1,0,2,0,2
49,-28379.49267,-349985.861,Age0_F49_m100f100_P49_Y7_UO4619,I100_F68_m-1f-1_P100_Y-1_U25,ID100_F14_m55f55_P41_Y5_UO2630,FXX,0,0.0,0,0,0.0,0,0,0,0.0,0.0,1,P72_CV0,2,0,2,0,2,0,2,0,2
49,-28379.49267,-349985.861,E49_F43_m15f15_P41_Y6_UO834,I15_F14_m73f73_P41_Y3_UO3299,I15_F89_m55f55_P89_Y4_UO2509,FXX,1,0.0,1,1,1.0,0,0,0,-9999.0,0.28125,1,P72_CV0,2,0,2,0,2,0,2,0,2
49,-28379.49267,-349985.861,E49_F43_m11f11_P48_Y6_UO659,I11_F2_m-1f-1_P11_Y-1_U204,ID11_F89_m73f73_P41_Y1_UO3160,FXX,1,0.0,1,1,1.0,0,0,0,-9999.0,0.75,1,P72_CV0,2,2,0,1,1,0,2,0,2
49,-28379.49267,-349985.861,E49_F43_m15f15_P48_Y6_UO854,ID15_F89_m15f15_P41_Y1_UO776,ID15_F14_m73f73_P89_Y0_UO3530,MXY,1,0.0,1,1,0.0,0,0,0,-9999.0,0.25,1,P72_CV0,2,0,2,0,2,0,2,0,2
49,-28379.49267,-349985.861,E49_F43_m11f11_P49_Y6_UO677,I11_F2_m-1f-1_P11_Y-1_U38,ID11_F89_m-1f-1_P73_Y-1_U102,FXX,1,0.0,1,1,1.0,0,0,0,-9999.0,0.5,1,P72_CV0,2,2,0,0,2,0,2,0,2
49,-28379.49267,-349985.861,E49_F43_m100f100_P49_Y6_UO4613,I100_F49_m43f43_P48_Y3_UO2067,ID100_F48_m-1f-1_P43_Y-1_U168,MXY,1,0.0,1,1,0.0,0,0,0,-9999.0,0.375,1,P72_CV0,2,1,1,1,1,0,2,0,2
49,-28379.49267,-349985.861,E49_F100_m73f73_P41_Y6_UO3400,I73_F89_m73f73_P89_Y0_UO3569,I73_F89_m73f73_P14_Y1_UO3128,MXY,1,0.0,1,1,0.0,0,0,0,-9999.0,0.375,1,P72_CV0,2,0,2,2,0,0,2,0,2
49,-28379.49267,-349985.861,E49_F100_m55f55_P48_Y6_UO2631,I55_F14_m73f73_P89_Y1_UO3131,ID55_F48_m43f43_P14_Y1_UO1957,FXX,1,0.0,1,1,1.0,0,0,0,-9999.0,0.625,1,P72_CV0,2,1,1,1,1,0,2,0,2
49,-28379.49267,-349985.861,E49_F100_m100f100_P48_Y6_UO4600,I100_F48_m55f55_P48_Y4_UO2498,I100_F68_m-1f-1_P100_Y-1_U167,FXX,1,0.0,1,1,1.0,0,0,0,-9999.0,0.5625,1,P72_CV0,2,1,1,1,1,0,2,0,2
49,-28379.49267,-349985.861,E49_F11_m73f73_P89_Y5_UO3314,I73_F89_m55f55_P41_Y3_UO2572,I73_F89_m15f15_P89_Y3_UO767,FXX,2,0.0,1,0,1.0,0,0,0,-9999.0,0.625,1,P72_CV0,2,1,1,0,2,0,2,0,2
49,-28379.49267,-349985.861,E49_F11_m55f55_P49_Y5_UO2614,I55_F41_m-1f-1_P15_Y-1_U104,I55_F89_m73f73_P89_Y0_UO3603,FXX,2,0.0,1,0,1.0,0,0,0,-9999.0,0.5,1,P72_CV0,2,1,1,0,2,0,2,0,2
49,-28379.49267,-349985.861,E49_F43_m15f15_P14_Y5_UO847,I15_F89_m15f15_P14_Y0_UO843,I15_F89_m15f15_P89_Y3_UO782,FXX,2,0.0,1,0,1.0,0,0,0,-9999.0,0.4375,1,P72_CV0,2,1,1,0,2,0,2,0,2
49,-28379.49267,-349985.861,E49_F43_m55f55_P49_Y5_UO2621,I55_F89_m-1f-1_P15_Y-1_U6,ID55_F41_m73f73_P89_Y1_UO3124,MXY,2,0.0,1,0,0.0,0,0,0,-9999.0,0.375,1,P72_CV0,2,1,1,1,1,0,2,0,2
49,-28379.49267,-349985.861,E49_F43_m55f55_P89_Y5_UO2548,I55_F89_m55f55_P41_Y3_UO2605,I55_F41_m-1f-1_P73_Y-1_U246,FXX,2,0.0,1,0,1.0,0,0,0,-9999.0,0.125,1,P72_CV0,2,1,1,0,2,0,2,0,2
49,-28379.49267,-349985.861,E49_F43_m73f73_P89_Y5_UO3379,I73_F89_m-1f-1_P73_Y-1_U124,ID73_F89_m-1f-1_P73_Y-1_U192,MXY,2,0.0,1,0,0.0,0,0,0,-9999.0,0.5,1,P72_CV0,2,1,1,2,0,0,2,0,2
49,-28379.49267,-349985.861,E49_F55_m55f55_P89_Y5_UO2519,I55_F89_m73f73_P89_Y3_UO3349,I55_F89_m-1f-1_P55_Y-1_U185,FXX,2,0.0,1,0,1.0,0,0,0,-9999.0,0.75,1,P72_CV0,2,2,0,2,0,0,2,0,2
49,-28379.49267,-349985.861,E49_F100_m15f15_P49_Y5_UO853,I15_F41_m55f55_P41_Y0_UO2781,I15_F48_m73f73_P41_Y0_UO3549,MXY,2,0.0,1,0,0.0,0,0,0,-9999.0,0.875,1,P72_CV0,2,2,0,1,1,0,2,0,2
49,-28379.49267,-349985.861,E49_F100_m43f43_P49_Y5_UO2108,I43_F48_m11f11_P48_Y1_UO607,I43_F48_m15f15_P48_Y0_UO814,MXY,2,0.0,1,0,0.0,0,0,0,-9999.0,0.875,1,P72_CV0,2,2,0,0,2,0,2,0,2
49,-28379.49267,-349985.861,E49_F43_m55f55_P89_Y4_UO2569,I55_F89_m-1f-1_P55_Y-1_U96,I55_F89_m73f73_P89_Y1_UO3204,FXX,3,0.0,1,0,1.0,0,0,0,-9999.0,0.625,1,P72_CV0,2,1,1,1,1,0,2,0,2
49,-28379.49267,-349985.861,E49_F55_m43f43_P41_Y3_UO2116,I43_F48_m-1f-1_P43_Y-1_U128,I43_F48_m73f73_P89_Y0_UO3544,MXY,4,0.0,1,0,0.0,0,0,0,-9999.0,0.375,1,P72_CV0,2,0,2,1,1,0,2,0,2
49,-28379.49267,-349985.861,E49_F100_m15f15_P14_Y3_UO787,I15_F14_m11f11_P49_Y0_UO628,ID15_F89_m-1f-1_P73_Y-1_U217,MXY,4,0.0,1,0,0.0,0,0,0,-9999.0,0.5,1,P72_CV0,2,1,1,1,1,0,2,0,2
49,-28379.49267,-349985.861,E49_F100_m43f43_P48_Y3_UO2067,ID43_F49_m73f73_P14_Y0_UO3610,I43_F48_m-1f-1_P15_Y-1_U178,FXX,4,0.0,1,0,1.0,0,0,0,-9999.0,0.75,1,P72_CV0,2,1,1,1,1,0,2,0,2
49,-28379.49267,-349985.861,E49_F43_m73f73_P14_Y2_UO3356,ID73_F49_m-1f-1_P43_Y-1_U243,I73_F89_m-1f-1_P73_Y-1_U187,MXY,5,0.0,1,0,0.0,0,0,0,-9999.0,0.5,1,P72_CV0,2,2,0,1,1,0,2,0,2
49,-28379.49267,-349985.861,E49_F55_m73f73_P89_Y1_UO3120,I73_F89_m-1f-1_P73_Y-1_U157,I73_F89_m-1f-1_P73_Y-1_U202,MXY,6,0.0,1,0,0.0,0,0,0,-9999.0,1.0,1,P72_CV0,2,2,0,0,2,0,2,0,2
49,-28379.49267,-349985.861,E49_F55_m-1f-1_P73_Y-1_U210,-9999,-9999,FXX,15,0.0,1,0,1.0,0,0,0,-9999.0,0.5,1,P72_CV0,2,1,1,0,2,0,2,0,2
49,-28379.49267,-349985.861,E49_F11_m85f85_P2_Y6_UO3985,I85_F68_m25f25_P69_Y4_UO1252,I85_F36_m85f85_P98_Y4_UO3917,MXY,1,0.0,1,1,0.0,0,0,0,-9999.0,0.53125,1,P83_CV0,2,1,1,2,0,0,2,0,2
49,-28379.49267,-349985.861,E49_F43_m100f100_P48_Y6_UO4591,I100_F48_m84f84_P68_Y4_UO3830,I100_F49_m-1f-1_P85_Y-1_U49,MXY,1,0.0,1,1,0.0,0,0,0,-9999.0,0.6875,1,P83_CV0,2,2,0,1,1,0,2,0,2
49,-28379.49267,-349985.861,E49_F100_m84f84_P49_Y6_UO3918,I84_F8_m45f45_P68_Y3_UO2163,I84_F68_m-1f-1_P84_Y-1_U18,MXY,1,0.0,1,1,0.0,0,0,0,-9999.0,0.375,1,P83_CV0,2,1,1,1,1,0,2,0,2
49,-28379.49267,-349985.861,E49_F100_m100f100_P48_Y5_UO4601,I100_F49_m-1f-1_P84_Y-1_U78,ID100_F49_m73f73_P41_Y1_UO3119,MXY,2,0.0,1,0,0.0,0,0,0,-9999.0,0.375,1,P83_CV0,2,0,2,1,1,0,2,0,2
49,-28379.49267,-349985.861,E49_F100_m63f63_P68_Y5_UO3051,I63_F68_m-1f-1_P84_Y-1_U55,I63_F68_m100f100_P48_Y2_UO4619,MXY,2,0.0,1,0,0.0,0,0,0,-9999.0,0.625,1,P83_CV0,2,1,1,1,1,0,2,0,2
49,-28379.49267,-349985.861,E49_F84_m100f100_P68_Y3_UO4526,ID100_F8_m31f31_P8_Y1_UO1440,ID100_F68_m-1f-1_P84_Y-1_U108,MXY,4,0.0,1,0,0.0,0,0,0,-9999.0,0.75,1,P83_CV0,2,2,0,1,1,0,2,0,2
49,-28379.49267,-349985.861,Age0_F49_m11f11_P49_Y7_UO661,I11_F89_m-1f-1_P11_Y-1_U119,I11_F41_m85f85_P36_Y2_UO3982,MXY,0,0.0,0,0,0.0,0,0,0,0.0,0.125,1,P84_CV0,2,0,2,1,1,0,2,0,2
49,-28379.49267,-349985.861,Age0_F49_m100f100_P49_Y7_UO4581,I100_F49_m43f43_P49_Y3_UO2111,I100_F49_m85f85_P98_Y3_UO3931,FXX,0,0.0,0,0,0.0,0,0,0,0.0,0.5625,1,P84_CV0,2,1,1,0,2,0,2,0,2
49,-28379.49267,-349985.861,E49_F31_m31f31_P68_Y6_UO1466,ID31_F68_m31f31_P68_Y4_UO1513,I31_F68_m31f31_P68_Y2_UO1537,FXX,1,0.0,1,1,1.0,0,0,0,-9999.0,0.75,1,P84_CV0,2,2,0,1,1,0,2,0,2
49,-28379.49267,-349985.861,E49_F31_m84f84_P68_Y6_UO3876,I84_F68_m31f31_P8_Y4_UO1522,ID84_F8_m-1f-1_P85_Y-1_U117,FXX,1,0.0,1,1,1.0,0,0,0,-9999.0,0.6875,1,P84_CV0,2,2,0,1,1,0,2,0,2
49,-28379.49267,-349985.861,E49_F100_m11f11_P49_Y6_UO651,I11_F89_m85f85_P36_Y3_UO3944,I11_F68_m65f65_P28_Y3_UO3093,FXX,1,0.0,1,1,1.0,0,0,0,-9999.0,0.6875,1,P84_CV0,2,2,0,0,2,0,2,0,2
49,-28379.49267,-349985.861,E49_F100_m100f100_P49_Y6_UO4669,I100_F49_m-1f-1_P85_Y-1_U113,I100_F48_m100f100_P49_Y3_UO4575,FXX,1,0.0,1,1,1.0,0,0,0,-9999.0,0.75,1,P84_CV0,2,2,0,1,1,0,2,0,2
49,-28379.49267,-349985.861,E49_F43_m11f11_P48_Y5_UO675,I11_F49_m-1f-1_P11_Y-1_U99,I11_F48_m85f85_P69_Y2_UO3969,FXX,2,0.0,1,0,1.0,0,0,0,-9999.0,0.1875,1,P84_CV0,2,1,1,0,2,0,2,0,2
49,-28379.49267,-349985.861,E49_F84_m65f65_P69_Y5_UO3149,ID65_F98_m65f65_P98_Y2_UO3094,I65_F98_m-1f-1_P85_Y-1_U102,MXY,2,0.0,1,0,0.0,0,0,0,-9999.0,0.875,1,P84_CV0,2,2,0,1,1,0,2,0,2
49,-28379.49267,-349985.861,E49_F43_m31f31_P49_Y4_UO1503,I31_F8_m65f65_P8_Y0_UO3378,I31_F8_m31f31_P68_Y2_UO1537,FXX,3,0.0,1,0,1.0,0,0,0,-9999.0,0.625,1,P84_CV0,2,2,0,1,1,0,2,0,2
49,-28379.49267,-349985.861,E49_F100_m85f85_P98_Y3_UO3931,I85_F21_m85f85_P2_Y0_UO4296,I85_F69_m85f85_P36_Y0_UO4231,MXY,4,0.0,1,0,0.0,0,0,0,-9999.0,0.625,1,P84_CV0,2,1,1,0,2,0,2,0,2
49,-28379.49267,-349985.861,E49_F60_m87f87_P51_Y3_UO4007,I87_F24_m87f87_P24_Y0_UO4356,I87_F24_m87f87_P24_Y1_UO3818,MXY,4,0.0,1,0,0.0,0,0,0,-9999.0,0.625,1,P86_CV0,2,0,2,1,1,0,2,0,2
49,-28379.49267,-349985.861,Age0_F49_m43f43_P49_Y7_UO2079,ID43_F48_m55f55_P48_Y5_UO2636,I43_F48_m100f100_P49_Y1_UO4374,FXX,0,0.0,0,0,0.0,0,0,0,0.0,0.4375,1,P99_CV0,2,0,2,0,2,0,2,0,2
49,-28379.49267,-349985.861,Age0_F49_m43f43_P49_Y7_UO2117,I43_F49_m100f100_P48_Y4_UO4571,I43_F48_m100f100_P48_Y2_UO4553,FXX,0,0.0,0,0,0.0,0,0,0,0.0,0.5625,1,P99_CV0,2,0,2,2,0,0,2,0,2
49,-28379.49267,-349985.861,Age0_F49_m43f43_P49_Y7_UO2124,I43_F49_m31f31_P49_Y4_UO1503,ID43_F48_m15f15_P49_Y3_UO796,MXY,0,0.0,0,0,0.0,0,0,0,0.0,0.5625,1,P99_CV0,2,2,0,2,0,0,2,0,2
49,-28379.49267,-349985.861,Age0_F49_m43f43_P49_Y7_UO2132,ID43_F8_m100f100_P49_Y3_UO4603,I43_F49_m100f100_P49_Y1_UO4380,FXX,0,0.0,0,0,0.0,0,0,0,0.0,0.5,1,P99_CV0,2,2,0,1,1,0,2,0,2
49,-28379.49267,-349985.861,Age0_F49_m43f43_P49_Y7_UO2134,I43_F49_m100f100_P49_Y3_UO4544,I43_F48_m100f100_P48_Y4_UO4601,MXY,0,0.0,0,0,0.0,0,0,0,0.0,0.375,1,P99_CV0,2,0,2,2,0,0,2,0,2
49,-28379.49267,-349985.861,Age0_F49_m43f43_P49_Y7_UO2149,I43_F68_m100f100_P49_Y2_UO4563,I43_F48_m100f100_P49_Y2_UO4570,MXY,0,0.0,0,0,0.0,0,0,0,0.0,0.75,1,P99_CV0,2,2,0,1,1,0,2,0,2
49,-28379.49267,-349985.861,Age0_F49_m43f43_P49_Y7_UO2157,ID43_F48_m11f11_P89_Y1_UO609,ID43_F48_m-1f-1_P100_Y-1_U201,MXY,0,0.0,0,0,0.0,0,0,0,0.0,0.625,1,P99_CV0,2,1,1,1,1,0,2,0,2
49,-28379.49267,-349985.861,Age0_F49_m43f43_P49_Y7_UO2160,I43_F14_m25f25_P48_Y0_UO1400,I43_F49_m100f100_P48_Y4_UO4580,FXX,0,0.0,0,0,0.0,0,0,0,0.0,0.5,1,P99_CV0,2,1,1,1,1,0,2,0,2
49,-28379.49267,-349985.861,Age0_F49_m43f43_P49_Y7_UO2183,I43_F49_m-1f-1_P100_Y-1_U93,ID43_F49_m55f55_P14_Y5_UO2565,FXX,0,0.0,0,0,0.0,0,0,0,0.0,0.4375,1,P99_CV0,2,1,1,1,1,0,2,0,2
49,-28379.49267,-349985.861,Age0_F49_m100f100_P49_Y7_UO4554,I100_F48_m100f100_P49_Y5_UO4578,ID100_F49_m100f100_P48_Y0_UO4904,MXY,0,0.0,0,0,0.0,0,0,0,0.0,0.25,1,P99_CV0,2,1,1,2,0,0,2,0,2
49,-28379.49267,-349985.861,Age0_F49_m100f100_P49_Y7_UO4567,I100_F48_m100f100_P49_Y4_UO4540,ID100_F48_m-1f-1_P84_Y-1_U169,MXY,0,0.0,0,0,0.0,0,0,0,0.0,0.65625,1,P99_CV0,2,1,1,2,0,0,2,0,2
49,-28379.49267,-349985.861,Age0_F49_m100f100_P49_Y7_UO4575,I100_F48_m100f100_P49_Y4_UO4590,I100_F49_m43f43_P49_Y5_UO2111,FXX,0,0.0,0,0,0.0,0,0,0,0.0,0.375,1,P99_CV0,2,0,2,0,2,0,2,0,2
49,-28379.49267,-349985.861,Age0_F49_m100f100_P49_Y7_UO4590,ID100_F49_m100f100_P49_Y3_UO4593,I100_F49_m100f100_P48_Y1_UO4399,MXY,0,0.0,0,0,0.0,0,0,0,0.0,0.5,1,P99_CV0,2,0,2,2,0,0,2,0,2
49,-28379.49267,-349985.861,Age0_F49_m100f100_P49_Y7_UO4593,I100_F49_m100f100_P49_Y2_UO4624,ID100_F49_m43f43_P49_Y2_UO2027,FXX,0,0.0,0,0,0.0,0,0,0,0.0,0.5625,1,P99_CV0,2,2,0,1,1,0,2,0,2
49,-28379.49267,-349985.861,Age0_F49_m100f100_P49_Y7_UO4601,I100_F48_m100f100_P48_Y1_UO4405,I100_F49_m100f100_P49_Y3_UO4543,MXY,0,0.0,0,0,0.0,0,0,0,0.0,0.375,1,P99_CV0,2,1,1,1,1,0,2,0,2
49,-28379.49267,-349985.861,Age0_F49_m100f100_P49_Y7_UO4615,I100_F49_m-1f-1_P100_Y-1_U244,I100_F49_m43f43_P48_Y2_UO2069,FXX,0,0.0,0,0,0.0,0,0,0,0.0,0.25,1,P99_CV0,2,0,2,1,1,0,2,0,2
49,-28379.49267,-349985.861,Age0_F49_m100f100_P49_Y7_UO4617,I100_F49_m-1f-1_P100_Y-1_U13,ID100_F48_m65f65_P8_Y4_UO3104,MXY,0,0.0,0,0,0.0,0,0,0,0.0,0.75,1,P99_CV0,2,1,1,1,1,0,2,0,2
49,-28379.49267,-349985.861,Age0_F49_m100f100_P49_Y7_UO4620,I100_F48_m-1f-1_P100_Y-1_U79,ID100_F49_m100f100_P48_Y2_UO4625,MXY,0,0.0,0,0,0.0,0,0,0,0.0,0.25,1,P99_CV0,2,1,1,0,2,0,2,0,2
49,-28379.49267,-349985.861,E49_F43_m100f100_P48_Y6_UO4588,I100_F49_m100f100_P48_Y4_UO4552,I100_F48_m11f11_P48_Y4_UO639,MXY,1,0.0,1,1,0.0,0,0,0,-9999.0,0.625,1,P99_CV0,2,1,1,0,2,0,2,0,2
49,-28379.49267,-349985.861,E49_F43_m100f100_P48_Y6_UO4608,I100_F48_m100f100_P49_Y4_UO4540,ID100_F68_m11f11_P49_Y1_UO545,FXX,1,0.0,1,1,1.0,0,0,0,-9999.0,0.28125,1,P99_CV0,2,0,2,1,1,0,2,0,2
49,-28379.49267,-349985.861,E49_F43_m100f100_P48_Y6_UO4646,ID100_F89_m100f100_P49_Y0_UO4901,ID100_F49_m100f100_P48_Y4_UO4577,FXX,1,0.0,1,1,1.0,0,0,0,-9999.0,0.5625,1,P99_CV0,2,1,1,1,1,0,2,0,2
49,-28379.49267,-349985.861,E49_F43_m100f100_P48_Y6_UO4657,I100_F49_m-1f-1_P100_Y-1_U28,I100_F49_m100f100_P48_Y1_UO4399,MXY,1,0.0,1,1,0.0,0,0,0,-9999.0,0.75,1,P99_CV0,2,1,1,2,0,0,2,0,2
49,-28379.49267,-349985.861,E49_F43_m43f43_P49_Y6_UO2128,I43_F49_m55f55_P48_Y3_UO2519,I43_F48_m100f100_P49_Y0_UO4938,FXX,1,0.0,1,1,1.0,0,0,0,-9999.0,0.4375,1,P99_CV0,2,2,0,1,1,0,2,0,2
49,-28379.49267,-349985.861,E49_F43_m100f100_P49_Y6_UO4653,ID100_F49_m-1f-1_P100_Y-1_U121,I100_F48_m-1f-1_P100_Y-1_U101,FXX,1,0.0,1,1,1.0,0,0,0,-9999.0,0.5,1,P99_CV0,2,1,1,1,1,0,2,0,2
49,-28379.49267,-349985.861,E49_F43_m100f100_P49_Y6_UO4654,I100_F49_m-1f-1_P100_Y-1_U27,ID100_F48_m63f63_P68_Y4_UO3050,MXY,1,0.0,1,1,0.0,0,0,0,-9999.0,0.375,1,P99_CV0,2,1,1,1,1,0,2,0,2
49,-28379.49267,-349985.861,E49_F43_m100f100_P49_Y6_UO4659,I100_F48_m-1f-1_P100_Y-1_U244,I100_F49_m65f65_P8_Y4_UO3104,MXY,1,0.0,1,1,0.0,0,0,0,-9999.0,0.25,1,P99_CV0,2,1,1,0,2,0,2,0,2
49,-28379.49267,-349985.861,E49_F55_m43f43_P49_Y6_UO2102,I43_F48_m43f43_P48_Y4_UO2073,I43_F48_m-1f-1_P100_Y-1_U197,FXX,1,0.0,1,1,1.0,0,0,0,-9999.0,0.5625,1,P99_CV0,2,1,1,0,2,0,2,0,2
49,-28379.49267,-349985.861,E49_F100_m100f100_P8_Y6_UO4617,I100_F68_m100f100_P49_Y3_UO4603,I100_F49_m65f65_P8_Y4_UO3104,FXX,1,0.0,1,1,1.0,0,0,0,-9999.0,0.5,1,P99_CV0,2,1,1,2,0,0,2,0,2
49,-28379.49267,-349985.861,E49_F100_m43f43_P48_Y6_UO2167,ID43_F49_m43f43_P48_Y0_UO2202,I43_F49_m100f100_P48_Y4_UO4580,MXY,1,0.0,1,1,0.0,0,0,0,-9999.0,0.5,1,P99_CV0,2,1,1,1,1,0,2,0,2
49,-28379.49267,-349985.861,E49_F100_m100f100_P48_Y6_UO4638,I100_F49_m43f43_P48_Y1_UO1898,I100_F49_m100f100_P48_Y4_UO4608,MXY,1,0.0,1,1,0.0,0,0,0,-9999.0,0.375,1,P99_CV0,2,0,2,1,1,0,2,0,2
49,-28379.49267,-349985.861,E49_F100_m100f100_P48_Y6_UO4648,I100_F48_m-1f-1_P100_Y-1_U245,I100_F49_m-1f-1_P100_Y-1_U39,FXX,1,0.0,1,1,1.0,0,0,0,-9999.0,0.0,1,P99_CV0,2,0,2,1,1,0,2,0,2
49,-28379.49267,-349985.861,E49_F100_m43f43_P49_Y6_UO2137,I43_F41_m100f100_P49_Y3_UO4544,I43_F89_m15f15_P49_Y3_UO796,MXY,1,0.0,1,1,0.0,0,0,0,-9999.0,0.375,1,P99_CV0,2,1,1,2,0,0,2,0,2
49,-28379.49267,-349985.861,E49_F100_m43f43_P49_Y6_UO2156,I43_F49_m100f100_P48_Y1_UO4376,I43_F48_m100f100_P49_Y0_UO4938,MXY,1,0.0,1,1,0.0,0,0,0,-9999.0,0.5,1,P99_CV0,2,2,0,1,1,0,2,0,2
49,-28379.49267,-349985.861,E49_F100_m43f43_P49_Y6_UO2190,I43_F49_m-1f-1_P43_Y-1_U77,I43_F49_m100f100_P49_Y1_UO4373,FXX,1,0.0,1,1,1.0,0,0,0,-9999.0,0.0,1,P99_CV0,2,0,2,2,0,0,2,0,2
49,-28379.49267,-349985.861,E49_F100_m43f43_P49_Y6_UO2194,I43_F49_m-1f-1_P100_Y-1_U93,I43_F49_m11f11_P49_Y3_UO601,MXY,1,0.0,1,1,0.0,0,0,0,-9999.0,0.25,1,P99_CV0,2,0,2,2,0,0,2,0,2
49,-28379.49267,-349985.861,E49_F100_m55f55_P49_Y6_UO2624,I55_F89_m100f100_P48_Y1_UO4424,I55_F41_m73f73_P89_Y4_UO3282,MXY,1,0.0,1,1,0.0,0,0,0,-9999.0,0.625,1,P99_CV0,2,2,0,2,0,0,2,0,2
49,-28379.49267,-349985.861,E49_F100_m100f100_P49_Y6_UO4619,ID100_F89_m100f100_P48_Y3_UO4579,I100_F49_m-1f-1_P100_Y-1_U39,FXX,1,0.0,1,1,1.0,0,0,0,-9999.0,0.25,1,P99_CV0,2,0,2,1,1,0,2,0,2
49,-28379.49267,-349985.861,E49_F100_m100f100_P49_Y6_UO4651,I100_F48_m-1f-1_P100_Y-1_U243,I100_F49_m55f55_P48_Y4_UO2545,MXY,1,0.0,1,1,0.0,0,0,0,-9999.0,0.625,1,P99_CV0,2,1,1,1,1,0,2,0,2
49,-28379.49267,-349985.861,E49_F100_m100f100_P49_Y6_UO4660,I100_F48_m-1f-1_P100_Y-1_U13,I100_F48_m43f43_P49_Y4_UO2109,FXX,1,0.0,1,1,1.0,0,0,0,-9999.0,0.875,1,P99_CV0,2,2,0,1,1,0,2,0,2
49,-28379.49267,-349985.861,E49_F11_m100f100_P48_Y5_UO4590,ID100_F48_m100f100_P48_Y1_UO4405,ID100_F48_m43f43_P48_Y2_UO2045,MXY,2,0.0,1,0,0.0,0,0,0,-9999.0,0.625,1,P99_CV0,2,2,0,0,2,0,2,0,2
49,-28379.49267,-349985.861,E49_F43_m43f43_P89_Y5_UO2116,I43_F49_m100f100_P49_Y0_UO4901,ID43_F49_m100f100_P49_Y2_UO4613,FXX,2,0.0,1,0,1.0,0,0,0,-9999.0,0.5,1,P99_CV0,2,1,1,1,1,0,2,0,2
49,-28379.49267,-349985.861,E49_F43_m100f100_P48_Y5_UO4595,I100_F48_m43f43_P48_Y0_UO2190,I100_F48_m-1f-1_P100_Y-1_U49,MXY,2,0.0,1,0,0.0,0,0,0,-9999.0,1.0,1,P99_CV0,2,2,0,1,1,0,2,0,2
49,-28379.49267,-349985.861,E49_F100_m100f100_P49_Y5_UO4578,I100_F48_m65f65_P68_Y2_UO3130,I100_F49_m-1f-1_P100_Y-1_U26,FXX,2,0.0,1,0,1.0,0,0,0,-9999.0,0.5,1,P99_CV0,2,1,1,2,0,0,2,0,2
49,-28379.49267,-349985.861,E49_F100_m43f43_P48_Y5_UO2135,I43_F41_m-1f-1_P43_Y-1_U67,I43_F49_m-1f-1_P100_Y-1_U169,MXY,2,0.0,1,0,0.0,0,0,0,-9999.0,0.5,1,P99_CV0,2,2,0,1,1,0,2,0,2
49,-28379.49267,-349985.861,E49_F11_m100f100_P48_Y4_UO4552,I100_F68_m100f100_P48_Y2_UO4582,I100_F49_m-1f-1_P100_Y-1_U63,FXX,3,0.0,1,0,1.0,0,0,0,-9999.0,0.5,1,P99_CV0,2,2,0,1,1,0,2,0,2
49,-28379.49267,-349985.861,E49_F43_m43f43_P49_Y4_UO2074,I43_F48_m100f100_P48_Y0_UO4921,ID43_F14_m43f43_P49_Y2_UO2027,FXX,3,0.0,1,0,1.0,0,0,0,-9999.0,0.5625,1,P99_CV0,2,1,1,1,1,0,2,0,2
49,-28379.49267,-349985.861,E49_F43_m100f100_P48_Y4_UO4571,I100_F49_m100f100_P48_Y1_UO4362,I100_F48_m73f73_P41_Y2_UO3331,FXX,3,0.0,1,0,1.0,0,0,0,-9999.0,0.625,1,P99_CV0,2,1,1,2,0,0,2,0,2
49,-28379.49267,-349985.861,E49_F100_m100f100_P49_Y4_UO4540,I100_F49_m100f100_P48_Y2_UO4578,I100_F49_m11f11_P48_Y0_UO655,FXX,3,0.0,1,0,1.0,0,0,0,-9999.0,0.3125,1,P99_CV0,2,0,2,1,1,0,2,0,2
49,-28379.49267,-349985.861,E49_F100_m100f100_P48_Y4_UO4615,I100_F49_m-1f-1_P100_Y-1_U70,ID100_F8_m11f11_P2_Y0_UO676,MXY,3,0.0,1,0,0.0,0,0,0,-9999.0,0.625,1,P99_CV0,2,1,1,2,0,0,2,0,2
49,-28379.49267,-349985.861,E49_F100_m100f100_P48_Y4_UO4608,I100_F48_m-1f-1_P100_Y-1_U25,I100_F49_m-1f-1_P100_Y-1_U63,MXY,3,0.0,1,0,0.0,0,0,0,-9999.0,0.25,1,P99_CV0,2,0,2,2,0,0,2,0,2
49,-28379.49267,-349985.861,E49_F100_m100f100_P48_Y4_UO4611,I100_F49_m-1f-1_P100_Y-1_U175,I100_F48_m-1f-1_P100_Y-1_U155,FXX,3,0.0,1,0,1.0,0,0,0,-9999.0,0.25,1,P99_CV0,2,1,1,0,2,0,2,0,2
49,-28379.49267,-349985.861,E49_F100_m100f100_P48_Y4_UO4564,I100_F48_m100f100_P48_Y1_UO4405,I100_F49_m-1f-1_P100_Y-1_U82,FXX,3,0.0,1,0,1.0,0,0,0,-9999.0,0.75,1,P99_CV0,2,2,0,1,1,0,2,0,2
49,-28379.49267,-349985.861,E49_F43_m100f100_P49_Y3_UO4602,I100_F49_m-1f-1_P100_Y-1_U5,I100_F49_m-1f-1_P100_Y-1_U95,MXY,4,0.0,1,0,0.0,0,0,0,-9999.0,0.5,1,P99_CV0,2,1,1,2,0,0,2,0,2
49,-28379.49267,-349985.861,E49_F43_m100f100_P49_Y3_UO4527,ID100_F48_m100f100_P49_Y1_UO4368,ID100_F49_m100f100_P48_Y1_UO4381,MXY,4,0.0,1,0,0.0,0,0,0,-9999.0,0.875,1,P99_CV0,2,1,1,1,1,0,2,0,2
49,-28379.49267,-349985.861,E49_F43_m100f100_P48_Y3_UO4542,I100_F49_m100f100_P48_Y0_UO4961,I100_F49_m-1f-1_P100_Y-1_U55,MXY,4,0.0,1,0,0.0,0,0,0,-9999.0,0.875,1,P99_CV0,2,1,1,1,1,0,2,0,2
49,-28379.49267,-349985.861,E49_F43_m100f100_P49_Y3_UO4603,I100_F48_m-1f-1_P100_Y-1_U171,I100_F49_m11f11_P49_Y0_UO649,FXX,4,0.0,1,0,1.0,0,0,0,-9999.0,0.5,1,P99_CV0,2,1,1,2,0,0,2,0,2
49,-28379.49267,-349985.861,E49_F43_m100f100_P49_Y3_UO4544,ID100_F14_m43f43_P48_Y0_UO2198,I100_F48_m-1f-1_P100_Y-1_U75,FXX,4,0.0,1,0,1.0,0,0,0,-9999.0,0.25,1,P99_CV0,2,1,1,2,0,0,2,0,2
49,-28379.49267,-349985.861,E49_F43_m100f100_P49_Y3_UO4599,I100_F49_m-1f-1_P100_Y-1_U136,I100_F68_m-1f-1_P43_Y-1_U160,MXY,4,0.0,1,0,0.0,0,0,0,-9999.0,0.25,1,P99_CV0,2,1,1,2,0,0,2,0,2
49,-28379.49267,-349985.861,E49_F43_m100f100_P48_Y3_UO4569,I100_F8_m-1f-1_P100_Y-1_U67,I100_F49_m-1f-1_P100_Y-1_U95,MXY,4,0.0,1,0,0.0,0,0,0,-9999.0,0.75,1,P99_CV0,2,1,1,2,0,0,2,0,2
49,-28379.49267,-349985.861,E49_F100_m100f100_P49_Y3_UO4596,I100_F8_m-1f-1_P100_Y-1_U124,I100_F48_m-1f-1_P43_Y-1_U215,MXY,4,0.0,1,0,0.0,0,0,0,-9999.0,0.25,1,P99_CV0,2,0,2,1,1,0,2,0,2
49,-28379.49267,-349985.861,E49_F100_m100f100_P49_Y3_UO4593,I100_F49_m-1f-1_P100_Y-1_U70,I100_F68_m100f100_P48_Y1_UO4349,FXX,4,0.0,1,0,1.0,0,0,0,-9999.0,0.5,1,P99_CV0,2,0,2,1,1,0,2,0,2
49,-28379.49267,-349985.861,E49_F43_m100f100_P49_Y2_UO4570,I100_F69_m100f100_P48_Y0_UO4961,ID100_F49_m-1f-1_P55_Y-1_U191,MXY,5,0.0,1,0,0.0,0,0,0,-9999.0,0.625,1,P99_CV0,2,2,0,1,1,0,2,0,2
49,-28379.49267,-349985.861,E49_F43_m100f100_P48_Y2_UO4553,I100_F49_m31f31_P8_Y0_UO1583,ID100_F49_m-1f-1_P100_Y-1_U157,MXY,5,0.0,1,0,0.0,0,0,0,-9999.0,0.5,1,P99_CV0,2,0,2,1,1,0,2,0,2
49,-28379.49267,-349985.861,E49_F100_m43f43_P49_Y2_UO2093,ID43_F49_m-1f-1_P43_Y-1_U0,I43_F49_m100f100_P48_Y0_UO4996,MXY,5,0.0,1,0,0.0,0,0,0,-9999.0,0.75,1,P99_CV0,2,2,0,2,0,0,2,0,2
49,-28379.49267,-349985.861,E49_F100_m100f100_P49_Y2_UO4624,I100_F49_m-1f-1_P100_Y-1_U70,I100_F68_m-1f-1_P100_Y-1_U87,FXX,5,0.0,1,0,1.0,0,0,0,-9999.0,0.5,1,P99_CV0,2,1,1,2,0,0,2,0,2
49,-28379.49267,-349985.861,E49_F43_m100f100_P49_Y1_UO4380,I100_F49_m-1f-1_P100_Y-1_U149,I100_F48_m-1f-1_P100_Y-1_U193,MXY,6,0.0,1,0,0.0,0,0,0,-9999.0,0.5,1,P99_CV0,2,1,1,1,1,0,2,0,2
49,-28379.49267,-349985.861,E49_F100_m100f100_P48_Y1_UO4405,I100_F48_m-1f-1_P100_Y-1_U79,I100_F48_m-1f-1_P100_Y-1_U92,FXX,6,0.0,1,0,1.0,0,0,0,-9999.0,0.5,1,P99_CV0,2,2,0,0,2,0,2,0,2
49,-28379.49267,-349985.861,E49_F15_m100f100_P49_Y0_UO4905,R100_F100_m-1f-1_P100_Y-1_U10,R100_F100_m-1f-1_P100_Y-1_U206,MXY,7,0.0,1,0,0.0,0,0,0,-9999.0,0.5,1,P99_CV0,2,2,0,1,1,0,2,0,2
49,-28379.49267,-349985.861,E49_F43_m100f100_P48_Y0_UO4986,R100_F100_m-1f-1_P100_Y-1_U232,R100_F100_m-1f-1_P100_Y-1_U137,MXY,7,0.0,1,0,0.0,0,0,0,-9999.0,0.25,1,P99_CV0,2,0,2,1,1,0,2,0,2
49,-28379.49267,-349985.861,E49_F100_m-1f-1_P100_Y-1_U81,-9999,-9999,MXY,8,0.0,1,0,0.0,0,0,0,-9999.0,0.5,1,P99_CV0,2,1,1,1,1,0,2,0,2
49,-28379.49267,-349985.861,E49_F43_m-1f-1_P100_Y-1_U201,-9999,-9999,MXY,9,0.0,1,0,0.0,0,0,0,-9999.0,1.0,1,P99_CV0,2,2,0,0,2,0,2,0,2
49,-28379.49267,-349985.861,E49_F100_m-1f-1_P100_Y-1_U243,-9999,-9999,FXX,9,0.0,1,0,1.0,0,0,0,-9999.0,0.5,1,P99_CV0,2,1,1,0,2,0,2,0,2
49,-28379.49267,-349985.861,E49_F43_m-1f-1_P100_Y-1_U197,-9999,-9999,MXY,10,0.0,1,0,0.0,0,0,0,-9999.0,0.5,1,P99_CV0,2,1,1,1,1,0,2,0,2
49,-28379.49267,-349985.861,E49_F100_m-1f-1_P100_Y-1_U196,-9999,-9999,MXY,10,0.0,1,0,0.0,0,0,0,-9999.0,0.5,1,P99_CV0,2,1,1,2,0,0,2,0,2
49,-28379.49267,-349985.861,E49_F100_m-1f-1_P100_Y-1_U30,-9999,-9999,MXY,11,0.0,1,0,0.0,0,0,0,-9999.0,1.0,1,P99_CV0,2,2,0,0,2,0,2,0,2
49,-28379.49267,-349985.861,E49_F100_m-1f-1_P100_Y-1_U244,-9999,-9999,FXX,11,0.0,1,0,1.0,0,0,0,-9999.0,0.0,1,P99_CV0,2,0,2,1,1,0,2,0,2
49,-28379.49267,-349985.861,E49_F100_m-1f-1_P100_Y-1_U13,-9999,-9999,FXX,11,0.0,1,0,1.0,0,0,0,-9999.0,1.0,1,P99_CV0,2,2,0,0,2,0,2,0,2
49,-28379.49267,-349985.861,E49_F100_m-1f-1_P100_Y-1_U25,-9999,-9999,FXX,12,0.0,1,0,1.0,0,0,0,-9999.0,0.0,1,P99_CV0,2,0,2,1,1,0,2,0,2
49,-28379.49267,-349985.861,E49_F100_m-1f-1_P100_Y-1_U162,-9999,-9999,MXY,12,0.0,1,0,0.0,0,0,0,-9999.0,0.0,1,P99_CV0,2,0,2,1,1,0,2,0,2
49,-28379.49267,-349985.861,E49_F100_m-1f-1_P100_Y-1_U79,-9999,-9999,FXX,13,0.0,1,0,1.0,0,0,0,-9999.0,0.5,1,P99_CV0,2,1,1,0,2,0,2,0,2
49,-28379.49267,-349985.861,E49_F43_m-1f-1_P100_Y-1_U93,-9999,-9999,FXX,15,0.0,1,0,1.0,0,0,0,-9999.0,0.0,1,P99_CV0,2,0,2,1,1,0,2,0,2
51,-449973.5833,-40440.89648,Age0_F51_m39f39_P51_Y7_UO1841,I39_F19_m46f46_P93_Y4_UO2266,I39_F19_m87f87_P51_Y5_UO4071,MXY,0,0.0,0,0,0.0,0,0,0,0.0,0.0625,1,P11_CV0,2,1,1,1,1,0,2,0,2
51,-449973.5833,-40440.89648,E51_F39_m39f39_P19_Y6_UO1834,I39_F75_m46f46_P93_Y4_UO2266,I39_F19_m-1f-1_P39_Y-1_U63,MXY,1,0.0,1,1,0.0,0,0,0,-9999.0,0.5,1,P11_CV0,2,1,1,0,2,0,2,0,2
51,-449973.5833,-40440.89648,E51_F39_m46f46_P93_Y4_UO2266,I46_F52_m-1f-1_P46_Y-1_U217,I46_F52_m-1f-1_P12_Y-1_U243,FXX,3,0.0,1,0,1.0,0,0,0,-9999.0,0.0,1,P11_CV0,2,0,2,0,2,0,2,0,2
51,-449973.5833,-40440.89648,E51_F39_m46f46_P19_Y2_UO2214,I46_F93_m78f78_P13_Y0_UO3780,ID46_F52_m12f12_P52_Y0_UO744,MXY,5,0.0,1,0,0.0,0,0,0,-9999.0,0.875,1,P11_CV0,2,2,0,2,0,0,2,0,2
51,-449973.5833,-40440.89648,Age0_F51_m39f39_P51_Y7_UO1893,I39_F19_m-1f-1_P39_Y-1_U158,I39_F75_m60f60_P75_Y5_UO2804,MXY,0,0.0,0,0,0.0,0,0,0,0.0,0.1875,1,P14_CV0,2,1,1,2,0,0,2,0,2
51,-449973.5833,-40440.89648,E51_F60_m60f60_P75_Y2_UO2820,ID60_F49_m15f15_P14_Y0_UO842,I60_F75_m-1f-1_P60_Y-1_U188,MXY,5,0.0,1,0,0.0,0,0,1,-9999.0,0.0,1,P14_CV0,2,0,2,2,0,0,2,0,2
51,-449973.5833,-40440.89648,E51_F87_m46f46_P93_Y5_UO2308,I46_F35_m-1f-1_P46_Y-1_U158,I46_F52_m-1f-1_P30_Y-1_U71,MXY,2,0.0,1,0,0.0,0,0,0,-9999.0,0.75,1,P29_CV0,2,2,0,2,0,0,2,0,2
51,-449973.5833,-40440.89648,Age0_F51_m39f39_P51_Y7_UO1801,I39_F19_m39f39_P19_Y5_UO1856,ID39_F93_m39f39_P75_Y5_UO1838,FXX,0,0.0,0,0,0.0,0,0,0,0.0,0.34375,1,P38_CV0,2,1,1,0,2,0,2,0,2
51,-449973.5833,-40440.89648,Age0_F51_m39f39_P51_Y7_UO1809,I39_F93_m39f39_P51_Y5_UO1805,I39_F51_m60f60_P75_Y3_UO2815,FXX,0,0.0,0,0,0.0,0,0,0,0.0,0.5,1,P38_CV0,2,0,2,2,0,0,2,0,2
51,-449973.5833,-40440.89648,Age0_F51_m39f39_P51_Y7_UO1817,I39_F19_m60f60_P75_Y5_UO2847,I39_F19_m-1f-1_P39_Y-1_U83,FXX,0,0.0,0,0,0.0,0,0,0,0.0,0.25,1,P38_CV0,2,0,2,1,1,0,2,0,2
51,-449973.5833,-40440.89648,Age0_F51_m39f39_P51_Y7_UO1831,I39_F75_m39f39_P75_Y5_UO1881,ID39_F75_m-1f-1_P60_Y-1_U159,MXY,0,0.0,0,0,0.0,0,0,0,0.0,0.4375,1,P38_CV0,2,2,0,1,1,0,2,0,2
51,-449973.5833,-40440.89648,Age0_F51_m39f39_P51_Y7_UO1833,I39_F51_m39f39_P19_Y4_UO1814,I39_F19_m-1f-1_P39_Y-1_U160,FXX,0,0.0,0,0,0.0,0,0,0,0.0,0.40625,1,P38_CV0,2,1,1,2,0,0,2,0,2
51,-449973.5833,-40440.89648,Age0_F51_m39f39_P51_Y7_UO1850,I39_F75_m39f39_P75_Y3_UO1849,ID39_F19_m-1f-1_P39_Y-1_U162,MXY,0,0.0,0,0,0.0,0,0,0,0.0,0.625,1,P38_CV0,2,1,1,2,0,0,2,0,2
51,-449973.5833,-40440.89648,Age0_F51_m39f39_P51_Y7_UO1882,I39_F75_m-1f-1_P39_Y-1_U142,I39_F75_m39f39_P51_Y5_UO1857,FXX,0,0.0,0,0,0.0,0,0,0,0.0,0.5,1,P38_CV0,2,2,0,0,2,0,2,0,2
51,-449973.5833,-40440.89648,Age0_F51_m60f60_P51_Y7_UO2788,I60_F75_m60f60_P75_Y4_UO2805,ID60_F75_m-1f-1_P39_Y-1_U97,FXX,0,0.0,0,0,0.0,0,0,0,0.0,0.8125,1,P38_CV0,2,2,0,1,1,0,2,0,2
51,-449973.5833,-40440.89648,Age0_F51_m60f60_P51_Y7_UO2827,I60_F75_m60f60_P75_Y0_UO3093,I60_F75_m-1f-1_P39_Y-1_U146,MXY,0,0.0,0,0,0.0,0,0,0,0.0,0.375,1,P38_CV0,2,1,1,1,1,0,2,0,2
51,-449973.5833,-40440.89648,Age0_F51_m87f87_P51_Y7_UO4109,I87_F24_m87f87_P24_Y3_UO4042,I87_F24_m60f60_P75_Y4_UO2827,FXX,0,0.0,0,0,0.0,0,0,0,0.0,0.5,1,P38_CV0,2,2,0,0,2,0,2,0,2
51,-449973.5833,-40440.89648,Age0_F51_m87f87_P51_Y7_UO4111,ID87_F24_m39f39_P51_Y2_UO1787,ID87_F24_m-1f-1_P87_Y-1_U27,MXY,0,0.0,0,0,0.0,0,0,0,0.0,0.25,1,P38_CV0,2,1,1,2,0,0,2,0,2
51,-449973.5833,-40440.89648,E51_F39_m39f39_P19_Y6_UO1860,I39_F19_m60f60_P19_Y3_UO2833,ID39_F19_m39f39_P51_Y0_UO1881,FXX,1,0.0,1,1,1.0,0,0,0,-9999.0,0.5,1,P38_CV0,2,1,1,1,1,0,2,0,2
51,-449973.5833,-40440.89648,E51_F39_m39f39_P19_Y6_UO1900,I39_F19_m-1f-1_P39_Y-1_U236,I39_F75_m-1f-1_P39_Y-1_U162,FXX,1,0.0,1,1,1.0,0,0,0,-9999.0,0.25,1,P38_CV0,2,0,2,2,0,0,2,0,2
51,-449973.5833,-40440.89648,E51_F39_m39f39_P19_Y6_UO1902,I39_F93_m-1f-1_P60_Y-1_U245,I39_F19_m-1f-1_P39_Y-1_U172,FXX,1,0.0,1,1,1.0,0,0,0,-9999.0,0.0,1,P38_CV0,2,0,2,0,2,0,2,0,2
51,-449973.5833,-40440.89648,E51_F39_m39f39_P75_Y6_UO1841,I39_F75_m39f39_P19_Y4_UO1809,I39_F75_m39f39_P19_Y2_UO1794,FXX,1,0.0,1,1,1.0,0,0,0,-9999.0,0.6875,1,P38_CV0,2,1,1,2,0,0,2,0,2
51,-449973.5833,-40440.89648,E51_F39_m60f60_P75_Y6_UO2795,I60_F41_m39f39_P75_Y4_UO1871,I60_F75_m-1f-1_P39_Y-1_U97,FXX,1,0.0,1,1,1.0,0,0,0,-9999.0,0.75,1,P38_CV0,2,1,1,2,0,0,2,0,2
51,-449973.5833,-40440.89648,E51_F39_m60f60_P75_Y6_UO2831,I60_F75_m39f39_P75_Y1_UO1713,I60_F75_m-1f-1_P60_Y-1_U175,MXY,1,0.0,1,1,0.0,0,0,0,-9999.0,0.5,1,P38_CV0,2,1,1,0,2,0,2,0,2
51,-449973.5833,-40440.89648,E51_F60_m39f39_P75_Y6_UO1877,I39_F75_m39f39_P51_Y2_UO1786,I39_F19_m-1f-1_P39_Y-1_U63,MXY,1,0.0,1,1,0.0,0,0,0,-9999.0,0.5625,1,P38_CV0,2,1,1,1,1,0,2,0,2
51,-449973.5833,-40440.89648,E51_F39_m39f39_P75_Y5_UO1875,ID39_F75_m-1f-1_P39_Y-1_U122,I39_F19_m39f39_P19_Y2_UO1804,MXY,2,0.0,1,0,0.0,0,0,0,-9999.0,0.375,1,P38_CV0,2,1,1,2,0,0,2,0,2
51,-449973.5833,-40440.89648,E51_F39_m60f60_P75_Y5_UO2852,I60_F75_m-1f-1_P60_Y-1_U187,I60_F75_m-1f-1_P39_Y-1_U146,FXX,2,0.0,1,0,1.0,0,0,0,-9999.0,0.25,1,P38_CV0,2,1,1,1,1,0,2,0,2
51,-449973.5833,-40440.89648,E51_F39_m39f39_P51_Y5_UO1805,I39_F51_m39f39_P19_Y3_UO1844,I39_F19_m39f39_P51_Y3_UO1795,FXX,2,0.0,1,0,1.0,0,0,0,-9999.0,0.5,1,P38_CV0,2,0,2,1,1,0,2,0,2
51,-449973.5833,-40440.89648,E51_F39_m60f60_P75_Y5_UO2794,I60_F75_m39f39_P75_Y2_UO1785,I60_F75_m39f39_P75_Y2_UO1768,MXY,2,0.0,1,0,0.0,0,0,0,-9999.0,0.375,1,P38_CV0,2,1,1,2,0,0,2,0,2
51,-449973.5833,-40440.89648,E51_F39_m39f39_P75_Y5_UO1881,I39_F19_m-1f-1_P39_Y-1_U70,I39_F19_m39f39_P19_Y2_UO1813,FXX,2,0.0,1,0,1.0,0,0,0,-9999.0,0.375,1,P38_CV0,2,1,1,1,1,0,2,0,2
51,-449973.5833,-40440.89648,E51_F39_m39f39_P19_Y4_UO1814,I39_F51_m39f39_P51_Y2_UO1786,I39_F93_m39f39_P19_Y0_UO1851,FXX,3,0.0,1,0,1.0,0,0,0,-9999.0,0.3125,1,P38_CV0,2,1,1,2,0,0,2,0,2
51,-449973.5833,-40440.89648,E51_F39_m60f60_P75_Y4_UO2811,I60_F75_m39f39_P75_Y0_UO1928,ID60_F19_m-1f-1_P39_Y-1_U227,MXY,3,0.0,1,0,0.0,0,0,0,-9999.0,0.75,1,P38_CV0,2,1,1,2,0,0,2,0,2
51,-449973.5833,-40440.89648,E51_F60_m60f60_P75_Y4_UO2805,I60_F75_m39f39_P51_Y0_UO1852,I60_F75_m39f39_P75_Y1_UO1666,FXX,3,0.0,1,0,1.0,0,0,0,-9999.0,0.625,1,P38_CV0,2,1,1,1,1,0,2,0,2
51,-449973.5833,-40440.89648,E51_F39_m39f39_P75_Y3_UO1849,I39_F51_m-1f-1_P39_Y-1_U24,ID39_F19_m-1f-1_P39_Y-1_U8,FXX,4,0.0,1,0,1.0,0,0,0,-9999.0,0.75,1,P38_CV0,2,2,0,2,0,0,2,0,2
51,-449973.5833,-40440.89648,E51_F39_m60f60_P75_Y3_UO2788,I60_F19_m60f60_P75_Y1_UO2761,I60_F75_m-1f-1_P39_Y-1_U139,MXY,4,0.0,1,0,0.0,0,0,0,-9999.0,0.375,1,P38_CV0,2,0,2,0,2,0,2,0,2
51,-449973.5833,-40440.89648,E51_F87_m39f39_P51_Y2_UO1787,I39_F75_m39f39_P19_Y0_UO1847,I39_F75_m-1f-1_P39_Y-1_U205,FXX,5,0.0,1,0,1.0,0,0,0,-9999.0,0.5,1,P38_CV0,2,1,1,1,1,0,2,0,2
51,-449973.5833,-40440.89648,E51_F39_m-1f-1_P39_Y-1_U142,-9999,-9999,FXX,8,0.0,1,0,1.0,0,0,0,-9999.0,0.5,1,P38_CV0,2,1,1,1,1,0,2,0,2
51,-449973.5833,-40440.89648,E51_F39_m-1f-1_P39_Y-1_U83,-9999,-9999,MXY,12,0.0,1,0,0.0,0,0,0,-9999.0,0.5,1,P38_CV0,2,1,1,0,2,0,2,0,2
51,-449973.5833,-40440.89648,E51_F39_m-1f-1_P39_Y-1_U25,-9999,-9999,MXY,12,0.0,1,0,0.0,0,0,0,-9999.0,1.0,1,P38_CV0,2,2,0,0,2,0,2,0,2
51,-449973.5833,-40440.89648,E51_F39_m-1f-1_P39_Y-1_U162,-9999,-9999,MXY,12,0.0,1,0,0.0,0,0,0,-9999.0,0.5,1,P38_CV0,2,1,1,2,0,0,2,0,2
51,-449973.5833,-40440.89648,E51_F39_m-1f-1_P39_Y-1_U158,-9999,-9999,FXX,13,0.0,1,0,1.0,0,0,0,-9999.0,0.0,1,P38_CV0,2,0,2,2,0,0,2,0,2
51,-449973.5833,-40440.89648,E51_F39_m-1f-1_P39_Y-1_U172,-9999,-9999,MXY,14,0.0,1,0,0.0,0,0,0,-9999.0,0.0,1,P38_CV0,2,0,2,0,2,0,2,0,2
51,-449973.5833,-40440.89648,E51_F39_m60f60_P75_Y6_UO2834,ID60_F75_m60f60_P75_Y1_UO2771,I60_F75_m60f60_P75_Y4_UO2810,FXX,1,0.0,1,1,1.0,0,0,0,-9999.0,0.5625,1,P42_CV0,2,1,1,2,0,0,2,0,2
51,-449973.5833,-40440.89648,Age0_F51_m39f39_P51_Y7_UO1881,I39_F19_m46f46_P19_Y0_UO2346,I39_F93_m39f39_P19_Y4_UO1850,MXY,0,0.0,0,0,0.0,0,0,0,0.0,0.25,1,P45_CV0,2,1,1,1,1,0,2,0,2
51,-449973.5833,-40440.89648,E51_F39_m39f39_P19_Y6_UO1891,I39_F93_m46f46_P19_Y0_UO2346,ID39_F19_m60f60_P75_Y2_UO2805,FXX,1,0.0,1,1,1.0,0,0,0,-9999.0,0.3125,1,P45_CV0,2,1,1,1,1,0,2,0,2
51,-449973.5833,-40440.89648,E51_F39_m46f46_P19_Y6_UO2339,I46_F52_m-1f-1_P46_Y-1_U157,I46_F93_m-1f-1_P12_Y-1_U76,MXY,1,0.0,1,1,0.0,0,0,0,-9999.0,0.25,1,P45_CV0,2,1,1,1,1,0,2,0,2
51,-449973.5833,-40440.89648,E51_F39_m39f39_P51_Y5_UO1857,ID39_F19_m46f46_P19_Y0_UO2354,ID39_F51_m87f87_P51_Y3_UO4019,MXY,2,0.0,1,0,0.0,0,0,0,-9999.0,0.5,1,P45_CV0,2,1,1,1,1,0,2,0,2
51,-449973.5833,-40440.89648,E51_F39_m39f39_P75_Y4_UO1810,I39_F19_m78f78_P93_Y2_UO3468,ID39_F93_m-1f-1_P46_Y-1_U246,MXY,3,0.0,1,0,0.0,0,0,0,-9999.0,0.5625,1,P45_CV0,2,2,0,1,1,0,2,0,2
51,-449973.5833,-40440.89648,E51_F87_m39f39_P51_Y3_UO1851,I39_F19_m-1f-1_P46_Y-1_U17,ID39_F51_m-1f-1_P60_Y-1_U9,FXX,4,0.0,1,0,1.0,0,0,0,-9999.0,0.5,1,P45_CV0,2,2,0,1,1,0,2,0,2
51,-449973.5833,-40440.89648,E51_F39_m46f46_P19_Y0_UO2346,R46_F46_m-1f-1_P46_Y-1_U52,R46_F46_m-1f-1_P46_Y-1_U2,FXX,7,0.0,1,0,1.0,0,0,0,-9999.0,0.0,1,P45_CV0,2,0,2,0,2,0,2,0,2
51,-449973.5833,-40440.89648,Age0_F51_m39f39_P51_Y7_UO1802,I39_F75_m78f78_P93_Y5_UO3533,I39_F19_m39f39_P19_Y5_UO1810,FXX,0,0.0,0,0,0.0,0,0,0,0.0,0.3125,1,P59_CV0,2,1,1,0,2,0,2,0,2
51,-449973.5833,-40440.89648,Age0_F51_m39f39_P51_Y7_UO1825,I39_F75_m60f60_P75_Y5_UO2844,I39_F19_m60f60_P75_Y0_UO3051,MXY,0,0.0,0,0,0.0,0,0,0,0.0,0.75,1,P59_CV0,2,1,1,0,2,0,2,0,2
51,-449973.5833,-40440.89648,Age0_F51_m39f39_P51_Y7_UO1838,I39_F19_m39f39_P75_Y4_UO1813,ID39_F75_m39f39_P51_Y1_UO1660,FXX,0,0.0,0,0,0.0,0,0,0,0.0,0.4375,1,P59_CV0,2,2,0,1,1,0,2,0,2
51,-449973.5833,-40440.89648,Age0_F51_m39f39_P51_Y7_UO1870,ID39_F51_m39f39_P51_Y1_UO1662,I39_F19_m37f37_P93_Y5_UO1693,MXY,0,0.0,0,0,0.0,0,0,0,0.0,0.59375,1,P59_CV0,2,2,0,2,0,0,2,0,2
51,-449973.5833,-40440.89648,Age0_F51_m60f60_P51_Y7_UO2847,I60_F75_m-1f-1_P60_Y-1_U2,I60_F51_m-1f-1_P60_Y-1_U89,MXY,0,0.0,0,0,0.0,0,0,0,0.0,0.75,1,P59_CV0,2,2,0,1,1,0,2,0,2
51,-449973.5833,-40440.89648,Age0_F51_m87f87_P51_Y7_UO4145,I87_F24_m-1f-1_P87_Y-1_U125,I87_F24_m87f87_P24_Y4_UO4050,MXY,0,0.0,0,0,0.0,0,0,0,0.0,0.5625,1,P59_CV0,2,1,1,1,1,0,2,0,2
51,-449973.5833,-40440.89648,E51_F39_m39f39_P19_Y6_UO1912,I39_F75_m-1f-1_P39_Y-1_U82,I39_F75_m60f60_P75_Y1_UO2711,FXX,1,0.0,1,1,1.0,0,0,0,-9999.0,0.625,1,P59_CV0,2,2,0,1,1,0,2,0,2
51,-449973.5833,-40440.89648,E51_F39_m39f39_P51_Y6_UO1908,I39_F75_m-1f-1_P39_Y-1_U122,I39_F19_m60f60_P75_Y3_UO2853,MXY,1,0.0,1,1,0.0,0,0,0,-9999.0,0.5625,1,P59_CV0,2,2,0,1,1,0,2,0,2
51,-449973.5833,-40440.89648,E51_F39_m39f39_P75_Y6_UO1906,I39_F19_m-1f-1_P60_Y-1_U241,I39_F51_m39f39_P19_Y4_UO1862,FXX,1,0.0,1,1,1.0,0,0,0,-9999.0,0.5625,1,P59_CV0,2,1,1,1,1,0,2,0,2
51,-449973.5833,-40440.89648,E51_F39_m60f60_P75_Y5_UO2847,I60_F75_m-1f-1_P60_Y-1_U17,I60_F75_m-1f-1_P60_Y-1_U75,FXX,2,0.0,1,0,1.0,0,0,0,-9999.0,0.0,1,P59_CV0,2,0,2,1,1,0,2,0,2
51,-449973.5833,-40440.89648,E51_F39_m60f60_P75_Y5_UO2807,I60_F75_m39f39_P75_Y1_UO1650,ID60_F93_m60f60_P75_Y1_UO2718,MXY,2,0.0,1,0,0.0,0,0,0,-9999.0,0.5,1,P59_CV0,2,1,1,1,1,0,2,0,2
51,-449973.5833,-40440.89648,E51_F39_m60f60_P75_Y5_UO2844,I60_F75_m-1f-1_P60_Y-1_U174,I60_F75_m-1f-1_P60_Y-1_U124,FXX,2,0.0,1,0,1.0,0,0,0,-9999.0,0.75,1,P59_CV0,2,2,0,0,2,0,2,0,2
51,-449973.5833,-40440.89648,E51_F39_m60f60_P75_Y4_UO2837,I60_F75_m-1f-1_P60_Y-1_U174,I60_F51_m-1f-1_P60_Y-1_U189,MXY,3,0.0,1,0,0.0,0,0,0,-9999.0,0.5,1,P59_CV0,2,1,1,1,1,0,2,0,2
51,-449973.5833,-40440.89648,E51_F39_m39f39_P75_Y4_UO1813,ID39_F75_m87f87_P51_Y2_UO4083,ID39_F75_m60f60_P75_Y2_UO2809,FXX,3,0.0,1,0,1.0,0,0,0,-9999.0,0.625,1,P59_CV0,2,1,1,2,0,0,2,0,2
51,-449973.5833,-40440.89648,E51_F87_m87f87_P24_Y4_UO4050,I87_F24_m60f60_P51_Y0_UO3091,I87_F24_m-1f-1_P87_Y-1_U39,MXY,3,0.0,1,0,0.0,0,0,0,-9999.0,0.625,1,P59_CV0,2,2,0,1,1,0,2,0,2
51,-449973.5833,-40440.89648,E51_F39_m60f60_P75_Y3_UO2786,I60_F75_m60f60_P75_Y1_UO2705,I60_F75_m60f60_P75_Y1_UO2745,MXY,4,0.0,1,0,0.0,0,0,0,-9999.0,0.25,1,P59_CV0,2,0,2,1,1,0,2,0,2
51,-449973.5833,-40440.89648,E51_F87_m87f87_P24_Y3_UO3997,ID87_F24_m60f60_P51_Y1_UO2764,I87_F24_m-1f-1_P87_Y-1_U146,MXY,4,0.0,1,0,0.0,0,0,0,-9999.0,0.625,1,P59_CV0,2,2,0,1,1,0,2,0,2
51,-449973.5833,-40440.89648,E51_F39_m60f60_P75_Y2_UO2846,I60_F75_m-1f-1_P60_Y-1_U214,I60_F51_m-1f-1_P39_Y-1_U139,MXY,5,0.0,1,0,0.0,0,0,0,-9999.0,0.5,1,P59_CV0,2,1,1,2,0,0,2,0,2
51,-449973.5833,-40440.89648,E51_F39_m60f60_P75_Y2_UO2821,ID60_F75_m60f60_P75_Y0_UO3112,I60_F75_m60f60_P75_Y0_UO3094,MXY,5,0.0,1,0,0.0,0,0,0,-9999.0,0.75,1,P59_CV0,2,2,0,1,1,0,2,0,2
51,-449973.5833,-40440.89648,E51_F39_m39f39_P51_Y1_UO1662,I39_F75_m-1f-1_P39_Y-1_U17,ID39_F75_m-1f-1_P60_Y-1_U230,FXX,6,0.0,1,0,1.0,0,0,0,-9999.0,0.75,1,P59_CV0,2,1,1,1,1,0,2,0,2
51,-449973.5833,-40440.89648,E51_F60_m60f60_P75_Y0_UO3093,R60_F60_m-1f-1_P60_Y-1_U147,R60_F60_m-1f-1_P60_Y-1_U145,FXX,7,0.0,1,0,1.0,0,0,0,-9999.0,0.25,1,P59_CV0,2,1,1,0,2,0,2,0,2
51,-449973.5833,-40440.89648,E51_F87_m60f60_P51_Y0_UO3091,R60_F60_m-1f-1_P60_Y-1_U142,R60_F60_m-1f-1_P60_Y-1_U42,FXX,7,0.0,1,0,1.0,0,0,0,-9999.0,0.75,1,P59_CV0,2,2,0,1,1,0,2,0,2
51,-449973.5833,-40440.89648,E51_F39_m-1f-1_P60_Y-1_U159,-9999,-9999,MXY,12,0.0,1,0,0.0,0,0,0,-9999.0,0.5,1,P59_CV0,2,1,1,1,1,0,2,0,2
51,-449973.5833,-40440.89648,E51_F60_m-1f-1_P60_Y-1_U2,-9999,-9999,FXX,16,0.0,1,0,1.0,0,0,1,-9999.0,1.0,1,P59_CV0,2,2,0,2,0,0,2,0,2
51,-449973.5833,-40440.89648,Age0_F51_m60f60_P51_Y7_UO2802,I60_F75_m15f15_P14_Y3_UO758,I60_F19_m39f39_P19_Y2_UO1804,FXX,0,0.0,0,0,0.0,0,0,0,0.0,0.4375,1,P72_CV0,2,1,1,0,2,0,2,0,2
51,-449973.5833,-40440.89648,E51_F60_m15f15_P14_Y3_UO758,I15_F14_m73f73_P41_Y1_UO3159,I15_F14_m55f55_P89_Y0_UO2800,FXX,4,0.0,1,0,1.0,0,0,0,-9999.0,0.625,1,P72_CV0,2,2,0,0,2,0,2,0,2
51,-449973.5833,-40440.89648,Age0_F51_m39f39_P51_Y7_UO1804,I39_F19_m60f60_P75_Y5_UO2812,ID39_F19_m78f78_P93_Y5_UO3499,FXX,0,0.0,0,0,0.0,0,0,0,0.0,0.40625,1,P77_CV0,2,1,1,1,1,0,2,0,2
51,-449973.5833,-40440.89648,E51_F60_m39f39_P75_Y6_UO1873,I39_F19_m60f60_P75_Y2_UO2828,I39_F75_m39f39_P19_Y2_UO1774,FXX,1,0.0,1,1,1.0,0,0,0,-9999.0,0.5,1,P77_CV0,2,2,0,1,1,0,2,0,2
51,-449973.5833,-40440.89648,E51_F87_m78f78_P93_Y6_UO3560,ID78_F13_m-1f-1_P78_Y-1_U246,I78_F13_m78f78_P93_Y2_UO3518,FXX,1,0.0,1,1,1.0,0,0,0,-9999.0,0.75,1,P77_CV0,2,2,0,2,0,0,2,0,2
51,-449973.5833,-40440.89648,E51_F39_m78f78_P93_Y5_UO3533,I78_F54_m-1f-1_P78_Y-1_U179,I78_F38_m30f30_P93_Y3_UO1440,FXX,2,0.0,1,0,1.0,0,0,0,-9999.0,0.1875,1,P77_CV0,2,0,2,1,1,0,2,0,2
51,-449973.5833,-40440.89648,E51_F39_m39f39_P19_Y2_UO1774,I39_F19_m87f87_P51_Y0_UO4313,I39_F93_m78f78_P93_Y0_UO3784,MXY,5,0.0,1,0,0.0,0,0,0,-9999.0,0.5,1,P77_CV0,2,1,1,1,1,0,2,0,2
51,-449973.5833,-40440.89648,Age0_F51_m39f39_P51_Y7_UO1844,I39_F75_m39f39_P19_Y4_UO1809,ID39_F19_m-1f-1_P60_Y-1_U8,FXX,0,0.0,0,0,0.0,0,0,0,0.0,0.5625,1,P86_CV0,2,1,1,1,1,0,2,0,2
51,-449973.5833,-40440.89648,Age0_F51_m87f87_P51_Y7_UO4053,ID87_F24_m87f87_P19_Y5_UO4117,I87_F51_m4f4_P67_Y5_UO213,MXY,0,0.0,0,0,0.0,0,0,0,0.0,0.5,1,P86_CV0,2,2,0,2,0,0,2,0,2
51,-449973.5833,-40440.89648,Age0_F51_m87f87_P51_Y7_UO4071,I87_F24_m87f87_P24_Y5_UO4051,I87_F24_m-1f-1_P87_Y-1_U77,MXY,0,0.0,0,0,0.0,0,0,0,0.0,0.5625,1,P86_CV0,2,2,0,0,2,0,2,0,2
51,-449973.5833,-40440.89648,Age0_F51_m87f87_P51_Y7_UO4073,I87_F24_m87f87_P51_Y5_UO4052,ID87_F24_m-1f-1_P87_Y-1_U113,MXY,0,0.0,0,0,0.0,0,0,0,0.0,0.3125,1,P86_CV0,2,0,2,2,0,0,2,0,2
51,-449973.5833,-40440.89648,Age0_F51_m87f87_P51_Y7_UO4097,I87_F67_m87f87_P24_Y3_UO3987,I87_F67_m87f87_P24_Y4_UO4026,MXY,0,0.0,0,0,0.0,0,0,0,0.0,0.625,1,P86_CV0,2,1,1,1,1,0,2,0,2
51,-449973.5833,-40440.89648,Age0_F51_m87f87_P51_Y7_UO4100,ID87_F24_m39f39_P51_Y3_UO1851,I87_F24_m-1f-1_P87_Y-1_U77,MXY,0,0.0,0,0,0.0,0,0,0,0.0,0.5,1,P86_CV0,2,1,1,1,1,0,2,0,2
51,-449973.5833,-40440.89648,Age0_F51_m87f87_P51_Y7_UO4113,I87_F24_m87f87_P24_Y2_UO4008,I87_F24_m4f4_P67_Y5_UO220,FXX,0,0.0,0,0,0.0,0,0,0,0.0,0.59375,1,P86_CV0,2,2,0,2,0,0,2,0,2
51,-449973.5833,-40440.89648,Age0_F51_m87f87_P51_Y7_UO4115,I87_F24_m87f87_P24_Y2_UO4036,I87_F24_m60f60_P75_Y4_UO2827,FXX,0,0.0,0,0,0.0,0,0,0,0.0,0.5,1,P86_CV0,2,2,0,0,2,0,2,0,2
51,-449973.5833,-40440.89648,Age0_F51_m87f87_P51_Y7_UO4120,I87_F24_m87f87_P51_Y1_UO3890,I87_F24_m87f87_P51_Y5_UO4114,MXY,0,0.0,0,0,0.0,0,0,0,0.0,0.5,1,P86_CV0,2,1,1,1,1,0,2,0,2
51,-449973.5833,-40440.89648,Age0_F51_m87f87_P51_Y7_UO4122,I87_F24_m87f87_P24_Y1_UO3874,ID87_F24_m87f87_P24_Y2_UO4050,FXX,0,0.0,0,0,0.0,0,0,0,0.0,0.3125,1,P86_CV0,2,0,2,1,1,0,2,0,2
51,-449973.5833,-40440.89648,Age0_F51_m87f87_P51_Y7_UO4130,I87_F24_m60f60_P51_Y0_UO3091,I87_F51_m4f4_P67_Y5_UO213,FXX,0,0.0,0,0,0.0,0,0,0,0.0,0.625,1,P86_CV0,2,1,1,2,0,0,2,0,2
51,-449973.5833,-40440.89648,Age0_F51_m87f87_P51_Y7_UO4155,I87_F24_m-1f-1_P87_Y-1_U228,I87_F24_m-1f-1_P87_Y-1_U144,FXX,0,0.0,0,0,0.0,0,0,0,0.0,0.75,1,P86_CV0,2,1,1,2,0,0,2,0,2
51,-449973.5833,-40440.89648,E51_F39_m39f39_P19_Y6_UO1836,I39_F51_m39f39_P75_Y4_UO1813,I39_F51_m87f87_P19_Y2_UO4051,FXX,1,0.0,1,1,1.0,0,0,0,-9999.0,0.5625,1,P86_CV0,2,1,1,2,0,0,2,0,2
51,-449973.5833,-40440.89648,E51_F39_m39f39_P75_Y6_UO1888,I39_F19_m60f60_P75_Y1_UO2713,I39_F75_m87f87_P19_Y1_UO3871,MXY,1,0.0,1,1,0.0,0,0,0,-9999.0,0.25,1,P86_CV0,2,0,2,1,1,0,2,0,2
51,-449973.5833,-40440.89648,E51_F60_m39f39_P75_Y6_UO1830,I39_F51_m39f39_P19_Y4_UO1831,ID39_F19_m87f87_P51_Y4_UO4094,FXX,1,0.0,1,1,1.0,0,0,0,-9999.0,1.0,1,P86_CV0,2,2,0,0,2,0,2,0,2
51,-449973.5833,-40440.89648,E51_F87_m87f87_P24_Y6_UO4076,I87_F24_m87f87_P24_Y4_UO4044,ID87_F24_m87f87_P24_Y3_UO3985,FXX,1,0.0,1,1,1.0,0,0,0,-9999.0,0.3125,1,P86_CV0,2,1,1,1,1,0,2,0,2
51,-449973.5833,-40440.89648,E51_F87_m87f87_P24_Y6_UO4080,I87_F24_m87f87_P24_Y4_UO4065,ID87_F24_m87f87_P24_Y4_UO4060,MXY,1,0.0,1,1,0.0,0,0,0,-9999.0,0.4375,1,P86_CV0,2,1,1,1,1,0,2,0,2
51,-449973.5833,-40440.89648,E51_F87_m87f87_P24_Y6_UO4104,ID87_F93_m87f87_P24_Y3_UO3992,I87_F51_m-1f-1_P87_Y-1_U147,MXY,1,0.0,1,1,0.0,0,0,0,-9999.0,0.5,1,P86_CV0,2,1,1,0,2,0,2,0,2
51,-449973.5833,-40440.89648,E51_F87_m87f87_P24_Y6_UO4124,ID87_F93_m39f39_P51_Y1_UO1685,I87_F24_m-1f-1_P87_Y-1_U103,MXY,1,0.0,1,1,0.0,0,0,0,-9999.0,0.25,1,P86_CV0,2,0,2,0,2,0,2,0,2
51,-449973.5833,-40440.89648,E51_F87_m87f87_P24_Y6_UO4134,I87_F24_m87f87_P24_Y1_UO3874,I87_F24_m-1f-1_P87_Y-1_U120,MXY,1,0.0,1,1,0.0,0,0,0,-9999.0,0.5,1,P86_CV0,2,1,1,2,0,0,2,0,2
51,-449973.5833,-40440.89648,E51_F87_m87f87_P24_Y6_UO4140,I87_F24_m87f87_P24_Y0_UO4389,I87_F24_m87f87_P24_Y1_UO3818,MXY,1,0.0,1,1,0.0,0,0,0,-9999.0,0.5,1,P86_CV0,2,1,1,0,2,0,2,0,2
51,-449973.5833,-40440.89648,E51_F87_m87f87_P24_Y6_UO4149,I87_F93_m-1f-1_P87_Y-1_U235,ID87_F24_m39f39_P51_Y4_UO1852,FXX,1,0.0,1,1,1.0,0,0,0,-9999.0,0.375,1,P86_CV0,2,0,2,0,2,0,2,0,2
51,-449973.5833,-40440.89648,E51_F87_m87f87_P24_Y6_UO4153,I87_F24_m-1f-1_P87_Y-1_U30,I87_F51_m-1f-1_P87_Y-1_U147,MXY,1,0.0,1,1,0.0,0,0,0,-9999.0,0.75,1,P86_CV0,2,2,0,2,0,0,2,0,2
51,-449973.5833,-40440.89648,E51_F87_m87f87_P24_Y6_UO4166,I87_F24_m-1f-1_P87_Y-1_U115,I87_F24_m87f87_P24_Y4_UO4068,FXX,1,0.0,1,1,1.0,0,0,0,-9999.0,0.375,1,P86_CV0,2,0,2,0,2,0,2,0,2
51,-449973.5833,-40440.89648,E51_F39_m39f39_P19_Y5_UO1856,ID39_F19_m87f87_P51_Y0_UO4313,I39_F75_m39f39_P51_Y0_UO1881,FXX,2,0.0,1,0,1.0,0,0,0,-9999.0,0.625,1,P86_CV0,2,1,1,0,2,0,2,0,2
51,-449973.5833,-40440.89648,E51_F39_m60f60_P75_Y5_UO2812,I60_F14_m60f60_P75_Y1_UO2697,I60_F75_m87f87_P51_Y3_UO4007,FXX,2,0.0,1,0,1.0,0,0,0,-9999.0,0.3125,1,P86_CV0,2,0,2,1,1,0,2,0,2
51,-449973.5833,-40440.89648,E51_F60_m39f39_P75_Y5_UO1865,I39_F19_m-1f-1_P39_Y-1_U61,I39_F19_m87f87_P51_Y0_UO4371,MXY,2,0.0,1,0,0.0,0,0,0,-9999.0,0.125,1,P86_CV0,2,1,1,1,1,0,2,0,2
51,-449973.5833,-40440.89648,E51_F87_m87f87_P19_Y5_UO4117,I87_F93_m-1f-1_P87_Y-1_U83,I87_F24_m-1f-1_P87_Y-1_U39,FXX,2,0.0,1,0,1.0,0,0,0,-9999.0,0.5,1,P86_CV0,2,1,1,1,1,0,2,0,2
51,-449973.5833,-40440.89648,E51_F87_m87f87_P24_Y5_UO4051,ID87_F51_m87f87_P24_Y3_UO4032,ID87_F51_m87f87_P24_Y3_UO4069,FXX,2,0.0,1,0,1.0,0,0,0,-9999.0,0.625,1,P86_CV0,2,2,0,0,2,0,2,0,2
51,-449973.5833,-40440.89648,E51_F87_m87f87_P51_Y5_UO4052,I87_F24_m87f87_P24_Y3_UO3984,I87_F51_m-1f-1_P87_Y-1_U75,FXX,2,0.0,1,0,1.0,0,0,0,-9999.0,0.625,1,P86_CV0,2,1,1,2,0,0,2,0,2
51,-449973.5833,-40440.89648,E51_F39_m87f87_P19_Y4_UO4011,I87_F24_m87f87_P24_Y2_UO4073,ID87_F24_m87f87_P24_Y2_UO4004,MXY,3,0.0,1,0,0.0,0,0,0,-9999.0,0.3125,1,P86_CV0,2,0,2,0,2,0,2,0,2
51,-449973.5833,-40440.89648,E51_F39_m39f39_P19_Y4_UO1809,ID39_F75_m87f87_P51_Y2_UO4071,I39_F93_m39f39_P19_Y2_UO1817,FXX,3,0.0,1,0,1.0,0,0,0,-9999.0,0.625,1,P86_CV0,2,1,1,2,0,0,2,0,2
51,-449973.5833,-40440.89648,E51_F87_m87f87_P24_Y4_UO4085,I87_F24_m-1f-1_P87_Y-1_U191,I87_F24_m87f87_P24_Y2_UO4056,MXY,3,0.0,1,0,0.0,0,0,0,-9999.0,0.375,1,P86_CV0,2,1,1,1,1,0,2,0,2
51,-449973.5833,-40440.89648,E51_F39_m87f87_P51_Y3_UO4019,I87_F24_m87f87_P67_Y0_UO4367,I87_F61_m-1f-1_P87_Y-1_U47,MXY,4,0.0,1,0,0.0,0,0,0,-9999.0,0.75,1,P86_CV0,2,2,0,1,1,0,2,0,2
51,-449973.5833,-40440.89648,E51_F87_m87f87_P24_Y3_UO4056,I87_F51_m-1f-1_P87_Y-1_U234,I87_F24_m46f46_P93_Y1_UO2123,MXY,4,0.0,1,0,0.0,0,0,0,-9999.0,0.375,1,P86_CV0,2,1,1,1,1,0,2,0,2
51,-449973.5833,-40440.89648,E51_F87_m87f87_P24_Y3_UO3987,I87_F24_m87f87_P51_Y1_UO3860,I87_F61_m-1f-1_P87_Y-1_U47,FXX,4,0.0,1,0,1.0,0,0,0,-9999.0,1.0,1,P86_CV0,2,2,0,0,2,0,2,0,2
51,-449973.5833,-40440.89648,E51_F87_m87f87_P24_Y3_UO4042,I87_F24_m-1f-1_P87_Y-1_U125,ID87_F24_m-1f-1_P87_Y-1_U54,FXX,4,0.0,1,0,1.0,0,0,0,-9999.0,0.5,1,P86_CV0,2,2,0,0,2,0,2,0,2
51,-449973.5833,-40440.89648,E51_F87_m87f87_P24_Y3_UO4030,I87_F24_m-1f-1_P87_Y-1_U197,I87_F51_m-1f-1_P87_Y-1_U64,MXY,4,0.0,1,0,0.0,0,0,0,-9999.0,0.5,1,P86_CV0,2,1,1,1,1,0,2,0,2
51,-449973.5833,-40440.89648,E51_F87_m87f87_P24_Y2_UO4035,I87_F24_m-1f-1_P87_Y-1_U232,I87_F24_m-1f-1_P87_Y-1_U243,MXY,5,0.0,1,0,0.0,0,0,0,-9999.0,0.75,1,P86_CV0,2,2,0,1,1,0,2,0,2
51,-449973.5833,-40440.89648,E51_F87_m87f87_P24_Y2_UO4008,I87_F24_m77f77_P67_Y0_UO3622,I87_F24_m-1f-1_P87_Y-1_U20,FXX,5,0.0,1,0,1.0,0,0,0,-9999.0,0.5,1,P86_CV0,2,1,1,1,1,0,2,0,2
51,-449973.5833,-40440.89648,E51_F87_m87f87_P24_Y2_UO4040,I87_F24_m-1f-1_P87_Y-1_U30,I87_F24_m87f87_P24_Y0_UO4382,MXY,5,0.0,1,0,0.0,0,0,0,-9999.0,0.75,1,P86_CV0,2,1,1,1,1,0,2,0,2
51,-449973.5833,-40440.89648,E51_F87_m87f87_P24_Y2_UO4036,I87_F24_m-1f-1_P87_Y-1_U197,I87_F51_m87f87_P24_Y0_UO4406,FXX,5,0.0,1,0,1.0,0,0,0,-9999.0,0.5,1,P86_CV0,2,1,1,0,2,0,2,0,2
51,-449973.5833,-40440.89648,E51_F87_m87f87_P24_Y2_UO4017,I87_F24_m87f87_P24_Y0_UO4341,ID87_F24_m-1f-1_P87_Y-1_U89,MXY,5,0.0,1,0,0.0,0,0,0,-9999.0,0.125,1,P86_CV0,2,0,2,2,0,0,2,0,2
51,-449973.5833,-40440.89648,E51_F39_m87f87_P19_Y1_UO3871,I87_F24_m-1f-1_P87_Y-1_U9,ID87_F24_m-1f-1_P87_Y-1_U240,MXY,6,0.0,1,0,0.0,0,0,0,-9999.0,0.5,1,P86_CV0,2,0,2,1,1,0,2,0,2
51,-449973.5833,-40440.89648,E51_F87_m87f87_P51_Y1_UO3890,I87_F24_m-1f-1_P87_Y-1_U228,I87_F24_m-1f-1_P87_Y-1_U117,FXX,6,0.0,1,0,1.0,0,0,0,-9999.0,0.5,1,P86_CV0,2,1,1,2,0,0,2,0,2
51,-449973.5833,-40440.89648,E51_F87_m87f87_P24_Y1_UO3874,I87_F24_m-1f-1_P87_Y-1_U126,I87_F24_m-1f-1_P87_Y-1_U64,FXX,6,0.0,1,0,1.0,0,0,0,-9999.0,0.0,1,P86_CV0,2,0,2,2,0,0,2,0,2
51,-449973.5833,-40440.89648,E51_F87_m87f87_P51_Y1_UO3836,ID87_F38_m-1f-1_P78_Y-1_U224,I87_F24_m-1f-1_P87_Y-1_U110,MXY,6,0.0,1,0,0.0,0,0,0,-9999.0,0.75,1,P86_CV0,2,1,1,1,1,0,2,0,2
51,-449973.5833,-40440.89648,E51_F87_m-1f-1_P87_Y-1_U44,-9999,-9999,MXY,8,0.0,1,0,0.0,0,0,0,-9999.0,1.0,1,P86_CV0,2,2,0,1,1,0,2,0,2
51,-449973.5833,-40440.89648,E51_F78_m-1f-1_P87_Y-1_U187,-9999,-9999,MXY,9,0.0,1,0,0.0,0,0,0,-9999.0,0.5,1,P86_CV0,2,1,1,0,2,0,2,0,2
51,-449973.5833,-40440.89648,E51_F87_m-1f-1_P87_Y-1_U95,-9999,-9999,MXY,9,0.0,1,0,0.0,0,0,0,-9999.0,0.5,1,P86_CV0,2,1,1,1,1,0,2,0,2
51,-449973.5833,-40440.89648,E51_F87_m-1f-1_P87_Y-1_U125,-9999,-9999,FXX,10,0.0,1,0,1.0,0,0,1,-9999.0,0.5,1,P86_CV0,2,1,1,1,1,0,2,0,2
51,-449973.5833,-40440.89648,E51_F87_m-1f-1_P87_Y-1_U231,-9999,-9999,MXY,10,0.0,1,0,0.0,0,0,0,-9999.0,1.0,1,P86_CV0,2,2,0,1,1,0,2,0,2
51,-449973.5833,-40440.89648,E51_F87_m-1f-1_P87_Y-1_U24,-9999,-9999,MXY,12,0.0,1,0,0.0,0,0,0,-9999.0,0.5,1,P86_CV0,2,1,1,0,2,0,2,0,2
51,-449973.5833,-40440.89648,E51_F87_m-1f-1_P87_Y-1_U27,-9999,-9999,MXY,13,0.0,1,0,0.0,0,0,0,-9999.0,0.0,1,P86_CV0,2,0,2,1,1,0,2,0,2
51,-449973.5833,-40440.89648,E51_F87_m-1f-1_P87_Y-1_U147,-9999,-9999,MXY,15,0.0,1,0,0.0,0,0,0,-9999.0,0.5,1,P86_CV0,2,1,1,1,1,0,2,0,2
51,-449973.5833,-40440.89648,E51_F87_m-1f-1_P87_Y-1_U228,-9999,-9999,FXX,16,0.0,1,0,1.0,0,0,0,-9999.0,1.0,1,P86_CV0,2,2,0,2,0,0,2,0,2
51,-449973.5833,-40440.89648,E51_F87_m-1f-1_P87_Y-1_U215,-9999,-9999,MXY,16,0.0,1,0,0.0,0,0,0,-9999.0,0.0,1,P86_CV0,2,0,2,2,0,0,2,0,2
51,-449973.5833,-40440.89648,Age0_F51_m39f39_P51_Y7_UO1807,ID39_F75_m60f60_P75_Y5_UO2852,I39_F19_m12f12_P19_Y2_UO741,MXY,0,0.0,0,0,0.0,0,0,0,0.0,0.125,1,P89_CV0,2,1,1,0,2,0,2,0,2
51,-449973.5833,-40440.89648,E51_F39_m39f39_P19_Y5_UO1832,I39_F13_m100f100_P48_Y2_UO4601,I39_F93_m39f39_P19_Y2_UO1794,MXY,2,0.0,1,0,0.0,0,0,0,-9999.0,0.625,1,P99_CV0,2,2,0,2,0,0,2,0,2
52,-565638.3341,-464090.3415,Age0_F52_m12f12_P52_Y7_UO684,I12_F52_m12f12_P52_Y5_UO697,ID12_F52_m46f46_P52_Y5_UO2315,MXY,0,0.0,0,0,0.0,0,0,0,0.0,0.28125,1,P11_CV0,2,0,2,0,2,0,2,0,2
52,-565638.3341,-464090.3415,Age0_F52_m12f12_P52_Y7_UO686,I12_F52_m12f12_P52_Y5_UO772,ID12_F86_m45f45_P86_Y0_UO2258,MXY,0,0.0,0,0,0.0,0,0,0,0.0,0.625,1,P11_CV0,2,1,1,1,1,0,2,0,2
52,-565638.3341,-464090.3415,Age0_F52_m12f12_P52_Y7_UO699,ID12_F52_m12f12_P52_Y5_UO777,I12_F13_m12f12_P52_Y4_UO681,MXY,0,0.0,0,0,0.0,0,0,0,0.0,0.4375,1,P11_CV0,2,1,1,1,1,0,2,0,2
52,-565638.3341,-464090.3415,Age0_F52_m12f12_P52_Y7_UO709,I12_F86_m30f30_P52_Y4_UO1426,ID12_F52_m46f46_P86_Y3_UO2225,MXY,0,0.0,0,0,0.0,0,0,0,0.0,0.5,1,P11_CV0,2,1,1,1,1,0,2,0,2
52,-565638.3341,-464090.3415,Age0_F52_m12f12_P52_Y7_UO723,I12_F52_m12f12_P52_Y4_UO732,ID12_F52_m-1f-1_P12_Y-1_U97,MXY,0,0.0,0,0,0.0,0,0,0,0.0,0.375,1,P11_CV0,2,0,2,1,1,0,2,0,2
52,-565638.3341,-464090.3415,Age0_F52_m12f12_P52_Y7_UO727,I12_F52_m12f12_P52_Y3_UO736,ID12_F52_m90f90_P35_Y4_UO4168,FXX,0,0.0,0,0,0.0,0,0,0,0.0,0.5625,1,P11_CV0,2,0,2,0,2,0,2,0,2
52,-565638.3341,-464090.3415,Age0_F52_m12f12_P52_Y7_UO728,I12_F86_m12f12_P52_Y3_UO752,ID12_F93_m-1f-1_P12_Y-1_U166,MXY,0,0.0,0,0,0.0,0,0,0,0.0,0.5,1,P11_CV0,2,1,1,1,1,0,2,0,2
52,-565638.3341,-464090.3415,Age0_F52_m12f12_P52_Y7_UO749,I12_F52_m12f12_P52_Y1_UO678,I12_F86_m12f12_P52_Y1_UO671,MXY,0,0.0,0,0,0.0,0,0,0,0.0,0.5,1,P11_CV0,2,2,0,0,2,0,2,0,2
52,-565638.3341,-464090.3415,Age0_F52_m12f12_P52_Y7_UO756,ID12_F86_m30f30_P52_Y0_UO1467,ID12_F93_m-1f-1_P12_Y-1_U166,FXX,0,0.0,0,0,0.0,0,0,0,0.0,0.5,1,P11_CV0,2,1,1,2,0,0,2,0,2
52,-565638.3341,-464090.3415,Age0_F52_m12f12_P52_Y7_UO760,I12_F52_m12f12_P52_Y0_UO771,I12_F52_m46f46_P52_Y4_UO2258,MXY,0,0.0,0,0,0.0,0,0,0,0.0,0.5,1,P11_CV0,2,1,1,1,1,0,2,0,2
52,-565638.3341,-464090.3415,Age0_F52_m12f12_P52_Y7_UO763,I12_F52_m-1f-1_P12_Y-1_U124,I12_F52_m-1f-1_P46_Y-1_U65,FXX,0,0.0,0,0,0.0,0,0,0,0.0,0.75,1,P11_CV0,2,1,1,2,0,0,2,0,2
52,-565638.3341,-464090.3415,Age0_F52_m12f12_P52_Y7_UO765,I12_F93_m-1f-1_P23_Y-1_U72,I12_F52_m46f46_P52_Y5_UO2276,MXY,0,0.0,0,0,0.0,0,0,0,0.0,0.1875,1,P11_CV0,2,0,2,2,0,0,2,0,2
52,-565638.3341,-464090.3415,Age0_F52_m12f12_P52_Y7_UO772,I12_F52_m-1f-1_P12_Y-1_U6,I12_F52_m12f12_P52_Y4_UO701,MXY,0,0.0,0,0,0.0,0,0,0,0.0,0.6875,1,P11_CV0,2,1,1,2,0,0,2,0,2
52,-565638.3341,-464090.3415,Age0_F52_m30f30_P52_Y7_UO1388,ID30_F74_m46f46_P52_Y4_UO2255,I30_F38_m12f12_P93_Y5_UO753,MXY,0,0.0,0,0,0.0,0,0,0,0.0,0.4375,1,P11_CV0,2,2,0,1,1,0,2,0,2
52,-565638.3341,-464090.3415,Age0_F52_m30f30_P52_Y7_UO1405,I30_F38_m12f12_P52_Y3_UO747,I30_F52_m78f78_P13_Y4_UO3478,MXY,0,0.0,0,0,0.0,0,0,0,0.0,0.8125,1,P11_CV0,2,2,0,0,2,0,2,0,2
52,-565638.3341,-464090.3415,Age0_F52_m30f30_P52_Y7_UO1415,ID30_F38_m46f46_P52_Y3_UO2219,I30_F74_m12f12_P52_Y2_UO730,MXY,0,0.0,0,0,0.0,0,0,0,0.0,0.5625,1,P11_CV0,2,1,1,1,1,0,2,0,2
52,-565638.3341,-464090.3415,Age0_F52_m46f46_P52_Y7_UO2268,I46_F52_m45f45_P52_Y5_UO2205,I46_F52_m-1f-1_P46_Y-1_U1,MXY,0,0.0,0,0,0.0,0,0,0,0.0,0.5,1,P11_CV0,2,0,2,2,0,0,2,0,2
52,-565638.3341,-464090.3415,Age0_F52_m46f46_P52_Y7_UO2276,I46_F52_m12f12_P52_Y5_UO780,ID46_F6_m50f50_P57_Y4_UO2403,FXX,0,0.0,0,0,0.0,0,0,0,0.0,0.3125,1,P11_CV0,2,1,1,1,1,0,2,0,2
52,-565638.3341,-464090.3415,Age0_F52_m46f46_P52_Y7_UO2279,I46_F93_m30f30_P52_Y5_UO1343,ID46_F93_m46f46_P52_Y5_UO2243,FXX,0,0.0,0,0,0.0,0,0,0,0.0,0.5625,1,P11_CV0,2,2,0,0,2,0,2,0,2
52,-565638.3341,-464090.3415,Age0_F52_m46f46_P52_Y7_UO2315,ID46_F13_m12f12_P52_Y2_UO694,I46_F86_m46f46_P52_Y5_UO2288,FXX,0,0.0,0,0,0.0,0,0,0,0.0,0.3125,1,P11_CV0,2,0,2,2,0,0,2,0,2
52,-565638.3341,-464090.3415,Age0_F52_m46f46_P52_Y7_UO2321,I46_F35_m12f12_P52_Y2_UO695,ID46_F13_m37f37_P38_Y3_UO1780,MXY,0,0.0,0,0,0.0,0,0,0,0.0,0.5,1,P11_CV0,2,2,0,2,0,0,2,0,2
52,-565638.3341,-464090.3415,Age0_F52_m46f46_P52_Y7_UO2347,I46_F52_m-1f-1_P12_Y-1_U79,I46_F52_m-1f-1_P46_Y-1_U201,MXY,0,0.0,0,0,0.0,0,0,0,0.0,0.75,1,P11_CV0,2,2,0,0,2,0,2,0,2
52,-565638.3341,-464090.3415,Age0_F52_m46f46_P52_Y7_UO2348,I46_F52_m-1f-1_P12_Y-1_U80,I46_F52_m78f78_P13_Y4_UO3432,MXY,0,0.0,0,0,0.0,0,0,0,0.0,0.1875,1,P11_CV0,2,1,1,1,1,0,2,0,2
52,-565638.3341,-464090.3415,Age0_F52_m46f46_P52_Y7_UO2352,I46_F93_m-1f-1_P12_Y-1_U34,I46_F52_m12f12_P52_Y5_UO703,FXX,0,0.0,0,0,0.0,0,0,0,0.0,0.3125,1,P11_CV0,2,1,1,1,1,0,2,0,2
52,-565638.3341,-464090.3415,Age0_F52_m46f46_P52_Y7_UO2354,I46_F86_m-1f-1_P46_Y-1_U31,I46_F52_m12f12_P52_Y4_UO735,FXX,0,0.0,0,0,0.0,0,0,0,0.0,0.4375,1,P11_CV0,2,1,1,1,1,0,2,0,2
52,-565638.3341,-464090.3415,E52_F12_m12f12_P52_Y6_UO710,ID12_F86_m12f12_P52_Y4_UO732,ID12_F86_m-1f-1_P12_Y-1_U102,FXX,1,0.0,1,1,1.0,0,0,0,-9999.0,0.125,1,P11_CV0,2,0,2,1,1,0,2,0,2
52,-565638.3341,-464090.3415,E52_F12_m12f12_P52_Y6_UO727,I12_F86_m30f30_P52_Y3_UO1347,I12_F52_m-1f-1_P12_Y-1_U39,FXX,1,0.0,1,1,1.0,0,0,0,-9999.0,0.625,1,P11_CV0,2,1,1,1,1,0,2,0,2
52,-565638.3341,-464090.3415,E52_F12_m46f46_P52_Y6_UO2345,I46_F13_m-1f-1_P12_Y-1_U128,I46_F52_m46f46_P52_Y3_UO2288,FXX,1,0.0,1,1,1.0,0,0,0,-9999.0,0.75,1,P11_CV0,2,2,0,1,1,0,2,0,2
52,-565638.3341,-464090.3415,E52_F12_m46f46_P52_Y6_UO2346,I46_F93_m-1f-1_P12_Y-1_U79,ID46_F52_m12f12_P52_Y1_UO681,FXX,1,0.0,1,1,1.0,0,0,0,-9999.0,0.375,1,P11_CV0,2,0,2,0,2,0,2,0,2
52,-565638.3341,-464090.3415,E52_F12_m12f12_P86_Y6_UO698,ID12_F86_m12f12_P86_Y4_UO691,I12_F86_m12f12_P35_Y1_UO628,FXX,1,0.0,1,1,1.0,0,0,0,-9999.0,0.5,1,P11_CV0,2,1,1,0,2,0,2,0,2
52,-565638.3341,-464090.3415,E52_F12_m90f90_P86_Y6_UO4329,I90_F27_m-1f-1_P90_Y-1_U51,I90_F57_m12f12_P52_Y0_UO780,MXY,1,0.0,1,1,0.0,0,0,0,-9999.0,0.25,1,P11_CV0,2,0,2,2,0,0,2,0,2
52,-565638.3341,-464090.3415,E52_F30_m90f90_P35_Y6_UO4305,I90_F86_m12f12_P52_Y1_UO637,I90_F35_m42f42_P98_Y2_UO2001,MXY,1,0.0,1,1,0.0,0,0,0,-9999.0,0.375,1,P11_CV0,2,1,1,2,0,0,2,0,2
52,-565638.3341,-464090.3415,E52_F30_m37f37_P38_Y6_UO1763,I37_F38_m7f7_P38_Y2_UO464,I37_F13_m12f12_P52_Y0_UO727,MXY,1,0.0,1,1,0.0,0,0,0,-9999.0,0.5,1,P11_CV0,2,1,1,1,1,0,2,0,2
52,-565638.3341,-464090.3415,E52_F46_m12f12_P52_Y6_UO707,I12_F52_m46f46_P52_Y4_UO2263,I12_F52_m12f12_P52_Y3_UO667,FXX,1,0.0,1,1,1.0,0,0,0,-9999.0,0.625,1,P11_CV0,2,2,0,2,0,0,2,0,2
52,-565638.3341,-464090.3415,E52_F46_m12f12_P52_Y6_UO752,ID12_F52_m46f46_P52_Y0_UO2334,I12_F86_m12f12_P52_Y0_UO689,FXX,1,0.0,1,1,1.0,0,0,0,-9999.0,0.625,1,P11_CV0,2,2,0,0,2,0,2,0,2
52,-565638.3341,-464090.3415,E52_F46_m12f12_P52_Y6_UO757,I12_F86_m12f12_P52_Y0_UO771,I12_F52_m-1f-1_P12_Y-1_U198,MXY,1,0.0,1,1,0.0,0,0,0,-9999.0,0.5,1,P11_CV0,2,1,1,0,2,0,2,0,2
52,-565638.3341,-464090.3415,E52_F46_m12f12_P52_Y6_UO781,ID12_F52_m-1f-1_P12_Y-1_U177,I12_F52_m-1f-1_P12_Y-1_U175,MXY,1,0.0,1,1,0.0,0,0,0,-9999.0,0.75,1,P11_CV0,2,2,0,2,0,0,2,0,2
52,-565638.3341,-464090.3415,E52_F46_m46f46_P52_Y6_UO2296,I46_F93_m12f12_P52_Y3_UO725,ID46_F52_m12f12_P52_Y3_UO681,MXY,1,0.0,1,1,0.0,0,0,0,-9999.0,0.6875,1,P11_CV0,2,1,1,1,1,0,2,0,2
52,-565638.3341,-464090.3415,E52_F46_m46f46_P52_Y6_UO2350,I46_F52_m-1f-1_P12_Y-1_U221,I46_F86_m-1f-1_P12_Y-1_U235,MXY,1,0.0,1,1,0.0,0,0,0,-9999.0,0.5,1,P11_CV0,2,1,1,2,0,0,2,0,2
52,-565638.3341,-464090.3415,E52_F46_m90f90_P52_Y6_UO4224,ID90_F93_m46f46_P52_Y4_UO2210,I90_F86_m46f46_P52_Y4_UO2220,MXY,1,0.0,1,1,0.0,0,0,0,-9999.0,0.65625,1,P11_CV0,2,1,1,0,2,0,2,0,2
52,-565638.3341,-464090.3415,E52_F46_m90f90_P52_Y6_UO4244,I90_F52_m23f23_P57_Y4_UO1236,I90_F57_m12f12_P52_Y0_UO736,FXX,1,0.0,1,1,1.0,0,0,0,-9999.0,0.8125,1,P11_CV0,2,2,0,1,1,0,2,0,2
52,-565638.3341,-464090.3415,E52_F46_m90f90_P86_Y6_UO4317,I90_F86_m30f30_P52_Y0_UO1467,I90_F57_m90f90_P86_Y3_UO4163,MXY,1,0.0,1,1,0.0,0,0,0,-9999.0,0.125,1,P11_CV0,2,1,1,2,0,0,2,0,2
52,-565638.3341,-464090.3415,E52_F46_m46f46_P93_Y6_UO2354,I46_F52_m-1f-1_P12_Y-1_U34,I46_F52_m-1f-1_P46_Y-1_U160,MXY,1,0.0,1,1,0.0,0,0,0,-9999.0,0.0,1,P11_CV0,2,0,2,0,2,0,2,0,2
52,-565638.3341,-464090.3415,E52_F90_m45f45_P57_Y6_UO2203,I45_F86_m90f90_P86_Y4_UO4154,ID45_F6_m92f92_P6_Y4_UO4299,MXY,1,0.0,1,1,0.0,0,0,0,-9999.0,0.8125,1,P11_CV0,2,2,0,2,0,0,2,0,2
52,-565638.3341,-464090.3415,E52_F90_m92f92_P57_Y6_UO4386,I92_F99_m23f23_P57_Y3_UO1234,I92_F57_m45f45_P6_Y3_UO2206,MXY,1,0.0,1,1,0.0,0,0,0,-9999.0,0.625,1,P11_CV0,2,2,0,0,2,0,2,0,2
52,-565638.3341,-464090.3415,E52_F90_m12f12_P86_Y6_UO703,I12_F52_m46f46_P52_Y4_UO2241,I12_F13_m12f12_P52_Y2_UO682,FXX,1,0.0,1,1,1.0,0,0,0,-9999.0,0.3125,1,P11_CV0,2,1,1,1,1,0,2,0,2
52,-565638.3341,-464090.3415,E52_F90_m12f12_P86_Y6_UO773,I12_F86_m-1f-1_P12_Y-1_U156,ID12_F52_m12f12_P52_Y4_UO745,MXY,1,0.0,1,1,0.0,0,0,0,-9999.0,0.5,1,P11_CV0,2,1,1,1,1,0,2,0,2
52,-565638.3341,-464090.3415,E52_F12_m12f12_P52_Y5_UO697,I12_F52_m12f12_P52_Y3_UO688,I12_F86_m-1f-1_P12_Y-1_U218,FXX,2,0.0,1,0,1.0,0,0,0,-9999.0,0.3125,1,P11_CV0,2,1,1,0,2,0,2,0,2
52,-565638.3341,-464090.3415,E52_F12_m12f12_P52_Y5_UO772,I12_F86_m-1f-1_P12_Y-1_U6,I12_F86_m-1f-1_P12_Y-1_U154,FXX,2,0.0,1,0,1.0,0,0,0,-9999.0,0.5,1,P11_CV0,2,1,1,2,0,0,2,0,2
52,-565638.3341,-464090.3415,E52_F12_m12f12_P52_Y5_UO749,ID12_F13_m12f12_P52_Y0_UO722,I12_F52_m-1f-1_P12_Y-1_U183,FXX,2,0.0,1,0,1.0,0,0,0,-9999.0,0.625,1,P11_CV0,2,1,1,1,1,0,2,0,2
52,-565638.3341,-464090.3415,E52_F12_m12f12_P52_Y5_UO777,ID12_F52_m-1f-1_P46_Y-1_U75,ID12_F52_m-1f-1_P12_Y-1_U102,FXX,2,0.0,1,0,1.0,0,0,0,-9999.0,0.25,1,P11_CV0,2,0,2,0,2,0,2,0,2
52,-565638.3341,-464090.3415,E52_F12_m46f46_P52_Y5_UO2318,I46_F13_m-1f-1_P12_Y-1_U22,I46_F13_m-1f-1_P46_Y-1_U19,MXY,2,0.0,1,0,0.0,0,0,0,-9999.0,0.5,1,P11_CV0,2,2,0,1,1,0,2,0,2
52,-565638.3341,-464090.3415,E52_F30_m12f12_P35_Y5_UO775,I12_F93_m-1f-1_P12_Y-1_U37,ID12_F93_m30f30_P52_Y0_UO1448,MXY,2,0.0,1,0,0.0,0,0,0,-9999.0,0.75,1,P11_CV0,2,2,0,0,2,0,2,0,2
52,-565638.3341,-464090.3415,E52_F46_m46f46_P52_Y5_UO2279,I46_F52_m12f12_P52_Y0_UO725,I46_F52_m30f30_P13_Y3_UO1366,FXX,2,0.0,1,0,1.0,0,0,0,-9999.0,0.4375,1,P11_CV0,2,0,2,1,1,0,2,0,2
52,-565638.3341,-464090.3415,E52_F46_m45f45_P52_Y5_UO2205,I45_F86_m-1f-1_P12_Y-1_U38,I45_F86_m12f12_P86_Y1_UO699,FXX,2,0.0,1,0,1.0,0,0,0,-9999.0,0.5,1,P11_CV0,2,0,2,1,1,0,2,0,2
52,-565638.3341,-464090.3415,E52_F46_m46f46_P52_Y5_UO2288,I46_F52_m-1f-1_P46_Y-1_U110,I46_F86_m12f12_P52_Y0_UO743,MXY,2,0.0,1,0,0.0,0,0,0,-9999.0,0.375,1,P11_CV0,2,0,2,2,0,0,2,0,2
52,-565638.3341,-464090.3415,E52_F46_m12f12_P52_Y5_UO780,I12_F86_m-1f-1_P12_Y-1_U54,I12_F52_m46f46_P52_Y3_UO2245,FXX,2,0.0,1,0,1.0,0,0,0,-9999.0,0.375,1,P11_CV0,2,1,1,0,2,0,2,0,2
52,-565638.3341,-464090.3415,E52_F46_m12f12_P52_Y5_UO703,I12_F13_m23f23_P86_Y3_UO1206,I12_F57_m-1f-1_P12_Y-1_U15,MXY,2,0.0,1,0,0.0,0,0,0,-9999.0,0.625,1,P11_CV0,2,2,0,2,0,0,2,0,2
52,-565638.3341,-464090.3415,E52_F46_m30f30_P52_Y5_UO1343,I30_F52_m12f12_P52_Y3_UO747,I30_F13_m-1f-1_P30_Y-1_U31,FXX,2,0.0,1,0,1.0,0,0,0,-9999.0,0.75,1,P11_CV0,2,2,0,0,2,0,2,0,2
52,-565638.3341,-464090.3415,E52_F12_m12f12_P86_Y4_UO747,I12_F86_m-1f-1_P12_Y-1_U51,I12_F52_m-1f-1_P46_Y-1_U206,FXX,3,0.0,1,0,1.0,0,0,0,-9999.0,0.25,1,P11_CV0,2,0,2,2,0,0,2,0,2
52,-565638.3341,-464090.3415,E52_F12_m12f12_P52_Y4_UO681,I12_F52_m46f46_P52_Y2_UO2233,I12_F52_m-1f-1_P12_Y-1_U19,MXY,3,0.0,1,0,0.0,0,0,0,-9999.0,0.625,1,P11_CV0,2,2,0,2,0,0,2,0,2
52,-565638.3341,-464090.3415,E52_F12_m12f12_P52_Y4_UO701,I12_F52_m46f46_P52_Y1_UO2118,ID12_F52_m30f30_P52_Y2_UO1451,MXY,3,0.0,1,0,0.0,0,0,0,-9999.0,0.375,1,P11_CV0,2,0,2,1,1,0,2,0,2
52,-565638.3341,-464090.3415,E52_F30_m46f46_P52_Y4_UO2255,I46_F52_m-1f-1_P46_Y-1_U169,I46_F52_m12f12_P52_Y1_UO664,FXX,3,0.0,1,0,1.0,0,0,0,-9999.0,0.375,1,P11_CV0,2,1,1,2,0,0,2,0,2
52,-565638.3341,-464090.3415,E52_F46_m12f12_P52_Y4_UO717,I12_F86_m12f12_P52_Y0_UO777,I12_F86_m90f90_P35_Y1_UO4027,MXY,3,0.0,1,0,0.0,0,0,0,-9999.0,0.5,1,P11_CV0,2,1,1,1,1,0,2,0,2
52,-565638.3341,-464090.3415,E52_F46_m12f12_P52_Y4_UO750,ID12_F8_m-1f-1_P45_Y-1_U183,I12_F57_m-1f-1_P12_Y-1_U129,FXX,3,0.0,1,0,1.0,0,0,0,-9999.0,1.0,1,P11_CV0,2,2,0,0,2,0,2,0,2
52,-565638.3341,-464090.3415,E52_F46_m12f12_P52_Y4_UO675,I12_F52_m90f90_P52_Y2_UO4177,ID12_F93_m12f12_P52_Y0_UO689,FXX,3,0.0,1,0,1.0,0,0,0,-9999.0,0.375,1,P11_CV0,2,1,1,0,2,0,2,0,2
52,-565638.3341,-464090.3415,E52_F12_m12f12_P52_Y3_UO736,I12_F86_m-1f-1_P12_Y-1_U58,I12_F93_m-1f-1_P12_Y-1_U39,FXX,4,0.0,1,0,1.0,0,0,0,-9999.0,0.5,1,P11_CV0,2,1,1,0,2,0,2,0,2
52,-565638.3341,-464090.3415,E52_F12_m46f46_P86_Y3_UO2225,I46_F86_m12f12_P52_Y1_UO678,ID46_F93_m30f30_P52_Y1_UO1285,MXY,4,0.0,1,0,0.0,0,0,0,-9999.0,0.5,1,P11_CV0,2,1,1,1,1,0,2,0,2
52,-565638.3341,-464090.3415,E52_F12_m46f46_P52_Y3_UO2277,I46_F52_m-1f-1_P12_Y-1_U119,I46_F52_m46f46_P52_Y0_UO2386,FXX,4,0.0,1,0,1.0,0,0,0,-9999.0,0.75,1,P11_CV0,2,1,1,1,1,0,2,0,2
52,-565638.3341,-464090.3415,E52_F23_m30f30_P52_Y3_UO1450,I30_F52_m-1f-1_P12_Y-1_U226,I30_F13_m-1f-1_P30_Y-1_U245,FXX,4,0.0,1,0,1.0,0,0,0,-9999.0,0.5,1,P11_CV0,2,1,1,0,2,0,2,0,2
52,-565638.3341,-464090.3415,E52_F30_m12f12_P52_Y3_UO747,I12_F52_m-1f-1_P12_Y-1_U149,I12_F52_m-1f-1_P12_Y-1_U55,FXX,4,0.0,1,0,1.0,0,0,0,-9999.0,1.0,1,P11_CV0,2,2,0,0,2,0,2,0,2
52,-565638.3341,-464090.3415,E52_F46_m46f46_P52_Y3_UO2292,I46_F35_m-1f-1_P90_Y-1_U102,I46_F52_m12f12_P52_Y0_UO743,MXY,4,0.0,1,0,0.0,0,0,0,-9999.0,0.375,1,P11_CV0,2,1,1,2,0,0,2,0,2
52,-565638.3341,-464090.3415,E52_F46_m90f90_P86_Y3_UO4176,I90_F52_m12f12_P52_Y0_UO794,I90_F6_m12f12_P52_Y1_UO668,MXY,4,0.0,1,0,0.0,0,0,0,-9999.0,0.375,1,P11_CV0,2,0,2,0,2,0,2,0,2
52,-565638.3341,-464090.3415,E52_F12_m90f90_P52_Y2_UO4202,ID90_F52_m12f12_P52_Y0_UO695,I90_F52_m12f12_P52_Y0_UO780,FXX,5,0.0,1,0,1.0,0,0,0,-9999.0,0.375,1,P11_CV0,2,0,2,2,0,0,2,0,2
52,-565638.3341,-464090.3415,E52_F30_m30f30_P38_Y2_UO1377,I30_F35_m-1f-1_P30_Y-1_U57,ID30_F93_m12f12_P93_Y0_UO750,FXX,5,0.0,1,0,1.0,0,0,0,-9999.0,0.625,1,P11_CV0,2,2,0,1,1,0,2,0,2
52,-565638.3341,-464090.3415,E52_F30_m12f12_P52_Y2_UO666,ID12_F57_m42f42_P6_Y0_UO2048,I12_F52_m-1f-1_P12_Y-1_U20,FXX,5,0.0,1,0,1.0,0,0,0,-9999.0,0.375,1,P11_CV0,2,0,2,2,0,0,2,0,2
52,-565638.3341,-464090.3415,E52_F46_m12f12_P52_Y2_UO694,I12_F86_m-1f-1_P12_Y-1_U247,I12_F52_m-1f-1_P12_Y-1_U20,FXX,5,0.0,1,0,1.0,0,0,0,-9999.0,0.25,1,P11_CV0,2,1,1,1,1,0,2,0,2
52,-565638.3341,-464090.3415,E52_F46_m12f12_P52_Y2_UO695,ID12_F52_m-1f-1_P12_Y-1_U246,I12_F52_m-1f-1_P12_Y-1_U243,FXX,5,0.0,1,0,1.0,0,0,0,-9999.0,0.5,1,P11_CV0,2,1,1,1,1,0,2,0,2
52,-565638.3341,-464090.3415,E52_F46_m12f12_P13_Y2_UO701,ID12_F86_m-1f-1_P12_Y-1_U28,ID12_F86_m-1f-1_P12_Y-1_U199,MXY,5,0.0,1,0,0.0,0,0,0,-9999.0,0.75,1,P11_CV0,2,1,1,1,1,0,2,0,2
52,-565638.3341,-464090.3415,E52_F46_m12f12_P52_Y2_UO668,I12_F52_m12f12_P52_Y0_UO771,I12_F52_m-1f-1_P12_Y-1_U175,MXY,5,0.0,1,0,0.0,0,0,0,-9999.0,0.75,1,P11_CV0,2,2,0,1,1,0,2,0,2
52,-565638.3341,-464090.3415,E52_F12_m12f12_P52_Y1_UO678,ID12_F86_m-1f-1_P12_Y-1_U108,I12_F86_m-1f-1_P12_Y-1_U159,FXX,6,0.0,1,0,1.0,0,0,0,-9999.0,0.5,1,P11_CV0,2,2,0,0,2,0,2,0,2
52,-565638.3341,-464090.3415,E52_F12_m12f12_P52_Y1_UO618,I12_F13_m-1f-1_P12_Y-1_U204,I12_F86_m-1f-1_P12_Y-1_U157,FXX,6,0.0,1,0,1.0,0,0,0,-9999.0,0.75,1,P11_CV0,2,2,0,0,2,0,2,0,2
52,-565638.3341,-464090.3415,E52_F12_m12f12_P35_Y1_UO628,I12_F52_m-1f-1_P12_Y-1_U36,ID12_F52_m-1f-1_P12_Y-1_U39,MXY,6,0.0,1,0,0.0,0,0,0,-9999.0,0.5,1,P11_CV0,2,1,1,0,2,0,2,0,2
52,-565638.3341,-464090.3415,E52_F30_m12f12_P52_Y1_UO653,I12_F52_m-1f-1_P12_Y-1_U162,I12_F52_m-1f-1_P12_Y-1_U120,MXY,6,0.0,1,0,0.0,0,0,0,-9999.0,0.5,1,P11_CV0,2,0,2,0,2,0,2,0,2
52,-565638.3341,-464090.3415,E52_F46_m12f12_P52_Y1_UO624,I12_F86_m-1f-1_P12_Y-1_U30,I12_F52_m-1f-1_P12_Y-1_U72,FXX,6,0.0,1,0,1.0,0,0,0,-9999.0,0.25,1,P11_CV0,2,1,1,1,1,0,2,0,2
52,-565638.3341,-464090.3415,E52_F90_m12f12_P52_Y1_UO654,I12_F52_m-1f-1_P12_Y-1_U193,I12_F86_m-1f-1_P12_Y-1_U199,MXY,6,0.0,1,0,0.0,0,0,0,-9999.0,0.75,1,P11_CV0,2,2,0,1,1,0,2,0,2
52,-565638.3341,-464090.3415,E52_F12_m12f12_P52_Y0_UO787,R12_F12_m-1f-1_P12_Y-1_U231,R12_F12_m-1f-1_P12_Y-1_U85,FXX,7,0.0,1,0,1.0,0,0,0,-9999.0,0.75,1,P11_CV0,2,2,0,1,1,0,2,0,2
52,-565638.3341,-464090.3415,E52_F12_m12f12_P52_Y0_UO771,R12_F12_m-1f-1_P12_Y-1_U190,R12_F12_m-1f-1_P12_Y-1_U232,FXX,7,0.0,1,0,1.0,0,0,0,-9999.0,0.5,1,P11_CV0,2,1,1,1,1,0,2,0,2
52,-565638.3341,-464090.3415,E52_F12_m-1f-1_P12_Y-1_U120,-9999,-9999,MXY,8,0.0,1,0,0.0,0,0,0,-9999.0,0.5,1,P11_CV0,2,1,1,1,1,0,2,0,2
52,-565638.3341,-464090.3415,E52_F12_m-1f-1_P12_Y-1_U195,-9999,-9999,MXY,8,0.0,1,0,0.0,0,0,0,-9999.0,1.0,1,P11_CV0,2,2,0,2,0,0,2,0,2
52,-565638.3341,-464090.3415,E52_F12_m-1f-1_P12_Y-1_U124,-9999,-9999,FXX,9,0.0,1,0,1.0,0,0,0,-9999.0,0.5,1,P11_CV0,2,1,1,1,1,0,2,0,2
52,-565638.3341,-464090.3415,E52_F46_m-1f-1_P12_Y-1_U139,-9999,-9999,MXY,9,0.0,1,0,0.0,0,0,0,-9999.0,0.5,1,P11_CV0,2,1,1,0,2,0,2,0,2
52,-565638.3341,-464090.3415,E52_F46_m-1f-1_P12_Y-1_U79,-9999,-9999,FXX,10,0.0,1,0,1.0,0,0,0,-9999.0,0.5,1,P11_CV0,2,1,1,1,1,0,2,0,2
52,-565638.3341,-464090.3415,E52_F46_m-1f-1_P12_Y-1_U80,-9999,-9999,FXX,10,0.0,1,0,1.0,0,0,0,-9999.0,0.0,1,P11_CV0,2,0,2,1,1,0,2,0,2
52,-565638.3341,-464090.3415,E52_F90_m-1f-1_P12_Y-1_U198,-9999,-9999,MXY,10,0.0,1,0,0.0,0,0,0,-9999.0,0.5,1,P11_CV0,2,1,1,1,1,0,2,0,2
52,-565638.3341,-464090.3415,E52_F46_m-1f-1_P12_Y-1_U34,-9999,-9999,FXX,11,0.0,1,0,1.0,0,0,0,-9999.0,0.0,1,P11_CV0,2,0,2,1,1,0,2,0,2
52,-565638.3341,-464090.3415,E52_F12_m-1f-1_P12_Y-1_U6,-9999,-9999,FXX,12,0.0,1,0,1.0,0,0,0,-9999.0,1.0,1,P11_CV0,2,2,0,1,1,0,2,0,2
52,-565638.3341,-464090.3415,E52_F46_m-1f-1_P12_Y-1_U243,-9999,-9999,MXY,12,0.0,1,0,0.0,0,0,0,-9999.0,0.0,1,P11_CV0,2,0,2,1,1,0,2,0,2
52,-565638.3341,-464090.3415,E52_F12_m-1f-1_P12_Y-1_U51,-9999,-9999,FXX,13,0.0,1,0,1.0,0,0,0,-9999.0,0.0,1,P11_CV0,2,0,2,1,1,0,2,0,2
52,-565638.3341,-464090.3415,E52_F12_m-1f-1_P12_Y-1_U102,-9999,-9999,MXY,14,0.0,1,0,0.0,0,0,0,-9999.0,0.0,1,P11_CV0,2,0,2,1,1,0,2,0,2
52,-565638.3341,-464090.3415,Age0_F52_m12f12_P52_Y7_UO704,I12_F52_m12f12_P52_Y5_UO779,I12_F86_m-1f-1_P23_Y-1_U57,FXX,0,0.0,0,0,0.0,0,0,0,0.0,0.375,1,P22_CV0,2,0,2,2,0,0,2,0,2
52,-565638.3341,-464090.3415,Age0_F52_m12f12_P52_Y7_UO775,ID12_F52_m-1f-1_P46_Y-1_U163,ID12_F52_m90f90_P86_Y5_UO4272,MXY,0,0.0,0,0,0.0,0,0,0,0.0,0.25,1,P22_CV0,2,1,1,0,2,0,2,0,2
52,-565638.3341,-464090.3415,Age0_F52_m23f23_P52_Y7_UO1188,ID23_F6_m45f45_P27_Y2_UO2194,ID23_F6_m23f23_P57_Y4_UO1137,MXY,0,0.0,0,0,0.0,0,0,0,0.0,0.71875,1,P22_CV0,2,2,0,0,2,0,2,0,2
52,-565638.3341,-464090.3415,Age0_F52_m30f30_P52_Y7_UO1354,I30_F38_m30f30_P13_Y5_UO1340,ID30_F38_m37f37_P38_Y5_UO1730,FXX,0,0.0,0,0,0.0,0,0,0,0.0,0.59375,1,P22_CV0,2,2,0,2,0,0,2,0,2
52,-565638.3341,-464090.3415,Age0_F52_m46f46_P52_Y7_UO2308,I46_F52_m46f46_P52_Y3_UO2235,ID46_F6_m50f50_P57_Y4_UO2403,MXY,0,0.0,0,0,0.0,0,0,0,0.0,0.3125,1,P22_CV0,2,1,1,1,1,0,2,0,2
52,-565638.3341,-464090.3415,Age0_F52_m46f46_P52_Y7_UO2310,I46_F93_m92f92_P6_Y3_UO4309,I46_F52_m12f12_P52_Y5_UO765,FXX,0,0.0,0,0,0.0,0,0,0,0.0,0.5,1,P22_CV0,2,1,1,1,1,0,2,0,2
52,-565638.3341,-464090.3415,Age0_F52_m46f46_P52_Y7_UO2316,I46_F52_m12f12_P52_Y2_UO715,I46_F52_m-1f-1_P46_Y-1_U213,MXY,0,0.0,0,0,0.0,0,0,0,0.0,0.5625,1,P22_CV0,2,0,2,2,0,0,2,0,2
52,-565638.3341,-464090.3415,Age0_F52_m90f90_P52_Y7_UO4318,I90_F86_m-1f-1_P23_Y-1_U13,I90_F86_m45f45_P57_Y3_UO2158,MXY,0,0.0,0,0,0.0,0,0,0,0.0,0.3125,1,P22_CV0,2,0,2,1,1,0,2,0,2
52,-565638.3341,-464090.3415,E52_F12_m12f12_P52_Y6_UO719,ID12_F6_m23f23_P35_Y3_UO1219,I12_F52_m-1f-1_P45_Y-1_U39,MXY,1,0.0,1,1,0.0,0,0,0,-9999.0,0.75,1,P22_CV0,2,1,1,2,0,0,2,0,2
52,-565638.3341,-464090.3415,E52_F12_m23f23_P52_Y6_UO1229,I23_F57_m12f12_P86_Y0_UO768,ID23_F27_m23f23_P52_Y4_UO1208,MXY,1,0.0,1,1,0.0,0,0,0,-9999.0,0.3125,1,P22_CV0,2,1,1,1,1,0,2,0,2
52,-565638.3341,-464090.3415,E52_F12_m30f30_P52_Y6_UO1402,I30_F13_m90f90_P52_Y3_UO4199,ID30_F52_m45f45_P86_Y3_UO2176,FXX,1,0.0,1,1,1.0,0,0,0,-9999.0,0.4375,1,P22_CV0,2,1,1,2,0,0,2,0,2
52,-565638.3341,-464090.3415,E52_F12_m46f46_P52_Y6_UO2338,I46_F52_m-1f-1_P30_Y-1_U234,I46_F13_m90f90_P52_Y4_UO4254,FXX,1,0.0,1,1,1.0,0,0,0,-9999.0,0.75,1,P22_CV0,2,1,1,1,1,0,2,0,2
52,-565638.3341,-464090.3415,E52_F12_m45f45_P86_Y6_UO2214,I45_F6_m90f90_P86_Y3_UO4227,I45_F57_m90f90_P86_Y4_UO4175,FXX,1,0.0,1,1,1.0,0,0,0,-9999.0,0.3125,1,P22_CV0,2,0,2,2,0,0,2,0,2
52,-565638.3341,-464090.3415,E52_F12_m45f45_P86_Y6_UO2231,I45_F86_m23f23_P6_Y1_UO1165,ID45_F6_m-1f-1_P85_Y-1_U244,FXX,1,0.0,1,1,1.0,0,0,0,-9999.0,0.125,1,P22_CV0,2,1,1,2,0,0,2,0,2
52,-565638.3341,-464090.3415,E52_F23_m45f45_P57_Y6_UO2215,ID45_F6_m63f63_P8_Y3_UO2985,I45_F6_m45f45_P6_Y3_UO2157,MXY,1,0.0,1,1,0.0,0,0,0,-9999.0,0.375,1,P22_CV0,2,1,1,1,1,0,2,0,2
52,-565638.3341,-464090.3415,E52_F46_m90f90_P86_Y6_UO4290,ID90_F57_m90f90_P52_Y2_UO4261,ID90_F86_m90f90_P86_Y3_UO4160,FXX,1,0.0,1,1,1.0,0,0,0,-9999.0,0.5625,1,P22_CV0,2,1,1,2,0,0,2,0,2
52,-565638.3341,-464090.3415,E52_F90_m45f45_P6_Y6_UO2266,I45_F86_m-1f-1_P50_Y-1_U212,I45_F57_m90f90_P86_Y4_UO4175,MXY,1,0.0,1,1,0.0,0,0,0,-9999.0,0.1875,1,P22_CV0,2,0,2,1,1,0,2,0,2
52,-565638.3341,-464090.3415,E52_F90_m23f23_P35_Y6_UO1191,I23_F57_m92f92_P27_Y2_UO4307,I23_F52_m-1f-1_P23_Y-1_U151,MXY,1,0.0,1,1,0.0,0,0,0,-9999.0,0.75,1,P22_CV0,2,1,1,2,0,0,2,0,2
52,-565638.3341,-464090.3415,E52_F90_m90f90_P52_Y6_UO4220,I90_F86_m90f90_P35_Y4_UO4187,I90_F57_m23f23_P6_Y4_UO1178,FXX,1,0.0,1,1,1.0,0,0,0,-9999.0,0.375,1,P22_CV0,2,0,2,1,1,0,2,0,2
52,-565638.3341,-464090.3415,E52_F90_m40f40_P57_Y6_UO1984,I40_F6_m-1f-1_P23_Y-1_U55,I40_F6_m40f40_P57_Y1_UO1775,FXX,1,0.0,1,1,1.0,0,0,0,-9999.0,0.625,1,P22_CV0,2,2,0,0,2,0,2,0,2
52,-565638.3341,-464090.3415,E52_F90_m12f12_P86_Y6_UO755,I12_F57_m30f30_P93_Y0_UO1526,I12_F52_m-1f-1_P23_Y-1_U121,MXY,1,0.0,1,1,0.0,0,0,0,-9999.0,0.25,1,P22_CV0,2,0,2,0,2,0,2,0,2
52,-565638.3341,-464090.3415,E52_F90_m23f23_P86_Y6_UO1143,I23_F6_m92f92_P27_Y4_UO4377,I23_F52_m-1f-1_P23_Y-1_U151,FXX,1,0.0,1,1,1.0,0,0,0,-9999.0,0.375,1,P22_CV0,2,1,1,2,0,0,2,0,2
52,-565638.3341,-464090.3415,E52_F90_m23f23_P86_Y6_UO1247,ID23_F6_m-1f-1_P23_Y-1_U9,I23_F27_m-1f-1_P23_Y-1_U146,FXX,1,0.0,1,1,1.0,0,0,0,-9999.0,0.5,1,P22_CV0,2,2,0,2,0,0,2,0,2
52,-565638.3341,-464090.3415,E52_F12_m90f90_P57_Y5_UO4283,I90_F52_m-1f-1_P90_Y-1_U190,I90_F57_m23f23_P86_Y2_UO1183,MXY,2,0.0,1,0,0.0,0,0,0,-9999.0,0.375,1,P22_CV0,2,2,0,2,0,0,2,0,2
52,-565638.3341,-464090.3415,E52_F12_m90f90_P86_Y5_UO4272,I90_F86_m-1f-1_P23_Y-1_U229,I90_F86_m-1f-1_P90_Y-1_U0,MXY,2,0.0,1,0,0.0,0,0,0,-9999.0,0.5,1,P22_CV0,2,1,1,1,1,0,2,0,2
52,-565638.3341,-464090.3415,E52_F30_m30f30_P13_Y5_UO1340,I30_F38_m90f90_P52_Y3_UO4199,I30_F35_m46f46_P93_Y3_UO2278,FXX,2,0.0,1,0,1.0,0,0,0,-9999.0,0.5625,1,P22_CV0,2,2,0,2,0,0,2,0,2
52,-565638.3341,-464090.3415,E52_F90_m90f90_P52_Y5_UO4276,I90_F52_m-1f-1_P23_Y-1_U51,I90_F52_m23f23_P35_Y0_UO1232,MXY,2,0.0,1,0,0.0,0,0,0,-9999.0,0.625,1,P22_CV0,2,0,2,0,2,0,2,0,2
52,-565638.3341,-464090.3415,E52_F12_m23f23_P86_Y4_UO1235,I23_F52_m-1f-1_P23_Y-1_U238,ID23_F76_m92f92_P27_Y1_UO4101,MXY,3,0.0,1,0,0.0,0,0,0,-9999.0,0.5,1,P22_CV0,2,0,2,1,1,0,2,0,2
52,-565638.3341,-464090.3415,E52_F30_m46f46_P93_Y4_UO2226,ID46_F52_m90f90_P86_Y1_UO4007,I46_F52_m-1f-1_P46_Y-1_U224,MXY,3,0.0,1,0,0.0,0,0,0,-9999.0,0.625,1,P22_CV0,2,1,1,1,1,0,2,0,2
52,-565638.3341,-464090.3415,E52_F46_m12f12_P86_Y4_UO698,ID12_F86_m23f23_P57_Y1_UO1089,I12_F86_m46f46_P52_Y0_UO2336,FXX,3,0.0,1,0,1.0,0,0,0,-9999.0,0.75,1,P22_CV0,2,1,1,0,2,0,2,0,2
52,-565638.3341,-464090.3415,E52_F12_m45f45_P6_Y3_UO2157,I45_F6_m23f23_P57_Y0_UO1294,I45_F6_m-1f-1_P45_Y-1_U204,MXY,4,0.0,1,0,0.0,0,0,0,-9999.0,0.125,1,P22_CV0,2,0,2,1,1,0,2,0,2
52,-565638.3341,-464090.3415,E52_F12_m23f23_P86_Y3_UO1147,I23_F57_m23f23_P27_Y1_UO1156,I23_F6_m90f90_P6_Y1_UO4060,MXY,4,0.0,1,0,0.0,0,0,0,-9999.0,0.25,1,P22_CV0,2,0,2,1,1,0,2,0,2
52,-565638.3341,-464090.3415,E52_F46_m46f46_P52_Y3_UO2235,I46_F52_m23f23_P52_Y0_UO1315,I46_F86_m-1f-1_P46_Y-1_U121,FXX,4,0.0,1,0,1.0,0,0,0,-9999.0,0.375,1,P22_CV0,2,2,0,1,1,0,2,0,2
52,-565638.3341,-464090.3415,E52_F23_m45f45_P27_Y2_UO2194,I45_F6_m-1f-1_P45_Y-1_U29,I45_F57_m23f23_P86_Y0_UO1242,FXX,5,0.0,1,0,1.0,0,0,0,-9999.0,0.875,1,P22_CV0,2,2,0,0,2,0,2,0,2
52,-565638.3341,-464090.3415,E52_F46_m12f12_P52_Y2_UO715,I12_F52_m-1f-1_P12_Y-1_U128,I12_F52_m23f23_P57_Y0_UO1258,FXX,5,0.0,1,0,1.0,0,0,0,-9999.0,0.625,1,P22_CV0,2,1,1,1,1,0,2,0,2
52,-565638.3341,-464090.3415,E52_F90_m23f23_P6_Y0_UO1265,R23_F23_m-1f-1_P23_Y-1_U109,R23_F23_m-1f-1_P23_Y-1_U145,FXX,7,0.0,1,0,1.0,0,0,0,-9999.0,0.5,1,P22_CV0,2,1,1,1,1,0,2,0,2
52,-565638.3341,-464090.3415,E52_F12_m-1f-1_P23_Y-1_U57,-9999,-9999,MXY,9,0.0,1,0,0.0,0,0,0,-9999.0,0.5,1,P22_CV0,2,1,1,2,0,0,2,0,2
52,-565638.3341,-464090.3415,E52_F12_m-1f-1_P23_Y-1_U121,-9999,-9999,MXY,9,0.0,1,0,0.0,0,0,0,-9999.0,0.0,1,P22_CV0,2,0,2,0,2,0,2,0,2
52,-565638.3341,-464090.3415,E52_F12_m-1f-1_P23_Y-1_U72,-9999,-9999,FXX,10,0.0,1,0,1.0,0,0,0,-9999.0,0.0,1,P22_CV0,2,0,2,1,1,0,2,0,2
52,-565638.3341,-464090.3415,E52_F90_m-1f-1_P23_Y-1_U13,-9999,-9999,FXX,12,0.0,1,0,1.0,0,0,0,-9999.0,0.5,1,P22_CV0,2,1,1,0,2,0,2,0,2
52,-565638.3341,-464090.3415,E52_F23_m25f25_P68_Y1_UO1249,I25_F68_m-1f-1_P25_Y-1_U136,I25_F8_m-1f-1_P25_Y-1_U184,MXY,6,0.0,1,0,0.0,0,0,0,-9999.0,0.5,1,P24_CV0,2,1,1,1,1,0,2,0,2
52,-565638.3341,-464090.3415,Age0_F52_m7f7_P52_Y7_UO446,I7_F38_m37f37_P74_Y5_UO1679,I7_F38_m37f37_P38_Y2_UO1738,FXX,0,0.0,0,0,0.0,0,0,0,0.0,0.46875,1,P29_CV0,2,0,2,2,0,0,2,0,2
52,-565638.3341,-464090.3415,Age0_F52_m7f7_P52_Y7_UO459,ID7_F74_m30f30_P38_Y4_UO1415,I7_F74_m30f30_P74_Y3_UO1428,MXY,0,0.0,0,0,0.0,0,0,0,0.0,0.625,1,P29_CV0,2,2,0,1,1,0,2,0,2
52,-565638.3341,-464090.3415,Age0_F52_m12f12_P52_Y7_UO700,I12_F52_m37f37_P52_Y5_UO1744,I12_F52_m12f12_P52_Y5_UO782,MXY,0,0.0,0,0,0.0,0,0,0,0.0,0.5625,1,P29_CV0,2,1,1,1,1,0,2,0,2
52,-565638.3341,-464090.3415,Age0_F52_m12f12_P52_Y7_UO702,I12_F52_m46f46_P52_Y5_UO2259,I12_F52_m46f46_P52_Y5_UO2276,FXX,0,0.0,0,0,0.0,0,0,0,0.0,0.40625,1,P29_CV0,2,0,2,1,1,0,2,0,2
52,-565638.3341,-464090.3415,Age0_F52_m12f12_P52_Y7_UO714,I12_F86_m12f12_P86_Y4_UO747,I12_F52_m30f30_P52_Y0_UO1448,FXX,0,0.0,0,0,0.0,0,0,0,0.0,0.375,1,P29_CV0,2,1,1,1,1,0,2,0,2
52,-565638.3341,-464090.3415,Age0_F52_m12f12_P52_Y7_UO753,I12_F86_m30f30_P93_Y0_UO1526,I12_F6_m30f30_P52_Y5_UO1379,MXY,0,0.0,0,0,0.0,0,0,0,0.0,0.5,1,P29_CV0,2,0,2,1,1,0,2,0,2
52,-565638.3341,-464090.3415,Age0_F52_m12f12_P52_Y7_UO754,I12_F52_m12f12_P52_Y0_UO787,I12_F19_m46f46_P52_Y3_UO2295,FXX,0,0.0,0,0,0.0,0,0,0,0.0,0.5625,1,P29_CV0,2,2,0,0,2,0,2,0,2
52,-565638.3341,-464090.3415,Age0_F52_m12f12_P52_Y7_UO776,I12_F52_m-1f-1_P12_Y-1_U51,I12_F86_m23f23_P86_Y4_UO1197,FXX,0,0.0,0,0,0.0,0,0,0,0.0,0.125,1,P29_CV0,2,0,2,1,1,0,2,0,2
52,-565638.3341,-464090.3415,Age0_F52_m30f30_P52_Y7_UO1359,ID30_F38_m37f37_P74_Y5_UO1745,I30_F86_m30f30_P93_Y0_UO1436,FXX,0,0.0,0,0,0.0,0,0,0,0.0,0.34375,1,P29_CV0,2,0,2,1,1,0,2,0,2
52,-565638.3341,-464090.3415,Age0_F52_m30f30_P52_Y7_UO1403,I30_F38_m78f78_P29_Y3_UO3461,I30_F86_m30f30_P93_Y0_UO1436,FXX,0,0.0,0,0,0.0,0,0,0,0.0,0.5,1,P29_CV0,2,1,1,1,1,0,2,0,2
52,-565638.3341,-464090.3415,Age0_F52_m30f30_P52_Y7_UO1416,ID30_F74_m7f7_P74_Y3_UO403,I30_F52_m12f12_P35_Y5_UO775,MXY,0,0.0,0,0,0.0,0,0,0,0.0,0.5,1,P29_CV0,2,1,1,0,2,0,2,0,2
52,-565638.3341,-464090.3415,Age0_F52_m30f30_P52_Y7_UO1426,I30_F74_m12f12_P52_Y2_UO666,I30_F52_m-1f-1_P30_Y-1_U67,FXX,0,0.0,0,0,0.0,0,0,0,0.0,0.4375,1,P29_CV0,2,1,1,2,0,0,2,0,2
52,-565638.3341,-464090.3415,Age0_F52_m30f30_P52_Y7_UO1439,I30_F29_m30f30_P93_Y0_UO1533,ID30_F13_m-1f-1_P30_Y-1_U31,MXY,0,0.0,0,0,0.0,0,0,0,0.0,0.5,1,P29_CV0,2,1,1,1,1,0,2,0,2
52,-565638.3341,-464090.3415,Age0_F52_m37f37_P52_Y7_UO1680,I37_F38_m7f7_P38_Y5_UO534,ID37_F86_m-1f-1_P30_Y-1_U173,MXY,0,0.0,0,0,0.0,0,0,0,0.0,0.4375,1,P29_CV0,2,2,0,2,0,0,2,0,2
52,-565638.3341,-464090.3415,Age0_F52_m37f37_P52_Y7_UO1702,I37_F74_m37f37_P74_Y5_UO1780,I37_F74_m30f30_P38_Y4_UO1437,FXX,0,0.0,0,0,0.0,0,0,0,0.0,0.3125,1,P29_CV0,2,0,2,0,2,0,2,0,2
52,-565638.3341,-464090.3415,Age0_F52_m46f46_P52_Y7_UO2274,I46_F86_m46f46_P52_Y5_UO2248,I46_F52_m78f78_P13_Y0_UO3794,FXX,0,0.0,0,0,0.0,0,0,0,0.0,0.625,1,P29_CV0,2,0,2,1,1,0,2,0,2
52,-565638.3341,-464090.3415,Age0_F52_m46f46_P52_Y7_UO2277,I46_F52_m46f46_P52_Y5_UO2231,ID46_F52_m-1f-1_P46_Y-1_U20,MXY,0,0.0,0,0,0.0,0,0,0,0.0,0.8125,1,P29_CV0,2,1,1,0,2,0,2,0,2
52,-565638.3341,-464090.3415,Age0_F52_m46f46_P52_Y7_UO2311,I46_F52_m46f46_P52_Y3_UO2260,ID46_F52_m30f30_P38_Y2_UO1349,MXY,0,0.0,0,0,0.0,0,0,0,0.0,0.5625,1,P29_CV0,2,2,0,0,2,0,2,0,2
52,-565638.3341,-464090.3415,Age0_F52_m46f46_P52_Y7_UO2320,I46_F52_m46f46_P13_Y2_UO2212,I46_F52_m12f12_P52_Y5_UO765,FXX,0,0.0,0,0,0.0,0,0,0,0.0,0.1875,1,P29_CV0,2,1,1,1,1,0,2,0,2
52,-565638.3341,-464090.3415,Age0_F52_m46f46_P52_Y7_UO2326,I46_F52_m12f12_P52_Y1_UO624,I46_F52_m46f46_P52_Y5_UO2265,MXY,0,0.0,0,0,0.0,0,0,0,0.0,0.5625,1,P29_CV0,2,1,1,2,0,0,2,0,2
52,-565638.3341,-464090.3415,Age0_F52_m46f46_P52_Y7_UO2331,I46_F52_m30f30_P38_Y0_UO1498,ID46_F52_m90f90_P86_Y4_UO4272,FXX,0,0.0,0,0,0.0,0,0,0,0.0,0.625,1,P29_CV0,2,2,0,1,1,0,2,0,2
52,-565638.3341,-464090.3415,Age0_F52_m46f46_P52_Y7_UO2341,I46_F86_m-1f-1_P30_Y-1_U223,ID46_F86_m37f37_P93_Y5_UO1788,MXY,0,0.0,0,0,0.0,0,0,0,0.0,0.4375,1,P29_CV0,2,2,0,1,1,0,2,0,2
52,-565638.3341,-464090.3415,E52_F12_m12f12_P52_Y6_UO768,ID12_F38_m-1f-1_P30_Y-1_U124,I12_F86_m46f46_P52_Y0_UO2336,MXY,1,0.0,1,1,0.0,0,0,0,-9999.0,0.875,1,P29_CV0,2,1,1,1,1,0,2,0,2
52,-565638.3341,-464090.3415,E52_F23_m12f12_P86_Y6_UO690,I12_F52_m30f30_P52_Y4_UO1426,ID12_F52_m60f60_P19_Y1_UO2747,MXY,1,0.0,1,1,0.0,0,0,0,-9999.0,0.5,1,P29_CV0,2,0,2,0,2,0,2,0,2
52,-565638.3341,-464090.3415,E52_F30_m37f37_P13_Y6_UO1734,I37_F93_m78f78_P38_Y4_UO3506,I37_F93_m-1f-1_P37_Y-1_U67,MXY,1,0.0,1,1,0.0,0,0,0,-9999.0,0.6875,1,P29_CV0,2,1,1,1,1,0,2,0,2
52,-565638.3341,-464090.3415,E52_F30_m37f37_P13_Y6_UO1797,I37_F13_m30f30_P38_Y0_UO1472,ID37_F74_m46f46_P52_Y3_UO2290,MXY,1,0.0,1,1,0.0,0,0,0,-9999.0,0.5625,1,P29_CV0,2,0,2,1,1,0,2,0,2
52,-565638.3341,-464090.3415,E52_F30_m7f7_P29_Y6_UO518,ID7_F35_m-1f-1_P30_Y-1_U141,ID7_F74_m7f7_P38_Y3_UO393,MXY,1,0.0,1,1,0.0,0,0,0,-9999.0,0.1875,1,P29_CV0,2,1,1,1,1,0,2,0,2
52,-565638.3341,-464090.3415,E52_F30_m7f7_P38_Y6_UO438,I7_F74_m30f30_P38_Y4_UO1392,I7_F35_m37f37_P74_Y3_UO1708,MXY,1,0.0,1,1,0.0,0,0,0,-9999.0,0.5625,1,P29_CV0,2,2,0,2,0,0,2,0,2
52,-565638.3341,-464090.3415,E52_F30_m37f37_P38_Y6_UO1819,ID37_F13_m-1f-1_P37_Y-1_U130,I37_F38_m30f30_P38_Y1_UO1340,MXY,1,0.0,1,1,0.0,0,0,0,-9999.0,0.625,1,P29_CV0,2,1,1,2,0,0,2,0,2
52,-565638.3341,-464090.3415,E52_F30_m30f30_P52_Y6_UO1436,ID30_F74_m30f30_P74_Y1_UO1286,I30_F38_m7f7_P38_Y4_UO436,MXY,1,0.0,1,1,0.0,0,0,0,-9999.0,0.5625,1,P29_CV0,2,1,1,1,1,0,2,0,2
52,-565638.3341,-464090.3415,E52_F30_m37f37_P52_Y6_UO1724,I37_F74_m37f37_P38_Y4_UO1694,ID37_F29_m37f37_P74_Y4_UO1785,FXX,1,0.0,1,1,1.0,0,0,0,-9999.0,0.3125,1,P29_CV0,2,1,1,0,2,0,2,0,2
52,-565638.3341,-464090.3415,E52_F30_m46f46_P93_Y6_UO2344,I46_F52_m-1f-1_P46_Y-1_U198,I46_F86_m-1f-1_P30_Y-1_U71,FXX,1,0.0,1,1,1.0,0,0,0,-9999.0,0.5,1,P29_CV0,2,1,1,2,0,0,2,0,2
52,-565638.3341,-464090.3415,E52_F37_m7f7_P74_Y6_UO459,I7_F29_m7f7_P38_Y3_UO431,I7_F38_m37f37_P38_Y2_UO1724,FXX,1,0.0,1,1,1.0,0,0,0,-9999.0,0.5625,1,P29_CV0,2,1,1,1,1,0,2,0,2
52,-565638.3341,-464090.3415,E52_F37_m7f7_P74_Y6_UO485,I7_F38_m30f30_P74_Y1_UO1331,I7_F74_m37f37_P38_Y3_UO1746,FXX,1,0.0,1,1,1.0,0,0,0,-9999.0,0.5,1,P29_CV0,2,0,2,0,2,0,2,0,2
52,-565638.3341,-464090.3415,E52_F37_m37f37_P74_Y6_UO1758,I37_F13_m37f37_P38_Y3_UO1769,ID37_F38_m37f37_P38_Y4_UO1724,FXX,1,0.0,1,1,1.0,0,0,0,-9999.0,0.65625,1,P29_CV0,2,2,0,2,0,0,2,0,2
52,-565638.3341,-464090.3415,E52_F46_m30f30_P13_Y6_UO1414,I30_F13_m30f30_P52_Y3_UO1368,I30_F74_m30f30_P38_Y4_UO1436,FXX,1,0.0,1,1,1.0,0,0,0,-9999.0,0.5625,1,P29_CV0,2,2,0,1,1,0,2,0,2
52,-565638.3341,-464090.3415,E52_F46_m78f78_P13_Y6_UO3516,ID78_F29_m37f37_P29_Y3_UO1677,I78_F13_m88f88_P29_Y4_UO4104,MXY,1,0.0,1,1,0.0,0,0,0,-9999.0,0.625,1,P29_CV0,2,2,0,1,1,0,2,0,2
52,-565638.3341,-464090.3415,E52_F46_m46f46_P93_Y6_UO2289,ID46_F93_m37f37_P13_Y4_UO1761,I46_F13_m30f30_P52_Y1_UO1285,FXX,1,0.0,1,1,1.0,0,0,0,-9999.0,0.46875,1,P29_CV0,2,0,2,0,2,0,2,0,2
52,-565638.3341,-464090.3415,E52_F90_m7f7_P35_Y6_UO527,ID7_F29_m-1f-1_P37_Y-1_U237,I7_F38_m7f7_P38_Y4_UO491,MXY,1,0.0,1,1,0.0,0,0,0,-9999.0,0.5,1,P29_CV0,2,0,2,1,1,0,2,0,2
52,-565638.3341,-464090.3415,E52_F90_m12f12_P35_Y6_UO730,I12_F52_m23f23_P57_Y2_UO1170,I12_F52_m30f30_P52_Y2_UO1340,MXY,1,0.0,1,1,0.0,0,0,0,-9999.0,0.75,1,P29_CV0,2,0,2,1,1,0,2,0,2
52,-565638.3341,-464090.3415,E52_F90_m46f46_P86_Y6_UO2313,I46_F52_m30f30_P93_Y2_UO1443,I46_F52_m12f12_P52_Y2_UO713,MXY,1,0.0,1,1,0.0,0,0,0,-9999.0,0.875,1,P29_CV0,2,2,0,1,1,0,2,0,2
52,-565638.3341,-464090.3415,E52_F7_m37f37_P74_Y5_UO1673,I37_F38_m30f30_P38_Y3_UO1359,I37_F38_m78f78_P29_Y3_UO3510,MXY,2,0.0,1,0,0.0,0,0,0,-9999.0,0.625,1,P29_CV0,2,1,1,2,0,0,2,0,2
52,-565638.3341,-464090.3415,E52_F7_m37f37_P74_Y5_UO1679,I37_F38_m7f7_P38_Y3_UO423,I37_F38_m37f37_P74_Y1_UO1627,FXX,2,0.0,1,0,1.0,0,0,0,-9999.0,0.4375,1,P29_CV0,2,0,2,1,1,0,2,0,2
52,-565638.3341,-464090.3415,E52_F12_m30f30_P52_Y5_UO1400,I30_F52_m30f30_P74_Y1_UO1329,I30_F52_m7f7_P74_Y0_UO403,FXX,2,0.0,1,0,1.0,0,0,0,-9999.0,0.25,1,P29_CV0,2,0,2,1,1,0,2,0,2
52,-565638.3341,-464090.3415,E52_F12_m37f37_P74_Y5_UO1742,I37_F38_m30f30_P13_Y1_UO1263,I37_F38_m37f37_P38_Y3_UO1707,MXY,2,0.0,1,0,0.0,0,0,0,-9999.0,0.8125,1,P29_CV0,2,2,0,0,2,0,2,0,2
52,-565638.3341,-464090.3415,E52_F12_m37f37_P52_Y5_UO1744,I37_F74_m7f7_P38_Y1_UO414,ID37_F38_m37f37_P74_Y3_UO1740,FXX,2,0.0,1,0,1.0,0,0,0,-9999.0,0.5,1,P29_CV0,2,1,1,2,0,0,2,0,2
52,-565638.3341,-464090.3415,E52_F12_m46f46_P52_Y5_UO2259,I46_F52_m46f46_P13_Y2_UO2212,I46_F13_m-1f-1_P46_Y-1_U19,FXX,2,0.0,1,0,1.0,0,0,0,-9999.0,0.4375,1,P29_CV0,2,1,1,0,2,0,2,0,2
52,-565638.3341,-464090.3415,E52_F12_m12f12_P52_Y5_UO779,I12_F52_m-1f-1_P46_Y-1_U106,I12_F35_m12f12_P52_Y3_UO667,FXX,2,0.0,1,0,1.0,0,0,0,-9999.0,0.25,1,P29_CV0,2,0,2,2,0,0,2,0,2
52,-565638.3341,-464090.3415,E52_F30_m37f37_P13_Y5_UO1718,I37_F74_m30f30_P38_Y2_UO1348,I37_F38_m-1f-1_P7_Y-1_U114,MXY,2,0.0,1,0,0.0,0,0,0,-9999.0,0.625,1,P29_CV0,2,1,1,1,1,0,2,0,2
52,-565638.3341,-464090.3415,E52_F37_m37f37_P74_Y5_UO1780,I37_F38_m-1f-1_P30_Y-1_U112,ID37_F38_m7f7_P74_Y0_UO394,FXX,2,0.0,1,0,1.0,0,0,0,-9999.0,0.375,1,P29_CV0,2,1,1,0,2,0,2,0,2
52,-565638.3341,-464090.3415,E52_F46_m30f30_P52_Y5_UO1417,I30_F52_m-1f-1_P30_Y-1_U93,I30_F52_m7f7_P38_Y0_UO489,MXY,2,0.0,1,0,0.0,0,0,0,-9999.0,0.375,1,P29_CV0,2,0,2,1,1,0,2,0,2
52,-565638.3341,-464090.3415,E52_F46_m46f46_P52_Y5_UO2248,I46_F93_m12f12_P52_Y2_UO695,ID46_F52_m-1f-1_P30_Y-1_U213,FXX,2,0.0,1,0,1.0,0,0,0,-9999.0,0.5,1,P29_CV0,2,0,2,2,0,0,2,0,2
52,-565638.3341,-464090.3415,E52_F46_m46f46_P52_Y5_UO2231,ID46_F38_m46f46_P13_Y3_UO2291,I46_F35_m30f30_P52_Y1_UO1285,FXX,2,0.0,1,0,1.0,0,0,0,-9999.0,0.625,1,P29_CV0,2,0,2,1,1,0,2,0,2
52,-565638.3341,-464090.3415,E52_F46_m46f46_P52_Y5_UO2265,I46_F86_m46f46_P52_Y2_UO2257,I46_F52_m12f12_P52_Y2_UO713,MXY,2,0.0,1,0,0.0,0,0,0,-9999.0,0.875,1,P29_CV0,2,2,0,1,1,0,2,0,2
52,-565638.3341,-464090.3415,E52_F7_m30f30_P38_Y4_UO1415,ID30_F52_m-1f-1_P30_Y-1_U223,I30_F52_m-1f-1_P30_Y-1_U173,FXX,3,0.0,1,0,1.0,0,0,0,-9999.0,0.5,1,P29_CV0,2,1,1,2,0,0,2,0,2
52,-565638.3341,-464090.3415,E52_F12_m23f23_P86_Y4_UO1197,I23_F35_m90f90_P35_Y0_UO4503,ID23_F52_m30f30_P38_Y1_UO1256,MXY,3,0.0,1,0,0.0,0,0,0,-9999.0,0.25,1,P29_CV0,2,0,2,1,1,0,2,0,2
52,-565638.3341,-464090.3415,E52_F12_m30f30_P52_Y4_UO1426,I30_F74_m-1f-1_P37_Y-1_U220,I30_F38_m-1f-1_P30_Y-1_U11,FXX,3,0.0,1,0,1.0,0,0,0,-9999.0,0.5,1,P29_CV0,2,1,1,0,2,0,2,0,2
52,-565638.3341,-464090.3415,E52_F12_m90f90_P86_Y4_UO4205,I90_F86_m92f92_P57_Y1_UO4134,I90_F35_m30f30_P52_Y0_UO1528,FXX,3,0.0,1,0,1.0,0,0,0,-9999.0,0.25,1,P29_CV0,2,0,2,1,1,0,2,0,2
52,-565638.3341,-464090.3415,E52_F12_m12f12_P52_Y4_UO732,I12_F52_m-1f-1_P90_Y-1_U51,I12_F52_m30f30_P52_Y0_UO1508,FXX,3,0.0,1,0,1.0,0,0,0,-9999.0,0.25,1,P29_CV0,2,0,2,2,0,0,2,0,2
52,-565638.3341,-464090.3415,E52_F12_m30f30_P52_Y4_UO1445,I30_F52_m-1f-1_P30_Y-1_U59,I30_F93_m-1f-1_P30_Y-1_U181,MXY,3,0.0,1,0,0.0,0,0,0,-9999.0,0.75,1,P29_CV0,2,1,1,2,0,0,2,0,2
52,-565638.3341,-464090.3415,E52_F12_m46f46_P52_Y3_UO2272,I46_F86_m-1f-1_P46_Y-1_U100,I46_F52_m-1f-1_P30_Y-1_U71,MXY,4,0.0,1,0,0.0,0,0,0,-9999.0,0.75,1,P29_CV0,2,2,0,1,1,0,2,0,2
52,-565638.3341,-464090.3415,E52_F12_m46f46_P52_Y3_UO2295,I46_F86_m-1f-1_P30_Y-1_U165,I46_F35_m78f78_P13_Y1_UO3332,MXY,4,0.0,1,0,0.0,0,0,0,-9999.0,0.375,1,P29_CV0,2,1,1,1,1,0,2,0,2
52,-565638.3341,-464090.3415,E52_F30_m30f30_P52_Y3_UO1368,I30_F35_m39f39_P13_Y1_UO1693,I30_F38_m-1f-1_P30_Y-1_U31,FXX,4,0.0,1,0,1.0,0,0,0,-9999.0,0.625,1,P29_CV0,2,2,0,1,1,0,2,0,2
52,-565638.3341,-464090.3415,E52_F30_m7f7_P74_Y3_UO403,I7_F74_m30f30_P74_Y1_UO1311,I7_F74_m88f88_P29_Y1_UO3967,FXX,4,0.0,1,0,1.0,0,0,0,-9999.0,0.25,1,P29_CV0,2,1,1,0,2,0,2,0,2
52,-565638.3341,-464090.3415,E52_F46_m30f30_P52_Y3_UO1376,I30_F52_m30f30_P38_Y0_UO1437,I30_F13_m-1f-1_P30_Y-1_U21,FXX,4,0.0,1,0,1.0,0,0,0,-9999.0,0.75,1,P29_CV0,2,2,0,2,0,0,2,0,2
52,-565638.3341,-464090.3415,E52_F12_m46f46_P13_Y2_UO2292,I46_F52_m-1f-1_P46_Y-1_U16,ID46_F52_m-1f-1_P30_Y-1_U71,MXY,5,0.0,1,0,0.0,0,0,0,-9999.0,0.75,1,P29_CV0,2,2,0,1,1,0,2,0,2
52,-565638.3341,-464090.3415,E52_F12_m30f30_P52_Y2_UO1340,I30_F38_m90f90_P52_Y0_UO4571,ID30_F52_m-1f-1_P30_Y-1_U64,MXY,5,0.0,1,0,0.0,0,0,0,-9999.0,0.75,1,P29_CV0,2,1,1,0,2,0,2,0,2
52,-565638.3341,-464090.3415,E52_F46_m12f12_P52_Y2_UO713,ID12_F86_m-1f-1_P12_Y-1_U249,I12_F52_m30f30_P52_Y0_UO1508,MXY,5,0.0,1,0,0.0,0,0,0,-9999.0,0.75,1,P29_CV0,2,1,1,1,1,0,2,0,2
52,-565638.3341,-464090.3415,E52_F46_m30f30_P93_Y2_UO1443,I30_F38_m-1f-1_P30_Y-1_U225,I30_F13_m-1f-1_P30_Y-1_U233,FXX,5,0.0,1,0,1.0,0,0,0,-9999.0,1.0,1,P29_CV0,2,2,0,0,2,0,2,0,2
52,-565638.3341,-464090.3415,E52_F46_m46f46_P13_Y2_UO2212,I46_F93_m30f30_P13_Y0_UO1501,I46_F52_m-1f-1_P46_Y-1_U12,FXX,5,0.0,1,0,1.0,0,0,0,-9999.0,0.375,1,P29_CV0,2,1,1,0,2,0,2,0,2
52,-565638.3341,-464090.3415,E52_F46_m30f30_P38_Y2_UO1349,I30_F35_m30f30_P38_Y0_UO1459,I30_F13_m37f37_P13_Y0_UO1741,MXY,5,0.0,1,0,0.0,0,0,0,-9999.0,0.625,1,P29_CV0,2,2,0,1,1,0,2,0,2
52,-565638.3341,-464090.3415,E52_F30_m30f30_P74_Y1_UO1296,ID30_F74_m-1f-1_P30_Y-1_U129,I30_F35_m-1f-1_P30_Y-1_U64,MXY,6,0.0,1,0,0.0,0,0,0,-9999.0,0.5,1,P29_CV0,2,1,1,1,1,0,2,0,2
52,-565638.3341,-464090.3415,E52_F46_m30f30_P52_Y1_UO1278,I30_F38_m-1f-1_P30_Y-1_U219,I30_F13_m-1f-1_P30_Y-1_U10,FXX,6,0.0,1,0,1.0,0,0,0,-9999.0,0.25,1,P29_CV0,2,1,1,1,1,0,2,0,2
52,-565638.3341,-464090.3415,E52_F12_m30f30_P93_Y0_UO1526,R30_F30_m-1f-1_P30_Y-1_U230,R30_F30_m-1f-1_P30_Y-1_U31,FXX,7,0.0,1,0,1.0,0,0,0,-9999.0,0.5,1,P29_CV0,2,1,1,0,2,0,2,0,2
52,-565638.3341,-464090.3415,E52_F12_m30f30_P52_Y0_UO1467,R30_F30_m-1f-1_P30_Y-1_U120,R30_F30_m-1f-1_P30_Y-1_U240,FXX,7,0.0,1,0,1.0,0,0,0,-9999.0,0.0,1,P29_CV0,2,0,2,2,0,0,2,0,2
52,-565638.3341,-464090.3415,E52_F12_m30f30_P52_Y0_UO1462,R30_F30_m-1f-1_P30_Y-1_U106,R30_F30_m-1f-1_P30_Y-1_U181,MXY,7,0.0,1,0,0.0,0,0,0,-9999.0,0.5,1,P29_CV0,2,0,2,2,0,0,2,0,2
52,-565638.3341,-464090.3415,E52_F12_m30f30_P52_Y0_UO1448,R30_F30_m-1f-1_P30_Y-1_U75,R30_F30_m-1f-1_P30_Y-1_U67,MXY,7,0.0,1,0,0.0,0,0,0,-9999.0,0.5,1,P29_CV0,2,2,0,1,1,0,2,0,2
52,-565638.3341,-464090.3415,E52_F30_m30f30_P93_Y0_UO1533,R30_F30_m-1f-1_P30_Y-1_U247,R30_F30_m-1f-1_P30_Y-1_U11,FXX,7,0.0,1,0,1.0,0,0,0,-9999.0,0.5,1,P29_CV0,2,1,1,2,0,0,2,0,2
52,-565638.3341,-464090.3415,E52_F46_m30f30_P38_Y0_UO1498,R30_F30_m-1f-1_P30_Y-1_U186,R30_F30_m-1f-1_P30_Y-1_U178,FXX,7,0.0,1,0,1.0,0,0,0,-9999.0,0.75,1,P29_CV0,2,2,0,1,1,0,2,0,2
52,-565638.3341,-464090.3415,E52_F90_m30f30_P52_Y0_UO1521,R30_F30_m-1f-1_P30_Y-1_U225,R30_F30_m-1f-1_P30_Y-1_U31,MXY,7,0.0,1,0,0.0,0,0,0,-9999.0,0.75,1,P29_CV0,2,1,1,0,2,0,2,0,2
52,-565638.3341,-464090.3415,E52_F46_m-1f-1_P30_Y-1_U69,-9999,-9999,MXY,8,0.0,1,0,0.0,0,0,0,-9999.0,0.0,1,P29_CV0,2,0,2,2,0,0,2,0,2
52,-565638.3341,-464090.3415,E52_F30_m-1f-1_P30_Y-1_U224,-9999,-9999,FXX,9,0.0,1,0,1.0,0,0,0,-9999.0,0.5,1,P29_CV0,2,1,1,1,1,0,2,0,2
52,-565638.3341,-464090.3415,E52_F46_m-1f-1_P30_Y-1_U223,-9999,-9999,FXX,9,0.0,1,0,1.0,0,0,0,-9999.0,0.5,1,P29_CV0,2,1,1,2,0,0,2,0,2
52,-565638.3341,-464090.3415,E52_F46_m-1f-1_P30_Y-1_U213,-9999,-9999,MXY,10,0.0,1,0,0.0,0,0,0,-9999.0,0.5,1,P29_CV0,2,1,1,1,1,0,2,0,2
52,-565638.3341,-464090.3415,E52_F30_m-1f-1_P30_Y-1_U67,-9999,-9999,MXY,11,0.0,1,0,0.0,0,0,0,-9999.0,0.5,1,P29_CV0,2,1,1,1,1,0,2,0,2
52,-565638.3341,-464090.3415,E52_F30_m-1f-1_P30_Y-1_U119,-9999,-9999,MXY,11,0.0,1,0,0.0,0,0,0,-9999.0,0.5,1,P29_CV0,2,1,1,1,1,0,2,0,2
52,-565638.3341,-464090.3415,E52_F46_m-1f-1_P30_Y-1_U71,-9999,-9999,MXY,11,0.0,1,0,0.0,0,0,0,-9999.0,1.0,1,P29_CV0,2,2,0,1,1,0,2,0,2
52,-565638.3341,-464090.3415,Age0_F52_m45f45_P52_Y7_UO2212,I45_F8_m92f92_P6_Y4_UO4351,I45_F52_m-1f-1_P31_Y-1_U3,FXX,0,0.0,0,0,0.0,0,0,0,0.0,0.5,1,P30_CV0,2,1,1,2,0,0,2,0,2
52,-565638.3341,-464090.3415,Age0_F52_m45f45_P52_Y7_UO2253,I45_F57_m-1f-1_P45_Y-1_U151,I45_F86_m31f31_P8_Y2_UO1480,MXY,0,0.0,0,0,0.0,0,0,0,0.0,0.875,1,P30_CV0,2,1,1,1,1,0,2,0,2
52,-565638.3341,-464090.3415,Age0_F52_m46f46_P52_Y7_UO2284,I46_F52_m31f31_P86_Y4_UO1454,I46_F52_m90f90_P52_Y5_UO4229,MXY,0,0.0,0,0,0.0,0,0,0,0.0,0.375,1,P30_CV0,2,1,1,1,1,0,2,0,2
52,-565638.3341,-464090.3415,E52_F46_m46f46_P52_Y6_UO2279,I46_F52_m31f31_P86_Y4_UO1454,I46_F52_m-1f-1_P12_Y-1_U139,MXY,1,0.0,1,1,0.0,0,0,0,-9999.0,0.4375,1,P30_CV0,2,1,1,1,1,0,2,0,2
52,-565638.3341,-464090.3415,E52_F30_m30f30_P13_Y5_UO1420,I30_F13_m-1f-1_P37_Y-1_U42,I30_F13_m45f45_P86_Y3_UO2176,MXY,2,0.0,1,0,0.0,0,0,0,-9999.0,0.125,1,P30_CV0,2,0,2,1,1,0,2,0,2
52,-565638.3341,-464090.3415,E52_F46_m31f31_P86_Y4_UO1454,ID31_F98_m31f31_P8_Y2_UO1460,ID31_F68_m31f31_P68_Y2_UO1488,FXX,3,0.0,1,0,1.0,0,0,0,-9999.0,0.375,1,P30_CV0,2,2,0,2,0,0,2,0,2
52,-565638.3341,-464090.3415,E52_F30_m45f45_P86_Y3_UO2176,I45_F8_m-1f-1_P45_Y-1_U135,I45_F6_m31f31_P68_Y0_UO1556,MXY,4,0.0,1,0,0.0,0,0,0,-9999.0,0.25,1,P30_CV0,2,1,1,1,1,0,2,0,2
52,-565638.3341,-464090.3415,Age0_F52_m12f12_P52_Y7_UO696,I12_F52_m46f46_P52_Y5_UO2306,ID12_F52_m92f92_P57_Y2_UO4330,FXX,0,0.0,0,0,0.0,0,0,0,0.0,0.3125,1,P36_CV0,2,0,2,0,2,0,2,0,2
52,-565638.3341,-464090.3415,Age0_F52_m12f12_P52_Y7_UO718,I12_F52_m12f12_P86_Y4_UO760,ID12_F52_m30f30_P13_Y3_UO1358,FXX,0,0.0,0,0,0.0,0,0,0,0.0,0.5625,1,P36_CV0,2,1,1,1,1,0,2,0,2
52,-565638.3341,-464090.3415,Age0_F52_m12f12_P52_Y7_UO759,I12_F52_m46f46_P52_Y0_UO2334,ID12_F52_m30f30_P13_Y3_UO1358,FXX,0,0.0,0,0,0.0,0,0,0,0.0,0.5625,1,P36_CV0,2,2,0,0,2,0,2,0,2
52,-565638.3341,-464090.3415,Age0_F52_m12f12_P52_Y7_UO768,I12_F86_m-1f-1_P37_Y-1_U220,I12_F86_m-1f-1_P23_Y-1_U121,MXY,0,0.0,0,0,0.0,0,0,0,0.0,0.5,1,P36_CV0,2,1,1,1,1,0,2,0,2
52,-565638.3341,-464090.3415,Age0_F52_m30f30_P52_Y7_UO1387,ID30_F38_m30f30_P74_Y4_UO1417,I30_F13_m46f46_P52_Y2_UO2231,FXX,0,0.0,0,0,0.0,0,0,0,0.0,0.5,1,P36_CV0,2,1,1,1,1,0,2,0,2
52,-565638.3341,-464090.3415,Age0_F52_m30f30_P52_Y7_UO1392,I30_F35_m7f7_P38_Y4_UO475,I30_F13_m-1f-1_P7_Y-1_U33,MXY,0,0.0,0,0,0.0,0,0,0,0.0,0.375,1,P36_CV0,2,1,1,0,2,0,2,0,2
52,-565638.3341,-464090.3415,Age0_F52_m30f30_P52_Y7_UO1414,I30_F13_m30f30_P52_Y3_UO1368,I30_F52_m46f46_P93_Y2_UO2247,FXX,0,0.0,0,0,0.0,0,0,0,0.0,0.6875,1,P36_CV0,2,2,0,1,1,0,2,0,2
52,-565638.3341,-464090.3415,Age0_F52_m30f30_P52_Y7_UO1434,I30_F74_m37f37_P13_Y1_UO1621,I30_F13_m46f46_P93_Y1_UO2103,MXY,0,0.0,0,0,0.0,0,0,0,0.0,0.5,1,P36_CV0,2,1,1,1,1,0,2,0,2
52,-565638.3341,-464090.3415,Age0_F52_m30f30_P52_Y7_UO1445,ID30_F74_m-1f-1_P30_Y-1_U224,I30_F52_m37f37_P38_Y4_UO1678,FXX,0,0.0,0,0,0.0,0,0,0,0.0,0.6875,1,P36_CV0,2,2,0,2,0,0,2,0,2
52,-565638.3341,-464090.3415,Age0_F52_m46f46_P52_Y7_UO2270,I46_F19_m46f46_P52_Y5_UO2261,I46_F19_m90f90_P86_Y3_UO4219,MXY,0,0.0,0,0,0.0,0,0,0,0.0,0.46875,1,P36_CV0,2,1,1,2,0,0,2,0,2
52,-565638.3341,-464090.3415,E52_F12_m46f46_P52_Y6_UO2274,I46_F35_m30f30_P38_Y4_UO1361,I46_F52_m46f46_P52_Y4_UO2273,FXX,1,0.0,1,1,1.0,0,0,0,-9999.0,0.4375,1,P36_CV0,2,0,2,2,0,0,2,0,2
52,-565638.3341,-464090.3415,E52_F30_m37f37_P38_Y6_UO1694,I37_F38_m30f30_P74_Y4_UO1414,I37_F74_m7f7_P74_Y2_UO417,MXY,1,0.0,1,1,0.0,0,0,0,-9999.0,0.5,1,P36_CV0,2,0,2,2,0,0,2,0,2
52,-565638.3341,-464090.3415,E52_F30_m7f7_P74_Y6_UO437,I7_F74_m37f37_P38_Y4_UO1750,I7_F74_m88f88_P29_Y2_UO4137,FXX,1,0.0,1,1,1.0,0,0,0,-9999.0,0.4375,1,P36_CV0,2,2,0,1,1,0,2,0,2
52,-565638.3341,-464090.3415,E52_F30_m37f37_P74_Y6_UO1812,ID37_F52_m-1f-1_P37_Y-1_U48,ID37_F38_m88f88_P29_Y4_UO4113,FXX,1,0.0,1,1,1.0,0,0,0,-9999.0,0.375,1,P36_CV0,2,2,0,2,0,0,2,0,2
52,-565638.3341,-464090.3415,E52_F37_m30f30_P38_Y6_UO1391,ID30_F13_m90f90_P52_Y4_UO4236,ID30_F13_m37f37_P74_Y4_UO1713,MXY,1,0.0,1,1,0.0,0,0,0,-9999.0,0.375,1,P36_CV0,2,0,2,0,2,0,2,0,2
52,-565638.3341,-464090.3415,E52_F46_m37f37_P52_Y6_UO1718,ID37_F74_m46f46_P74_Y4_UO2213,I37_F38_m78f78_P13_Y4_UO3458,MXY,1,0.0,1,1,0.0,0,0,0,-9999.0,0.46875,1,P36_CV0,2,1,1,1,1,0,2,0,2
52,-565638.3341,-464090.3415,E52_F46_m46f46_P52_Y6_UO2318,I46_F52_m37f37_P13_Y2_UO1709,I46_F52_m-1f-1_P46_Y-1_U98,FXX,1,0.0,1,1,1.0,0,0,0,-9999.0,0.6875,1,P36_CV0,2,1,1,0,2,0,2,0,2
52,-565638.3341,-464090.3415,E52_F46_m90f90_P52_Y6_UO4306,I90_F86_m40f40_P57_Y1_UO1752,I90_F52_m90f90_P86_Y4_UO4224,MXY,1,0.0,1,1,0.0,0,0,0,-9999.0,0.4375,1,P36_CV0,2,1,1,0,2,0,2,0,2
52,-565638.3341,-464090.3415,E52_F46_m30f30_P93_Y6_UO1444,I30_F13_m-1f-1_P37_Y-1_U174,I30_F74_m7f7_P38_Y4_UO418,FXX,1,0.0,1,1,1.0,0,0,0,-9999.0,0.4375,1,P36_CV0,2,1,1,1,1,0,2,0,2
52,-565638.3341,-464090.3415,E52_F12_m46f46_P52_Y5_UO2306,I46_F52_m-1f-1_P46_Y-1_U52,I46_F52_m46f46_P93_Y2_UO2247,FXX,2,0.0,1,0,1.0,0,0,0,-9999.0,0.375,1,P36_CV0,2,1,1,1,1,0,2,0,2
52,-565638.3341,-464090.3415,E52_F12_m46f46_P52_Y5_UO2244,ID46_F52_m12f12_P52_Y3_UO706,ID46_F86_m90f90_P86_Y3_UO4176,MXY,2,0.0,1,0,0.0,0,0,0,-9999.0,0.3125,1,P36_CV0,2,0,2,0,2,0,2,0,2
52,-565638.3341,-464090.3415,E52_F12_m46f46_P52_Y5_UO2258,ID46_F52_m40f40_P6_Y2_UO1905,I46_F52_m37f37_P52_Y1_UO1567,MXY,2,0.0,1,0,0.0,0,0,0,-9999.0,0.5,1,P36_CV0,2,2,0,1,1,0,2,0,2
52,-565638.3341,-464090.3415,E52_F30_m7f7_P38_Y5_UO527,ID7_F35_m-1f-1_P37_Y-1_U37,I7_F74_m7f7_P74_Y2_UO436,FXX,2,0.0,1,0,1.0,0,0,0,-9999.0,0.625,1,P36_CV0,2,1,1,1,1,0,2,0,2
52,-565638.3341,-464090.3415,E52_F30_m7f7_P38_Y5_UO475,I7_F74_m37f37_P74_Y2_UO1720,I7_F29_m37f37_P38_Y3_UO1754,MXY,2,0.0,1,0,0.0,0,0,0,-9999.0,0.3125,1,P36_CV0,2,0,2,0,2,0,2,0,2
52,-565638.3341,-464090.3415,E52_F30_m30f30_P52_Y5_UO1384,I30_F52_m37f37_P38_Y2_UO1683,ID30_F52_m-1f-1_P30_Y-1_U233,MXY,2,0.0,1,0,0.0,0,0,0,-9999.0,0.9375,1,P36_CV0,2,2,0,1,1,0,2,0,2
52,-565638.3341,-464090.3415,E52_F37_m7f7_P38_Y5_UO534,I7_F38_m-1f-1_P37_Y-1_U13,I7_F29_m37f37_P38_Y2_UO1724,FXX,2,0.0,1,0,1.0,0,0,0,-9999.0,0.375,1,P36_CV0,2,1,1,2,0,0,2,0,2
52,-565638.3341,-464090.3415,E52_F46_m90f90_P52_Y5_UO4229,I90_F27_m12f12_P52_Y2_UO718,I90_F86_m37f37_P13_Y2_UO1735,MXY,2,0.0,1,0,0.0,0,0,0,-9999.0,0.375,1,P36_CV0,2,0,2,0,2,0,2,0,2
52,-565638.3341,-464090.3415,E52_F46_m46f46_P52_Y5_UO2261,ID46_F6_m12f12_P52_Y2_UO754,I46_F52_m30f30_P13_Y3_UO1358,FXX,2,0.0,1,0,1.0,0,0,0,-9999.0,0.4375,1,P36_CV0,2,2,0,1,1,0,2,0,2
52,-565638.3341,-464090.3415,E52_F30_m90f90_P52_Y4_UO4236,ID90_F57_m-1f-1_P23_Y-1_U7,I90_F86_m46f46_P52_Y2_UO2221,FXX,3,0.0,1,0,1.0,0,0,0,-9999.0,0.5,1,P36_CV0,2,0,2,0,2,0,2,0,2
52,-565638.3341,-464090.3415,E52_F30_m30f30_P74_Y4_UO1417,I30_F52_m-1f-1_P37_Y-1_U163,I30_F13_m-1f-1_P7_Y-1_U127,FXX,3,0.0,1,0,1.0,0,0,0,-9999.0,0.5,1,P36_CV0,2,1,1,0,2,0,2,0,2
52,-565638.3341,-464090.3415,E52_F30_m7f7_P38_Y4_UO475,I7_F38_m-1f-1_P37_Y-1_U9,I7_F38_m37f37_P74_Y1_UO1549,FXX,3,0.0,1,0,1.0,0,0,0,-9999.0,0.25,1,P36_CV0,2,1,1,1,1,0,2,0,2
52,-565638.3341,-464090.3415,E52_F46_m37f37_P13_Y4_UO1767,I37_F38_m-1f-1_P37_Y-1_U53,I37_F74_m37f37_P29_Y1_UO1584,MXY,3,0.0,1,0,0.0,0,0,0,-9999.0,0.5,1,P36_CV0,2,1,1,1,1,0,2,0,2
52,-565638.3341,-464090.3415,E52_F46_m78f78_P13_Y4_UO3432,I78_F38_m37f37_P38_Y2_UO1655,ID78_F13_m-1f-1_P37_Y-1_U169,MXY,3,0.0,1,0,0.0,0,0,0,-9999.0,0.375,1,P36_CV0,2,1,1,1,1,0,2,0,2
52,-565638.3341,-464090.3415,E52_F46_m30f30_P38_Y4_UO1361,ID30_F29_m7f7_P38_Y1_UO437,I30_F35_m-1f-1_P30_Y-1_U101,FXX,3,0.0,1,0,1.0,0,0,0,-9999.0,0.25,1,P36_CV0,2,0,2,1,1,0,2,0,2
52,-565638.3341,-464090.3415,E52_F12_m30f30_P13_Y3_UO1358,I30_F38_m37f37_P74_Y1_UO1579,I30_F52_m30f30_P93_Y1_UO1306,MXY,4,0.0,1,0,0.0,0,0,0,-9999.0,0.375,1,P36_CV0,2,1,1,0,2,0,2,0,2
52,-565638.3341,-464090.3415,E52_F30_m78f78_P29_Y3_UO3461,I78_F13_m37f37_P93_Y0_UO1809,I78_F93_m-1f-1_P78_Y-1_U187,FXX,4,0.0,1,0,1.0,0,0,0,-9999.0,0.75,1,P36_CV0,2,2,0,1,1,0,2,0,2
52,-565638.3341,-464090.3415,E52_F46_m12f12_P52_Y3_UO706,ID12_F38_m-1f-1_P37_Y-1_U86,I12_F52_m-1f-1_P12_Y-1_U19,FXX,4,0.0,1,0,1.0,0,0,0,-9999.0,0.25,1,P36_CV0,2,0,2,1,1,0,2,0,2
52,-565638.3341,-464090.3415,E52_F7_m37f37_P38_Y2_UO1738,ID37_F38_m-1f-1_P37_Y-1_U242,I37_F38_m-1f-1_P37_Y-1_U169,MXY,5,0.0,1,0,0.0,0,0,0,-9999.0,0.5,1,P36_CV0,2,1,1,1,1,0,2,0,2
52,-565638.3341,-464090.3415,E52_F30_m37f37_P13_Y2_UO1705,ID37_F74_m-1f-1_P37_Y-1_U64,I37_F38_m-1f-1_P37_Y-1_U169,MXY,5,0.0,1,0,0.0,0,0,0,-9999.0,0.5,1,P36_CV0,2,1,1,0,2,0,2,0,2
52,-565638.3341,-464090.3415,E52_F30_m37f37_P13_Y1_UO1621,I37_F38_m-1f-1_P37_Y-1_U249,ID37_F38_m-1f-1_P30_Y-1_U203,FXX,6,0.0,1,0,1.0,0,0,0,-9999.0,0.5,1,P36_CV0,2,1,1,1,1,0,2,0,2
52,-565638.3341,-464090.3415,E52_F46_m37f37_P52_Y1_UO1567,I37_F38_m-1f-1_P37_Y-1_U210,I37_F38_m-1f-1_P37_Y-1_U202,MXY,6,0.0,1,0,0.0,0,0,0,-9999.0,0.5,1,P36_CV0,2,2,0,1,1,0,2,0,2
52,-565638.3341,-464090.3415,E52_F37_m37f37_P38_Y0_UO1797,R37_F37_m-1f-1_P37_Y-1_U159,R37_F37_m-1f-1_P37_Y-1_U117,MXY,7,0.0,1,0,0.0,0,0,0,-9999.0,0.25,1,P36_CV0,2,1,1,1,1,0,2,0,2
52,-565638.3341,-464090.3415,E52_F46_m37f37_P29_Y0_UO1781,R37_F37_m-1f-1_P37_Y-1_U108,R37_F37_m-1f-1_P37_Y-1_U151,MXY,7,0.0,1,0,0.0,0,0,0,-9999.0,0.25,1,P36_CV0,2,1,1,2,0,0,2,0,2
52,-565638.3341,-464090.3415,E52_F46_m-1f-1_P37_Y-1_U137,-9999,-9999,FXX,9,0.0,1,0,1.0,0,0,0,-9999.0,0.0,1,P36_CV0,2,0,2,0,2,0,2,0,2
52,-565638.3341,-464090.3415,E52_F30_m-1f-1_P37_Y-1_U186,-9999,-9999,FXX,10,0.0,1,0,1.0,0,0,0,-9999.0,0.0,1,P36_CV0,2,0,2,1,1,0,2,0,2
52,-565638.3341,-464090.3415,E52_F12_m-1f-1_P37_Y-1_U220,-9999,-9999,FXX,11,0.0,1,0,1.0,0,0,0,-9999.0,1.0,1,P36_CV0,2,2,0,1,1,0,2,0,2
52,-565638.3341,-464090.3415,E52_F7_m-1f-1_P37_Y-1_U13,-9999,-9999,FXX,12,0.0,1,0,1.0,0,0,0,-9999.0,0.0,1,P36_CV0,2,0,2,1,1,0,2,0,2
52,-565638.3341,-464090.3415,E52_F30_m-1f-1_P37_Y-1_U80,-9999,-9999,MXY,13,0.0,1,0,0.0,0,0,0,-9999.0,0.5,1,P36_CV0,2,1,1,1,1,0,2,0,2
52,-565638.3341,-464090.3415,E52_F37_m-1f-1_P37_Y-1_U2,-9999,-9999,FXX,14,0.0,1,0,1.0,0,0,0,-9999.0,0.5,1,P36_CV0,2,1,1,2,0,0,2,0,2
52,-565638.3341,-464090.3415,Age0_F52_m12f12_P52_Y7_UO726,I12_F52_m39f39_P52_Y3_UO1871,I12_F52_m90f90_P52_Y2_UO4180,MXY,0,0.0,0,0,0.0,0,0,0,0.0,0.5,1,P38_CV0,2,1,1,1,1,0,2,0,2
52,-565638.3341,-464090.3415,Age0_F52_m12f12_P52_Y7_UO742,I12_F52_m30f30_P52_Y2_UO1367,ID12_F93_m39f39_P19_Y0_UO1854,FXX,0,0.0,0,0,0.0,0,0,0,0.0,0.5,1,P38_CV0,2,1,1,1,1,0,2,0,2
52,-565638.3341,-464090.3415,Age0_F52_m46f46_P52_Y7_UO2278,ID46_F52_m12f12_P52_Y5_UO726,I46_F52_m46f46_P52_Y1_UO2151,FXX,0,0.0,0,0,0.0,0,0,0,0.0,0.5,1,P38_CV0,2,2,0,1,1,0,2,0,2
52,-565638.3341,-464090.3415,Age0_F52_m46f46_P52_Y7_UO2281,I46_F52_m90f90_P52_Y5_UO4193,I46_F52_m46f46_P52_Y5_UO2246,FXX,0,0.0,0,0,0.0,0,0,0,0.0,0.5625,1,P38_CV0,2,2,0,0,2,0,2,0,2
52,-565638.3341,-464090.3415,Age0_F52_m46f46_P52_Y7_UO2291,I46_F52_m12f12_P52_Y4_UO750,I46_F52_m46f46_P52_Y1_UO2151,MXY,0,0.0,0,0,0.0,0,0,0,0.0,0.75,1,P38_CV0,2,2,0,1,1,0,2,0,2
52,-565638.3341,-464090.3415,Age0_F52_m46f46_P52_Y7_UO2303,ID46_F52_m12f12_P52_Y4_UO675,I46_F52_m46f46_P52_Y1_UO2151,FXX,0,0.0,0,0,0.0,0,0,0,0.0,0.4375,1,P38_CV0,2,2,0,1,1,0,2,0,2
52,-565638.3341,-464090.3415,Age0_F52_m46f46_P52_Y7_UO2314,I46_F13_m12f12_P52_Y3_UO706,I46_F52_m39f39_P19_Y0_UO1861,FXX,0,0.0,0,0,0.0,0,0,0,0.0,0.125,1,P38_CV0,2,0,2,2,0,0,2,0,2
52,-565638.3341,-464090.3415,E52_F12_m39f39_P19_Y6_UO1831,I39_F19_m39f39_P75_Y4_UO1863,I39_F51_m39f39_P75_Y4_UO1808,FXX,1,0.0,1,1,1.0,0,0,0,-9999.0,0.34375,1,P38_CV0,2,0,2,1,1,0,2,0,2
52,-565638.3341,-464090.3415,E52_F12_m30f30_P52_Y6_UO1416,I30_F52_m88f88_P29_Y2_UO4123,I30_F38_m46f46_P93_Y2_UO2232,MXY,1,0.0,1,1,0.0,0,0,0,-9999.0,0.375,1,P38_CV0,2,1,1,1,1,0,2,0,2
52,-565638.3341,-464090.3415,E52_F46_m12f12_P86_Y6_UO701,I12_F52_m46f46_P86_Y4_UO2205,I12_F52_m-1f-1_P12_Y-1_U118,FXX,1,0.0,1,1,1.0,0,0,0,-9999.0,0.75,1,P38_CV0,2,1,1,0,2,0,2,0,2
52,-565638.3341,-464090.3415,E52_F30_m87f87_P93_Y5_UO4070,I87_F24_m39f39_P51_Y1_UO1685,I87_F24_m-1f-1_P87_Y-1_U231,MXY,2,0.0,1,0,0.0,0,0,0,-9999.0,0.75,1,P38_CV0,2,1,1,1,1,0,2,0,2
52,-565638.3341,-464090.3415,E52_F46_m78f78_P93_Y5_UO3494,ID78_F51_m39f39_P51_Y1_UO1679,I78_F13_m-1f-1_P87_Y-1_U187,MXY,2,0.0,1,0,0.0,0,0,0,-9999.0,0.5,1,P38_CV0,2,1,1,1,1,0,2,0,2
52,-565638.3341,-464090.3415,E52_F12_m39f39_P52_Y3_UO1871,I39_F19_m-1f-1_P39_Y-1_U180,I39_F19_m39f39_P75_Y1_UO1635,FXX,4,0.0,1,0,1.0,0,0,0,-9999.0,0.75,1,P38_CV0,2,1,1,0,2,0,2,0,2
52,-565638.3341,-464090.3415,E52_F12_m39f39_P19_Y3_UO1842,ID39_F75_m-1f-1_P39_Y-1_U95,I39_F75_m-1f-1_P39_Y-1_U148,FXX,4,0.0,1,0,1.0,0,0,0,-9999.0,0.25,1,P38_CV0,2,1,1,1,1,0,2,0,2
52,-565638.3341,-464090.3415,E52_F46_m39f39_P19_Y3_UO1869,I39_F51_m-1f-1_P39_Y-1_U132,I39_F75_m-1f-1_P39_Y-1_U137,MXY,4,0.0,1,0,0.0,0,0,0,-9999.0,0.75,1,P38_CV0,2,1,1,0,2,0,2,0,2
52,-565638.3341,-464090.3415,E52_F30_m39f39_P13_Y2_UO1780,I39_F75_m39f39_P75_Y0_UO1880,I39_F93_m-1f-1_P39_Y-1_U56,MXY,5,0.0,1,0,0.0,0,0,0,-9999.0,0.125,1,P38_CV0,2,0,2,2,0,0,2,0,2
52,-565638.3341,-464090.3415,E52_F46_m46f46_P52_Y2_UO2294,I46_F86_m-1f-1_P39_Y-1_U149,I46_F19_m-1f-1_P46_Y-1_U83,MXY,5,0.0,1,0,0.0,0,0,0,-9999.0,1.0,1,P38_CV0,2,2,0,1,1,0,2,0,2
52,-565638.3341,-464090.3415,E52_F12_m12f12_P52_Y1_UO671,ID12_F13_m-1f-1_P39_Y-1_U90,I12_F86_m-1f-1_P12_Y-1_U117,MXY,6,0.0,1,0,0.0,0,0,0,-9999.0,0.5,1,P38_CV0,2,1,1,1,1,0,2,0,2
52,-565638.3341,-464090.3415,E52_F46_m39f39_P93_Y1_UO1680,ID39_F19_m-1f-1_P39_Y-1_U124,I39_F13_m-1f-1_P39_Y-1_U77,MXY,6,0.0,1,0,0.0,0,0,0,-9999.0,0.5,1,P38_CV0,2,1,1,0,2,0,2,0,2
52,-565638.3341,-464090.3415,E52_F46_m46f46_P52_Y1_UO2151,ID46_F86_m-1f-1_P90_Y-1_U26,ID46_F19_m-1f-1_P39_Y-1_U73,MXY,6,0.0,1,0,0.0,0,0,0,-9999.0,0.5,1,P38_CV0,2,2,0,2,0,0,2,0,2
52,-565638.3341,-464090.3415,E52_F46_m39f39_P19_Y1_UO1645,ID39_F51_m-1f-1_P39_Y-1_U152,I39_F93_m-1f-1_P39_Y-1_U126,MXY,6,0.0,1,0,0.0,0,0,0,-9999.0,0.75,1,P38_CV0,2,1,1,0,2,0,2,0,2
52,-565638.3341,-464090.3415,E52_F46_m39f39_P19_Y0_UO1861,R39_F39_m-1f-1_P39_Y-1_U70,R39_F39_m-1f-1_P39_Y-1_U96,MXY,7,0.0,1,0,0.0,0,0,0,-9999.0,0.0,1,P38_CV0,2,0,2,2,0,0,2,0,2
52,-565638.3341,-464090.3415,Age0_F52_m46f46_P52_Y7_UO2317,I46_F86_m30f30_P93_Y2_UO1443,I46_F52_m92f92_P6_Y3_UO4255,MXY,0,0.0,0,0,0.0,0,0,0,0.0,0.5625,1,P39_CV0,2,1,1,0,2,0,2,0,2
52,-565638.3341,-464090.3415,Age0_F52_m90f90_P52_Y7_UO4216,I90_F35_m45f45_P6_Y5_UO2181,I90_F57_m23f23_P57_Y3_UO1140,FXX,0,0.0,0,0,0.0,0,0,0,0.0,0.625,1,P39_CV0,2,2,0,1,1,0,2,0,2
52,-565638.3341,-464090.3415,Age0_F52_m90f90_P52_Y7_UO4303,I90_F6_m23f23_P6_Y0_UO1265,I90_F86_m92f92_P86_Y5_UO4371,MXY,0,0.0,0,0,0.0,0,0,0,0.0,0.625,1,P39_CV0,2,2,0,1,1,0,2,0,2
52,-565638.3341,-464090.3415,E52_F12_m90f90_P35_Y6_UO4321,I90_F86_m23f23_P6_Y0_UO1302,I90_F57_m23f23_P27_Y4_UO1212,MXY,1,0.0,1,1,0.0,0,0,0,-9999.0,0.75,1,P39_CV0,2,1,1,1,1,0,2,0,2
52,-565638.3341,-464090.3415,E52_F12_m45f45_P86_Y6_UO2240,I45_F8_m40f40_P57_Y0_UO1991,I45_F86_m40f40_P57_Y3_UO1927,MXY,1,0.0,1,1,0.0,0,0,0,-9999.0,0.625,1,P39_CV0,2,2,0,1,1,0,2,0,2
52,-565638.3341,-464090.3415,E52_F23_m23f23_P86_Y6_UO1232,I23_F35_m-1f-1_P40_Y-1_U112,I23_F99_m42f42_P27_Y1_UO1870,FXX,1,0.0,1,1,1.0,0,0,0,-9999.0,0.5,1,P39_CV0,2,2,0,2,0,0,2,0,2
52,-565638.3341,-464090.3415,E52_F45_m90f90_P86_Y6_UO4213,I90_F35_m90f90_P6_Y4_UO4196,I90_F6_m90f90_P86_Y4_UO4251,FXX,1,0.0,1,1,1.0,0,0,0,-9999.0,0.5,1,P39_CV0,2,2,0,1,1,0,2,0,2
52,-565638.3341,-464090.3415,E52_F46_m12f12_P52_Y6_UO711,I12_F52_m46f46_P52_Y4_UO2208,I12_F52_m90f90_P52_Y4_UO4235,MXY,1,0.0,1,1,0.0,0,0,0,-9999.0,0.5,1,P39_CV0,2,2,0,0,2,0,2,0,2
52,-565638.3341,-464090.3415,E52_F46_m90f90_P52_Y6_UO4232,ID90_F57_m23f23_P35_Y4_UO1155,I90_F86_m40f40_P6_Y0_UO1955,FXX,1,0.0,1,1,1.0,0,0,0,-9999.0,0.5,1,P39_CV0,2,2,0,2,0,0,2,0,2
52,-565638.3341,-464090.3415,E52_F46_m45f45_P86_Y6_UO2207,ID45_F8_m90f90_P86_Y3_UO4142,I45_F6_m-1f-1_P40_Y-1_U63,MXY,1,0.0,1,1,0.0,0,0,0,-9999.0,0.875,1,P39_CV0,2,2,0,1,1,0,2,0,2
52,-565638.3341,-464090.3415,E52_F90_m40f40_P57_Y6_UO1996,I40_F6_m-1f-1_P40_Y-1_U130,I40_F6_m45f45_P57_Y4_UO2151,MXY,1,0.0,1,1,0.0,0,0,0,-9999.0,0.8125,1,P39_CV0,2,2,0,1,1,0,2,0,2
52,-565638.3341,-464090.3415,E52_F90_m45f45_P57_Y6_UO2267,ID45_F27_m-1f-1_P40_Y-1_U37,I45_F6_m-1f-1_P40_Y-1_U63,FXX,1,0.0,1,1,1.0,0,0,0,-9999.0,0.5,1,P39_CV0,2,1,1,2,0,0,2,0,2
52,-565638.3341,-464090.3415,E52_F40_m50f50_P99_Y5_UO2410,I50_F99_m40f40_P57_Y2_UO1927,I50_F99_m92f92_P99_Y0_UO4649,FXX,2,0.0,1,0,1.0,0,0,0,-9999.0,0.25,1,P39_CV0,2,1,1,1,1,0,2,0,2
52,-565638.3341,-464090.3415,E52_F46_m45f45_P52_Y5_UO2166,I45_F86_m40f40_P6_Y3_UO1920,I45_F86_m-1f-1_P45_Y-1_U82,MXY,2,0.0,1,0,0.0,0,0,0,-9999.0,0.75,1,P39_CV0,2,2,0,0,2,0,2,0,2
52,-565638.3341,-464090.3415,E52_F90_m40f40_P57_Y5_UO1942,I40_F57_m-1f-1_P65_Y-1_U181,I40_F6_m-1f-1_P40_Y-1_U82,MXY,2,0.0,1,0,0.0,0,0,0,-9999.0,0.5,1,P39_CV0,2,1,1,1,1,0,2,0,2
52,-565638.3341,-464090.3415,E52_F90_m23f23_P27_Y3_UO1183,I23_F86_m40f40_P6_Y0_UO2010,I23_F6_m12f12_P52_Y1_UO647,MXY,4,0.0,1,0,0.0,0,0,0,-9999.0,0.375,1,P39_CV0,2,1,1,1,1,0,2,0,2
52,-565638.3341,-464090.3415,E52_F90_m23f23_P57_Y3_UO1140,I23_F86_m40f40_P57_Y1_UO1778,I23_F27_m45f45_P27_Y0_UO2272,MXY,4,0.0,1,0,0.0,0,0,0,-9999.0,0.625,1,P39_CV0,2,2,0,2,0,0,2,0,2
52,-565638.3341,-464090.3415,E52_F46_m40f40_P57_Y0_UO2002,R40_F40_m-1f-1_P40_Y-1_U212,R40_F40_m-1f-1_P40_Y-1_U217,FXX,7,0.0,1,0,1.0,0,0,0,-9999.0,1.0,1,P39_CV0,2,2,0,1,1,0,2,0,2
52,-565638.3341,-464090.3415,Age0_F52_m46f46_P52_Y7_UO2266,ID46_F19_m90f90_P52_Y5_UO4231,I46_F52_m90f90_P35_Y3_UO4149,MXY,0,0.0,0,0,0.0,0,0,0,0.0,0.5,1,P41_CV0,2,1,1,1,1,0,2,0,2
52,-565638.3341,-464090.3415,E52_F12_m23f23_P52_Y6_UO1154,I23_F57_m23f23_P86_Y4_UO1206,I23_F57_m-1f-1_P23_Y-1_U58,MXY,1,0.0,1,1,0.0,0,0,0,-9999.0,0.375,1,P41_CV0,2,1,1,1,1,0,2,0,2
52,-565638.3341,-464090.3415,E52_F12_m23f23_P52_Y6_UO1198,I23_F76_m92f92_P6_Y2_UO4347,ID23_F27_m42f42_P6_Y1_UO1845,FXX,1,0.0,1,1,1.0,0,0,0,-9999.0,0.375,1,P41_CV0,2,1,1,1,1,0,2,0,2
52,-565638.3341,-464090.3415,E52_F12_m12f12_P86_Y6_UO706,I12_F86_m45f45_P86_Y4_UO2137,I12_F52_m30f30_P52_Y0_UO1448,MXY,1,0.0,1,1,0.0,0,0,0,-9999.0,0.5,1,P41_CV0,2,1,1,1,1,0,2,0,2
52,-565638.3341,-464090.3415,E52_F30_m90f90_P52_Y6_UO4294,ID90_F57_m23f23_P27_Y2_UO1189,ID90_F6_m42f42_P6_Y1_UO1849,FXX,1,0.0,1,1,1.0,0,0,0,-9999.0,0.25,1,P41_CV0,2,0,2,2,0,0,2,0,2
52,-565638.3341,-464090.3415,E52_F90_m92f92_P6_Y6_UO4418,I92_F99_m42f42_P99_Y2_UO1954,I92_F99_m58f58_P99_Y3_UO2707,FXX,1,0.0,1,1,1.0,0,0,0,-9999.0,0.4375,1,P41_CV0,2,2,0,0,2,0,2,0,2
52,-565638.3341,-464090.3415,E52_F90_m92f92_P57_Y6_UO4387,I92_F6_m40f40_P6_Y3_UO1898,I92_F99_m42f42_P99_Y3_UO1960,FXX,1,0.0,1,1,1.0,0,0,0,-9999.0,0.4375,1,P41_CV0,2,0,2,1,1,0,2,0,2
52,-565638.3341,-464090.3415,E52_F30_m46f46_P93_Y5_UO2298,I46_F52_m-1f-1_P30_Y-1_U216,I46_F86_m90f90_P35_Y3_UO4149,MXY,2,0.0,1,0,0.0,0,0,0,-9999.0,0.4375,1,P41_CV0,2,1,1,0,2,0,2,0,2
52,-565638.3341,-464090.3415,E52_F23_m23f23_P6_Y3_UO1154,I23_F86_m90f90_P86_Y1_UO4032,I23_F76_m42f42_P6_Y1_UO1859,MXY,4,0.0,1,0,0.0,0,0,0,-9999.0,0.625,1,P41_CV0,2,1,1,0,2,0,2,0,2
52,-565638.3341,-464090.3415,Age0_F52_m12f12_P52_Y7_UO737,I12_F52_m7f7_P38_Y2_UO447,I12_F52_m-1f-1_P45_Y-1_U39,MXY,0,0.0,0,0,0.0,0,0,0,0.0,0.75,1,P44_CV0,2,1,1,0,2,0,2,0,2
52,-565638.3341,-464090.3415,Age0_F52_m12f12_P52_Y7_UO766,ID12_F52_m-1f-1_P90_Y-1_U100,ID12_F57_m45f45_P6_Y1_UO1992,FXX,0,0.0,0,0,0.0,0,0,0,0.0,0.625,1,P44_CV0,2,1,1,0,2,0,2,0,2
52,-565638.3341,-464090.3415,Age0_F52_m46f46_P52_Y7_UO2335,ID46_F86_m40f40_P57_Y0_UO2002,I46_F19_m12f12_P93_Y5_UO725,FXX,0,0.0,0,0,0.0,0,0,0,0.0,0.71875,1,P44_CV0,2,1,1,1,1,0,2,0,2
52,-565638.3341,-464090.3415,Age0_F52_m46f46_P52_Y7_UO2343,I46_F52_m-1f-1_P37_Y-1_U137,I46_F52_m46f46_P52_Y5_UO2273,FXX,0,0.0,0,0,0.0,0,0,0,0.0,0.1875,1,P44_CV0,2,0,2,0,2,0,2,0,2
52,-565638.3341,-464090.3415,Age0_F52_m46f46_P52_Y7_UO2349,I46_F86_m-1f-1_P46_Y-1_U217,I46_F52_m-1f-1_P45_Y-1_U53,MXY,0,0.0,0,0,0.0,0,0,0,0.0,0.0,1,P44_CV0,2,0,2,0,2,0,2,0,2
52,-565638.3341,-464090.3415,Age0_F52_m90f90_P52_Y7_UO4280,I90_F6_m45f45_P86_Y2_UO2170,I90_F6_m12f12_P86_Y5_UO771,MXY,0,0.0,0,0,0.0,0,0,0,0.0,0.53125,1,P44_CV0,2,0,2,1,1,0,2,0,2
52,-565638.3341,-464090.3415,E52_F23_m40f40_P6_Y6_UO1992,ID40_F6_m-1f-1_P45_Y-1_U25,I40_F6_m-1f-1_P45_Y-1_U45,FXX,1,0.0,1,1,1.0,0,0,0,-9999.0,0.5,1,P44_CV0,2,2,0,1,1,0,2,0,2
52,-565638.3341,-464090.3415,E52_F46_m12f12_P52_Y6_UO721,ID12_F52_m12f12_P52_Y3_UO653,I12_F35_m-1f-1_P45_Y-1_U244,FXX,1,0.0,1,1,1.0,0,0,0,-9999.0,0.5,1,P44_CV0,2,0,2,1,1,0,2,0,2
52,-565638.3341,-464090.3415,E52_F46_m12f12_P52_Y6_UO738,ID12_F57_m50f50_P99_Y2_UO2454,I12_F52_m90f90_P52_Y3_UO4237,FXX,1,0.0,1,1,1.0,0,0,0,-9999.0,0.4375,1,P44_CV0,2,1,1,0,2,0,2,0,2
52,-565638.3341,-464090.3415,E52_F90_m90f90_P35_Y6_UO4257,I90_F86_m92f92_P57_Y3_UO4316,ID90_F27_m45f45_P6_Y0_UO2294,FXX,1,0.0,1,1,1.0,0,0,0,-9999.0,0.5,1,P44_CV0,2,1,1,1,1,0,2,0,2
52,-565638.3341,-464090.3415,E52_F45_m42f42_P57_Y5_UO2025,I42_F99_m-1f-1_P94_Y-1_U234,I42_F99_m45f45_P99_Y2_UO2163,MXY,2,0.0,1,0,0.0,0,0,0,-9999.0,0.625,1,P44_CV0,2,0,2,1,1,0,2,0,2
52,-565638.3341,-464090.3415,E52_F46_m12f12_P52_Y5_UO726,I12_F57_m90f90_P52_Y2_UO4227,I12_F52_m90f90_P52_Y2_UO4180,FXX,2,0.0,1,0,1.0,0,0,0,-9999.0,0.5,1,P44_CV0,2,2,0,0,2,0,2,0,2
52,-565638.3341,-464090.3415,E52_F46_m12f12_P93_Y5_UO725,I12_F86_m90f90_P86_Y2_UO4200,I12_F52_m90f90_P52_Y2_UO4180,MXY,2,0.0,1,0,0.0,0,0,0,-9999.0,0.4375,1,P44_CV0,2,1,1,1,1,0,2,0,2
52,-565638.3341,-464090.3415,E52_F90_m45f45_P6_Y5_UO2181,I45_F57_m63f63_P68_Y1_UO2942,I45_F57_m-1f-1_P45_Y-1_U231,FXX,2,0.0,1,0,1.0,0,0,0,-9999.0,0.625,1,P44_CV0,2,2,0,0,2,0,2,0,2
52,-565638.3341,-464090.3415,E52_F90_m45f45_P86_Y2_UO2170,I45_F86_m-1f-1_P45_Y-1_U112,I45_F6_m92f92_P57_Y0_UO4630,FXX,5,0.0,1,0,1.0,0,0,0,-9999.0,0.375,1,P44_CV0,2,0,2,2,0,0,2,0,2
52,-565638.3341,-464090.3415,E52_F12_m45f45_P6_Y1_UO1992,ID45_F57_m-1f-1_P45_Y-1_U168,I45_F8_m-1f-1_P45_Y-1_U226,MXY,6,0.0,1,0,0.0,0,0,0,-9999.0,0.75,1,P44_CV0,2,2,0,0,2,0,2,0,2
52,-565638.3341,-464090.3415,E52_F12_m45f45_P86_Y0_UO2258,R45_F45_m-1f-1_P45_Y-1_U77,R45_F45_m-1f-1_P45_Y-1_U89,MXY,7,0.0,1,0,0.0,0,0,0,-9999.0,0.75,1,P44_CV0,2,1,1,0,2,0,2,0,2
52,-565638.3341,-464090.3415,E52_F90_m45f45_P86_Y0_UO2288,R45_F45_m-1f-1_P45_Y-1_U160,R45_F45_m-1f-1_P45_Y-1_U129,MXY,7,0.0,1,0,0.0,0,0,0,-9999.0,0.5,1,P44_CV0,2,1,1,2,0,0,2,0,2
52,-565638.3341,-464090.3415,E52_F12_m-1f-1_P45_Y-1_U39,-9999,-9999,MXY,10,0.0,1,0,0.0,0,0,0,-9999.0,1.0,1,P44_CV0,2,2,0,1,1,0,2,0,2
52,-565638.3341,-464090.3415,E52_F12_m-1f-1_P45_Y-1_U16,-9999,-9999,MXY,12,0.0,1,0,0.0,0,0,0,-9999.0,0.0,1,P44_CV0,2,0,2,0,2,0,2,0,2
52,-565638.3341,-464090.3415,E52_F45_m-1f-1_P45_Y-1_U151,-9999,-9999,FXX,12,0.0,1,0,1.0,0,0,0,-9999.0,1.0,1,P44_CV0,2,2,0,1,1,0,2,0,2
52,-565638.3341,-464090.3415,E52_F45_m-1f-1_P45_Y-1_U161,-9999,-9999,FXX,13,0.0,1,0,1.0,0,0,0,-9999.0,0.5,1,P44_CV0,2,1,1,2,0,0,2,0,2
52,-565638.3341,-464090.3415,Age0_F52_m12f12_P52_Y7_UO689,I12_F52_m12f12_P52_Y5_UO749,I12_F86_m46f46_P86_Y4_UO2202,MXY,0,0.0,0,0,0.0,0,0,0,0.0,0.8125,1,P45_CV0,2,2,0,1,1,0,2,0,2
52,-565638.3341,-464090.3415,Age0_F52_m12f12_P52_Y7_UO690,I12_F57_m30f30_P52_Y5_UO1400,I12_F52_m46f46_P52_Y0_UO2336,FXX,0,0.0,0,0,0.0,0,0,0,0.0,0.5,1,P45_CV0,2,1,1,1,1,0,2,0,2
52,-565638.3341,-464090.3415,Age0_F52_m12f12_P52_Y7_UO692,I12_F52_m46f46_P52_Y5_UO2291,ID12_F52_m46f46_P52_Y5_UO2295,MXY,0,0.0,0,0,0.0,0,0,0,0.0,0.625,1,P45_CV0,2,1,1,1,1,0,2,0,2
52,-565638.3341,-464090.3415,Age0_F52_m12f12_P52_Y7_UO703,I12_F52_m12f12_P52_Y5_UO730,ID12_F52_m46f46_P52_Y5_UO2315,FXX,0,0.0,0,0,0.0,0,0,0,0.0,0.5,1,P45_CV0,2,1,1,0,2,0,2,0,2
52,-565638.3341,-464090.3415,Age0_F52_m12f12_P52_Y7_UO708,I12_F86_m12f12_P52_Y4_UO754,I12_F35_m-1f-1_P46_Y-1_U164,MXY,0,0.0,0,0,0.0,0,0,0,0.0,0.5625,1,P45_CV0,2,1,1,2,0,0,2,0,2
52,-565638.3341,-464090.3415,Age0_F52_m12f12_P52_Y7_UO710,I12_F52_m30f30_P13_Y4_UO1428,I12_F52_m46f46_P52_Y0_UO2336,FXX,0,0.0,0,0,0.0,0,0,0,0.0,0.6875,1,P45_CV0,2,2,0,1,1,0,2,0,2
52,-565638.3341,-464090.3415,Age0_F52_m12f12_P52_Y7_UO715,I12_F86_m46f46_P52_Y4_UO2241,ID12_F52_m30f30_P13_Y3_UO1358,FXX,0,0.0,0,0,0.0,0,0,0,0.0,0.375,1,P45_CV0,2,1,1,1,1,0,2,0,2
52,-565638.3341,-464090.3415,Age0_F52_m12f12_P52_Y7_UO734,I12_F52_m90f90_P52_Y2_UO4202,I12_F52_m-1f-1_P46_Y-1_U65,MXY,0,0.0,0,0,0.0,0,0,0,0.0,0.6875,1,P45_CV0,2,1,1,2,0,0,2,0,2
52,-565638.3341,-464090.3415,Age0_F52_m12f12_P52_Y7_UO744,I12_F52_m46f46_P52_Y1_UO2079,ID12_F52_m46f46_P52_Y5_UO2315,MXY,0,0.0,0,0,0.0,0,0,0,0.0,0.625,1,P45_CV0,2,1,1,0,2,0,2,0,2
52,-565638.3341,-464090.3415,Age0_F52_m12f12_P52_Y7_UO771,ID12_F93_m-1f-1_P46_Y-1_U148,I12_F52_m30f30_P52_Y2_UO1340,FXX,0,0.0,0,0,0.0,0,0,0,0.0,0.625,1,P45_CV0,2,2,0,1,1,0,2,0,2
52,-565638.3341,-464090.3415,Age0_F52_m12f12_P52_Y7_UO773,I12_F86_m-1f-1_P46_Y-1_U32,I12_F86_m90f90_P52_Y5_UO4201,FXX,0,0.0,0,0,0.0,0,0,0,0.0,0.0625,1,P45_CV0,2,0,2,2,0,0,2,0,2
52,-565638.3341,-464090.3415,Age0_F52_m30f30_P52_Y7_UO1357,I30_F74_m7f7_P38_Y5_UO527,I30_F13_m-1f-1_P46_Y-1_U51,FXX,0,0.0,0,0,0.0,0,0,0,0.0,0.5625,1,P45_CV0,2,0,2,0,2,0,2,0,2
52,-565638.3341,-464090.3415,Age0_F52_m30f30_P52_Y7_UO1450,I30_F38_m-1f-1_P46_Y-1_U100,I30_F13_m-1f-1_P46_Y-1_U51,FXX,0,0.0,0,0,0.0,0,0,0,0.0,0.5,1,P45_CV0,2,2,0,1,1,0,2,0,2
52,-565638.3341,-464090.3415,Age0_F52_m45f45_P52_Y7_UO2184,I45_F86_m12f12_P86_Y5_UO699,I45_F52_m85f85_P8_Y0_UO4264,MXY,0,0.0,0,0,0.0,0,0,0,0.0,0.8125,1,P45_CV0,2,2,0,1,1,0,2,0,2
52,-565638.3341,-464090.3415,Age0_F52_m46f46_P52_Y7_UO2280,I46_F52_m46f46_P52_Y5_UO2268,ID46_F93_m46f46_P86_Y2_UO2258,MXY,0,0.0,0,0,0.0,0,0,0,0.0,0.6875,1,P45_CV0,2,2,0,2,0,0,2,0,2
52,-565638.3341,-464090.3415,Age0_F52_m46f46_P52_Y7_UO2283,I46_F52_m45f45_P86_Y5_UO2201,I46_F52_m12f12_P52_Y4_UO717,FXX,0,0.0,0,0,0.0,0,0,0,0.0,0.375,1,P45_CV0,2,1,1,0,2,0,2,0,2
52,-565638.3341,-464090.3415,Age0_F52_m46f46_P52_Y7_UO2295,I46_F52_m46f46_P52_Y4_UO2274,I46_F93_m78f78_P93_Y5_UO3494,MXY,0,0.0,0,0,0.0,0,0,0,0.0,0.375,1,P45_CV0,2,1,1,1,1,0,2,0,2
52,-565638.3341,-464090.3415,Age0_F52_m46f46_P52_Y7_UO2338,I46_F19_m-1f-1_P46_Y-1_U157,I46_F93_m78f78_P93_Y5_UO3494,FXX,0,0.0,0,0,0.0,0,0,0,0.0,0.5,1,P45_CV0,2,1,1,2,0,0,2,0,2
52,-565638.3341,-464090.3415,Age0_F52_m46f46_P52_Y7_UO2340,I46_F93_m-1f-1_P46_Y-1_U198,ID46_F93_m-1f-1_P46_Y-1_U189,FXX,0,0.0,0,0,0.0,0,0,0,0.0,0.25,1,P45_CV0,2,0,2,1,1,0,2,0,2
52,-565638.3341,-464090.3415,Age0_F52_m46f46_P52_Y7_UO2351,I46_F52_m-1f-1_P46_Y-1_U158,I46_F52_m78f78_P13_Y0_UO3794,MXY,0,0.0,0,0,0.0,0,0,0,0.0,0.625,1,P45_CV0,2,2,0,1,1,0,2,0,2
52,-565638.3341,-464090.3415,Age0_F52_m46f46_P52_Y7_UO2356,I46_F52_m-1f-1_P46_Y-1_U108,I46_F52_m30f30_P52_Y3_UO1432,FXX,0,0.0,0,0,0.0,0,0,0,0.0,0.25,1,P45_CV0,2,1,1,1,1,0,2,0,2
52,-565638.3341,-464090.3415,Age0_F52_m90f90_P52_Y7_UO4269,I90_F35_m92f92_P57_Y3_UO4316,I90_F35_m12f12_P52_Y3_UO709,FXX,0,0.0,0,0,0.0,0,0,0,0.0,0.75,1,P45_CV0,2,1,1,1,1,0,2,0,2
52,-565638.3341,-464090.3415,E52_F12_m46f46_P52_Y6_UO2283,I46_F38_m46f46_P19_Y4_UO2246,I46_F57_m46f46_P93_Y4_UO2219,MXY,1,0.0,1,1,0.0,0,0,0,-9999.0,0.5625,1,P45_CV0,2,0,2,2,0,0,2,0,2
52,-565638.3341,-464090.3415,E52_F12_m46f46_P52_Y6_UO2305,I46_F52_m46f46_P52_Y3_UO2260,I46_F52_m46f46_P86_Y2_UO2258,MXY,1,0.0,1,1,0.0,0,0,0,-9999.0,0.5625,1,P45_CV0,2,1,1,1,1,0,2,0,2
52,-565638.3341,-464090.3415,E52_F12_m46f46_P52_Y6_UO2329,I46_F52_m92f92_P27_Y1_UO4135,I46_F52_m-1f-1_P46_Y-1_U201,MXY,1,0.0,1,1,0.0,0,0,0,-9999.0,0.75,1,P45_CV0,2,2,0,0,2,0,2,0,2
52,-565638.3341,-464090.3415,E52_F12_m12f12_P86_Y6_UO775,I12_F52_m-1f-1_P90_Y-1_U142,ID12_F52_m12f12_P52_Y4_UO745,MXY,1,0.0,1,1,0.0,0,0,0,-9999.0,0.75,1,P45_CV0,2,1,1,0,2,0,2,0,2
52,-565638.3341,-464090.3415,E52_F23_m46f46_P86_Y6_UO2347,I46_F93_m-1f-1_P46_Y-1_U217,I46_F52_m-1f-1_P46_Y-1_U213,FXX,1,0.0,1,1,1.0,0,0,0,-9999.0,0.25,1,P45_CV0,2,0,2,1,1,0,2,0,2
52,-565638.3341,-464090.3415,E52_F30_m30f30_P13_Y6_UO1405,ID30_F35_m78f78_P13_Y3_UO3522,ID30_F93_m-1f-1_P46_Y-1_U249,FXX,1,0.0,1,1,1.0,0,0,0,-9999.0,0.375,1,P45_CV0,2,0,2,0,2,0,2,0,2
52,-565638.3341,-464090.3415,E52_F30_m46f46_P13_Y6_UO2351,I46_F52_m-1f-1_P46_Y-1_U52,ID46_F52_m-1f-1_P46_Y-1_U221,FXX,1,0.0,1,1,1.0,0,0,0,-9999.0,0.5,1,P45_CV0,2,1,1,0,2,0,2,0,2
52,-565638.3341,-464090.3415,E52_F30_m12f12_P52_Y6_UO713,I12_F52_m30f30_P52_Y4_UO1370,I12_F52_m46f46_P52_Y4_UO2258,FXX,1,0.0,1,1,1.0,0,0,0,-9999.0,0.5625,1,P45_CV0,2,2,0,1,1,0,2,0,2
52,-565638.3341,-464090.3415,E52_F46_m46f46_P52_Y6_UO2320,I46_F93_m46f46_P52_Y2_UO2284,I46_F52_m46f46_P52_Y1_UO2101,MXY,1,0.0,1,1,0.0,0,0,0,-9999.0,0.375,1,P45_CV0,2,1,1,1,1,0,2,0,2
52,-565638.3341,-464090.3415,E52_F46_m90f90_P52_Y6_UO4314,I90_F35_m46f46_P86_Y0_UO2361,ID90_F86_m23f23_P57_Y4_UO1153,FXX,1,0.0,1,1,1.0,0,0,0,-9999.0,0.15625,1,P45_CV0,2,0,2,0,2,0,2,0,2
52,-565638.3341,-464090.3415,E52_F90_m46f46_P52_Y6_UO2282,ID46_F52_m46f46_P52_Y4_UO2276,ID46_F27_m90f90_P35_Y4_UO4168,FXX,1,0.0,1,1,1.0,0,0,0,-9999.0,0.4375,1,P45_CV0,2,1,1,1,1,0,2,0,2
52,-565638.3341,-464090.3415,E52_F90_m12f12_P86_Y6_UO726,I12_F52_m23f23_P52_Y3_UO1232,I12_F52_m-1f-1_P46_Y-1_U65,MXY,1,0.0,1,1,0.0,0,0,0,-9999.0,0.625,1,P45_CV0,2,2,0,1,1,0,2,0,2
52,-565638.3341,-464090.3415,E52_F90_m12f12_P86_Y6_UO765,I12_F86_m40f40_P57_Y0_UO2002,ID12_F52_m12f12_P52_Y4_UO745,MXY,1,0.0,1,1,0.0,0,0,0,-9999.0,1.0,1,P45_CV0,2,2,0,1,1,0,2,0,2
52,-565638.3341,-464090.3415,E52_F90_m12f12_P86_Y6_UO780,ID12_F13_m-1f-1_P46_Y-1_U32,I12_F86_m-1f-1_P46_Y-1_U20,FXX,1,0.0,1,1,1.0,0,0,0,-9999.0,0.5,1,P45_CV0,2,1,1,0,2,0,2,0,2
52,-565638.3341,-464090.3415,E52_F90_m90f90_P86_Y6_UO4287,I90_F86_m30f30_P35_Y2_UO1351,ID90_F86_m23f23_P57_Y4_UO1153,FXX,1,0.0,1,1,1.0,0,0,0,-9999.0,0.34375,1,P45_CV0,2,1,1,0,2,0,2,0,2
52,-565638.3341,-464090.3415,E52_F90_m90f90_P86_Y6_UO4297,ID90_F35_m23f23_P52_Y2_UO1193,ID90_F52_m12f12_P52_Y3_UO709,MXY,1,0.0,1,1,0.0,0,0,0,-9999.0,0.5,1,P45_CV0,2,1,1,0,2,0,2,0,2
52,-565638.3341,-464090.3415,E52_F12_m46f46_P52_Y5_UO2236,ID46_F52_m46f46_P52_Y3_UO2260,I46_F13_m46f46_P52_Y3_UO2243,MXY,2,0.0,1,0,0.0,0,0,0,-9999.0,0.375,1,P45_CV0,2,1,1,0,2,0,2,0,2
52,-565638.3341,-464090.3415,E52_F12_m46f46_P52_Y5_UO2291,I46_F52_m-1f-1_P46_Y-1_U126,I46_F93_m39f39_P19_Y1_UO1645,FXX,2,0.0,1,0,1.0,0,0,0,-9999.0,0.875,1,P45_CV0,2,2,0,0,2,0,2,0,2
52,-565638.3341,-464090.3415,E52_F12_m12f12_P52_Y5_UO730,ID12_F52_m46f46_P52_Y1_UO2079,I12_F52_m-1f-1_P12_Y-1_U138,FXX,2,0.0,1,0,1.0,0,0,0,-9999.0,0.75,1,P45_CV0,2,2,0,1,1,0,2,0,2
52,-565638.3341,-464090.3415,E52_F23_m90f90_P86_Y5_UO4284,I90_F99_m-1f-1_P23_Y-1_U140,I90_F52_m46f46_P52_Y0_UO2404,MXY,2,0.0,1,0,0.0,0,0,0,-9999.0,0.125,1,P45_CV0,2,1,1,2,0,0,2,0,2
52,-565638.3341,-464090.3415,E52_F45_m12f12_P86_Y5_UO699,ID12_F52_m46f46_P52_Y3_UO2256,I12_F52_m-1f-1_P46_Y-1_U118,FXX,2,0.0,1,0,1.0,0,0,0,-9999.0,0.875,1,P45_CV0,2,2,0,1,1,0,2,0,2
52,-565638.3341,-464090.3415,E52_F46_m46f46_P52_Y5_UO2316,I46_F19_m-1f-1_P7_Y-1_U133,I46_F52_m12f12_P52_Y2_UO705,MXY,2,0.0,1,0,0.0,0,0,0,-9999.0,0.375,1,P45_CV0,2,0,2,0,2,0,2,0,2
52,-565638.3341,-464090.3415,E52_F46_m90f90_P52_Y5_UO4231,I90_F86_m46f46_P52_Y2_UO2261,I90_F76_m12f12_P52_Y1_UO634,FXX,2,0.0,1,0,1.0,0,0,0,-9999.0,0.625,1,P45_CV0,2,1,1,0,2,0,2,0,2
52,-565638.3341,-464090.3415,E52_F46_m46f46_P52_Y5_UO2268,ID46_F86_m23f23_P35_Y1_UO1130,I46_F52_m46f46_P93_Y3_UO2276,FXX,2,0.0,1,0,1.0,0,0,0,-9999.0,0.75,1,P45_CV0,2,2,0,2,0,0,2,0,2
52,-565638.3341,-464090.3415,E52_F46_m45f45_P86_Y5_UO2201,I45_F57_m-1f-1_P45_Y-1_U40,ID45_F8_m46f46_P52_Y1_UO2155,FXX,2,0.0,1,0,1.0,0,0,0,-9999.0,0.25,1,P45_CV0,2,0,2,1,1,0,2,0,2
52,-565638.3341,-464090.3415,E52_F90_m12f12_P35_Y5_UO719,I12_F57_m30f30_P35_Y2_UO1405,ID12_F52_m-1f-1_P46_Y-1_U30,MXY,2,0.0,1,0,0.0,0,0,0,-9999.0,0.875,1,P45_CV0,2,2,0,0,2,0,2,0,2
52,-565638.3341,-464090.3415,E52_F12_m12f12_P52_Y4_UO754,I12_F86_m-1f-1_P46_Y-1_U106,ID12_F52_m12f12_P52_Y0_UO770,FXX,3,0.0,1,0,1.0,0,0,0,-9999.0,0.125,1,P45_CV0,2,0,2,1,1,0,2,0,2
52,-565638.3341,-464090.3415,E52_F12_m12f12_P52_Y4_UO690,I12_F86_m46f46_P52_Y1_UO2079,I12_F86_m50f50_P57_Y1_UO2313,MXY,3,0.0,1,0,0.0,0,0,0,-9999.0,0.75,1,P45_CV0,2,1,1,2,0,0,2,0,2
52,-565638.3341,-464090.3415,E52_F12_m30f30_P13_Y4_UO1428,I30_F74_m-1f-1_P46_Y-1_U148,I30_F38_m12f12_P52_Y2_UO689,FXX,3,0.0,1,0,1.0,0,0,0,-9999.0,0.625,1,P45_CV0,2,2,0,2,0,0,2,0,2
52,-565638.3341,-464090.3415,E52_F12_m12f12_P52_Y4_UO745,ID12_F52_m-1f-1_P12_Y-1_U119,I12_F52_m-1f-1_P46_Y-1_U164,MXY,3,0.0,1,0,0.0,0,0,0,-9999.0,1.0,1,P45_CV0,2,2,0,0,2,0,2,0,2
52,-565638.3341,-464090.3415,E52_F12_m46f46_P52_Y4_UO2241,I46_F19_m37f37_P38_Y0_UO1729,I46_F52_m46f46_P52_Y2_UO2253,FXX,3,0.0,1,0,1.0,0,0,0,-9999.0,0.375,1,P45_CV0,2,1,1,2,0,0,2,0,2
52,-565638.3341,-464090.3415,E52_F46_m46f46_P52_Y4_UO2274,I46_F93_m-1f-1_P46_Y-1_U32,I46_F13_m-1f-1_P46_Y-1_U121,FXX,3,0.0,1,0,1.0,0,0,0,-9999.0,0.25,1,P45_CV0,2,0,2,0,2,0,2,0,2
52,-565638.3341,-464090.3415,E52_F30_m46f46_P52_Y3_UO2219,I46_F52_m46f46_P13_Y1_UO2146,I46_F52_m23f23_P52_Y0_UO1264,FXX,4,0.0,1,0,1.0,0,0,0,-9999.0,0.375,1,P45_CV0,2,0,2,1,1,0,2,0,2
52,-565638.3341,-464090.3415,E52_F46_m46f46_P52_Y3_UO2260,I46_F52_m-1f-1_P30_Y-1_U216,I46_F86_m-1f-1_P46_Y-1_U121,FXX,4,0.0,1,0,1.0,0,0,0,-9999.0,0.5,1,P45_CV0,2,1,1,0,2,0,2,0,2
52,-565638.3341,-464090.3415,E52_F12_m12f12_P86_Y2_UO708,I12_F52_m-1f-1_P46_Y-1_U205,ID12_F52_m-1f-1_P46_Y-1_U240,MXY,5,0.0,1,0,0.0,0,0,0,-9999.0,0.5,1,P45_CV0,2,1,1,1,1,0,2,0,2
52,-565638.3341,-464090.3415,E52_F30_m46f46_P52_Y2_UO2231,I46_F13_m39f39_P93_Y0_UO1843,I46_F93_m-1f-1_P46_Y-1_U172,MXY,5,0.0,1,0,0.0,0,0,0,-9999.0,0.5,1,P45_CV0,2,2,0,2,0,0,2,0,2
52,-565638.3341,-464090.3415,E52_F46_m46f46_P86_Y2_UO2258,I46_F52_m-1f-1_P46_Y-1_U176,I46_F52_m46f46_P52_Y0_UO2406,MXY,5,0.0,1,0,0.0,0,0,0,-9999.0,0.625,1,P45_CV0,2,1,1,1,1,0,2,0,2
52,-565638.3341,-464090.3415,E52_F12_m46f46_P52_Y1_UO2079,I46_F52_m-1f-1_P46_Y-1_U104,I46_F52_m-1f-1_P46_Y-1_U37,FXX,6,0.0,1,0,1.0,0,0,0,-9999.0,1.0,1,P45_CV0,2,2,0,1,1,0,2,0,2
52,-565638.3341,-464090.3415,E52_F12_m46f46_P52_Y1_UO2109,I46_F93_m-1f-1_P46_Y-1_U64,I46_F86_m-1f-1_P46_Y-1_U51,MXY,6,0.0,1,0,0.0,0,0,0,-9999.0,0.25,1,P45_CV0,2,1,1,0,2,0,2,0,2
52,-565638.3341,-464090.3415,E52_F46_m46f46_P52_Y1_UO2128,I46_F52_m-1f-1_P46_Y-1_U163,I46_F52_m-1f-1_P46_Y-1_U76,MXY,6,0.0,1,0,0.0,0,0,0,-9999.0,0.5,1,P45_CV0,2,1,1,0,2,0,2,0,2
52,-565638.3341,-464090.3415,E52_F12_m46f46_P52_Y0_UO2336,R46_F46_m-1f-1_P46_Y-1_U22,R46_F46_m-1f-1_P46_Y-1_U40,MXY,7,0.0,1,0,0.0,0,0,0,-9999.0,0.75,1,P45_CV0,2,1,1,0,2,0,2,0,2
52,-565638.3341,-464090.3415,E52_F12_m46f46_P52_Y0_UO2334,R46_F46_m-1f-1_P46_Y-1_U17,R46_F46_m-1f-1_P46_Y-1_U155,FXX,7,0.0,1,0,1.0,0,0,0,-9999.0,0.75,1,P45_CV0,2,2,0,0,2,0,2,0,2
52,-565638.3341,-464090.3415,E52_F46_m-1f-1_P46_Y-1_U157,-9999,-9999,FXX,8,0.0,1,0,1.0,0,0,0,-9999.0,0.5,1,P45_CV0,2,1,1,1,1,0,2,0,2
52,-565638.3341,-464090.3415,E52_F46_m-1f-1_P46_Y-1_U103,-9999,-9999,MXY,8,0.0,1,0,0.0,0,0,0,-9999.0,0.5,1,P45_CV0,2,1,1,0,2,0,2,0,2
52,-565638.3341,-464090.3415,E52_F46_m-1f-1_P46_Y-1_U160,-9999,-9999,MXY,8,0.0,1,0,0.0,0,0,0,-9999.0,0.0,1,P45_CV0,2,0,2,1,1,0,2,0,2
52,-565638.3341,-464090.3415,E52_F46_m-1f-1_P46_Y-1_U189,-9999,-9999,MXY,8,0.0,1,0,0.0,0,0,0,-9999.0,0.5,1,P45_CV0,2,1,1,0,2,0,2,0,2
52,-565638.3341,-464090.3415,E52_F46_m-1f-1_P46_Y-1_U198,-9999,-9999,FXX,9,0.0,1,0,1.0,0,0,0,-9999.0,0.0,1,P45_CV0,2,0,2,2,0,0,2,0,2
52,-565638.3341,-464090.3415,E52_F46_m-1f-1_P46_Y-1_U221,-9999,-9999,MXY,9,0.0,1,0,0.0,0,0,0,-9999.0,1.0,1,P45_CV0,2,2,0,0,2,0,2,0,2
52,-565638.3341,-464090.3415,E52_F46_m-1f-1_P46_Y-1_U217,-9999,-9999,FXX,10,0.0,1,0,1.0,0,0,0,-9999.0,0.0,1,P45_CV0,2,0,2,1,1,0,2,0,2
52,-565638.3341,-464090.3415,E52_F12_m-1f-1_P46_Y-1_U148,-9999,-9999,FXX,11,0.0,1,0,1.0,0,0,0,-9999.0,0.5,1,P45_CV0,2,1,1,2,0,0,2,0,2
52,-565638.3341,-464090.3415,E52_F30_m-1f-1_P46_Y-1_U100,-9999,-9999,FXX,11,0.0,1,0,1.0,0,0,0,-9999.0,0.5,1,P45_CV0,2,1,1,2,0,0,2,0,2
52,-565638.3341,-464090.3415,E52_F46_m-1f-1_P46_Y-1_U158,-9999,-9999,FXX,11,0.0,1,0,1.0,0,0,0,-9999.0,0.5,1,P45_CV0,2,1,1,1,1,0,2,0,2
52,-565638.3341,-464090.3415,E52_F46_m-1f-1_P46_Y-1_U1,-9999,-9999,MXY,11,0.0,1,0,0.0,0,0,0,-9999.0,0.5,1,P45_CV0,2,1,1,1,1,0,2,0,2
52,-565638.3341,-464090.3415,E52_F12_m-1f-1_P46_Y-1_U118,-9999,-9999,MXY,12,0.0,1,0,0.0,0,0,0,-9999.0,1.0,1,P45_CV0,2,2,0,0,2,0,2,0,2
52,-565638.3341,-464090.3415,E52_F12_m-1f-1_P46_Y-1_U218,-9999,-9999,MXY,12,0.0,1,0,0.0,0,0,0,-9999.0,1.0,1,P45_CV0,2,2,0,2,0,0,2,0,2
52,-565638.3341,-464090.3415,E52_F12_m-1f-1_P46_Y-1_U32,-9999,-9999,FXX,12,0.0,1,0,1.0,0,0,0,-9999.0,0.0,1,P45_CV0,2,0,2,1,1,0,2,0,2
52,-565638.3341,-464090.3415,E52_F46_m-1f-1_P46_Y-1_U213,-9999,-9999,MXY,12,0.0,1,0,0.0,0,0,0,-9999.0,0.5,1,P45_CV0,2,1,1,2,0,0,2,0,2
52,-565638.3341,-464090.3415,E52_F12_m-1f-1_P46_Y-1_U206,-9999,-9999,MXY,13,0.0,1,0,0.0,0,0,0,-9999.0,0.5,1,P45_CV0,2,1,1,1,1,0,2,0,2
52,-565638.3341,-464090.3415,E52_F12_m-1f-1_P46_Y-1_U163,-9999,-9999,FXX,13,0.0,1,0,1.0,0,0,0,-9999.0,0.0,1,P45_CV0,2,0,2,0,2,0,2,0,2
52,-565638.3341,-464090.3415,E52_F46_m-1f-1_P46_Y-1_U76,-9999,-9999,MXY,13,0.0,1,0,0.0,0,0,0,-9999.0,1.0,1,P45_CV0,2,2,0,1,1,0,2,0,2
52,-565638.3341,-464090.3415,E52_F46_m-1f-1_P46_Y-1_U31,-9999,-9999,FXX,13,0.0,1,0,1.0,0,0,0,-9999.0,0.0,1,P45_CV0,2,0,2,0,2,0,2,0,2
52,-565638.3341,-464090.3415,E52_F46_m-1f-1_P46_Y-1_U108,-9999,-9999,FXX,14,0.0,1,0,1.0,0,0,0,-9999.0,0.0,1,P45_CV0,2,0,2,0,2,0,2,0,2
52,-565638.3341,-464090.3415,E52_F46_m-1f-1_P46_Y-1_U201,-9999,-9999,MXY,14,0.0,1,0,0.0,0,0,0,-9999.0,1.0,1,P45_CV0,2,2,0,0,2,0,2,0,2
52,-565638.3341,-464090.3415,E52_F12_m-1f-1_P46_Y-1_U164,-9999,-9999,MXY,15,0.0,1,0,0.0,0,0,0,-9999.0,1.0,1,P45_CV0,2,2,0,1,1,0,2,0,2
52,-565638.3341,-464090.3415,E52_F12_m-1f-1_P46_Y-1_U65,-9999,-9999,MXY,15,0.0,1,0,0.0,0,0,0,-9999.0,1.0,1,P45_CV0,2,2,0,2,0,0,2,0,2
52,-565638.3341,-464090.3415,Age0_F52_m12f12_P52_Y7_UO695,ID12_F86_m45f45_P86_Y5_UO2163,ID12_F57_m50f50_P99_Y1_UO2306,FXX,0,0.0,0,0,0.0,0,0,0,0.0,0.5,1,P49_CV0,2,2,0,0,2,0,2,0,2
52,-565638.3341,-464090.3415,Age0_F52_m90f90_P52_Y7_UO4230,I90_F6_m40f40_P6_Y5_UO1890,I90_F52_m45f45_P86_Y3_UO2208,MXY,0,0.0,0,0,0.0,0,0,0,0.0,0.71875,1,P49_CV0,2,2,0,1,1,0,2,0,2
52,-565638.3341,-464090.3415,Age0_F52_m90f90_P52_Y7_UO4238,I90_F86_m42f42_P27_Y4_UO1956,ID90_F52_m90f90_P86_Y3_UO4209,MXY,0,0.0,0,0,0.0,0,0,0,0.0,0.5625,1,P49_CV0,2,2,0,2,0,0,2,0,2
52,-565638.3341,-464090.3415,E52_F12_m12f12_P52_Y6_UO764,I12_F93_m50f50_P6_Y0_UO2552,I12_F52_m30f30_P52_Y2_UO1340,FXX,1,0.0,1,1,1.0,0,0,0,-9999.0,0.625,1,P49_CV0,2,2,0,0,2,0,2,0,2
52,-565638.3341,-464090.3415,E52_F23_m92f92_P6_Y6_UO4446,ID92_F6_m-1f-1_P92_Y-1_U231,ID92_F99_m-1f-1_P50_Y-1_U164,MXY,1,0.0,1,1,0.0,0,0,0,-9999.0,0.75,1,P49_CV0,2,2,0,1,1,0,2,0,2
52,-565638.3341,-464090.3415,E52_F30_m90f90_P57_Y6_UO4324,ID90_F52_m-1f-1_P23_Y-1_U97,I90_F86_m50f50_P99_Y1_UO2306,FXX,1,0.0,1,1,1.0,0,0,0,-9999.0,0.25,1,P49_CV0,2,0,2,2,0,0,2,0,2
52,-565638.3341,-464090.3415,E52_F46_m90f90_P52_Y6_UO4246,I90_F27_m23f23_P57_Y4_UO1151,I90_F57_m23f23_P27_Y2_UO1153,FXX,1,0.0,1,1,1.0,0,0,0,-9999.0,0.21875,1,P49_CV0,2,0,2,1,1,0,2,0,2
52,-565638.3341,-464090.3415,E52_F90_m23f23_P86_Y6_UO1190,I23_F27_m42f42_P99_Y2_UO1943,I23_F57_m50f50_P99_Y4_UO2402,MXY,1,0.0,1,1,0.0,0,0,0,-9999.0,0.625,1,P49_CV0,2,1,1,1,1,0,2,0,2
52,-565638.3341,-464090.3415,E52_F23_m92f92_P6_Y5_UO4296,I92_F6_m42f42_P99_Y3_UO1950,I92_F6_m58f58_P99_Y2_UO2772,FXX,2,0.0,1,0,1.0,0,0,0,-9999.0,0.6875,1,P49_CV0,2,0,2,1,1,0,2,0,2
52,-565638.3341,-464090.3415,E52_F90_m40f40_P6_Y5_UO1890,I40_F86_m50f50_P99_Y3_UO2393,I40_F6_m-1f-1_P45_Y-1_U31,FXX,2,0.0,1,0,1.0,0,0,0,-9999.0,0.4375,1,P49_CV0,2,1,1,1,1,0,2,0,2
52,-565638.3341,-464090.3415,E52_F90_m42f42_P27_Y4_UO1956,I42_F99_m50f50_P99_Y2_UO2431,I42_F99_m-1f-1_P50_Y-1_U140,FXX,3,0.0,1,0,1.0,0,0,0,-9999.0,0.25,1,P49_CV0,2,1,1,1,1,0,2,0,2
52,-565638.3341,-464090.3415,E52_F90_m40f40_P57_Y4_UO1921,ID40_F69_m-1f-1_P45_Y-1_U136,I40_F6_m-1f-1_P50_Y-1_U4,MXY,3,0.0,1,0,0.0,0,0,0,-9999.0,0.75,1,P49_CV0,2,2,0,2,0,0,2,0,2
52,-565638.3341,-464090.3415,E52_F90_m23f23_P57_Y4_UO1151,I23_F86_m42f42_P99_Y2_UO1943,I23_F86_m-1f-1_P90_Y-1_U137,FXX,3,0.0,1,0,1.0,0,0,0,-9999.0,0.1875,1,P49_CV0,2,0,2,0,2,0,2,0,2
52,-565638.3341,-464090.3415,E52_F12_m50f50_P99_Y1_UO2306,I50_F6_m-1f-1_P50_Y-1_U199,ID50_F99_m-1f-1_P50_Y-1_U22,MXY,6,0.0,1,0,0.0,0,0,0,-9999.0,0.5,1,P49_CV0,2,1,1,1,1,0,2,0,2
52,-565638.3341,-464090.3415,Age0_F52_m12f12_P52_Y7_UO707,ID12_F76_m50f50_P6_Y4_UO2340,I12_F86_m46f46_P52_Y4_UO2224,FXX,0,0.0,0,0,0.0,0,0,0,0.0,0.5,1,P57_CV0,2,2,0,1,1,0,2,0,2
52,-565638.3341,-464090.3415,Age0_F52_m23f23_P52_Y7_UO1134,I23_F27_m92f92_P6_Y5_UO4296,ID23_F27_m92f92_P76_Y3_UO4318,MXY,0,0.0,0,0,0.0,0,0,0,0.0,0.65625,1,P57_CV0,2,0,2,0,2,0,2,0,2
52,-565638.3341,-464090.3415,Age0_F52_m46f46_P52_Y7_UO2304,ID46_F38_m23f23_P35_Y4_UO1192,I46_F52_m7f7_P74_Y0_UO471,MXY,0,0.0,0,0,0.0,0,0,0,0.0,0.75,1,P57_CV0,2,2,0,2,0,0,2,0,2
52,-565638.3341,-464090.3415,Age0_F52_m90f90_P52_Y7_UO4244,I90_F6_m23f23_P35_Y4_UO1145,I90_F27_m92f92_P57_Y4_UO4316,MXY,0,0.0,0,0,0.0,0,0,0,0.0,0.5,1,P57_CV0,2,2,0,0,2,0,2,0,2
52,-565638.3341,-464090.3415,E52_F12_m90f90_P52_Y6_UO4235,I90_F6_m50f50_P27_Y4_UO2386,ID90_F6_m42f42_P6_Y1_UO1849,MXY,1,0.0,1,1,0.0,0,0,0,-9999.0,0.4375,1,P57_CV0,2,1,1,1,1,0,2,0,2
52,-565638.3341,-464090.3415,E52_F23_m42f42_P27_Y6_UO2078,I42_F99_m-1f-1_P42_Y-1_U56,I42_F57_m-1f-1_P58_Y-1_U215,MXY,1,0.0,1,1,0.0,0,0,0,-9999.0,0.75,1,P57_CV0,2,2,0,2,0,0,2,0,2
52,-565638.3341,-464090.3415,E52_F90_m23f23_P35_Y6_UO1209,I23_F57_m58f58_P57_Y1_UO2659,I23_F27_m45f45_P57_Y3_UO2129,FXX,1,0.0,1,1,1.0,0,0,0,-9999.0,0.5625,1,P57_CV0,2,1,1,1,1,0,2,0,2
52,-565638.3341,-464090.3415,E52_F12_m45f45_P86_Y5_UO2163,I45_F57_m92f92_P99_Y3_UO4306,ID45_F8_m-1f-1_P45_Y-1_U30,FXX,2,0.0,1,0,1.0,0,0,0,-9999.0,0.5,1,P57_CV0,2,1,1,0,2,0,2,0,2
52,-565638.3341,-464090.3415,E52_F12_m50f50_P6_Y4_UO2340,I50_F99_m50f50_P99_Y2_UO2403,I50_F99_m58f58_P99_Y1_UO2635,FXX,3,0.0,1,0,1.0,0,0,0,-9999.0,0.5,1,P57_CV0,2,2,0,1,1,0,2,0,2
52,-565638.3341,-464090.3415,E52_F46_m23f23_P35_Y4_UO1192,I23_F86_m58f58_P99_Y0_UO2984,I23_F6_m42f42_P27_Y1_UO1870,FXX,3,0.0,1,0,1.0,0,0,0,-9999.0,0.75,1,P57_CV0,2,2,0,2,0,0,2,0,2
52,-565638.3341,-464090.3415,E52_F90_m23f23_P35_Y4_UO1145,I23_F6_m92f92_P6_Y2_UO4362,ID23_F99_m50f50_P99_Y2_UO2423,FXX,3,0.0,1,0,1.0,0,0,0,-9999.0,0.375,1,P57_CV0,2,2,0,1,1,0,2,0,2
52,-565638.3341,-464090.3415,E52_F90_m90f90_P86_Y4_UO4269,I90_F52_m-1f-1_P45_Y-1_U94,ID90_F57_m50f50_P57_Y2_UO2389,MXY,3,0.0,1,0,0.0,0,0,0,-9999.0,0.4375,1,P57_CV0,2,2,0,1,1,0,2,0,2
52,-565638.3341,-464090.3415,E52_F12_m46f46_P52_Y6_UO2288,ID46_F52_m45f45_P86_Y4_UO2185,ID46_F52_m37f37_P38_Y3_UO1669,MXY,1,0.0,1,1,0.0,0,0,0,-9999.0,0.5,1,P62_CV0,2,0,2,1,1,0,2,0,2
52,-565638.3341,-464090.3415,Age0_F52_m30f30_P52_Y7_UO1364,I30_F13_m90f90_P35_Y5_UO4205,ID30_F13_m-1f-1_P30_Y-1_U31,FXX,0,0.0,0,0,0.0,0,0,0,0.0,0.59375,1,P64_CV0,2,1,1,1,1,0,2,0,2
52,-565638.3341,-464090.3415,E52_F30_m90f90_P35_Y5_UO4205,I90_F86_m92f92_P6_Y3_UO4305,I90_F57_m92f92_P57_Y2_UO4315,FXX,2,0.0,1,0,1.0,0,0,0,-9999.0,0.6875,1,P64_CV0,2,1,1,2,0,0,2,0,2
52,-565638.3341,-464090.3415,Age0_F52_m7f7_P52_Y7_UO521,I7_F38_m-1f-1_P37_Y-1_U13,ID7_F35_m7f7_P38_Y5_UO504,FXX,0,0.0,0,0,0.0,0,0,0,0.0,0.0,1,P6_CV0,2,0,2,1,1,0,2,0,2
52,-565638.3341,-464090.3415,Age0_F52_m12f12_P52_Y7_UO750,I12_F86_m12f12_P52_Y1_UO618,I12_F6_m30f30_P52_Y5_UO1379,FXX,0,0.0,0,0,0.0,0,0,0,0.0,0.625,1,P6_CV0,2,2,0,1,1,0,2,0,2
52,-565638.3341,-464090.3415,Age0_F52_m23f23_P52_Y7_UO1139,ID23_F35_m7f7_P35_Y5_UO487,I23_F57_m23f23_P27_Y4_UO1167,MXY,0,0.0,0,0,0.0,0,0,0,0.0,0.375,1,P6_CV0,2,1,1,1,1,0,2,0,2
52,-565638.3341,-464090.3415,Age0_F52_m30f30_P52_Y7_UO1371,I30_F74_m30f30_P13_Y5_UO1409,I30_F38_m-1f-1_P30_Y-1_U233,MXY,0,0.0,0,0,0.0,0,0,0,0.0,0.875,1,P6_CV0,2,2,0,1,1,0,2,0,2
52,-565638.3341,-464090.3415,Age0_F52_m30f30_P52_Y7_UO1425,I30_F93_m30f30_P38_Y2_UO1377,I30_F52_m-1f-1_P7_Y-1_U37,FXX,0,0.0,0,0,0.0,0,0,0,0.0,0.5625,1,P6_CV0,2,1,1,0,2,0,2,0,2
52,-565638.3341,-464090.3415,Age0_F52_m30f30_P52_Y7_UO1447,I30_F13_m-1f-1_P37_Y-1_U186,I30_F93_m37f37_P74_Y5_UO1707,FXX,0,0.0,0,0,0.0,0,0,0,0.0,0.21875,1,P6_CV0,2,0,2,2,0,0,2,0,2
52,-565638.3341,-464090.3415,Age0_F52_m46f46_P52_Y7_UO2269,ID46_F52_m37f37_P52_Y5_UO1692,ID46_F52_m-1f-1_P12_Y-1_U243,MXY,0,0.0,0,0,0.0,0,0,0,0.0,0.125,1,P6_CV0,2,0,2,2,0,0,2,0,2
52,-565638.3341,-464090.3415,Age0_F52_m46f46_P52_Y7_UO2285,ID46_F74_m37f37_P38_Y4_UO1714,I46_F19_m12f12_P93_Y5_UO725,MXY,0,0.0,0,0,0.0,0,0,0,0.0,0.5,1,P6_CV0,2,0,2,2,0,0,2,0,2
52,-565638.3341,-464090.3415,Age0_F52_m46f46_P52_Y7_UO2289,ID46_F52_m30f30_P38_Y4_UO1361,ID46_F52_m-1f-1_P7_Y-1_U119,MXY,0,0.0,0,0,0.0,0,0,0,0.0,0.625,1,P6_CV0,2,1,1,2,0,0,2,0,2
52,-565638.3341,-464090.3415,Age0_F52_m46f46_P52_Y7_UO2290,I46_F93_m12f12_P86_Y4_UO698,I46_F93_m7f7_P38_Y0_UO409,FXX,0,0.0,0,0,0.0,0,0,0,0.0,0.75,1,P6_CV0,2,1,1,0,2,0,2,0,2
52,-565638.3341,-464090.3415,Age0_F52_m46f46_P52_Y7_UO2328,I46_F52_m30f30_P52_Y1_UO1278,ID46_F13_m7f7_P38_Y4_UO418,FXX,0,0.0,0,0,0.0,0,0,0,0.0,0.3125,1,P6_CV0,2,2,0,1,1,0,2,0,2
52,-565638.3341,-464090.3415,E52_F7_m37f37_P74_Y6_UO1767,I37_F38_m30f30_P13_Y2_UO1372,I37_F38_m37f37_P38_Y2_UO1715,MXY,1,0.0,1,1,0.0,0,0,0,-9999.0,0.75,1,P6_CV0,2,2,0,1,1,0,2,0,2
52,-565638.3341,-464090.3415,E52_F12_m37f37_P35_Y6_UO1818,I37_F38_m-1f-1_P7_Y-1_U186,I37_F29_m37f37_P74_Y1_UO1627,FXX,1,0.0,1,1,1.0,0,0,0,-9999.0,0.125,1,P6_CV0,2,0,2,0,2,0,2,0,2
52,-565638.3341,-464090.3415,E52_F12_m30f30_P52_Y6_UO1438,ID30_F74_m7f7_P74_Y1_UO412,ID30_F52_m-1f-1_P7_Y-1_U33,FXX,1,0.0,1,1,1.0,0,0,0,-9999.0,0.5,1,P6_CV0,2,2,0,1,1,0,2,0,2
52,-565638.3341,-464090.3415,E52_F12_m37f37_P52_Y6_UO1707,I37_F74_m37f37_P38_Y4_UO1746,I37_F38_m7f7_P74_Y2_UO415,FXX,1,0.0,1,1,1.0,0,0,0,-9999.0,0.59375,1,P6_CV0,2,1,1,1,1,0,2,0,2
52,-565638.3341,-464090.3415,E52_F12_m30f30_P93_Y6_UO1448,I30_F13_m-1f-1_P30_Y-1_U53,I30_F74_m7f7_P38_Y4_UO418,MXY,1,0.0,1,1,0.0,0,0,0,-9999.0,0.6875,1,P6_CV0,2,2,0,1,1,0,2,0,2
52,-565638.3341,-464090.3415,E52_F30_m78f78_P13_Y6_UO3513,I78_F54_m37f37_P38_Y3_UO1696,I78_F93_m-1f-1_P90_Y-1_U66,MXY,1,0.0,1,1,0.0,0,0,0,-9999.0,0.3125,1,P6_CV0,2,1,1,1,1,0,2,0,2
52,-565638.3341,-464090.3415,E52_F30_m7f7_P74_Y6_UO424,ID7_F13_m37f37_P38_Y4_UO1668,I7_F74_m7f7_P74_Y4_UO391,MXY,1,0.0,1,1,0.0,0,0,0,-9999.0,0.34375,1,P6_CV0,2,1,1,0,2,0,2,0,2
52,-565638.3341,-464090.3415,E52_F37_m7f7_P38_Y6_UO471,I7_F38_m7f7_P74_Y2_UO419,I7_F38_m-1f-1_P7_Y-1_U17,MXY,1,0.0,1,1,0.0,0,0,0,-9999.0,0.5,1,P6_CV0,2,1,1,2,0,0,2,0,2
52,-565638.3341,-464090.3415,E52_F37_m37f37_P38_Y6_UO1799,I37_F74_m37f37_P74_Y0_UO1739,I37_F38_m7f7_P29_Y1_UO396,MXY,1,0.0,1,1,0.0,0,0,0,-9999.0,0.75,1,P6_CV0,2,2,0,1,1,0,2,0,2
52,-565638.3341,-464090.3415,E52_F37_m7f7_P74_Y6_UO522,ID7_F38_m-1f-1_P37_Y-1_U37,I7_F38_m-1f-1_P7_Y-1_U244,MXY,1,0.0,1,1,0.0,0,0,0,-9999.0,0.5,1,P6_CV0,2,2,0,0,2,0,2,0,2
52,-565638.3341,-464090.3415,E52_F46_m30f30_P52_Y6_UO1371,ID30_F13_m78f78_P13_Y4_UO3447,I30_F52_m30f30_P52_Y4_UO1440,FXX,1,0.0,1,1,1.0,0,0,0,-9999.0,0.25,1,P6_CV0,2,0,2,1,1,0,2,0,2
52,-565638.3341,-464090.3415,E52_F90_m37f37_P35_Y6_UO1738,I37_F74_m37f37_P74_Y3_UO1719,I37_F38_m37f37_P13_Y4_UO1676,FXX,1,0.0,1,1,1.0,0,0,0,-9999.0,0.53125,1,P6_CV0,2,1,1,0,2,0,2,0,2
52,-565638.3341,-464090.3415,E52_F23_m7f7_P35_Y5_UO487,ID7_F13_m7f7_P38_Y1_UO415,I7_F93_m37f37_P38_Y1_UO1570,FXX,2,0.0,1,0,1.0,0,0,0,-9999.0,0.375,1,P6_CV0,2,0,2,1,1,0,2,0,2
52,-565638.3341,-464090.3415,E52_F30_m37f37_P74_Y5_UO1694,I37_F29_m37f37_P74_Y3_UO1719,I37_F74_m37f37_P74_Y3_UO1717,MXY,2,0.0,1,0,0.0,0,0,0,-9999.0,0.6875,1,P6_CV0,2,2,0,1,1,0,2,0,2
52,-565638.3341,-464090.3415,E52_F30_m30f30_P13_Y5_UO1409,ID30_F38_m7f7_P74_Y1_UO446,I30_F13_m12f12_P86_Y2_UO709,FXX,2,0.0,1,0,1.0,0,0,0,-9999.0,0.75,1,P6_CV0,2,2,0,1,1,0,2,0,2
52,-565638.3341,-464090.3415,E52_F37_m7f7_P29_Y5_UO525,I7_F38_m-1f-1_P7_Y-1_U187,I7_F29_m-1f-1_P7_Y-1_U17,MXY,2,0.0,1,0,0.0,0,0,0,-9999.0,0.5,1,P6_CV0,2,0,2,1,1,0,2,0,2
52,-565638.3341,-464090.3415,E52_F46_m37f37_P52_Y5_UO1692,ID37_F74_m7f7_P38_Y3_UO475,ID37_F38_m7f7_P74_Y0_UO425,FXX,2,0.0,1,0,1.0,0,0,0,-9999.0,0.25,1,P6_CV0,2,0,2,1,1,0,2,0,2
52,-565638.3341,-464090.3415,E52_F7_m7f7_P38_Y4_UO421,I7_F74_m7f7_P74_Y2_UO399,I7_F52_m37f37_P74_Y0_UO1815,MXY,3,0.0,1,0,0.0,0,0,0,-9999.0,0.4375,1,P6_CV0,2,1,1,2,0,0,2,0,2
52,-565638.3341,-464090.3415,E52_F30_m30f30_P93_Y4_UO1352,I30_F52_m78f78_P93_Y2_UO3502,I30_F52_m7f7_P38_Y0_UO499,MXY,3,0.0,1,0,0.0,0,0,0,-9999.0,0.4375,1,P6_CV0,2,1,1,1,1,0,2,0,2
52,-565638.3341,-464090.3415,E52_F46_m37f37_P38_Y4_UO1714,I37_F74_m37f37_P38_Y1_UO1554,I37_F29_m7f7_P38_Y2_UO474,FXX,3,0.0,1,0,1.0,0,0,0,-9999.0,0.5625,1,P6_CV0,2,0,2,1,1,0,2,0,2
52,-565638.3341,-464090.3415,E52_F46_m7f7_P38_Y4_UO418,I7_F38_m37f37_P38_Y2_UO1669,I7_F74_m-1f-1_P7_Y-1_U57,MXY,3,0.0,1,0,0.0,0,0,0,-9999.0,0.375,1,P6_CV0,2,1,1,2,0,0,2,0,2
52,-565638.3341,-464090.3415,E52_F7_m37f37_P74_Y3_UO1771,I37_F38_m-1f-1_P7_Y-1_U198,I37_F38_m-1f-1_P30_Y-1_U3,MXY,4,0.0,1,0,0.0,0,0,0,-9999.0,0.5,1,P6_CV0,2,1,1,2,0,0,2,0,2
52,-565638.3341,-464090.3415,E52_F37_m7f7_P74_Y3_UO418,I7_F74_m7f7_P74_Y0_UO487,I7_F74_m-1f-1_P37_Y-1_U107,MXY,4,0.0,1,0,0.0,0,0,0,-9999.0,0.625,1,P6_CV0,2,2,0,2,0,0,2,0,2
52,-565638.3341,-464090.3415,E52_F12_m7f7_P38_Y2_UO447,I7_F74_m-1f-1_P7_Y-1_U187,I7_F74_m-1f-1_P7_Y-1_U223,FXX,5,0.0,1,0,1.0,0,0,0,-9999.0,0.5,1,P6_CV0,2,1,1,1,1,0,2,0,2
52,-565638.3341,-464090.3415,E52_F30_m7f7_P38_Y2_UO474,ID7_F52_m-1f-1_P7_Y-1_U80,I7_F74_m30f30_P74_Y0_UO1488,MXY,5,0.0,1,0,0.0,0,0,0,-9999.0,0.625,1,P6_CV0,2,1,1,1,1,0,2,0,2
52,-565638.3341,-464090.3415,E52_F46_m7f7_P38_Y0_UO409,R7_F7_m-1f-1_P7_Y-1_U40,R7_F7_m-1f-1_P7_Y-1_U44,MXY,7,0.0,1,0,0.0,0,0,0,-9999.0,0.75,1,P6_CV0,2,2,0,1,1,0,2,0,2
52,-565638.3341,-464090.3415,E52_F12_m-1f-1_P7_Y-1_U133,-9999,-9999,FXX,14,0.0,1,0,1.0,0,0,0,-9999.0,0.5,1,P6_CV0,2,1,1,1,1,0,2,0,2
52,-565638.3341,-464090.3415,Age0_F52_m12f12_P52_Y7_UO730,I12_F86_m46f46_P52_Y3_UO2277,ID12_F52_m30f30_P52_Y3_UO1391,FXX,0,0.0,0,0,0.0,0,0,0,0.0,0.6875,1,P77_CV0,2,2,0,2,0,0,2,0,2
52,-565638.3341,-464090.3415,Age0_F52_m30f30_P52_Y7_UO1355,I30_F52_m7f7_P74_Y5_UO439,I30_F38_m30f30_P13_Y5_UO1346,MXY,0,0.0,0,0,0.0,0,0,0,0.0,0.53125,1,P77_CV0,2,1,1,1,1,0,2,0,2
52,-565638.3341,-464090.3415,Age0_F52_m30f30_P52_Y7_UO1378,I30_F38_m90f90_P52_Y4_UO4236,I30_F93_m78f78_P93_Y0_UO3768,FXX,0,0.0,0,0,0.0,0,0,0,0.0,0.5,1,P77_CV0,2,1,1,0,2,0,2,0,2
52,-565638.3341,-464090.3415,Age0_F52_m30f30_P52_Y7_UO1419,I30_F38_m30f30_P38_Y2_UO1373,I30_F38_m30f30_P13_Y5_UO1346,FXX,0,0.0,0,0,0.0,0,0,0,0.0,0.65625,1,P77_CV0,2,1,1,0,2,0,2,0,2
52,-565638.3341,-464090.3415,Age0_F52_m30f30_P52_Y7_UO1440,I30_F38_m90f90_P52_Y0_UO4571,I30_F52_m7f7_P74_Y5_UO531,MXY,0,0.0,0,0,0.0,0,0,0,0.0,0.5,1,P77_CV0,2,1,1,0,2,0,2,0,2
52,-565638.3341,-464090.3415,Age0_F52_m37f37_P52_Y7_UO1798,I37_F74_m-1f-1_P37_Y-1_U2,I37_F38_m37f37_P38_Y5_UO1705,FXX,0,0.0,0,0,0.0,0,0,0,0.0,0.5625,1,P77_CV0,2,2,0,2,0,0,2,0,2
52,-565638.3341,-464090.3415,Age0_F52_m46f46_P52_Y7_UO2267,I46_F13_m46f46_P52_Y5_UO2279,I46_F52_m78f78_P13_Y1_UO3332,FXX,0,0.0,0,0,0.0,0,0,0,0.0,0.34375,1,P77_CV0,2,0,2,0,2,0,2,0,2
52,-565638.3341,-464090.3415,Age0_F52_m46f46_P52_Y7_UO2273,ID46_F38_m78f78_P93_Y5_UO3524,I46_F52_m30f30_P52_Y2_UO1450,MXY,0,0.0,0,0,0.0,0,0,0,0.0,0.375,1,P77_CV0,2,2,0,1,1,0,2,0,2
52,-565638.3341,-464090.3415,E52_F12_m12f12_P52_Y6_UO715,ID12_F52_m12f12_P52_Y3_UO736,I12_F52_m12f12_P52_Y3_UO680,FXX,1,0.0,1,1,1.0,0,0,0,-9999.0,0.625,1,P77_CV0,2,2,0,1,1,0,2,0,2
52,-565638.3341,-464090.3415,E52_F23_m46f46_P35_Y6_UO2316,I46_F52_m12f12_P52_Y2_UO695,I46_F52_m78f78_P93_Y4_UO3442,MXY,1,0.0,1,1,0.0,0,0,0,-9999.0,0.4375,1,P77_CV0,2,2,0,2,0,0,2,0,2
52,-565638.3341,-464090.3415,E52_F30_m30f30_P13_Y6_UO1368,I30_F93_m39f39_P93_Y4_UO1791,I30_F38_m30f30_P74_Y4_UO1349,FXX,1,0.0,1,1,1.0,0,0,0,-9999.0,0.5625,1,P77_CV0,2,1,1,1,1,0,2,0,2
52,-565638.3341,-464090.3415,E52_F30_m30f30_P13_Y6_UO1382,ID30_F74_m37f37_P74_Y4_UO1698,I30_F35_m78f78_P13_Y4_UO3478,MXY,1,0.0,1,1,0.0,0,0,0,-9999.0,0.625,1,P77_CV0,2,2,0,1,1,0,2,0,2
52,-565638.3341,-464090.3415,E52_F30_m46f46_P13_Y6_UO2335,I46_F86_m78f78_P13_Y0_UO3780,ID46_F86_m-1f-1_P39_Y-1_U29,FXX,1,0.0,1,1,1.0,0,0,0,-9999.0,0.5,1,P77_CV0,2,1,1,2,0,0,2,0,2
52,-565638.3341,-464090.3415,E52_F30_m88f88_P29_Y6_UO4207,ID88_F29_m-1f-1_P88_Y-1_U209,I88_F74_m88f88_P29_Y3_UO4077,FXX,1,0.0,1,1,1.0,0,0,0,-9999.0,0.5,1,P77_CV0,2,1,1,0,2,0,2,0,2
52,-565638.3341,-464090.3415,E52_F30_m37f37_P38_Y6_UO1719,I37_F38_m37f37_P74_Y4_UO1776,I37_F29_m78f78_P13_Y0_UO3758,MXY,1,0.0,1,1,0.0,0,0,0,-9999.0,0.65625,1,P77_CV0,2,1,1,1,1,0,2,0,2
52,-565638.3341,-464090.3415,E52_F30_m78f78_P38_Y6_UO3534,I78_F54_m78f78_P13_Y1_UO3336,I78_F93_m78f78_P13_Y4_UO3481,MXY,1,0.0,1,1,0.0,0,0,0,-9999.0,0.3125,1,P77_CV0,2,1,1,0,2,0,2,0,2
52,-565638.3341,-464090.3415,E52_F30_m30f30_P74_Y6_UO1383,I30_F13_m78f78_P13_Y4_UO3486,I30_F52_m78f78_P93_Y4_UO3500,FXX,1,0.0,1,1,1.0,0,0,0,-9999.0,0.75,1,P77_CV0,2,2,0,0,2,0,2,0,2
52,-565638.3341,-464090.3415,E52_F46_m78f78_P13_Y6_UO3568,I78_F54_m-1f-1_P78_Y-1_U231,I78_F29_m78f78_P29_Y3_UO3516,MXY,1,0.0,1,1,0.0,0,0,0,-9999.0,0.5625,1,P77_CV0,2,1,1,1,1,0,2,0,2
52,-565638.3341,-464090.3415,E52_F46_m37f37_P38_Y6_UO1793,I37_F74_m46f46_P93_Y1_UO2105,I37_F29_m78f78_P29_Y4_UO3509,MXY,1,0.0,1,1,0.0,0,0,0,-9999.0,0.6875,1,P77_CV0,2,1,1,2,0,0,2,0,2
52,-565638.3341,-464090.3415,E52_F46_m12f12_P52_Y6_UO737,ID12_F13_m30f30_P52_Y2_UO1367,I12_F52_m-1f-1_P46_Y-1_U118,FXX,1,0.0,1,1,1.0,0,0,0,-9999.0,0.75,1,P77_CV0,2,2,0,0,2,0,2,0,2
52,-565638.3341,-464090.3415,E52_F46_m46f46_P52_Y6_UO2291,ID46_F52_m12f12_P52_Y4_UO675,I46_F52_m78f78_P93_Y4_UO3490,MXY,1,0.0,1,1,0.0,0,0,0,-9999.0,0.3125,1,P77_CV0,2,2,0,1,1,0,2,0,2
52,-565638.3341,-464090.3415,E52_F46_m46f46_P52_Y6_UO2304,I46_F52_m30f30_P52_Y3_UO1343,I46_F52_m90f90_P86_Y4_UO4232,MXY,1,0.0,1,1,0.0,0,0,0,-9999.0,0.3125,1,P77_CV0,2,1,1,2,0,0,2,0,2
52,-565638.3341,-464090.3415,E52_F12_m46f46_P52_Y5_UO2295,I46_F13_m-1f-1_P46_Y-1_U198,I46_F52_m46f46_P52_Y3_UO2249,MXY,2,0.0,1,0,0.0,0,0,0,-9999.0,0.375,1,P77_CV0,2,1,1,2,0,0,2,0,2
52,-565638.3341,-464090.3415,E52_F30_m7f7_P74_Y5_UO439,I7_F38_m7f7_P38_Y3_UO421,ID7_F13_m78f78_P93_Y1_UO3375,FXX,2,0.0,1,0,1.0,0,0,0,-9999.0,0.5,1,P77_CV0,2,0,2,1,1,0,2,0,2
52,-565638.3341,-464090.3415,E52_F46_m78f78_P93_Y5_UO3524,I78_F51_m-1f-1_P78_Y-1_U125,I78_F54_m-1f-1_P78_Y-1_U98,FXX,2,0.0,1,0,1.0,0,0,0,-9999.0,0.5,1,P77_CV0,2,1,1,2,0,0,2,0,2
52,-565638.3341,-464090.3415,E52_F12_m46f46_P52_Y4_UO2224,I46_F93_m30f30_P52_Y2_UO1367,I46_F86_m60f60_P19_Y1_UO2747,MXY,3,0.0,1,0,0.0,0,0,0,-9999.0,0.5,1,P77_CV0,2,1,1,0,2,0,2,0,2
52,-565638.3341,-464090.3415,E52_F12_m78f78_P93_Y4_UO3490,I78_F29_m-1f-1_P78_Y-1_U229,I78_F13_m78f78_P29_Y2_UO3514,MXY,3,0.0,1,0,0.0,0,0,0,-9999.0,0.25,1,P77_CV0,2,1,1,1,1,0,2,0,2
52,-565638.3341,-464090.3415,E52_F30_m78f78_P13_Y4_UO3478,ID78_F54_m-1f-1_P78_Y-1_U188,I78_F13_m78f78_P29_Y1_UO3321,MXY,3,0.0,1,0,0.0,0,0,0,-9999.0,0.625,1,P77_CV0,2,2,0,1,1,0,2,0,2
52,-565638.3341,-464090.3415,E52_F46_m7f7_P52_Y4_UO489,I7_F38_m-1f-1_P37_Y-1_U215,ID7_F38_m78f78_P29_Y2_UO3537,MXY,3,0.0,1,0,0.0,0,0,0,-9999.0,0.5,1,P77_CV0,2,0,2,0,2,0,2,0,2
52,-565638.3341,-464090.3415,E52_F46_m30f30_P52_Y4_UO1419,I30_F29_m-1f-1_P7_Y-1_U237,ID30_F13_m78f78_P13_Y1_UO3317,MXY,3,0.0,1,0,0.0,0,0,0,-9999.0,0.125,1,P77_CV0,2,0,2,1,1,0,2,0,2
52,-565638.3341,-464090.3415,E52_F12_m30f30_P52_Y3_UO1391,I30_F74_m78f78_P93_Y0_UO3767,I30_F13_m78f78_P13_Y1_UO3317,MXY,4,0.0,1,0,0.0,0,0,0,-9999.0,0.625,1,P77_CV0,2,1,1,1,1,0,2,0,2
52,-565638.3341,-464090.3415,E52_F46_m46f46_P52_Y3_UO2243,I46_F93_m78f78_P93_Y0_UO3738,I46_F86_m39f39_P93_Y1_UO1680,MXY,4,0.0,1,0,0.0,0,0,0,-9999.0,0.25,1,P77_CV0,2,1,1,1,1,0,2,0,2
52,-565638.3341,-464090.3415,E52_F12_m30f30_P52_Y2_UO1367,ID30_F13_m78f78_P13_Y0_UO3729,I30_F13_m-1f-1_P30_Y-1_U123,FXX,5,0.0,1,0,1.0,0,0,0,-9999.0,0.5,1,P77_CV0,2,2,0,0,2,0,2,0,2
52,-565638.3341,-464090.3415,E52_F30_m30f30_P38_Y2_UO1373,I30_F38_m78f78_P13_Y0_UO3802,I30_F93_m30f30_P13_Y0_UO1433,FXX,5,0.0,1,0,1.0,0,0,0,-9999.0,0.75,1,P77_CV0,2,2,0,1,1,0,2,0,2
52,-565638.3341,-464090.3415,E52_F30_m78f78_P74_Y2_UO3497,I78_F29_m-1f-1_P78_Y-1_U34,I78_F54_m-1f-1_P78_Y-1_U21,MXY,5,0.0,1,0,0.0,0,0,0,-9999.0,0.5,1,P77_CV0,2,1,1,0,2,0,2,0,2
52,-565638.3341,-464090.3415,E52_F37_m78f78_P13_Y2_UO3521,I78_F13_m-1f-1_P78_Y-1_U214,I78_F38_m78f78_P13_Y0_UO3789,MXY,5,0.0,1,0,0.0,0,0,0,-9999.0,0.375,1,P77_CV0,2,1,1,0,2,0,2,0,2
52,-565638.3341,-464090.3415,E52_F30_m78f78_P93_Y0_UO3768,R78_F78_m-1f-1_P78_Y-1_U130,R78_F78_m-1f-1_P78_Y-1_U128,MXY,7,0.0,1,0,0.0,0,0,0,-9999.0,0.5,1,P77_CV0,2,1,1,1,1,0,2,0,2
52,-565638.3341,-464090.3415,E52_F46_m78f78_P13_Y0_UO3794,R78_F78_m-1f-1_P78_Y-1_U188,R78_F78_m-1f-1_P78_Y-1_U73,MXY,7,0.0,1,0,0.0,0,0,0,-9999.0,0.75,1,P77_CV0,2,1,1,1,1,0,2,0,2
52,-565638.3341,-464090.3415,E52_F90_m45f45_P57_Y6_UO2223,I45_F57_m25f25_P8_Y2_UO1248,I45_F86_m40f40_P86_Y1_UO1724,MXY,1,0.0,1,1,0.0,0,0,0,-9999.0,0.3125,1,P83_CV0,2,0,2,2,0,0,2,0,2
52,-565638.3341,-464090.3415,Age0_F52_m45f45_P52_Y7_UO2258,I45_F86_m-1f-1_P45_Y-1_U161,I45_F52_m85f85_P8_Y0_UO4264,MXY,0,0.0,0,0,0.0,0,0,0,0.0,0.625,1,P84_CV0,2,2,0,1,1,0,2,0,2
52,-565638.3341,-464090.3415,Age0_F52_m39f39_P52_Y7_UO1828,I39_F75_m87f87_P51_Y5_UO4081,I39_F51_m87f87_P19_Y1_UO3871,MXY,0,0.0,0,0,0.0,0,0,0,0.0,0.5,1,P86_CV0,2,1,1,1,1,0,2,0,2
52,-565638.3341,-464090.3415,Age0_F52_m46f46_P52_Y7_UO2292,I46_F86_m87f87_P93_Y4_UO4075,ID46_F6_m50f50_P57_Y4_UO2403,FXX,0,0.0,0,0,0.0,0,0,0,0.0,0.125,1,P86_CV0,2,0,2,1,1,0,2,0,2
52,-565638.3341,-464090.3415,E52_F30_m78f78_P93_Y6_UO3506,I78_F29_m78f78_P13_Y4_UO3517,I78_F93_m-1f-1_P90_Y-1_U66,MXY,1,0.0,1,1,0.0,0,0,0,-9999.0,0.25,1,P86_CV0,2,1,1,1,1,0,2,0,2
52,-565638.3341,-464090.3415,E52_F46_m87f87_P19_Y6_UO4126,I87_F24_m87f87_P51_Y1_UO3860,I87_F24_m-1f-1_P87_Y-1_U44,FXX,1,0.0,1,1,1.0,0,0,0,-9999.0,1.0,1,P86_CV0,2,2,0,2,0,0,2,0,2
52,-565638.3341,-464090.3415,E52_F46_m46f46_P52_Y6_UO2276,I46_F52_m46f46_P52_Y4_UO2222,ID46_F38_m87f87_P13_Y2_UO4059,MXY,1,0.0,1,1,0.0,0,0,0,-9999.0,0.34375,1,P86_CV0,2,2,0,1,1,0,2,0,2
52,-565638.3341,-464090.3415,E52_F46_m46f46_P86_Y6_UO2278,I46_F93_m87f87_P93_Y4_UO4075,I46_F52_m46f46_P52_Y4_UO2273,FXX,1,0.0,1,1,1.0,0,0,0,-9999.0,0.3125,1,P86_CV0,2,1,1,1,1,0,2,0,2
52,-565638.3341,-464090.3415,E52_F39_m87f87_P51_Y5_UO4081,I87_F24_m87f87_P24_Y0_UO4356,I87_F51_m87f87_P24_Y2_UO4023,FXX,2,0.0,1,0,1.0,0,0,0,-9999.0,0.5,1,P86_CV0,2,1,1,0,2,0,2,0,2
52,-565638.3341,-464090.3415,E52_F46_m87f87_P93_Y4_UO4075,I87_F24_m-1f-1_P87_Y-1_U216,I87_F24_m-1f-1_P87_Y-1_U53,FXX,3,0.0,1,0,1.0,0,0,0,-9999.0,0.0,1,P86_CV0,2,0,2,0,2,0,2,0,2
52,-565638.3341,-464090.3415,E52_F46_m87f87_P13_Y2_UO4059,I87_F51_m-1f-1_P87_Y-1_U163,I87_F24_m87f87_P24_Y0_UO4388,MXY,5,0.0,1,0,0.0,0,0,0,-9999.0,0.125,1,P86_CV0,2,1,1,0,2,0,2,0,2
52,-565638.3341,-464090.3415,Age0_F52_m12f12_P52_Y7_UO731,I12_F52_m39f39_P19_Y3_UO1842,ID12_F52_m37f37_P74_Y4_UO1713,FXX,0,0.0,0,0,0.0,0,0,0,0.0,0.25,1,P87_CV0,2,1,1,1,1,0,2,0,2
52,-565638.3341,-464090.3415,Age0_F52_m12f12_P52_Y7_UO762,I12_F52_m-1f-1_P90_Y-1_U88,ID12_F86_m30f30_P93_Y4_UO1389,FXX,0,0.0,0,0,0.0,0,0,0,0.0,0.25,1,P87_CV0,2,0,2,0,2,0,2,0,2
52,-565638.3341,-464090.3415,Age0_F52_m46f46_P52_Y7_UO2313,ID46_F52_m30f30_P52_Y3_UO1376,ID46_F38_m7f7_P74_Y4_UO505,FXX,0,0.0,0,0,0.0,0,0,0,0.0,0.4375,1,P87_CV0,2,1,1,2,0,0,2,0,2
52,-565638.3341,-464090.3415,E52_F12_m30f30_P52_Y6_UO1440,ID30_F35_m88f88_P29_Y0_UO4483,ID30_F74_m-1f-1_P30_Y-1_U67,MXY,1,0.0,1,1,0.0,0,0,0,-9999.0,0.625,1,P87_CV0,2,1,1,1,1,0,2,0,2
52,-565638.3341,-464090.3415,E52_F30_m78f78_P13_Y6_UO3530,I78_F13_m88f88_P29_Y2_UO4145,I78_F13_m88f88_P29_Y2_UO4113,FXX,1,0.0,1,1,1.0,0,0,0,-9999.0,0.375,1,P87_CV0,2,1,1,1,1,0,2,0,2
52,-565638.3341,-464090.3415,E52_F30_m37f37_P38_Y6_UO1728,ID37_F38_m7f7_P74_Y4_UO404,ID37_F13_m7f7_P74_Y0_UO403,MXY,1,0.0,1,1,0.0,0,0,0,-9999.0,0.21875,1,P87_CV0,2,0,2,0,2,0,2,0,2
52,-565638.3341,-464090.3415,E52_F37_m88f88_P29_Y6_UO4189,ID88_F29_m-1f-1_P88_Y-1_U86,I88_F29_m-1f-1_P88_Y-1_U149,FXX,1,0.0,1,1,1.0,0,0,0,-9999.0,0.5,1,P87_CV0,2,2,0,1,1,0,2,0,2
52,-565638.3341,-464090.3415,E52_F46_m78f78_P13_Y6_UO3533,I78_F93_m78f78_P13_Y2_UO3509,ID78_F93_m88f88_P54_Y0_UO4418,FXX,1,0.0,1,1,1.0,0,0,0,-9999.0,0.5,1,P87_CV0,2,1,1,2,0,0,2,0,2
52,-565638.3341,-464090.3415,E52_F30_m37f37_P74_Y5_UO1745,I37_F74_m88f88_P29_Y1_UO3977,I37_F38_m37f37_P74_Y3_UO1685,FXX,2,0.0,1,0,1.0,0,0,0,-9999.0,0.4375,1,P87_CV0,2,0,2,0,2,0,2,0,2
52,-565638.3341,-464090.3415,E52_F30_m78f78_P13_Y5_UO3537,I78_F13_m-1f-1_P34_Y-1_U168,I78_F54_m88f88_P29_Y2_UO4098,MXY,2,0.0,1,0,0.0,0,0,0,-9999.0,0.625,1,P87_CV0,2,1,1,0,2,0,2,0,2
52,-565638.3341,-464090.3415,E52_F12_m37f37_P74_Y4_UO1713,I37_F38_m88f88_P29_Y1_UO3944,I37_F38_m-1f-1_P30_Y-1_U10,MXY,3,0.0,1,0,0.0,0,0,0,-9999.0,0.25,1,P87_CV0,2,0,2,0,2,0,2,0,2
52,-565638.3341,-464090.3415,E52_F12_m30f30_P93_Y4_UO1389,I30_F52_m88f88_P29_Y0_UO4483,I30_F93_m46f46_P93_Y2_UO2232,MXY,3,0.0,1,0,0.0,0,0,0,-9999.0,0.5,1,P87_CV0,2,0,2,0,2,0,2,0,2
52,-565638.3341,-464090.3415,E52_F46_m7f7_P74_Y4_UO505,I7_F29_m-1f-1_P7_Y-1_U78,I7_F74_m88f88_P29_Y2_UO4116,MXY,3,0.0,1,0,0.0,0,0,0,-9999.0,0.125,1,P87_CV0,2,0,2,1,1,0,2,0,2
52,-565638.3341,-464090.3415,Age0_F52_m12f12_P52_Y7_UO694,ID12_F86_m30f30_P52_Y5_UO1353,I12_F19_m90f90_P52_Y4_UO4261,FXX,0,0.0,0,0,0.0,0,0,0,0.0,0.53125,1,P89_CV0,2,1,1,2,0,0,2,0,2
52,-565638.3341,-464090.3415,Age0_F52_m12f12_P52_Y7_UO716,I12_F86_m90f90_P86_Y4_UO4205,I12_F52_m12f12_P52_Y5_UO782,MXY,0,0.0,0,0,0.0,0,0,0,0.0,0.4375,1,P89_CV0,2,0,2,1,1,0,2,0,2
52,-565638.3341,-464090.3415,Age0_F52_m12f12_P52_Y7_UO767,I12_F6_m-1f-1_P90_Y-1_U237,I12_F52_m37f37_P52_Y3_UO1665,FXX,0,0.0,0,0,0.0,0,0,0,0.0,0.5625,1,P89_CV0,2,2,0,2,0,0,2,0,2
52,-565638.3341,-464090.3415,Age0_F52_m12f12_P52_Y7_UO769,ID12_F86_m-1f-1_P90_Y-1_U142,I12_F52_m46f46_P52_Y4_UO2258,MXY,0,0.0,0,0,0.0,0,0,0,0.0,0.5,1,P89_CV0,2,1,1,0,2,0,2,0,2
52,-565638.3341,-464090.3415,Age0_F52_m12f12_P52_Y7_UO777,ID12_F52_m-1f-1_P7_Y-1_U133,I12_F52_m12f12_P52_Y5_UO747,MXY,0,0.0,0,0,0.0,0,0,0,0.0,0.53125,1,P89_CV0,2,1,1,2,0,0,2,0,2
52,-565638.3341,-464090.3415,Age0_F52_m23f23_P52_Y7_UO1167,ID23_F86_m30f30_P52_Y3_UO1450,I23_F6_m90f90_P27_Y4_UO4182,FXX,0,0.0,0,0,0.0,0,0,0,0.0,0.5,1,P89_CV0,2,0,2,0,2,0,2,0,2
52,-565638.3341,-464090.3415,Age0_F52_m23f23_P52_Y7_UO1214,ID23_F27_m-1f-1_P90_Y-1_U147,I23_F27_m-1f-1_P23_Y-1_U125,MXY,0,0.0,0,0,0.0,0,0,0,0.0,0.5,1,P89_CV0,2,1,1,1,1,0,2,0,2
52,-565638.3341,-464090.3415,Age0_F52_m30f30_P52_Y7_UO1352,ID30_F52_m12f12_P52_Y5_UO738,ID30_F74_m88f88_P29_Y5_UO4169,MXY,0,0.0,0,0,0.0,0,0,0,0.0,0.625,1,P89_CV0,2,1,1,2,0,0,2,0,2
52,-565638.3341,-464090.3415,Age0_F52_m30f30_P52_Y7_UO1361,I30_F35_m46f46_P52_Y5_UO2229,ID30_F86_m45f45_P86_Y0_UO2247,FXX,0,0.0,0,0,0.0,0,0,0,0.0,0.4375,1,P89_CV0,2,1,1,1,1,0,2,0,2
52,-565638.3341,-464090.3415,Age0_F52_m30f30_P52_Y7_UO1428,ID30_F38_m23f23_P35_Y1_UO1130,ID30_F38_m-1f-1_P30_Y-1_U45,FXX,0,0.0,0,0,0.0,0,0,0,0.0,0.75,1,P89_CV0,2,2,0,1,1,0,2,0,2
52,-565638.3341,-464090.3415,Age0_F52_m46f46_P52_Y7_UO2337,ID46_F52_m90f90_P52_Y0_UO4530,I46_F19_m90f90_P86_Y3_UO4219,MXY,0,0.0,0,0,0.0,0,0,0,0.0,0.5,1,P89_CV0,2,1,1,2,0,0,2,0,2
52,-565638.3341,-464090.3415,Age0_F52_m90f90_P52_Y7_UO4214,I90_F86_m45f45_P86_Y5_UO2214,I90_F57_m23f23_P57_Y3_UO1140,MXY,0,0.0,0,0,0.0,0,0,0,0.0,0.4375,1,P89_CV0,2,1,1,1,1,0,2,0,2
52,-565638.3341,-464090.3415,Age0_F52_m90f90_P52_Y7_UO4250,I90_F52_m23f23_P57_Y4_UO1151,ID90_F86_m90f90_P27_Y2_UO4178,MXY,0,0.0,0,0,0.0,0,0,0,0.0,0.34375,1,P89_CV0,2,1,1,1,1,0,2,0,2
52,-565638.3341,-464090.3415,Age0_F52_m90f90_P52_Y7_UO4266,I90_F6_m90f90_P86_Y3_UO4189,I90_F35_m-1f-1_P90_Y-1_U110,MXY,0,0.0,0,0,0.0,0,0,0,0.0,0.5,1,P89_CV0,2,2,0,1,1,0,2,0,2
52,-565638.3341,-464090.3415,Age0_F52_m90f90_P52_Y7_UO4276,I90_F86_m23f23_P57_Y2_UO1222,I90_F86_m23f23_P6_Y5_UO1218,FXX,0,0.0,0,0,0.0,0,0,0,0.0,0.4375,1,P89_CV0,2,0,2,1,1,0,2,0,2
52,-565638.3341,-464090.3415,E52_F12_m12f12_P52_Y6_UO696,I12_F52_m90f90_P86_Y4_UO4210,I12_F52_m12f12_P52_Y4_UO690,FXX,1,0.0,1,1,1.0,0,0,0,-9999.0,0.75,1,P89_CV0,2,1,1,2,0,0,2,0,2
52,-565638.3341,-464090.3415,E52_F12_m12f12_P52_Y6_UO753,ID12_F86_m90f90_P57_Y0_UO4533,I12_F93_m46f46_P52_Y4_UO2284,MXY,1,0.0,1,1,0.0,0,0,0,-9999.0,0.25,1,P89_CV0,2,1,1,0,2,0,2,0,2
52,-565638.3341,-464090.3415,E52_F12_m12f12_P52_Y6_UO767,I12_F86_m-1f-1_P90_Y-1_U88,I12_F86_m-1f-1_P46_Y-1_U20,MXY,1,0.0,1,1,0.0,0,0,0,-9999.0,0.5,1,P89_CV0,2,1,1,0,2,0,2,0,2
52,-565638.3341,-464090.3415,E52_F12_m46f46_P52_Y6_UO2299,ID46_F52_m46f46_P52_Y3_UO2235,I46_F52_m90f90_P52_Y2_UO4198,FXX,1,0.0,1,1,1.0,0,0,0,-9999.0,0.3125,1,P89_CV0,2,1,1,1,1,0,2,0,2
52,-565638.3341,-464090.3415,E52_F12_m12f12_P86_Y6_UO734,I12_F93_m46f46_P52_Y2_UO2233,I12_F52_m12f12_P86_Y3_UO744,MXY,1,0.0,1,1,0.0,0,0,0,-9999.0,0.5,1,P89_CV0,2,1,1,2,0,0,2,0,2
52,-565638.3341,-464090.3415,E52_F23_m90f90_P27_Y6_UO4265,I90_F27_m12f12_P52_Y3_UO705,ID90_F52_m-1f-1_P90_Y-1_U199,FXX,1,0.0,1,1,1.0,0,0,0,-9999.0,0.75,1,P89_CV0,2,2,0,1,1,0,2,0,2
52,-565638.3341,-464090.3415,E52_F30_m12f12_P52_Y6_UO735,ID12_F19_m78f78_P93_Y2_UO3502,I12_F86_m90f90_P52_Y4_UO4261,MXY,1,0.0,1,1,0.0,0,0,0,-9999.0,0.3125,1,P89_CV0,2,0,2,1,1,0,2,0,2
52,-565638.3341,-464090.3415,E52_F46_m46f46_P93_Y6_UO2301,I46_F52_m92f92_P6_Y3_UO4309,I46_F52_m90f90_P52_Y2_UO4198,MXY,1,0.0,1,1,0.0,0,0,0,-9999.0,0.625,1,P89_CV0,2,1,1,1,1,0,2,0,2
52,-565638.3341,-464090.3415,E52_F12_m12f12_P52_Y5_UO782,I12_F86_m-1f-1_P90_Y-1_U72,ID12_F52_m46f46_P52_Y0_UO2336,MXY,2,0.0,1,0,0.0,0,0,0,-9999.0,0.625,1,P89_CV0,2,1,1,0,2,0,2,0,2
52,-565638.3341,-464090.3415,E52_F12_m12f12_P52_Y5_UO747,I12_F86_m90f90_P52_Y0_UO4530,I12_F52_m90f90_P52_Y2_UO4192,MXY,2,0.0,1,0,0.0,0,0,0,-9999.0,0.5625,1,P89_CV0,2,2,0,1,1,0,2,0,2
52,-565638.3341,-464090.3415,E52_F12_m12f12_P52_Y5_UO708,I12_F52_m23f23_P52_Y3_UO1232,I12_F52_m-1f-1_P12_Y-1_U47,MXY,2,0.0,1,0,0.0,0,0,0,-9999.0,0.625,1,P89_CV0,2,1,1,1,1,0,2,0,2
52,-565638.3341,-464090.3415,E52_F30_m12f12_P52_Y5_UO738,I12_F52_m39f39_P13_Y1_UO1693,ID12_F52_m-1f-1_P90_Y-1_U199,FXX,2,0.0,1,0,1.0,0,0,0,-9999.0,0.875,1,P89_CV0,2,2,0,2,0,0,2,0,2
52,-565638.3341,-464090.3415,E52_F30_m46f46_P52_Y5_UO2229,ID46_F52_m30f30_P52_Y3_UO1343,I46_F93_m90f90_P86_Y0_UO4553,FXX,2,0.0,1,0,1.0,0,0,0,-9999.0,0.375,1,P89_CV0,2,2,0,1,1,0,2,0,2
52,-565638.3341,-464090.3415,E52_F46_m90f90_P35_Y5_UO4188,I90_F52_m46f46_P52_Y3_UO2236,I90_F35_m-1f-1_P90_Y-1_U57,MXY,2,0.0,1,0,0.0,0,0,0,-9999.0,0.25,1,P89_CV0,2,1,1,0,2,0,2,0,2
52,-565638.3341,-464090.3415,E52_F90_m45f45_P86_Y5_UO2214,I45_F8_m-1f-1_P92_Y-1_U211,I45_F86_m-1f-1_P90_Y-1_U78,FXX,2,0.0,1,0,1.0,0,0,0,-9999.0,0.25,1,P89_CV0,2,0,2,1,1,0,2,0,2
52,-565638.3341,-464090.3415,E52_F12_m90f90_P52_Y4_UO4261,I90_F57_m-1f-1_P90_Y-1_U190,I90_F86_m-1f-1_P90_Y-1_U202,MXY,3,0.0,1,0,0.0,0,0,0,-9999.0,0.5,1,P89_CV0,2,1,1,1,1,0,2,0,2
52,-565638.3341,-464090.3415,E52_F12_m12f12_P86_Y4_UO760,I12_F86_m-1f-1_P90_Y-1_U72,ID12_F52_m78f78_P13_Y2_UO3485,FXX,3,0.0,1,0,1.0,0,0,0,-9999.0,0.75,1,P89_CV0,2,1,1,1,1,0,2,0,2
52,-565638.3341,-464090.3415,E52_F12_m46f46_P52_Y4_UO2284,I46_F52_m-1f-1_P90_Y-1_U102,ID46_F52_m37f37_P52_Y1_UO1567,MXY,3,0.0,1,0,0.0,0,0,0,-9999.0,0.5,1,P89_CV0,2,2,0,1,1,0,2,0,2
52,-565638.3341,-464090.3415,E52_F23_m90f90_P27_Y4_UO4182,I90_F57_m23f23_P6_Y2_UO1205,I90_F86_m-1f-1_P90_Y-1_U98,MXY,3,0.0,1,0,0.0,0,0,0,-9999.0,0.5,1,P89_CV0,2,1,1,0,2,0,2,0,2
52,-565638.3341,-464090.3415,E52_F46_m30f30_P52_Y4_UO1397,I30_F13_m90f90_P52_Y0_UO4571,ID30_F93_m7f7_P38_Y0_UO489,MXY,3,0.0,1,0,0.0,0,0,0,-9999.0,0.375,1,P89_CV0,2,1,1,1,1,0,2,0,2
52,-565638.3341,-464090.3415,E52_F46_m90f90_P86_Y4_UO4272,I90_F35_m-1f-1_P90_Y-1_U8,I90_F86_m23f23_P35_Y2_UO1128,MXY,3,0.0,1,0,0.0,0,0,0,-9999.0,0.5,1,P89_CV0,2,2,0,1,1,0,2,0,2
52,-565638.3341,-464090.3415,E52_F12_m90f90_P52_Y3_UO4207,I90_F86_m-1f-1_P90_Y-1_U160,I90_F35_m23f23_P27_Y1_UO1124,MXY,4,0.0,1,0,0.0,0,0,0,-9999.0,0.625,1,P89_CV0,2,1,1,2,0,0,2,0,2
52,-565638.3341,-464090.3415,E52_F12_m12f12_P52_Y3_UO752,ID12_F52_m-1f-1_P30_Y-1_U162,I12_F86_m-1f-1_P90_Y-1_U10,FXX,4,0.0,1,0,1.0,0,0,0,-9999.0,0.0,1,P89_CV0,2,0,2,0,2,0,2,0,2
52,-565638.3341,-464090.3415,E52_F46_m23f23_P52_Y3_UO1130,I23_F27_m45f45_P86_Y1_UO2058,I23_F6_m90f90_P6_Y1_UO4060,MXY,4,0.0,1,0,0.0,0,0,0,-9999.0,0.25,1,P89_CV0,2,0,2,1,1,0,2,0,2
52,-565638.3341,-464090.3415,E52_F90_m90f90_P27_Y3_UO4144,I90_F86_m45f45_P6_Y1_UO2041,ID90_F86_m-1f-1_P90_Y-1_U71,MXY,4,0.0,1,0,0.0,0,0,0,-9999.0,0.125,1,P89_CV0,2,0,2,0,2,0,2,0,2
52,-565638.3341,-464090.3415,E52_F90_m90f90_P86_Y3_UO4189,ID90_F86_m92f92_P6_Y0_UO4674,I90_F52_m-1f-1_P90_Y-1_U105,FXX,4,0.0,1,0,1.0,0,0,0,-9999.0,0.5,1,P89_CV0,2,1,1,2,0,0,2,0,2
52,-565638.3341,-464090.3415,E52_F90_m23f23_P57_Y2_UO1222,ID23_F35_m-1f-1_P90_Y-1_U80,ID23_F57_m92f92_P6_Y0_UO4611,FXX,5,0.0,1,0,1.0,0,0,0,-9999.0,0.375,1,P89_CV0,2,0,2,2,0,0,2,0,2
52,-565638.3341,-464090.3415,E52_F30_m23f23_P35_Y1_UO1130,I23_F86_m-1f-1_P23_Y-1_U166,ID23_F86_m-1f-1_P90_Y-1_U172,FXX,6,0.0,1,0,1.0,0,0,0,-9999.0,1.0,1,P89_CV0,2,2,0,2,0,0,2,0,2
52,-565638.3341,-464090.3415,E52_F90_m90f90_P35_Y1_UO3995,I90_F6_m-1f-1_P90_Y-1_U24,I90_F57_m-1f-1_P90_Y-1_U164,MXY,6,0.0,1,0,0.0,0,0,0,-9999.0,0.25,1,P89_CV0,2,0,2,1,1,0,2,0,2
52,-565638.3341,-464090.3415,E52_F30_m90f90_P52_Y0_UO4571,R90_F90_m-1f-1_P90_Y-1_U159,R90_F90_m-1f-1_P90_Y-1_U163,FXX,7,0.0,1,0,1.0,0,0,0,-9999.0,0.5,1,P89_CV0,2,1,1,0,2,0,2,0,2
52,-565638.3341,-464090.3415,E52_F46_m90f90_P52_Y0_UO4530,R90_F90_m-1f-1_P90_Y-1_U72,R90_F90_m-1f-1_P90_Y-1_U138,FXX,7,0.0,1,0,1.0,0,0,0,-9999.0,0.5,1,P89_CV0,2,2,0,1,1,0,2,0,2
52,-565638.3341,-464090.3415,E52_F12_m-1f-1_P90_Y-1_U88,-9999,-9999,FXX,8,0.0,1,0,1.0,0,0,0,-9999.0,0.0,1,P89_CV0,2,0,2,1,1,0,2,0,2
52,-565638.3341,-464090.3415,E52_F23_m-1f-1_P90_Y-1_U147,-9999,-9999,FXX,8,0.0,1,0,1.0,0,0,0,-9999.0,0.0,1,P89_CV0,2,0,2,1,1,0,2,0,2
52,-565638.3341,-464090.3415,E52_F12_m-1f-1_P90_Y-1_U100,-9999,-9999,FXX,10,0.0,1,0,1.0,0,0,0,-9999.0,0.5,1,P89_CV0,2,1,1,1,1,0,2,0,2
52,-565638.3341,-464090.3415,E52_F12_m-1f-1_P90_Y-1_U237,-9999,-9999,FXX,10,0.0,1,0,1.0,0,0,0,-9999.0,0.5,1,P89_CV0,2,1,1,2,0,0,2,0,2
52,-565638.3341,-464090.3415,E52_F12_m-1f-1_P90_Y-1_U142,-9999,-9999,FXX,11,0.0,1,0,1.0,0,0,0,-9999.0,0.5,1,P89_CV0,2,1,1,0,2,0,2,0,2
52,-565638.3341,-464090.3415,E52_F90_m-1f-1_P90_Y-1_U105,-9999,-9999,MXY,11,0.0,1,0,0.0,0,0,0,-9999.0,0.5,1,P89_CV0,2,1,1,1,1,0,2,0,2
52,-565638.3341,-464090.3415,E52_F90_m-1f-1_P90_Y-1_U110,-9999,-9999,MXY,12,0.0,1,0,0.0,0,0,0,-9999.0,0.5,1,P89_CV0,2,1,1,1,1,0,2,0,2
52,-565638.3341,-464090.3415,E52_F46_m-1f-1_P90_Y-1_U98,-9999,-9999,MXY,14,0.0,1,0,0.0,0,0,0,-9999.0,1.0,1,P89_CV0,2,2,0,1,1,0,2,0,2
52,-565638.3341,-464090.3415,Age0_F52_m40f40_P52_Y7_UO1905,I40_F86_m50f50_P99_Y5_UO2410,ID40_F6_m-1f-1_P92_Y-1_U100,MXY,0,0.0,0,0,0.0,0,0,0,0.0,0.375,1,P91_CV0,2,0,2,1,1,0,2,0,2
52,-565638.3341,-464090.3415,Age0_F52_m90f90_P52_Y7_UO4210,I90_F86_m45f45_P86_Y5_UO2160,I90_F57_m-1f-1_P92_Y-1_U110,MXY,0,0.0,0,0,0.0,0,0,0,0.0,0.8125,1,P91_CV0,2,1,1,1,1,0,2,0,2
52,-565638.3341,-464090.3415,E52_F12_m90f90_P86_Y6_UO4248,I90_F57_m50f50_P6_Y3_UO2392,I90_F52_m90f90_P86_Y4_UO4224,FXX,1,0.0,1,1,1.0,0,0,0,-9999.0,0.5,1,P91_CV0,2,0,2,1,1,0,2,0,2
52,-565638.3341,-464090.3415,E52_F12_m90f90_P86_Y6_UO4303,I90_F86_m42f42_P27_Y1_UO1807,ID90_F86_m92f92_P57_Y3_UO4275,FXX,1,0.0,1,1,1.0,0,0,0,-9999.0,0.875,1,P91_CV0,2,2,0,2,0,0,2,0,2
52,-565638.3341,-464090.3415,E52_F90_m42f42_P57_Y6_UO2029,I42_F57_m42f42_P99_Y3_UO2015,I42_F6_m92f92_P6_Y3_UO4317,FXX,1,0.0,1,1,1.0,0,0,0,-9999.0,0.5625,1,P91_CV0,2,1,1,1,1,0,2,0,2
52,-565638.3341,-464090.3415,E52_F90_m92f92_P57_Y6_UO4427,ID92_F99_m94f94_P57_Y0_UO4746,I92_F6_m-1f-1_P92_Y-1_U29,MXY,1,0.0,1,1,0.0,0,0,0,-9999.0,0.625,1,P91_CV0,2,1,1,1,1,0,2,0,2
52,-565638.3341,-464090.3415,E52_F12_m30f30_P52_Y5_UO1353,I30_F13_m90f90_P52_Y3_UO4182,I30_F93_m46f46_P93_Y1_UO2103,FXX,2,0.0,1,0,1.0,0,0,0,-9999.0,0.5625,1,P91_CV0,2,1,1,2,0,0,2,0,2
52,-565638.3341,-464090.3415,E52_F46_m90f90_P52_Y5_UO4193,I90_F27_m90f90_P86_Y3_UO4240,I90_F86_m-1f-1_P92_Y-1_U110,FXX,2,0.0,1,0,1.0,0,0,0,-9999.0,0.9375,1,P91_CV0,2,2,0,1,1,0,2,0,2
52,-565638.3341,-464090.3415,E52_F90_m45f45_P86_Y5_UO2160,I45_F6_m92f92_P57_Y3_UO4311,I45_F57_m40f40_P6_Y1_UO1780,FXX,2,0.0,1,0,1.0,0,0,0,-9999.0,0.625,1,P91_CV0,2,1,1,1,1,0,2,0,2
52,-565638.3341,-464090.3415,E52_F45_m92f92_P6_Y4_UO4351,I92_F99_m-1f-1_P92_Y-1_U171,I92_F57_m-1f-1_P92_Y-1_U22,FXX,3,0.0,1,0,1.0,0,0,0,-9999.0,1.0,1,P91_CV0,2,2,0,2,0,0,2,0,2
52,-565638.3341,-464090.3415,E52_F46_m50f50_P57_Y4_UO2403,I50_F99_m-1f-1_P94_Y-1_U125,I50_F99_m92f92_P99_Y0_UO4649,MXY,3,0.0,1,0,0.0,0,0,0,-9999.0,0.25,1,P91_CV0,2,0,2,1,1,0,2,0,2
52,-565638.3341,-464090.3415,E52_F46_m92f92_P6_Y3_UO4309,ID92_F99_m-1f-1_P92_Y-1_U237,I92_F6_m-1f-1_P92_Y-1_U156,FXX,4,0.0,1,0,1.0,0,0,0,-9999.0,1.0,1,P91_CV0,2,2,0,2,0,0,2,0,2
52,-565638.3341,-464090.3415,E52_F90_m92f92_P57_Y3_UO4316,I92_F27_m-1f-1_P92_Y-1_U105,I92_F57_m-1f-1_P92_Y-1_U29,FXX,4,0.0,1,0,1.0,0,0,0,-9999.0,0.75,1,P91_CV0,2,1,1,2,0,0,2,0,2
52,-565638.3341,-464090.3415,E52_F12_m92f92_P57_Y2_UO4330,ID92_F6_m-1f-1_P92_Y-1_U107,I92_F6_m92f92_P6_Y0_UO4608,MXY,5,0.0,1,0,0.0,0,0,0,-9999.0,0.25,1,P91_CV0,2,1,1,0,2,0,2,0,2
52,-565638.3341,-464090.3415,E52_F90_m92f92_P6_Y1_UO4158,I92_F6_m-1f-1_P92_Y-1_U152,ID92_F6_m-1f-1_P42_Y-1_U154,MXY,6,0.0,1,0,0.0,0,0,0,-9999.0,0.0,1,P91_CV0,2,0,2,1,1,0,2,0,2
52,-565638.3341,-464090.3415,E52_F12_m90f90_P52_Y5_UO4201,I90_F52_m40f40_P57_Y3_UO1930,I90_F57_m90f90_P86_Y3_UO4206,MXY,2,0.0,1,0,0.0,0,0,0,-9999.0,0.125,1,P93_CV0,2,1,1,2,0,0,2,0,2
52,-565638.3341,-464090.3415,E52_F90_m40f40_P6_Y3_UO1923,ID40_F99_m-1f-1_P50_Y-1_U130,I40_F57_m40f40_P6_Y1_UO1755,MXY,4,0.0,1,0,0.0,0,0,0,-9999.0,0.25,1,P93_CV0,2,0,2,2,0,0,2,0,2
52,-565638.3341,-464090.3415,Age0_F52_m12f12_P52_Y7_UO722,ID12_F52_m87f87_P51_Y4_UO4022,I12_F52_m12f12_P52_Y5_UO731,MXY,0,0.0,0,0,0.0,0,0,0,0.0,0.59375,1,P99_CV0,2,2,0,0,2,0,2,0,2
52,-565638.3341,-464090.3415,E52_F12_m87f87_P51_Y4_UO4022,I87_F93_m60f60_P19_Y2_UO2810,I87_F24_m87f87_P24_Y1_UO3833,FXX,3,0.0,1,0,1.0,0,0,0,-9999.0,0.5,1,P99_CV0,2,2,0,0,2,0,2,0,2
54,-960143.922,49879.10697,Age0_F54_m34f34_P54_Y7_UO1557,I34_F61_m7f7_P29_Y5_UO490,I34_F66_m34f34_P54_Y3_UO1577,MXY,0,0.0,0,0,0.0,0,0,0,0.0,0.375,1,P29_CV0,2,2,0,2,0,0,2,0,2
54,-960143.922,49879.10697,Age0_F54_m78f78_P54_Y7_UO3482,I78_F29_m78f78_P29_Y5_UO3469,I78_F54_m30f30_P93_Y5_UO1395,FXX,0,0.0,0,0,0.0,0,0,0,0.0,0.59375,1,P29_CV0,2,2,0,2,0,0,2,0,2
54,-960143.922,49879.10697,Age0_F54_m78f78_P54_Y7_UO3524,I78_F24_m7f7_P13_Y1_UO404,ID78_F38_m30f30_P13_Y0_UO1504,FXX,0,0.0,0,0,0.0,0,0,0,0.0,0.5,1,P29_CV0,2,1,1,1,1,0,2,0,2
54,-960143.922,49879.10697,E54_F78_m37f37_P38_Y6_UO1785,I37_F29_m88f88_P74_Y1_UO3942,I37_F13_m37f37_P74_Y3_UO1685,FXX,1,0.0,1,1,1.0,0,0,0,-9999.0,0.1875,1,P29_CV0,2,1,1,1,1,0,2,0,2
54,-960143.922,49879.10697,E54_F34_m7f7_P29_Y5_UO490,I7_F74_m37f37_P13_Y1_UO1599,I7_F74_m30f30_P38_Y0_UO1428,FXX,2,0.0,1,0,1.0,0,0,0,-9999.0,0.375,1,P29_CV0,2,1,1,1,1,0,2,0,2
54,-960143.922,49879.10697,E54_F78_m78f78_P29_Y5_UO3469,ID78_F54_m37f37_P29_Y3_UO1677,ID78_F52_m-1f-1_P90_Y-1_U66,FXX,2,0.0,1,0,1.0,0,0,1,-9999.0,0.4375,1,P29_CV0,2,1,1,2,0,0,2,0,2
54,-960143.922,49879.10697,E54_F78_m37f37_P13_Y5_UO1756,I37_F13_m30f30_P38_Y0_UO1472,I37_F38_m78f78_P13_Y3_UO3518,MXY,2,0.0,1,0,0.0,0,0,0,-9999.0,0.5,1,P29_CV0,2,1,1,2,0,0,2,0,2
54,-960143.922,49879.10697,Age0_F54_m34f34_P54_Y7_UO1549,I34_F61_m88f88_P54_Y5_UO4133,ID34_F32_m-1f-1_P34_Y-1_U224,MXY,0,0.0,0,0,0.0,0,0,0,0.0,0.3125,1,P33_CV0,2,1,1,1,1,0,2,0,2
54,-960143.922,49879.10697,Age0_F54_m34f34_P54_Y7_UO1553,I34_F61_m34f34_P32_Y5_UO1623,I34_F54_m34f34_P32_Y5_UO1575,FXX,0,0.0,0,0,0.0,0,0,0,0.0,0.53125,1,P33_CV0,2,2,0,1,1,0,2,0,2
54,-960143.922,49879.10697,Age0_F54_m34f34_P54_Y7_UO1554,I34_F54_m34f34_P32_Y5_UO1590,I34_F32_m78f78_P54_Y3_UO3490,FXX,0,0.0,0,0,0.0,0,0,0,0.0,0.375,1,P33_CV0,2,1,1,1,1,0,2,0,2
54,-960143.922,49879.10697,Age0_F54_m34f34_P54_Y7_UO1558,I34_F54_m88f88_P54_Y5_UO4136,I34_F61_m-1f-1_P34_Y-1_U180,MXY,0,0.0,0,0,0.0,0,0,0,0.0,0.6875,1,P33_CV0,2,1,1,0,2,0,2,0,2
54,-960143.922,49879.10697,Age0_F54_m34f34_P54_Y7_UO1565,I34_F54_m34f34_P61_Y5_UO1635,I34_F54_m34f34_P32_Y2_UO1570,FXX,0,0.0,0,0,0.0,0,0,0,0.0,0.8125,1,P33_CV0,2,1,1,2,0,0,2,0,2
54,-960143.922,49879.10697,Age0_F54_m34f34_P54_Y7_UO1568,ID34_F32_m34f34_P54_Y5_UO1668,I34_F32_m34f34_P61_Y4_UO1619,MXY,0,0.0,0,0,0.0,0,0,0,0.0,0.6875,1,P33_CV0,2,2,0,2,0,0,2,0,2
54,-960143.922,49879.10697,Age0_F54_m34f34_P54_Y7_UO1569,I34_F54_m34f34_P54_Y5_UO1629,I34_F32_m34f34_P54_Y3_UO1660,FXX,0,0.0,0,0,0.0,0,0,0,0.0,0.5625,1,P33_CV0,2,2,0,1,1,0,2,0,2
54,-960143.922,49879.10697,Age0_F54_m34f34_P54_Y7_UO1572,I34_F66_m34f34_P54_Y5_UO1655,I34_F32_m34f34_P32_Y4_UO1573,FXX,0,0.0,0,0,0.0,0,0,0,0.0,0.3125,1,P33_CV0,2,1,1,1,1,0,2,0,2
54,-960143.922,49879.10697,Age0_F54_m34f34_P54_Y7_UO1574,I34_F54_m34f34_P61_Y5_UO1617,I34_F54_m34f34_P66_Y5_UO1628,FXX,0,0.0,0,0,0.0,0,0,0,0.0,0.0625,1,P33_CV0,2,1,1,1,1,0,2,0,2
54,-960143.922,49879.10697,Age0_F54_m34f34_P54_Y7_UO1576,ID34_F61_m34f34_P61_Y5_UO1645,ID34_F54_m34f34_P32_Y4_UO1553,MXY,0,0.0,0,0,0.0,0,0,0,0.0,0.5,1,P33_CV0,2,1,1,1,1,0,2,0,2
54,-960143.922,49879.10697,Age0_F54_m34f34_P54_Y7_UO1577,I34_F32_m78f78_P54_Y5_UO3538,I34_F54_m34f34_P32_Y5_UO1579,FXX,0,0.0,0,0,0.0,0,0,0,0.0,0.375,1,P33_CV0,2,0,2,0,2,0,2,0,2
54,-960143.922,49879.10697,Age0_F54_m34f34_P54_Y7_UO1580,I34_F66_m34f34_P32_Y5_UO1618,I34_F54_m88f88_P54_Y3_UO4078,FXX,0,0.0,0,0,0.0,0,0,0,0.0,0.5,1,P33_CV0,2,0,2,1,1,0,2,0,2
54,-960143.922,49879.10697,Age0_F54_m34f34_P54_Y7_UO1581,ID34_F54_m34f34_P54_Y5_UO1558,I34_F32_m34f34_P32_Y4_UO1607,MXY,0,0.0,0,0,0.0,0,0,0,0.0,0.4375,1,P33_CV0,2,0,2,1,1,0,2,0,2
54,-960143.922,49879.10697,Age0_F54_m34f34_P54_Y7_UO1584,I34_F32_m34f34_P61_Y4_UO1592,I34_F54_m53f53_P26_Y3_UO2449,MXY,0,0.0,0,0,0.0,0,0,0,0.0,0.625,1,P33_CV0,2,2,0,2,0,0,2,0,2
54,-960143.922,49879.10697,Age0_F54_m34f34_P54_Y7_UO1586,I34_F61_m34f34_P66_Y4_UO1659,I34_F66_m34f34_P54_Y5_UO1634,MXY,0,0.0,0,0,0.0,0,0,0,0.0,0.5,1,P33_CV0,2,1,1,1,1,0,2,0,2
54,-960143.922,49879.10697,Age0_F54_m34f34_P54_Y7_UO1591,ID34_F54_m34f34_P54_Y4_UO1559,I34_F61_m88f88_P29_Y5_UO4127,MXY,0,0.0,0,0,0.0,0,0,0,0.0,0.4375,1,P33_CV0,2,0,2,2,0,0,2,0,2
54,-960143.922,49879.10697,Age0_F54_m34f34_P54_Y7_UO1595,I34_F61_m34f34_P32_Y4_UO1605,ID34_F32_m-1f-1_P34_Y-1_U224,MXY,0,0.0,0,0,0.0,0,0,0,0.0,0.5625,1,P33_CV0,2,2,0,1,1,0,2,0,2
54,-960143.922,49879.10697,Age0_F54_m34f34_P54_Y7_UO1596,I34_F32_m34f34_P54_Y4_UO1625,ID34_F54_m34f34_P54_Y3_UO1611,MXY,0,0.0,0,0,0.0,0,0,0,0.0,0.6875,1,P33_CV0,2,0,2,1,1,0,2,0,2
54,-960143.922,49879.10697,Age0_F54_m34f34_P54_Y7_UO1603,I34_F32_m34f34_P32_Y4_UO1656,I34_F54_m34f34_P32_Y2_UO1570,FXX,0,0.0,0,0,0.0,0,0,0,0.0,0.65625,1,P33_CV0,2,1,1,1,1,0,2,0,2
54,-960143.922,49879.10697,Age0_F54_m34f34_P54_Y7_UO1606,ID34_F66_m34f34_P66_Y4_UO1560,I34_F61_m-1f-1_P34_Y-1_U126,FXX,0,0.0,0,0,0.0,0,0,0,0.0,0.3125,1,P33_CV0,2,0,2,1,1,0,2,0,2
54,-960143.922,49879.10697,Age0_F54_m34f34_P54_Y7_UO1608,ID34_F32_m34f34_P66_Y4_UO1603,I34_F32_m-1f-1_P34_Y-1_U90,MXY,0,0.0,0,0,0.0,0,0,0,0.0,0.6875,1,P33_CV0,2,2,0,1,1,0,2,0,2
54,-960143.922,49879.10697,Age0_F54_m34f34_P54_Y7_UO1610,I34_F54_m34f34_P61_Y4_UO1601,I34_F29_m53f53_P66_Y1_UO2370,MXY,0,0.0,0,0,0.0,0,0,0,0.0,0.3125,1,P33_CV0,2,2,0,1,1,0,2,0,2
54,-960143.922,49879.10697,Age0_F54_m34f34_P54_Y7_UO1614,ID34_F32_m34f34_P61_Y3_UO1608,I34_F61_m34f34_P66_Y4_UO1602,MXY,0,0.0,0,0,0.0,0,0,0,0.0,0.5625,1,P33_CV0,2,1,1,2,0,0,2,0,2
54,-960143.922,49879.10697,Age0_F54_m34f34_P54_Y7_UO1616,I34_F61_m34f34_P54_Y3_UO1596,I34_F61_m-1f-1_P34_Y-1_U126,FXX,0,0.0,0,0,0.0,0,0,0,0.0,0.4375,1,P33_CV0,2,0,2,2,0,0,2,0,2
54,-960143.922,49879.10697,Age0_F54_m34f34_P54_Y7_UO1617,I34_F66_m34f34_P66_Y3_UO1619,ID34_F66_m34f34_P54_Y4_UO1554,FXX,0,0.0,0,0,0.0,0,0,0,0.0,0.53125,1,P33_CV0,2,2,0,1,1,0,2,0,2
54,-960143.922,49879.10697,Age0_F54_m34f34_P54_Y7_UO1626,ID34_F61_m34f34_P54_Y3_UO1593,I34_F61_m34f34_P32_Y3_UO1620,FXX,0,0.0,0,0,0.0,0,0,0,0.0,0.8125,1,P33_CV0,2,2,0,2,0,0,2,0,2
54,-960143.922,49879.10697,Age0_F54_m34f34_P54_Y7_UO1627,I34_F66_m34f34_P32_Y3_UO1578,ID34_F54_m34f34_P54_Y4_UO1621,FXX,0,0.0,0,0,0.0,0,0,0,0.0,0.5625,1,P33_CV0,2,1,1,0,2,0,2,0,2
54,-960143.922,49879.10697,Age0_F54_m34f34_P54_Y7_UO1629,I34_F61_m78f78_P54_Y3_UO3508,I34_F54_m-1f-1_P34_Y-1_U190,MXY,0,0.0,0,0,0.0,0,0,0,0.0,0.1875,1,P33_CV0,2,1,1,2,0,0,2,0,2
54,-960143.922,49879.10697,Age0_F54_m34f34_P54_Y7_UO1633,ID34_F54_m34f34_P66_Y2_UO1618,ID34_F32_m34f34_P54_Y4_UO1579,FXX,0,0.0,0,0,0.0,0,0,0,0.0,0.6875,1,P33_CV0,2,2,0,1,1,0,2,0,2
54,-960143.922,49879.10697,Age0_F54_m34f34_P54_Y7_UO1634,ID34_F61_m88f88_P54_Y2_UO4138,I34_F66_m34f34_P54_Y3_UO1577,MXY,0,0.0,0,0,0.0,0,0,0,0.0,0.4375,1,P33_CV0,2,2,0,2,0,0,2,0,2
54,-960143.922,49879.10697,Age0_F54_m34f34_P54_Y7_UO1636,I34_F54_m88f88_P54_Y2_UO4142,I34_F32_m34f34_P54_Y2_UO1611,FXX,0,0.0,0,0,0.0,0,0,0,0.0,0.5,1,P33_CV0,2,1,1,1,1,0,2,0,2
54,-960143.922,49879.10697,Age0_F54_m34f34_P54_Y7_UO1641,I34_F66_m88f88_P54_Y2_UO4093,I34_F54_m-1f-1_P34_Y-1_U190,FXX,0,0.0,0,0,0.0,0,0,0,0.0,0.25,1,P33_CV0,2,1,1,2,0,0,2,0,2
54,-960143.922,49879.10697,Age0_F54_m34f34_P54_Y7_UO1642,I34_F54_m34f34_P54_Y2_UO1614,ID34_F66_m34f34_P54_Y4_UO1554,FXX,0,0.0,0,0,0.0,0,0,0,0.0,0.46875,1,P33_CV0,2,1,1,0,2,0,2,0,2
54,-960143.922,49879.10697,Age0_F54_m34f34_P54_Y7_UO1648,ID34_F61_m34f34_P32_Y1_UO1511,I34_F54_m34f34_P61_Y5_UO1638,MXY,0,0.0,0,0,0.0,0,0,0,0.0,0.1875,1,P33_CV0,2,1,1,1,1,0,2,0,2
54,-960143.922,49879.10697,Age0_F54_m34f34_P54_Y7_UO1650,I34_F54_m34f34_P61_Y1_UO1464,I34_F32_m53f53_P66_Y5_UO2500,FXX,0,0.0,0,0,0.0,0,0,0,0.0,0.125,1,P33_CV0,2,1,1,1,1,0,2,0,2
54,-960143.922,49879.10697,Age0_F54_m34f34_P54_Y7_UO1651,I34_F32_m34f34_P54_Y1_UO1513,I34_F32_m88f88_P29_Y4_UO4116,MXY,0,0.0,0,0,0.0,0,0,0,0.0,0.375,1,P33_CV0,2,0,2,1,1,0,2,0,2
54,-960143.922,49879.10697,Age0_F54_m34f34_P54_Y7_UO1652,I34_F32_m34f34_P54_Y0_UO1641,I34_F66_m34f34_P54_Y3_UO1577,FXX,0,0.0,0,0,0.0,0,0,0,0.0,0.4375,1,P33_CV0,2,2,0,1,1,0,2,0,2
54,-960143.922,49879.10697,Age0_F54_m34f34_P54_Y7_UO1659,I34_F61_m78f78_P54_Y0_UO3741,I34_F61_m-1f-1_P34_Y-1_U146,FXX,0,0.0,0,0,0.0,0,0,0,0.0,0.375,1,P33_CV0,2,1,1,2,0,0,2,0,2
54,-960143.922,49879.10697,Age0_F54_m34f34_P54_Y7_UO1660,I34_F32_m34f34_P54_Y0_UO1652,I34_F54_m34f34_P32_Y4_UO1654,FXX,0,0.0,0,0,0.0,0,0,0,0.0,0.5,1,P33_CV0,2,2,0,0,2,0,2,0,2
54,-960143.922,49879.10697,Age0_F54_m34f34_P54_Y7_UO1661,I34_F61_m34f34_P32_Y0_UO1726,I34_F61_m-1f-1_P34_Y-1_U146,MXY,0,0.0,0,0,0.0,0,0,0,0.0,0.75,1,P33_CV0,2,2,0,1,1,0,2,0,2
54,-960143.922,49879.10697,Age0_F54_m34f34_P54_Y7_UO1663,ID34_F66_m-1f-1_P34_Y-1_U86,I34_F61_m-1f-1_P34_Y-1_U146,MXY,0,0.0,0,0,0.0,0,0,0,0.0,0.25,1,P33_CV0,2,1,1,1,1,0,2,0,2
54,-960143.922,49879.10697,Age0_F54_m34f34_P54_Y7_UO1667,ID34_F54_m-1f-1_P34_Y-1_U191,I34_F32_m34f34_P32_Y4_UO1607,FXX,0,0.0,0,0,0.0,0,0,0,0.0,0.4375,1,P33_CV0,2,1,1,1,1,0,2,0,2
54,-960143.922,49879.10697,Age0_F54_m88f88_P54_Y7_UO4156,ID88_F54_m34f34_P61_Y5_UO1671,I88_F54_m78f78_P29_Y4_UO3477,FXX,0,0.0,0,0,0.0,0,0,0,0.0,1.0,1,P33_CV0,2,2,0,1,1,0,2,0,2
54,-960143.922,49879.10697,Age0_F54_m88f88_P54_Y7_UO4176,I88_F29_m-1f-1_P88_Y-1_U201,ID88_F54_m34f34_P61_Y2_UO1604,FXX,0,0.0,0,0,0.0,0,0,0,0.0,0.25,1,P33_CV0,2,1,1,0,2,0,2,0,2
54,-960143.922,49879.10697,E54_F34_m34f34_P32_Y6_UO1566,I34_F54_m78f78_P54_Y4_UO3496,I34_F54_m-1f-1_P34_Y-1_U30,MXY,1,0.0,1,1,0.0,0,0,0,-9999.0,0.125,1,P33_CV0,2,0,2,1,1,0,2,0,2
54,-960143.922,49879.10697,E54_F34_m34f34_P32_Y6_UO1572,I34_F61_m34f34_P66_Y4_UO1603,I34_F54_m-1f-1_P88_Y-1_U229,FXX,1,0.0,1,1,1.0,0,0,0,-9999.0,0.4375,1,P33_CV0,2,0,2,0,2,0,2,0,2
54,-960143.922,49879.10697,E54_F34_m34f34_P32_Y6_UO1615,ID34_F32_m34f34_P66_Y3_UO1637,I34_F32_m34f34_P66_Y2_UO1625,FXX,1,0.0,1,1,1.0,0,0,0,-9999.0,0.5,1,P33_CV0,2,1,1,1,1,0,2,0,2
54,-960143.922,49879.10697,E54_F34_m34f34_P32_Y6_UO1617,ID34_F32_m34f34_P54_Y3_UO1562,I34_F61_m34f34_P54_Y2_UO1611,FXX,1,0.0,1,1,1.0,0,0,0,-9999.0,0.4375,1,P33_CV0,2,1,1,2,0,0,2,0,2
54,-960143.922,49879.10697,E54_F34_m34f34_P32_Y6_UO1623,I34_F54_m34f34_P32_Y3_UO1615,I34_F54_m-1f-1_P34_Y-1_U180,FXX,1,0.0,1,1,1.0,0,0,0,-9999.0,0.875,1,P33_CV0,2,1,1,1,1,0,2,0,2
54,-960143.922,49879.10697,E54_F34_m34f34_P32_Y6_UO1649,I34_F32_m34f34_P54_Y2_UO1588,I34_F54_m88f88_P54_Y1_UO3910,FXX,1,0.0,1,1,1.0,0,0,0,-9999.0,0.5,1,P33_CV0,2,1,1,2,0,0,2,0,2
54,-960143.922,49879.10697,E54_F34_m34f34_P32_Y6_UO1655,I34_F32_m34f34_P32_Y1_UO1489,I34_F66_m34f34_P54_Y2_UO1644,FXX,1,0.0,1,1,1.0,0,0,0,-9999.0,0.5,1,P33_CV0,2,1,1,2,0,0,2,0,2
54,-960143.922,49879.10697,E54_F34_m34f34_P32_Y6_UO1680,ID34_F32_m-1f-1_P34_Y-1_U216,I34_F66_m34f34_P61_Y1_UO1467,FXX,1,0.0,1,1,1.0,0,0,0,-9999.0,0.625,1,P33_CV0,2,0,2,1,1,0,2,0,2
54,-960143.922,49879.10697,E54_F34_m34f34_P54_Y6_UO1573,I34_F54_m34f34_P54_Y4_UO1580,I34_F54_m34f34_P32_Y3_UO1656,FXX,1,0.0,1,1,1.0,0,0,0,-9999.0,0.5,1,P33_CV0,2,2,0,0,2,0,2,0,2
54,-960143.922,49879.10697,E54_F34_m34f34_P54_Y6_UO1574,ID34_F54_m34f34_P54_Y4_UO1639,I34_F66_m34f34_P61_Y1_UO1467,MXY,1,0.0,1,1,0.0,0,0,0,-9999.0,0.625,1,P33_CV0,2,1,1,1,1,0,2,0,2
54,-960143.922,49879.10697,E54_F34_m34f34_P54_Y6_UO1578,I34_F32_m34f34_P54_Y4_UO1630,I34_F54_m-1f-1_P34_Y-1_U180,MXY,1,0.0,1,1,0.0,0,0,0,-9999.0,0.71875,1,P33_CV0,2,2,0,1,1,0,2,0,2
54,-960143.922,49879.10697,E54_F34_m34f34_P54_Y6_UO1588,I34_F66_m34f34_P54_Y4_UO1559,I34_F54_m34f34_P32_Y3_UO1656,FXX,1,0.0,1,1,1.0,0,0,0,-9999.0,0.5,1,P33_CV0,2,1,1,1,1,0,2,0,2
54,-960143.922,49879.10697,E54_F34_m34f34_P54_Y6_UO1593,I34_F54_m34f34_P66_Y4_UO1600,ID34_F66_m78f78_P32_Y2_UO3469,MXY,1,0.0,1,1,0.0,0,0,0,-9999.0,0.4375,1,P33_CV0,2,0,2,1,1,0,2,0,2
54,-960143.922,49879.10697,E54_F34_m34f34_P54_Y6_UO1612,I34_F54_m34f34_P54_Y3_UO1567,I34_F54_m34f34_P54_Y3_UO1577,MXY,1,0.0,1,1,0.0,0,0,0,-9999.0,0.5,1,P33_CV0,2,2,0,1,1,0,2,0,2
54,-960143.922,49879.10697,E54_F34_m34f34_P54_Y6_UO1648,I34_F54_m34f34_P66_Y2_UO1618,I34_F54_m34f34_P54_Y4_UO1563,FXX,1,0.0,1,1,1.0,0,0,0,-9999.0,0.625,1,P33_CV0,2,1,1,2,0,0,2,0,2
54,-960143.922,49879.10697,E54_F34_m34f34_P54_Y6_UO1653,I34_F54_m34f34_P32_Y1_UO1510,I34_F32_m34f34_P32_Y4_UO1553,FXX,1,0.0,1,1,1.0,0,0,0,-9999.0,0.5625,1,P33_CV0,2,2,0,1,1,0,2,0,2
54,-960143.922,49879.10697,E54_F34_m34f34_P54_Y6_UO1661,I34_F54_m34f34_P61_Y1_UO1464,I34_F32_m-1f-1_P34_Y-1_U109,MXY,1,0.0,1,1,0.0,0,0,0,-9999.0,0.125,1,P33_CV0,2,0,2,2,0,0,2,0,2
54,-960143.922,49879.10697,E54_F34_m34f34_P54_Y6_UO1672,I34_F54_m34f34_P54_Y0_UO1684,I34_F54_m34f34_P54_Y3_UO1577,MXY,1,0.0,1,1,0.0,0,0,0,-9999.0,0.6875,1,P33_CV0,2,2,0,2,0,0,2,0,2
54,-960143.922,49879.10697,E54_F34_m34f34_P54_Y6_UO1674,I34_F32_m34f34_P61_Y0_UO1721,ID34_F61_m34f34_P54_Y3_UO1660,FXX,1,0.0,1,1,1.0,0,0,0,-9999.0,0.375,1,P33_CV0,2,0,2,2,0,0,2,0,2
54,-960143.922,49879.10697,E54_F34_m34f34_P54_Y6_UO1676,I34_F61_m34f34_P66_Y0_UO1646,ID34_F54_m-1f-1_P34_Y-1_U146,MXY,1,0.0,1,1,0.0,0,0,0,-9999.0,0.75,1,P33_CV0,2,1,1,2,0,0,2,0,2
54,-960143.922,49879.10697,E54_F34_m34f34_P61_Y6_UO1609,I34_F66_m78f78_P54_Y3_UO3508,I34_F54_m34f34_P32_Y4_UO1631,FXX,1,0.0,1,1,1.0,0,0,0,-9999.0,0.4375,1,P33_CV0,2,1,1,1,1,0,2,0,2
54,-960143.922,49879.10697,E54_F34_m34f34_P61_Y6_UO1621,I34_F54_m88f88_P54_Y3_UO4112,I34_F66_m34f34_P54_Y4_UO1586,MXY,1,0.0,1,1,0.0,0,0,0,-9999.0,0.4375,1,P33_CV0,2,0,2,1,1,0,2,0,2
54,-960143.922,49879.10697,E54_F34_m34f34_P61_Y6_UO1677,I34_F61_m34f34_P32_Y0_UO1726,ID34_F54_m34f34_P54_Y3_UO1614,FXX,1,0.0,1,1,1.0,0,0,0,-9999.0,0.75,1,P33_CV0,2,1,1,2,0,0,2,0,2
54,-960143.922,49879.10697,E54_F34_m34f34_P61_Y6_UO1681,I34_F61_m-1f-1_P34_Y-1_U240,I34_F32_m34f34_P32_Y4_UO1654,FXX,1,0.0,1,1,1.0,0,0,0,-9999.0,0.25,1,P33_CV0,2,1,1,1,1,0,2,0,2
54,-960143.922,49879.10697,E54_F34_m34f34_P66_Y6_UO1583,ID34_F54_m34f34_P54_Y4_UO1596,I34_F66_m34f34_P54_Y2_UO1624,MXY,1,0.0,1,1,0.0,0,0,0,-9999.0,0.4375,1,P33_CV0,2,2,0,2,0,0,2,0,2
54,-960143.922,49879.10697,E54_F34_m34f34_P66_Y6_UO1600,I34_F54_m34f34_P54_Y4_UO1629,ID34_F54_m34f34_P61_Y1_UO1490,MXY,1,0.0,1,1,0.0,0,0,0,-9999.0,0.1875,1,P33_CV0,2,0,2,1,1,0,2,0,2
54,-960143.922,49879.10697,E54_F34_m34f34_P66_Y6_UO1627,I34_F66_m34f34_P32_Y3_UO1578,I34_F66_m-1f-1_P34_Y-1_U165,FXX,1,0.0,1,1,1.0,0,0,0,-9999.0,0.1875,1,P33_CV0,2,0,2,1,1,0,2,0,2
54,-960143.922,49879.10697,E54_F34_m34f34_P66_Y6_UO1629,I34_F54_m34f34_P54_Y3_UO1653,I34_F54_m34f34_P32_Y4_UO1575,MXY,1,0.0,1,1,0.0,0,0,0,-9999.0,0.4375,1,P33_CV0,2,1,1,0,2,0,2,0,2
54,-960143.922,49879.10697,E54_F34_m34f34_P66_Y6_UO1679,I34_F54_m-1f-1_P34_Y-1_U86,I34_F32_m34f34_P66_Y3_UO1623,MXY,1,0.0,1,1,0.0,0,0,0,-9999.0,0.25,1,P33_CV0,2,0,2,1,1,0,2,0,2
54,-960143.922,49879.10697,E54_F34_m88f88_P54_Y5_UO4133,I88_F54_m34f34_P66_Y0_UO1697,ID88_F74_m88f88_P29_Y1_UO3988,FXX,2,0.0,1,0,1.0,0,0,0,-9999.0,0.125,1,P33_CV0,2,0,2,2,0,0,2,0,2
54,-960143.922,49879.10697,E54_F34_m34f34_P54_Y5_UO1566,I34_F54_m88f88_P54_Y3_UO4085,ID34_F26_m34f34_P54_Y1_UO1522,MXY,2,0.0,1,0,0.0,0,0,0,-9999.0,0.5,1,P33_CV0,2,2,0,1,1,0,2,0,2
54,-960143.922,49879.10697,E54_F34_m34f34_P54_Y5_UO1653,I34_F54_m-1f-1_P34_Y-1_U167,ID34_F32_m34f34_P32_Y0_UO1710,FXX,2,0.0,1,0,1.0,0,0,0,-9999.0,0.5,1,P33_CV0,2,2,0,1,1,0,2,0,2
54,-960143.922,49879.10697,E54_F34_m34f34_P54_Y5_UO1561,I34_F54_m53f53_P26_Y3_UO2480,I34_F61_m34f34_P66_Y1_UO1494,FXX,2,0.0,1,0,1.0,0,0,0,-9999.0,0.5,1,P33_CV0,2,1,1,2,0,0,2,0,2
54,-960143.922,49879.10697,E54_F34_m34f34_P32_Y5_UO1626,ID34_F61_m34f34_P54_Y1_UO1513,I34_F32_m-1f-1_P34_Y-1_U5,MXY,2,0.0,1,0,0.0,0,0,0,-9999.0,0.75,1,P33_CV0,2,1,1,1,1,0,2,0,2
54,-960143.922,49879.10697,E54_F34_m34f34_P54_Y5_UO1621,I34_F61_m34f34_P61_Y1_UO1464,ID34_F54_m-1f-1_P34_Y-1_U247,MXY,2,0.0,1,0,0.0,0,0,0,-9999.0,0.375,1,P33_CV0,2,2,0,1,1,0,2,0,2
54,-960143.922,49879.10697,E54_F34_m34f34_P61_Y5_UO1669,I34_F32_m-1f-1_P34_Y-1_U36,I34_F54_m-1f-1_P34_Y-1_U177,MXY,2,0.0,1,0,0.0,0,0,0,-9999.0,0.5,1,P33_CV0,2,2,0,1,1,0,2,0,2
54,-960143.922,49879.10697,E54_F34_m34f34_P54_Y5_UO1665,I34_F32_m-1f-1_P34_Y-1_U135,I34_F54_m88f88_P54_Y3_UO4110,FXX,2,0.0,1,0,1.0,0,0,0,-9999.0,0.25,1,P33_CV0,2,1,1,1,1,0,2,0,2
54,-960143.922,49879.10697,E54_F34_m34f34_P54_Y5_UO1668,I34_F54_m-1f-1_P34_Y-1_U12,I34_F54_m-1f-1_P34_Y-1_U177,FXX,2,0.0,1,0,1.0,0,0,0,-9999.0,0.75,1,P33_CV0,2,2,0,1,1,0,2,0,2
54,-960143.922,49879.10697,E54_F34_m34f34_P54_Y5_UO1629,I34_F66_m53f53_P26_Y1_UO2365,ID34_F26_m34f34_P54_Y1_UO1522,FXX,2,0.0,1,0,1.0,0,0,0,-9999.0,0.625,1,P33_CV0,2,1,1,1,1,0,2,0,2
54,-960143.922,49879.10697,E54_F34_m34f34_P54_Y5_UO1655,I34_F54_m-1f-1_P34_Y-1_U86,I34_F32_m88f88_P54_Y2_UO4129,FXX,2,0.0,1,0,1.0,0,0,0,-9999.0,0.125,1,P33_CV0,2,0,2,0,2,0,2,0,2
54,-960143.922,49879.10697,E54_F34_m34f34_P61_Y5_UO1617,I34_F66_m34f34_P54_Y2_UO1600,ID34_F32_m-1f-1_P34_Y-1_U109,FXX,2,0.0,1,0,1.0,0,0,0,-9999.0,0.125,1,P33_CV0,2,1,1,1,1,0,2,0,2
54,-960143.922,49879.10697,E54_F34_m34f34_P61_Y5_UO1645,I34_F54_m34f34_P61_Y0_UO1664,I34_F66_m34f34_P66_Y3_UO1623,FXX,2,0.0,1,0,1.0,0,0,0,-9999.0,0.375,1,P33_CV0,2,0,2,1,1,0,2,0,2
54,-960143.922,49879.10697,E54_F34_m34f34_P54_Y5_UO1630,I34_F54_m34f34_P61_Y1_UO1514,I34_F54_m-1f-1_P34_Y-1_U126,MXY,2,0.0,1,0,0.0,0,0,0,-9999.0,0.375,1,P33_CV0,2,2,0,1,1,0,2,0,2
54,-960143.922,49879.10697,E54_F34_m34f34_P32_Y5_UO1618,I34_F54_m53f53_P26_Y2_UO2494,I34_F61_m34f34_P54_Y1_UO1471,FXX,2,0.0,1,0,1.0,0,0,0,-9999.0,0.625,1,P33_CV0,2,1,1,1,1,0,2,0,2
54,-960143.922,49879.10697,E54_F34_m34f34_P54_Y5_UO1634,I34_F61_m78f78_P54_Y0_UO3730,ID34_F26_m-1f-1_P34_Y-1_U90,MXY,2,0.0,1,0,0.0,0,0,0,-9999.0,0.625,1,P33_CV0,2,1,1,2,0,0,2,0,2
54,-960143.922,49879.10697,E54_F34_m34f34_P54_Y5_UO1652,I34_F32_m88f88_P54_Y0_UO4438,I34_F54_m34f34_P54_Y3_UO1558,MXY,2,0.0,1,0,0.0,0,0,0,-9999.0,0.625,1,P33_CV0,2,1,1,1,1,0,2,0,2
54,-960143.922,49879.10697,E54_F34_m34f34_P54_Y5_UO1558,ID34_F32_m78f78_P54_Y3_UO3475,I34_F61_m34f34_P54_Y3_UO1579,FXX,2,0.0,1,0,1.0,0,0,0,-9999.0,0.5,1,P33_CV0,2,1,1,0,2,0,2,0,2
54,-960143.922,49879.10697,E54_F34_m34f34_P32_Y5_UO1600,I34_F61_m34f34_P54_Y2_UO1626,I34_F61_m-1f-1_P34_Y-1_U149,MXY,2,0.0,1,0,0.0,0,0,0,-9999.0,1.0,1,P33_CV0,2,2,0,1,1,0,2,0,2
54,-960143.922,49879.10697,E54_F88_m34f34_P61_Y5_UO1671,I34_F54_m-1f-1_P34_Y-1_U245,ID34_F61_m-1f-1_P34_Y-1_U227,FXX,2,0.0,1,0,1.0,0,0,0,-9999.0,1.0,1,P33_CV0,2,2,0,1,1,0,2,0,2
54,-960143.922,49879.10697,E54_F34_m34f34_P32_Y4_UO1607,I34_F54_m34f34_P54_Y0_UO1667,I34_F66_m-1f-1_P34_Y-1_U88,MXY,3,0.0,1,0,0.0,0,0,0,-9999.0,0.375,1,P33_CV0,2,0,2,1,1,0,2,0,2
54,-960143.922,49879.10697,E54_F34_m34f34_P61_Y4_UO1592,I34_F54_m34f34_P54_Y1_UO1513,I34_F32_m34f34_P32_Y2_UO1570,FXX,3,0.0,1,0,1.0,0,0,0,-9999.0,0.625,1,P33_CV0,2,2,0,1,1,0,2,0,2
54,-960143.922,49879.10697,E54_F34_m34f34_P54_Y4_UO1621,I34_F54_m34f34_P32_Y0_UO1726,I34_F54_m-1f-1_P34_Y-1_U177,MXY,3,0.0,1,0,0.0,0,0,0,-9999.0,0.75,1,P33_CV0,2,1,1,1,1,0,2,0,2
54,-960143.922,49879.10697,E54_F34_m34f34_P66_Y4_UO1659,I34_F66_m-1f-1_P34_Y-1_U92,I34_F54_m34f34_P54_Y1_UO1471,FXX,3,0.0,1,0,1.0,0,0,0,-9999.0,0.375,1,P33_CV0,2,0,2,0,2,0,2,0,2
54,-960143.922,49879.10697,E54_F34_m34f34_P54_Y4_UO1579,ID34_F54_m34f34_P54_Y2_UO1565,I34_F32_m53f53_P26_Y0_UO2681,MXY,3,0.0,1,0,0.0,0,0,0,-9999.0,0.625,1,P33_CV0,2,2,0,1,1,0,2,0,2
54,-960143.922,49879.10697,E54_F34_m34f34_P32_Y4_UO1649,ID34_F54_m-1f-1_P34_Y-1_U127,I34_F66_m34f34_P61_Y2_UO1635,FXX,3,0.0,1,0,1.0,0,0,0,-9999.0,0.25,1,P33_CV0,2,1,1,0,2,0,2,0,2
54,-960143.922,49879.10697,E54_F34_m34f34_P54_Y4_UO1559,I34_F66_m34f34_P32_Y2_UO1558,I34_F54_m34f34_P54_Y2_UO1624,FXX,3,0.0,1,0,1.0,0,0,0,-9999.0,0.5,1,P33_CV0,2,0,2,1,1,0,2,0,2
54,-960143.922,49879.10697,E54_F34_m34f34_P32_Y4_UO1605,I34_F54_m34f34_P66_Y1_UO1483,I34_F66_m-1f-1_P34_Y-1_U88,FXX,3,0.0,1,0,1.0,0,0,0,-9999.0,0.625,1,P33_CV0,2,2,0,0,2,0,2,0,2
54,-960143.922,49879.10697,E54_F34_m34f34_P54_Y4_UO1625,I34_F54_m34f34_P66_Y0_UO1646,I34_F54_m88f88_P29_Y0_UO4458,FXX,3,0.0,1,0,1.0,0,0,0,-9999.0,0.875,1,P33_CV0,2,1,1,1,1,0,2,0,2
54,-960143.922,49879.10697,E54_F34_m34f34_P32_Y4_UO1654,I34_F54_m-1f-1_P34_Y-1_U45,I34_F32_m34f34_P32_Y2_UO1609,MXY,3,0.0,1,0,0.0,0,0,0,-9999.0,0.5,1,P33_CV0,2,1,1,1,1,0,2,0,2
54,-960143.922,49879.10697,E54_F34_m34f34_P32_Y4_UO1656,ID34_F32_m-1f-1_P34_Y-1_U219,I34_F54_m34f34_P32_Y2_UO1586,FXX,3,0.0,1,0,1.0,0,0,0,-9999.0,0.5625,1,P33_CV0,2,1,1,1,1,0,2,0,2
54,-960143.922,49879.10697,E54_F34_m34f34_P66_Y4_UO1560,I34_F54_m34f34_P54_Y2_UO1600,I34_F66_m-1f-1_P34_Y-1_U153,FXX,3,0.0,1,0,1.0,0,0,0,-9999.0,0.125,1,P33_CV0,2,1,1,1,1,0,2,0,2
54,-960143.922,49879.10697,E54_F34_m34f34_P66_Y4_UO1603,ID34_F32_m34f34_P32_Y1_UO1500,I34_F66_m-1f-1_P34_Y-1_U87,FXX,3,0.0,1,0,1.0,0,0,0,-9999.0,0.375,1,P33_CV0,2,1,1,0,2,0,2,0,2
54,-960143.922,49879.10697,E54_F34_m34f34_P54_Y4_UO1554,I34_F54_m34f34_P54_Y2_UO1562,I34_F66_m34f34_P66_Y2_UO1589,MXY,3,0.0,1,0,0.0,0,0,0,-9999.0,0.4375,1,P33_CV0,2,2,0,1,1,0,2,0,2
54,-960143.922,49879.10697,E54_F34_m34f34_P61_Y4_UO1601,I34_F32_m34f34_P54_Y1_UO1527,I34_F54_m53f53_P26_Y2_UO2484,FXX,3,0.0,1,0,1.0,0,0,0,-9999.0,0.375,1,P33_CV0,2,1,1,0,2,0,2,0,2
54,-960143.922,49879.10697,E54_F34_m34f34_P54_Y3_UO1579,I34_F54_m34f34_P32_Y1_UO1510,I34_F54_m-1f-1_P34_Y-1_U181,MXY,4,0.0,1,0,0.0,0,0,0,-9999.0,0.5,1,P33_CV0,2,1,1,1,1,0,2,0,2
54,-960143.922,49879.10697,E54_F34_m34f34_P61_Y3_UO1608,I34_F54_m78f78_P54_Y0_UO3741,I34_F54_m-1f-1_P34_Y-1_U13,FXX,4,0.0,1,0,1.0,0,0,0,-9999.0,0.375,1,P33_CV0,2,0,2,1,1,0,2,0,2
54,-960143.922,49879.10697,E54_F34_m34f34_P54_Y3_UO1596,I34_F66_m34f34_P61_Y0_UO1721,I34_F54_m34f34_P66_Y0_UO1694,FXX,4,0.0,1,0,1.0,0,0,0,-9999.0,0.375,1,P33_CV0,2,0,2,1,1,0,2,0,2
54,-960143.922,49879.10697,E54_F34_m34f34_P66_Y3_UO1619,I34_F54_m34f34_P32_Y0_UO1720,I34_F32_m-1f-1_P34_Y-1_U229,FXX,4,0.0,1,0,1.0,0,0,0,-9999.0,0.625,1,P33_CV0,2,1,1,1,1,0,2,0,2
54,-960143.922,49879.10697,E54_F34_m34f34_P54_Y3_UO1576,I34_F54_m34f34_P54_Y1_UO1501,I34_F32_m-1f-1_P34_Y-1_U90,MXY,4,0.0,1,0,0.0,0,0,0,-9999.0,0.625,1,P33_CV0,2,2,0,2,0,0,2,0,2
54,-960143.922,49879.10697,E54_F34_m34f34_P54_Y3_UO1593,ID34_F54_m34f34_P66_Y0_UO1646,I34_F54_m-1f-1_P34_Y-1_U217,FXX,4,0.0,1,0,1.0,0,0,0,-9999.0,0.75,1,P33_CV0,2,2,0,1,1,0,2,0,2
54,-960143.922,49879.10697,E54_F34_m34f34_P32_Y3_UO1578,I34_F32_m88f88_P54_Y1_UO3954,I34_F32_m-1f-1_P34_Y-1_U221,FXX,4,0.0,1,0,1.0,0,0,0,-9999.0,0.375,1,P33_CV0,2,1,1,1,1,0,2,0,2
54,-960143.922,49879.10697,E54_F34_m34f34_P61_Y2_UO1645,I34_F54_m-1f-1_P34_Y-1_U103,ID34_F54_m-1f-1_P34_Y-1_U53,FXX,5,0.0,1,0,1.0,0,0,0,-9999.0,1.0,1,P33_CV0,2,2,0,1,1,0,2,0,2
54,-960143.922,49879.10697,E54_F34_m34f34_P66_Y2_UO1618,I34_F32_m-1f-1_P34_Y-1_U1,I34_F66_m88f88_P54_Y0_UO4411,FXX,5,0.0,1,0,1.0,0,0,0,-9999.0,0.75,1,P33_CV0,2,2,0,1,1,0,2,0,2
54,-960143.922,49879.10697,E54_F34_m34f34_P54_Y2_UO1644,I34_F54_m-1f-1_P34_Y-1_U84,I34_F32_m-1f-1_P88_Y-1_U122,MXY,5,0.0,1,0,0.0,0,0,0,-9999.0,0.5,1,P33_CV0,2,1,1,2,0,0,2,0,2
54,-960143.922,49879.10697,E54_F34_m34f34_P54_Y2_UO1614,I34_F61_m-1f-1_P34_Y-1_U196,ID34_F54_m-1f-1_P34_Y-1_U227,FXX,5,0.0,1,0,1.0,0,0,0,-9999.0,0.5,1,P33_CV0,2,1,1,1,1,0,2,0,2
54,-960143.922,49879.10697,E54_F34_m34f34_P54_Y2_UO1611,I34_F61_m-1f-1_P34_Y-1_U108,I34_F61_m-1f-1_P34_Y-1_U166,MXY,5,0.0,1,0,0.0,0,0,0,-9999.0,0.5,1,P33_CV0,2,1,1,1,1,0,2,0,2
54,-960143.922,49879.10697,E54_F34_m34f34_P54_Y2_UO1600,I34_F32_m-1f-1_P34_Y-1_U58,I34_F66_m-1f-1_P34_Y-1_U66,FXX,5,0.0,1,0,1.0,0,0,0,-9999.0,0.25,1,P33_CV0,2,1,1,1,1,0,2,0,2
54,-960143.922,49879.10697,E54_F88_m34f34_P61_Y2_UO1604,I34_F61_m-1f-1_P34_Y-1_U97,I34_F54_m-1f-1_P34_Y-1_U15,MXY,5,0.0,1,0,0.0,0,0,0,-9999.0,0.5,1,P33_CV0,2,1,1,0,2,0,2,0,2
54,-960143.922,49879.10697,E54_F34_m34f34_P54_Y1_UO1462,I34_F61_m-1f-1_P34_Y-1_U78,I34_F54_m-1f-1_P34_Y-1_U102,MXY,6,0.0,1,0,0.0,0,0,0,-9999.0,0.0,1,P33_CV0,2,0,2,2,0,0,2,0,2
54,-960143.922,49879.10697,E54_F34_m34f34_P32_Y1_UO1511,ID34_F24_m-1f-1_P87_Y-1_U248,I34_F32_m-1f-1_P34_Y-1_U66,FXX,6,0.0,1,0,1.0,0,0,0,-9999.0,0.25,1,P33_CV0,2,1,1,1,1,0,2,0,2
54,-960143.922,49879.10697,E54_F34_m34f34_P32_Y1_UO1510,ID34_F32_m-1f-1_P34_Y-1_U159,I34_F61_m-1f-1_P34_Y-1_U105,FXX,6,0.0,1,0,1.0,0,0,0,-9999.0,0.5,1,P33_CV0,2,1,1,1,1,0,2,0,2
54,-960143.922,49879.10697,E54_F34_m34f34_P61_Y1_UO1464,I34_F66_m-1f-1_P34_Y-1_U134,ID34_F66_m-1f-1_P34_Y-1_U210,FXX,6,0.0,1,0,1.0,0,0,0,-9999.0,0.25,1,P33_CV0,2,1,1,2,0,0,2,0,2
54,-960143.922,49879.10697,E54_F34_m34f34_P61_Y1_UO1490,I34_F66_m-1f-1_P34_Y-1_U108,ID34_F66_m-1f-1_P34_Y-1_U130,MXY,6,0.0,1,0,0.0,0,0,0,-9999.0,0.0,1,P33_CV0,2,0,2,0,2,0,2,0,2
54,-960143.922,49879.10697,E54_F34_m34f34_P54_Y1_UO1513,ID34_F61_m-1f-1_P34_Y-1_U129,I34_F54_m-1f-1_P34_Y-1_U24,FXX,6,0.0,1,0,1.0,0,0,0,-9999.0,0.5,1,P33_CV0,2,1,1,0,2,0,2,0,2
54,-960143.922,49879.10697,E54_F34_m34f34_P54_Y0_UO1641,R34_F34_m-1f-1_P34_Y-1_U1,R34_F34_m-1f-1_P34_Y-1_U102,FXX,7,0.0,1,0,1.0,0,0,0,-9999.0,0.5,1,P33_CV0,2,1,1,1,1,0,2,0,2
54,-960143.922,49879.10697,E54_F34_m34f34_P61_Y0_UO1693,R34_F34_m-1f-1_P34_Y-1_U137,R34_F34_m-1f-1_P34_Y-1_U126,FXX,7,0.0,1,0,1.0,0,0,0,-9999.0,0.5,1,P33_CV0,2,1,1,1,1,0,2,0,2
54,-960143.922,49879.10697,E54_F34_m34f34_P54_Y0_UO1652,R34_F34_m-1f-1_P34_Y-1_U36,R34_F34_m-1f-1_P34_Y-1_U247,FXX,7,0.0,1,0,1.0,0,0,0,-9999.0,0.5,1,P33_CV0,2,2,0,0,2,0,2,0,2
54,-960143.922,49879.10697,E54_F34_m34f34_P32_Y0_UO1726,R34_F34_m-1f-1_P34_Y-1_U245,R34_F34_m-1f-1_P34_Y-1_U53,FXX,7,0.0,1,0,1.0,0,0,0,-9999.0,1.0,1,P33_CV0,2,2,0,1,1,0,2,0,2
54,-960143.922,49879.10697,E54_F34_m34f34_P32_Y0_UO1656,R34_F34_m-1f-1_P34_Y-1_U44,R34_F34_m-1f-1_P34_Y-1_U13,MXY,7,0.0,1,0,0.0,0,0,0,-9999.0,0.5,1,P33_CV0,2,1,1,0,2,0,2,0,2
54,-960143.922,49879.10697,E54_F88_m34f34_P66_Y0_UO1697,R34_F34_m-1f-1_P34_Y-1_U154,R34_F34_m-1f-1_P34_Y-1_U201,FXX,7,0.0,1,0,1.0,0,0,0,-9999.0,0.0,1,P33_CV0,2,0,2,2,0,0,2,0,2
54,-960143.922,49879.10697,E54_F34_m-1f-1_P34_Y-1_U69,-9999,-9999,MXY,8,0.0,1,0,0.0,0,0,0,-9999.0,1.0,1,P33_CV0,2,2,0,1,1,0,2,0,2
54,-960143.922,49879.10697,E54_F34_m-1f-1_P34_Y-1_U125,-9999,-9999,MXY,8,0.0,1,0,0.0,0,0,0,-9999.0,0.5,1,P33_CV0,2,1,1,2,0,0,2,0,2
54,-960143.922,49879.10697,E54_F34_m-1f-1_P34_Y-1_U30,-9999,-9999,MXY,9,0.0,1,0,0.0,0,0,0,-9999.0,0.0,1,P33_CV0,2,0,2,1,1,0,2,0,2
54,-960143.922,49879.10697,E54_F34_m-1f-1_P34_Y-1_U86,-9999,-9999,FXX,9,0.0,1,0,1.0,0,0,0,-9999.0,0.0,1,P33_CV0,2,0,2,0,2,0,2,0,2
54,-960143.922,49879.10697,E54_F34_m-1f-1_P34_Y-1_U227,-9999,-9999,MXY,10,0.0,1,0,0.0,0,0,0,-9999.0,1.0,1,P33_CV0,2,2,0,0,2,0,2,0,2
54,-960143.922,49879.10697,E54_F34_m-1f-1_P34_Y-1_U149,-9999,-9999,MXY,10,0.0,1,0,0.0,0,0,0,-9999.0,1.0,1,P33_CV0,2,2,0,2,0,0,2,0,2
54,-960143.922,49879.10697,E54_F34_m-1f-1_P34_Y-1_U170,-9999,-9999,MXY,11,0.0,1,0,0.0,0,0,0,-9999.0,1.0,1,P33_CV0,2,2,0,0,2,0,2,0,2
54,-960143.922,49879.10697,E54_F34_m-1f-1_P34_Y-1_U191,-9999,-9999,FXX,11,0.0,1,0,1.0,0,0,0,-9999.0,0.5,1,P33_CV0,2,1,1,2,0,0,2,0,2
54,-960143.922,49879.10697,E54_F34_m-1f-1_P34_Y-1_U90,-9999,-9999,MXY,13,0.0,1,0,0.0,0,0,0,-9999.0,1.0,1,P33_CV0,2,2,0,1,1,0,2,0,2
54,-960143.922,49879.10697,E54_F34_m-1f-1_P34_Y-1_U88,-9999,-9999,MXY,15,0.0,1,0,0.0,0,0,0,-9999.0,0.5,1,P33_CV0,2,1,1,0,2,0,2,0,2
54,-960143.922,49879.10697,E54_F34_m34f34_P32_Y6_UO1630,I34_F54_m34f34_P54_Y3_UO1624,I34_F54_m88f88_P29_Y2_UO4117,FXX,1,0.0,1,1,1.0,0,0,0,-9999.0,0.5625,1,P36_CV0,2,2,0,1,1,0,2,0,2
54,-960143.922,49879.10697,E54_F34_m78f78_P54_Y6_UO3514,I78_F13_m30f30_P13_Y3_UO1435,I78_F93_m37f37_P29_Y3_UO1714,FXX,1,0.0,1,1,1.0,0,0,0,-9999.0,0.6875,1,P36_CV0,2,1,1,1,1,0,2,0,2
54,-960143.922,49879.10697,E54_F78_m37f37_P38_Y4_UO1739,ID37_F74_m37f37_P74_Y0_UO1772,I37_F13_m30f30_P13_Y1_UO1325,MXY,3,0.0,1,0,0.0,0,0,0,-9999.0,0.375,1,P36_CV0,2,2,0,1,1,0,2,0,2
54,-960143.922,49879.10697,E54_F88_m34f34_P54_Y4_UO1661,I34_F54_m-1f-1_P34_Y-1_U75,ID34_F61_m88f88_P29_Y2_UO4117,MXY,3,0.0,1,0,0.0,0,0,0,-9999.0,0.8125,1,P36_CV0,2,2,0,1,1,0,2,0,2
54,-960143.922,49879.10697,E54_F34_m88f88_P29_Y2_UO4117,I88_F29_m-1f-1_P88_Y-1_U16,I88_F29_m37f37_P29_Y0_UO1768,MXY,5,0.0,1,0,0.0,0,0,0,-9999.0,0.625,1,P36_CV0,2,2,0,1,1,0,2,0,2
54,-960143.922,49879.10697,E54_F78_m7f7_P13_Y1_UO404,I7_F38_m-1f-1_P7_Y-1_U60,ID7_F13_m-1f-1_P37_Y-1_U228,FXX,6,0.0,1,0,1.0,0,0,1,-9999.0,0.75,1,P36_CV0,2,1,1,2,0,0,2,0,2
54,-960143.922,49879.10697,Age0_F54_m78f78_P54_Y7_UO3540,I78_F19_m-1f-1_P78_Y-1_U66,I78_F13_m39f39_P13_Y4_UO1854,MXY,0,0.0,0,0,0.0,0,0,0,0.0,0.25,1,P38_CV0,2,0,2,0,2,0,2,0,2
54,-960143.922,49879.10697,Age0_F54_m78f78_P54_Y7_UO3497,I78_F13_m7f7_P38_Y4_UO464,I78_F13_m46f46_P13_Y0_UO2388,MXY,0,0.0,0,0,0.0,0,0,0,0.0,0.5625,1,P45_CV0,2,1,1,1,1,0,2,0,2
54,-960143.922,49879.10697,E54_F34_m78f78_P29_Y6_UO3525,I78_F13_m46f46_P93_Y2_UO2274,I78_F54_m39f39_P13_Y4_UO1854,MXY,1,0.0,1,1,0.0,0,0,0,-9999.0,0.625,1,P45_CV0,2,1,1,1,1,0,2,0,2
54,-960143.922,49879.10697,E54_F34_m34f34_P32_Y6_UO1567,I34_F54_m78f78_P54_Y4_UO3435,I34_F54_m34f34_P54_Y3_UO1598,FXX,1,0.0,1,1,1.0,0,0,0,-9999.0,0.4375,1,P45_CV0,2,2,0,1,1,0,2,0,2
54,-960143.922,49879.10697,Age0_F54_m34f34_P54_Y7_UO1556,I34_F32_m34f34_P54_Y5_UO1653,I34_F61_m34f34_P61_Y5_UO1601,FXX,0,0.0,0,0,0.0,0,0,0,0.0,0.5,1,P52_CV0,2,1,1,0,2,0,2,0,2
54,-960143.922,49879.10697,Age0_F54_m34f34_P54_Y7_UO1559,I34_F66_m34f34_P54_Y5_UO1561,I34_F32_m53f53_P66_Y5_UO2487,FXX,0,0.0,0,0,0.0,0,0,0,0.0,0.34375,1,P52_CV0,2,2,0,1,1,0,2,0,2
54,-960143.922,49879.10697,Age0_F54_m34f34_P54_Y7_UO1566,I34_F54_m34f34_P54_Y5_UO1665,I34_F54_m34f34_P54_Y4_UO1563,MXY,0,0.0,0,0,0.0,0,0,0,0.0,0.375,1,P52_CV0,2,0,2,1,1,0,2,0,2
54,-960143.922,49879.10697,Age0_F54_m34f34_P54_Y7_UO1597,I34_F54_m53f53_P26_Y4_UO2475,I34_F32_m34f34_P54_Y3_UO1660,MXY,0,0.0,0,0,0.0,0,0,0,0.0,0.5,1,P52_CV0,2,0,2,1,1,0,2,0,2
54,-960143.922,49879.10697,Age0_F54_m34f34_P54_Y7_UO1654,I34_F54_m88f88_P54_Y0_UO4445,I34_F54_m34f34_P32_Y4_UO1575,FXX,0,0.0,0,0,0.0,0,0,0,0.0,0.4375,1,P52_CV0,2,1,1,1,1,0,2,0,2
54,-960143.922,49879.10697,Age0_F54_m34f34_P54_Y7_UO1672,I34_F66_m-1f-1_P78_Y-1_U156,ID34_F54_m34f34_P54_Y3_UO1611,FXX,0,0.0,0,0,0.0,0,0,0,0.0,0.25,1,P52_CV0,2,0,2,2,0,0,2,0,2
54,-960143.922,49879.10697,E54_F34_m53f53_P26_Y6_UO2513,I53_F26_m53f53_P26_Y2_UO2478,I53_F26_m-1f-1_P53_Y-1_U122,FXX,1,0.0,1,1,1.0,0,0,0,-9999.0,0.375,1,P52_CV0,2,0,2,2,0,0,2,0,2
54,-960143.922,49879.10697,E54_F34_m53f53_P26_Y6_UO2516,ID53_F26_m53f53_P26_Y1_UO2343,ID53_F26_m-1f-1_P53_Y-1_U19,MXY,1,0.0,1,1,0.0,0,0,0,-9999.0,0.25,1,P52_CV0,2,1,1,1,1,0,2,0,2
54,-960143.922,49879.10697,E54_F34_m53f53_P26_Y6_UO2545,ID53_F26_m-1f-1_P53_Y-1_U139,ID53_F26_m53f53_P26_Y3_UO2457,MXY,1,0.0,1,1,0.0,0,0,0,-9999.0,0.3125,1,P52_CV0,2,0,2,2,0,0,2,0,2
54,-960143.922,49879.10697,E54_F34_m34f34_P32_Y6_UO1570,I34_F32_m53f53_P26_Y4_UO2488,I34_F32_m-1f-1_P34_Y-1_U87,MXY,1,0.0,1,1,0.0,0,0,0,-9999.0,0.625,1,P52_CV0,2,2,0,1,1,0,2,0,2
54,-960143.922,49879.10697,E54_F34_m34f34_P32_Y6_UO1582,I34_F32_m34f34_P61_Y4_UO1569,I34_F54_m-1f-1_P34_Y-1_U227,FXX,1,0.0,1,1,1.0,0,0,0,-9999.0,0.625,1,P52_CV0,2,1,1,0,2,0,2,0,2
54,-960143.922,49879.10697,E54_F34_m34f34_P32_Y6_UO1584,I34_F54_m34f34_P54_Y4_UO1625,I34_F61_m34f34_P61_Y4_UO1626,FXX,1,0.0,1,1,1.0,0,0,0,-9999.0,0.75,1,P52_CV0,2,1,1,2,0,0,2,0,2
54,-960143.922,49879.10697,E54_F34_m34f34_P32_Y6_UO1585,I34_F54_m34f34_P61_Y4_UO1592,I34_F54_m34f34_P54_Y4_UO1563,FXX,1,0.0,1,1,1.0,0,0,0,-9999.0,0.5625,1,P52_CV0,2,1,1,1,1,0,2,0,2
54,-960143.922,49879.10697,E54_F34_m34f34_P54_Y6_UO1568,I34_F61_m34f34_P32_Y4_UO1608,I34_F54_m-1f-1_P88_Y-1_U229,FXX,1,0.0,1,1,1.0,0,0,0,-9999.0,0.5,1,P52_CV0,2,1,1,2,0,0,2,0,2
54,-960143.922,49879.10697,E54_F34_m34f34_P54_Y6_UO1624,I34_F54_m34f34_P54_Y3_UO1601,I34_F32_m34f34_P54_Y3_UO1611,MXY,1,0.0,1,1,0.0,0,0,0,-9999.0,0.6875,1,P52_CV0,2,2,0,1,1,0,2,0,2
54,-960143.922,49879.10697,E54_F34_m53f53_P54_Y6_UO2544,I53_F26_m-1f-1_P53_Y-1_U37,I53_F26_m-1f-1_P53_Y-1_U117,FXX,1,0.0,1,1,1.0,0,0,0,-9999.0,0.5,1,P52_CV0,2,0,2,0,2,0,2,0,2
54,-960143.922,49879.10697,E54_F34_m34f34_P66_Y6_UO1614,ID34_F32_m34f34_P66_Y3_UO1619,ID34_F54_m53f53_P26_Y4_UO2459,FXX,1,0.0,1,1,1.0,0,0,0,-9999.0,0.4375,1,P52_CV0,2,1,1,2,0,0,2,0,2
54,-960143.922,49879.10697,E54_F34_m34f34_P66_Y6_UO1689,I34_F66_m-1f-1_P78_Y-1_U156,I34_F66_m53f53_P66_Y1_UO2370,FXX,1,0.0,1,1,1.0,0,0,0,-9999.0,0.125,1,P52_CV0,2,0,2,1,1,0,2,0,2
54,-960143.922,49879.10697,E54_F34_m53f53_P66_Y6_UO2509,I53_F26_m53f53_P26_Y3_UO2484,I53_F26_m53f53_P26_Y0_UO2650,MXY,1,0.0,1,1,0.0,0,0,0,-9999.0,0.0625,1,P52_CV0,2,0,2,0,2,0,2,0,2
54,-960143.922,49879.10697,E54_F34_m53f53_P66_Y5_UO2500,I53_F26_m-1f-1_P53_Y-1_U92,ID53_F26_m-1f-1_P53_Y-1_U171,MXY,2,0.0,1,0,0.0,0,0,0,-9999.0,0.0,1,P52_CV0,2,0,2,1,1,0,2,0,2
54,-960143.922,49879.10697,E54_F34_m34f34_P32_Y5_UO1590,ID34_F54_m34f34_P54_Y3_UO1649,I34_F66_m53f53_P26_Y2_UO2484,FXX,2,0.0,1,0,1.0,0,0,0,-9999.0,0.25,1,P52_CV0,2,1,1,1,1,0,2,0,2
54,-960143.922,49879.10697,E54_F34_m34f34_P66_Y5_UO1581,I34_F54_m34f34_P54_Y3_UO1626,I34_F32_m53f53_P54_Y1_UO2398,MXY,2,0.0,1,0,0.0,0,0,0,-9999.0,0.6875,1,P52_CV0,2,1,1,0,2,0,2,0,2
54,-960143.922,49879.10697,E54_F34_m34f34_P61_Y5_UO1601,I34_F61_m53f53_P26_Y2_UO2514,I34_F54_m34f34_P61_Y1_UO1467,MXY,2,0.0,1,0,0.0,0,0,0,-9999.0,0.5,1,P52_CV0,2,0,2,0,2,0,2,0,2
54,-960143.922,49879.10697,E54_F34_m34f34_P61_Y5_UO1635,ID34_F54_m34f34_P66_Y0_UO1646,ID34_F32_m53f53_P26_Y0_UO2681,FXX,2,0.0,1,0,1.0,0,0,0,-9999.0,0.875,1,P52_CV0,2,1,1,2,0,0,2,0,2
54,-960143.922,49879.10697,E54_F34_m53f53_P26_Y5_UO2479,I53_F26_m53f53_P26_Y1_UO2363,I53_F26_m-1f-1_P53_Y-1_U202,MXY,2,0.0,1,0,0.0,0,0,0,-9999.0,0.375,1,P52_CV0,2,1,1,1,1,0,2,0,2
54,-960143.922,49879.10697,E54_F34_m34f34_P32_Y5_UO1564,I34_F54_m34f34_P32_Y3_UO1621,I34_F32_m53f53_P26_Y2_UO2480,MXY,2,0.0,1,0,0.0,0,0,0,-9999.0,0.3125,1,P52_CV0,2,1,1,1,1,0,2,0,2
54,-960143.922,49879.10697,E54_F34_m34f34_P54_Y5_UO1619,I34_F32_m53f53_P26_Y1_UO2359,I34_F32_m88f88_P54_Y2_UO4125,MXY,2,0.0,1,0,0.0,0,0,0,-9999.0,0.625,1,P52_CV0,2,0,2,1,1,0,2,0,2
54,-960143.922,49879.10697,E54_F78_m34f34_P54_Y5_UO1556,ID34_F61_m34f34_P54_Y3_UO1601,I34_F32_m34f34_P54_Y2_UO1621,MXY,2,0.0,1,0,0.0,0,0,0,-9999.0,0.5625,1,P52_CV0,2,2,0,1,1,0,2,0,2
54,-960143.922,49879.10697,E54_F34_m53f53_P26_Y4_UO2459,ID53_F26_m-1f-1_P53_Y-1_U57,I53_F26_m53f53_P26_Y0_UO2646,MXY,3,0.0,1,0,0.0,0,0,0,-9999.0,0.25,1,P52_CV0,2,0,2,1,1,0,2,0,2
54,-960143.922,49879.10697,E54_F34_m53f53_P66_Y4_UO2436,I53_F26_m53f53_P26_Y2_UO2503,ID53_F26_m-1f-1_P53_Y-1_U133,FXX,3,0.0,1,0,1.0,0,0,0,-9999.0,0.5,1,P52_CV0,2,2,0,1,1,0,2,0,2
54,-960143.922,49879.10697,E54_F34_m53f53_P26_Y4_UO2475,I53_F26_m-1f-1_P53_Y-1_U163,I53_F26_m-1f-1_P53_Y-1_U151,FXX,3,0.0,1,0,1.0,0,0,0,-9999.0,0.5,1,P52_CV0,2,0,2,1,1,0,2,0,2
54,-960143.922,49879.10697,E54_F34_m34f34_P54_Y3_UO1611,I34_F54_m34f34_P66_Y0_UO1679,I34_F61_m53f53_P26_Y1_UO2389,MXY,4,0.0,1,0,0.0,0,0,0,-9999.0,0.5,1,P52_CV0,2,1,1,1,1,0,2,0,2
54,-960143.922,49879.10697,E54_F34_m53f53_P26_Y3_UO2449,I53_F26_m53f53_P26_Y1_UO2367,I53_F26_m-1f-1_P53_Y-1_U148,MXY,4,0.0,1,0,0.0,0,0,0,-9999.0,0.625,1,P52_CV0,2,2,0,1,1,0,2,0,2
54,-960143.922,49879.10697,E54_F88_m53f53_P26_Y3_UO2509,ID53_F26_m-1f-1_P53_Y-1_U123,I53_F26_m-1f-1_P53_Y-1_U212,MXY,4,0.0,1,0,0.0,0,0,0,-9999.0,0.75,1,P52_CV0,2,2,0,0,2,0,2,0,2
54,-960143.922,49879.10697,E54_F34_m53f53_P26_Y1_UO2389,ID53_F26_m-1f-1_P53_Y-1_U161,I53_F26_m-1f-1_P53_Y-1_U102,MXY,6,0.0,1,0,0.0,0,0,0,-9999.0,0.5,1,P52_CV0,2,0,2,1,1,0,2,0,2
54,-960143.922,49879.10697,E54_F34_m34f34_P54_Y6_UO1660,I34_F32_m62f62_P26_Y1_UO2838,I34_F32_m-1f-1_P34_Y-1_U126,MXY,1,0.0,1,1,0.0,0,0,0,-9999.0,0.5,1,P61_CV0,2,1,1,1,1,0,2,0,2
54,-960143.922,49879.10697,E54_F34_m34f34_P54_Y2_UO1616,ID34_F61_m-1f-1_P34_Y-1_U38,I34_F32_m62f62_P26_Y0_UO3137,MXY,5,0.0,1,0,0.0,0,0,0,-9999.0,0.25,1,P61_CV0,2,0,2,2,0,0,2,0,2
54,-960143.922,49879.10697,E54_F34_m34f34_P54_Y6_UO1662,I34_F66_m7f7_P29_Y0_UO402,ID34_F54_m34f34_P61_Y1_UO1490,MXY,1,0.0,1,1,0.0,0,0,0,-9999.0,0.375,1,P6_CV0,2,1,1,0,2,0,2,0,2
54,-960143.922,49879.10697,E54_F78_m30f30_P13_Y6_UO1450,I30_F38_m-1f-1_P7_Y-1_U25,I30_F52_m23f23_P52_Y4_UO1163,FXX,1,0.0,1,1,1.0,0,0,0,-9999.0,0.21875,1,P6_CV0,2,1,1,1,1,0,2,0,2
54,-960143.922,49879.10697,E54_F78_m78f78_P93_Y6_UO3569,I78_F13_m-1f-1_P34_Y-1_U168,I78_F13_m37f37_P13_Y4_UO1708,MXY,1,0.0,1,1,0.0,0,0,0,-9999.0,0.78125,1,P6_CV0,2,2,0,1,1,0,2,0,2
54,-960143.922,49879.10697,E54_F78_m7f7_P38_Y4_UO464,I7_F29_m7f7_P74_Y0_UO486,I7_F74_m78f78_P29_Y0_UO3747,FXX,3,0.0,1,0,1.0,0,0,0,-9999.0,0.375,1,P6_CV0,2,1,1,0,2,0,2,0,2
54,-960143.922,49879.10697,Age0_F54_m34f34_P54_Y7_UO1571,I34_F54_m34f34_P54_Y5_UO1640,ID34_F32_m-1f-1_P34_Y-1_U224,MXY,0,0.0,0,0,0.0,0,0,0,0.0,0.625,1,P77_CV0,2,1,1,1,1,0,2,0,2
54,-960143.922,49879.10697,Age0_F54_m34f34_P54_Y7_UO1592,ID34_F61_m88f88_P54_Y4_UO4152,I34_F66_m34f34_P54_Y5_UO1634,FXX,0,0.0,0,0,0.0,0,0,0,0.0,0.4375,1,P77_CV0,2,0,2,1,1,0,2,0,2
54,-960143.922,49879.10697,Age0_F54_m34f34_P54_Y7_UO1649,I34_F54_m34f34_P32_Y1_UO1510,ID34_F54_m78f78_P54_Y5_UO3487,MXY,0,0.0,0,0,0.0,0,0,0,0.0,0.4375,1,P77_CV0,2,0,2,1,1,0,2,0,2
54,-960143.922,49879.10697,Age0_F54_m34f34_P54_Y7_UO1653,I34_F32_m34f34_P61_Y0_UO1693,I34_F54_m78f78_P54_Y4_UO3489,MXY,0,0.0,0,0,0.0,0,0,0,0.0,0.5,1,P77_CV0,2,2,0,1,1,0,2,0,2
54,-960143.922,49879.10697,Age0_F54_m78f78_P54_Y7_UO3517,ID78_F13_m78f78_P13_Y2_UO3504,I78_F54_m30f30_P93_Y5_UO1395,MXY,0,0.0,0,0,0.0,0,0,0,0.0,0.625,1,P77_CV0,2,1,1,1,1,0,2,0,2
54,-960143.922,49879.10697,Age0_F54_m78f78_P54_Y7_UO3545,I78_F29_m-1f-1_P78_Y-1_U162,I78_F93_m88f88_P29_Y3_UO4083,MXY,0,0.0,0,0,0.0,0,0,0,0.0,0.5625,1,P77_CV0,2,1,1,0,2,0,2,0,2
54,-960143.922,49879.10697,Age0_F54_m88f88_P54_Y7_UO4163,I88_F29_m78f78_P74_Y1_UO3318,ID88_F54_m88f88_P29_Y4_UO4147,FXX,0,0.0,0,0,0.0,0,0,0,0.0,0.5,1,P77_CV0,2,1,1,0,2,0,2,0,2
54,-960143.922,49879.10697,Age0_F54_m88f88_P54_Y7_UO4185,I88_F29_m-1f-1_P88_Y-1_U92,ID88_F29_m-1f-1_P78_Y-1_U190,FXX,0,0.0,0,0,0.0,0,0,0,0.0,0.75,1,P77_CV0,2,2,0,1,1,0,2,0,2
54,-960143.922,49879.10697,E54_F34_m34f34_P32_Y6_UO1644,I34_F32_m78f78_P54_Y2_UO3506,ID34_F54_m34f34_P54_Y4_UO1589,FXX,1,0.0,1,1,1.0,0,0,0,-9999.0,0.5,1,P77_CV0,2,1,1,2,0,0,2,0,2
54,-960143.922,49879.10697,E54_F34_m34f34_P32_Y6_UO1669,I34_F54_m78f78_P66_Y0_UO3763,I34_F54_m34f34_P54_Y2_UO1561,FXX,1,0.0,1,1,1.0,0,0,0,-9999.0,0.625,1,P77_CV0,2,1,1,0,2,0,2,0,2
54,-960143.922,49879.10697,E54_F34_m78f78_P54_Y6_UO3531,I78_F29_m78f78_P13_Y2_UO3491,ID78_F93_m30f30_P13_Y4_UO1420,FXX,1,0.0,1,1,1.0,0,0,0,-9999.0,0.375,1,P77_CV0,2,1,1,2,0,0,2,0,2
54,-960143.922,49879.10697,E54_F34_m78f78_P54_Y6_UO3535,I78_F93_m78f78_P29_Y1_UO3330,I78_F38_m88f88_P54_Y4_UO4150,MXY,1,0.0,1,1,0.0,0,0,0,-9999.0,0.375,1,P77_CV0,2,1,1,2,0,0,2,0,2
54,-960143.922,49879.10697,E54_F34_m88f88_P54_Y6_UO4179,I88_F29_m78f78_P29_Y1_UO3306,ID88_F32_m34f34_P54_Y4_UO1661,FXX,1,0.0,1,1,1.0,0,0,0,-9999.0,0.65625,1,P77_CV0,2,1,1,0,2,0,2,0,2
54,-960143.922,49879.10697,E54_F34_m34f34_P61_Y6_UO1599,I34_F61_m34f34_P54_Y4_UO1618,I34_F61_m34f34_P54_Y4_UO1579,MXY,1,0.0,1,1,0.0,0,0,0,-9999.0,0.5625,1,P77_CV0,2,1,1,0,2,0,2,0,2
54,-960143.922,49879.10697,E54_F34_m34f34_P66_Y6_UO1597,I34_F32_m34f34_P66_Y4_UO1560,ID34_F66_m78f78_P32_Y2_UO3469,FXX,1,0.0,1,1,1.0,0,0,0,-9999.0,0.3125,1,P77_CV0,2,0,2,2,0,0,2,0,2
54,-960143.922,49879.10697,E54_F78_m78f78_P29_Y6_UO3559,ID78_F93_m-1f-1_P78_Y-1_U125,I78_F29_m88f88_P29_Y0_UO4488,MXY,1,0.0,1,1,0.0,0,0,0,-9999.0,0.5,1,P77_CV0,2,1,1,2,0,0,2,0,2
54,-960143.922,49879.10697,E54_F78_m88f88_P29_Y6_UO4197,I88_F29_m-1f-1_P88_Y-1_U51,I88_F29_m78f78_P29_Y2_UO3481,MXY,1,0.0,1,1,0.0,0,0,0,-9999.0,0.5,1,P77_CV0,2,1,1,1,1,0,2,0,2
54,-960143.922,49879.10697,E54_F34_m34f34_P32_Y5_UO1611,I34_F54_m78f78_P54_Y2_UO3506,I34_F54_m-1f-1_P34_Y-1_U170,MXY,2,0.0,1,0,0.0,0,0,0,-9999.0,0.625,1,P77_CV0,2,1,1,0,2,0,2,0,2
54,-960143.922,49879.10697,E54_F34_m88f88_P54_Y5_UO4126,ID88_F29_m88f88_P29_Y2_UO4101,I88_F29_m78f78_P29_Y1_UO3381,MXY,2,0.0,1,0,0.0,0,0,0,-9999.0,0.5,1,P77_CV0,2,1,1,0,2,0,2,0,2
54,-960143.922,49879.10697,E54_F34_m88f88_P54_Y5_UO4130,I88_F54_m78f78_P74_Y1_UO3318,I88_F29_m30f30_P74_Y1_UO1305,FXX,2,0.0,1,0,1.0,0,0,0,-9999.0,0.125,1,P77_CV0,2,0,2,1,1,0,2,0,2
54,-960143.922,49879.10697,E54_F34_m88f88_P29_Y5_UO4127,I88_F29_m78f78_P29_Y1_UO3306,I88_F29_m30f30_P74_Y1_UO1305,MXY,2,0.0,1,0,0.0,0,0,0,-9999.0,0.375,1,P77_CV0,2,1,1,1,1,0,2,0,2
54,-960143.922,49879.10697,E54_F34_m34f34_P54_Y5_UO1640,ID34_F54_m78f78_P66_Y0_UO3763,I34_F61_m-1f-1_P34_Y-1_U149,FXX,2,0.0,1,0,1.0,0,0,0,-9999.0,0.75,1,P77_CV0,2,2,0,1,1,0,2,0,2
54,-960143.922,49879.10697,E54_F34_m78f78_P54_Y5_UO3538,I78_F29_m-1f-1_P78_Y-1_U83,ID78_F52_m-1f-1_P90_Y-1_U66,FXX,2,0.0,1,0,1.0,0,0,0,-9999.0,0.25,1,P77_CV0,2,1,1,1,1,0,2,0,2
54,-960143.922,49879.10697,E54_F34_m88f88_P54_Y4_UO4152,I88_F29_m-1f-1_P88_Y-1_U148,I88_F38_m78f78_P29_Y1_UO3381,FXX,3,0.0,1,0,1.0,0,0,0,-9999.0,0.25,1,P77_CV0,2,0,2,0,2,0,2,0,2
54,-960143.922,49879.10697,E54_F34_m34f34_P54_Y3_UO1594,I34_F61_m78f78_P54_Y0_UO3775,I34_F54_m34f34_P61_Y1_UO1467,MXY,4,0.0,1,0,0.0,0,0,0,-9999.0,0.375,1,P77_CV0,2,0,2,1,1,0,2,0,2
54,-960143.922,49879.10697,E54_F34_m78f78_P54_Y3_UO3508,I78_F29_m-1f-1_P78_Y-1_U125,ID78_F38_m78f78_P93_Y1_UO3298,FXX,4,0.0,1,0,1.0,0,0,0,-9999.0,0.375,1,P77_CV0,2,1,1,2,0,0,2,0,2
54,-960143.922,49879.10697,E54_F34_m78f78_P54_Y2_UO3503,I78_F29_m-1f-1_P78_Y-1_U176,I78_F29_m30f30_P13_Y0_UO1500,MXY,5,0.0,1,0,0.0,0,0,0,-9999.0,0.75,1,P77_CV0,2,2,0,0,2,0,2,0,2
54,-960143.922,49879.10697,E54_F34_m78f78_P32_Y2_UO3469,ID78_F13_m-1f-1_P78_Y-1_U180,I78_F13_m-1f-1_P78_Y-1_U9,MXY,5,0.0,1,0,0.0,0,0,0,-9999.0,0.5,1,P77_CV0,2,0,2,1,1,0,2,0,2
54,-960143.922,49879.10697,E54_F78_m78f78_P13_Y2_UO3504,I78_F13_m-1f-1_P78_Y-1_U150,I78_F54_m-1f-1_P78_Y-1_U21,FXX,5,0.0,1,0,1.0,0,0,0,-9999.0,0.5,1,P77_CV0,2,1,1,0,2,0,2,0,2
54,-960143.922,49879.10697,E54_F88_m78f78_P74_Y1_UO3318,I78_F13_m-1f-1_P78_Y-1_U70,I78_F54_m-1f-1_P78_Y-1_U44,FXX,6,0.0,1,0,1.0,0,0,0,-9999.0,0.0,1,P77_CV0,2,0,2,1,1,0,2,0,2
54,-960143.922,49879.10697,E54_F34_m78f78_P54_Y0_UO3741,R78_F78_m-1f-1_P78_Y-1_U57,R78_F78_m-1f-1_P78_Y-1_U178,FXX,7,0.0,1,0,1.0,0,0,0,-9999.0,0.25,1,P77_CV0,2,0,2,2,0,0,2,0,2
54,-960143.922,49879.10697,E54_F78_m-1f-1_P78_Y-1_U173,-9999,-9999,MXY,8,0.0,1,0,0.0,0,0,0,-9999.0,0.5,1,P77_CV0,2,1,1,2,0,0,2,0,2
54,-960143.922,49879.10697,E54_F34_m-1f-1_P78_Y-1_U185,-9999,-9999,MXY,11,0.0,1,0,0.0,0,0,0,-9999.0,0.5,1,P77_CV0,2,1,1,0,2,0,2,0,2
54,-960143.922,49879.10697,E54_F78_m-1f-1_P78_Y-1_U66,-9999,-9999,FXX,11,0.0,1,0,1.0,0,0,0,-9999.0,0.0,1,P77_CV0,2,0,2,0,2,0,2,0,2
54,-960143.922,49879.10697,E54_F34_m-1f-1_P78_Y-1_U156,-9999,-9999,FXX,14,0.0,1,0,1.0,0,0,0,-9999.0,0.0,1,P77_CV0,2,0,2,1,1,0,2,0,2
54,-960143.922,49879.10697,E54_F78_m-1f-1_P78_Y-1_U162,-9999,-9999,FXX,14,0.0,1,0,1.0,0,0,0,-9999.0,1.0,1,P77_CV0,2,2,0,1,1,0,2,0,2
54,-960143.922,49879.10697,E54_F34_m78f78_P54_Y5_UO3535,I78_F29_m-1f-1_P78_Y-1_U231,ID78_F24_m87f87_P24_Y3_UO4053,MXY,2,0.0,1,0,0.0,0,0,0,-9999.0,0.5625,1,P86_CV0,2,1,1,1,1,0,2,0,2
54,-960143.922,49879.10697,Age0_F54_m34f34_P54_Y7_UO1555,I34_F61_m88f88_P54_Y5_UO4130,ID34_F61_m88f88_P54_Y2_UO4125,MXY,0,0.0,0,0,0.0,0,0,0,0.0,0.4375,1,P87_CV0,2,1,1,0,2,0,2,0,2
54,-960143.922,49879.10697,Age0_F54_m34f34_P54_Y7_UO1587,I34_F54_m53f53_P66_Y4_UO2436,I34_F32_m88f88_P29_Y4_UO4116,FXX,0,0.0,0,0,0.0,0,0,0,0.0,0.375,1,P87_CV0,2,1,1,1,1,0,2,0,2
54,-960143.922,49879.10697,Age0_F54_m34f34_P54_Y7_UO1588,I34_F54_m34f34_P54_Y4_UO1622,I34_F29_m53f53_P66_Y1_UO2370,FXX,0,0.0,0,0,0.0,0,0,0,0.0,0.3125,1,P87_CV0,2,1,1,1,1,0,2,0,2
54,-960143.922,49879.10697,Age0_F54_m34f34_P54_Y7_UO1589,I34_F66_m34f34_P32_Y4_UO1649,I34_F32_m34f34_P32_Y5_UO1599,MXY,0,0.0,0,0,0.0,0,0,0,0.0,0.375,1,P87_CV0,2,2,0,1,1,0,2,0,2
54,-960143.922,49879.10697,Age0_F54_m34f34_P54_Y7_UO1609,I34_F54_m34f34_P32_Y4_UO1564,I34_F54_m88f88_P54_Y5_UO4167,MXY,0,0.0,0,0,0.0,0,0,0,0.0,0.78125,1,P87_CV0,2,2,0,1,1,0,2,0,2
54,-960143.922,49879.10697,Age0_F54_m34f34_P54_Y7_UO1632,ID34_F54_m34f34_P61_Y2_UO1645,I34_F54_m34f34_P54_Y5_UO1596,MXY,0,0.0,0,0,0.0,0,0,0,0.0,0.875,1,P87_CV0,2,1,1,1,1,0,2,0,2
54,-960143.922,49879.10697,Age0_F54_m34f34_P54_Y7_UO1644,I34_F54_m34f34_P54_Y2_UO1600,I34_F32_m34f34_P32_Y5_UO1599,FXX,0,0.0,0,0,0.0,0,0,0,0.0,0.375,1,P87_CV0,2,1,1,1,1,0,2,0,2
54,-960143.922,49879.10697,Age0_F54_m34f34_P54_Y7_UO1664,ID34_F54_m-1f-1_P88_Y-1_U124,I34_F61_m34f34_P61_Y5_UO1601,MXY,0,0.0,0,0,0.0,0,0,0,0.0,0.25,1,P87_CV0,2,0,2,1,1,0,2,0,2
54,-960143.922,49879.10697,Age0_F54_m88f88_P54_Y7_UO4167,I88_F29_m34f34_P66_Y0_UO1697,ID88_F54_m-1f-1_P88_Y-1_U80,MXY,0,0.0,0,0,0.0,0,0,0,0.0,0.25,1,P87_CV0,2,1,1,1,1,0,2,0,2
54,-960143.922,49879.10697,Age0_F54_m88f88_P54_Y7_UO4174,I88_F29_m-1f-1_P88_Y-1_U86,ID88_F32_m53f53_P26_Y3_UO2509,MXY,0,0.0,0,0,0.0,0,0,0,0.0,0.625,1,P87_CV0,2,2,0,1,1,0,2,0,2
54,-960143.922,49879.10697,Age0_F54_m88f88_P54_Y7_UO4181,I88_F29_m-1f-1_P88_Y-1_U43,I88_F29_m88f88_P29_Y3_UO4097,FXX,0,0.0,0,0,0.0,0,0,0,0.0,0.75,1,P87_CV0,2,1,1,1,1,0,2,0,2
54,-960143.922,49879.10697,Age0_F54_m88f88_P54_Y7_UO4188,I88_F29_m-1f-1_P88_Y-1_U66,I88_F29_m88f88_P29_Y5_UO4157,FXX,0,0.0,0,0,0.0,0,0,0,0.0,0.5,1,P87_CV0,2,0,2,1,1,0,2,0,2
54,-960143.922,49879.10697,E54_F34_m34f34_P32_Y6_UO1601,I34_F32_m34f34_P32_Y4_UO1588,I34_F54_m88f88_P54_Y4_UO4144,MXY,1,0.0,1,1,0.0,0,0,0,-9999.0,0.625,1,P87_CV0,2,1,1,2,0,0,2,0,2
54,-960143.922,49879.10697,E54_F34_m34f34_P54_Y6_UO1646,I34_F54_m34f34_P32_Y2_UO1603,I34_F54_m88f88_P54_Y2_UO4120,FXX,1,0.0,1,1,1.0,0,0,0,-9999.0,0.5,1,P87_CV0,2,1,1,1,1,0,2,0,2
54,-960143.922,49879.10697,E54_F34_m34f34_P54_Y6_UO1667,I34_F61_m88f88_P54_Y0_UO4445,I34_F54_m88f88_P54_Y1_UO3910,FXX,1,0.0,1,1,1.0,0,0,0,-9999.0,0.375,1,P87_CV0,2,0,2,1,1,0,2,0,2
54,-960143.922,49879.10697,E54_F34_m78f78_P54_Y6_UO3512,I78_F13_m88f88_P29_Y3_UO4123,I78_F29_m88f88_P29_Y0_UO4488,FXX,1,0.0,1,1,1.0,0,0,0,-9999.0,0.375,1,P87_CV0,2,2,0,2,0,0,2,0,2
54,-960143.922,49879.10697,E54_F34_m88f88_P54_Y6_UO4186,I88_F74_m-1f-1_P88_Y-1_U124,I88_F29_m-1f-1_P88_Y-1_U135,FXX,1,0.0,1,1,1.0,0,0,0,-9999.0,0.0,1,P87_CV0,2,0,2,0,2,0,2,0,2
54,-960143.922,49879.10697,E54_F34_m88f88_P54_Y6_UO4191,I88_F29_m-1f-1_P88_Y-1_U134,I88_F29_m78f78_P54_Y4_UO3470,MXY,1,0.0,1,1,0.0,0,0,0,-9999.0,0.5,1,P87_CV0,2,0,2,1,1,0,2,0,2
54,-960143.922,49879.10697,E54_F34_m88f88_P54_Y6_UO4200,I88_F29_m-1f-1_P88_Y-1_U94,I88_F29_m-1f-1_P88_Y-1_U73,FXX,1,0.0,1,1,1.0,0,0,0,-9999.0,0.5,1,P87_CV0,2,1,1,1,1,0,2,0,2
54,-960143.922,49879.10697,E54_F34_m88f88_P54_Y6_UO4205,I88_F32_m-1f-1_P34_Y-1_U185,I88_F54_m-1f-1_P88_Y-1_U119,MXY,1,0.0,1,1,0.0,0,0,0,-9999.0,0.25,1,P87_CV0,2,1,1,1,1,0,2,0,2
54,-960143.922,49879.10697,E54_F78_m37f37_P38_Y6_UO1720,ID37_F38_m88f88_P74_Y4_UO4148,ID37_F52_m88f88_P74_Y4_UO4107,FXX,1,0.0,1,1,1.0,0,0,0,-9999.0,0.375,1,P87_CV0,2,1,1,1,1,0,2,0,2
54,-960143.922,49879.10697,E54_F34_m34f34_P54_Y5_UO1565,ID34_F54_m88f88_P54_Y3_UO4104,I34_F32_m-1f-1_P34_Y-1_U195,MXY,2,0.0,1,0,0.0,0,0,0,-9999.0,0.5,1,P87_CV0,2,1,1,1,1,0,2,0,2
54,-960143.922,49879.10697,E54_F34_m34f34_P32_Y5_UO1623,I34_F54_m62f62_P26_Y1_UO2838,I34_F32_m88f88_P54_Y2_UO4129,FXX,2,0.0,1,0,1.0,0,0,0,-9999.0,0.375,1,P87_CV0,2,2,0,0,2,0,2,0,2
54,-960143.922,49879.10697,E54_F34_m88f88_P54_Y5_UO4136,ID88_F29_m-1f-1_P88_Y-1_U172,I88_F29_m88f88_P29_Y3_UO4114,FXX,2,0.0,1,0,1.0,0,0,0,-9999.0,0.375,1,P87_CV0,2,0,2,1,1,0,2,0,2
54,-960143.922,49879.10697,E54_F34_m34f34_P32_Y5_UO1599,ID34_F32_m34f34_P66_Y2_UO1630,ID34_F32_m88f88_P29_Y2_UO4149,MXY,2,0.0,1,0,0.0,0,0,0,-9999.0,0.5,1,P87_CV0,2,1,1,1,1,0,2,0,2
54,-960143.922,49879.10697,E54_F34_m88f88_P54_Y5_UO4167,I88_F29_m-1f-1_P88_Y-1_U197,ID88_F29_m-1f-1_P88_Y-1_U123,MXY,2,0.0,1,0,0.0,0,0,0,-9999.0,0.75,1,P87_CV0,2,2,0,2,0,0,2,0,2
54,-960143.922,49879.10697,E54_F34_m34f34_P54_Y4_UO1622,I34_F32_m88f88_P54_Y0_UO4490,I34_F66_m78f78_P54_Y0_UO3777,FXX,3,0.0,1,0,1.0,0,0,0,-9999.0,0.375,1,P87_CV0,2,1,1,1,1,0,2,0,2
54,-960143.922,49879.10697,E54_F34_m88f88_P29_Y4_UO4116,I88_F29_m-1f-1_P88_Y-1_U124,ID88_F29_m-1f-1_P88_Y-1_U237,MXY,3,0.0,1,0,0.0,0,0,0,-9999.0,0.25,1,P87_CV0,2,0,2,2,0,0,2,0,2
54,-960143.922,49879.10697,E54_F34_m88f88_P54_Y4_UO4136,I88_F29_m-1f-1_P88_Y-1_U196,I88_F54_m-1f-1_P88_Y-1_U21,MXY,3,0.0,1,0,0.0,0,0,0,-9999.0,0.75,1,P87_CV0,2,2,0,0,2,0,2,0,2
54,-960143.922,49879.10697,E54_F34_m88f88_P54_Y4_UO4108,I88_F54_m-1f-1_P88_Y-1_U45,I88_F29_m-1f-1_P88_Y-1_U79,MXY,3,0.0,1,0,0.0,0,0,0,-9999.0,0.75,1,P87_CV0,2,2,0,0,2,0,2,0,2
54,-960143.922,49879.10697,E54_F34_m34f34_P32_Y4_UO1564,I34_F32_m34f34_P32_Y2_UO1578,I34_F32_m88f88_P54_Y2_UO4125,FXX,3,0.0,1,0,1.0,0,0,0,-9999.0,0.8125,1,P87_CV0,2,2,0,1,1,0,2,0,2
54,-960143.922,49879.10697,E54_F78_m88f88_P29_Y3_UO4095,I88_F29_m-1f-1_P88_Y-1_U61,I88_F54_m-1f-1_P88_Y-1_U6,MXY,4,0.0,1,0,0.0,0,0,1,-9999.0,0.75,1,P87_CV0,2,1,1,1,1,0,2,0,2
54,-960143.922,49879.10697,E54_F34_m88f88_P54_Y2_UO4138,I88_F29_m-1f-1_P88_Y-1_U198,I88_F54_m-1f-1_P88_Y-1_U155,FXX,5,0.0,1,0,1.0,0,0,0,-9999.0,0.5,1,P87_CV0,2,1,1,2,0,0,2,0,2
54,-960143.922,49879.10697,E54_F34_m88f88_P54_Y2_UO4142,ID88_F29_m-1f-1_P88_Y-1_U51,I88_F29_m-1f-1_P88_Y-1_U149,FXX,5,0.0,1,0,1.0,0,0,0,-9999.0,0.5,1,P87_CV0,2,0,2,1,1,0,2,0,2
54,-960143.922,49879.10697,E54_F34_m88f88_P54_Y2_UO4093,ID88_F29_m88f88_P29_Y0_UO4428,I88_F29_m-1f-1_P88_Y-1_U149,FXX,5,0.0,1,0,1.0,0,0,0,-9999.0,0.5,1,P87_CV0,2,1,1,2,0,0,2,0,2
54,-960143.922,49879.10697,E54_F34_m88f88_P54_Y2_UO4120,I88_F29_m-1f-1_P88_Y-1_U7,I88_F54_m-1f-1_P88_Y-1_U3,MXY,5,0.0,1,0,0.0,0,0,0,-9999.0,0.5,1,P87_CV0,2,1,1,0,2,0,2,0,2
54,-960143.922,49879.10697,E54_F78_m88f88_P29_Y2_UO4113,I88_F38_m-1f-1_P88_Y-1_U218,I88_F29_m-1f-1_P88_Y-1_U119,MXY,5,0.0,1,0,0.0,0,0,0,-9999.0,0.25,1,P87_CV0,2,0,2,0,2,0,2,0,2
54,-960143.922,49879.10697,E54_F34_m88f88_P54_Y0_UO4445,R88_F88_m-1f-1_P88_Y-1_U107,R88_F88_m-1f-1_P88_Y-1_U103,FXX,7,0.0,1,0,1.0,0,0,0,-9999.0,0.5,1,P87_CV0,2,0,2,0,2,0,2,0,2
54,-960143.922,49879.10697,E54_F34_m-1f-1_P88_Y-1_U124,-9999,-9999,FXX,9,0.0,1,0,1.0,0,0,0,-9999.0,0.0,1,P87_CV0,2,0,2,1,1,0,2,0,2
54,-960143.922,49879.10697,E54_F88_m-1f-1_P88_Y-1_U86,-9999,-9999,FXX,10,0.0,1,0,1.0,0,0,0,-9999.0,0.5,1,P87_CV0,2,1,1,1,1,0,2,0,2
54,-960143.922,49879.10697,E54_F88_m-1f-1_P88_Y-1_U201,-9999,-9999,FXX,10,0.0,1,0,1.0,0,0,0,-9999.0,0.0,1,P87_CV0,2,0,2,1,1,0,2,0,2
54,-960143.922,49879.10697,E54_F88_m-1f-1_P88_Y-1_U43,-9999,-9999,FXX,11,0.0,1,0,1.0,0,0,0,-9999.0,1.0,1,P87_CV0,2,2,0,1,1,0,2,0,2
54,-960143.922,49879.10697,E54_F88_m-1f-1_P88_Y-1_U92,-9999,-9999,FXX,12,0.0,1,0,1.0,0,0,0,-9999.0,0.5,1,P87_CV0,2,1,1,2,0,0,2,0,2
54,-960143.922,49879.10697,E54_F88_m-1f-1_P88_Y-1_U66,-9999,-9999,FXX,13,0.0,1,0,1.0,0,0,0,-9999.0,0.5,1,P87_CV0,2,1,1,1,1,0,2,0,2
54,-960143.922,49879.10697,E54_F88_m-1f-1_P88_Y-1_U162,-9999,-9999,MXY,14,0.0,1,0,0.0,0,0,0,-9999.0,0.5,1,P87_CV0,2,1,1,2,0,0,2,0,2
54,-960143.922,49879.10697,E54_F88_m-1f-1_P88_Y-1_U149,-9999,-9999,MXY,15,0.0,1,0,0.0,0,0,0,-9999.0,0.5,1,P87_CV0,2,1,1,1,1,0,2,0,2
57,-513366.1414,-719865.8633,E57_F40_m11f11_P2_Y0_UO650,R11_F11_m-1f-1_P11_Y-1_U165,R11_F11_m-1f-1_P11_Y-1_U84,FXX,7,0.0,1,0,1.0,0,0,0,-9999.0,0.75,1,P10_CV0,2,2,0,1,1,0,2,0,2
57,-513366.1414,-719865.8633,Age0_F57_m23f23_P57_Y7_UO1113,ID23_F6_m12f12_P52_Y5_UO762,I23_F6_m12f12_P86_Y5_UO746,MXY,0,0.0,0,0,0.0,0,0,0,0.0,0.46875,1,P11_CV0,2,2,0,1,1,0,2,0,2
57,-513366.1414,-719865.8633,Age0_F57_m40f40_P57_Y7_UO1957,I40_F6_m11f11_P2_Y0_UO650,ID40_F6_m90f90_P27_Y4_UO4253,FXX,0,0.0,0,0,0.0,0,0,0,0.0,0.5,1,P11_CV0,2,2,0,1,1,0,2,0,2
57,-513366.1414,-719865.8633,Age0_F57_m45f45_P57_Y7_UO2186,I45_F86_m12f12_P86_Y5_UO759,I45_F57_m-1f-1_P45_Y-1_U30,MXY,0,0.0,0,0,0.0,0,0,0,0.0,0.4375,1,P11_CV0,2,2,0,1,1,0,2,0,2
57,-513366.1414,-719865.8633,Age0_F57_m90f90_P57_Y7_UO4271,ID90_F57_m90f90_P27_Y3_UO4139,I90_F52_m40f40_P57_Y5_UO1942,MXY,0,0.0,0,0,0.0,0,0,0,0.0,0.4375,1,P11_CV0,2,0,2,1,1,0,2,0,2
57,-513366.1414,-719865.8633,E57_F23_m12f12_P86_Y6_UO777,I12_F86_m-1f-1_P12_Y-1_U94,ID12_F52_m-1f-1_P12_Y-1_U47,FXX,1,0.0,1,1,1.0,0,0,0,-9999.0,1.0,1,P11_CV0,2,2,0,1,1,0,2,0,2
57,-513366.1414,-719865.8633,E57_F23_m12f12_P86_Y6_UO776,ID12_F38_m-1f-1_P37_Y-1_U220,ID12_F86_m-1f-1_P12_Y-1_U72,FXX,1,0.0,1,1,1.0,0,0,0,-9999.0,0.5,1,P11_CV0,2,1,1,0,2,0,2,0,2
57,-513366.1414,-719865.8633,E57_F23_m90f90_P86_Y6_UO4342,I90_F52_m-1f-1_P45_Y-1_U12,I90_F86_m46f46_P86_Y4_UO2201,MXY,1,0.0,1,1,0.0,0,0,0,-9999.0,0.4375,1,P11_CV0,2,2,0,2,0,0,2,0,2
57,-513366.1414,-719865.8633,E57_F23_m90f90_P35_Y6_UO4299,ID90_F52_m12f12_P86_Y1_UO700,I90_F6_m90f90_P35_Y1_UO3995,FXX,1,0.0,1,1,1.0,0,0,0,-9999.0,0.5,1,P11_CV0,2,1,1,1,1,0,2,0,2
57,-513366.1414,-719865.8633,E57_F23_m90f90_P86_Y6_UO4273,I90_F52_m30f30_P52_Y3_UO1450,I90_F57_m90f90_P86_Y3_UO4163,FXX,1,0.0,1,1,1.0,0,0,0,-9999.0,0.375,1,P11_CV0,2,1,1,1,1,0,2,0,2
57,-513366.1414,-719865.8633,E57_F40_m90f90_P6_Y6_UO4271,I90_F27_m90f90_P86_Y3_UO4189,I90_F57_m12f12_P52_Y0_UO736,MXY,1,0.0,1,1,0.0,0,0,0,-9999.0,0.75,1,P11_CV0,2,1,1,2,0,0,2,0,2
57,-513366.1414,-719865.8633,E57_F45_m12f12_P86_Y6_UO714,I12_F52_m90f90_P86_Y4_UO4205,I12_F86_m46f46_P52_Y3_UO2217,FXX,1,0.0,1,1,1.0,0,0,0,-9999.0,0.375,1,P11_CV0,2,0,2,0,2,0,2,0,2
57,-513366.1414,-719865.8633,E57_F45_m12f12_P86_Y6_UO728,I12_F52_m12f12_P86_Y3_UO684,I12_F52_m46f46_P86_Y3_UO2225,FXX,1,0.0,1,1,1.0,0,0,0,-9999.0,0.625,1,P11_CV0,2,0,2,1,1,0,2,0,2
57,-513366.1414,-719865.8633,E57_F90_m30f30_P35_Y6_UO1386,I30_F13_m12f12_P52_Y4_UO728,ID30_F38_m39f39_P51_Y4_UO1815,FXX,1,0.0,1,1,1.0,0,0,0,-9999.0,0.5,1,P11_CV0,2,1,1,1,1,0,2,0,2
57,-513366.1414,-719865.8633,E57_F92_m92f92_P6_Y6_UO4349,I92_F99_m92f92_P57_Y4_UO4348,ID92_F35_m90f90_P6_Y1_UO4026,FXX,1,0.0,1,1,1.0,0,0,0,-9999.0,0.5625,1,P11_CV0,2,1,1,1,1,0,2,0,2
57,-513366.1414,-719865.8633,E57_F23_m12f12_P52_Y5_UO762,I12_F52_m-1f-1_P12_Y-1_U124,I12_F86_m-1f-1_P12_Y-1_U218,FXX,2,0.0,1,0,1.0,0,0,0,-9999.0,0.25,1,P11_CV0,2,1,1,0,2,0,2,0,2
57,-513366.1414,-719865.8633,E57_F23_m90f90_P35_Y5_UO4274,ID90_F57_m-1f-1_P40_Y-1_U173,ID90_F52_m-1f-1_P12_Y-1_U72,MXY,2,0.0,1,0,0.0,0,0,0,-9999.0,0.25,1,P11_CV0,2,1,1,0,2,0,2,0,2
57,-513366.1414,-719865.8633,E57_F45_m12f12_P86_Y5_UO759,ID12_F52_m-1f-1_P12_Y-1_U237,ID12_F86_m46f46_P13_Y2_UO2292,FXX,2,0.0,1,0,1.0,0,0,0,-9999.0,0.375,1,P11_CV0,2,1,1,2,0,0,2,0,2
57,-513366.1414,-719865.8633,E57_F92_m90f90_P6_Y5_UO4186,I90_F35_m42f42_P99_Y3_UO2034,ID90_F57_m23f23_P76_Y3_UO1193,MXY,2,0.0,1,0,0.0,0,0,0,-9999.0,0.5,1,P11_CV0,2,1,1,1,1,0,2,0,2
57,-513366.1414,-719865.8633,E57_F40_m90f90_P27_Y4_UO4253,I90_F86_m-1f-1_P90_Y-1_U33,I90_F35_m12f12_P52_Y2_UO712,MXY,3,0.0,1,0,0.0,0,0,0,-9999.0,0.25,1,P11_CV0,2,1,1,0,2,0,2,0,2
57,-513366.1414,-719865.8633,E57_F90_m46f46_P86_Y4_UO2201,I46_F52_m46f46_P93_Y2_UO2291,I46_F52_m-1f-1_P46_Y-1_U244,MXY,3,0.0,1,0,0.0,0,0,0,-9999.0,0.375,1,P11_CV0,2,2,0,1,1,0,2,0,2
57,-513366.1414,-719865.8633,E57_F92_m92f92_P6_Y4_UO4278,I92_F99_m12f12_P57_Y2_UO750,I92_F6_m23f23_P27_Y2_UO1207,MXY,3,0.0,1,0,0.0,0,0,0,-9999.0,0.625,1,P11_CV0,2,1,1,1,1,0,2,0,2
57,-513366.1414,-719865.8633,E57_F23_m46f46_P52_Y3_UO2266,ID46_F93_m-1f-1_P12_Y-1_U228,ID46_F52_m-1f-1_P12_Y-1_U134,MXY,4,0.0,1,0,0.0,0,0,0,-9999.0,1.0,1,P11_CV0,2,2,0,1,1,0,2,0,2
57,-513366.1414,-719865.8633,E57_F40_m12f12_P86_Y3_UO702,I12_F52_m-1f-1_P12_Y-1_U237,I12_F52_m-1f-1_P46_Y-1_U118,MXY,4,0.0,1,0,0.0,0,0,0,-9999.0,0.5,1,P11_CV0,2,1,1,1,1,0,2,0,2
57,-513366.1414,-719865.8633,E57_F90_m90f90_P27_Y3_UO4139,I90_F52_m90f90_P86_Y1_UO4009,I90_F6_m-1f-1_P23_Y-1_U128,FXX,4,0.0,1,0,1.0,0,0,0,-9999.0,0.375,1,P11_CV0,2,1,1,0,2,0,2,0,2
57,-513366.1414,-719865.8633,E57_F23_m23f23_P27_Y2_UO1178,ID23_F86_m-1f-1_P12_Y-1_U33,I23_F27_m45f45_P86_Y0_UO2293,FXX,5,0.0,1,0,1.0,0,0,0,-9999.0,0.5,1,P11_CV0,2,0,2,0,2,0,2,0,2
57,-513366.1414,-719865.8633,E57_F90_m12f12_P86_Y2_UO691,I12_F52_m-1f-1_P12_Y-1_U160,I12_F52_m45f45_P86_Y0_UO2258,MXY,5,0.0,1,0,0.0,0,0,0,-9999.0,0.375,1,P11_CV0,2,1,1,1,1,0,2,0,2
57,-513366.1414,-719865.8633,E57_F90_m12f12_P52_Y1_UO668,I12_F86_m-1f-1_P12_Y-1_U230,ID12_F52_m-1f-1_P12_Y-1_U138,MXY,6,0.0,1,0,0.0,0,0,0,-9999.0,0.5,1,P11_CV0,2,0,2,1,1,0,2,0,2
57,-513366.1414,-719865.8633,E57_F90_m12f12_P52_Y0_UO780,R12_F12_m-1f-1_P12_Y-1_U221,R12_F12_m-1f-1_P12_Y-1_U105,MXY,7,0.0,1,0,0.0,0,0,0,-9999.0,0.5,1,P11_CV0,2,1,1,2,0,0,2,0,2
57,-513366.1414,-719865.8633,E57_F12_m-1f-1_P12_Y-1_U15,-9999,-9999,MXY,12,0.0,1,0,0.0,0,0,0,-9999.0,0.5,1,P11_CV0,2,1,1,2,0,0,2,0,2
57,-513366.1414,-719865.8633,Age0_F57_m12f12_P57_Y7_UO712,I12_F86_m12f12_P52_Y4_UO696,ID12_F52_m90f90_P86_Y5_UO4272,MXY,0,0.0,0,0,0.0,0,0,0,0.0,0.5625,1,P22_CV0,2,1,1,0,2,0,2,0,2
57,-513366.1414,-719865.8633,Age0_F57_m23f23_P57_Y7_UO1129,ID23_F86_m12f12_P86_Y5_UO718,I23_F35_m23f23_P86_Y0_UO1256,MXY,0,0.0,0,0,0.0,0,0,0,0.0,0.5,1,P22_CV0,2,2,0,1,1,0,2,0,2
57,-513366.1414,-719865.8633,Age0_F57_m23f23_P57_Y7_UO1135,I23_F57_m23f23_P27_Y5_UO1232,I23_F27_m12f12_P52_Y3_UO735,FXX,0,0.0,0,0,0.0,0,0,0,0.0,0.125,1,P22_CV0,2,0,2,1,1,0,2,0,2
57,-513366.1414,-719865.8633,Age0_F57_m23f23_P57_Y7_UO1155,ID23_F27_m90f90_P86_Y4_UO4207,I23_F6_m-1f-1_P23_Y-1_U151,FXX,0,0.0,0,0,0.0,0,0,0,0.0,0.5,1,P22_CV0,2,1,1,1,1,0,2,0,2
57,-513366.1414,-719865.8633,Age0_F57_m23f23_P57_Y7_UO1161,I23_F27_m23f23_P27_Y4_UO1166,ID23_F27_m23f23_P86_Y5_UO1213,FXX,0,0.0,0,0,0.0,0,0,0,0.0,0.625,1,P22_CV0,2,2,0,0,2,0,2,0,2
57,-513366.1414,-719865.8633,Age0_F57_m23f23_P57_Y7_UO1177,I23_F35_m45f45_P57_Y3_UO2139,ID23_F6_m23f23_P27_Y2_UO1174,FXX,0,0.0,0,0,0.0,0,0,0,0.0,0.4375,1,P22_CV0,2,1,1,2,0,0,2,0,2
57,-513366.1414,-719865.8633,Age0_F57_m23f23_P57_Y7_UO1217,I23_F57_m-1f-1_P23_Y-1_U7,ID23_F52_m-1f-1_P23_Y-1_U113,FXX,0,0.0,0,0,0.0,0,0,0,0.0,0.75,1,P22_CV0,2,1,1,1,1,0,2,0,2
57,-513366.1414,-719865.8633,Age0_F57_m23f23_P57_Y7_UO1224,I23_F6_m-1f-1_P23_Y-1_U186,I23_F86_m23f23_P6_Y2_UO1158,MXY,0,0.0,0,0,0.0,0,0,0,0.0,0.1875,1,P22_CV0,2,0,2,1,1,0,2,0,2
57,-513366.1414,-719865.8633,Age0_F57_m40f40_P57_Y7_UO1963,I40_F6_m58f58_P99_Y0_UO2974,I40_F99_m23f23_P6_Y2_UO1212,FXX,0,0.0,0,0,0.0,0,0,0,0.0,0.375,1,P22_CV0,2,0,2,0,2,0,2,0,2
57,-513366.1414,-719865.8633,Age0_F57_m40f40_P57_Y7_UO1983,I40_F57_m-1f-1_P40_Y-1_U119,I40_F57_m23f23_P57_Y0_UO1319,MXY,0,0.0,0,0,0.0,0,0,0,0.0,0.875,1,P22_CV0,2,2,0,1,1,0,2,0,2
57,-513366.1414,-719865.8633,Age0_F57_m45f45_P57_Y7_UO2235,I45_F57_m23f23_P86_Y0_UO1316,I45_F6_m-1f-1_P90_Y-1_U249,MXY,0,0.0,0,0,0.0,0,0,0,0.0,0.375,1,P22_CV0,2,0,2,1,1,0,2,0,2
57,-513366.1414,-719865.8633,Age0_F57_m90f90_P57_Y7_UO4215,I90_F86_m23f23_P27_Y5_UO1173,I90_F57_m23f23_P6_Y4_UO1178,FXX,0,0.0,0,0,0.0,0,0,0,0.0,0.25,1,P22_CV0,2,1,1,1,1,0,2,0,2
57,-513366.1414,-719865.8633,Age0_F57_m90f90_P57_Y7_UO4231,ID90_F35_m40f40_P86_Y5_UO1895,I90_F52_m-1f-1_P23_Y-1_U158,MXY,0,0.0,0,0,0.0,0,0,0,0.0,0.4375,1,P22_CV0,2,0,2,2,0,0,2,0,2
57,-513366.1414,-719865.8633,Age0_F57_m90f90_P57_Y7_UO4241,I90_F35_m12f12_P52_Y4_UO705,I90_F27_m-1f-1_P23_Y-1_U88,FXX,0,0.0,0,0,0.0,0,0,0,0.0,0.4375,1,P22_CV0,2,1,1,1,1,0,2,0,2
57,-513366.1414,-719865.8633,Age0_F57_m90f90_P57_Y7_UO4300,ID90_F52_m7f7_P52_Y0_UO446,I90_F86_m23f23_P86_Y3_UO1182,MXY,0,0.0,0,0,0.0,0,0,0,0.0,0.5625,1,P22_CV0,2,2,0,2,0,0,2,0,2
57,-513366.1414,-719865.8633,Age0_F57_m92f92_P57_Y7_UO4323,I92_F99_m23f23_P6_Y5_UO1233,I92_F99_m58f58_P99_Y4_UO2762,MXY,0,0.0,0,0,0.0,0,0,0,0.0,0.5,1,P22_CV0,2,1,1,1,1,0,2,0,2
57,-513366.1414,-719865.8633,Age0_F57_m92f92_P57_Y7_UO4380,I92_F99_m42f42_P99_Y3_UO1998,ID92_F99_m23f23_P99_Y2_UO1202,FXX,0,0.0,0,0,0.0,0,0,0,0.0,0.375,1,P22_CV0,2,1,1,1,1,0,2,0,2
57,-513366.1414,-719865.8633,E57_F23_m90f90_P86_Y6_UO4212,I90_F86_m92f92_P27_Y4_UO4337,I90_F86_m-1f-1_P39_Y-1_U197,MXY,1,0.0,1,1,0.0,0,0,0,-9999.0,0.4375,1,P22_CV0,2,0,2,0,2,0,2,0,2
57,-513366.1414,-719865.8633,E57_F23_m45f45_P86_Y6_UO2224,ID45_F27_m45f45_P6_Y2_UO2125,I45_F6_m12f12_P52_Y2_UO677,MXY,1,0.0,1,1,0.0,0,0,0,-9999.0,0.4375,1,P22_CV0,2,1,1,1,1,0,2,0,2
57,-513366.1414,-719865.8633,E57_F23_m23f23_P27_Y6_UO1184,I23_F6_m23f23_P86_Y3_UO1166,I23_F52_m-1f-1_P23_Y-1_U151,FXX,1,0.0,1,1,1.0,0,0,0,-9999.0,0.3125,1,P22_CV0,2,0,2,1,1,0,2,0,2
57,-513366.1414,-719865.8633,E57_F23_m45f45_P57_Y6_UO2201,ID45_F86_m90f90_P52_Y4_UO4165,I45_F6_m40f40_P6_Y4_UO1908,FXX,1,0.0,1,1,1.0,0,0,0,-9999.0,0.625,1,P22_CV0,2,2,0,2,0,0,2,0,2
57,-513366.1414,-719865.8633,E57_F45_m90f90_P57_Y6_UO4326,I90_F52_m-1f-1_P46_Y-1_U127,ID90_F27_m-1f-1_P23_Y-1_U113,FXX,1,0.0,1,1,1.0,0,0,0,-9999.0,1.0,1,P22_CV0,2,2,0,0,2,0,2,0,2
57,-513366.1414,-719865.8633,E57_F50_m90f90_P6_Y6_UO4296,I90_F27_m45f45_P27_Y2_UO2194,ID90_F35_m90f90_P52_Y4_UO4206,MXY,1,0.0,1,1,0.0,0,0,0,-9999.0,0.8125,1,P22_CV0,2,1,1,1,1,0,2,0,2
57,-513366.1414,-719865.8633,E57_F50_m23f23_P99_Y6_UO1214,I23_F6_m23f23_P86_Y1_UO1128,I23_F57_m-1f-1_P23_Y-1_U149,FXX,1,0.0,1,1,1.0,0,0,0,-9999.0,0.375,1,P22_CV0,2,1,1,0,2,0,2,0,2
57,-513366.1414,-719865.8633,E57_F90_m12f12_P52_Y6_UO747,I12_F52_m23f23_P57_Y1_UO1089,I12_F52_m12f12_P52_Y1_UO636,FXX,1,0.0,1,1,1.0,0,0,0,-9999.0,0.75,1,P22_CV0,2,2,0,1,1,0,2,0,2
57,-513366.1414,-719865.8633,E57_F92_m23f23_P6_Y6_UO1202,I23_F57_m92f92_P6_Y1_UO4088,I23_F6_m23f23_P6_Y0_UO1216,MXY,1,0.0,1,1,0.0,0,0,0,-9999.0,0.625,1,P22_CV0,2,2,0,1,1,0,2,0,2
57,-513366.1414,-719865.8633,E57_F92_m23f23_P6_Y6_UO1242,ID23_F57_m-1f-1_P23_Y-1_U177,ID23_F27_m90f90_P27_Y3_UO4144,FXX,1,0.0,1,1,1.0,0,0,0,-9999.0,0.3125,1,P22_CV0,2,0,2,0,2,0,2,0,2
57,-513366.1414,-719865.8633,E57_F92_m40f40_P6_Y6_UO1981,ID40_F6_m-1f-1_P23_Y-1_U86,I40_F6_m92f92_P6_Y2_UO4304,FXX,1,0.0,1,1,1.0,0,0,0,-9999.0,0.5,1,P22_CV0,2,1,1,2,0,0,2,0,2
57,-513366.1414,-719865.8633,E57_F92_m50f50_P6_Y6_UO2413,I50_F99_m50f50_P99_Y4_UO2376,I50_F6_m50f50_P6_Y1_UO2300,MXY,1,0.0,1,1,0.0,0,0,0,-9999.0,0.375,1,P22_CV0,2,1,1,1,1,0,2,0,2
57,-513366.1414,-719865.8633,E57_F92_m92f92_P6_Y6_UO4424,I92_F57_m40f40_P6_Y1_UO1721,I92_F99_m23f23_P6_Y2_UO1140,FXX,1,0.0,1,1,1.0,0,0,0,-9999.0,0.3125,1,P22_CV0,2,2,0,0,2,0,2,0,2
57,-513366.1414,-719865.8633,E57_F23_m90f90_P86_Y5_UO4268,I90_F52_m-1f-1_P23_Y-1_U7,ID90_F52_m-1f-1_P90_Y-1_U70,MXY,2,0.0,1,0,0.0,0,0,0,-9999.0,0.5,1,P22_CV0,2,0,2,1,1,0,2,0,2
57,-513366.1414,-719865.8633,E57_F23_m23f23_P86_Y5_UO1213,I23_F6_m23f23_P76_Y0_UO1218,I23_F57_m-1f-1_P23_Y-1_U125,MXY,2,0.0,1,0,0.0,0,0,0,-9999.0,0.625,1,P22_CV0,2,2,0,0,2,0,2,0,2
57,-513366.1414,-719865.8633,E57_F23_m23f23_P6_Y5_UO1200,I23_F35_m23f23_P27_Y0_UO1317,ID23_F86_m23f23_P6_Y0_UO1216,MXY,2,0.0,1,0,0.0,0,0,0,-9999.0,0.5,1,P22_CV0,2,1,1,1,1,0,2,0,2
57,-513366.1414,-719865.8633,E57_F90_m90f90_P86_Y5_UO4219,ID90_F86_m23f23_P27_Y2_UO1184,ID90_F35_m-1f-1_P23_Y-1_U154,MXY,2,0.0,1,0,0.0,0,0,0,-9999.0,0.875,1,P22_CV0,2,2,0,2,0,0,2,0,2
57,-513366.1414,-719865.8633,E57_F90_m23f23_P27_Y5_UO1173,I23_F57_m90f90_P35_Y2_UO4217,I23_F6_m23f23_P76_Y1_UO1146,FXX,2,0.0,1,0,1.0,0,0,0,-9999.0,0.25,1,P22_CV0,2,1,1,1,1,0,2,0,2
57,-513366.1414,-719865.8633,E57_F92_m23f23_P6_Y5_UO1233,I23_F52_m-1f-1_P23_Y-1_U9,I23_F99_m23f23_P6_Y0_UO1221,FXX,2,0.0,1,0,1.0,0,0,0,-9999.0,0.5,1,P22_CV0,2,1,1,2,0,0,2,0,2
57,-513366.1414,-719865.8633,E57_F23_m23f23_P35_Y4_UO1140,I23_F57_m92f92_P6_Y2_UO4347,I23_F35_m-1f-1_P23_Y-1_U149,MXY,3,0.0,1,0,0.0,0,0,0,-9999.0,0.625,1,P22_CV0,2,2,0,1,1,0,2,0,2
57,-513366.1414,-719865.8633,E57_F23_m90f90_P86_Y4_UO4207,ID90_F52_m45f45_P86_Y1_UO1996,I90_F35_m23f23_P57_Y1_UO1112,FXX,3,0.0,1,0,1.0,0,0,0,-9999.0,0.5,1,P22_CV0,2,2,0,0,2,0,2,0,2
57,-513366.1414,-719865.8633,E57_F90_m40f40_P6_Y4_UO1904,ID40_F6_m42f42_P99_Y0_UO2096,I40_F6_m23f23_P57_Y1_UO1163,MXY,3,0.0,1,0,0.0,0,0,0,-9999.0,0.5,1,P22_CV0,2,0,2,2,0,0,2,0,2
57,-513366.1414,-719865.8633,E57_F42_m23f23_P99_Y2_UO1171,I23_F57_m-1f-1_P90_Y-1_U197,I23_F27_m-1f-1_P23_Y-1_U151,MXY,5,0.0,1,0,0.0,0,0,0,-9999.0,0.25,1,P22_CV0,2,1,1,1,1,0,2,0,2
57,-513366.1414,-719865.8633,E57_F23_m23f23_P27_Y1_UO1133,I23_F27_m-1f-1_P23_Y-1_U244,ID23_F6_m-1f-1_P23_Y-1_U193,FXX,6,0.0,1,0,1.0,0,0,0,-9999.0,0.25,1,P22_CV0,2,0,2,1,1,0,2,0,2
57,-513366.1414,-719865.8633,E57_F40_m23f23_P57_Y1_UO1150,I23_F86_m-1f-1_P23_Y-1_U137,ID23_F27_m-1f-1_P23_Y-1_U116,FXX,6,0.0,1,0,1.0,0,0,0,-9999.0,0.75,1,P22_CV0,2,2,0,2,0,0,2,0,2
57,-513366.1414,-719865.8633,E57_F45_m23f23_P6_Y1_UO1073,I23_F6_m-1f-1_P23_Y-1_U162,I23_F57_m-1f-1_P23_Y-1_U182,MXY,6,0.0,1,0,0.0,0,0,0,-9999.0,0.25,1,P22_CV0,2,1,1,0,2,0,2,0,2
57,-513366.1414,-719865.8633,E57_F90_m23f23_P6_Y1_UO1131,ID23_F76_m-1f-1_P23_Y-1_U13,I23_F6_m-1f-1_P23_Y-1_U144,FXX,6,0.0,1,0,1.0,0,0,0,-9999.0,0.25,1,P22_CV0,2,1,1,1,1,0,2,0,2
57,-513366.1414,-719865.8633,E57_F90_m23f23_P76_Y1_UO1146,I23_F27_m-1f-1_P23_Y-1_U79,I23_F27_m-1f-1_P23_Y-1_U184,MXY,6,0.0,1,0,0.0,0,0,0,-9999.0,0.5,1,P22_CV0,2,2,0,1,1,0,2,0,2
57,-513366.1414,-719865.8633,E57_F92_m23f23_P57_Y1_UO1163,ID23_F86_m-1f-1_P23_Y-1_U30,I23_F86_m-1f-1_P23_Y-1_U226,MXY,6,0.0,1,0,0.0,0,0,0,-9999.0,0.5,1,P22_CV0,2,0,2,1,1,0,2,0,2
57,-513366.1414,-719865.8633,E57_F23_m23f23_P6_Y0_UO1216,R23_F23_m-1f-1_P23_Y-1_U10,R23_F23_m-1f-1_P23_Y-1_U85,MXY,7,0.0,1,0,0.0,0,0,0,-9999.0,0.75,1,P22_CV0,2,2,0,2,0,0,2,0,2
57,-513366.1414,-719865.8633,E57_F23_m23f23_P86_Y0_UO1256,R23_F23_m-1f-1_P23_Y-1_U87,R23_F23_m-1f-1_P23_Y-1_U144,MXY,7,0.0,1,0,0.0,0,0,0,-9999.0,0.5,1,P22_CV0,2,1,1,2,0,0,2,0,2
57,-513366.1414,-719865.8633,E57_F40_m23f23_P27_Y0_UO1243,R23_F23_m-1f-1_P23_Y-1_U63,R23_F23_m-1f-1_P23_Y-1_U101,FXX,7,0.0,1,0,1.0,0,0,0,-9999.0,0.5,1,P22_CV0,2,1,1,1,1,0,2,0,2
57,-513366.1414,-719865.8633,E57_F45_m23f23_P86_Y0_UO1316,R23_F23_m-1f-1_P23_Y-1_U239,R23_F23_m-1f-1_P23_Y-1_U14,FXX,7,0.0,1,0,1.0,0,0,0,-9999.0,0.25,1,P22_CV0,2,1,1,0,2,0,2,0,2
57,-513366.1414,-719865.8633,E57_F23_m-1f-1_P23_Y-1_U162,-9999,-9999,FXX,8,0.0,1,0,1.0,0,0,0,-9999.0,0.5,1,P22_CV0,2,1,1,1,1,0,2,0,2
57,-513366.1414,-719865.8633,E57_F23_m-1f-1_P23_Y-1_U7,-9999,-9999,FXX,9,0.0,1,0,1.0,0,0,0,-9999.0,0.5,1,P22_CV0,2,1,1,1,1,0,2,0,2
57,-513366.1414,-719865.8633,E57_F23_m-1f-1_P23_Y-1_U149,-9999,-9999,MXY,10,0.0,1,0,0.0,0,0,0,-9999.0,0.5,1,P22_CV0,2,1,1,1,1,0,2,0,2
57,-513366.1414,-719865.8633,E57_F23_m-1f-1_P23_Y-1_U186,-9999,-9999,FXX,11,0.0,1,0,1.0,0,0,0,-9999.0,0.0,1,P22_CV0,2,0,2,2,0,0,2,0,2
57,-513366.1414,-719865.8633,E57_F23_m-1f-1_P23_Y-1_U125,-9999,-9999,MXY,12,0.0,1,0,0.0,0,0,0,-9999.0,1.0,1,P22_CV0,2,2,0,0,2,0,2,0,2
57,-513366.1414,-719865.8633,E57_F90_m-1f-1_P23_Y-1_U158,-9999,-9999,MXY,15,0.0,1,0,0.0,0,0,0,-9999.0,0.5,1,P22_CV0,2,1,1,1,1,0,2,0,2
57,-513366.1414,-719865.8633,E57_F45_m45f45_P6_Y6_UO2197,I45_F86_m31f31_P8_Y4_UO1484,I45_F6_m-1f-1_P40_Y-1_U63,MXY,1,0.0,1,1,0.0,0,0,0,-9999.0,0.75,1,P24_CV0,2,1,1,1,1,0,2,0,2
57,-513366.1414,-719865.8633,E57_F40_m65f65_P8_Y5_UO3128,I65_F36_m31f31_P8_Y2_UO1497,I65_F68_m25f25_P98_Y3_UO1262,FXX,2,0.0,1,0,1.0,0,0,0,-9999.0,0.4375,1,P24_CV0,2,1,1,2,0,0,2,0,2
57,-513366.1414,-719865.8633,E57_F45_m25f25_P8_Y2_UO1284,ID25_F8_m-1f-1_P84_Y-1_U177,I25_F8_m-1f-1_P25_Y-1_U35,MXY,5,0.0,1,0,0.0,0,0,0,-9999.0,0.5,1,P24_CV0,2,2,0,2,0,0,2,0,2
57,-513366.1414,-719865.8633,Age0_F57_m45f45_P57_Y7_UO2236,ID45_F13_m30f30_P52_Y0_UO1503,I45_F52_m46f46_P86_Y1_UO2075,FXX,0,0.0,0,0,0.0,0,0,0,0.0,0.75,1,P29_CV0,2,2,0,1,1,0,2,0,2
57,-513366.1414,-719865.8633,E57_F23_m23f23_P76_Y6_UO1205,I23_F57_m23f23_P27_Y1_UO1133,I23_F27_m30f30_P52_Y0_UO1519,FXX,1,0.0,1,1,1.0,0,0,0,-9999.0,0.5,1,P29_CV0,2,1,1,2,0,0,2,0,2
57,-513366.1414,-719865.8633,E57_F90_m90f90_P6_Y6_UO4282,I90_F6_m45f45_P86_Y2_UO2170,I90_F86_m30f30_P52_Y2_UO1419,FXX,1,0.0,1,1,1.0,0,0,0,-9999.0,0.3125,1,P29_CV0,2,1,1,2,0,0,2,0,2
57,-513366.1414,-719865.8633,E57_F90_m12f12_P52_Y6_UO770,ID12_F52_m-1f-1_P12_Y-1_U124,I12_F52_m30f30_P52_Y4_UO1445,FXX,1,0.0,1,1,1.0,0,0,0,-9999.0,0.625,1,P29_CV0,2,1,1,2,0,0,2,0,2
57,-513366.1414,-719865.8633,E57_F90_m12f12_P86_Y6_UO741,I12_F93_m90f90_P86_Y2_UO4200,I12_F86_m46f46_P13_Y2_UO2292,FXX,1,0.0,1,1,1.0,0,0,0,-9999.0,0.6875,1,P29_CV0,2,1,1,1,1,0,2,0,2
57,-513366.1414,-719865.8633,E57_F90_m58f58_P99_Y6_UO2749,I58_F99_m90f90_P35_Y2_UO4225,I58_F81_m-1f-1_P94_Y-1_U226,FXX,1,0.0,1,1,1.0,0,0,0,-9999.0,0.25,1,P29_CV0,2,0,2,1,1,0,2,0,2
57,-513366.1414,-719865.8633,E57_F23_m12f12_P86_Y5_UO718,I12_F52_m46f46_P52_Y2_UO2251,I12_F86_m50f50_P86_Y2_UO2441,FXX,2,0.0,1,0,1.0,0,0,0,-9999.0,0.5,1,P29_CV0,2,2,0,1,1,0,2,0,2
57,-513366.1414,-719865.8633,E57_F12_m30f30_P52_Y4_UO1404,ID30_F38_m-1f-1_P30_Y-1_U93,I30_F13_m-1f-1_P37_Y-1_U190,FXX,3,0.0,1,0,1.0,0,0,0,-9999.0,0.5,1,P29_CV0,2,1,1,0,2,0,2,0,2
57,-513366.1414,-719865.8633,E57_F45_m23f23_P57_Y4_UO1164,I23_F6_m90f90_P86_Y1_UO4032,I23_F57_m30f30_P35_Y0_UO1427,MXY,3,0.0,1,0,0.0,0,0,0,-9999.0,0.875,1,P29_CV0,2,2,0,0,2,0,2,0,2
57,-513366.1414,-719865.8633,E57_F45_m30f30_P52_Y0_UO1503,R30_F30_m-1f-1_P30_Y-1_U191,R30_F30_m-1f-1_P30_Y-1_U39,FXX,7,0.0,1,0,1.0,0,0,0,-9999.0,0.75,1,P29_CV0,2,2,0,0,2,0,2,0,2
57,-513366.1414,-719865.8633,Age0_F57_m23f23_P57_Y7_UO1197,I23_F76_m23f23_P27_Y1_UO1133,I23_F86_m12f12_P86_Y5_UO757,FXX,0,0.0,0,0,0.0,0,0,0,0.0,0.375,1,P30_CV0,2,0,2,1,1,0,2,0,2
57,-513366.1414,-719865.8633,E57_F45_m45f45_P6_Y4_UO2135,I45_F57_m92f92_P86_Y1_UO4095,I45_F8_m31f31_P68_Y0_UO1556,MXY,3,0.0,1,0,0.0,0,0,0,-9999.0,0.75,1,P30_CV0,2,1,1,1,1,0,2,0,2
57,-513366.1414,-719865.8633,E57_F45_m-1f-1_P31_Y-1_U3,-9999,-9999,MXY,10,0.0,1,0,0.0,0,0,0,-9999.0,0.0,1,P30_CV0,2,0,2,1,1,0,2,0,2
57,-513366.1414,-719865.8633,E57_F90_m30f30_P35_Y6_UO1374,I30_F38_m7f7_P38_Y4_UO475,I30_F35_m12f12_P86_Y2_UO709,FXX,1,0.0,1,1,1.0,0,0,0,-9999.0,0.5,1,P36_CV0,2,1,1,2,0,0,2,0,2
57,-513366.1414,-719865.8633,E57_F90_m12f12_P52_Y6_UO740,ID12_F52_m37f37_P93_Y2_UO1729,I12_F86_m23f23_P86_Y4_UO1197,MXY,1,0.0,1,1,0.0,0,0,0,-9999.0,0.25,1,P36_CV0,2,1,1,1,1,0,2,0,2
57,-513366.1414,-719865.8633,Age0_F57_m23f23_P57_Y7_UO1183,ID23_F6_m23f23_P27_Y2_UO1178,I23_F27_m40f40_P6_Y2_UO1886,MXY,0,0.0,0,0,0.0,0,0,0,0.0,0.5,1,P39_CV0,2,1,1,1,1,0,2,0,2
57,-513366.1414,-719865.8633,Age0_F57_m23f23_P57_Y7_UO1220,I23_F99_m-1f-1_P90_Y-1_U244,ID23_F86_m90f90_P57_Y5_UO4197,MXY,0,0.0,0,0,0.0,0,0,0,0.0,0.8125,1,P39_CV0,2,2,0,0,2,0,2,0,2
57,-513366.1414,-719865.8633,Age0_F57_m40f40_P57_Y7_UO1956,ID40_F6_m5f5_P81_Y1_UO292,I40_F6_m40f40_P6_Y0_UO1951,FXX,0,0.0,0,0,0.0,0,0,0,0.0,0.625,1,P39_CV0,2,1,1,1,1,0,2,0,2
57,-513366.1414,-719865.8633,Age0_F57_m40f40_P57_Y7_UO1958,ID40_F99_m23f23_P27_Y0_UO1243,ID40_F57_m-1f-1_P40_Y-1_U145,MXY,0,0.0,0,0,0.0,0,0,0,0.0,0.5,1,P39_CV0,2,0,2,2,0,0,2,0,2
57,-513366.1414,-719865.8633,Age0_F57_m40f40_P57_Y7_UO1965,I40_F57_m-1f-1_P92_Y-1_U24,I40_F6_m92f92_P57_Y2_UO4318,MXY,0,0.0,0,0,0.0,0,0,0,0.0,0.875,1,P39_CV0,2,2,0,0,2,0,2,0,2
57,-513366.1414,-719865.8633,Age0_F57_m40f40_P57_Y7_UO1985,I40_F27_m-1f-1_P40_Y-1_U231,ID40_F6_m45f45_P6_Y5_UO2168,FXX,0,0.0,0,0,0.0,0,0,0,0.0,0.1875,1,P39_CV0,2,0,2,1,1,0,2,0,2
57,-513366.1414,-719865.8633,Age0_F57_m45f45_P57_Y7_UO2259,I45_F6_m-1f-1_P40_Y-1_U81,I45_F57_m45f45_P57_Y0_UO2311,MXY,0,0.0,0,0,0.0,0,0,0,0.0,0.375,1,P39_CV0,2,0,2,1,1,0,2,0,2
57,-513366.1414,-719865.8633,Age0_F57_m90f90_P57_Y7_UO4197,I90_F6_m12f12_P52_Y5_UO698,I90_F6_m90f90_P86_Y5_UO4241,FXX,0,0.0,0,0,0.0,0,0,0,0.0,0.4375,1,P39_CV0,2,2,0,2,0,0,2,0,2
57,-513366.1414,-719865.8633,Age0_F57_m90f90_P57_Y7_UO4288,I90_F86_m90f90_P52_Y2_UO4261,I90_F27_m50f50_P6_Y5_UO2435,FXX,0,0.0,0,0,0.0,0,0,0,0.0,0.5,1,P39_CV0,2,1,1,1,1,0,2,0,2
57,-513366.1414,-719865.8633,Age0_F57_m92f92_P57_Y7_UO4393,I92_F57_m42f42_P6_Y3_UO2017,I92_F99_m40f40_P57_Y5_UO1950,MXY,0,0.0,0,0,0.0,0,0,0,0.0,0.25,1,P39_CV0,2,1,1,1,1,0,2,0,2
57,-513366.1414,-719865.8633,E57_F12_m46f46_P86_Y6_UO2332,I46_F93_m12f12_P52_Y0_UO693,I46_F52_m40f40_P6_Y2_UO1922,MXY,1,0.0,1,1,0.0,0,0,0,-9999.0,0.375,1,P39_CV0,2,0,2,2,0,0,2,0,2
57,-513366.1414,-719865.8633,E57_F40_m92f92_P57_Y6_UO4366,I92_F99_m92f92_P57_Y4_UO4363,ID92_F98_m92f92_P99_Y4_UO4293,FXX,1,0.0,1,1,1.0,0,0,0,-9999.0,0.5,1,P39_CV0,2,2,0,0,2,0,2,0,2
57,-513366.1414,-719865.8633,E57_F42_m58f58_P99_Y6_UO2769,ID58_F81_m-1f-1_P40_Y-1_U158,ID58_F81_m58f58_P81_Y4_UO2704,MXY,1,0.0,1,1,0.0,0,0,0,-9999.0,0.625,1,P39_CV0,2,1,1,0,2,0,2,0,2
57,-513366.1414,-719865.8633,E57_F45_m92f92_P57_Y6_UO4390,I92_F57_m50f50_P99_Y3_UO2424,ID92_F98_m92f92_P99_Y4_UO4293,FXX,1,0.0,1,1,1.0,0,0,0,-9999.0,0.4375,1,P39_CV0,2,1,1,2,0,0,2,0,2
57,-513366.1414,-719865.8633,E57_F45_m23f23_P86_Y6_UO1228,I23_F86_m23f23_P35_Y0_UO1310,I23_F27_m40f40_P27_Y4_UO1910,FXX,1,0.0,1,1,1.0,0,0,0,-9999.0,0.75,1,P39_CV0,2,2,0,1,1,0,2,0,2
57,-513366.1414,-719865.8633,E57_F90_m40f40_P6_Y6_UO1951,ID40_F57_m45f45_P6_Y2_UO2149,I40_F98_m-1f-1_P40_Y-1_U2,MXY,1,0.0,1,1,0.0,0,0,0,-9999.0,0.875,1,P39_CV0,2,2,0,1,1,0,2,0,2
57,-513366.1414,-719865.8633,E57_F92_m40f40_P6_Y6_UO1941,I40_F57_m42f42_P99_Y3_UO1988,I40_F6_m-1f-1_P40_Y-1_U145,FXX,1,0.0,1,1,1.0,0,0,0,-9999.0,0.3125,1,P39_CV0,2,0,2,2,0,0,2,0,2
57,-513366.1414,-719865.8633,E57_F92_m40f40_P6_Y6_UO1985,I40_F57_m-1f-1_P58_Y-1_U52,I40_F99_m-1f-1_P40_Y-1_U79,FXX,1,0.0,1,1,1.0,0,0,0,-9999.0,0.5,1,P39_CV0,2,2,0,0,2,0,2,0,2
57,-513366.1414,-719865.8633,E57_F92_m92f92_P6_Y6_UO4367,ID92_F98_m65f65_P98_Y4_UO3091,I92_F57_m50f50_P99_Y4_UO2365,MXY,1,0.0,1,1,0.0,0,0,0,-9999.0,0.5,1,P39_CV0,2,0,2,1,1,0,2,0,2
57,-513366.1414,-719865.8633,E57_F92_m50f50_P99_Y6_UO2427,I50_F99_m50f50_P99_Y3_UO2371,I50_F99_m50f50_P99_Y3_UO2429,FXX,1,0.0,1,1,1.0,0,0,0,-9999.0,0.5625,1,P39_CV0,2,0,2,0,2,0,2,0,2
57,-513366.1414,-719865.8633,E57_F23_m12f12_P86_Y5_UO746,I12_F6_m40f40_P57_Y0_UO2002,ID12_F52_m46f46_P52_Y2_UO2224,MXY,2,0.0,1,0,0.0,0,0,0,-9999.0,0.6875,1,P39_CV0,2,2,0,1,1,0,2,0,2
57,-513366.1414,-719865.8633,E57_F90_m12f12_P52_Y5_UO698,I12_F52_m45f45_P86_Y3_UO2148,I12_F52_m-1f-1_P46_Y-1_U114,FXX,2,0.0,1,0,1.0,0,0,0,-9999.0,0.625,1,P39_CV0,2,2,0,2,0,0,2,0,2
57,-513366.1414,-719865.8633,E57_F42_m50f50_P99_Y4_UO2348,I50_F99_m92f92_P99_Y2_UO4314,I50_F57_m-1f-1_P40_Y-1_U203,FXX,3,0.0,1,0,1.0,0,0,0,-9999.0,0.375,1,P39_CV0,2,1,1,0,2,0,2,0,2
57,-513366.1414,-719865.8633,E57_F23_m92f92_P27_Y3_UO4303,ID92_F86_m40f40_P6_Y0_UO2014,ID92_F99_m-1f-1_P50_Y-1_U219,FXX,4,0.0,1,0,1.0,0,0,0,-9999.0,0.5,1,P39_CV0,2,1,1,1,1,0,2,0,2
57,-513366.1414,-719865.8633,E57_F45_m40f40_P57_Y3_UO1927,I40_F6_m-1f-1_P40_Y-1_U223,I40_F99_m-1f-1_P40_Y-1_U56,MXY,4,0.0,1,0,0.0,0,0,0,-9999.0,0.75,1,P39_CV0,2,2,0,0,2,0,2,0,2
57,-513366.1414,-719865.8633,E57_F90_m90f90_P86_Y3_UO4203,ID90_F86_m-1f-1_P23_Y-1_U97,ID90_F57_m-1f-1_P40_Y-1_U17,FXX,4,0.0,1,0,1.0,0,0,0,-9999.0,0.25,1,P39_CV0,2,1,1,2,0,0,2,0,2
57,-513366.1414,-719865.8633,E57_F92_m42f42_P99_Y3_UO1998,ID42_F99_m-1f-1_P40_Y-1_U93,I42_F99_m-1f-1_P42_Y-1_U96,FXX,4,0.0,1,0,1.0,0,0,0,-9999.0,0.25,1,P39_CV0,2,1,1,2,0,0,2,0,2
57,-513366.1414,-719865.8633,E57_F92_m40f40_P57_Y3_UO1897,I40_F6_m42f42_P99_Y0_UO2052,I40_F57_m-1f-1_P40_Y-1_U70,FXX,4,0.0,1,0,1.0,0,0,0,-9999.0,0.25,1,P39_CV0,2,0,2,1,1,0,2,0,2
57,-513366.1414,-719865.8633,E57_F23_m40f40_P6_Y2_UO1886,I40_F6_m-1f-1_P40_Y-1_U13,I40_F6_m-1f-1_P40_Y-1_U174,MXY,5,0.0,1,0,0.0,0,0,0,-9999.0,0.5,1,P39_CV0,2,1,1,2,0,0,2,0,2
57,-513366.1414,-719865.8633,E57_F40_m92f92_P57_Y2_UO4318,I92_F27_m-1f-1_P92_Y-1_U171,ID92_F6_m-1f-1_P40_Y-1_U179,MXY,5,0.0,1,0,0.0,0,0,0,-9999.0,0.75,1,P39_CV0,2,2,0,0,2,0,2,0,2
57,-513366.1414,-719865.8633,E57_F50_m40f40_P6_Y2_UO1875,I40_F99_m-1f-1_P40_Y-1_U202,I40_F6_m-1f-1_P40_Y-1_U91,FXX,5,0.0,1,0,1.0,0,0,0,-9999.0,0.5,1,P39_CV0,2,2,0,1,1,0,2,0,2
57,-513366.1414,-719865.8633,E57_F23_m40f40_P6_Y1_UO1760,I40_F6_m-1f-1_P40_Y-1_U192,I40_F57_m-1f-1_P40_Y-1_U12,MXY,6,0.0,1,0,0.0,0,0,0,-9999.0,0.5,1,P39_CV0,2,1,1,1,1,0,2,0,2
57,-513366.1414,-719865.8633,E57_F40_m-1f-1_P40_Y-1_U176,-9999,-9999,MXY,10,0.0,1,0,0.0,0,0,0,-9999.0,0.0,1,P39_CV0,2,0,2,2,0,0,2,0,2
57,-513366.1414,-719865.8633,E57_F45_m-1f-1_P40_Y-1_U197,-9999,-9999,MXY,10,0.0,1,0,0.0,0,0,0,-9999.0,0.0,1,P39_CV0,2,0,2,0,2,0,2,0,2
57,-513366.1414,-719865.8633,E57_F92_m-1f-1_P40_Y-1_U158,-9999,-9999,FXX,10,0.0,1,0,1.0,0,0,0,-9999.0,1.0,1,P39_CV0,2,2,0,0,2,0,2,0,2
57,-513366.1414,-719865.8633,E57_F40_m-1f-1_P40_Y-1_U164,-9999,-9999,MXY,13,0.0,1,0,0.0,0,0,0,-9999.0,0.5,1,P39_CV0,2,1,1,1,1,0,2,0,2
57,-513366.1414,-719865.8633,E57_F45_m-1f-1_P40_Y-1_U81,-9999,-9999,FXX,13,0.0,1,0,1.0,0,0,0,-9999.0,0.5,1,P39_CV0,2,1,1,1,1,0,2,0,2
57,-513366.1414,-719865.8633,E57_F40_m-1f-1_P40_Y-1_U119,-9999,-9999,FXX,14,0.0,1,0,1.0,0,0,0,-9999.0,1.0,1,P39_CV0,2,2,0,2,0,0,2,0,2
57,-513366.1414,-719865.8633,E57_F40_m-1f-1_P40_Y-1_U231,-9999,-9999,FXX,14,0.0,1,0,1.0,0,0,0,-9999.0,0.0,1,P39_CV0,2,0,2,1,1,0,2,0,2
57,-513366.1414,-719865.8633,E57_F40_m-1f-1_P40_Y-1_U207,-9999,-9999,MXY,15,0.0,1,0,0.0,0,0,0,-9999.0,0.5,1,P39_CV0,2,1,1,0,2,0,2,0,2
57,-513366.1414,-719865.8633,Age0_F57_m42f42_P57_Y7_UO1989,I42_F99_m50f50_P99_Y5_UO2439,I42_F99_m58f58_P81_Y1_UO2671,MXY,0,0.0,0,0,0.0,0,0,0,0.0,0.5625,1,P41_CV0,2,1,1,2,0,0,2,0,2
57,-513366.1414,-719865.8633,Age0_F57_m42f42_P57_Y7_UO2010,ID42_F99_m50f50_P99_Y4_UO2423,I42_F99_m50f50_P99_Y5_UO2456,FXX,0,0.0,0,0,0.0,0,0,0,0.0,0.25,1,P41_CV0,2,0,2,1,1,0,2,0,2
57,-513366.1414,-719865.8633,Age0_F57_m42f42_P57_Y7_UO2011,I42_F99_m50f50_P99_Y4_UO2348,I42_F99_m-1f-1_P42_Y-1_U26,FXX,0,0.0,0,0,0.0,0,0,0,0.0,0.4375,1,P41_CV0,2,0,2,1,1,0,2,0,2
57,-513366.1414,-719865.8633,Age0_F57_m45f45_P57_Y7_UO2230,I45_F6_m42f42_P99_Y1_UO1802,I45_F86_m12f12_P86_Y4_UO744,MXY,0,0.0,0,0,0.0,0,0,0,0.0,0.5,1,P41_CV0,2,1,1,2,0,0,2,0,2
57,-513366.1414,-719865.8633,Age0_F57_m50f50_P57_Y7_UO2413,I50_F99_m50f50_P99_Y5_UO2427,I50_F99_m42f42_P99_Y2_UO2017,MXY,0,0.0,0,0,0.0,0,0,0,0.0,0.4375,1,P41_CV0,2,0,2,2,0,0,2,0,2
57,-513366.1414,-719865.8633,Age0_F57_m50f50_P57_Y7_UO2450,I50_F6_m92f92_P99_Y2_UO4314,I50_F57_m42f42_P99_Y5_UO1976,MXY,0,0.0,0,0,0.0,0,0,0,0.0,0.53125,1,P41_CV0,2,1,1,0,2,0,2,0,2
57,-513366.1414,-719865.8633,Age0_F57_m90f90_P57_Y7_UO4237,ID90_F57_m92f92_P27_Y4_UO4341,I90_F35_m90f90_P86_Y4_UO4158,FXX,0,0.0,0,0,0.0,0,0,0,0.0,0.46875,1,P41_CV0,2,2,0,0,2,0,2,0,2
57,-513366.1414,-719865.8633,Age0_F57_m92f92_P57_Y7_UO4345,I92_F6_m42f42_P99_Y5_UO1971,I92_F99_m-1f-1_P92_Y-1_U29,FXX,0,0.0,0,0,0.0,0,0,0,0.0,0.5,1,P41_CV0,2,0,2,1,1,0,2,0,2
57,-513366.1414,-719865.8633,Age0_F57_m92f92_P57_Y7_UO4349,I92_F57_m40f40_P6_Y5_UO1898,I92_F57_m92f92_P6_Y5_UO4301,FXX,0,0.0,0,0,0.0,0,0,0,0.0,0.4375,1,P41_CV0,2,2,0,2,0,0,2,0,2
57,-513366.1414,-719865.8633,Age0_F57_m92f92_P57_Y7_UO4350,I92_F6_m58f58_P99_Y5_UO2731,I92_F99_m23f23_P57_Y4_UO1162,FXX,0,0.0,0,0,0.0,0,0,0,0.0,0.25,1,P41_CV0,2,2,0,1,1,0,2,0,2
57,-513366.1414,-719865.8633,Age0_F57_m92f92_P57_Y7_UO4372,I92_F99_m92f92_P99_Y4_UO4369,ID92_F6_m42f42_P6_Y3_UO2024,MXY,0,0.0,0,0,0.0,0,0,0,0.0,0.4375,1,P41_CV0,2,1,1,1,1,0,2,0,2
57,-513366.1414,-719865.8633,Age0_F57_m92f92_P57_Y7_UO4375,I92_F27_m40f40_P57_Y4_UO1877,I92_F99_m42f42_P99_Y5_UO2044,FXX,0,0.0,0,0,0.0,0,0,0,0.0,0.5625,1,P41_CV0,2,0,2,0,2,0,2,0,2
57,-513366.1414,-719865.8633,Age0_F57_m92f92_P57_Y7_UO4388,I92_F6_m40f40_P57_Y3_UO1897,I92_F6_m58f58_P99_Y5_UO2744,FXX,0,0.0,0,0,0.0,0,0,0,0.0,0.125,1,P41_CV0,2,0,2,2,0,0,2,0,2
57,-513366.1414,-719865.8633,Age0_F57_m92f92_P57_Y7_UO4392,I92_F6_m42f42_P99_Y3_UO2027,I92_F57_m23f23_P6_Y4_UO1223,MXY,0,0.0,0,0,0.0,0,0,0,0.0,0.5,1,P41_CV0,2,1,1,1,1,0,2,0,2
57,-513366.1414,-719865.8633,E57_F23_m50f50_P27_Y6_UO2451,I50_F99_m42f42_P99_Y2_UO1942,I50_F99_m92f92_P99_Y4_UO4315,MXY,1,0.0,1,1,0.0,0,0,0,-9999.0,0.5625,1,P41_CV0,2,0,2,2,0,0,2,0,2
57,-513366.1414,-719865.8633,E57_F23_m40f40_P6_Y6_UO1986,ID40_F6_m-1f-1_P45_Y-1_U13,ID40_F99_m-1f-1_P42_Y-1_U165,MXY,1,0.0,1,1,0.0,0,0,0,-9999.0,0.25,1,P41_CV0,2,1,1,1,1,0,2,0,2
57,-513366.1414,-719865.8633,E57_F23_m40f40_P86_Y6_UO1948,I40_F6_m45f45_P6_Y2_UO2191,ID40_F99_m-1f-1_P42_Y-1_U165,FXX,1,0.0,1,1,1.0,0,0,0,-9999.0,0.0,1,P41_CV0,2,0,2,0,2,0,2,0,2
57,-513366.1414,-719865.8633,E57_F23_m42f42_P99_Y6_UO2047,I42_F6_m50f50_P99_Y2_UO2457,I42_F57_m-1f-1_P42_Y-1_U147,MXY,1,0.0,1,1,0.0,0,0,0,-9999.0,0.125,1,P41_CV0,2,0,2,0,2,0,2,0,2
57,-513366.1414,-719865.8633,E57_F23_m42f42_P99_Y6_UO2071,ID42_F81_m-1f-1_P94_Y-1_U39,I42_F99_m92f92_P99_Y3_UO4274,MXY,1,0.0,1,1,0.0,0,0,0,-9999.0,0.4375,1,P41_CV0,2,2,0,1,1,0,2,0,2
57,-513366.1414,-719865.8633,E57_F23_m50f50_P6_Y6_UO2404,I50_F6_m45f45_P57_Y4_UO2155,I50_F57_m42f42_P99_Y3_UO1971,MXY,1,0.0,1,1,0.0,0,0,0,-9999.0,0.4375,1,P41_CV0,2,1,1,1,1,0,2,0,2
57,-513366.1414,-719865.8633,E57_F40_m42f42_P6_Y6_UO2012,I42_F6_m50f50_P99_Y4_UO2416,I42_F99_m50f50_P99_Y4_UO2380,FXX,1,0.0,1,1,1.0,0,0,0,-9999.0,0.5625,1,P41_CV0,2,1,1,0,2,0,2,0,2
57,-513366.1414,-719865.8633,E57_F40_m23f23_P57_Y6_UO1147,ID23_F27_m23f23_P57_Y4_UO1180,I23_F86_m23f23_P27_Y4_UO1222,MXY,1,0.0,1,1,0.0,0,0,0,-9999.0,0.25,1,P41_CV0,2,0,2,1,1,0,2,0,2
57,-513366.1414,-719865.8633,E57_F45_m92f92_P6_Y6_UO4397,I92_F99_m25f25_P8_Y3_UO1313,I92_F99_m-1f-1_P42_Y-1_U132,MXY,1,0.0,1,1,0.0,0,0,0,-9999.0,0.125,1,P41_CV0,2,0,2,1,1,0,2,0,2
57,-513366.1414,-719865.8633,E57_F45_m45f45_P57_Y6_UO2261,I45_F6_m-1f-1_P42_Y-1_U204,I45_F6_m45f45_P6_Y4_UO2135,MXY,1,0.0,1,1,0.0,0,0,0,-9999.0,0.875,1,P41_CV0,2,2,0,1,1,0,2,0,2
57,-513366.1414,-719865.8633,E57_F50_m42f42_P99_Y6_UO2019,I42_F99_m50f50_P99_Y4_UO2423,I42_F99_m-1f-1_P42_Y-1_U26,FXX,1,0.0,1,1,1.0,0,0,0,-9999.0,0.375,1,P41_CV0,2,1,1,1,1,0,2,0,2
57,-513366.1414,-719865.8633,E57_F50_m50f50_P99_Y6_UO2463,ID50_F99_m50f50_P99_Y0_UO2615,ID50_F81_m-1f-1_P42_Y-1_U137,MXY,1,0.0,1,1,0.0,0,0,0,-9999.0,0.375,1,P41_CV0,2,1,1,1,1,0,2,0,2
57,-513366.1414,-719865.8633,E57_F90_m92f92_P27_Y6_UO4398,ID92_F86_m80f80_P81_Y3_UO3710,ID92_F99_m-1f-1_P42_Y-1_U167,MXY,1,0.0,1,1,0.0,0,0,0,-9999.0,0.125,1,P41_CV0,2,1,1,0,2,0,2,0,2
57,-513366.1414,-719865.8633,E57_F90_m90f90_P52_Y6_UO4316,ID90_F86_m42f42_P6_Y0_UO2048,I90_F86_m23f23_P86_Y4_UO1232,MXY,1,0.0,1,1,0.0,0,0,0,-9999.0,0.5625,1,P41_CV0,2,2,0,2,0,0,2,0,2
57,-513366.1414,-719865.8633,E57_F92_m42f42_P6_Y6_UO2045,I42_F99_m50f50_P99_Y2_UO2450,I42_F99_m92f92_P57_Y2_UO4327,MXY,1,0.0,1,1,0.0,0,0,0,-9999.0,0.25,1,P41_CV0,2,0,2,2,0,0,2,0,2
57,-513366.1414,-719865.8633,E57_F92_m45f45_P6_Y6_UO2244,ID45_F6_m-1f-1_P42_Y-1_U40,I45_F52_m23f23_P52_Y3_UO1197,FXX,1,0.0,1,1,1.0,0,0,0,-9999.0,0.4375,1,P41_CV0,2,2,0,1,1,0,2,0,2
57,-513366.1414,-719865.8633,E57_F92_m92f92_P6_Y6_UO4421,I92_F57_m50f50_P99_Y1_UO2252,I92_F99_m42f42_P99_Y1_UO1816,FXX,1,0.0,1,1,1.0,0,0,0,-9999.0,0.625,1,P41_CV0,2,0,2,2,0,0,2,0,2
57,-513366.1414,-719865.8633,E57_F92_m50f50_P99_Y6_UO2423,I50_F99_m23f23_P27_Y4_UO1139,I50_F99_m42f42_P99_Y2_UO2017,MXY,1,0.0,1,1,0.0,0,0,0,-9999.0,0.5,1,P41_CV0,2,1,1,2,0,0,2,0,2
57,-513366.1414,-719865.8633,E57_F92_m50f50_P99_Y6_UO2488,ID50_F57_m-1f-1_P58_Y-1_U46,ID50_F99_m42f42_P99_Y1_UO1854,FXX,1,0.0,1,1,1.0,0,0,0,-9999.0,0.5,1,P41_CV0,2,0,2,0,2,0,2,0,2
57,-513366.1414,-719865.8633,E57_F92_m50f50_P99_Y6_UO2493,I50_F99_m-1f-1_P94_Y-1_U225,ID50_F57_m42f42_P6_Y3_UO2024,MXY,1,0.0,1,1,0.0,0,0,0,-9999.0,0.0625,1,P41_CV0,2,0,2,1,1,0,2,0,2
57,-513366.1414,-719865.8633,E57_F92_m58f58_P99_Y6_UO2766,ID58_F99_m-1f-1_P42_Y-1_U66,I58_F99_m-1f-1_P92_Y-1_U224,MXY,1,0.0,1,1,0.0,0,0,0,-9999.0,0.25,1,P41_CV0,2,1,1,1,1,0,2,0,2
57,-513366.1414,-719865.8633,E57_F40_m42f42_P6_Y5_UO2048,I42_F81_m-1f-1_P42_Y-1_U79,I42_F99_m23f23_P6_Y1_UO1154,FXX,2,0.0,1,0,1.0,0,0,0,-9999.0,0.375,1,P41_CV0,2,2,0,1,1,0,2,0,2
57,-513366.1414,-719865.8633,E57_F40_m92f92_P27_Y5_UO4368,ID92_F86_m42f42_P99_Y0_UO2044,I92_F57_m23f23_P27_Y2_UO1125,MXY,2,0.0,1,0,0.0,0,0,0,-9999.0,0.75,1,P41_CV0,2,2,0,2,0,0,2,0,2
57,-513366.1414,-719865.8633,E57_F50_m42f42_P99_Y5_UO1976,I42_F99_m42f42_P99_Y3_UO2013,I42_F99_m-1f-1_P40_Y-1_U100,MXY,2,0.0,1,0,0.0,0,0,0,-9999.0,0.3125,1,P41_CV0,2,1,1,1,1,0,2,0,2
57,-513366.1414,-719865.8633,E57_F92_m42f42_P99_Y5_UO1971,I42_F99_m42f42_P99_Y3_UO2022,I42_F6_m-1f-1_P42_Y-1_U189,FXX,2,0.0,1,0,1.0,0,0,0,-9999.0,0.5,1,P41_CV0,2,1,1,1,1,0,2,0,2
57,-513366.1414,-719865.8633,E57_F92_m58f58_P99_Y5_UO2731,ID58_F72_m42f42_P99_Y1_UO1865,I58_F81_m-1f-1_P42_Y-1_U137,FXX,2,0.0,1,0,1.0,0,0,0,-9999.0,0.25,1,P41_CV0,2,1,1,1,1,0,2,0,2
57,-513366.1414,-719865.8633,E57_F40_m42f42_P57_Y4_UO1973,I42_F99_m42f42_P99_Y1_UO1819,I42_F99_m-1f-1_P50_Y-1_U140,MXY,3,0.0,1,0,0.0,0,0,0,-9999.0,0.375,1,P41_CV0,2,1,1,1,1,0,2,0,2
57,-513366.1414,-719865.8633,E57_F42_m50f50_P99_Y4_UO2423,I50_F99_m-1f-1_P42_Y-1_U113,I50_F6_m58f58_P99_Y2_UO2754,FXX,3,0.0,1,0,1.0,0,0,0,-9999.0,0.25,1,P41_CV0,2,1,1,1,1,0,2,0,2
57,-513366.1414,-719865.8633,E57_F92_m42f42_P99_Y4_UO2013,I42_F99_m-1f-1_P42_Y-1_U173,I42_F99_m-1f-1_P42_Y-1_U167,MXY,3,0.0,1,0,0.0,0,0,0,-9999.0,0.25,1,P41_CV0,2,0,2,1,1,0,2,0,2
57,-513366.1414,-719865.8633,E57_F90_m42f42_P6_Y3_UO2012,I42_F6_m-1f-1_P92_Y-1_U80,I42_F57_m-1f-1_P42_Y-1_U118,MXY,4,0.0,1,0,0.0,0,0,0,-9999.0,0.5,1,P41_CV0,2,1,1,1,1,0,2,0,2
57,-513366.1414,-719865.8633,E57_F92_m40f40_P6_Y3_UO1898,I40_F99_m42f42_P99_Y0_UO2096,I40_F6_m-1f-1_P40_Y-1_U59,FXX,4,0.0,1,0,1.0,0,0,0,-9999.0,0.25,1,P41_CV0,2,0,2,2,0,0,2,0,2
57,-513366.1414,-719865.8633,E57_F92_m42f42_P6_Y3_UO2024,I42_F57_m-1f-1_P42_Y-1_U1,I42_F81_m94f94_P99_Y1_UO4177,MXY,4,0.0,1,0,0.0,0,0,0,-9999.0,0.125,1,P41_CV0,2,1,1,1,1,0,2,0,2
57,-513366.1414,-719865.8633,E57_F92_m42f42_P99_Y3_UO2027,I42_F99_m-1f-1_P42_Y-1_U20,I42_F99_m-1f-1_P42_Y-1_U230,FXX,4,0.0,1,0,1.0,0,0,0,-9999.0,0.5,1,P41_CV0,2,1,1,0,2,0,2,0,2
57,-513366.1414,-719865.8633,E57_F23_m92f92_P27_Y2_UO4361,I92_F99_m-1f-1_P92_Y-1_U218,I92_F99_m42f42_P99_Y0_UO2075,MXY,5,0.0,1,0,0.0,0,0,0,-9999.0,0.625,1,P41_CV0,2,1,1,2,0,0,2,0,2
57,-513366.1414,-719865.8633,E57_F45_m42f42_P99_Y1_UO1802,I42_F99_m-1f-1_P42_Y-1_U155,I42_F57_m-1f-1_P42_Y-1_U118,FXX,6,0.0,1,0,1.0,0,0,0,-9999.0,0.25,1,P41_CV0,2,0,2,1,1,0,2,0,2
57,-513366.1414,-719865.8633,E57_F40_m-1f-1_P42_Y-1_U82,-9999,-9999,FXX,9,0.0,1,0,1.0,0,0,0,-9999.0,1.0,1,P41_CV0,2,2,0,2,0,0,2,0,2
57,-513366.1414,-719865.8633,E57_F40_m-1f-1_P42_Y-1_U197,-9999,-9999,MXY,13,0.0,1,0,0.0,0,0,0,-9999.0,0.0,1,P41_CV0,2,0,2,2,0,0,2,0,2
57,-513366.1414,-719865.8633,Age0_F57_m12f12_P57_Y7_UO713,ID12_F86_m30f30_P52_Y4_UO1404,I12_F52_m-1f-1_P45_Y-1_U39,MXY,0,0.0,0,0,0.0,0,0,0,0.0,0.75,1,P44_CV0,2,2,0,0,2,0,2,0,2
57,-513366.1414,-719865.8633,Age0_F57_m23f23_P57_Y7_UO1194,I23_F57_m46f46_P52_Y1_UO2112,ID23_F6_m45f45_P86_Y2_UO2178,FXX,0,0.0,0,0,0.0,0,0,0,0.0,0.625,1,P44_CV0,2,2,0,2,0,0,2,0,2
57,-513366.1414,-719865.8633,Age0_F57_m40f40_P57_Y7_UO1969,I40_F99_m-1f-1_P92_Y-1_U122,I40_F57_m45f45_P6_Y1_UO2024,MXY,0,0.0,0,0,0.0,0,0,0,0.0,0.5,1,P44_CV0,2,1,1,2,0,0,2,0,2
57,-513366.1414,-719865.8633,Age0_F57_m45f45_P57_Y7_UO2188,ID45_F86_m92f92_P27_Y5_UO4366,I45_F35_m90f90_P86_Y3_UO4205,FXX,0,0.0,0,0,0.0,0,0,0,0.0,0.6875,1,P44_CV0,2,1,1,1,1,0,2,0,2
57,-513366.1414,-719865.8633,Age0_F57_m45f45_P57_Y7_UO2222,I45_F6_m90f90_P86_Y3_UO4228,I45_F57_m45f45_P57_Y0_UO2311,MXY,0,0.0,0,0,0.0,0,0,0,0.0,0.1875,1,P44_CV0,2,0,2,1,1,0,2,0,2
57,-513366.1414,-719865.8633,Age0_F57_m45f45_P57_Y7_UO2241,I45_F6_m-1f-1_P45_Y-1_U27,I45_F6_m42f42_P57_Y5_UO2025,MXY,0,0.0,0,0,0.0,0,0,0,0.0,0.5625,1,P44_CV0,2,0,2,1,1,0,2,0,2
57,-513366.1414,-719865.8633,Age0_F57_m50f50_P57_Y7_UO2446,I50_F99_m40f40_P6_Y2_UO1875,ID50_F81_m40f40_P6_Y4_UO1878,MXY,0,0.0,0,0,0.0,0,0,0,0.0,0.375,1,P44_CV0,2,2,0,0,2,0,2,0,2
57,-513366.1414,-719865.8633,Age0_F57_m90f90_P57_Y7_UO4198,I90_F52_m90f90_P86_Y5_UO4221,I90_F86_m92f92_P27_Y4_UO4343,FXX,0,0.0,0,0,0.0,0,0,0,0.0,0.6875,1,P44_CV0,2,1,1,1,1,0,2,0,2
57,-513366.1414,-719865.8633,Age0_F57_m90f90_P57_Y7_UO4272,ID90_F52_m90f90_P86_Y3_UO4203,ID90_F52_m90f90_P52_Y3_UO4237,MXY,0,0.0,0,0,0.0,0,0,0,0.0,0.3125,1,P44_CV0,2,2,0,1,1,0,2,0,2
57,-513366.1414,-719865.8633,Age0_F57_m90f90_P57_Y7_UO4292,ID90_F27_m23f23_P6_Y1_UO1131,ID90_F52_m23f23_P86_Y5_UO1208,MXY,0,0.0,0,0,0.0,0,0,0,0.0,0.3125,1,P44_CV0,2,0,2,2,0,0,2,0,2
57,-513366.1414,-719865.8633,Age0_F57_m90f90_P57_Y7_UO4295,I90_F6_m45f45_P86_Y1_UO2061,I90_F57_m12f12_P86_Y5_UO702,FXX,0,0.0,0,0,0.0,0,0,0,0.0,0.625,1,P44_CV0,2,2,0,0,2,0,2,0,2
57,-513366.1414,-719865.8633,E57_F23_m58f58_P6_Y6_UO2743,I58_F99_m50f50_P99_Y3_UO2420,I58_F99_m45f45_P99_Y4_UO2128,MXY,1,0.0,1,1,0.0,0,0,0,-9999.0,0.40625,1,P44_CV0,2,1,1,0,2,0,2,0,2
57,-513366.1414,-719865.8633,E57_F23_m42f42_P6_Y6_UO2023,I42_F57_m92f92_P99_Y4_UO4328,ID42_F57_m50f50_P99_Y1_UO2261,FXX,1,0.0,1,1,1.0,0,0,0,-9999.0,0.6875,1,P44_CV0,2,1,1,1,1,0,2,0,2
57,-513366.1414,-719865.8633,E57_F23_m90f90_P6_Y6_UO4298,I90_F35_m23f23_P27_Y2_UO1178,I90_F52_m45f45_P86_Y0_UO2288,FXX,1,0.0,1,1,1.0,0,0,0,-9999.0,0.5,1,P44_CV0,2,1,1,1,1,0,2,0,2
57,-513366.1414,-719865.8633,E57_F23_m45f45_P86_Y6_UO2246,I45_F86_m-1f-1_P45_Y-1_U40,I45_F6_m-1f-1_P45_Y-1_U30,FXX,1,0.0,1,1,1.0,0,0,0,-9999.0,0.25,1,P44_CV0,2,1,1,2,0,0,2,0,2
57,-513366.1414,-719865.8633,E57_F40_m92f92_P6_Y6_UO4348,I92_F6_m40f40_P6_Y4_UO1927,I92_F6_m92f92_P6_Y2_UO4341,FXX,1,0.0,1,1,1.0,0,0,0,-9999.0,0.6875,1,P44_CV0,2,1,1,0,2,0,2,0,2
57,-513366.1414,-719865.8633,E57_F40_m92f92_P6_Y6_UO4433,I92_F6_m-1f-1_P45_Y-1_U202,I92_F99_m23f23_P6_Y4_UO1223,FXX,1,0.0,1,1,1.0,0,0,0,-9999.0,0.5,1,P44_CV0,2,2,0,0,2,0,2,0,2
57,-513366.1414,-719865.8633,E57_F40_m23f23_P27_Y6_UO1246,ID23_F86_m-1f-1_P45_Y-1_U240,ID23_F6_m92f92_P6_Y4_UO4354,MXY,1,0.0,1,1,0.0,0,0,0,-9999.0,0.1875,1,P44_CV0,2,0,2,1,1,0,2,0,2
57,-513366.1414,-719865.8633,E57_F40_m12f12_P86_Y6_UO722,I12_F13_m12f12_P52_Y3_UO752,I12_F52_m90f90_P52_Y2_UO4180,MXY,1,0.0,1,1,0.0,0,0,0,-9999.0,0.125,1,P44_CV0,2,0,2,0,2,0,2,0,2
57,-513366.1414,-719865.8633,E57_F42_m92f92_P99_Y6_UO4365,I92_F99_m40f40_P57_Y4_UO1934,I92_F57_m45f45_P86_Y2_UO2146,FXX,1,0.0,1,1,1.0,0,0,0,-9999.0,0.5,1,P44_CV0,2,0,2,0,2,0,2,0,2
57,-513366.1414,-719865.8633,E57_F45_m92f92_P6_Y6_UO4392,ID92_F57_m90f90_P6_Y3_UO4165,I92_F6_m-1f-1_P40_Y-1_U248,MXY,1,0.0,1,1,0.0,0,0,0,-9999.0,0.25,1,P44_CV0,2,1,1,1,1,0,2,0,2
57,-513366.1414,-719865.8633,E57_F45_m23f23_P57_Y6_UO1138,I23_F86_m23f23_P76_Y4_UO1203,I23_F6_m45f45_P86_Y2_UO2178,MXY,1,0.0,1,1,0.0,0,0,0,-9999.0,0.5625,1,P44_CV0,2,2,0,0,2,0,2,0,2
57,-513366.1414,-719865.8633,E57_F45_m45f45_P57_Y6_UO2251,I45_F6_m-1f-1_P45_Y-1_U85,I45_F68_m-1f-1_P45_Y-1_U118,MXY,1,0.0,1,1,0.0,0,0,0,-9999.0,1.0,1,P44_CV0,2,2,0,0,2,0,2,0,2
57,-513366.1414,-719865.8633,E57_F45_m90f90_P86_Y6_UO4301,I90_F35_m45f45_P86_Y1_UO2028,I90_F86_m46f46_P52_Y4_UO2261,FXX,1,0.0,1,1,1.0,0,0,0,-9999.0,0.5,1,P44_CV0,2,1,1,0,2,0,2,0,2
57,-513366.1414,-719865.8633,E57_F90_m92f92_P57_Y6_UO4453,I92_F99_m-1f-1_P50_Y-1_U202,I92_F57_m50f50_P6_Y4_UO2369,MXY,1,0.0,1,1,0.0,0,0,0,-9999.0,0.25,1,P44_CV0,2,1,1,1,1,0,2,0,2
57,-513366.1414,-719865.8633,E57_F90_m45f45_P86_Y6_UO2237,ID45_F57_m45f45_P6_Y0_UO2282,I45_F6_m90f90_P86_Y3_UO4205,MXY,1,0.0,1,1,0.0,0,0,0,-9999.0,0.8125,1,P44_CV0,2,2,0,1,1,0,2,0,2
57,-513366.1414,-719865.8633,E57_F92_m42f42_P6_Y6_UO2079,ID42_F6_m-1f-1_P92_Y-1_U190,I42_F6_m42f42_P99_Y4_UO1984,MXY,1,0.0,1,1,0.0,0,0,0,-9999.0,0.5,1,P44_CV0,2,0,2,0,2,0,2,0,2
57,-513366.1414,-719865.8633,E57_F92_m45f45_P6_Y6_UO2205,I45_F57_m45f45_P57_Y4_UO2142,ID45_F99_m-1f-1_P40_Y-1_U82,MXY,1,0.0,1,1,0.0,0,0,0,-9999.0,0.6875,1,P44_CV0,2,1,1,2,0,0,2,0,2
57,-513366.1414,-719865.8633,E57_F92_m92f92_P99_Y6_UO4404,ID92_F6_m30f30_P35_Y3_UO1370,I92_F86_m92f92_P57_Y0_UO4624,MXY,1,0.0,1,1,0.0,0,0,0,-9999.0,0.625,1,P44_CV0,2,0,2,1,1,0,2,0,2
57,-513366.1414,-719865.8633,E57_F23_m23f23_P27_Y5_UO1138,I23_F57_m50f50_P6_Y3_UO2401,ID23_F57_m90f90_P27_Y2_UO4178,MXY,2,0.0,1,0,0.0,0,0,0,-9999.0,0.5625,1,P44_CV0,2,2,0,2,0,0,2,0,2
57,-513366.1414,-719865.8633,E57_F23_m23f23_P57_Y5_UO1172,I23_F76_m45f45_P86_Y2_UO2179,I23_F27_m92f92_P27_Y2_UO4320,FXX,2,0.0,1,0,1.0,0,0,0,-9999.0,0.625,1,P44_CV0,2,0,2,1,1,0,2,0,2
57,-513366.1414,-719865.8633,E57_F23_m45f45_P57_Y5_UO2208,I45_F86_m-1f-1_P45_Y-1_U112,I45_F6_m-1f-1_P90_Y-1_U153,MXY,2,0.0,1,0,0.0,0,0,0,-9999.0,0.5,1,P44_CV0,2,0,2,0,2,0,2,0,2
57,-513366.1414,-719865.8633,E57_F90_m90f90_P86_Y5_UO4221,ID90_F35_m30f30_P52_Y2_UO1376,I90_F86_m23f23_P57_Y2_UO1229,FXX,2,0.0,1,0,1.0,0,0,0,-9999.0,0.75,1,P44_CV0,2,2,0,1,1,0,2,0,2
57,-513366.1414,-719865.8633,E57_F92_m23f23_P27_Y5_UO1146,I23_F86_m90f90_P35_Y3_UO4234,I23_F57_m45f45_P86_Y2_UO2178,MXY,2,0.0,1,0,0.0,0,0,0,-9999.0,0.75,1,P44_CV0,2,2,0,2,0,0,2,0,2
57,-513366.1414,-719865.8633,E57_F23_m23f23_P27_Y4_UO1166,I23_F57_m46f46_P52_Y1_UO2138,I23_F27_m45f45_P86_Y2_UO2178,FXX,3,0.0,1,0,1.0,0,0,0,-9999.0,0.625,1,P44_CV0,2,2,0,0,2,0,2,0,2
57,-513366.1414,-719865.8633,E57_F45_m90f90_P86_Y3_UO4205,I90_F52_m-1f-1_P90_Y-1_U187,I90_F6_m45f45_P6_Y0_UO2303,MXY,4,0.0,1,0,0.0,0,0,0,-9999.0,0.875,1,P44_CV0,2,2,0,0,2,0,2,0,2
57,-513366.1414,-719865.8633,E57_F50_m92f92_P27_Y3_UO4286,I92_F57_m45f45_P57_Y0_UO2290,ID92_F8_m-1f-1_P40_Y-1_U184,MXY,4,0.0,1,0,0.0,0,0,0,-9999.0,0.375,1,P44_CV0,2,1,1,2,0,0,2,0,2
57,-513366.1414,-719865.8633,E57_F90_m45f45_P86_Y3_UO2170,I45_F8_m-1f-1_P45_Y-1_U170,I45_F86_m-1f-1_P45_Y-1_U184,MXY,4,0.0,1,0,0.0,0,0,0,-9999.0,0.75,1,P44_CV0,2,1,1,1,1,0,2,0,2
57,-513366.1414,-719865.8633,E57_F92_m23f23_P99_Y3_UO1143,ID23_F86_m45f45_P86_Y1_UO2061,ID23_F52_m-1f-1_P90_Y-1_U137,MXY,4,0.0,1,0,0.0,0,0,0,-9999.0,0.375,1,P44_CV0,2,1,1,1,1,0,2,0,2
57,-513366.1414,-719865.8633,E57_F92_m45f45_P86_Y2_UO2146,I45_F6_m40f40_P57_Y0_UO1979,I45_F86_m-1f-1_P45_Y-1_U204,MXY,5,0.0,1,0,0.0,0,0,0,-9999.0,0.25,1,P44_CV0,2,0,2,0,2,0,2,0,2
57,-513366.1414,-719865.8633,E57_F90_m45f45_P86_Y1_UO2061,I45_F57_m-1f-1_P45_Y-1_U228,I45_F52_m-1f-1_P45_Y-1_U82,FXX,6,0.0,1,0,1.0,0,0,0,-9999.0,0.75,1,P44_CV0,2,2,0,1,1,0,2,0,2
57,-513366.1414,-719865.8633,E57_F45_m45f45_P57_Y0_UO2311,R45_F45_m-1f-1_P45_Y-1_U224,R45_F45_m-1f-1_P45_Y-1_U133,MXY,7,0.0,1,0,0.0,0,0,0,-9999.0,0.25,1,P44_CV0,2,0,2,2,0,0,2,0,2
57,-513366.1414,-719865.8633,E57_F45_m-1f-1_P45_Y-1_U231,-9999,-9999,MXY,8,0.0,1,0,0.0,0,0,0,-9999.0,0.5,1,P44_CV0,2,1,1,0,2,0,2,0,2
57,-513366.1414,-719865.8633,E57_F45_m-1f-1_P45_Y-1_U27,-9999,-9999,FXX,8,0.0,1,0,1.0,0,0,0,-9999.0,0.5,1,P44_CV0,2,1,1,2,0,0,2,0,2
57,-513366.1414,-719865.8633,E57_F45_m-1f-1_P45_Y-1_U170,-9999,-9999,FXX,9,0.0,1,0,1.0,0,0,0,-9999.0,0.5,1,P44_CV0,2,1,1,1,1,0,2,0,2
57,-513366.1414,-719865.8633,E57_F45_m-1f-1_P45_Y-1_U118,-9999,-9999,MXY,9,0.0,1,0,0.0,0,0,0,-9999.0,1.0,1,P44_CV0,2,2,0,1,1,0,2,0,2
57,-513366.1414,-719865.8633,E57_F45_m-1f-1_P45_Y-1_U31,-9999,-9999,MXY,9,0.0,1,0,0.0,0,0,0,-9999.0,0.0,1,P44_CV0,2,0,2,1,1,0,2,0,2
57,-513366.1414,-719865.8633,Age0_F57_m23f23_P57_Y7_UO1114,I23_F35_m46f46_P52_Y5_UO2307,I23_F57_m92f92_P6_Y4_UO4354,FXX,0,0.0,0,0,0.0,0,0,0,0.0,0.6875,1,P45_CV0,2,2,0,2,0,0,2,0,2
57,-513366.1414,-719865.8633,Age0_F57_m23f23_P57_Y7_UO1127,I23_F57_m45f45_P57_Y5_UO2195,ID23_F27_m92f92_P6_Y2_UO4294,MXY,0,0.0,0,0,0.0,0,0,0,0.0,0.3125,1,P45_CV0,2,0,2,0,2,0,2,0,2
57,-513366.1414,-719865.8633,Age0_F57_m23f23_P57_Y7_UO1204,I23_F6_m46f46_P52_Y0_UO2328,I23_F86_m23f23_P57_Y4_UO1221,FXX,0,0.0,0,0,0.0,0,0,0,0.0,0.4375,1,P45_CV0,2,1,1,1,1,0,2,0,2
57,-513366.1414,-719865.8633,E57_F23_m23f23_P57_Y6_UO1160,I23_F6_m92f92_P27_Y4_UO4341,I23_F86_m46f46_P52_Y2_UO2304,MXY,1,0.0,1,1,0.0,0,0,0,-9999.0,0.625,1,P45_CV0,2,2,0,2,0,0,2,0,2
57,-513366.1414,-719865.8633,E57_F90_m12f12_P86_Y6_UO704,I12_F52_m12f12_P52_Y4_UO754,I12_F52_m90f90_P52_Y2_UO4192,MXY,1,0.0,1,1,0.0,0,0,0,-9999.0,0.375,1,P45_CV0,2,1,1,1,1,0,2,0,2
57,-513366.1414,-719865.8633,E57_F92_m90f90_P57_Y6_UO4238,ID90_F13_m45f45_P57_Y4_UO2123,I90_F57_m12f12_P52_Y1_UO634,MXY,1,0.0,1,1,0.0,0,0,0,-9999.0,0.46875,1,P45_CV0,2,1,1,0,2,0,2,0,2
57,-513366.1414,-719865.8633,E57_F23_m46f46_P52_Y5_UO2307,I46_F52_m-1f-1_P46_Y-1_U78,I46_F35_m-1f-1_P46_Y-1_U201,FXX,2,0.0,1,0,1.0,0,0,0,-9999.0,1.0,1,P45_CV0,2,2,0,1,1,0,2,0,2
57,-513366.1414,-719865.8633,E57_F23_m45f45_P57_Y5_UO2195,ID45_F35_m46f46_P52_Y0_UO2358,I45_F8_m-1f-1_P45_Y-1_U110,FXX,2,0.0,1,0,1.0,0,0,0,-9999.0,0.25,1,P45_CV0,2,0,2,1,1,0,2,0,2
57,-513366.1414,-719865.8633,E57_F23_m23f23_P27_Y5_UO1232,I23_F57_m-1f-1_P23_Y-1_U54,ID23_F35_m46f46_P52_Y2_UO2256,FXX,2,0.0,1,0,1.0,0,0,0,-9999.0,0.0,1,P45_CV0,2,0,2,1,1,0,2,0,2
57,-513366.1414,-719865.8633,E57_F90_m90f90_P35_Y5_UO4183,ID90_F52_m46f46_P52_Y3_UO2239,I90_F86_m90f90_P86_Y3_UO4160,MXY,2,0.0,1,0,0.0,0,0,0,-9999.0,0.4375,1,P45_CV0,2,1,1,1,1,0,2,0,2
57,-513366.1414,-719865.8633,E57_F45_m30f30_P86_Y3_UO1372,I30_F38_m46f46_P52_Y0_UO2366,I30_F38_m78f78_P13_Y1_UO3294,MXY,4,0.0,1,0,0.0,0,0,0,-9999.0,0.625,1,P45_CV0,2,1,1,1,1,0,2,0,2
57,-513366.1414,-719865.8633,E57_F23_m46f46_P52_Y2_UO2229,I46_F93_m46f46_P52_Y0_UO2392,ID46_F93_m-1f-1_P46_Y-1_U92,MXY,5,0.0,1,0,0.0,0,0,0,-9999.0,0.375,1,P45_CV0,2,2,0,0,2,0,2,0,2
57,-513366.1414,-719865.8633,E57_F45_m46f46_P52_Y2_UO2218,I46_F52_m30f30_P38_Y0_UO1498,I46_F52_m-1f-1_P46_Y-1_U213,MXY,5,0.0,1,0,0.0,0,0,0,-9999.0,0.625,1,P45_CV0,2,1,1,1,1,0,2,0,2
57,-513366.1414,-719865.8633,E57_F23_m46f46_P52_Y1_UO2112,I46_F38_m-1f-1_P46_Y-1_U78,ID46_F52_m-1f-1_P46_Y-1_U168,FXX,6,0.0,1,0,1.0,0,0,0,-9999.0,0.5,1,P45_CV0,2,1,1,2,0,0,2,0,2
57,-513366.1414,-719865.8633,E57_F45_m46f46_P86_Y1_UO2075,I46_F93_m-1f-1_P46_Y-1_U88,I46_F52_m-1f-1_P46_Y-1_U216,MXY,6,0.0,1,0,0.0,0,0,0,-9999.0,0.75,1,P45_CV0,2,2,0,1,1,0,2,0,2
57,-513366.1414,-719865.8633,E57_F23_m46f46_P52_Y0_UO2328,R46_F46_m-1f-1_P46_Y-1_U6,R46_F46_m-1f-1_P46_Y-1_U166,FXX,7,0.0,1,0,1.0,0,0,0,-9999.0,0.75,1,P45_CV0,2,2,0,1,1,0,2,0,2
57,-513366.1414,-719865.8633,E57_F42_m46f46_P86_Y0_UO2397,R46_F46_m-1f-1_P46_Y-1_U179,R46_F46_m-1f-1_P46_Y-1_U98,MXY,7,0.0,1,0,0.0,0,0,0,-9999.0,0.75,1,P45_CV0,2,1,1,0,2,0,2,0,2
57,-513366.1414,-719865.8633,Age0_F57_m92f92_P57_Y7_UO4413,I92_F6_m-1f-1_P92_Y-1_U107,I92_F99_m47f47_P81_Y3_UO2326,MXY,0,0.0,0,0,0.0,0,0,0,0.0,0.5,1,P46_CV0,2,1,1,1,1,0,2,0,2
57,-513366.1414,-719865.8633,E57_F92_m40f40_P6_Y6_UO1928,I40_F6_m50f50_P99_Y4_UO2387,I40_F99_m-1f-1_P40_Y-1_U207,MXY,1,0.0,1,1,0.0,0,0,0,-9999.0,0.75,1,P46_CV0,2,2,0,0,2,0,2,0,2
57,-513366.1414,-719865.8633,E57_F92_m92f92_P57_Y6_UO4405,ID92_F99_m40f40_P99_Y2_UO1854,ID92_F72_m47f47_P81_Y3_UO2326,FXX,1,0.0,1,1,1.0,0,0,0,-9999.0,0.875,1,P46_CV0,2,2,0,1,1,0,2,0,2
57,-513366.1414,-719865.8633,Age0_F57_m23f23_P57_Y7_UO1141,I23_F6_m23f23_P6_Y5_UO1231,I23_F6_m90f90_P27_Y4_UO4182,FXX,0,0.0,0,0,0.0,0,0,0,0.0,0.59375,1,P49_CV0,2,1,1,1,1,0,2,0,2
57,-513366.1414,-719865.8633,Age0_F57_m23f23_P57_Y7_UO1164,ID23_F6_m92f92_P6_Y3_UO4284,I23_F86_m92f92_P6_Y4_UO4384,FXX,0,0.0,0,0,0.0,0,0,0,0.0,0.4375,1,P49_CV0,2,0,2,0,2,0,2,0,2
57,-513366.1414,-719865.8633,Age0_F57_m40f40_P57_Y7_UO1929,ID40_F99_m5f5_P81_Y4_UO319,I40_F57_m50f50_P99_Y1_UO2321,FXX,0,0.0,0,0,0.0,0,0,0,0.0,0.53125,1,P49_CV0,2,0,2,0,2,0,2,0,2
57,-513366.1414,-719865.8633,Age0_F57_m40f40_P57_Y7_UO1964,ID40_F6_m65f65_P98_Y0_UO3358,I40_F6_m45f45_P6_Y5_UO2171,FXX,0,0.0,0,0,0.0,0,0,0,0.0,0.5,1,P49_CV0,2,0,2,0,2,0,2,0,2
57,-513366.1414,-719865.8633,Age0_F57_m40f40_P57_Y7_UO1970,I40_F6_m-1f-1_P42_Y-1_U82,I40_F57_m50f50_P99_Y1_UO2321,MXY,0,0.0,0,0,0.0,0,0,0,0.0,0.875,1,P49_CV0,2,1,1,2,0,0,2,0,2
57,-513366.1414,-719865.8633,Age0_F57_m40f40_P57_Y7_UO1971,ID40_F57_m-1f-1_P50_Y-1_U126,I40_F27_m58f58_P6_Y4_UO2766,MXY,0,0.0,0,0,0.0,0,0,0,0.0,0.3125,1,P49_CV0,2,1,1,1,1,0,2,0,2
57,-513366.1414,-719865.8633,Age0_F57_m42f42_P57_Y7_UO2012,I42_F99_m92f92_P99_Y4_UO4297,I42_F99_m50f50_P99_Y2_UO2458,MXY,0,0.0,0,0,0.0,0,0,0,0.0,0.53125,1,P49_CV0,2,1,1,1,1,0,2,0,2
57,-513366.1414,-719865.8633,Age0_F57_m42f42_P57_Y7_UO2072,I42_F57_m-1f-1_P94_Y-1_U90,I42_F99_m42f42_P99_Y5_UO2003,FXX,0,0.0,0,0,0.0,0,0,0,0.0,0.5625,1,P49_CV0,2,2,0,2,0,0,2,0,2
57,-513366.1414,-719865.8633,Age0_F57_m45f45_P57_Y7_UO2194,I45_F86_m45f45_P6_Y5_UO2173,I45_F86_m45f45_P6_Y4_UO2136,MXY,0,0.0,0,0,0.0,0,0,0,0.0,0.59375,1,P49_CV0,2,1,1,2,0,0,2,0,2
57,-513366.1414,-719865.8633,Age0_F57_m50f50_P57_Y7_UO2425,I50_F99_m42f42_P99_Y4_UO1950,I50_F99_m45f45_P99_Y4_UO2193,MXY,0,0.0,0,0,0.0,0,0,0,0.0,0.4375,1,P49_CV0,2,0,2,1,1,0,2,0,2
57,-513366.1414,-719865.8633,Age0_F57_m50f50_P57_Y7_UO2490,I50_F99_m-1f-1_P80_Y-1_U113,I50_F99_m-1f-1_P50_Y-1_U41,MXY,0,0.0,0,0,0.0,0,0,0,0.0,0.5,1,P49_CV0,2,1,1,1,1,0,2,0,2
57,-513366.1414,-719865.8633,Age0_F57_m90f90_P57_Y7_UO4208,I90_F57_m40f40_P86_Y5_UO1906,I90_F57_m23f23_P27_Y2_UO1153,MXY,0,0.0,0,0,0.0,0,0,0,0.0,0.3125,1,P49_CV0,2,2,0,1,1,0,2,0,2
57,-513366.1414,-719865.8633,Age0_F57_m90f90_P57_Y7_UO4267,ID90_F57_m50f50_P6_Y3_UO2419,I90_F57_m90f90_P86_Y5_UO4194,FXX,0,0.0,0,0,0.0,0,0,0,0.0,0.65625,1,P49_CV0,2,1,1,0,2,0,2,0,2
57,-513366.1414,-719865.8633,Age0_F57_m92f92_P57_Y7_UO4337,I92_F27_m42f42_P6_Y5_UO2017,I92_F6_m23f23_P99_Y3_UO1143,FXX,0,0.0,0,0,0.0,0,0,0,0.0,0.4375,1,P49_CV0,2,1,1,2,0,0,2,0,2
57,-513366.1414,-719865.8633,Age0_F57_m92f92_P57_Y7_UO4356,I92_F99_m42f42_P99_Y4_UO2026,I92_F99_m23f23_P27_Y2_UO1215,FXX,0,0.0,0,0,0.0,0,0,0,0.0,0.625,1,P49_CV0,2,1,1,1,1,0,2,0,2
57,-513366.1414,-719865.8633,Age0_F57_m92f92_P57_Y7_UO4382,I92_F57_m40f40_P6_Y3_UO1898,I92_F6_m40f40_P6_Y4_UO1901,MXY,0,0.0,0,0,0.0,0,0,0,0.0,0.28125,1,P49_CV0,2,0,2,1,1,0,2,0,2
57,-513366.1414,-719865.8633,Age0_F57_m92f92_P57_Y7_UO4421,I92_F6_m-1f-1_P92_Y-1_U231,I92_F99_m23f23_P57_Y4_UO1162,FXX,0,0.0,0,0,0.0,0,0,0,0.0,0.375,1,P49_CV0,2,0,2,2,0,0,2,0,2
57,-513366.1414,-719865.8633,Age0_F57_m92f92_P57_Y7_UO4425,I92_F57_m-1f-1_P50_Y-1_U206,I92_F99_m58f58_P99_Y4_UO2762,MXY,0,0.0,0,0,0.0,0,0,0,0.0,0.5,1,P49_CV0,2,1,1,1,1,0,2,0,2
57,-513366.1414,-719865.8633,E57_F23_m40f40_P86_Y6_UO1949,I40_F6_m45f45_P57_Y2_UO2177,I40_F57_m50f50_P57_Y4_UO2355,FXX,1,0.0,1,1,1.0,0,0,0,-9999.0,0.4375,1,P49_CV0,2,1,1,1,1,0,2,0,2
57,-513366.1414,-719865.8633,E57_F23_m90f90_P86_Y6_UO4332,I90_F57_m-1f-1_P23_Y-1_U167,ID90_F6_m40f40_P57_Y4_UO1921,MXY,1,0.0,1,1,0.0,0,0,0,-9999.0,0.375,1,P49_CV0,2,1,1,1,1,0,2,0,2
57,-513366.1414,-719865.8633,E57_F40_m40f40_P6_Y6_UO1924,I40_F99_m42f42_P99_Y4_UO2000,ID40_F57_m-1f-1_P50_Y-1_U4,FXX,1,0.0,1,1,1.0,0,0,0,-9999.0,0.75,1,P49_CV0,2,2,0,2,0,0,2,0,2
57,-513366.1414,-719865.8633,E57_F40_m50f50_P6_Y6_UO2450,ID50_F6_m92f92_P99_Y2_UO4314,I50_F99_m-1f-1_P50_Y-1_U218,MXY,1,0.0,1,1,0.0,0,0,0,-9999.0,0.625,1,P49_CV0,2,1,1,0,2,0,2,0,2
57,-513366.1414,-719865.8633,E57_F40_m40f40_P57_Y6_UO1973,ID40_F6_m-1f-1_P92_Y-1_U24,I40_F27_m92f92_P6_Y2_UO4281,MXY,1,0.0,1,1,0.0,0,0,0,-9999.0,0.75,1,P49_CV0,2,2,0,1,1,0,2,0,2
57,-513366.1414,-719865.8633,E57_F40_m92f92_P57_Y6_UO4378,ID92_F57_m40f40_P6_Y4_UO1936,ID92_F99_m-1f-1_P50_Y-1_U164,MXY,1,0.0,1,1,0.0,0,0,0,-9999.0,0.75,1,P49_CV0,2,2,0,1,1,0,2,0,2
57,-513366.1414,-719865.8633,E57_F40_m92f92_P99_Y6_UO4402,I92_F99_m50f50_P27_Y3_UO2409,I92_F57_m58f58_P6_Y1_UO2648,FXX,1,0.0,1,1,1.0,0,0,0,-9999.0,0.5,1,P49_CV0,2,1,1,2,0,0,2,0,2
57,-513366.1414,-719865.8633,E57_F50_m42f42_P99_Y6_UO2086,I42_F98_m-1f-1_P50_Y-1_U88,I42_F99_m-1f-1_P50_Y-1_U181,MXY,1,0.0,1,1,0.0,0,0,0,-9999.0,0.5,1,P49_CV0,2,1,1,0,2,0,2,0,2
57,-513366.1414,-719865.8633,E57_F50_m50f50_P99_Y6_UO2424,I50_F99_m92f92_P99_Y4_UO4357,I50_F6_m42f42_P99_Y3_UO2005,MXY,1,0.0,1,1,0.0,0,0,0,-9999.0,0.5,1,P49_CV0,2,2,0,1,1,0,2,0,2
57,-513366.1414,-719865.8633,E57_F50_m50f50_P99_Y6_UO2464,I50_F99_m50f50_P99_Y0_UO2609,I50_F99_m50f50_P99_Y4_UO2370,MXY,1,0.0,1,1,0.0,0,0,0,-9999.0,0.6875,1,P49_CV0,2,1,1,1,1,0,2,0,2
57,-513366.1414,-719865.8633,E57_F90_m92f92_P6_Y6_UO4457,I92_F57_m-1f-1_P42_Y-1_U122,ID92_F99_m-1f-1_P50_Y-1_U13,FXX,1,0.0,1,1,1.0,0,0,0,-9999.0,0.5,1,P49_CV0,2,1,1,0,2,0,2,0,2
57,-513366.1414,-719865.8633,E57_F92_m90f90_P6_Y6_UO4253,ID90_F57_m50f50_P27_Y3_UO2399,I90_F57_m23f23_P86_Y2_UO1183,FXX,1,0.0,1,1,1.0,0,0,0,-9999.0,0.25,1,P49_CV0,2,0,2,2,0,0,2,0,2
57,-513366.1414,-719865.8633,E57_F92_m40f40_P57_Y6_UO1994,I40_F68_m-1f-1_P40_Y-1_U119,ID40_F57_m-1f-1_P50_Y-1_U4,MXY,1,0.0,1,1,0.0,0,0,0,-9999.0,1.0,1,P49_CV0,2,2,0,2,0,0,2,0,2
57,-513366.1414,-719865.8633,E57_F92_m58f58_P99_Y6_UO2744,I58_F81_m42f42_P99_Y2_UO1950,ID58_F81_m50f50_P99_Y2_UO2393,FXX,1,0.0,1,1,1.0,0,0,0,-9999.0,0.5,1,P49_CV0,2,0,2,2,0,0,2,0,2
57,-513366.1414,-719865.8633,E57_F23_m40f40_P6_Y5_UO1943,I40_F8_m-1f-1_P40_Y-1_U64,I40_F99_m-1f-1_P50_Y-1_U4,FXX,2,0.0,1,0,1.0,0,0,0,-9999.0,0.75,1,P49_CV0,2,1,1,2,0,0,2,0,2
57,-513366.1414,-719865.8633,E57_F23_m42f42_P27_Y5_UO1968,I42_F99_m40f40_P99_Y3_UO1909,I42_F6_m40f40_P6_Y2_UO1904,MXY,2,0.0,1,0,0.0,0,0,0,-9999.0,0.75,1,P49_CV0,2,2,0,1,1,0,2,0,2
57,-513366.1414,-719865.8633,E57_F23_m23f23_P6_Y5_UO1231,I23_F27_m-1f-1_P23_Y-1_U166,I23_F27_m23f23_P6_Y2_UO1158,FXX,2,0.0,1,0,1.0,0,0,0,-9999.0,0.6875,1,P49_CV0,2,2,0,2,0,0,2,0,2
57,-513366.1414,-719865.8633,E57_F40_m58f58_P99_Y5_UO2754,I58_F81_m-1f-1_P50_Y-1_U83,I58_F81_m-1f-1_P58_Y-1_U126,FXX,2,0.0,1,0,1.0,0,0,0,-9999.0,0.5,1,P49_CV0,2,1,1,2,0,0,2,0,2
57,-513366.1414,-719865.8633,E57_F42_m92f92_P6_Y5_UO4375,I92_F99_m-1f-1_P50_Y-1_U72,ID92_F27_m-1f-1_P45_Y-1_U47,MXY,2,0.0,1,0,0.0,0,0,0,-9999.0,0.5,1,P49_CV0,2,1,1,1,1,0,2,0,2
57,-513366.1414,-719865.8633,E57_F45_m45f45_P6_Y5_UO2173,I45_F99_m92f92_P6_Y2_UO4274,I45_F8_m-1f-1_P45_Y-1_U245,FXX,2,0.0,1,0,1.0,0,0,0,-9999.0,0.8125,1,P49_CV0,2,2,0,2,0,0,2,0,2
57,-513366.1414,-719865.8633,E57_F45_m58f58_P6_Y5_UO2752,I58_F81_m-1f-1_P23_Y-1_U87,I58_F99_m-1f-1_P50_Y-1_U37,MXY,2,0.0,1,0,0.0,0,0,0,-9999.0,0.75,1,P49_CV0,2,1,1,2,0,0,2,0,2
57,-513366.1414,-719865.8633,E57_F50_m50f50_P99_Y5_UO2427,ID50_F6_m94f94_P57_Y0_UO4746,ID50_F99_m-1f-1_P50_Y-1_U69,FXX,2,0.0,1,0,1.0,0,0,0,-9999.0,0.625,1,P49_CV0,2,1,1,2,0,0,2,0,2
57,-513366.1414,-719865.8633,E57_F90_m40f40_P86_Y5_UO1906,ID40_F6_m92f92_P57_Y3_UO4276,I40_F8_m90f90_P86_Y3_UO4145,FXX,2,0.0,1,0,1.0,0,0,0,-9999.0,0.375,1,P49_CV0,2,1,1,1,1,0,2,0,2
57,-513366.1414,-719865.8633,E57_F92_m42f42_P6_Y5_UO2017,I42_F99_m-1f-1_P50_Y-1_U131,I42_F99_m90f90_P99_Y3_UO4158,FXX,2,0.0,1,0,1.0,0,0,0,-9999.0,0.5,1,P49_CV0,2,0,2,1,1,0,2,0,2
57,-513366.1414,-719865.8633,E57_F92_m50f50_P99_Y5_UO2450,I50_F99_m-1f-1_P50_Y-1_U55,I50_F6_m23f23_P57_Y2_UO1152,FXX,2,0.0,1,0,1.0,0,0,0,-9999.0,0.9375,1,P49_CV0,2,2,0,2,0,0,2,0,2
57,-513366.1414,-719865.8633,E57_F40_m50f50_P99_Y4_UO2417,I50_F6_m-1f-1_P50_Y-1_U55,I50_F99_m50f50_P99_Y1_UO2335,MXY,3,0.0,1,0,0.0,0,0,0,-9999.0,0.75,1,P49_CV0,2,2,0,1,1,0,2,0,2
57,-513366.1414,-719865.8633,E57_F50_m42f42_P99_Y4_UO1950,I42_F6_m50f50_P99_Y2_UO2406,I42_F99_m50f50_P99_Y2_UO2458,FXX,3,0.0,1,0,1.0,0,0,0,-9999.0,0.5,1,P49_CV0,2,0,2,1,1,0,2,0,2
57,-513366.1414,-719865.8633,E57_F90_m92f92_P27_Y4_UO4341,I92_F99_m42f42_P27_Y0_UO2081,I92_F6_m50f50_P99_Y1_UO2327,FXX,3,0.0,1,0,1.0,0,0,0,-9999.0,0.5,1,P49_CV0,2,2,0,1,1,0,2,0,2
57,-513366.1414,-719865.8633,E57_F92_m42f42_P99_Y4_UO2026,I42_F99_m-1f-1_P50_Y-1_U233,ID42_F99_m-1f-1_P80_Y-1_U106,FXX,3,0.0,1,0,1.0,0,0,0,-9999.0,0.5,1,P49_CV0,2,0,2,1,1,0,2,0,2
57,-513366.1414,-719865.8633,E57_F23_m92f92_P6_Y3_UO4284,I92_F99_m50f50_P99_Y1_UO2331,I92_F57_m-1f-1_P92_Y-1_U137,FXX,4,0.0,1,0,1.0,0,0,0,-9999.0,0.625,1,P49_CV0,2,0,2,1,1,0,2,0,2
57,-513366.1414,-719865.8633,E57_F40_m50f50_P6_Y3_UO2421,I50_F99_m-1f-1_P50_Y-1_U161,I50_F99_m-1f-1_P50_Y-1_U84,FXX,4,0.0,1,0,1.0,0,0,0,-9999.0,0.0,1,P49_CV0,2,0,2,1,1,0,2,0,2
57,-513366.1414,-719865.8633,E57_F50_m50f50_P99_Y3_UO2429,I50_F99_m-1f-1_P50_Y-1_U167,I50_F99_m-1f-1_P50_Y-1_U106,MXY,4,0.0,1,0,0.0,0,0,0,-9999.0,0.5,1,P49_CV0,2,0,2,0,2,0,2,0,2
57,-513366.1414,-719865.8633,E57_F90_m50f50_P6_Y3_UO2419,I50_F99_m-1f-1_P50_Y-1_U55,ID50_F57_m-1f-1_P50_Y-1_U144,FXX,4,0.0,1,0,1.0,0,0,0,-9999.0,0.75,1,P49_CV0,2,1,1,1,1,0,2,0,2
57,-513366.1414,-719865.8633,E57_F92_m50f50_P6_Y0_UO2544,R50_F50_m-1f-1_P50_Y-1_U43,R50_F50_m-1f-1_P50_Y-1_U225,MXY,7,0.0,1,0,0.0,0,0,0,-9999.0,0.75,1,P49_CV0,2,2,0,2,0,0,2,0,2
57,-513366.1414,-719865.8633,E57_F40_m-1f-1_P50_Y-1_U126,-9999,-9999,FXX,9,0.0,1,0,1.0,0,0,0,-9999.0,0.0,1,P49_CV0,2,0,2,1,1,0,2,0,2
57,-513366.1414,-719865.8633,E57_F92_m-1f-1_P50_Y-1_U164,-9999,-9999,MXY,10,0.0,1,0,0.0,0,0,0,-9999.0,1.0,1,P49_CV0,2,2,0,1,1,0,2,0,2
57,-513366.1414,-719865.8633,E57_F92_m-1f-1_P50_Y-1_U206,-9999,-9999,FXX,13,0.0,1,0,1.0,0,0,0,-9999.0,0.5,1,P49_CV0,2,1,1,2,0,0,2,0,2
57,-513366.1414,-719865.8633,E57_F92_m-1f-1_P50_Y-1_U141,-9999,-9999,MXY,14,0.0,1,0,0.0,0,0,0,-9999.0,0.5,1,P49_CV0,2,1,1,2,0,0,2,0,2
57,-513366.1414,-719865.8633,E57_F92_m-1f-1_P50_Y-1_U13,-9999,-9999,MXY,14,0.0,1,0,0.0,0,0,0,-9999.0,0.5,1,P49_CV0,2,1,1,1,1,0,2,0,2
57,-513366.1414,-719865.8633,Age0_F57_m92f92_P57_Y7_UO4348,I92_F57_m42f42_P99_Y5_UO2012,I92_F6_m58f58_P99_Y5_UO2744,FXX,0,0.0,0,0,0.0,0,0,0,0.0,0.375,1,P4_CV0,2,1,1,1,1,0,2,0,2
57,-513366.1414,-719865.8633,E57_F40_m94f94_P99_Y6_UO4498,I94_F91_m-1f-1_P5_Y-1_U49,I94_F81_m80f80_P81_Y0_UO3954,FXX,1,0.0,1,1,1.0,0,0,0,-9999.0,0.25,1,P4_CV0,2,0,2,1,1,0,2,0,2
57,-513366.1414,-719865.8633,E57_F50_m42f42_P99_Y6_UO2021,I42_F6_m58f58_P99_Y4_UO2708,I42_F99_m50f50_P99_Y3_UO2404,MXY,1,0.0,1,1,0.0,0,0,0,-9999.0,0.625,1,P4_CV0,2,2,0,0,2,0,2,0,2
57,-513366.1414,-719865.8633,E57_F50_m50f50_P99_Y6_UO2495,I50_F6_m-1f-1_P40_Y-1_U88,I50_F57_m5f5_P81_Y2_UO330,FXX,1,0.0,1,1,1.0,0,0,0,-9999.0,0.75,1,P4_CV0,2,1,1,1,1,0,2,0,2
57,-513366.1414,-719865.8633,E57_F92_m42f42_P99_Y6_UO2058,ID42_F91_m5f5_P81_Y1_UO276,I42_F99_m58f58_P99_Y0_UO3021,MXY,1,0.0,1,1,0.0,0,0,0,-9999.0,0.5,1,P4_CV0,2,1,1,0,2,0,2,0,2
57,-513366.1414,-719865.8633,E57_F92_m50f50_P99_Y6_UO2453,I50_F99_m5f5_P81_Y1_UO299,I50_F99_m-1f-1_P50_Y-1_U106,FXX,1,0.0,1,1,1.0,0,0,0,-9999.0,0.5,1,P4_CV0,2,1,1,1,1,0,2,0,2
57,-513366.1414,-719865.8633,E57_F45_m92f92_P27_Y5_UO4366,ID92_F76_m92f92_P6_Y0_UO4621,ID92_F28_m-1f-1_P5_Y-1_U73,FXX,2,0.0,1,0,1.0,0,0,0,-9999.0,0.5,1,P4_CV0,2,1,1,1,1,0,2,0,2
57,-513366.1414,-719865.8633,E57_F92_m92f92_P6_Y5_UO4298,I92_F27_m58f58_P99_Y3_UO2770,ID92_F28_m-1f-1_P5_Y-1_U73,MXY,2,0.0,1,0,0.0,0,0,0,-9999.0,0.5,1,P4_CV0,2,2,0,2,0,0,2,0,2
57,-513366.1414,-719865.8633,E57_F92_m42f42_P99_Y5_UO2012,I42_F99_m-1f-1_P42_Y-1_U149,I42_F57_m80f80_P81_Y2_UO3668,FXX,2,0.0,1,0,1.0,0,0,0,-9999.0,0.75,1,P4_CV0,2,2,0,1,1,0,2,0,2
57,-513366.1414,-719865.8633,E57_F40_m5f5_P81_Y1_UO292,I5_F81_m-1f-1_P5_Y-1_U150,ID5_F81_m-1f-1_P5_Y-1_U101,FXX,6,0.0,1,0,1.0,0,0,0,-9999.0,0.5,1,P4_CV0,2,1,1,0,2,0,2,0,2
57,-513366.1414,-719865.8633,Age0_F57_m23f23_P57_Y7_UO1126,I23_F6_m23f23_P57_Y5_UO1172,I23_F86_m50f50_P99_Y5_UO2442,FXX,0,0.0,0,0,0.0,0,0,0,0.0,0.65625,1,P57_CV0,2,1,1,1,1,0,2,0,2
57,-513366.1414,-719865.8633,Age0_F57_m40f40_P57_Y7_UO1906,I40_F98_m58f58_P99_Y5_UO2754,I40_F57_m50f50_P99_Y3_UO2443,FXX,0,0.0,0,0,0.0,0,0,0,0.0,0.375,1,P57_CV0,2,1,1,1,1,0,2,0,2
57,-513366.1414,-719865.8633,Age0_F57_m40f40_P57_Y7_UO1912,ID40_F35_m40f40_P86_Y5_UO1894,ID40_F57_m40f40_P6_Y5_UO1922,FXX,0,0.0,0,0,0.0,0,0,0,0.0,0.375,1,P57_CV0,2,1,1,1,1,0,2,0,2
57,-513366.1414,-719865.8633,Age0_F57_m40f40_P57_Y7_UO1976,I40_F6_m-1f-1_P58_Y-1_U52,I40_F27_m58f58_P6_Y4_UO2766,FXX,0,0.0,0,0,0.0,0,0,0,0.0,0.5625,1,P57_CV0,2,2,0,1,1,0,2,0,2
57,-513366.1414,-719865.8633,Age0_F57_m40f40_P57_Y7_UO1977,ID40_F99_m-1f-1_P58_Y-1_U232,I40_F99_m-1f-1_P42_Y-1_U85,MXY,0,0.0,0,0,0.0,0,0,0,0.0,0.5,1,P57_CV0,2,1,1,2,0,0,2,0,2
57,-513366.1414,-719865.8633,Age0_F57_m45f45_P57_Y7_UO2190,ID45_F52_m23f23_P86_Y5_UO1201,ID45_F6_m42f42_P99_Y2_UO1986,MXY,0,0.0,0,0,0.0,0,0,0,0.0,0.65625,1,P57_CV0,2,2,0,2,0,0,2,0,2
57,-513366.1414,-719865.8633,Age0_F57_m50f50_P57_Y7_UO2412,ID50_F81_m5f5_P81_Y5_UO377,I50_F99_m50f50_P99_Y4_UO2364,FXX,0,0.0,0,0,0.0,0,0,0,0.0,0.5625,1,P57_CV0,2,0,2,0,2,0,2,0,2
57,-513366.1414,-719865.8633,Age0_F57_m92f92_P57_Y7_UO4396,I92_F6_m42f42_P99_Y2_UO1940,I92_F6_m92f92_P6_Y5_UO4322,MXY,0,0.0,0,0,0.0,0,0,0,0.0,0.46875,1,P57_CV0,2,2,0,1,1,0,2,0,2
57,-513366.1414,-719865.8633,E57_F23_m92f92_P57_Y6_UO4441,ID92_F81_m-1f-1_P58_Y-1_U5,ID92_F99_m-1f-1_P50_Y-1_U164,FXX,1,0.0,1,1,1.0,0,0,0,-9999.0,0.5,1,P57_CV0,2,1,1,2,0,0,2,0,2
57,-513366.1414,-719865.8633,E57_F40_m92f92_P57_Y6_UO4408,I92_F6_m45f45_P57_Y2_UO2119,I92_F99_m50f50_P99_Y4_UO2343,FXX,1,0.0,1,1,1.0,0,0,0,-9999.0,0.3125,1,P57_CV0,2,0,2,2,0,0,2,0,2
57,-513366.1414,-719865.8633,E57_F40_m58f58_P99_Y6_UO2765,I58_F81_m-1f-1_P58_Y-1_U80,I58_F99_m92f92_P99_Y3_UO4290,FXX,1,0.0,1,1,1.0,0,0,0,-9999.0,0.5,1,P57_CV0,2,1,1,2,0,0,2,0,2
57,-513366.1414,-719865.8633,E57_F40_m92f92_P99_Y6_UO4435,ID92_F57_m-1f-1_P40_Y-1_U196,I92_F99_m50f50_P99_Y4_UO2343,FXX,1,0.0,1,1,1.0,0,0,0,-9999.0,0.1875,1,P57_CV0,2,0,2,0,2,0,2,0,2
57,-513366.1414,-719865.8633,E57_F42_m80f80_P81_Y6_UO3764,ID80_F81_m5f5_P81_Y2_UO364,I80_F81_m5f5_P81_Y4_UO372,FXX,1,0.0,1,1,1.0,0,0,0,-9999.0,0.34375,1,P57_CV0,2,0,2,0,2,0,2,0,2
57,-513366.1414,-719865.8633,E57_F45_m40f40_P57_Y6_UO1975,I40_F6_m-1f-1_P58_Y-1_U72,I40_F6_m92f92_P6_Y4_UO4378,FXX,1,0.0,1,1,1.0,0,0,0,-9999.0,0.125,1,P57_CV0,2,1,1,1,1,0,2,0,2
57,-513366.1414,-719865.8633,E57_F90_m23f23_P57_Y6_UO1222,I23_F86_m58f58_P99_Y0_UO2984,I23_F27_m23f23_P27_Y4_UO1167,FXX,1,0.0,1,1,1.0,0,0,0,-9999.0,0.6875,1,P57_CV0,2,2,0,1,1,0,2,0,2
57,-513366.1414,-719865.8633,E57_F90_m50f50_P57_Y6_UO2484,ID50_F81_m-1f-1_P58_Y-1_U117,I50_F57_m42f42_P99_Y3_UO1971,MXY,1,0.0,1,1,0.0,0,0,0,-9999.0,0.5,1,P57_CV0,2,1,1,1,1,0,2,0,2
57,-513366.1414,-719865.8633,E57_F90_m92f92_P57_Y6_UO4384,I92_F99_m42f42_P6_Y3_UO2017,I92_F99_m92f92_P99_Y3_UO4356,FXX,1,0.0,1,1,1.0,0,0,0,-9999.0,0.3125,1,P57_CV0,2,0,2,1,1,0,2,0,2
57,-513366.1414,-719865.8633,E57_F92_m42f42_P99_Y6_UO2068,I42_F6_m-1f-1_P50_Y-1_U131,I42_F6_m58f58_P81_Y1_UO2678,FXX,1,0.0,1,1,1.0,0,0,0,-9999.0,0.375,1,P57_CV0,2,1,1,0,2,0,2,0,2
57,-513366.1414,-719865.8633,E57_F92_m50f50_P99_Y6_UO2428,I50_F99_m50f50_P27_Y3_UO2400,ID50_F99_m92f92_P99_Y4_UO4294,FXX,1,0.0,1,1,1.0,0,0,0,-9999.0,0.375,1,P57_CV0,2,0,2,2,0,0,2,0,2
57,-513366.1414,-719865.8633,E57_F23_m50f50_P99_Y5_UO2442,I50_F99_m-1f-1_P58_Y-1_U216,ID50_F86_m23f23_P27_Y3_UO1157,MXY,2,0.0,1,0,0.0,0,0,0,-9999.0,0.6875,1,P57_CV0,2,1,1,1,1,0,2,0,2
57,-513366.1414,-719865.8633,E57_F40_m40f40_P86_Y5_UO1894,I40_F98_m50f50_P6_Y3_UO2421,ID40_F98_m58f58_P99_Y3_UO2726,FXX,2,0.0,1,0,1.0,0,0,0,-9999.0,0.25,1,P57_CV0,2,0,2,2,0,0,2,0,2
57,-513366.1414,-719865.8633,E57_F40_m58f58_P99_Y5_UO2760,I58_F81_m-1f-1_P92_Y-1_U212,I58_F99_m-1f-1_P58_Y-1_U242,MXY,2,0.0,1,0,0.0,0,0,0,-9999.0,0.5,1,P57_CV0,2,1,1,1,1,0,2,0,2
57,-513366.1414,-719865.8633,E57_F42_m50f50_P99_Y5_UO2439,ID50_F99_m-1f-1_P58_Y-1_U37,I50_F57_m58f58_P99_Y3_UO2732,FXX,2,0.0,1,0,1.0,0,0,0,-9999.0,0.375,1,P57_CV0,2,1,1,2,0,0,2,0,2
57,-513366.1414,-719865.8633,E57_F45_m23f23_P86_Y5_UO1201,I23_F35_m58f58_P99_Y0_UO2984,I23_F27_m92f92_P6_Y2_UO4359,FXX,2,0.0,1,0,1.0,0,0,0,-9999.0,0.8125,1,P57_CV0,2,1,1,1,1,0,2,0,2
57,-513366.1414,-719865.8633,E57_F50_m5f5_P81_Y5_UO377,ID5_F81_m80f80_P81_Y0_UO3971,I5_F81_m58f58_P81_Y3_UO2775,FXX,2,0.0,1,0,1.0,0,0,0,-9999.0,0.625,1,P57_CV0,2,1,1,0,2,0,2,0,2
57,-513366.1414,-719865.8633,E57_F92_m42f42_P99_Y5_UO2051,I42_F6_m-1f-1_P58_Y-1_U174,I42_F99_m92f92_P99_Y1_UO4146,MXY,2,0.0,1,0,0.0,0,0,0,-9999.0,0.375,1,P57_CV0,2,1,1,2,0,0,2,0,2
57,-513366.1414,-719865.8633,E57_F23_m90f90_P86_Y4_UO4215,I90_F86_m12f12_P52_Y0_UO730,I90_F86_m58f58_P99_Y1_UO2640,MXY,3,0.0,1,0,0.0,0,0,0,-9999.0,0.625,1,P57_CV0,2,1,1,2,0,0,2,0,2
57,-513366.1414,-719865.8633,E57_F40_m50f50_P99_Y4_UO2391,I50_F27_m-1f-1_P58_Y-1_U37,I50_F99_m-1f-1_P50_Y-1_U1,MXY,3,0.0,1,0,0.0,0,0,0,-9999.0,0.25,1,P57_CV0,2,0,2,1,1,0,2,0,2
57,-513366.1414,-719865.8633,E57_F42_m42f42_P99_Y4_UO1954,I42_F72_m58f58_P99_Y2_UO2742,I42_F99_m-1f-1_P42_Y-1_U147,MXY,3,0.0,1,0,0.0,0,0,0,-9999.0,0.25,1,P57_CV0,2,1,1,0,2,0,2,0,2
57,-513366.1414,-719865.8633,E57_F45_m58f58_P57_Y4_UO2758,I58_F81_m-1f-1_P58_Y-1_U224,I58_F99_m-1f-1_P45_Y-1_U89,FXX,3,0.0,1,0,1.0,0,0,0,-9999.0,0.75,1,P57_CV0,2,1,1,0,2,0,2,0,2
57,-513366.1414,-719865.8633,E57_F40_m58f58_P99_Y3_UO2731,I58_F81_m-1f-1_P58_Y-1_U225,I58_F81_m-1f-1_P58_Y-1_U151,MXY,4,0.0,1,0,0.0,0,0,0,-9999.0,0.75,1,P57_CV0,2,1,1,1,1,0,2,0,2
57,-513366.1414,-719865.8633,E57_F92_m58f58_P99_Y3_UO2772,I58_F81_m-1f-1_P58_Y-1_U85,I58_F99_m-1f-1_P50_Y-1_U2,MXY,4,0.0,1,0,0.0,0,0,0,-9999.0,0.5,1,P57_CV0,2,1,1,1,1,0,2,0,2
57,-513366.1414,-719865.8633,E57_F92_m92f92_P6_Y3_UO4346,I92_F99_m-1f-1_P58_Y-1_U176,ID92_F86_m-1f-1_P23_Y-1_U75,MXY,4,0.0,1,0,0.0,0,0,0,-9999.0,0.5,1,P57_CV0,2,1,1,1,1,0,2,0,2
57,-513366.1414,-719865.8633,E57_F92_m42f42_P6_Y3_UO2017,ID42_F6_m-1f-1_P92_Y-1_U147,I42_F99_m-1f-1_P58_Y-1_U125,FXX,4,0.0,1,0,1.0,0,0,0,-9999.0,0.0,1,P57_CV0,2,0,2,1,1,0,2,0,2
57,-513366.1414,-719865.8633,E57_F90_m58f58_P99_Y2_UO2782,ID58_F81_m-1f-1_P58_Y-1_U237,I58_F99_m-1f-1_P58_Y-1_U228,MXY,5,0.0,1,0,0.0,0,0,0,-9999.0,1.0,1,P57_CV0,2,2,0,2,0,0,2,0,2
57,-513366.1414,-719865.8633,E57_F92_m42f42_P99_Y2_UO1940,I42_F99_m58f58_P99_Y0_UO2940,ID42_F99_m-1f-1_P50_Y-1_U44,FXX,5,0.0,1,0,1.0,0,0,0,-9999.0,0.625,1,P57_CV0,2,2,0,2,0,0,2,0,2
57,-513366.1414,-719865.8633,E57_F40_m58f58_P99_Y0_UO2974,R58_F58_m-1f-1_P58_Y-1_U108,R58_F58_m-1f-1_P58_Y-1_U198,FXX,7,0.0,1,0,1.0,0,0,0,-9999.0,0.25,1,P57_CV0,2,0,2,1,1,0,2,0,2
57,-513366.1414,-719865.8633,E57_F50_m-1f-1_P58_Y-1_U246,-9999,-9999,MXY,8,0.0,1,0,0.0,0,0,0,-9999.0,0.0,1,P57_CV0,2,0,2,1,1,0,2,0,2
57,-513366.1414,-719865.8633,E57_F58_m-1f-1_P58_Y-1_U131,-9999,-9999,MXY,11,0.0,1,0,0.0,0,0,0,-9999.0,0.5,1,P57_CV0,2,1,1,0,2,0,2,0,2
57,-513366.1414,-719865.8633,E57_F40_m-1f-1_P58_Y-1_U52,-9999,-9999,FXX,12,0.0,1,0,1.0,0,0,0,-9999.0,0.5,1,P57_CV0,2,1,1,0,2,0,2,0,2
57,-513366.1414,-719865.8633,E57_F40_m-1f-1_P58_Y-1_U232,-9999,-9999,FXX,12,0.0,1,0,1.0,0,0,0,-9999.0,0.0,1,P57_CV0,2,0,2,2,0,0,2,0,2
57,-513366.1414,-719865.8633,Age0_F57_m40f40_P57_Y7_UO1939,I40_F98_m50f50_P6_Y3_UO2421,ID40_F36_m63f63_P98_Y5_UO3087,MXY,0,0.0,0,0,0.0,0,0,0,0.0,0.09375,1,P62_CV0,2,1,1,1,1,0,2,0,2
57,-513366.1414,-719865.8633,Age0_F57_m40f40_P57_Y7_UO1973,ID40_F57_m-1f-1_P92_Y-1_U244,ID40_F36_m63f63_P98_Y5_UO3087,FXX,0,0.0,0,0,0.0,0,0,0,0.0,0.09375,1,P62_CV0,2,1,1,2,0,0,2,0,2
57,-513366.1414,-719865.8633,E57_F40_m85f85_P8_Y6_UO4010,I85_F69_m85f85_P36_Y3_UO3930,ID85_F8_m63f63_P69_Y1_UO2944,FXX,1,0.0,1,1,1.0,0,0,0,-9999.0,0.5625,1,P62_CV0,2,0,2,0,2,0,2,0,2
57,-513366.1414,-719865.8633,E57_F45_m25f25_P8_Y4_UO1244,I25_F68_m25f25_P68_Y2_UO1302,ID25_F68_m63f63_P8_Y1_UO2926,MXY,3,0.0,1,0,0.0,0,0,0,-9999.0,0.6875,1,P62_CV0,2,1,1,0,2,0,2,0,2
57,-513366.1414,-719865.8633,E57_F45_m25f25_P68_Y3_UO1236,I25_F68_m25f25_P69_Y1_UO1236,I25_F68_m-1f-1_P63_Y-1_U5,MXY,4,0.0,1,0,0.0,0,0,0,-9999.0,0.625,1,P62_CV0,2,2,0,1,1,0,2,0,2
57,-513366.1414,-719865.8633,Age0_F57_m40f40_P57_Y7_UO1928,I40_F57_m42f42_P99_Y4_UO2014,I40_F99_m23f23_P57_Y5_UO1145,MXY,0,0.0,0,0,0.0,0,0,0,0.0,0.53125,1,P64_CV0,2,1,1,1,1,0,2,0,2
57,-513366.1414,-719865.8633,Age0_F57_m92f92_P57_Y7_UO4324,I92_F57_m40f40_P99_Y5_UO1958,I92_F6_m23f23_P57_Y1_UO1163,MXY,0,0.0,0,0,0.0,0,0,0,0.0,0.625,1,P64_CV0,2,1,1,2,0,0,2,0,2
57,-513366.1414,-719865.8633,E57_F40_m90f90_P57_Y6_UO4256,I90_F35_m50f50_P6_Y3_UO2419,I90_F35_m92f92_P57_Y2_UO4315,FXX,1,0.0,1,1,1.0,0,0,0,-9999.0,0.75,1,P64_CV0,2,0,2,1,1,0,2,0,2
57,-513366.1414,-719865.8633,E57_F45_m63f63_P68_Y6_UO3048,I63_F68_m45f45_P8_Y2_UO2169,I63_F68_m65f65_P98_Y3_UO3087,FXX,1,0.0,1,1,1.0,0,0,0,-9999.0,0.4375,1,P64_CV0,2,1,1,0,2,0,2,0,2
57,-513366.1414,-719865.8633,E57_F92_m92f92_P6_Y6_UO4440,I92_F6_m-1f-1_P65_Y-1_U185,ID92_F57_m92f92_P57_Y4_UO4353,FXX,1,0.0,1,1,1.0,0,0,0,-9999.0,0.5,1,P64_CV0,2,2,0,1,1,0,2,0,2
57,-513366.1414,-719865.8633,E57_F92_m23f23_P86_Y6_UO1175,ID23_F57_m40f40_P57_Y3_UO1905,I23_F86_m42f42_P99_Y4_UO1953,MXY,1,0.0,1,1,0.0,0,0,0,-9999.0,0.5625,1,P64_CV0,2,1,1,1,1,0,2,0,2
57,-513366.1414,-719865.8633,E57_F92_m40f40_P99_Y5_UO1958,I40_F99_m-1f-1_P65_Y-1_U17,I40_F99_m-1f-1_P42_Y-1_U85,FXX,2,0.0,1,0,1.0,0,0,0,-9999.0,0.75,1,P64_CV0,2,2,0,2,0,0,2,0,2
57,-513366.1414,-719865.8633,E57_F23_m45f45_P57_Y3_UO2139,I45_F6_m92f92_P86_Y1_UO4095,I45_F8_m-1f-1_P45_Y-1_U42,FXX,4,0.0,1,0,1.0,0,0,0,-9999.0,0.75,1,P64_CV0,2,2,0,1,1,0,2,0,2
57,-513366.1414,-719865.8633,E57_F40_m25f25_P68_Y2_UO1317,I25_F68_m-1f-1_P25_Y-1_U172,I25_F36_m65f65_P68_Y0_UO3405,MXY,5,0.0,1,0,0.0,0,0,0,-9999.0,0.5,1,P64_CV0,2,1,1,1,1,0,2,0,2
57,-513366.1414,-719865.8633,E57_F40_m65f65_P98_Y0_UO3358,R65_F65_m-1f-1_P65_Y-1_U66,R65_F65_m-1f-1_P65_Y-1_U59,FXX,7,0.0,1,0,1.0,0,0,0,-9999.0,0.5,1,P64_CV0,2,1,1,1,1,0,2,0,2
57,-513366.1414,-719865.8633,E57_F23_m7f7_P35_Y4_UO411,I7_F74_m30f30_P38_Y2_UO1409,ID7_F74_m-1f-1_P7_Y-1_U33,MXY,3,0.0,1,0,0.0,0,0,0,-9999.0,0.375,1,P6_CV0,2,1,1,1,1,0,2,0,2
57,-513366.1414,-719865.8633,E57_F92_m7f7_P35_Y4_UO465,I7_F38_m90f90_P35_Y0_UO4585,I7_F38_m-1f-1_P7_Y-1_U158,MXY,3,0.0,1,0,0.0,0,0,0,-9999.0,0.375,1,P6_CV0,2,1,1,0,2,0,2,0,2
57,-513366.1414,-719865.8633,E57_F46_m37f37_P38_Y3_UO1780,I37_F29_m-1f-1_P46_Y-1_U0,I37_F38_m7f7_P38_Y1_UO398,MXY,4,0.0,1,0,0.0,0,0,0,-9999.0,0.5,1,P6_CV0,2,1,1,1,1,0,2,0,2
57,-513366.1414,-719865.8633,E57_F90_m7f7_P52_Y0_UO446,R7_F7_m-1f-1_P7_Y-1_U123,R7_F7_m-1f-1_P7_Y-1_U73,FXX,7,0.0,1,0,1.0,0,0,0,-9999.0,0.5,1,P6_CV0,2,1,1,1,1,0,2,0,2
57,-513366.1414,-719865.8633,E57_F23_m45f45_P57_Y6_UO2198,I45_F57_m45f45_P86_Y4_UO2141,ID45_F13_m78f78_P93_Y0_UO3753,MXY,1,0.0,1,1,0.0,0,0,0,-9999.0,0.5625,1,P77_CV0,2,1,1,1,1,0,2,0,2
57,-513366.1414,-719865.8633,E57_F90_m12f12_P86_Y6_UO697,ID12_F52_m46f46_P52_Y4_UO2228,I12_F52_m12f12_P52_Y3_UO680,FXX,1,0.0,1,1,1.0,0,0,0,-9999.0,0.5,1,P77_CV0,2,0,2,2,0,0,2,0,2
57,-513366.1414,-719865.8633,Age0_F57_m23f23_P57_Y7_UO1121,ID23_F86_m40f40_P6_Y5_UO1943,I23_F86_m58f58_P57_Y3_UO2762,FXX,0,0.0,0,0,0.0,0,0,0,0.0,0.6875,1,P79_CV0,2,1,1,2,0,0,2,0,2
57,-513366.1414,-719865.8633,E57_F50_m58f58_P99_Y6_UO2759,I58_F81_m47f47_P81_Y0_UO2475,I58_F6_m80f80_P72_Y2_UO3733,MXY,1,0.0,1,1,0.0,0,0,0,-9999.0,0.625,1,P79_CV0,2,2,0,1,1,0,2,0,2
57,-513366.1414,-719865.8633,E57_F23_m42f42_P6_Y5_UO2010,I42_F99_m80f80_P81_Y0_UO3964,I42_F27_m40f40_P6_Y3_UO1886,MXY,2,0.0,1,0,0.0,0,0,0,-9999.0,0.5,1,P79_CV0,2,1,1,2,0,0,2,0,2
57,-513366.1414,-719865.8633,E57_F90_m40f40_P86_Y5_UO1895,ID40_F99_m80f80_P81_Y3_UO3710,I40_F6_m-1f-1_P40_Y-1_U164,FXX,2,0.0,1,0,1.0,0,0,0,-9999.0,0.375,1,P79_CV0,2,0,2,1,1,0,2,0,2
57,-513366.1414,-719865.8633,E57_F40_m5f5_P81_Y4_UO319,ID5_F72_m94f94_P81_Y1_UO4161,ID5_F81_m80f80_P81_Y2_UO3673,FXX,3,0.0,1,0,1.0,0,0,0,-9999.0,0.3125,1,P79_CV0,2,0,2,0,2,0,2,0,2
57,-513366.1414,-719865.8633,E57_F42_m80f80_P72_Y2_UO3728,ID80_F81_m-1f-1_P80_Y-1_U178,I80_F81_m-1f-1_P80_Y-1_U207,MXY,5,0.0,1,0,0.0,0,0,0,-9999.0,0.75,1,P79_CV0,2,1,1,1,1,0,2,0,2
57,-513366.1414,-719865.8633,E57_F42_m-1f-1_P80_Y-1_U95,-9999,-9999,MXY,9,0.0,1,0,0.0,0,0,0,-9999.0,0.0,1,P79_CV0,2,0,2,1,1,0,2,0,2
57,-513366.1414,-719865.8633,E57_F50_m-1f-1_P80_Y-1_U113,-9999,-9999,FXX,16,0.0,1,0,1.0,0,0,0,-9999.0,0.5,1,P79_CV0,2,1,1,1,1,0,2,0,2
57,-513366.1414,-719865.8633,Age0_F57_m45f45_P57_Y7_UO2252,I45_F86_m-1f-1_P84_Y-1_U171,I45_F6_m12f12_P86_Y5_UO724,FXX,0,0.0,0,0,0.0,0,0,0,0.0,0.5,1,P83_CV0,2,2,0,1,1,0,2,0,2
57,-513366.1414,-719865.8633,Age0_F57_m90f90_P57_Y7_UO4211,I90_F27_m45f45_P57_Y5_UO2215,I90_F52_m40f40_P6_Y3_UO1923,MXY,0,0.0,0,0,0.0,0,0,0,0.0,0.3125,1,P83_CV0,2,1,1,1,1,0,2,0,2
57,-513366.1414,-719865.8633,E57_F90_m45f45_P86_Y6_UO2253,I45_F86_m-1f-1_P84_Y-1_U171,ID45_F52_m23f23_P86_Y2_UO1179,FXX,1,0.0,1,1,1.0,0,0,0,-9999.0,0.25,1,P83_CV0,2,1,1,2,0,0,2,0,2
57,-513366.1414,-719865.8633,E57_F40_m31f31_P8_Y5_UO1463,I31_F68_m25f25_P8_Y3_UO1254,I31_F68_m31f31_P8_Y3_UO1499,MXY,2,0.0,1,0,0.0,0,0,0,-9999.0,0.5625,1,P83_CV0,2,2,0,2,0,0,2,0,2
57,-513366.1414,-719865.8633,E57_F90_m45f45_P57_Y5_UO2215,I45_F68_m-1f-1_P84_Y-1_U137,I45_F86_m23f23_P27_Y3_UO1190,FXX,2,0.0,1,0,1.0,0,0,0,-9999.0,0.375,1,P83_CV0,2,1,1,0,2,0,2,0,2
57,-513366.1414,-719865.8633,E57_F92_m45f45_P57_Y5_UO2172,ID45_F8_m25f25_P8_Y2_UO1248,I45_F35_m-1f-1_P45_Y-1_U175,MXY,2,0.0,1,0,0.0,0,0,0,-9999.0,0.4375,1,P83_CV0,2,0,2,0,2,0,2,0,2
57,-513366.1414,-719865.8633,E57_F45_m40f40_P57_Y4_UO1892,I40_F6_m50f50_P99_Y1_UO2307,I40_F99_m84f84_P98_Y2_UO3877,MXY,3,0.0,1,0,0.0,0,0,0,-9999.0,0.375,1,P83_CV0,2,1,1,1,1,0,2,0,2
57,-513366.1414,-719865.8633,E57_F40_m84f84_P8_Y3_UO3886,I84_F68_m-1f-1_P84_Y-1_U140,I84_F8_m-1f-1_P84_Y-1_U200,MXY,4,0.0,1,0,0.0,0,0,0,-9999.0,0.5,1,P83_CV0,2,1,1,1,1,0,2,0,2
57,-513366.1414,-719865.8633,E57_F45_m-1f-1_P84_Y-1_U171,-9999,-9999,FXX,11,0.0,1,0,1.0,0,0,0,-9999.0,0.5,1,P83_CV0,2,1,1,2,0,0,2,0,2
57,-513366.1414,-719865.8633,Age0_F57_m45f45_P57_Y7_UO2210,I45_F6_m58f58_P57_Y4_UO2758,I45_F8_m25f25_P68_Y1_UO1185,MXY,0,0.0,0,0,0.0,0,0,0,0.0,0.625,1,P84_CV0,2,1,1,0,2,0,2,0,2
57,-513366.1414,-719865.8633,E57_F23_m92f92_P57_Y6_UO4361,ID92_F6_m42f42_P6_Y4_UO1958,I92_F57_m85f85_P98_Y4_UO3921,FXX,1,0.0,1,1,1.0,0,0,0,-9999.0,0.5625,1,P84_CV0,2,2,0,1,1,0,2,0,2
57,-513366.1414,-719865.8633,E57_F45_m25f25_P68_Y1_UO1185,ID25_F8_m-1f-1_P85_Y-1_U125,ID25_F8_m-1f-1_P84_Y-1_U94,MXY,6,0.0,1,0,0.0,0,0,0,-9999.0,0.5,1,P84_CV0,2,1,1,0,2,0,2,0,2
57,-513366.1414,-719865.8633,E57_F45_m-1f-1_P85_Y-1_U244,-9999,-9999,MXY,11,0.0,1,0,0.0,0,0,0,-9999.0,0.0,1,P84_CV0,2,0,2,1,1,0,2,0,2
57,-513366.1414,-719865.8633,Age0_F57_m23f23_P57_Y7_UO1143,I23_F35_m90f90_P57_Y4_UO4238,I23_F6_m23f23_P6_Y0_UO1216,MXY,0,0.0,0,0,0.0,0,0,0,0.0,0.5,1,P89_CV0,2,1,1,1,1,0,2,0,2
57,-513366.1414,-719865.8633,Age0_F57_m23f23_P57_Y7_UO1216,I23_F6_m-1f-1_P23_Y-1_U162,I23_F27_m90f90_P57_Y5_UO4239,MXY,0,0.0,0,0,0.0,0,0,0,0.0,0.3125,1,P89_CV0,2,0,2,2,0,0,2,0,2
57,-513366.1414,-719865.8633,Age0_F57_m40f40_P57_Y7_UO1898,I40_F6_m45f45_P57_Y5_UO2164,ID40_F6_m45f45_P6_Y5_UO2168,FXX,0,0.0,0,0,0.0,0,0,0,0.0,0.34375,1,P89_CV0,2,0,2,1,1,0,2,0,2
57,-513366.1414,-719865.8633,Age0_F57_m40f40_P57_Y7_UO1949,I40_F6_m90f90_P57_Y1_UO4015,ID40_F57_m40f40_P99_Y3_UO1899,FXX,0,0.0,0,0,0.0,0,0,0,0.0,0.5,1,P89_CV0,2,1,1,2,0,0,2,0,2
57,-513366.1414,-719865.8633,Age0_F57_m45f45_P57_Y7_UO2245,I45_F6_m-1f-1_P45_Y-1_U170,I45_F86_m90f90_P86_Y4_UO4201,FXX,0,0.0,0,0,0.0,0,0,0,0.0,0.5625,1,P89_CV0,2,2,0,2,0,0,2,0,2
57,-513366.1414,-719865.8633,Age0_F57_m90f90_P57_Y7_UO4207,I90_F6_m90f90_P86_Y5_UO4227,ID90_F57_m23f23_P27_Y5_UO1134,FXX,0,0.0,0,0,0.0,0,0,0,0.0,0.5,1,P89_CV0,2,2,0,1,1,0,2,0,2
57,-513366.1414,-719865.8633,Age0_F57_m92f92_P57_Y7_UO4325,I92_F57_m90f90_P57_Y5_UO4263,I92_F99_m92f92_P57_Y3_UO4259,FXX,0,0.0,0,0,0.0,0,0,0,0.0,0.1875,1,P89_CV0,2,0,2,1,1,0,2,0,2
57,-513366.1414,-719865.8633,E57_F23_m40f40_P27_Y6_UO1982,I40_F6_m-1f-1_P45_Y-1_U136,I40_F6_m45f45_P57_Y4_UO2151,MXY,1,0.0,1,1,0.0,0,0,0,-9999.0,0.5625,1,P89_CV0,2,1,1,2,0,0,2,0,2
57,-513366.1414,-719865.8633,E57_F40_m23f23_P6_Y6_UO1137,I23_F57_m23f23_P86_Y4_UO1187,I23_F6_m92f92_P6_Y4_UO4298,FXX,1,0.0,1,1,1.0,0,0,0,-9999.0,0.5,1,P89_CV0,2,0,2,2,0,0,2,0,2
57,-513366.1414,-719865.8633,E57_F40_m40f40_P6_Y6_UO1935,I40_F57_m23f23_P99_Y3_UO1127,ID40_F57_m-1f-1_P50_Y-1_U4,MXY,1,0.0,1,1,0.0,0,0,0,-9999.0,0.6875,1,P89_CV0,2,1,1,1,1,0,2,0,2
57,-513366.1414,-719865.8633,E57_F45_m23f23_P6_Y6_UO1226,I23_F86_m30f30_P35_Y0_UO1494,I23_F6_m90f90_P57_Y2_UO4190,MXY,1,0.0,1,1,0.0,0,0,0,-9999.0,0.3125,1,P89_CV0,2,2,0,1,1,0,2,0,2
57,-513366.1414,-719865.8633,E57_F90_m23f23_P27_Y6_UO1212,ID23_F57_m92f92_P57_Y1_UO4156,I23_F27_m23f23_P27_Y4_UO1167,FXX,1,0.0,1,1,1.0,0,0,0,-9999.0,0.5625,1,P89_CV0,2,1,1,1,1,0,2,0,2
57,-513366.1414,-719865.8633,E57_F90_m46f46_P52_Y6_UO2285,I46_F52_m12f12_P52_Y4_UO674,ID46_F27_m90f90_P35_Y4_UO4168,MXY,1,0.0,1,1,0.0,0,0,0,-9999.0,0.5625,1,P89_CV0,2,0,2,1,1,0,2,0,2
57,-513366.1414,-719865.8633,E57_F90_m45f45_P57_Y6_UO2271,I45_F6_m-1f-1_P45_Y-1_U99,I45_F52_m23f23_P52_Y3_UO1197,FXX,1,0.0,1,1,1.0,0,0,0,-9999.0,0.1875,1,P89_CV0,2,0,2,2,0,0,2,0,2
57,-513366.1414,-719865.8633,E57_F90_m90f90_P86_Y6_UO4217,I90_F57_m42f42_P27_Y4_UO1956,I90_F27_m-1f-1_P90_Y-1_U104,FXX,1,0.0,1,1,1.0,0,0,0,-9999.0,0.625,1,P89_CV0,2,2,0,1,1,0,2,0,2
57,-513366.1414,-719865.8633,E57_F90_m90f90_P86_Y6_UO4274,ID90_F35_m40f40_P6_Y3_UO1904,I90_F86_m12f12_P52_Y4_UO740,MXY,1,0.0,1,1,0.0,0,0,0,-9999.0,0.5,1,P89_CV0,2,0,2,0,2,0,2,0,2
57,-513366.1414,-719865.8633,E57_F90_m90f90_P86_Y6_UO4337,ID90_F57_m-1f-1_P90_Y-1_U190,ID90_F57_m40f40_P6_Y3_UO1923,FXX,1,0.0,1,1,1.0,0,0,0,-9999.0,0.375,1,P89_CV0,2,0,2,2,0,0,2,0,2
57,-513366.1414,-719865.8633,E57_F92_m23f23_P6_Y6_UO1250,ID23_F27_m-1f-1_P12_Y-1_U170,I23_F6_m90f90_P35_Y3_UO4246,FXX,1,0.0,1,1,1.0,0,0,0,-9999.0,0.25,1,P89_CV0,2,0,2,1,1,0,2,0,2
57,-513366.1414,-719865.8633,E57_F92_m50f50_P99_Y6_UO2426,I50_F99_m58f58_P99_Y4_UO2756,I50_F99_m-1f-1_P40_Y-1_U121,FXX,1,0.0,1,1,1.0,0,0,0,-9999.0,0.375,1,P89_CV0,2,1,1,1,1,0,2,0,2
57,-513366.1414,-719865.8633,E57_F23_m23f23_P35_Y5_UO1215,I23_F57_m90f90_P27_Y0_UO4594,I23_F99_m23f23_P6_Y0_UO1221,MXY,2,0.0,1,0,0.0,0,0,0,-9999.0,0.5,1,P89_CV0,2,2,0,2,0,0,2,0,2
57,-513366.1414,-719865.8633,E57_F40_m45f45_P57_Y5_UO2164,ID45_F6_m12f12_P6_Y3_UO740,I45_F6_m90f90_P86_Y0_UO4558,FXX,2,0.0,1,0,1.0,0,0,0,-9999.0,0.3125,1,P89_CV0,2,0,2,0,2,0,2,0,2
57,-513366.1414,-719865.8633,E57_F40_m45f45_P6_Y5_UO2168,I45_F86_m23f23_P86_Y2_UO1210,I45_F99_m30f30_P52_Y1_UO1332,MXY,2,0.0,1,0,0.0,0,0,0,-9999.0,0.375,1,P89_CV0,2,1,1,1,1,0,2,0,2
57,-513366.1414,-719865.8633,E57_F90_m90f90_P86_Y5_UO4227,I90_F6_m12f12_P52_Y2_UO728,I90_F86_m-1f-1_P90_Y-1_U181,FXX,2,0.0,1,0,1.0,0,0,0,-9999.0,0.5,1,P89_CV0,2,2,0,0,2,0,2,0,2
57,-513366.1414,-719865.8633,E57_F92_m90f90_P57_Y5_UO4263,I90_F6_m-1f-1_P90_Y-1_U12,I90_F35_m-1f-1_P90_Y-1_U163,FXX,2,0.0,1,0,1.0,0,0,0,-9999.0,0.0,1,P89_CV0,2,0,2,0,2,0,2,0,2
57,-513366.1414,-719865.8633,E57_F92_m90f90_P6_Y5_UO4190,I90_F6_m90f90_P86_Y3_UO4168,I90_F86_m23f23_P76_Y1_UO1103,MXY,2,0.0,1,0,0.0,0,0,0,-9999.0,0.75,1,P89_CV0,2,2,0,2,0,0,2,0,2
57,-513366.1414,-719865.8633,E57_F12_m12f12_P52_Y4_UO696,I12_F86_m90f90_P57_Y1_UO4041,I12_F52_m-1f-1_P46_Y-1_U65,FXX,3,0.0,1,0,1.0,0,0,0,-9999.0,0.625,1,P89_CV0,2,1,1,1,1,0,2,0,2
57,-513366.1414,-719865.8633,E57_F23_m23f23_P57_Y4_UO1221,I23_F52_m-1f-1_P90_Y-1_U189,I23_F86_m40f40_P6_Y0_UO1948,MXY,3,0.0,1,0,0.0,0,0,0,-9999.0,0.125,1,P89_CV0,2,1,1,1,1,0,2,0,2
57,-513366.1414,-719865.8633,E57_F23_m90f90_P57_Y4_UO4238,I90_F6_m-1f-1_P90_Y-1_U180,I90_F52_m92f92_P6_Y1_UO4158,FXX,3,0.0,1,0,1.0,0,0,0,-9999.0,0.25,1,P89_CV0,2,0,2,1,1,0,2,0,2
57,-513366.1414,-719865.8633,E57_F23_m23f23_P86_Y4_UO1132,I23_F57_m90f90_P27_Y2_UO4268,I23_F99_m23f23_P6_Y2_UO1158,MXY,3,0.0,1,0,0.0,0,0,0,-9999.0,0.4375,1,P89_CV0,2,2,0,1,1,0,2,0,2
57,-513366.1414,-719865.8633,E57_F90_m12f12_P52_Y4_UO705,I12_F52_m46f46_P52_Y1_UO2110,I12_F86_m90f90_P52_Y2_UO4198,FXX,3,0.0,1,0,1.0,0,0,0,-9999.0,0.375,1,P89_CV0,2,0,2,0,2,0,2,0,2
57,-513366.1414,-719865.8633,E57_F90_m90f90_P86_Y4_UO4226,ID90_F6_m90f90_P57_Y0_UO4533,I90_F86_m-1f-1_P90_Y-1_U136,MXY,3,0.0,1,0,0.0,0,0,0,-9999.0,0.25,1,P89_CV0,2,0,2,0,2,0,2,0,2
57,-513366.1414,-719865.8633,E57_F92_m40f40_P57_Y4_UO1877,I40_F98_m45f45_P57_Y2_UO2121,I40_F57_m-1f-1_P92_Y-1_U242,FXX,3,0.0,1,0,1.0,0,0,0,-9999.0,0.5,1,P89_CV0,2,0,2,0,2,0,2,0,2
57,-513366.1414,-719865.8633,E57_F40_m90f90_P6_Y3_UO4223,I90_F86_m-1f-1_P90_Y-1_U112,I90_F52_m23f23_P35_Y0_UO1232,MXY,4,0.0,1,0,0.0,0,0,0,-9999.0,0.625,1,P89_CV0,2,1,1,1,1,0,2,0,2
57,-513366.1414,-719865.8633,E57_F45_m23f23_P52_Y3_UO1197,ID23_F6_m-1f-1_P40_Y-1_U112,ID23_F86_m90f90_P86_Y1_UO3994,MXY,4,0.0,1,0,0.0,0,0,0,-9999.0,0.375,1,P89_CV0,2,1,1,2,0,0,2,0,2
57,-513366.1414,-719865.8633,E57_F45_m90f90_P86_Y3_UO4228,I90_F6_m-1f-1_P90_Y-1_U33,I90_F35_m40f40_P6_Y0_UO1992,FXX,4,0.0,1,0,1.0,0,0,0,-9999.0,0.125,1,P89_CV0,2,0,2,0,2,0,2,0,2
57,-513366.1414,-719865.8633,E57_F92_m90f90_P86_Y3_UO4206,I90_F35_m-1f-1_P90_Y-1_U124,ID90_F86_m-1f-1_P90_Y-1_U71,MXY,4,0.0,1,0,0.0,0,0,0,-9999.0,0.0,1,P89_CV0,2,0,2,1,1,0,2,0,2
57,-513366.1414,-719865.8633,E57_F42_m90f90_P6_Y2_UO4265,I90_F27_m-1f-1_P90_Y-1_U8,I90_F52_m-1f-1_P90_Y-1_U179,MXY,5,0.0,1,0,0.0,0,0,0,-9999.0,0.5,1,P89_CV0,2,2,0,0,2,0,2,0,2
57,-513366.1414,-719865.8633,E57_F90_m90f90_P52_Y2_UO4261,I90_F27_m-1f-1_P90_Y-1_U15,I90_F86_m-1f-1_P90_Y-1_U123,FXX,5,0.0,1,0,1.0,0,0,0,-9999.0,0.75,1,P89_CV0,2,1,1,1,1,0,2,0,2
57,-513366.1414,-719865.8633,E57_F92_m45f45_P6_Y2_UO2142,I45_F57_m90f90_P6_Y0_UO4534,I45_F6_m-1f-1_P45_Y-1_U42,MXY,5,0.0,1,0,0.0,0,0,0,-9999.0,0.5,1,P89_CV0,2,2,0,2,0,0,2,0,2
57,-513366.1414,-719865.8633,E57_F40_m90f90_P57_Y1_UO4015,I90_F86_m-1f-1_P90_Y-1_U232,ID90_F57_m-1f-1_P90_Y-1_U104,FXX,6,0.0,1,0,1.0,0,0,0,-9999.0,0.5,1,P89_CV0,2,1,1,1,1,0,2,0,2
57,-513366.1414,-719865.8633,E57_F23_m-1f-1_P90_Y-1_U137,-9999,-9999,MXY,10,0.0,1,0,0.0,0,0,0,-9999.0,0.0,1,P89_CV0,2,0,2,0,2,0,2,0,2
57,-513366.1414,-719865.8633,E57_F23_m-1f-1_P90_Y-1_U244,-9999,-9999,FXX,10,0.0,1,0,1.0,0,0,0,-9999.0,1.0,1,P89_CV0,2,2,0,1,1,0,2,0,2
57,-513366.1414,-719865.8633,Age0_F57_m23f23_P57_Y7_UO1111,I23_F6_m40f40_P57_Y5_UO1929,I23_F35_m40f40_P6_Y5_UO1915,MXY,0,0.0,0,0,0.0,0,0,0,0.0,0.6875,1,P91_CV0,2,1,1,1,1,0,2,0,2
57,-513366.1414,-719865.8633,Age0_F57_m23f23_P57_Y7_UO1150,I23_F35_m92f92_P57_Y4_UO4372,I23_F52_m90f90_P86_Y4_UO4215,FXX,0,0.0,0,0,0.0,0,0,0,0.0,0.375,1,P91_CV0,2,0,2,1,1,0,2,0,2
57,-513366.1414,-719865.8633,Age0_F57_m23f23_P57_Y7_UO1160,I23_F86_m92f92_P27_Y4_UO4377,I23_F27_m90f90_P35_Y5_UO4274,FXX,0,0.0,0,0,0.0,0,0,0,0.0,0.25,1,P91_CV0,2,1,1,1,1,0,2,0,2
57,-513366.1414,-719865.8633,Age0_F57_m23f23_P57_Y7_UO1165,I23_F6_m92f92_P27_Y3_UO4303,I23_F57_m92f92_P6_Y4_UO4354,MXY,0,0.0,0,0,0.0,0,0,0,0.0,0.4375,1,P91_CV0,2,0,2,1,1,0,2,0,2
57,-513366.1414,-719865.8633,Age0_F57_m40f40_P57_Y7_UO1907,I40_F57_m65f65_P8_Y5_UO3128,ID40_F57_m40f40_P6_Y5_UO1922,FXX,0,0.0,0,0,0.0,0,0,0,0.0,0.46875,1,P91_CV0,2,0,2,1,1,0,2,0,2
57,-513366.1414,-719865.8633,Age0_F57_m40f40_P57_Y7_UO1917,I40_F99_m40f40_P6_Y5_UO1959,I40_F6_m92f92_P6_Y2_UO4304,FXX,0,0.0,0,0,0.0,0,0,0,0.0,0.625,1,P91_CV0,2,1,1,1,1,0,2,0,2
57,-513366.1414,-719865.8633,Age0_F57_m40f40_P57_Y7_UO1953,I40_F6_m23f23_P57_Y1_UO1150,I40_F27_m92f92_P99_Y3_UO4330,FXX,0,0.0,0,0,0.0,0,0,0,0.0,0.75,1,P91_CV0,2,1,1,1,1,0,2,0,2
57,-513366.1414,-719865.8633,Age0_F57_m40f40_P57_Y7_UO1962,I40_F99_m92f92_P99_Y0_UO4612,I40_F8_m25f25_P98_Y3_UO1262,FXX,0,0.0,0,0,0.0,0,0,0,0.0,0.6875,1,P91_CV0,2,1,1,1,1,0,2,0,2
57,-513366.1414,-719865.8633,Age0_F57_m40f40_P57_Y7_UO1987,ID40_F27_m-1f-1_P92_Y-1_U218,I40_F57_m92f92_P57_Y1_UO4137,FXX,0,0.0,0,0,0.0,0,0,0,0.0,0.5,1,P91_CV0,2,1,1,1,1,0,2,0,2
57,-513366.1414,-719865.8633,Age0_F57_m45f45_P57_Y7_UO2187,I45_F8_m92f92_P57_Y5_UO4365,I45_F8_m-1f-1_P45_Y-1_U184,FXX,0,0.0,0,0,0.0,0,0,0,0.0,0.8125,1,P91_CV0,2,1,1,1,1,0,2,0,2
57,-513366.1414,-719865.8633,Age0_F57_m45f45_P57_Y7_UO2218,I45_F86_m92f92_P57_Y3_UO4311,I45_F86_m12f12_P86_Y4_UO744,MXY,0,0.0,0,0,0.0,0,0,0,0.0,0.875,1,P91_CV0,2,2,0,1,1,0,2,0,2
57,-513366.1414,-719865.8633,Age0_F57_m45f45_P57_Y7_UO2225,ID45_F35_m92f92_P57_Y2_UO4309,ID45_F86_m45f45_P6_Y5_UO2187,MXY,0,0.0,0,0,0.0,0,0,0,0.0,0.5,1,P91_CV0,2,0,2,0,2,0,2,0,2
57,-513366.1414,-719865.8633,Age0_F57_m45f45_P57_Y7_UO2247,ID45_F6_m-1f-1_P92_Y-1_U105,I45_F57_m-1f-1_P45_Y-1_U30,FXX,0,0.0,0,0,0.0,0,0,0,0.0,0.75,1,P91_CV0,2,2,0,1,1,0,2,0,2
57,-513366.1414,-719865.8633,Age0_F57_m58f58_P57_Y7_UO2732,ID58_F99_m42f42_P99_Y2_UO1960,ID58_F99_m-1f-1_P50_Y-1_U239,MXY,0,0.0,0,0,0.0,0,0,0,0.0,0.625,1,P91_CV0,2,2,0,0,2,0,2,0,2
57,-513366.1414,-719865.8633,Age0_F57_m92f92_P57_Y7_UO4351,I92_F99_m50f50_P99_Y5_UO2450,I92_F57_m-1f-1_P92_Y-1_U145,FXX,0,0.0,0,0,0.0,0,0,0,0.0,0.46875,1,P91_CV0,2,1,1,1,1,0,2,0,2
57,-513366.1414,-719865.8633,Age0_F57_m92f92_P57_Y7_UO4407,I92_F6_m92f92_P99_Y0_UO4619,I92_F57_m45f45_P6_Y5_UO2217,FXX,0,0.0,0,0,0.0,0,0,0,0.0,0.875,1,P91_CV0,2,2,0,1,1,0,2,0,2
57,-513366.1414,-719865.8633,Age0_F57_m92f92_P57_Y7_UO4415,ID92_F99_m-1f-1_P40_Y-1_U158,I92_F57_m92f92_P99_Y3_UO4334,MXY,0,0.0,0,0,0.0,0,0,0,0.0,0.875,1,P91_CV0,2,2,0,0,2,0,2,0,2
57,-513366.1414,-719865.8633,Age0_F57_m92f92_P57_Y7_UO4426,ID92_F6_m-1f-1_P92_Y-1_U147,I92_F27_m92f92_P6_Y5_UO4390,MXY,0,0.0,0,0,0.0,0,0,0,0.0,0.3125,1,P91_CV0,2,0,2,0,2,0,2,0,2
57,-513366.1414,-719865.8633,E57_F23_m40f40_P27_Y6_UO1988,I40_F57_m-1f-1_P92_Y-1_U223,I40_F57_m50f50_P57_Y4_UO2355,FXX,1,0.0,1,1,1.0,0,0,0,-9999.0,0.6875,1,P91_CV0,2,1,1,2,0,0,2,0,2
57,-513366.1414,-719865.8633,E57_F23_m90f90_P35_Y6_UO4251,I90_F86_m90f90_P86_Y3_UO4151,I90_F86_m-1f-1_P90_Y-1_U209,FXX,1,0.0,1,1,1.0,0,0,0,-9999.0,0.4375,1,P91_CV0,2,1,1,1,1,0,2,0,2
57,-513366.1414,-719865.8633,E57_F23_m40f40_P6_Y6_UO1958,I40_F6_m45f45_P6_Y1_UO2051,I40_F57_m-1f-1_P92_Y-1_U249,FXX,1,0.0,1,1,1.0,0,0,0,-9999.0,0.375,1,P91_CV0,2,2,0,0,2,0,2,0,2
57,-513366.1414,-719865.8633,E57_F40_m23f23_P57_Y6_UO1142,I23_F35_m42f42_P76_Y4_UO2018,I23_F27_m92f92_P57_Y0_UO4692,MXY,1,0.0,1,1,0.0,0,0,0,-9999.0,0.125,1,P91_CV0,2,0,2,1,1,0,2,0,2
57,-513366.1414,-719865.8633,E57_F50_m50f50_P99_Y6_UO2417,I50_F27_m42f42_P99_Y4_UO1950,I50_F99_m45f45_P99_Y4_UO2193,FXX,1,0.0,1,1,1.0,0,0,0,-9999.0,0.4375,1,P91_CV0,2,0,2,1,1,0,2,0,2
57,-513366.1414,-719865.8633,E57_F50_m58f58_P99_Y6_UO2756,ID58_F99_m42f42_P99_Y0_UO2060,ID58_F99_m-1f-1_P92_Y-1_U97,FXX,1,0.0,1,1,1.0,0,0,0,-9999.0,0.0,1,P91_CV0,2,0,2,1,1,0,2,0,2
57,-513366.1414,-719865.8633,E57_F92_m92f92_P57_Y6_UO4379,I92_F57_m50f50_P99_Y4_UO2405,I92_F6_m42f42_P99_Y1_UO1832,FXX,1,0.0,1,1,1.0,0,0,0,-9999.0,0.375,1,P91_CV0,2,0,2,1,1,0,2,0,2
57,-513366.1414,-719865.8633,E57_F92_m40f40_P99_Y6_UO1960,I40_F57_m92f92_P99_Y1_UO4149,ID40_F8_m31f31_P68_Y4_UO1455,FXX,1,0.0,1,1,1.0,0,0,0,-9999.0,0.3125,1,P91_CV0,2,2,0,1,1,0,2,0,2
57,-513366.1414,-719865.8633,E57_F92_m50f50_P99_Y6_UO2461,I50_F99_m92f92_P99_Y1_UO4128,I50_F57_m42f42_P99_Y3_UO1971,MXY,1,0.0,1,1,0.0,0,0,0,-9999.0,0.375,1,P91_CV0,2,1,1,0,2,0,2,0,2
57,-513366.1414,-719865.8633,E57_F92_m92f92_P99_Y6_UO4455,ID92_F6_m-1f-1_P92_Y-1_U65,I92_F99_m92f92_P6_Y4_UO4287,FXX,1,0.0,1,1,1.0,0,0,0,-9999.0,0.6875,1,P91_CV0,2,1,1,1,1,0,2,0,2
57,-513366.1414,-719865.8633,E57_F23_m40f40_P57_Y5_UO1929,I40_F6_m-1f-1_P40_Y-1_U202,ID40_F99_m92f92_P6_Y1_UO4080,FXX,2,0.0,1,0,1.0,0,0,0,-9999.0,0.75,1,P91_CV0,2,2,0,1,1,0,2,0,2
57,-513366.1414,-719865.8633,E57_F23_m92f92_P57_Y5_UO4394,ID92_F57_m-1f-1_P92_Y-1_U102,I92_F99_m42f42_P99_Y1_UO1816,MXY,2,0.0,1,0,0.0,0,0,0,-9999.0,0.375,1,P91_CV0,2,0,2,2,0,0,2,0,2
57,-513366.1414,-719865.8633,E57_F23_m92f92_P6_Y5_UO4326,I92_F99_m42f42_P27_Y2_UO1951,I92_F99_m-1f-1_P92_Y-1_U104,MXY,2,0.0,1,0,0.0,0,0,0,-9999.0,0.625,1,P91_CV0,2,1,1,2,0,0,2,0,2
57,-513366.1414,-719865.8633,E57_F40_m40f40_P6_Y5_UO1922,I40_F57_m92f92_P57_Y0_UO4653,I40_F57_m23f23_P57_Y1_UO1163,MXY,2,0.0,1,0,0.0,0,0,0,-9999.0,0.5,1,P91_CV0,2,1,1,0,2,0,2,0,2
57,-513366.1414,-719865.8633,E57_F40_m92f92_P6_Y5_UO4355,ID92_F6_m90f90_P86_Y1_UO4067,I92_F6_m-1f-1_P92_Y-1_U29,MXY,2,0.0,1,0,0.0,0,0,0,-9999.0,0.375,1,P91_CV0,2,1,1,2,0,0,2,0,2
57,-513366.1414,-719865.8633,E57_F40_m40f40_P6_Y5_UO1959,ID40_F6_m-1f-1_P92_Y-1_U197,I40_F99_m-1f-1_P50_Y-1_U4,FXX,2,0.0,1,0,1.0,0,0,0,-9999.0,0.75,1,P91_CV0,2,2,0,2,0,0,2,0,2
57,-513366.1414,-719865.8633,E57_F42_m50f50_P99_Y5_UO2382,I50_F99_m92f92_P99_Y3_UO4256,I50_F99_m-1f-1_P92_Y-1_U209,MXY,2,0.0,1,0,0.0,0,0,0,-9999.0,0.375,1,P91_CV0,2,1,1,2,0,0,2,0,2
57,-513366.1414,-719865.8633,E57_F45_m92f92_P57_Y5_UO4365,I92_F99_m92f92_P99_Y0_UO4619,I92_F99_m40f40_P99_Y1_UO1791,FXX,2,0.0,1,0,1.0,0,0,0,-9999.0,0.625,1,P91_CV0,2,1,1,1,1,0,2,0,2
57,-513366.1414,-719865.8633,E57_F92_m40f40_P6_Y5_UO1898,ID40_F6_m50f50_P99_Y3_UO2439,ID40_F6_m-1f-1_P40_Y-1_U2,FXX,2,0.0,1,0,1.0,0,0,0,-9999.0,0.5625,1,P91_CV0,2,1,1,2,0,0,2,0,2
57,-513366.1414,-719865.8633,E57_F23_m92f92_P57_Y4_UO4372,I92_F57_m-1f-1_P92_Y-1_U102,I92_F27_m42f42_P6_Y1_UO1849,FXX,3,0.0,1,0,1.0,0,0,0,-9999.0,0.125,1,P91_CV0,2,0,2,1,1,0,2,0,2
57,-513366.1414,-719865.8633,E57_F23_m92f92_P27_Y4_UO4377,I92_F99_m-1f-1_P92_Y-1_U136,ID92_F6_m-1f-1_P92_Y-1_U23,FXX,3,0.0,1,0,1.0,0,0,0,-9999.0,0.25,1,P91_CV0,2,0,2,2,0,0,2,0,2
57,-513366.1414,-719865.8633,E57_F40_m23f23_P6_Y4_UO1181,ID23_F99_m92f92_P99_Y1_UO4126,I23_F57_m90f90_P57_Y0_UO4538,MXY,3,0.0,1,0,0.0,0,0,0,-9999.0,0.375,1,P91_CV0,2,1,1,1,1,0,2,0,2
57,-513366.1414,-719865.8633,E57_F40_m42f42_P99_Y4_UO2014,I42_F6_m-1f-1_P92_Y-1_U8,ID42_F99_m-1f-1_P80_Y-1_U106,FXX,3,0.0,1,0,1.0,0,0,0,-9999.0,0.5,1,P91_CV0,2,2,0,1,1,0,2,0,2
57,-513366.1414,-719865.8633,E57_F42_m92f92_P99_Y4_UO4297,I92_F99_m92f92_P57_Y2_UO4352,I92_F27_m-1f-1_P92_Y-1_U202,FXX,3,0.0,1,0,1.0,0,0,0,-9999.0,0.5625,1,P91_CV0,2,2,0,0,2,0,2,0,2
57,-513366.1414,-719865.8633,E57_F90_m50f50_P57_Y4_UO2384,I50_F6_m50f50_P99_Y0_UO2615,I50_F99_m92f92_P99_Y0_UO4649,MXY,3,0.0,1,0,0.0,0,0,0,-9999.0,0.125,1,P91_CV0,2,0,2,1,1,0,2,0,2
57,-513366.1414,-719865.8633,E57_F92_m92f92_P99_Y4_UO4369,ID92_F99_m-1f-1_P94_Y-1_U239,I92_F6_m-1f-1_P92_Y-1_U156,FXX,3,0.0,1,0,1.0,0,0,0,-9999.0,0.75,1,P91_CV0,2,2,0,2,0,0,2,0,2
57,-513366.1414,-719865.8633,E57_F45_m92f92_P57_Y3_UO4311,I92_F27_m-1f-1_P92_Y-1_U40,I92_F57_m-1f-1_P92_Y-1_U124,FXX,4,0.0,1,0,1.0,0,0,0,-9999.0,1.0,1,P91_CV0,2,2,0,0,2,0,2,0,2
57,-513366.1414,-719865.8633,E57_F92_m92f92_P57_Y3_UO4259,ID92_F99_m40f40_P6_Y1_UO1722,ID92_F6_m-1f-1_P92_Y-1_U224,MXY,4,0.0,1,0,0.0,0,0,0,-9999.0,0.375,1,P91_CV0,2,0,2,1,1,0,2,0,2
57,-513366.1414,-719865.8633,E57_F92_m92f92_P99_Y3_UO4334,I92_F57_m-1f-1_P92_Y-1_U49,I92_F57_m-1f-1_P92_Y-1_U23,MXY,4,0.0,1,0,0.0,0,0,0,-9999.0,0.75,1,P91_CV0,2,2,0,1,1,0,2,0,2
57,-513366.1414,-719865.8633,E57_F40_m92f92_P6_Y2_UO4341,I92_F99_m-1f-1_P92_Y-1_U28,I92_F6_m-1f-1_P92_Y-1_U5,MXY,5,0.0,1,0,0.0,0,0,0,-9999.0,0.75,1,P91_CV0,2,1,1,0,2,0,2,0,2
57,-513366.1414,-719865.8633,E57_F40_m92f92_P6_Y2_UO4280,I92_F57_m50f50_P99_Y0_UO2593,I92_F6_m-1f-1_P92_Y-1_U128,MXY,5,0.0,1,0,0.0,0,0,0,-9999.0,0.5,1,P91_CV0,2,2,0,2,0,0,2,0,2
57,-513366.1414,-719865.8633,E57_F45_m92f92_P57_Y2_UO4309,ID92_F6_m-1f-1_P92_Y-1_U0,I92_F99_m-1f-1_P92_Y-1_U174,FXX,5,0.0,1,0,1.0,0,0,0,-9999.0,0.5,1,P91_CV0,2,0,2,0,2,0,2,0,2
57,-513366.1414,-719865.8633,E57_F50_m92f92_P99_Y2_UO4314,I92_F57_m-1f-1_P92_Y-1_U240,I92_F99_m-1f-1_P92_Y-1_U73,FXX,5,0.0,1,0,1.0,0,0,0,-9999.0,0.75,1,P91_CV0,2,2,0,0,2,0,2,0,2
57,-513366.1414,-719865.8633,E57_F58_m42f42_P99_Y2_UO1960,I42_F27_m-1f-1_P42_Y-1_U2,I42_F99_m92f92_P99_Y0_UO4610,FXX,5,0.0,1,0,1.0,0,0,0,-9999.0,0.75,1,P91_CV0,2,2,0,1,1,0,2,0,2
57,-513366.1414,-719865.8633,E57_F42_m92f92_P99_Y1_UO4127,ID92_F6_m-1f-1_P40_Y-1_U87,I92_F27_m-1f-1_P92_Y-1_U127,MXY,6,0.0,1,0,0.0,0,0,0,-9999.0,0.5,1,P91_CV0,2,2,0,1,1,0,2,0,2
57,-513366.1414,-719865.8633,E57_F45_m92f92_P6_Y1_UO4136,I92_F57_m-1f-1_P92_Y-1_U115,I92_F6_m-1f-1_P92_Y-1_U188,MXY,6,0.0,1,0,0.0,0,0,0,-9999.0,0.5,1,P91_CV0,2,1,1,1,1,0,2,0,2
57,-513366.1414,-719865.8633,E57_F40_m92f92_P99_Y0_UO4612,R92_F92_m-1f-1_P92_Y-1_U28,R92_F92_m-1f-1_P92_Y-1_U140,FXX,7,0.0,1,0,1.0,0,0,0,-9999.0,0.75,1,P91_CV0,2,2,0,1,1,0,2,0,2
57,-513366.1414,-719865.8633,E57_F92_m92f92_P6_Y0_UO4657,R92_F92_m-1f-1_P92_Y-1_U142,R92_F92_m-1f-1_P92_Y-1_U208,MXY,7,0.0,1,0,0.0,0,0,0,-9999.0,0.75,1,P91_CV0,2,2,0,1,1,0,2,0,2
57,-513366.1414,-719865.8633,E57_F92_m92f92_P99_Y0_UO4619,R92_F92_m-1f-1_P92_Y-1_U45,R92_F92_m-1f-1_P92_Y-1_U22,FXX,7,0.0,1,0,1.0,0,0,0,-9999.0,1.0,1,P91_CV0,2,2,0,1,1,0,2,0,2
57,-513366.1414,-719865.8633,E57_F40_m-1f-1_P92_Y-1_U24,-9999,-9999,FXX,8,0.0,1,0,1.0,0,0,0,-9999.0,1.0,1,P91_CV0,2,2,0,0,2,0,2,0,2
57,-513366.1414,-719865.8633,E57_F45_m-1f-1_P92_Y-1_U161,-9999,-9999,MXY,8,0.0,1,0,0.0,0,0,0,-9999.0,0.0,1,P91_CV0,2,0,2,2,0,0,2,0,2
57,-513366.1414,-719865.8633,E57_F23_m-1f-1_P92_Y-1_U202,-9999,-9999,MXY,9,0.0,1,0,0.0,0,0,0,-9999.0,0.5,1,P91_CV0,2,1,1,1,1,0,2,0,2
57,-513366.1414,-719865.8633,E57_F40_m-1f-1_P92_Y-1_U122,-9999,-9999,FXX,9,0.0,1,0,1.0,0,0,0,-9999.0,0.0,1,P91_CV0,2,0,2,2,0,0,2,0,2
57,-513366.1414,-719865.8633,E57_F45_m-1f-1_P92_Y-1_U105,-9999,-9999,FXX,9,0.0,1,0,1.0,0,0,0,-9999.0,1.0,1,P91_CV0,2,2,0,2,0,0,2,0,2
57,-513366.1414,-719865.8633,E57_F92_m-1f-1_P92_Y-1_U145,-9999,-9999,MXY,9,0.0,1,0,0.0,0,0,0,-9999.0,0.0,1,P91_CV0,2,0,2,1,1,0,2,0,2
57,-513366.1414,-719865.8633,E57_F92_m-1f-1_P92_Y-1_U174,-9999,-9999,MXY,9,0.0,1,0,0.0,0,0,0,-9999.0,0.5,1,P91_CV0,2,1,1,0,2,0,2,0,2
57,-513366.1414,-719865.8633,E57_F40_m-1f-1_P92_Y-1_U244,-9999,-9999,FXX,10,0.0,1,0,1.0,0,0,0,-9999.0,0.0,1,P91_CV0,2,0,2,2,0,0,2,0,2
57,-513366.1414,-719865.8633,E57_F92_m-1f-1_P92_Y-1_U107,-9999,-9999,FXX,10,0.0,1,0,1.0,0,0,0,-9999.0,0.0,1,P91_CV0,2,0,2,0,2,0,2,0,2
57,-513366.1414,-719865.8633,E57_F40_m-1f-1_P92_Y-1_U81,-9999,-9999,MXY,11,0.0,1,0,0.0,0,0,0,-9999.0,0.5,1,P91_CV0,2,1,1,0,2,0,2,0,2
57,-513366.1414,-719865.8633,E57_F92_m-1f-1_P92_Y-1_U231,-9999,-9999,FXX,12,0.0,1,0,1.0,0,0,0,-9999.0,0.5,1,P91_CV0,2,1,1,1,1,0,2,0,2
57,-513366.1414,-719865.8633,E57_F92_m-1f-1_P92_Y-1_U147,-9999,-9999,FXX,13,0.0,1,0,1.0,0,0,0,-9999.0,0.0,1,P91_CV0,2,0,2,0,2,0,2,0,2
57,-513366.1414,-719865.8633,E57_F92_m-1f-1_P92_Y-1_U65,-9999,-9999,FXX,14,0.0,1,0,1.0,0,0,0,-9999.0,1.0,1,P91_CV0,2,2,0,1,1,0,2,0,2
57,-513366.1414,-719865.8633,E57_F40_m-1f-1_P92_Y-1_U218,-9999,-9999,FXX,15,0.0,1,0,1.0,0,0,0,-9999.0,0.5,1,P91_CV0,2,1,1,2,0,0,2,0,2
57,-513366.1414,-719865.8633,Age0_F57_m40f40_P57_Y7_UO1908,I40_F6_m42f42_P6_Y5_UO2048,I40_F57_m92f92_P57_Y1_UO4137,MXY,0,0.0,0,0,0.0,0,0,0,0.0,0.4375,1,P93_CV0,2,2,0,0,2,0,2,0,2
57,-513366.1414,-719865.8633,Age0_F57_m58f58_P57_Y7_UO2757,ID58_F99_m-1f-1_P94_Y-1_U109,ID58_F99_m-1f-1_P94_Y-1_U67,MXY,0,0.0,0,0,0.0,0,0,0,0.0,0.5,1,P93_CV0,2,1,1,1,1,0,2,0,2
57,-513366.1414,-719865.8633,Age0_F57_m90f90_P57_Y7_UO4205,I90_F52_m45f45_P6_Y5_UO2227,ID90_F52_m23f23_P57_Y3_UO1201,MXY,0,0.0,0,0,0.0,0,0,0,0.0,0.375,1,P93_CV0,2,0,2,2,0,0,2,0,2
57,-513366.1414,-719865.8633,Age0_F57_m90f90_P57_Y7_UO4265,I90_F86_m40f40_P57_Y3_UO1930,I90_F86_m12f12_P52_Y0_UO736,FXX,0,0.0,0,0,0.0,0,0,0,0.0,0.625,1,P93_CV0,2,1,1,2,0,0,2,0,2
57,-513366.1414,-719865.8633,Age0_F57_m92f92_P57_Y7_UO4423,ID92_F81_m-1f-1_P94_Y-1_U187,I92_F57_m92f92_P6_Y5_UO4301,FXX,0,0.0,0,0,0.0,0,0,0,0.0,0.40625,1,P93_CV0,2,1,1,1,1,0,2,0,2
57,-513366.1414,-719865.8633,Age0_F57_m92f92_P57_Y7_UO4430,I92_F99_m-1f-1_P92_Y-1_U65,I92_F86_m42f42_P99_Y2_UO1994,FXX,0,0.0,0,0,0.0,0,0,0,0.0,0.875,1,P93_CV0,2,2,0,1,1,0,2,0,2
57,-513366.1414,-719865.8633,E57_F40_m42f42_P99_Y6_UO2076,I42_F57_m-1f-1_P94_Y-1_U234,I42_F99_m-1f-1_P50_Y-1_U211,FXX,1,0.0,1,1,1.0,0,0,0,-9999.0,0.75,1,P93_CV0,2,2,0,2,0,0,2,0,2
57,-513366.1414,-719865.8633,E57_F92_m40f40_P6_Y6_UO1919,I40_F57_m50f50_P6_Y4_UO2418,I40_F57_m92f92_P57_Y1_UO4137,MXY,1,0.0,1,1,0.0,0,0,0,-9999.0,0.75,1,P93_CV0,2,1,1,2,0,0,2,0,2
57,-513366.1414,-719865.8633,E57_F92_m92f92_P6_Y6_UO4419,I92_F6_m90f90_P86_Y1_UO4067,I92_F6_m23f23_P27_Y4_UO1134,FXX,1,0.0,1,1,1.0,0,0,0,-9999.0,0.375,1,P93_CV0,2,0,2,1,1,0,2,0,2
57,-513366.1414,-719865.8633,E57_F92_m40f40_P99_Y6_UO1921,ID40_F99_m50f50_P99_Y4_UO2352,I40_F6_m40f40_P57_Y3_UO1885,FXX,1,0.0,1,1,1.0,0,0,0,-9999.0,0.625,1,P93_CV0,2,1,1,0,2,0,2,0,2
57,-513366.1414,-719865.8633,E57_F92_m50f50_P99_Y6_UO2408,I50_F99_m23f23_P57_Y4_UO1141,I50_F99_m42f42_P99_Y4_UO1962,FXX,1,0.0,1,1,1.0,0,0,0,-9999.0,0.28125,1,P93_CV0,2,1,1,1,1,0,2,0,2
57,-513366.1414,-719865.8633,E57_F92_m92f92_P99_Y6_UO4371,ID92_F6_m42f42_P99_Y4_UO2017,I92_F99_m42f42_P99_Y2_UO1994,FXX,1,0.0,1,1,1.0,0,0,0,-9999.0,0.625,1,P93_CV0,2,0,2,2,0,0,2,0,2
57,-513366.1414,-719865.8633,E57_F90_m45f45_P6_Y5_UO2227,I45_F86_m-1f-1_P45_Y-1_U180,I45_F86_m40f40_P6_Y3_UO1923,FXX,2,0.0,1,0,1.0,0,0,0,-9999.0,0.375,1,P93_CV0,2,0,2,2,0,0,2,0,2
57,-513366.1414,-719865.8633,E57_F40_m42f42_P99_Y4_UO1962,ID42_F99_m42f42_P99_Y1_UO1877,I42_F99_m-1f-1_P94_Y-1_U195,MXY,3,0.0,1,0,0.0,0,0,0,-9999.0,0.375,1,P93_CV0,2,0,2,1,1,0,2,0,2
57,-513366.1414,-719865.8633,E57_F45_m40f40_P57_Y4_UO1885,I40_F57_m92f92_P57_Y2_UO4298,ID40_F6_m42f42_P99_Y1_UO1810,MXY,3,0.0,1,0,0.0,0,0,0,-9999.0,0.375,1,P93_CV0,2,0,2,0,2,0,2,0,2
57,-513366.1414,-719865.8633,E57_F90_m40f40_P57_Y3_UO1930,I40_F6_m-1f-1_P40_Y-1_U173,I40_F57_m40f40_P6_Y1_UO1755,FXX,4,0.0,1,0,1.0,0,0,0,-9999.0,0.25,1,P93_CV0,2,1,1,1,1,0,2,0,2
57,-513366.1414,-719865.8633,E57_F58_m-1f-1_P94_Y-1_U109,-9999,-9999,FXX,10,0.0,1,0,1.0,0,0,0,-9999.0,0.5,1,P93_CV0,2,1,1,0,2,0,2,0,2
57,-513366.1414,-719865.8633,E57_F92_m-1f-1_P94_Y-1_U187,-9999,-9999,FXX,12,0.0,1,0,1.0,0,0,0,-9999.0,0.5,1,P93_CV0,2,1,1,0,2,0,2,0,2
57,-513366.1414,-719865.8633,E57_F42_m-1f-1_P94_Y-1_U90,-9999,-9999,FXX,15,0.0,1,0,1.0,0,0,0,-9999.0,0.5,1,P93_CV0,2,1,1,2,0,0,2,0,2
57,-513366.1414,-719865.8633,E57_F92_m94f94_P99_Y6_UO4490,ID94_F81_m95f95_P91_Y0_UO4854,ID94_F27_m40f40_P6_Y2_UO1914,MXY,1,0.0,1,1,0.0,0,0,0,-9999.0,0.625,1,P94_CV0,2,2,0,1,1,0,2,0,2
59,271819.5057,-1493472.736,Age0_F59_m3f3_P59_Y7_UO115,I3_F59_m16f16_P59_Y5_UO905,I3_F59_m3f3_P59_Y4_UO116,MXY,0,0.0,0,0,0.0,0,0,0,0.0,0.5,1,P15_CV0,2,2,0,1,1,0,2,0,2
59,271819.5057,-1493472.736,Age0_F59_m3f3_P59_Y7_UO116,I3_F59_m16f16_P59_Y5_UO902,I3_F59_m95f95_P64_Y3_UO4505,MXY,0,0.0,0,0,0.0,0,0,0,0.0,0.5,1,P15_CV0,2,2,0,1,1,0,2,0,2
59,271819.5057,-1493472.736,Age0_F59_m3f3_P59_Y7_UO117,I3_F59_m3f3_P59_Y5_UO139,I3_F59_m16f16_P59_Y3_UO919,FXX,0,0.0,0,0,0.0,0,0,0,0.0,0.625,1,P15_CV0,2,1,1,0,2,0,2,0,2
59,271819.5057,-1493472.736,Age0_F59_m3f3_P59_Y7_UO140,ID3_F59_m16f16_P59_Y4_UO872,ID3_F59_m3f3_P59_Y0_UO151,MXY,0,0.0,0,0,0.0,0,0,0,0.0,0.4375,1,P15_CV0,2,1,1,1,1,0,2,0,2
59,271819.5057,-1493472.736,Age0_F59_m3f3_P59_Y7_UO150,ID3_F59_m17f17_P64_Y4_UO994,I3_F59_m16f16_P59_Y3_UO902,FXX,0,0.0,0,0,0.0,0,0,0,0.0,0.4375,1,P15_CV0,2,1,1,2,0,0,2,0,2
59,271819.5057,-1493472.736,Age0_F59_m3f3_P59_Y7_UO151,I3_F59_m56f56_P59_Y4_UO2609,I3_F64_m16f16_P59_Y4_UO899,MXY,0,0.0,0,0,0.0,0,0,0,0.0,0.59375,1,P15_CV0,2,1,1,1,1,0,2,0,2
59,271819.5057,-1493472.736,Age0_F59_m3f3_P59_Y7_UO170,ID3_F59_m16f16_P59_Y2_UO870,I3_F59_m-1f-1_P79_Y-1_U244,MXY,0,0.0,0,0,0.0,0,0,0,0.0,0.25,1,P15_CV0,2,0,2,2,0,0,2,0,2
59,271819.5057,-1493472.736,Age0_F59_m3f3_P59_Y7_UO191,ID3_F64_m16f16_P59_Y0_UO976,I3_F59_m56f56_P59_Y3_UO2658,MXY,0,0.0,0,0,0.0,0,0,0,0.0,0.375,1,P15_CV0,2,0,2,1,1,0,2,0,2
59,271819.5057,-1493472.736,Age0_F59_m3f3_P59_Y7_UO194,I3_F59_m16f16_P59_Y0_UO925,I3_F59_m95f95_P64_Y5_UO4531,MXY,0,0.0,0,0,0.0,0,0,0,0.0,0.625,1,P15_CV0,2,2,0,1,1,0,2,0,2
59,271819.5057,-1493472.736,Age0_F59_m3f3_P59_Y7_UO206,ID3_F59_m-1f-1_P3_Y-1_U139,ID3_F64_m16f16_P59_Y3_UO907,MXY,0,0.0,0,0,0.0,0,0,0,0.0,0.5,1,P15_CV0,2,0,2,1,1,0,2,0,2
59,271819.5057,-1493472.736,Age0_F59_m16f16_P59_Y7_UO881,ID16_F59_m16f16_P59_Y5_UO923,ID16_F59_m-1f-1_P16_Y-1_U129,MXY,0,0.0,0,0,0.0,0,0,0,0.0,0.75,1,P15_CV0,2,2,0,2,0,0,2,0,2
59,271819.5057,-1493472.736,Age0_F59_m16f16_P59_Y7_UO882,ID16_F59_m16f16_P59_Y5_UO932,ID16_F59_m-1f-1_P16_Y-1_U129,MXY,0,0.0,0,0,0.0,0,0,0,0.0,0.78125,1,P15_CV0,2,1,1,2,0,0,2,0,2
59,271819.5057,-1493472.736,Age0_F59_m16f16_P59_Y7_UO883,ID16_F59_m3f3_P59_Y5_UO160,I16_F59_m-1f-1_P16_Y-1_U98,FXX,0,0.0,0,0,0.0,0,0,0,0.0,0.875,1,P15_CV0,2,1,1,0,2,0,2,0,2
59,271819.5057,-1493472.736,Age0_F59_m16f16_P59_Y7_UO884,ID16_F59_m3f3_P59_Y5_UO119,I16_F59_m17f17_P59_Y5_UO958,MXY,0,0.0,0,0,0.0,0,0,0,0.0,0.71875,1,P15_CV0,2,0,2,1,1,0,2,0,2
59,271819.5057,-1493472.736,Age0_F59_m16f16_P59_Y7_UO886,I16_F59_m16f16_P59_Y5_UO935,I16_F59_m16f16_P59_Y0_UO1004,FXX,0,0.0,0,0,0.0,0,0,0,0.0,0.75,1,P15_CV0,2,1,1,1,1,0,2,0,2
59,271819.5057,-1493472.736,Age0_F59_m16f16_P59_Y7_UO890,I16_F59_m79f79_P59_Y4_UO3574,I16_F59_m79f79_P59_Y5_UO3594,FXX,0,0.0,0,0,0.0,0,0,0,0.0,0.625,1,P15_CV0,2,1,1,1,1,0,2,0,2
59,271819.5057,-1493472.736,Age0_F59_m16f16_P59_Y7_UO891,ID16_F59_m56f56_P59_Y4_UO2654,I16_F59_m-1f-1_P16_Y-1_U218,MXY,0,0.0,0,0,0.0,0,0,0,0.0,0.875,1,P15_CV0,2,2,0,1,1,0,2,0,2
59,271819.5057,-1493472.736,Age0_F59_m16f16_P59_Y7_UO892,I16_F59_m56f56_P59_Y4_UO2651,I16_F59_m-1f-1_P16_Y-1_U90,MXY,0,0.0,0,0,0.0,0,0,0,0.0,0.375,1,P15_CV0,2,0,2,1,1,0,2,0,2
59,271819.5057,-1493472.736,Age0_F59_m16f16_P59_Y7_UO893,I16_F59_m16f16_P59_Y4_UO909,I16_F59_m16f16_P59_Y0_UO1004,FXX,0,0.0,0,0,0.0,0,0,0,0.0,0.375,1,P15_CV0,2,1,1,2,0,0,2,0,2
59,271819.5057,-1493472.736,Age0_F59_m16f16_P59_Y7_UO896,I16_F59_m79f79_P59_Y3_UO3610,I16_F59_m-1f-1_P16_Y-1_U216,FXX,0,0.0,0,0,0.0,0,0,0,0.0,0.625,1,P15_CV0,2,1,1,0,2,0,2,0,2
59,271819.5057,-1493472.736,Age0_F59_m16f16_P59_Y7_UO897,I16_F59_m16f16_P59_Y3_UO867,I16_F59_m16f16_P59_Y4_UO930,FXX,0,0.0,0,0,0.0,0,0,0,0.0,0.5625,1,P15_CV0,2,1,1,1,1,0,2,0,2
59,271819.5057,-1493472.736,Age0_F59_m16f16_P59_Y7_UO898,I16_F59_m16f16_P59_Y3_UO849,ID16_F59_m56f56_P59_Y0_UO2839,FXX,0,0.0,0,0,0.0,0,0,0,0.0,0.375,1,P15_CV0,2,0,2,1,1,0,2,0,2
59,271819.5057,-1493472.736,Age0_F59_m16f16_P59_Y7_UO900,I16_F59_m16f16_P59_Y3_UO914,I16_F59_m79f79_P59_Y5_UO3594,MXY,0,0.0,0,0,0.0,0,0,0,0.0,0.6875,1,P15_CV0,2,1,1,1,1,0,2,0,2
59,271819.5057,-1493472.736,Age0_F59_m16f16_P59_Y7_UO902,ID16_F59_m16f16_P59_Y2_UO874,I16_F59_m16f16_P59_Y5_UO946,FXX,0,0.0,0,0,0.0,0,0,0,0.0,0.875,1,P15_CV0,2,2,0,2,0,0,2,0,2
59,271819.5057,-1493472.736,Age0_F59_m16f16_P59_Y7_UO906,ID16_F59_m16f16_P59_Y1_UO804,I16_F59_m16f16_P59_Y4_UO930,MXY,0,0.0,0,0,0.0,0,0,0,0.0,0.5625,1,P15_CV0,2,2,0,1,1,0,2,0,2
59,271819.5057,-1493472.736,Age0_F59_m16f16_P59_Y7_UO909,I16_F59_m-1f-1_P16_Y-1_U215,ID16_F59_m-1f-1_P56_Y-1_U18,MXY,0,0.0,0,0,0.0,0,0,0,0.0,0.25,1,P15_CV0,2,1,1,2,0,0,2,0,2
59,271819.5057,-1493472.736,Age0_F59_m16f16_P59_Y7_UO910,ID16_F59_m-1f-1_P16_Y-1_U184,I16_F59_m3f3_P59_Y4_UO183,MXY,0,0.0,0,0,0.0,0,0,0,0.0,0.46875,1,P15_CV0,2,2,0,1,1,0,2,0,2
59,271819.5057,-1493472.736,Age0_F59_m16f16_P59_Y7_UO911,I16_F59_m-1f-1_P16_Y-1_U234,I16_F59_m-1f-1_P56_Y-1_U132,MXY,0,0.0,0,0,0.0,0,0,0,0.0,0.5,1,P15_CV0,2,1,1,0,2,0,2,0,2
59,271819.5057,-1493472.736,Age0_F59_m16f16_P59_Y7_UO916,I16_F59_m-1f-1_P16_Y-1_U21,I16_F59_m16f16_P59_Y5_UO946,FXX,0,0.0,0,0,0.0,0,0,0,0.0,0.625,1,P15_CV0,2,2,0,2,0,0,2,0,2
59,271819.5057,-1493472.736,Age0_F59_m16f16_P59_Y7_UO917,I16_F59_m-1f-1_P16_Y-1_U131,I16_F59_m-1f-1_P56_Y-1_U33,FXX,0,0.0,0,0,0.0,0,0,0,0.0,0.25,1,P15_CV0,2,1,1,0,2,0,2,0,2
59,271819.5057,-1493472.736,Age0_F59_m16f16_P59_Y7_UO918,I16_F59_m-1f-1_P16_Y-1_U150,ID16_F59_m-1f-1_P56_Y-1_U12,FXX,0,0.0,0,0,0.0,0,0,0,0.0,0.0,1,P15_CV0,2,0,2,1,1,0,2,0,2
59,271819.5057,-1493472.736,Age0_F59_m16f16_P59_Y7_UO919,ID16_F59_m-1f-1_P16_Y-1_U178,I16_F59_m79f79_P59_Y0_UO3890,FXX,0,0.0,0,0,0.0,0,0,0,0.0,0.125,1,P15_CV0,2,0,2,2,0,0,2,0,2
59,271819.5057,-1493472.736,Age0_F59_m16f16_P59_Y7_UO921,I16_F59_m-1f-1_P16_Y-1_U187,I16_F59_m79f79_P59_Y4_UO3584,MXY,0,0.0,0,0,0.0,0,0,0,0.0,0.46875,1,P15_CV0,2,0,2,2,0,0,2,0,2
59,271819.5057,-1493472.736,Age0_F59_m16f16_P59_Y7_UO922,I16_F59_m-1f-1_P16_Y-1_U79,I16_F59_m56f56_P59_Y5_UO2689,MXY,0,0.0,0,0,0.0,0,0,0,0.0,0.21875,1,P15_CV0,2,0,2,2,0,0,2,0,2
59,271819.5057,-1493472.736,Age0_F59_m16f16_P59_Y7_UO925,ID16_F59_m-1f-1_P16_Y-1_U214,ID16_F59_m-1f-1_P16_Y-1_U129,FXX,0,0.0,0,0,0.0,0,0,0,0.0,0.75,1,P15_CV0,2,2,0,2,0,0,2,0,2
59,271819.5057,-1493472.736,Age0_F59_m16f16_P59_Y7_UO930,I16_F59_m-1f-1_P56_Y-1_U139,I16_F59_m16f16_P59_Y0_UO912,FXX,0,0.0,0,0,0.0,0,0,0,0.0,0.25,1,P15_CV0,2,0,2,2,0,0,2,0,2
59,271819.5057,-1493472.736,Age0_F59_m16f16_P59_Y7_UO931,I16_F59_m-1f-1_P16_Y-1_U179,I16_F59_m56f56_P59_Y4_UO2626,MXY,0,0.0,0,0,0.0,0,0,0,0.0,0.4375,1,P15_CV0,2,1,1,1,1,0,2,0,2
59,271819.5057,-1493472.736,Age0_F59_m16f16_P59_Y7_UO932,ID16_F59_m-1f-1_P16_Y-1_U144,I16_F59_m16f16_P59_Y5_UO946,FXX,0,0.0,0,0,0.0,0,0,0,0.0,0.375,1,P15_CV0,2,1,1,1,1,0,2,0,2
59,271819.5057,-1493472.736,Age0_F59_m17f17_P59_Y7_UO961,I17_F64_m17f17_P64_Y4_UO981,I17_F64_m17f17_P64_Y5_UO973,FXX,0,0.0,0,0,0.0,0,0,0,0.0,0.375,1,P15_CV0,2,1,1,2,0,0,2,0,2
59,271819.5057,-1493472.736,Age0_F59_m56f56_P59_Y7_UO2637,ID56_F59_m3f3_P59_Y5_UO182,I56_F59_m16f16_P59_Y4_UO924,FXX,0,0.0,0,0,0.0,0,0,0,0.0,0.5,1,P15_CV0,2,1,1,1,1,0,2,0,2
59,271819.5057,-1493472.736,Age0_F59_m56f56_P59_Y7_UO2638,I56_F59_m17f17_P59_Y5_UO1016,I56_F59_m16f16_P59_Y2_UO900,MXY,0,0.0,0,0,0.0,0,0,0,0.0,0.6875,1,P15_CV0,2,2,0,2,0,0,2,0,2
59,271819.5057,-1493472.736,Age0_F59_m56f56_P59_Y7_UO2643,I56_F59_m3f3_P59_Y5_UO161,ID56_F59_m16f16_P59_Y5_UO892,FXX,0,0.0,0,0,0.0,0,0,0,0.0,0.5625,1,P15_CV0,2,1,1,0,2,0,2,0,2
59,271819.5057,-1493472.736,Age0_F59_m56f56_P59_Y7_UO2645,I56_F59_m79f79_P59_Y5_UO3550,ID56_F59_m16f16_P59_Y5_UO896,FXX,0,0.0,0,0,0.0,0,0,0,0.0,0.65625,1,P15_CV0,2,1,1,1,1,0,2,0,2
59,271819.5057,-1493472.736,Age0_F59_m56f56_P59_Y7_UO2649,ID56_F59_m56f56_P59_Y5_UO2662,I56_F59_m16f16_P59_Y4_UO924,MXY,0,0.0,0,0,0.0,0,0,0,0.0,0.53125,1,P15_CV0,2,2,0,1,1,0,2,0,2
59,271819.5057,-1493472.736,Age0_F59_m56f56_P59_Y7_UO2652,I56_F59_m16f16_P59_Y4_UO934,I56_F59_m3f3_P59_Y0_UO139,FXX,0,0.0,0,0,0.0,0,0,0,0.0,0.125,1,P15_CV0,2,0,2,2,0,0,2,0,2
59,271819.5057,-1493472.736,Age0_F59_m56f56_P59_Y7_UO2656,I56_F59_m56f56_P59_Y4_UO2659,I56_F59_m16f16_P59_Y3_UO864,MXY,0,0.0,0,0,0.0,0,0,0,0.0,0.25,1,P15_CV0,2,1,1,2,0,0,2,0,2
59,271819.5057,-1493472.736,Age0_F59_m56f56_P59_Y7_UO2659,I56_F59_m56f56_P59_Y4_UO2644,I56_F59_m16f16_P59_Y2_UO927,FXX,0,0.0,0,0,0.0,0,0,0,0.0,0.875,1,P15_CV0,2,2,0,2,0,0,2,0,2
59,271819.5057,-1493472.736,Age0_F59_m56f56_P59_Y7_UO2661,I56_F59_m56f56_P59_Y3_UO2644,I56_F59_m16f16_P59_Y2_UO927,FXX,0,0.0,0,0,0.0,0,0,0,0.0,0.8125,1,P15_CV0,2,2,0,0,2,0,2,0,2
59,271819.5057,-1493472.736,Age0_F59_m56f56_P59_Y7_UO2665,I56_F59_m16f16_P59_Y2_UO849,I56_F59_m3f3_P59_Y3_UO111,MXY,0,0.0,0,0,0.0,0,0,0,0.0,0.375,1,P15_CV0,2,1,1,1,1,0,2,0,2
59,271819.5057,-1493472.736,Age0_F59_m56f56_P59_Y7_UO2667,I56_F59_m3f3_P59_Y2_UO154,I56_F59_m16f16_P59_Y2_UO927,MXY,0,0.0,0,0,0.0,0,0,0,0.0,0.625,1,P15_CV0,2,1,1,0,2,0,2,0,2
59,271819.5057,-1493472.736,Age0_F59_m56f56_P59_Y7_UO2669,I56_F59_m16f16_P59_Y2_UO888,I56_F59_m3f3_P59_Y3_UO135,FXX,0,0.0,0,0,0.0,0,0,0,0.0,0.5625,1,P15_CV0,2,1,1,2,0,0,2,0,2
59,271819.5057,-1493472.736,Age0_F59_m56f56_P59_Y7_UO2679,ID56_F59_m16f16_P59_Y0_UO916,I56_F59_m79f79_P59_Y4_UO3622,MXY,0,0.0,0,0,0.0,0,0,0,0.0,0.5,1,P15_CV0,2,1,1,2,0,0,2,0,2
59,271819.5057,-1493472.736,Age0_F59_m56f56_P59_Y7_UO2681,I56_F59_m16f16_P59_Y0_UO905,I56_F59_m3f3_P59_Y4_UO171,FXX,0,0.0,0,0,0.0,0,0,0,0.0,0.5625,1,P15_CV0,2,1,1,1,1,0,2,0,2
59,271819.5057,-1493472.736,Age0_F59_m56f56_P59_Y7_UO2682,I56_F59_m16f16_P59_Y0_UO932,I56_F59_m56f56_P59_Y4_UO2650,FXX,0,0.0,0,0,0.0,0,0,0,0.0,0.5,1,P15_CV0,2,0,2,1,1,0,2,0,2
59,271819.5057,-1493472.736,Age0_F59_m56f56_P59_Y7_UO2683,I56_F59_m-1f-1_P56_Y-1_U188,I56_F59_m3f3_P59_Y3_UO135,FXX,0,0.0,0,0,0.0,0,0,0,0.0,0.8125,1,P15_CV0,2,2,0,1,1,0,2,0,2
59,271819.5057,-1493472.736,Age0_F59_m56f56_P59_Y7_UO2685,ID56_F59_m-1f-1_P16_Y-1_U240,I56_F59_m79f79_P59_Y3_UO3614,MXY,0,0.0,0,0,0.0,0,0,0,0.0,0.625,1,P15_CV0,2,2,0,1,1,0,2,0,2
59,271819.5057,-1493472.736,Age0_F59_m56f56_P59_Y7_UO2688,I56_F59_m-1f-1_P56_Y-1_U61,I56_F59_m16f16_P59_Y2_UO912,MXY,0,0.0,0,0,0.0,0,0,0,0.0,0.75,1,P15_CV0,2,1,1,1,1,0,2,0,2
59,271819.5057,-1493472.736,Age0_F59_m56f56_P59_Y7_UO2695,I56_F59_m-1f-1_P3_Y-1_U21,I56_F59_m16f16_P59_Y4_UO914,MXY,0,0.0,0,0,0.0,0,0,0,0.0,0.5,1,P15_CV0,2,1,1,1,1,0,2,0,2
59,271819.5057,-1493472.736,Age0_F59_m56f56_P59_Y7_UO2701,ID56_F59_m-1f-1_P56_Y-1_U52,ID56_F59_m-1f-1_P16_Y-1_U24,FXX,0,0.0,0,0,0.0,0,0,0,0.0,0.0,1,P15_CV0,2,0,2,0,2,0,2,0,2
59,271819.5057,-1493472.736,Age0_F59_m79f79_P59_Y7_UO3551,I79_F59_m16f16_P59_Y5_UO897,ID79_F64_m79f79_P59_Y5_UO3623,MXY,0,0.0,0,0,0.0,0,0,0,0.0,0.5625,1,P15_CV0,2,2,0,1,1,0,2,0,2
59,271819.5057,-1493472.736,Age0_F59_m79f79_P59_Y7_UO3563,I79_F59_m56f56_P59_Y5_UO2672,I79_F59_m16f16_P59_Y1_UO886,FXX,0,0.0,0,0,0.0,0,0,0,0.0,0.8125,1,P15_CV0,2,2,0,1,1,0,2,0,2
59,271819.5057,-1493472.736,Age0_F59_m79f79_P59_Y7_UO3571,I79_F64_m56f56_P59_Y5_UO2703,I79_F59_m3f3_P64_Y5_UO164,FXX,0,0.0,0,0,0.0,0,0,0,0.0,0.5,1,P15_CV0,2,1,1,1,1,0,2,0,2
59,271819.5057,-1493472.736,Age0_F59_m79f79_P59_Y7_UO3575,I79_F59_m56f56_P59_Y5_UO2696,I79_F64_m79f79_P64_Y5_UO3625,MXY,0,0.0,0,0,0.0,0,0,0,0.0,0.8125,1,P15_CV0,2,2,0,1,1,0,2,0,2
59,271819.5057,-1493472.736,Age0_F59_m79f79_P59_Y7_UO3576,I79_F64_m16f16_P59_Y5_UO948,I79_F64_m3f3_P59_Y5_UO131,MXY,0,0.0,0,0,0.0,0,0,0,0.0,0.3125,1,P15_CV0,2,1,1,1,1,0,2,0,2
59,271819.5057,-1493472.736,Age0_F59_m79f79_P59_Y7_UO3579,I79_F59_m3f3_P59_Y5_UO120,ID79_F59_m16f16_P59_Y5_UO913,FXX,0,0.0,0,0,0.0,0,0,0,0.0,0.5625,1,P15_CV0,2,2,0,1,1,0,2,0,2
59,271819.5057,-1493472.736,Age0_F59_m79f79_P59_Y7_UO3603,I79_F59_m56f56_P59_Y4_UO2645,I79_F59_m16f16_P59_Y4_UO908,FXX,0,0.0,0,0,0.0,0,0,0,0.0,0.125,1,P15_CV0,2,0,2,1,1,0,2,0,2
59,271819.5057,-1493472.736,Age0_F59_m79f79_P59_Y7_UO3607,I79_F59_m17f17_P64_Y4_UO998,I79_F64_m16f16_P59_Y3_UO909,MXY,0,0.0,0,0,0.0,0,0,0,0.0,0.375,1,P15_CV0,2,1,1,2,0,0,2,0,2
59,271819.5057,-1493472.736,Age0_F59_m79f79_P59_Y7_UO3609,I79_F59_m56f56_P59_Y4_UO2640,I79_F59_m17f17_P64_Y5_UO1025,FXX,0,0.0,0,0,0.0,0,0,0,0.0,0.46875,1,P15_CV0,2,0,2,2,0,0,2,0,2
59,271819.5057,-1493472.736,Age0_F59_m79f79_P59_Y7_UO3618,ID79_F59_m16f16_P59_Y3_UO893,I79_F64_m3f3_P59_Y5_UO136,MXY,0,0.0,0,0,0.0,0,0,0,0.0,0.4375,1,P15_CV0,2,0,2,1,1,0,2,0,2
59,271819.5057,-1493472.736,Age0_F59_m79f79_P59_Y7_UO3619,I79_F59_m3f3_P64_Y3_UO110,I79_F59_m56f56_P59_Y3_UO2656,MXY,0,0.0,0,0,0.0,0,0,0,0.0,0.5625,1,P15_CV0,2,1,1,1,1,0,2,0,2
59,271819.5057,-1493472.736,Age0_F59_m79f79_P59_Y7_UO3627,I79_F64_m17f17_P64_Y3_UO964,ID79_F59_m16f16_P59_Y1_UO825,MXY,0,0.0,0,0,0.0,0,0,0,0.0,0.625,1,P15_CV0,2,2,0,0,2,0,2,0,2
59,271819.5057,-1493472.736,Age0_F59_m79f79_P59_Y7_UO3640,I79_F59_m16f16_P59_Y2_UO932,I79_F59_m16f16_P59_Y4_UO920,MXY,0,0.0,0,0,0.0,0,0,0,0.0,0.5,1,P15_CV0,2,1,1,2,0,0,2,0,2
59,271819.5057,-1493472.736,Age0_F59_m79f79_P59_Y7_UO3641,I79_F59_m16f16_P59_Y2_UO895,I79_F59_m16f16_P59_Y0_UO908,FXX,0,0.0,0,0,0.0,0,0,0,0.0,0.5,1,P15_CV0,2,0,2,2,0,0,2,0,2
59,271819.5057,-1493472.736,Age0_F59_m79f79_P59_Y7_UO3645,I79_F64_m16f16_P59_Y2_UO917,I79_F64_m17f17_P64_Y5_UO966,MXY,0,0.0,0,0,0.0,0,0,0,0.0,0.59375,1,P15_CV0,2,2,0,1,1,0,2,0,2
59,271819.5057,-1493472.736,Age0_F59_m79f79_P59_Y7_UO3656,I79_F64_m79f79_P64_Y0_UO3893,I79_F59_m16f16_P59_Y1_UO886,FXX,0,0.0,0,0,0.0,0,0,0,0.0,0.625,1,P15_CV0,2,1,1,2,0,0,2,0,2
59,271819.5057,-1493472.736,Age0_F59_m79f79_P59_Y7_UO3667,I79_F59_m-1f-1_P79_Y-1_U29,I79_F59_m16f16_P59_Y3_UO906,FXX,0,0.0,0,0,0.0,0,0,0,0.0,0.375,1,P15_CV0,2,1,1,1,1,0,2,0,2
59,271819.5057,-1493472.736,Age0_F59_m79f79_P59_Y7_UO3671,I79_F59_m-1f-1_P16_Y-1_U5,I79_F59_m-1f-1_P3_Y-1_U225,MXY,0,0.0,0,0,0.0,0,0,0,0.0,0.25,1,P15_CV0,2,1,1,0,2,0,2,0,2
59,271819.5057,-1493472.736,Age0_F59_m79f79_P59_Y7_UO3674,I79_F64_m-1f-1_P3_Y-1_U142,I79_F59_m56f56_P59_Y5_UO2674,MXY,0,0.0,0,0,0.0,0,0,0,0.0,0.375,1,P15_CV0,2,0,2,0,2,0,2,0,2
59,271819.5057,-1493472.736,E59_F3_m3f3_P59_Y6_UO172,I3_F64_m16f16_P59_Y1_UO827,I3_F59_m17f17_P64_Y4_UO1025,MXY,1,0.0,1,1,0.0,0,0,0,-9999.0,0.625,1,P15_CV0,2,1,1,1,1,0,2,0,2
59,271819.5057,-1493472.736,E59_F3_m3f3_P59_Y6_UO193,I3_F59_m16f16_P59_Y0_UO941,I3_F64_m16f16_P59_Y4_UO899,MXY,1,0.0,1,1,0.0,0,0,0,-9999.0,0.25,1,P15_CV0,2,0,2,1,1,0,2,0,2
59,271819.5057,-1493472.736,E59_F3_m16f16_P59_Y6_UO895,ID16_F59_m56f56_P59_Y4_UO2647,I16_F59_m-1f-1_P16_Y-1_U244,FXX,1,0.0,1,1,1.0,0,0,0,-9999.0,0.5625,1,P15_CV0,2,2,0,0,2,0,2,0,2
59,271819.5057,-1493472.736,E59_F3_m16f16_P59_Y6_UO901,ID16_F59_m16f16_P59_Y3_UO867,I16_F59_m-1f-1_P16_Y-1_U24,MXY,1,0.0,1,1,0.0,0,0,0,-9999.0,0.25,1,P15_CV0,2,1,1,1,1,0,2,0,2
59,271819.5057,-1493472.736,E59_F3_m16f16_P59_Y6_UO909,ID16_F59_m16f16_P59_Y2_UO864,I16_F59_m-1f-1_P16_Y-1_U228,MXY,1,0.0,1,1,0.0,0,0,0,-9999.0,0.625,1,P15_CV0,2,0,2,1,1,0,2,0,2
59,271819.5057,-1493472.736,E59_F3_m16f16_P59_Y6_UO922,I16_F59_m-1f-1_P16_Y-1_U215,I16_F59_m3f3_P59_Y4_UO140,FXX,1,0.0,1,1,1.0,0,0,0,-9999.0,0.3125,1,P15_CV0,2,1,1,2,0,0,2,0,2
59,271819.5057,-1493472.736,E59_F3_m16f16_P59_Y6_UO928,I16_F59_m-1f-1_P16_Y-1_U131,ID16_F59_m-1f-1_P16_Y-1_U210,FXX,1,0.0,1,1,1.0,0,0,0,-9999.0,0.5,1,P15_CV0,2,1,1,1,1,0,2,0,2
59,271819.5057,-1493472.736,E59_F3_m16f16_P59_Y6_UO941,ID16_F59_m-1f-1_P16_Y-1_U214,I16_F59_m-1f-1_P56_Y-1_U12,FXX,1,0.0,1,1,1.0,0,0,0,-9999.0,0.25,1,P15_CV0,2,0,2,1,1,0,2,0,2
59,271819.5057,-1493472.736,E59_F3_m16f16_P59_Y6_UO947,I16_F59_m-1f-1_P16_Y-1_U203,I16_F59_m16f16_P59_Y4_UO916,FXX,1,0.0,1,1,1.0,0,0,0,-9999.0,0.75,1,P15_CV0,2,1,1,1,1,0,2,0,2
59,271819.5057,-1493472.736,E59_F3_m56f56_P59_Y6_UO2666,I56_F59_m79f79_P59_Y4_UO3572,ID56_F59_m17f17_P59_Y3_UO983,MXY,1,0.0,1,1,0.0,0,0,0,-9999.0,0.1875,1,P15_CV0,2,0,2,2,0,0,2,0,2
59,271819.5057,-1493472.736,E59_F3_m56f56_P59_Y6_UO2667,I56_F59_m16f16_P59_Y4_UO910,ID56_F59_m-1f-1_P56_Y-1_U152,MXY,1,0.0,1,1,0.0,0,0,0,-9999.0,0.625,1,P15_CV0,2,1,1,1,1,0,2,0,2
59,271819.5057,-1493472.736,E59_F3_m56f56_P59_Y6_UO2692,I56_F59_m16f16_P59_Y2_UO854,ID56_F59_m16f16_P59_Y1_UO795,FXX,1,0.0,1,1,1.0,0,0,0,-9999.0,0.75,1,P15_CV0,2,1,1,0,2,0,2,0,2
59,271819.5057,-1493472.736,E59_F3_m56f56_P59_Y6_UO2694,ID56_F59_m3f3_P59_Y1_UO91,ID56_F59_m16f16_P59_Y2_UO900,MXY,1,0.0,1,1,0.0,0,0,0,-9999.0,0.75,1,P15_CV0,2,2,0,1,1,0,2,0,2
59,271819.5057,-1493472.736,E59_F3_m56f56_P59_Y6_UO2727,ID56_F59_m-1f-1_P16_Y-1_U3,ID56_F59_m3f3_P59_Y3_UO94,FXX,1,0.0,1,1,1.0,0,0,0,-9999.0,0.875,1,P15_CV0,2,2,0,0,2,0,2,0,2
59,271819.5057,-1493472.736,E59_F3_m79f79_P59_Y6_UO3584,ID79_F59_m16f16_P59_Y4_UO890,I79_F59_m17f17_P64_Y0_UO1030,MXY,1,0.0,1,1,0.0,0,0,0,-9999.0,0.625,1,P15_CV0,2,2,0,1,1,0,2,0,2
59,271819.5057,-1493472.736,E59_F3_m79f79_P59_Y6_UO3669,I79_F59_m17f17_P64_Y0_UO1044,I79_F59_m16f16_P59_Y3_UO909,MXY,1,0.0,1,1,0.0,0,0,0,-9999.0,0.375,1,P15_CV0,2,1,1,1,1,0,2,0,2
59,271819.5057,-1493472.736,E59_F3_m79f79_P59_Y6_UO3681,I79_F59_m-1f-1_P3_Y-1_U176,I79_F64_m16f16_P59_Y1_UO886,MXY,1,0.0,1,1,0.0,0,0,0,-9999.0,0.75,1,P15_CV0,2,2,0,0,2,0,2,0,2
59,271819.5057,-1493472.736,E59_F3_m79f79_P64_Y6_UO3652,ID79_F59_m3f3_P59_Y2_UO135,I79_F59_m16f16_P59_Y4_UO875,MXY,1,0.0,1,1,0.0,0,0,0,-9999.0,0.3125,1,P15_CV0,2,1,1,0,2,0,2,0,2
59,271819.5057,-1493472.736,E59_F16_m16f16_P59_Y6_UO897,I16_F59_m79f79_P59_Y4_UO3574,I16_F59_m-1f-1_P56_Y-1_U97,MXY,1,0.0,1,1,0.0,0,0,0,-9999.0,0.5625,1,P15_CV0,2,1,1,1,1,0,2,0,2
59,271819.5057,-1493472.736,E59_F16_m16f16_P59_Y6_UO907,I16_F59_m56f56_P59_Y3_UO2625,I16_F59_m-1f-1_P16_Y-1_U213,FXX,1,0.0,1,1,1.0,0,0,0,-9999.0,0.3125,1,P15_CV0,2,1,1,2,0,0,2,0,2
59,271819.5057,-1493472.736,E59_F16_m16f16_P59_Y6_UO917,I16_F59_m16f16_P59_Y0_UO916,ID16_F59_m-1f-1_P16_Y-1_U90,MXY,1,0.0,1,1,0.0,0,0,0,-9999.0,0.25,1,P15_CV0,2,0,2,1,1,0,2,0,2
59,271819.5057,-1493472.736,E59_F16_m56f56_P59_Y6_UO2685,I56_F59_m3f3_P59_Y2_UO154,ID56_F59_m16f16_P59_Y2_UO900,MXY,1,0.0,1,1,0.0,0,0,0,-9999.0,0.5,1,P15_CV0,2,2,0,0,2,0,2,0,2
59,271819.5057,-1493472.736,E59_F16_m56f56_P59_Y6_UO2700,I56_F59_m16f16_P59_Y0_UO932,ID56_F59_m3f3_P59_Y4_UO114,MXY,1,0.0,1,1,0.0,0,0,0,-9999.0,0.3125,1,P15_CV0,2,0,2,1,1,0,2,0,2
59,271819.5057,-1493472.736,E59_F16_m56f56_P59_Y6_UO2702,I56_F59_m16f16_P59_Y0_UO905,I56_F59_m-1f-1_P3_Y-1_U208,MXY,1,0.0,1,1,0.0,0,0,0,-9999.0,0.75,1,P15_CV0,2,1,1,2,0,0,2,0,2
59,271819.5057,-1493472.736,E59_F17_m17f17_P64_Y6_UO1021,I17_F64_m-1f-1_P95_Y-1_U235,I17_F64_m16f16_P59_Y2_UO901,MXY,1,0.0,1,1,0.0,0,0,0,-9999.0,0.5,1,P15_CV0,2,1,1,2,0,0,2,0,2
59,271819.5057,-1493472.736,E59_F56_m3f3_P59_Y6_UO108,I3_F59_m16f16_P59_Y4_UO873,I3_F59_m79f79_P59_Y0_UO3835,FXX,1,0.0,1,1,1.0,0,0,0,-9999.0,0.75,1,P15_CV0,2,1,1,2,0,0,2,0,2
59,271819.5057,-1493472.736,E59_F56_m3f3_P59_Y6_UO146,I3_F59_m17f17_P64_Y3_UO970,I3_F64_m16f16_P59_Y3_UO874,FXX,1,0.0,1,1,1.0,0,0,0,-9999.0,0.6875,1,P15_CV0,2,2,0,2,0,0,2,0,2
59,271819.5057,-1493472.736,E59_F56_m3f3_P59_Y6_UO154,I3_F59_m16f16_P59_Y3_UO860,I3_F59_m-1f-1_P3_Y-1_U135,MXY,1,0.0,1,1,0.0,0,0,0,-9999.0,0.5,1,P15_CV0,2,1,1,1,1,0,2,0,2
59,271819.5057,-1493472.736,E59_F56_m16f16_P59_Y6_UO905,I16_F59_m16f16_P59_Y3_UO914,I16_F59_m16f16_P59_Y1_UO887,FXX,1,0.0,1,1,1.0,0,0,0,-9999.0,0.75,1,P15_CV0,2,2,0,1,1,0,2,0,2
59,271819.5057,-1493472.736,E59_F56_m16f16_P59_Y6_UO908,I16_F59_m16f16_P59_Y3_UO849,I16_F59_m-1f-1_P56_Y-1_U97,MXY,1,0.0,1,1,0.0,0,0,0,-9999.0,0.5,1,P15_CV0,2,0,2,1,1,0,2,0,2
59,271819.5057,-1493472.736,E59_F56_m16f16_P59_Y6_UO918,ID16_F59_m16f16_P59_Y0_UO990,ID16_F59_m-1f-1_P16_Y-1_U210,FXX,1,0.0,1,1,1.0,0,0,0,-9999.0,0.75,1,P15_CV0,2,1,1,1,1,0,2,0,2
59,271819.5057,-1493472.736,E59_F56_m16f16_P59_Y6_UO923,I16_F59_m-1f-1_P16_Y-1_U184,I16_F59_m-1f-1_P16_Y-1_U68,FXX,1,0.0,1,1,1.0,0,0,0,-9999.0,0.75,1,P15_CV0,2,1,1,1,1,0,2,0,2
59,271819.5057,-1493472.736,E59_F56_m16f16_P59_Y6_UO932,I16_F59_m-1f-1_P16_Y-1_U178,I16_F59_m-1f-1_P16_Y-1_U244,FXX,1,0.0,1,1,1.0,0,0,0,-9999.0,0.25,1,P15_CV0,2,1,1,1,1,0,2,0,2
59,271819.5057,-1493472.736,E59_F56_m16f16_P59_Y6_UO946,I16_F59_m-1f-1_P16_Y-1_U38,I16_F59_m16f16_P59_Y2_UO914,FXX,1,0.0,1,1,1.0,0,0,0,-9999.0,0.625,1,P15_CV0,2,2,0,1,1,0,2,0,2
59,271819.5057,-1493472.736,E59_F56_m56f56_P59_Y6_UO2688,I56_F59_m16f16_P59_Y2_UO888,I56_F59_m16f16_P59_Y3_UO908,MXY,1,0.0,1,1,0.0,0,0,0,-9999.0,0.625,1,P15_CV0,2,1,1,1,1,0,2,0,2
59,271819.5057,-1493472.736,E59_F56_m56f56_P59_Y6_UO2699,I56_F59_m16f16_P59_Y1_UO838,I56_F59_m56f56_P59_Y2_UO2669,MXY,1,0.0,1,1,0.0,0,0,0,-9999.0,0.5,1,P15_CV0,2,1,1,1,1,0,2,0,2
59,271819.5057,-1493472.736,E59_F56_m56f56_P59_Y6_UO2705,ID56_F59_m-1f-1_P16_Y-1_U240,I56_F59_m16f16_P59_Y2_UO926,MXY,1,0.0,1,1,0.0,0,0,0,-9999.0,0.5,1,P15_CV0,2,0,2,0,2,0,2,0,2
59,271819.5057,-1493472.736,E59_F56_m79f79_P59_Y6_UO3607,I79_F59_m3f3_P59_Y4_UO147,I79_F59_m16f16_P59_Y3_UO907,FXX,1,0.0,1,1,1.0,0,0,0,-9999.0,0.5,1,P15_CV0,2,2,0,1,1,0,2,0,2
59,271819.5057,-1493472.736,E59_F56_m79f79_P59_Y6_UO3615,I79_F64_m16f16_P59_Y3_UO893,ID79_F59_m-1f-1_P16_Y-1_U69,MXY,1,0.0,1,1,0.0,0,0,0,-9999.0,0.5,1,P15_CV0,2,0,2,2,0,0,2,0,2
59,271819.5057,-1493472.736,E59_F56_m79f79_P59_Y6_UO3633,ID79_F59_m17f17_P64_Y3_UO975,I79_F59_m16f16_P59_Y4_UO875,FXX,1,0.0,1,1,1.0,0,0,0,-9999.0,0.3125,1,P15_CV0,2,1,1,1,1,0,2,0,2
59,271819.5057,-1493472.736,E59_F56_m79f79_P59_Y6_UO3645,ID79_F64_m79f79_P64_Y2_UO3634,I79_F59_m16f16_P59_Y1_UO825,MXY,1,0.0,1,1,0.0,0,0,0,-9999.0,0.625,1,P15_CV0,2,0,2,2,0,0,2,0,2
59,271819.5057,-1493472.736,E59_F56_m79f79_P59_Y6_UO3688,ID79_F59_m-1f-1_P16_Y-1_U5,ID79_F64_m16f16_P59_Y0_UO908,MXY,1,0.0,1,1,0.0,0,0,0,-9999.0,0.625,1,P15_CV0,2,1,1,1,1,0,2,0,2
59,271819.5057,-1493472.736,E59_F79_m56f56_P59_Y6_UO2698,I56_F59_m16f16_P59_Y1_UO799,I56_F59_m-1f-1_P56_Y-1_U60,FXX,1,0.0,1,1,1.0,0,0,0,-9999.0,0.625,1,P15_CV0,2,1,1,2,0,0,2,0,2
59,271819.5057,-1493472.736,E59_F79_m17f17_P64_Y6_UO990,I17_F64_m16f16_P59_Y2_UO887,ID17_F81_m3f3_P59_Y1_UO113,FXX,1,0.0,1,1,1.0,0,0,0,-9999.0,0.875,1,P15_CV0,2,2,0,1,1,0,2,0,2
59,271819.5057,-1493472.736,E59_F79_m3f3_P59_Y6_UO155,I3_F59_m16f16_P59_Y2_UO870,ID3_F59_m56f56_P59_Y4_UO2653,FXX,1,0.0,1,1,1.0,0,0,0,-9999.0,0.25,1,P15_CV0,2,0,2,2,0,0,2,0,2
59,271819.5057,-1493472.736,E59_F79_m16f16_P59_Y6_UO900,I16_F59_m56f56_P59_Y4_UO2651,I16_F59_m16f16_P59_Y4_UO916,MXY,1,0.0,1,1,0.0,0,0,0,-9999.0,0.625,1,P15_CV0,2,1,1,1,1,0,2,0,2
59,271819.5057,-1493472.736,E59_F79_m79f79_P64_Y6_UO3582,I79_F59_m79f79_P64_Y4_UO3583,I79_F59_m16f16_P59_Y1_UO825,FXX,1,0.0,1,1,1.0,0,0,0,-9999.0,0.625,1,P15_CV0,2,0,2,2,0,0,2,0,2
59,271819.5057,-1493472.736,E59_F79_m16f16_P59_Y6_UO935,I16_F59_m-1f-1_P16_Y-1_U224,I16_F59_m16f16_P59_Y2_UO914,FXX,1,0.0,1,1,1.0,0,0,0,-9999.0,0.375,1,P15_CV0,2,0,2,1,1,0,2,0,2
59,271819.5057,-1493472.736,E59_F79_m79f79_P64_Y6_UO3639,I79_F64_m17f17_P64_Y2_UO984,I79_F59_m16f16_P59_Y1_UO847,FXX,1,0.0,1,1,1.0,0,0,0,-9999.0,0.125,1,P15_CV0,2,0,2,1,1,0,2,0,2
59,271819.5057,-1493472.736,E59_F79_m79f79_P59_Y6_UO3651,I79_F64_m16f16_P59_Y2_UO895,I79_F59_m17f17_P59_Y3_UO1024,FXX,1,0.0,1,1,1.0,0,0,0,-9999.0,0.25,1,P15_CV0,2,1,1,1,1,0,2,0,2
59,271819.5057,-1493472.736,E59_F79_m79f79_P59_Y6_UO3660,I79_F59_m17f17_P64_Y1_UO984,I79_F64_m79f79_P64_Y3_UO3566,MXY,1,0.0,1,1,0.0,0,0,0,-9999.0,0.5,1,P15_CV0,2,0,2,1,1,0,2,0,2
59,271819.5057,-1493472.736,E59_F79_m79f79_P59_Y6_UO3643,ID79_F64_m3f3_P59_Y2_UO173,ID79_F59_m-1f-1_P16_Y-1_U69,MXY,1,0.0,1,1,0.0,0,0,0,-9999.0,0.5,1,P15_CV0,2,2,0,2,0,0,2,0,2
59,271819.5057,-1493472.736,E59_F79_m3f3_P59_Y6_UO125,I3_F59_m17f17_P64_Y4_UO1037,I3_F59_m16f16_P59_Y3_UO863,FXX,1,0.0,1,1,1.0,0,0,0,-9999.0,0.46875,1,P15_CV0,2,2,0,1,1,0,2,0,2
59,271819.5057,-1493472.736,E59_F79_m16f16_P59_Y6_UO929,ID16_F59_m-1f-1_P56_Y-1_U127,I16_F59_m-1f-1_P16_Y-1_U243,MXY,1,0.0,1,1,0.0,0,0,0,-9999.0,0.5,1,P15_CV0,2,1,1,0,2,0,2,0,2
59,271819.5057,-1493472.736,E59_F79_m79f79_P64_Y6_UO3640,I79_F59_m16f16_P59_Y2_UO917,I79_F59_m17f17_P64_Y3_UO961,MXY,1,0.0,1,1,0.0,0,0,0,-9999.0,0.4375,1,P15_CV0,2,1,1,2,0,0,2,0,2
59,271819.5057,-1493472.736,E59_F79_m79f79_P64_Y6_UO3586,I79_F59_m16f16_P59_Y4_UO902,ID79_F59_m-1f-1_P16_Y-1_U69,FXX,1,0.0,1,1,1.0,0,0,0,-9999.0,0.625,1,P15_CV0,2,0,2,1,1,0,2,0,2
59,271819.5057,-1493472.736,E59_F79_m16f16_P59_Y6_UO925,ID16_F59_m-1f-1_P16_Y-1_U49,I16_F59_m-1f-1_P16_Y-1_U42,MXY,1,0.0,1,1,0.0,0,0,0,-9999.0,0.75,1,P15_CV0,2,2,0,1,1,0,2,0,2
59,271819.5057,-1493472.736,E59_F3_m16f16_P59_Y5_UO905,I16_F59_m16f16_P59_Y0_UO916,I16_F59_m16f16_P59_Y1_UO887,FXX,2,0.0,1,0,1.0,0,0,0,-9999.0,0.625,1,P15_CV0,2,1,1,1,1,0,2,0,2
59,271819.5057,-1493472.736,E59_F3_m16f16_P59_Y5_UO902,ID16_F59_m16f16_P59_Y1_UO804,ID16_F59_m16f16_P59_Y0_UO955,FXX,2,0.0,1,0,1.0,0,0,0,-9999.0,0.5,1,P15_CV0,2,1,1,1,1,0,2,0,2
59,271819.5057,-1493472.736,E59_F3_m3f3_P59_Y5_UO118,ID3_F59_m3f3_P59_Y3_UO133,ID3_F64_m56f56_P59_Y2_UO2641,MXY,2,0.0,1,0,0.0,0,0,0,-9999.0,0.4375,1,P15_CV0,2,1,1,0,2,0,2,0,2
59,271819.5057,-1493472.736,E59_F3_m3f3_P59_Y5_UO121,I3_F59_m16f16_P59_Y3_UO927,ID3_F64_m16f16_P59_Y0_UO969,FXX,2,0.0,1,0,1.0,0,0,0,-9999.0,0.375,1,P15_CV0,2,1,1,1,1,0,2,0,2
59,271819.5057,-1493472.736,E59_F3_m79f79_P59_Y5_UO3574,I79_F59_m79f79_P59_Y3_UO3545,I79_F64_m56f56_P59_Y3_UO2638,MXY,2,0.0,1,0,0.0,0,0,0,-9999.0,0.4375,1,P15_CV0,2,1,1,1,1,0,2,0,2
59,271819.5057,-1493472.736,E59_F16_m3f3_P59_Y5_UO160,I3_F64_m16f16_P59_Y1_UO882,ID3_F59_m-1f-1_P3_Y-1_U17,FXX,2,0.0,1,0,1.0,0,0,0,-9999.0,0.75,1,P15_CV0,2,1,1,0,2,0,2,0,2
59,271819.5057,-1493472.736,E59_F16_m3f3_P59_Y5_UO119,I3_F59_m16f16_P59_Y3_UO922,I3_F59_m-1f-1_P3_Y-1_U178,FXX,2,0.0,1,0,1.0,0,0,0,-9999.0,0.625,1,P15_CV0,2,1,1,2,0,0,2,0,2
59,271819.5057,-1493472.736,E59_F16_m79f79_P59_Y5_UO3594,ID79_F64_m16f16_P59_Y2_UO917,I79_F64_m16f16_P59_Y1_UO861,MXY,2,0.0,1,0,0.0,0,0,0,-9999.0,0.625,1,P15_CV0,2,1,1,2,0,0,2,0,2
59,271819.5057,-1493472.736,E59_F16_m16f16_P59_Y5_UO946,I16_F59_m-1f-1_P16_Y-1_U82,I16_F59_m-1f-1_P16_Y-1_U45,MXY,2,0.0,1,0,0.0,0,0,0,-9999.0,0.75,1,P15_CV0,2,2,0,2,0,0,2,0,2
59,271819.5057,-1493472.736,E59_F16_m16f16_P59_Y5_UO935,I16_F59_m-1f-1_P16_Y-1_U147,I16_F59_m-1f-1_P16_Y-1_U103,FXX,2,0.0,1,0,1.0,0,0,0,-9999.0,1.0,1,P15_CV0,2,2,0,0,2,0,2,0,2
59,271819.5057,-1493472.736,E59_F16_m16f16_P59_Y5_UO917,I16_F59_m-1f-1_P16_Y-1_U106,ID16_F64_m-1f-1_P3_Y-1_U3,MXY,2,0.0,1,0,0.0,0,0,0,-9999.0,0.5,1,P15_CV0,2,1,1,0,2,0,2,0,2
59,271819.5057,-1493472.736,E59_F56_m56f56_P59_Y5_UO2665,I56_F59_m16f16_P59_Y1_UO838,I56_F59_m56f56_P59_Y3_UO2640,MXY,2,0.0,1,0,0.0,0,0,0,-9999.0,0.5,1,P15_CV0,2,1,1,0,2,0,2,0,2
59,271819.5057,-1493472.736,E59_F56_m16f16_P59_Y5_UO940,I16_F59_m-1f-1_P3_Y-1_U91,I16_F59_m16f16_P59_Y2_UO908,MXY,2,0.0,1,0,0.0,0,0,0,-9999.0,0.4375,1,P15_CV0,2,2,0,2,0,0,2,0,2
59,271819.5057,-1493472.736,E59_F56_m79f79_P59_Y5_UO3588,ID79_F64_m56f56_P59_Y2_UO2702,I79_F59_m3f3_P59_Y1_UO163,FXX,2,0.0,1,0,1.0,0,0,0,-9999.0,0.375,1,P15_CV0,2,1,1,0,2,0,2,0,2
59,271819.5057,-1493472.736,E59_F56_m16f16_P59_Y5_UO892,I16_F59_m79f79_P59_Y3_UO3610,I16_F59_m-1f-1_P16_Y-1_U218,MXY,2,0.0,1,0,0.0,0,0,0,-9999.0,0.875,1,P15_CV0,2,2,0,1,1,0,2,0,2
59,271819.5057,-1493472.736,E59_F56_m16f16_P59_Y5_UO899,I16_F59_m3f3_P59_Y1_UO131,I16_F59_m-1f-1_P16_Y-1_U223,FXX,2,0.0,1,0,1.0,0,0,0,-9999.0,0.75,1,P15_CV0,2,1,1,0,2,0,2,0,2
59,271819.5057,-1493472.736,E59_F56_m16f16_P59_Y5_UO896,I16_F59_m16f16_P59_Y2_UO874,ID16_F59_m-1f-1_P16_Y-1_U193,MXY,2,0.0,1,0,0.0,0,0,0,-9999.0,0.75,1,P15_CV0,2,2,0,1,1,0,2,0,2
59,271819.5057,-1493472.736,E59_F56_m16f16_P59_Y5_UO915,I16_F59_m-1f-1_P16_Y-1_U131,I16_F59_m3f3_P59_Y2_UO113,MXY,2,0.0,1,0,0.0,0,0,0,-9999.0,0.25,1,P15_CV0,2,0,2,2,0,0,2,0,2
59,271819.5057,-1493472.736,E59_F56_m79f79_P59_Y5_UO3550,ID79_F59_m16f16_P59_Y3_UO924,I79_F59_m17f17_P64_Y2_UO967,FXX,2,0.0,1,0,1.0,0,0,0,-9999.0,0.5625,1,P15_CV0,2,0,2,1,1,0,2,0,2
59,271819.5057,-1493472.736,E59_F56_m56f56_P59_Y5_UO2662,I56_F59_m56f56_P59_Y2_UO2711,ID56_F59_m56f56_P59_Y2_UO2669,FXX,2,0.0,1,0,1.0,0,0,0,-9999.0,0.625,1,P15_CV0,2,1,1,2,0,0,2,0,2
59,271819.5057,-1493472.736,E59_F56_m79f79_P59_Y5_UO3563,I79_F59_m16f16_P59_Y3_UO866,ID79_F59_m79f79_P59_Y2_UO3639,MXY,2,0.0,1,0,0.0,0,0,0,-9999.0,0.8125,1,P15_CV0,2,2,0,1,1,0,2,0,2
59,271819.5057,-1493472.736,E59_F79_m16f16_P59_Y5_UO897,I16_F59_m16f16_P59_Y2_UO864,I16_F59_m-1f-1_P56_Y-1_U245,FXX,2,0.0,1,0,1.0,0,0,0,-9999.0,0.875,1,P15_CV0,2,2,0,0,2,0,2,0,2
59,271819.5057,-1493472.736,E59_F79_m16f16_P59_Y5_UO916,I16_F59_m-1f-1_P16_Y-1_U188,I16_F59_m-1f-1_P16_Y-1_U24,FXX,2,0.0,1,0,1.0,0,0,0,-9999.0,0.5,1,P15_CV0,2,1,1,1,1,0,2,0,2
59,271819.5057,-1493472.736,E59_F79_m56f56_P59_Y5_UO2657,I56_F59_m16f16_P59_Y2_UO921,I56_F59_m16f16_P59_Y3_UO921,FXX,2,0.0,1,0,1.0,0,0,0,-9999.0,0.625,1,P15_CV0,2,2,0,1,1,0,2,0,2
59,271819.5057,-1493472.736,E59_F79_m79f79_P59_Y5_UO3575,I79_F59_m16f16_P59_Y3_UO886,I79_F64_m-1f-1_P17_Y-1_U140,MXY,2,0.0,1,0,0.0,0,0,0,-9999.0,0.5,1,P15_CV0,2,2,0,2,0,0,2,0,2
59,271819.5057,-1493472.736,E59_F79_m56f56_P59_Y5_UO2672,I56_F59_m16f16_P59_Y0_UO905,ID56_F59_m16f16_P59_Y3_UO883,FXX,2,0.0,1,0,1.0,0,0,0,-9999.0,0.625,1,P15_CV0,2,2,0,1,1,0,2,0,2
59,271819.5057,-1493472.736,E59_F79_m56f56_P59_Y5_UO2654,I56_F59_m16f16_P59_Y2_UO856,I56_F59_m79f79_P59_Y0_UO3918,FXX,2,0.0,1,0,1.0,0,0,0,-9999.0,0.25,1,P15_CV0,2,0,2,1,1,0,2,0,2
59,271819.5057,-1493472.736,E59_F79_m16f16_P59_Y5_UO894,I16_F59_m56f56_P59_Y3_UO2634,ID16_F59_m-1f-1_P16_Y-1_U102,FXX,2,0.0,1,0,1.0,0,0,0,-9999.0,0.125,1,P15_CV0,2,0,2,2,0,0,2,0,2
59,271819.5057,-1493472.736,E59_F79_m79f79_P64_Y5_UO3654,ID79_F59_m-1f-1_P16_Y-1_U229,I79_F59_m3f3_P59_Y2_UO185,MXY,2,0.0,1,0,0.0,0,0,0,-9999.0,0.5,1,P15_CV0,2,1,1,2,0,0,2,0,2
59,271819.5057,-1493472.736,E59_F79_m56f56_P59_Y5_UO2703,ID56_F59_m-1f-1_P16_Y-1_U26,ID56_F59_m16f16_P59_Y1_UO850,FXX,2,0.0,1,0,1.0,0,0,0,-9999.0,0.75,1,P15_CV0,2,2,0,0,2,0,2,0,2
59,271819.5057,-1493472.736,E59_F79_m16f16_P59_Y5_UO913,I16_F59_m-1f-1_P16_Y-1_U215,ID16_F59_m-1f-1_P16_Y-1_U98,MXY,2,0.0,1,0,0.0,0,0,0,-9999.0,0.5,1,P15_CV0,2,1,1,1,1,0,2,0,2
59,271819.5057,-1493472.736,E59_F79_m16f16_P59_Y5_UO948,I16_F59_m-1f-1_P16_Y-1_U247,I16_F59_m-1f-1_P16_Y-1_U40,FXX,2,0.0,1,0,1.0,0,0,0,-9999.0,0.25,1,P15_CV0,2,1,1,1,1,0,2,0,2
59,271819.5057,-1493472.736,E59_F79_m3f3_P59_Y5_UO120,I3_F64_m56f56_P59_Y3_UO2666,ID3_F59_m3f3_P59_Y3_UO148,FXX,2,0.0,1,0,1.0,0,0,0,-9999.0,0.625,1,P15_CV0,2,1,1,0,2,0,2,0,2
59,271819.5057,-1493472.736,E59_F79_m16f16_P59_Y5_UO942,I16_F59_m-1f-1_P16_Y-1_U144,I16_F59_m-1f-1_P16_Y-1_U24,MXY,2,0.0,1,0,0.0,0,0,0,-9999.0,0.0,1,P15_CV0,2,0,2,1,1,0,2,0,2
59,271819.5057,-1493472.736,E59_F3_m16f16_P59_Y4_UO899,I16_F59_m-1f-1_P16_Y-1_U21,I16_F59_m79f79_P59_Y0_UO3896,MXY,3,0.0,1,0,0.0,0,0,0,-9999.0,0.5,1,P15_CV0,2,1,1,1,1,0,2,0,2
59,271819.5057,-1493472.736,E59_F3_m16f16_P59_Y4_UO872,I16_F59_m16f16_P59_Y2_UO864,I16_F59_m-1f-1_P16_Y-1_U213,FXX,3,0.0,1,0,1.0,0,0,0,-9999.0,0.375,1,P15_CV0,2,0,2,2,0,0,2,0,2
59,271819.5057,-1493472.736,E59_F3_m16f16_P59_Y4_UO893,I16_F59_m-1f-1_P16_Y-1_U202,ID16_F59_m-1f-1_P56_Y-1_U132,MXY,3,0.0,1,0,0.0,0,0,0,-9999.0,0.0,1,P15_CV0,2,0,2,1,1,0,2,0,2
59,271819.5057,-1493472.736,E59_F16_m16f16_P59_Y4_UO930,I16_F59_m-1f-1_P16_Y-1_U38,I16_F59_m79f79_P59_Y2_UO3545,MXY,3,0.0,1,0,0.0,0,0,0,-9999.0,0.625,1,P15_CV0,2,2,0,2,0,0,2,0,2
59,271819.5057,-1493472.736,E59_F16_m79f79_P59_Y4_UO3574,I79_F64_m95f95_P64_Y1_UO4337,ID79_F64_m16f16_P59_Y1_UO861,FXX,3,0.0,1,0,1.0,0,0,0,-9999.0,0.625,1,P15_CV0,2,2,0,1,1,0,2,0,2
59,271819.5057,-1493472.736,E59_F16_m56f56_P59_Y4_UO2651,I56_F59_m-1f-1_P56_Y-1_U188,I56_F59_m-1f-1_P16_Y-1_U128,FXX,3,0.0,1,0,1.0,0,0,0,-9999.0,0.75,1,P15_CV0,2,1,1,1,1,0,2,0,2
59,271819.5057,-1493472.736,E59_F16_m16f16_P59_Y4_UO909,ID16_F59_m-1f-1_P16_Y-1_U224,ID16_F59_m-1f-1_P16_Y-1_U174,FXX,3,0.0,1,0,1.0,0,0,0,-9999.0,0.25,1,P15_CV0,2,0,2,1,1,0,2,0,2
59,271819.5057,-1493472.736,E59_F56_m16f16_P59_Y4_UO934,ID16_F59_m-1f-1_P16_Y-1_U144,I16_F59_m16f16_P59_Y1_UO814,FXX,3,0.0,1,0,1.0,0,0,0,-9999.0,0.25,1,P15_CV0,2,0,2,2,0,0,2,0,2
59,271819.5057,-1493472.736,E59_F56_m3f3_P59_Y4_UO171,I3_F59_m-1f-1_P3_Y-1_U210,I3_F64_m16f16_P59_Y0_UO965,MXY,3,0.0,1,0,0.0,0,0,0,-9999.0,0.625,1,P15_CV0,2,1,1,0,2,0,2,0,2
59,271819.5057,-1493472.736,E59_F56_m56f56_P59_Y4_UO2650,ID56_F59_m-1f-1_P16_Y-1_U140,ID56_F59_m-1f-1_P56_Y-1_U233,MXY,3,0.0,1,0,0.0,0,0,0,-9999.0,0.5,1,P15_CV0,2,1,1,2,0,0,2,0,2
59,271819.5057,-1493472.736,E59_F56_m16f16_P59_Y4_UO924,ID16_F59_m-1f-1_P16_Y-1_U5,I16_F59_m16f16_P59_Y2_UO908,MXY,3,0.0,1,0,0.0,0,0,0,-9999.0,0.4375,1,P15_CV0,2,1,1,0,2,0,2,0,2
59,271819.5057,-1493472.736,E59_F56_m16f16_P59_Y4_UO914,I16_F59_m-1f-1_P16_Y-1_U75,I16_F59_m-1f-1_P16_Y-1_U24,MXY,3,0.0,1,0,0.0,0,0,0,-9999.0,0.0,1,P15_CV0,2,0,2,0,2,0,2,0,2
59,271819.5057,-1493472.736,E59_F56_m3f3_P59_Y4_UO114,I3_F64_m16f16_P59_Y2_UO932,I3_F64_m56f56_P59_Y1_UO2524,MXY,3,0.0,1,0,0.0,0,0,0,-9999.0,0.125,1,P15_CV0,2,0,2,2,0,0,2,0,2
59,271819.5057,-1493472.736,E59_F56_m16f16_P59_Y4_UO910,I16_F59_m-1f-1_P16_Y-1_U150,ID16_F59_m-1f-1_P16_Y-1_U243,FXX,3,0.0,1,0,1.0,0,0,0,-9999.0,0.25,1,P15_CV0,2,1,1,1,1,0,2,0,2
59,271819.5057,-1493472.736,E59_F56_m56f56_P59_Y4_UO2644,I56_F59_m16f16_P59_Y0_UO905,I56_F59_m56f56_P59_Y1_UO2561,FXX,3,0.0,1,0,1.0,0,0,0,-9999.0,0.75,1,P15_CV0,2,2,0,2,0,0,2,0,2
59,271819.5057,-1493472.736,E59_F79_m56f56_P59_Y4_UO2630,I56_F59_m16f16_P59_Y1_UO838,I56_F59_m-1f-1_P56_Y-1_U36,FXX,3,0.0,1,0,1.0,0,0,0,-9999.0,0.5,1,P15_CV0,2,2,0,1,1,0,2,0,2
59,271819.5057,-1493472.736,E59_F79_m16f16_P59_Y4_UO908,I16_F59_m-1f-1_P16_Y-1_U178,I16_F59_m16f16_P59_Y0_UO912,MXY,3,0.0,1,0,0.0,0,0,0,-9999.0,0.0,1,P15_CV0,2,0,2,1,1,0,2,0,2
59,271819.5057,-1493472.736,E59_F79_m16f16_P59_Y4_UO905,ID16_F59_m-1f-1_P16_Y-1_U109,I16_F59_m-1f-1_P16_Y-1_U216,MXY,3,0.0,1,0,0.0,0,0,0,-9999.0,0.5,1,P15_CV0,2,2,0,1,1,0,2,0,2
59,271819.5057,-1493472.736,E59_F79_m16f16_P59_Y4_UO875,ID16_F59_m79f79_P59_Y2_UO3612,I16_F59_m-1f-1_P16_Y-1_U212,MXY,3,0.0,1,0,0.0,0,0,0,-9999.0,0.375,1,P15_CV0,2,2,0,0,2,0,2,0,2
59,271819.5057,-1493472.736,E59_F79_m56f56_P59_Y4_UO2640,I56_F59_m16f16_P59_Y1_UO820,I56_F59_m-1f-1_P56_Y-1_U73,FXX,3,0.0,1,0,1.0,0,0,0,-9999.0,0.5,1,P15_CV0,2,0,2,1,1,0,2,0,2
59,271819.5057,-1493472.736,E59_F3_m16f16_P59_Y3_UO902,I16_F59_m-1f-1_P16_Y-1_U147,ID16_F59_m-1f-1_P16_Y-1_U157,MXY,4,0.0,1,0,0.0,0,0,0,-9999.0,0.5,1,P15_CV0,2,1,1,1,1,0,2,0,2
59,271819.5057,-1493472.736,E59_F3_m16f16_P59_Y3_UO907,I16_F59_m-1f-1_P56_Y-1_U91,ID16_F59_m-1f-1_P16_Y-1_U68,MXY,4,0.0,1,0,0.0,0,0,0,-9999.0,0.5,1,P15_CV0,2,1,1,1,1,0,2,0,2
59,271819.5057,-1493472.736,E59_F3_m16f16_P59_Y3_UO874,I16_F59_m-1f-1_P16_Y-1_U106,I16_F59_m-1f-1_P16_Y-1_U129,MXY,4,0.0,1,0,0.0,0,0,0,-9999.0,1.0,1,P15_CV0,2,2,0,1,1,0,2,0,2
59,271819.5057,-1493472.736,E59_F3_m16f16_P59_Y3_UO919,ID16_F59_m-1f-1_P56_Y-1_U243,I16_F59_m-1f-1_P16_Y-1_U210,MXY,4,0.0,1,0,0.0,0,0,0,-9999.0,1.0,1,P15_CV0,2,2,0,0,2,0,2,0,2
59,271819.5057,-1493472.736,E59_F3_m56f56_P59_Y3_UO2618,ID56_F59_m16f16_P59_Y1_UO799,I56_F59_m56f56_P59_Y0_UO2870,FXX,4,0.0,1,0,1.0,0,0,0,-9999.0,0.5,1,P15_CV0,2,0,2,1,1,0,2,0,2
59,271819.5057,-1493472.736,E59_F3_m16f16_P59_Y3_UO863,I16_F59_m-1f-1_P16_Y-1_U2,I16_F59_m3f3_P59_Y0_UO178,MXY,4,0.0,1,0,0.0,0,0,0,-9999.0,0.5,1,P15_CV0,2,2,0,0,2,0,2,0,2
59,271819.5057,-1493472.736,E59_F16_m16f16_P59_Y3_UO867,I16_F59_m-1f-1_P16_Y-1_U184,ID16_F59_m-1f-1_P16_Y-1_U11,FXX,4,0.0,1,0,1.0,0,0,0,-9999.0,0.5,1,P15_CV0,2,1,1,1,1,0,2,0,2
59,271819.5057,-1493472.736,E59_F16_m16f16_P59_Y3_UO849,I16_F59_m3f3_P59_Y1_UO131,I16_F59_m-1f-1_P16_Y-1_U216,FXX,4,0.0,1,0,1.0,0,0,0,-9999.0,0.5,1,P15_CV0,2,0,2,0,2,0,2,0,2
59,271819.5057,-1493472.736,E59_F56_m3f3_P59_Y3_UO135,I3_F59_m47f47_P59_Y0_UO2491,I3_F64_m16f16_P59_Y1_UO862,MXY,4,0.0,1,0,0.0,0,0,0,-9999.0,0.625,1,P15_CV0,2,2,0,2,0,0,2,0,2
59,271819.5057,-1493472.736,E59_F56_m56f56_P59_Y3_UO2702,I56_F59_m-1f-1_P56_Y-1_U169,ID56_F59_m16f16_P59_Y1_UO850,MXY,4,0.0,1,0,0.0,0,0,0,-9999.0,0.75,1,P15_CV0,2,2,0,0,2,0,2,0,2
59,271819.5057,-1493472.736,E59_F56_m16f16_P59_Y3_UO921,ID16_F59_m-1f-1_P16_Y-1_U82,ID16_F59_m-1f-1_P16_Y-1_U11,MXY,4,0.0,1,0,0.0,0,0,0,-9999.0,0.5,1,P15_CV0,2,1,1,2,0,0,2,0,2
59,271819.5057,-1493472.736,E59_F56_m16f16_P59_Y3_UO864,I16_F59_m-1f-1_P16_Y-1_U215,ID16_F59_m-1f-1_P16_Y-1_U213,MXY,4,0.0,1,0,0.0,0,0,0,-9999.0,0.0,1,P15_CV0,2,0,2,2,0,0,2,0,2
59,271819.5057,-1493472.736,E59_F56_m3f3_P59_Y3_UO111,I3_F59_m16f16_P59_Y1_UO827,ID3_F59_m3f3_P64_Y1_UO156,MXY,4,0.0,1,0,0.0,0,0,0,-9999.0,0.25,1,P15_CV0,2,0,2,0,2,0,2,0,2
59,271819.5057,-1493472.736,E59_F79_m16f16_P59_Y3_UO906,I16_F59_m-1f-1_P16_Y-1_U5,ID16_F59_m-1f-1_P16_Y-1_U157,MXY,4,0.0,1,0,0.0,0,0,0,-9999.0,0.25,1,P15_CV0,2,0,2,0,2,0,2,0,2
59,271819.5057,-1493472.736,E59_F79_m16f16_P59_Y3_UO893,I16_F59_m-1f-1_P17_Y-1_U3,ID16_F59_m-1f-1_P16_Y-1_U157,FXX,4,0.0,1,0,1.0,0,0,0,-9999.0,0.5,1,P15_CV0,2,1,1,1,1,0,2,0,2
59,271819.5057,-1493472.736,E59_F79_m16f16_P59_Y3_UO909,ID16_F59_m-1f-1_P16_Y-1_U229,I16_F59_m-1f-1_P16_Y-1_U42,MXY,4,0.0,1,0,0.0,0,0,0,-9999.0,0.25,1,P15_CV0,2,0,2,1,1,0,2,0,2
59,271819.5057,-1493472.736,E59_F79_m16f16_P59_Y3_UO916,ID16_F59_m-1f-1_P16_Y-1_U144,I16_F59_m16f16_P59_Y1_UO814,FXX,4,0.0,1,0,1.0,0,0,0,-9999.0,0.25,1,P15_CV0,2,0,2,1,1,0,2,0,2
59,271819.5057,-1493472.736,E59_F3_m16f16_P59_Y2_UO898,I16_F59_m-1f-1_P16_Y-1_U77,I16_F59_m-1f-1_P16_Y-1_U182,MXY,5,0.0,1,0,0.0,0,0,0,-9999.0,0.0,1,P15_CV0,2,0,2,2,0,0,2,0,2
59,271819.5057,-1493472.736,E59_F3_m16f16_P59_Y2_UO870,I16_F59_m-1f-1_P16_Y-1_U109,I16_F59_m-1f-1_P16_Y-1_U69,FXX,5,0.0,1,0,1.0,0,0,0,-9999.0,0.5,1,P15_CV0,2,1,1,2,0,0,2,0,2
59,271819.5057,-1493472.736,E59_F16_m16f16_P59_Y2_UO874,I16_F59_m-1f-1_P16_Y-1_U49,I16_F59_m-1f-1_P16_Y-1_U62,FXX,5,0.0,1,0,1.0,0,0,0,-9999.0,1.0,1,P15_CV0,2,2,0,2,0,0,2,0,2
59,271819.5057,-1493472.736,E59_F16_m16f16_P59_Y2_UO914,I16_F59_m-1f-1_P16_Y-1_U179,I16_F59_m-1f-1_P16_Y-1_U98,MXY,5,0.0,1,0,0.0,0,0,0,-9999.0,0.75,1,P15_CV0,2,1,1,1,1,0,2,0,2
59,271819.5057,-1493472.736,E59_F16_m16f16_P59_Y2_UO864,ID16_F59_m-1f-1_P56_Y-1_U241,I16_F59_m-1f-1_P16_Y-1_U218,FXX,5,0.0,1,0,1.0,0,0,0,-9999.0,0.75,1,P15_CV0,2,1,1,1,1,0,2,0,2
59,271819.5057,-1493472.736,E59_F56_m16f16_P59_Y2_UO912,I16_F59_m-1f-1_P16_Y-1_U91,I16_F59_m-1f-1_P16_Y-1_U45,MXY,5,0.0,1,0,0.0,0,0,0,-9999.0,1.0,1,P15_CV0,2,2,0,1,1,0,2,0,2
59,271819.5057,-1493472.736,E59_F56_m16f16_P59_Y2_UO849,I16_F59_m56f56_P59_Y0_UO2844,I16_F59_m-1f-1_P16_Y-1_U16,FXX,5,0.0,1,0,1.0,0,0,0,-9999.0,0.5,1,P15_CV0,2,1,1,2,0,0,2,0,2
59,271819.5057,-1493472.736,E59_F56_m16f16_P59_Y2_UO854,ID16_F59_m-1f-1_P16_Y-1_U234,I16_F59_m-1f-1_P16_Y-1_U68,FXX,5,0.0,1,0,1.0,0,0,0,-9999.0,1.0,1,P15_CV0,2,2,0,0,2,0,2,0,2
59,271819.5057,-1493472.736,E59_F56_m16f16_P59_Y2_UO900,ID16_F64_m-1f-1_P17_Y-1_U3,I16_F59_m16f16_P59_Y0_UO955,MXY,5,0.0,1,0,0.0,0,0,0,-9999.0,0.75,1,P15_CV0,2,1,1,1,1,0,2,0,2
59,271819.5057,-1493472.736,E59_F56_m16f16_P59_Y2_UO888,I16_F59_m-1f-1_P16_Y-1_U187,ID16_F59_m-1f-1_P16_Y-1_U40,FXX,5,0.0,1,0,1.0,0,0,0,-9999.0,0.5,1,P15_CV0,2,0,2,1,1,0,2,0,2
59,271819.5057,-1493472.736,E59_F56_m16f16_P59_Y2_UO927,I16_F59_m-1f-1_P16_Y-1_U3,I16_F59_m-1f-1_P16_Y-1_U98,MXY,5,0.0,1,0,0.0,0,0,0,-9999.0,1.0,1,P15_CV0,2,2,0,1,1,0,2,0,2
59,271819.5057,-1493472.736,E59_F56_m16f16_P59_Y2_UO856,ID16_F59_m-1f-1_P16_Y-1_U237,I16_F59_m-1f-1_P16_Y-1_U171,FXX,5,0.0,1,0,1.0,0,0,0,-9999.0,0.5,1,P15_CV0,2,0,2,1,1,0,2,0,2
59,271819.5057,-1493472.736,E59_F79_m16f16_P59_Y2_UO919,I16_F59_m-1f-1_P16_Y-1_U229,I16_F59_m-1f-1_P16_Y-1_U111,MXY,5,0.0,1,0,0.0,0,0,0,-9999.0,0.5,1,P15_CV0,2,1,1,2,0,0,2,0,2
59,271819.5057,-1493472.736,E59_F79_m16f16_P59_Y2_UO932,I16_F59_m-1f-1_P56_Y-1_U153,I16_F59_m-1f-1_P16_Y-1_U172,FXX,5,0.0,1,0,1.0,0,0,0,-9999.0,0.0,1,P15_CV0,2,0,2,2,0,0,2,0,2
59,271819.5057,-1493472.736,E59_F79_m16f16_P59_Y2_UO895,I16_F59_m-1f-1_P16_Y-1_U178,I16_F59_m-1f-1_P16_Y-1_U99,FXX,5,0.0,1,0,1.0,0,0,0,-9999.0,0.25,1,P15_CV0,2,1,1,2,0,0,2,0,2
59,271819.5057,-1493472.736,E59_F79_m16f16_P59_Y2_UO886,I16_F59_m-1f-1_P16_Y-1_U200,I16_F59_m-1f-1_P16_Y-1_U243,MXY,5,0.0,1,0,0.0,0,0,0,-9999.0,0.5,1,P15_CV0,2,1,1,0,2,0,2,0,2
59,271819.5057,-1493472.736,E59_F79_m16f16_P59_Y2_UO917,I16_F59_m-1f-1_P16_Y-1_U26,ID16_F59_m-1f-1_P56_Y-1_U128,FXX,5,0.0,1,0,1.0,0,0,0,-9999.0,0.5,1,P15_CV0,2,1,1,2,0,0,2,0,2
59,271819.5057,-1493472.736,E59_F3_m16f16_P59_Y1_UO882,ID16_F59_m-1f-1_P16_Y-1_U60,I16_F59_m-1f-1_P16_Y-1_U210,FXX,6,0.0,1,0,1.0,0,0,0,-9999.0,0.5,1,P15_CV0,2,1,1,0,2,0,2,0,2
59,271819.5057,-1493472.736,E59_F3_m16f16_P59_Y1_UO827,I16_F59_m-1f-1_P16_Y-1_U187,I16_F59_m-1f-1_P16_Y-1_U190,FXX,6,0.0,1,0,1.0,0,0,0,-9999.0,0.5,1,P15_CV0,2,0,2,1,1,0,2,0,2
59,271819.5057,-1493472.736,E59_F3_m16f16_P59_Y1_UO837,I16_F59_m-1f-1_P16_Y-1_U22,ID16_F59_m-1f-1_P16_Y-1_U99,FXX,6,0.0,1,0,1.0,0,0,0,-9999.0,0.5,1,P15_CV0,2,0,2,1,1,0,2,0,2
59,271819.5057,-1493472.736,E59_F16_m16f16_P59_Y1_UO887,I16_F59_m-1f-1_P16_Y-1_U186,I16_F59_m-1f-1_P16_Y-1_U212,MXY,6,0.0,1,0,0.0,0,0,0,-9999.0,0.75,1,P15_CV0,2,2,0,1,1,0,2,0,2
59,271819.5057,-1493472.736,E59_F16_m16f16_P59_Y1_UO804,ID16_F59_m-1f-1_P16_Y-1_U114,I16_F59_m-1f-1_P16_Y-1_U156,FXX,6,0.0,1,0,1.0,0,0,0,-9999.0,0.5,1,P15_CV0,2,2,0,1,1,0,2,0,2
59,271819.5057,-1493472.736,E59_F56_m16f16_P59_Y1_UO850,I16_F59_m-1f-1_P16_Y-1_U141,I16_F59_m-1f-1_P16_Y-1_U86,MXY,6,0.0,1,0,0.0,0,0,0,-9999.0,0.5,1,P15_CV0,2,2,0,0,2,0,2,0,2
59,271819.5057,-1493472.736,E59_F56_m16f16_P59_Y1_UO795,I16_F59_m-1f-1_P16_Y-1_U226,I16_F59_m-1f-1_P16_Y-1_U151,MXY,6,0.0,1,0,0.0,0,0,0,-9999.0,0.5,1,P15_CV0,2,0,2,0,2,0,2,0,2
59,271819.5057,-1493472.736,E59_F79_m16f16_P59_Y1_UO825,I16_F59_m-1f-1_P16_Y-1_U61,I16_F59_m-1f-1_P16_Y-1_U100,MXY,6,0.0,1,0,0.0,0,0,0,-9999.0,0.75,1,P15_CV0,2,1,1,1,1,0,2,0,2
59,271819.5057,-1493472.736,E59_F79_m16f16_P59_Y1_UO886,I16_F59_m-1f-1_P16_Y-1_U170,ID16_F59_m-1f-1_P16_Y-1_U223,MXY,6,0.0,1,0,0.0,0,0,0,-9999.0,1.0,1,P15_CV0,2,2,0,1,1,0,2,0,2
59,271819.5057,-1493472.736,E59_F79_m16f16_P59_Y1_UO822,I16_F59_m-1f-1_P16_Y-1_U194,I16_F59_m-1f-1_P16_Y-1_U113,MXY,6,0.0,1,0,0.0,0,0,0,-9999.0,0.75,1,P15_CV0,2,1,1,1,1,0,2,0,2
59,271819.5057,-1493472.736,E59_F3_m16f16_P59_Y0_UO969,R16_F16_m-1f-1_P16_Y-1_U150,R16_F16_m-1f-1_P16_Y-1_U177,MXY,7,0.0,1,0,0.0,0,0,0,-9999.0,0.5,1,P15_CV0,2,1,1,2,0,0,2,0,2
59,271819.5057,-1493472.736,E59_F3_m16f16_P59_Y0_UO976,R16_F16_m-1f-1_P16_Y-1_U167,R16_F16_m-1f-1_P16_Y-1_U24,FXX,7,0.0,1,0,1.0,0,0,0,-9999.0,0.25,1,P15_CV0,2,1,1,0,2,0,2,0,2
59,271819.5057,-1493472.736,E59_F3_m16f16_P59_Y0_UO925,R16_F16_m-1f-1_P16_Y-1_U47,R16_F16_m-1f-1_P16_Y-1_U69,FXX,7,0.0,1,0,1.0,0,0,0,-9999.0,0.75,1,P15_CV0,2,2,0,2,0,0,2,0,2
59,271819.5057,-1493472.736,E59_F16_m16f16_P59_Y0_UO912,R16_F16_m-1f-1_P16_Y-1_U20,R16_F16_m-1f-1_P16_Y-1_U24,MXY,7,0.0,1,0,0.0,0,0,0,-9999.0,0.0,1,P15_CV0,2,0,2,1,1,0,2,0,2
59,271819.5057,-1493472.736,E59_F16_m16f16_P59_Y0_UO1004,R16_F16_m-1f-1_P16_Y-1_U235,R16_F16_m-1f-1_P16_Y-1_U69,MXY,7,0.0,1,0,0.0,0,0,0,-9999.0,0.5,1,P15_CV0,2,1,1,1,1,0,2,0,2
59,271819.5057,-1493472.736,E59_F16_m16f16_P59_Y0_UO990,R16_F16_m-1f-1_P16_Y-1_U194,R16_F16_m-1f-1_P16_Y-1_U108,FXX,7,0.0,1,0,1.0,0,0,0,-9999.0,0.5,1,P15_CV0,2,0,2,1,1,0,2,0,2
59,271819.5057,-1493472.736,E59_F56_m16f16_P59_Y0_UO916,R16_F16_m-1f-1_P16_Y-1_U25,R16_F16_m-1f-1_P16_Y-1_U220,FXX,7,0.0,1,0,1.0,0,0,0,-9999.0,0.5,1,P15_CV0,2,1,1,2,0,0,2,0,2
59,271819.5057,-1493472.736,E59_F56_m16f16_P59_Y0_UO905,R16_F16_m-1f-1_P16_Y-1_U3,R16_F16_m-1f-1_P16_Y-1_U121,FXX,7,0.0,1,0,1.0,0,0,0,-9999.0,0.5,1,P15_CV0,2,1,1,1,1,0,2,0,2
59,271819.5057,-1493472.736,E59_F56_m16f16_P59_Y0_UO932,R16_F16_m-1f-1_P16_Y-1_U59,R16_F16_m-1f-1_P16_Y-1_U180,FXX,7,0.0,1,0,1.0,0,0,0,-9999.0,0.5,1,P15_CV0,2,0,2,0,2,0,2,0,2
59,271819.5057,-1493472.736,E59_F16_m-1f-1_P16_Y-1_U215,-9999,-9999,FXX,8,0.0,1,0,1.0,0,0,0,-9999.0,0.0,1,P15_CV0,2,0,2,2,0,0,2,0,2
59,271819.5057,-1493472.736,E59_F16_m-1f-1_P16_Y-1_U184,-9999,-9999,FXX,8,0.0,1,0,1.0,0,0,0,-9999.0,0.5,1,P15_CV0,2,1,1,2,0,0,2,0,2
59,271819.5057,-1493472.736,E59_F16_m-1f-1_P16_Y-1_U234,-9999,-9999,FXX,8,0.0,1,0,1.0,0,0,0,-9999.0,1.0,1,P15_CV0,2,2,0,0,2,0,2,0,2
59,271819.5057,-1493472.736,E59_F16_m-1f-1_P16_Y-1_U216,-9999,-9999,MXY,8,0.0,1,0,0.0,0,0,0,-9999.0,0.5,1,P15_CV0,2,1,1,0,2,0,2,0,2
59,271819.5057,-1493472.736,E59_F56_m-1f-1_P16_Y-1_U240,-9999,-9999,FXX,8,0.0,1,0,1.0,0,0,0,-9999.0,0.5,1,P15_CV0,2,1,1,1,1,0,2,0,2
59,271819.5057,-1493472.736,E59_F56_m-1f-1_P16_Y-1_U58,-9999,-9999,FXX,8,0.0,1,0,1.0,0,0,0,-9999.0,0.0,1,P15_CV0,2,0,2,2,0,0,2,0,2
59,271819.5057,-1493472.736,E59_F56_m-1f-1_P16_Y-1_U211,-9999,-9999,MXY,8,0.0,1,0,0.0,0,0,0,-9999.0,0.0,1,P15_CV0,2,0,2,1,1,0,2,0,2
59,271819.5057,-1493472.736,E59_F16_m-1f-1_P16_Y-1_U49,-9999,-9999,FXX,9,0.0,1,0,1.0,0,0,0,-9999.0,1.0,1,P15_CV0,2,2,0,2,0,0,2,0,2
59,271819.5057,-1493472.736,E59_F16_m-1f-1_P16_Y-1_U21,-9999,-9999,FXX,9,0.0,1,0,1.0,0,0,0,-9999.0,0.5,1,P15_CV0,2,1,1,2,0,0,2,0,2
59,271819.5057,-1493472.736,E59_F16_m-1f-1_P16_Y-1_U243,-9999,-9999,MXY,9,0.0,1,0,0.0,0,0,0,-9999.0,0.5,1,P15_CV0,2,1,1,0,2,0,2,0,2
59,271819.5057,-1493472.736,E59_F16_m-1f-1_P16_Y-1_U131,-9999,-9999,FXX,9,0.0,1,0,1.0,0,0,0,-9999.0,0.0,1,P15_CV0,2,0,2,1,1,0,2,0,2
59,271819.5057,-1493472.736,E59_F56_m-1f-1_P16_Y-1_U109,-9999,-9999,FXX,9,0.0,1,0,1.0,0,0,0,-9999.0,0.5,1,P15_CV0,2,1,1,2,0,0,2,0,2
59,271819.5057,-1493472.736,E59_F16_m-1f-1_P16_Y-1_U150,-9999,-9999,FXX,10,0.0,1,0,1.0,0,0,0,-9999.0,0.0,1,P15_CV0,2,0,2,2,0,0,2,0,2
59,271819.5057,-1493472.736,E59_F16_m-1f-1_P16_Y-1_U178,-9999,-9999,FXX,10,0.0,1,0,1.0,0,0,0,-9999.0,0.0,1,P15_CV0,2,0,2,2,0,0,2,0,2
59,271819.5057,-1493472.736,E59_F16_m-1f-1_P16_Y-1_U224,-9999,-9999,FXX,10,0.0,1,0,1.0,0,0,0,-9999.0,0.0,1,P15_CV0,2,0,2,0,2,0,2,0,2
59,271819.5057,-1493472.736,E59_F16_m-1f-1_P16_Y-1_U244,-9999,-9999,MXY,10,0.0,1,0,0.0,0,0,0,-9999.0,0.5,1,P15_CV0,2,1,1,0,2,0,2,0,2
59,271819.5057,-1493472.736,E59_F16_m-1f-1_P16_Y-1_U187,-9999,-9999,FXX,10,0.0,1,0,1.0,0,0,0,-9999.0,0.5,1,P15_CV0,2,1,1,2,0,0,2,0,2
59,271819.5057,-1493472.736,E59_F16_m-1f-1_P16_Y-1_U79,-9999,-9999,FXX,10,0.0,1,0,1.0,0,0,0,-9999.0,0.0,1,P15_CV0,2,0,2,2,0,0,2,0,2
59,271819.5057,-1493472.736,E59_F16_m-1f-1_P16_Y-1_U185,-9999,-9999,FXX,11,0.0,1,0,1.0,0,0,0,-9999.0,1.0,1,P15_CV0,2,2,0,1,1,0,2,0,2
59,271819.5057,-1493472.736,E59_F16_m-1f-1_P16_Y-1_U214,-9999,-9999,FXX,11,0.0,1,0,1.0,0,0,0,-9999.0,0.5,1,P15_CV0,2,1,1,1,1,0,2,0,2
59,271819.5057,-1493472.736,E59_F16_m-1f-1_P16_Y-1_U75,-9999,-9999,FXX,11,0.0,1,0,1.0,0,0,0,-9999.0,0.0,1,P15_CV0,2,0,2,1,1,0,2,0,2
59,271819.5057,-1493472.736,E59_F16_m-1f-1_P16_Y-1_U98,-9999,-9999,MXY,11,0.0,1,0,0.0,0,0,0,-9999.0,1.0,1,P15_CV0,2,2,0,0,2,0,2,0,2
59,271819.5057,-1493472.736,E59_F56_m-1f-1_P16_Y-1_U228,-9999,-9999,MXY,11,0.0,1,0,0.0,0,0,0,-9999.0,0.5,1,P15_CV0,2,1,1,2,0,0,2,0,2
59,271819.5057,-1493472.736,E59_F56_m-1f-1_P16_Y-1_U24,-9999,-9999,MXY,11,0.0,1,0,0.0,0,0,0,-9999.0,0.0,1,P15_CV0,2,0,2,0,2,0,2,0,2
59,271819.5057,-1493472.736,E59_F16_m-1f-1_P16_Y-1_U147,-9999,-9999,FXX,12,0.0,1,0,1.0,0,0,0,-9999.0,1.0,1,P15_CV0,2,2,0,1,1,0,2,0,2
59,271819.5057,-1493472.736,E59_F16_m-1f-1_P16_Y-1_U102,-9999,-9999,MXY,12,0.0,1,0,0.0,0,0,0,-9999.0,0.0,1,P15_CV0,2,0,2,2,0,0,2,0,2
59,271819.5057,-1493472.736,E59_F16_m-1f-1_P16_Y-1_U129,-9999,-9999,MXY,12,0.0,1,0,0.0,0,0,0,-9999.0,1.0,1,P15_CV0,2,2,0,2,0,0,2,0,2
59,271819.5057,-1493472.736,E59_F56_m-1f-1_P16_Y-1_U212,-9999,-9999,MXY,12,0.0,1,0,0.0,0,0,0,-9999.0,0.5,1,P15_CV0,2,1,1,0,2,0,2,0,2
59,271819.5057,-1493472.736,E59_F16_m-1f-1_P16_Y-1_U90,-9999,-9999,MXY,13,0.0,1,0,0.0,0,0,0,-9999.0,0.0,1,P15_CV0,2,0,2,1,1,0,2,0,2
59,271819.5057,-1493472.736,E59_F16_m-1f-1_P16_Y-1_U179,-9999,-9999,FXX,13,0.0,1,0,1.0,0,0,0,-9999.0,0.5,1,P15_CV0,2,1,1,2,0,0,2,0,2
59,271819.5057,-1493472.736,E59_F16_m-1f-1_P16_Y-1_U218,-9999,-9999,MXY,13,0.0,1,0,0.0,0,0,0,-9999.0,1.0,1,P15_CV0,2,2,0,1,1,0,2,0,2
59,271819.5057,-1493472.736,E59_F56_m-1f-1_P16_Y-1_U93,-9999,-9999,MXY,13,0.0,1,0,0.0,0,0,0,-9999.0,1.0,1,P15_CV0,2,2,0,1,1,0,2,0,2
59,271819.5057,-1493472.736,E59_F79_m-1f-1_P16_Y-1_U5,-9999,-9999,FXX,13,0.0,1,0,1.0,0,0,0,-9999.0,0.5,1,P15_CV0,2,1,1,0,2,0,2,0,2
59,271819.5057,-1493472.736,E59_F16_m-1f-1_P16_Y-1_U103,-9999,-9999,MXY,14,0.0,1,0,0.0,0,0,0,-9999.0,1.0,1,P15_CV0,2,2,0,0,2,0,2,0,2
59,271819.5057,-1493472.736,E59_F56_m-1f-1_P16_Y-1_U26,-9999,-9999,FXX,14,0.0,1,0,1.0,0,0,0,-9999.0,1.0,1,P15_CV0,2,2,0,1,1,0,2,0,2
59,271819.5057,-1493472.736,E59_F16_m-1f-1_P16_Y-1_U144,-9999,-9999,FXX,15,0.0,1,0,1.0,0,0,0,-9999.0,0.0,1,P15_CV0,2,0,2,1,1,0,2,0,2
59,271819.5057,-1493472.736,E59_F16_m-1f-1_P16_Y-1_U203,-9999,-9999,FXX,15,0.0,1,0,1.0,0,0,0,-9999.0,1.0,1,P15_CV0,2,2,0,0,2,0,2,0,2
59,271819.5057,-1493472.736,E59_F16_m-1f-1_P16_Y-1_U42,-9999,-9999,MXY,16,0.0,1,0,0.0,0,0,0,-9999.0,0.5,1,P15_CV0,2,1,1,1,1,0,2,0,2
59,271819.5057,-1493472.736,E59_F16_m-1f-1_P16_Y-1_U68,-9999,-9999,MXY,16,0.0,1,0,0.0,0,0,0,-9999.0,1.0,1,P15_CV0,2,2,0,0,2,0,2,0,2
59,271819.5057,-1493472.736,Age0_F59_m3f3_P59_Y7_UO113,ID3_F64_m79f79_P59_Y5_UO3607,I3_F64_m17f17_P59_Y3_UO980,MXY,0,0.0,0,0,0.0,0,0,0,0.0,0.4375,1,P16_CV0,2,1,1,0,2,0,2,0,2
59,271819.5057,-1493472.736,Age0_F59_m3f3_P59_Y7_UO121,I3_F59_m3f3_P64_Y5_UO125,I3_F59_m-1f-1_P3_Y-1_U217,FXX,0,0.0,0,0,0.0,0,0,0,0.0,0.375,1,P16_CV0,2,1,1,1,1,0,2,0,2
59,271819.5057,-1493472.736,Age0_F59_m3f3_P59_Y7_UO148,ID3_F64_m79f79_P64_Y4_UO3583,ID3_F59_m16f16_P59_Y0_UO969,FXX,0,0.0,0,0,0.0,0,0,0,0.0,0.5,1,P16_CV0,2,2,0,1,1,0,2,0,2
59,271819.5057,-1493472.736,Age0_F59_m3f3_P59_Y7_UO164,I3_F59_m56f56_P59_Y3_UO2696,I3_F64_m17f17_P59_Y3_UO980,MXY,0,0.0,0,0,0.0,0,0,0,0.0,0.5,1,P16_CV0,2,1,1,1,1,0,2,0,2
59,271819.5057,-1493472.736,Age0_F59_m3f3_P59_Y7_UO166,I3_F59_m95f95_P64_Y2_UO4512,I3_F64_m16f16_P59_Y5_UO890,FXX,0,0.0,0,0,0.0,0,0,0,0.0,0.4375,1,P16_CV0,2,1,1,0,2,0,2,0,2
59,271819.5057,-1493472.736,Age0_F59_m3f3_P59_Y7_UO175,I3_F64_m17f17_P59_Y2_UO1002,ID3_F59_m56f56_P59_Y4_UO2658,MXY,0,0.0,0,0,0.0,0,0,0,0.0,0.25,1,P16_CV0,2,0,2,0,2,0,2,0,2
59,271819.5057,-1493472.736,Age0_F59_m3f3_P59_Y7_UO180,ID3_F59_m17f17_P59_Y1_UO888,I3_F59_m17f17_P64_Y3_UO962,MXY,0,0.0,0,0,0.0,0,0,0,0.0,0.25,1,P16_CV0,2,1,1,1,1,0,2,0,2
59,271819.5057,-1493472.736,Age0_F59_m3f3_P59_Y7_UO185,I3_F59_m16f16_P59_Y1_UO837,I3_F59_m-1f-1_P17_Y-1_U162,FXX,0,0.0,0,0,0.0,0,0,0,0.0,0.5,1,P16_CV0,2,0,2,0,2,0,2,0,2
59,271819.5057,-1493472.736,Age0_F59_m3f3_P59_Y7_UO190,I3_F59_m3f3_P59_Y0_UO165,I3_F64_m16f16_P59_Y5_UO890,FXX,0,0.0,0,0,0.0,0,0,0,0.0,0.4375,1,P16_CV0,2,1,1,2,0,0,2,0,2
59,271819.5057,-1493472.736,Age0_F59_m16f16_P59_Y7_UO920,I16_F59_m-1f-1_P16_Y-1_U224,I16_F59_m79f79_P59_Y4_UO3584,FXX,0,0.0,0,0,0.0,0,0,0,0.0,0.21875,1,P16_CV0,2,0,2,0,2,0,2,0,2
59,271819.5057,-1493472.736,Age0_F59_m16f16_P59_Y7_UO924,I16_F59_m-1f-1_P56_Y-1_U56,ID16_F59_m16f16_P59_Y4_UO913,MXY,0,0.0,0,0,0.0,0,0,0,0.0,0.375,1,P16_CV0,2,0,2,2,0,0,2,0,2
59,271819.5057,-1493472.736,Age0_F59_m16f16_P59_Y7_UO929,I16_F59_m-1f-1_P16_Y-1_U147,I16_F59_m79f79_P59_Y4_UO3584,MXY,0,0.0,0,0,0.0,0,0,0,0.0,0.71875,1,P16_CV0,2,1,1,0,2,0,2,0,2
59,271819.5057,-1493472.736,Age0_F59_m17f17_P59_Y7_UO968,I17_F64_m47f47_P64_Y4_UO2321,I17_F64_m-1f-1_P17_Y-1_U202,MXY,0,0.0,0,0,0.0,0,0,0,0.0,0.5,1,P16_CV0,2,2,0,1,1,0,2,0,2
59,271819.5057,-1493472.736,Age0_F59_m17f17_P59_Y7_UO976,I17_F64_m3f3_P64_Y3_UO96,I17_F64_m-1f-1_P17_Y-1_U77,FXX,0,0.0,0,0,0.0,0,0,0,0.0,0.6875,1,P16_CV0,2,0,2,0,2,0,2,0,2
59,271819.5057,-1493472.736,Age0_F59_m17f17_P59_Y7_UO1015,I17_F64_m-1f-1_P17_Y-1_U142,I17_F64_m79f79_P64_Y5_UO3589,MXY,0,0.0,0,0,0.0,0,0,0,0.0,0.75,1,P16_CV0,2,2,0,1,1,0,2,0,2
59,271819.5057,-1493472.736,Age0_F59_m17f17_P59_Y7_UO1017,ID17_F64_m-1f-1_P47_Y-1_U223,I17_F64_m17f17_P64_Y3_UO977,MXY,0,0.0,0,0,0.0,0,0,0,0.0,0.375,1,P16_CV0,2,0,2,2,0,0,2,0,2
59,271819.5057,-1493472.736,Age0_F59_m56f56_P59_Y7_UO2641,I56_F59_m16f16_P59_Y5_UO899,I56_F59_m56f56_P59_Y5_UO2647,MXY,0,0.0,0,0,0.0,0,0,0,0.0,0.625,1,P16_CV0,2,0,2,1,1,0,2,0,2
59,271819.5057,-1493472.736,Age0_F59_m56f56_P59_Y7_UO2651,I56_F59_m79f79_P59_Y5_UO3549,ID56_F59_m3f3_P59_Y4_UO102,MXY,0,0.0,0,0,0.0,0,0,0,0.0,0.3125,1,P16_CV0,2,0,2,1,1,0,2,0,2
59,271819.5057,-1493472.736,Age0_F59_m56f56_P59_Y7_UO2662,I56_F59_m17f17_P64_Y3_UO998,I56_F59_m79f79_P59_Y5_UO3568,FXX,0,0.0,0,0,0.0,0,0,0,0.0,0.625,1,P16_CV0,2,1,1,2,0,0,2,0,2
59,271819.5057,-1493472.736,Age0_F59_m56f56_P59_Y7_UO2664,I56_F59_m79f79_P59_Y2_UO3622,ID56_F64_m-1f-1_P3_Y-1_U185,FXX,0,0.0,0,0,0.0,0,0,0,0.0,0.8125,1,P16_CV0,2,1,1,1,1,0,2,0,2
59,271819.5057,-1493472.736,Age0_F59_m56f56_P59_Y7_UO2686,I56_F59_m-1f-1_P16_Y-1_U58,I56_F59_m17f17_P59_Y5_UO1005,MXY,0,0.0,0,0,0.0,0,0,0,0.0,0.25,1,P16_CV0,2,1,1,2,0,0,2,0,2
59,271819.5057,-1493472.736,Age0_F59_m79f79_P59_Y7_UO3557,I79_F64_m17f17_P64_Y5_UO1020,I79_F59_m16f16_P59_Y1_UO886,MXY,0,0.0,0,0,0.0,0,0,0,0.0,0.8125,1,P16_CV0,2,1,1,0,2,0,2,0,2
59,271819.5057,-1493472.736,Age0_F59_m79f79_P59_Y7_UO3562,I79_F64_m3f3_P59_Y5_UO142,ID79_F64_m17f17_P59_Y3_UO1024,FXX,0,0.0,0,0,0.0,0,0,0,0.0,0.4375,1,P16_CV0,2,1,1,0,2,0,2,0,2
59,271819.5057,-1493472.736,Age0_F59_m79f79_P59_Y7_UO3568,I79_F59_m79f79_P64_Y5_UO3581,I79_F64_m16f16_P59_Y3_UO909,MXY,0,0.0,0,0,0.0,0,0,0,0.0,0.34375,1,P16_CV0,2,1,1,1,1,0,2,0,2
59,271819.5057,-1493472.736,Age0_F59_m79f79_P59_Y7_UO3572,ID79_F59_m95f95_P64_Y5_UO4543,I79_F59_m79f79_P59_Y5_UO3644,MXY,0,0.0,0,0,0.0,0,0,0,0.0,0.28125,1,P16_CV0,2,0,2,2,0,0,2,0,2
59,271819.5057,-1493472.736,Age0_F59_m79f79_P59_Y7_UO3582,I79_F59_m79f79_P59_Y5_UO3598,I79_F59_m-1f-1_P17_Y-1_U123,MXY,0,0.0,0,0,0.0,0,0,0,0.0,0.5625,1,P16_CV0,2,1,1,1,1,0,2,0,2
59,271819.5057,-1493472.736,Age0_F59_m79f79_P59_Y7_UO3590,I79_F59_m56f56_P59_Y4_UO2630,I79_F59_m79f79_P64_Y5_UO3648,FXX,0,0.0,0,0,0.0,0,0,0,0.0,0.5,1,P16_CV0,2,2,0,1,1,0,2,0,2
59,271819.5057,-1493472.736,Age0_F59_m79f79_P59_Y7_UO3600,I79_F59_m56f56_P59_Y4_UO2689,I79_F59_m17f17_P64_Y0_UO1030,FXX,0,0.0,0,0,0.0,0,0,0,0.0,0.875,1,P16_CV0,2,2,0,2,0,0,2,0,2
59,271819.5057,-1493472.736,Age0_F59_m79f79_P59_Y7_UO3601,I79_F59_m17f17_P64_Y4_UO972,I79_F59_m16f16_P59_Y5_UO942,FXX,0,0.0,0,0,0.0,0,0,0,0.0,0.25,1,P16_CV0,2,1,1,2,0,0,2,0,2
59,271819.5057,-1493472.736,Age0_F59_m79f79_P59_Y7_UO3642,I79_F59_m17f17_P59_Y2_UO961,I79_F59_m56f56_P59_Y5_UO2658,FXX,0,0.0,0,0,0.0,0,0,0,0.0,0.375,1,P16_CV0,2,0,2,2,0,0,2,0,2
59,271819.5057,-1493472.736,Age0_F59_m79f79_P59_Y7_UO3644,I79_F64_m47f47_P64_Y2_UO2318,ID79_F59_m79f79_P59_Y4_UO3522,MXY,0,0.0,0,0,0.0,0,0,0,0.0,0.375,1,P16_CV0,2,0,2,2,0,0,2,0,2
59,271819.5057,-1493472.736,Age0_F59_m79f79_P59_Y7_UO3650,I79_F59_m17f17_P64_Y1_UO984,I79_F64_m79f79_P64_Y5_UO3625,MXY,0,0.0,0,0,0.0,0,0,0,0.0,0.5625,1,P16_CV0,2,1,1,0,2,0,2,0,2
59,271819.5057,-1493472.736,Age0_F59_m79f79_P59_Y7_UO3652,ID79_F59_m3f3_P59_Y0_UO148,I79_F64_m95f95_P64_Y5_UO4481,FXX,0,0.0,0,0,0.0,0,0,0,0.0,0.375,1,P16_CV0,2,1,1,1,1,0,2,0,2
59,271819.5057,-1493472.736,Age0_F59_m79f79_P59_Y7_UO3658,I79_F59_m-1f-1_P17_Y-1_U214,I79_F59_m16f16_P59_Y4_UO908,MXY,0,0.0,0,0,0.0,0,0,0,0.0,0.0,1,P16_CV0,2,0,2,0,2,0,2,0,2
59,271819.5057,-1493472.736,Age0_F59_m79f79_P59_Y7_UO3662,ID79_F64_m-1f-1_P17_Y-1_U16,I79_F59_m-1f-1_P3_Y-1_U205,FXX,0,0.0,0,0,0.0,0,0,0,0.0,1.0,1,P16_CV0,2,2,0,1,1,0,2,0,2
59,271819.5057,-1493472.736,E59_F3_m16f16_P59_Y6_UO902,I16_F59_m17f17_P59_Y3_UO1008,I16_F59_m-1f-1_P16_Y-1_U174,FXX,1,0.0,1,1,1.0,0,0,0,-9999.0,0.375,1,P16_CV0,2,0,2,0,2,0,2,0,2
59,271819.5057,-1493472.736,E59_F3_m16f16_P59_Y6_UO936,I16_F59_m-1f-1_P17_Y-1_U3,I16_F59_m-1f-1_P16_Y-1_U102,MXY,1,0.0,1,1,0.0,0,0,0,-9999.0,0.5,1,P16_CV0,2,1,1,1,1,0,2,0,2
59,271819.5057,-1493472.736,E59_F3_m17f17_P59_Y6_UO966,I17_F64_m79f79_P64_Y4_UO3536,ID17_F59_m17f17_P64_Y3_UO1018,FXX,1,0.0,1,1,1.0,0,0,0,-9999.0,0.375,1,P16_CV0,2,0,2,0,2,0,2,0,2
59,271819.5057,-1493472.736,E59_F3_m17f17_P59_Y6_UO996,I17_F64_m3f3_P64_Y1_UO122,I17_F64_m-1f-1_P17_Y-1_U149,FXX,1,0.0,1,1,1.0,0,0,0,-9999.0,0.5,1,P16_CV0,2,1,1,0,2,0,2,0,2
59,271819.5057,-1493472.736,E59_F3_m79f79_P59_Y6_UO3581,I79_F64_m3f3_P64_Y4_UO110,I79_F59_m17f17_P64_Y1_UO983,MXY,1,0.0,1,1,0.0,0,0,0,-9999.0,0.625,1,P16_CV0,2,0,2,0,2,0,2,0,2
59,271819.5057,-1493472.736,E59_F3_m79f79_P59_Y6_UO3602,I79_F59_m47f47_P64_Y4_UO2328,I79_F59_m17f17_P64_Y1_UO916,FXX,1,0.0,1,1,1.0,0,0,0,-9999.0,0.375,1,P16_CV0,2,0,2,1,1,0,2,0,2
59,271819.5057,-1493472.736,E59_F3_m79f79_P59_Y6_UO3657,I79_F59_m17f17_P64_Y1_UO940,ID79_F64_m-1f-1_P17_Y-1_U152,FXX,1,0.0,1,1,1.0,0,0,0,-9999.0,0.75,1,P16_CV0,2,1,1,0,2,0,2,0,2
59,271819.5057,-1493472.736,E59_F3_m17f17_P64_Y6_UO993,I17_F64_m17f17_P64_Y1_UO970,I17_F64_m17f17_P64_Y3_UO977,FXX,1,0.0,1,1,1.0,0,0,0,-9999.0,0.375,1,P16_CV0,2,1,1,2,0,0,2,0,2
59,271819.5057,-1493472.736,E59_F3_m17f17_P64_Y6_UO997,I17_F64_m17f17_P64_Y1_UO924,I17_F64_m-1f-1_P17_Y-1_U187,FXX,1,0.0,1,1,1.0,0,0,0,-9999.0,0.125,1,P16_CV0,2,0,2,0,2,0,2,0,2
59,271819.5057,-1493472.736,E59_F17_m95f95_P64_Y6_UO4515,ID95_F64_m79f79_P64_Y4_UO3615,ID95_F64_m17f17_P64_Y0_UO1088,MXY,1,0.0,1,1,0.0,0,0,0,-9999.0,0.65625,1,P16_CV0,2,1,1,1,1,0,2,0,2
59,271819.5057,-1493472.736,E59_F56_m3f3_P59_Y6_UO198,ID3_F59_m-1f-1_P79_Y-1_U218,I3_F59_m-1f-1_P17_Y-1_U162,MXY,1,0.0,1,1,0.0,0,0,0,-9999.0,0.5,1,P16_CV0,2,0,2,0,2,0,2,0,2
59,271819.5057,-1493472.736,E59_F56_m56f56_P59_Y6_UO2682,I56_F59_m79f79_P59_Y2_UO3622,ID56_F59_m56f56_P59_Y4_UO2687,FXX,1,0.0,1,1,1.0,0,0,0,-9999.0,0.5625,1,P16_CV0,2,1,1,1,1,0,2,0,2
59,271819.5057,-1493472.736,E59_F56_m56f56_P59_Y6_UO2709,I56_F59_m-1f-1_P16_Y-1_U109,I56_F59_m16f16_P59_Y4_UO913,MXY,1,0.0,1,1,0.0,0,0,0,-9999.0,0.625,1,P16_CV0,2,0,2,2,0,0,2,0,2
59,271819.5057,-1493472.736,E59_F56_m79f79_P59_Y6_UO3573,I79_F59_m95f95_P64_Y4_UO4484,I79_F59_m95f95_P64_Y4_UO4481,FXX,1,0.0,1,1,1.0,0,0,0,-9999.0,0.25,1,P16_CV0,2,1,1,2,0,0,2,0,2
59,271819.5057,-1493472.736,E59_F79_m3f3_P59_Y6_UO175,I3_F59_m17f17_P64_Y1_UO971,I3_F59_m95f95_P64_Y4_UO4463,MXY,1,0.0,1,1,0.0,0,0,0,-9999.0,0.4375,1,P16_CV0,2,1,1,0,2,0,2,0,2
59,271819.5057,-1493472.736,E59_F79_m95f95_P64_Y6_UO4572,I95_F64_m-1f-1_P17_Y-1_U1,I95_F91_m17f17_P64_Y3_UO953,MXY,1,0.0,1,1,0.0,0,0,0,-9999.0,0.1875,1,P16_CV0,2,0,2,0,2,0,2,0,2
59,271819.5057,-1493472.736,E59_F79_m3f3_P59_Y6_UO112,I3_F59_m56f56_P59_Y4_UO2633,ID3_F59_m79f79_P64_Y1_UO3414,FXX,1,0.0,1,1,1.0,0,0,0,-9999.0,0.5,1,P16_CV0,2,0,2,2,0,0,2,0,2
59,271819.5057,-1493472.736,E59_F79_m95f95_P64_Y6_UO4541,I95_F64_m95f95_P91_Y2_UO4474,I95_F64_m95f95_P64_Y2_UO4462,MXY,1,0.0,1,1,0.0,0,0,0,-9999.0,0.625,1,P16_CV0,2,2,0,0,2,0,2,0,2
59,271819.5057,-1493472.736,E59_F79_m79f79_P64_Y6_UO3693,ID79_F64_m-1f-1_P79_Y-1_U210,I79_F59_m79f79_P59_Y4_UO3522,FXX,1,0.0,1,1,1.0,0,0,0,-9999.0,0.5,1,P16_CV0,2,0,2,1,1,0,2,0,2
59,271819.5057,-1493472.736,E59_F79_m17f17_P64_Y6_UO1024,I17_F64_m-1f-1_P17_Y-1_U127,I17_F64_m-1f-1_P17_Y-1_U122,MXY,1,0.0,1,1,0.0,0,0,0,-9999.0,0.75,1,P16_CV0,2,1,1,1,1,0,2,0,2
59,271819.5057,-1493472.736,E59_F79_m95f95_P64_Y6_UO4582,ID95_F81_m-1f-1_P17_Y-1_U219,I95_F64_m3f3_P64_Y3_UO100,MXY,1,0.0,1,1,0.0,0,0,0,-9999.0,0.1875,1,P16_CV0,2,0,2,2,0,0,2,0,2
59,271819.5057,-1493472.736,E59_F79_m3f3_P59_Y6_UO208,I3_F59_m-1f-1_P17_Y-1_U54,ID3_F59_m56f56_P59_Y3_UO2614,FXX,1,0.0,1,1,1.0,0,0,0,-9999.0,0.5,1,P16_CV0,2,2,0,1,1,0,2,0,2
59,271819.5057,-1493472.736,E59_F79_m17f17_P64_Y6_UO1001,I17_F64_m95f95_P64_Y1_UO4256,ID17_F59_m95f95_P64_Y0_UO4898,MXY,1,0.0,1,1,0.0,0,0,0,-9999.0,0.375,1,P16_CV0,2,1,1,1,1,0,2,0,2
59,271819.5057,-1493472.736,E59_F79_m79f79_P59_Y6_UO3682,I79_F59_m-1f-1_P17_Y-1_U14,I79_F59_m-1f-1_P17_Y-1_U140,FXX,1,0.0,1,1,1.0,0,0,0,-9999.0,0.5,1,P16_CV0,2,0,2,1,1,0,2,0,2
59,271819.5057,-1493472.736,E59_F79_m17f17_P64_Y6_UO1026,I17_F64_m-1f-1_P17_Y-1_U221,ID17_F64_m79f79_P64_Y2_UO3646,FXX,1,0.0,1,1,1.0,0,0,0,-9999.0,0.5,1,P16_CV0,2,2,0,0,2,0,2,0,2
59,271819.5057,-1493472.736,E59_F79_m3f3_P64_Y6_UO107,I3_F64_m79f79_P59_Y4_UO3625,I3_F59_m79f79_P59_Y3_UO3634,FXX,1,0.0,1,1,1.0,0,0,0,-9999.0,0.3125,1,P16_CV0,2,1,1,1,1,0,2,0,2
59,271819.5057,-1493472.736,E59_F79_m79f79_P59_Y6_UO3678,I79_F59_m-1f-1_P79_Y-1_U224,I79_F59_m17f17_P64_Y4_UO1023,FXX,1,0.0,1,1,1.0,0,0,0,-9999.0,0.0,1,P16_CV0,2,0,2,1,1,0,2,0,2
59,271819.5057,-1493472.736,E59_F79_m16f16_P59_Y6_UO919,I16_F59_m3f3_P59_Y0_UO131,ID16_F59_m56f56_P59_Y4_UO2619,FXX,1,0.0,1,1,1.0,0,0,0,-9999.0,0.40625,1,P16_CV0,2,1,1,2,0,0,2,0,2
59,271819.5057,-1493472.736,E59_F79_m95f95_P64_Y6_UO4536,ID95_F64_m17f17_P64_Y3_UO1007,I95_F91_m17f17_P64_Y3_UO952,FXX,1,0.0,1,1,1.0,0,0,0,-9999.0,0.625,1,P16_CV0,2,1,1,2,0,0,2,0,2
59,271819.5057,-1493472.736,E59_F3_m3f3_P59_Y5_UO146,I3_F59_m17f17_P64_Y2_UO958,I3_F59_m17f17_P64_Y2_UO1022,MXY,2,0.0,1,0,0.0,0,0,0,-9999.0,0.375,1,P16_CV0,2,2,0,1,1,0,2,0,2
59,271819.5057,-1493472.736,E59_F3_m3f3_P59_Y5_UO115,I3_F64_m56f56_P59_Y3_UO2697,I3_F59_m17f17_P64_Y3_UO950,MXY,2,0.0,1,0,0.0,0,0,0,-9999.0,0.5625,1,P16_CV0,2,0,2,0,2,0,2,0,2
59,271819.5057,-1493472.736,E59_F3_m3f3_P64_Y5_UO125,ID3_F59_m47f47_P64_Y3_UO2324,I3_F64_m17f17_P64_Y1_UO891,FXX,2,0.0,1,0,1.0,0,0,0,-9999.0,0.25,1,P16_CV0,2,0,2,2,0,0,2,0,2
59,271819.5057,-1493472.736,E59_F3_m16f16_P59_Y5_UO890,I16_F59_m17f17_P59_Y3_UO1008,I16_F59_m-1f-1_P56_Y-1_U66,MXY,2,0.0,1,0,0.0,0,0,0,-9999.0,0.125,1,P16_CV0,2,0,2,1,1,0,2,0,2
59,271819.5057,-1493472.736,E59_F16_m3f3_P59_Y5_UO138,ID3_F59_m16f16_P59_Y2_UO852,I3_F59_m79f79_P59_Y3_UO3627,MXY,2,0.0,1,0,0.0,0,0,0,-9999.0,0.5,1,P16_CV0,2,2,0,1,1,0,2,0,2
59,271819.5057,-1493472.736,E59_F56_m3f3_P59_Y5_UO182,ID3_F64_m-1f-1_P17_Y-1_U74,I3_F59_m79f79_P59_Y3_UO3625,FXX,2,0.0,1,0,1.0,0,0,0,-9999.0,0.5625,1,P16_CV0,2,2,0,2,0,0,2,0,2
59,271819.5057,-1493472.736,E59_F56_m56f56_P59_Y5_UO2647,I56_F59_m79f79_P59_Y2_UO3550,ID56_F59_m-1f-1_P56_Y-1_U36,MXY,2,0.0,1,0,0.0,0,0,0,-9999.0,0.5,1,P16_CV0,2,1,1,2,0,0,2,0,2
59,271819.5057,-1493472.736,E59_F56_m79f79_P59_Y5_UO3549,I79_F59_m95f95_P64_Y3_UO4443,ID79_F59_m17f17_P64_Y1_UO916,FXX,2,0.0,1,0,1.0,0,0,0,-9999.0,0.3125,1,P16_CV0,2,0,2,1,1,0,2,0,2
59,271819.5057,-1493472.736,E59_F56_m17f17_P59_Y5_UO1005,ID17_F64_m-1f-1_P17_Y-1_U96,I17_F64_m17f17_P64_Y0_UO1025,MXY,2,0.0,1,0,0.0,0,0,0,-9999.0,0.5,1,P16_CV0,2,1,1,2,0,0,2,0,2
59,271819.5057,-1493472.736,E59_F79_m79f79_P64_Y5_UO3648,ID79_F64_m-1f-1_P17_Y-1_U208,I79_F64_m17f17_P64_Y1_UO959,MXY,2,0.0,1,0,0.0,0,0,0,-9999.0,0.5,1,P16_CV0,2,2,0,1,1,0,2,0,2
59,271819.5057,-1493472.736,E59_F79_m17f17_P64_Y5_UO1020,I17_F64_m-1f-1_P17_Y-1_U82,I17_F64_m56f56_P59_Y3_UO2663,FXX,2,0.0,1,0,1.0,0,0,0,-9999.0,0.625,1,P16_CV0,2,1,1,1,1,0,2,0,2
59,271819.5057,-1493472.736,E59_F79_m17f17_P64_Y5_UO1007,I17_F64_m-1f-1_P17_Y-1_U185,I17_F64_m17f17_P64_Y3_UO996,FXX,2,0.0,1,0,1.0,0,0,0,-9999.0,0.375,1,P16_CV0,2,1,1,0,2,0,2,0,2
59,271819.5057,-1493472.736,E59_F79_m79f79_P59_Y5_UO3590,ID79_F59_m17f17_P59_Y2_UO961,ID79_F64_m56f56_P59_Y0_UO2914,MXY,2,0.0,1,0,0.0,0,0,0,-9999.0,0.625,1,P16_CV0,2,1,1,2,0,0,2,0,2
59,271819.5057,-1493472.736,E59_F79_m3f3_P59_Y5_UO142,I3_F59_m95f95_P64_Y2_UO4512,ID3_F59_m-1f-1_P17_Y-1_U162,FXX,2,0.0,1,0,1.0,0,0,0,-9999.0,0.625,1,P16_CV0,2,1,1,1,1,0,2,0,2
59,271819.5057,-1493472.736,E59_F79_m3f3_P59_Y5_UO174,I3_F59_m17f17_P64_Y0_UO1037,I3_F59_m79f79_P59_Y0_UO3895,MXY,2,0.0,1,0,0.0,0,0,0,-9999.0,0.375,1,P16_CV0,2,0,2,2,0,0,2,0,2
59,271819.5057,-1493472.736,E59_F79_m79f79_P64_Y5_UO3581,I79_F64_m17f17_P64_Y2_UO1003,I79_F59_m3f3_P64_Y2_UO147,FXX,2,0.0,1,0,1.0,0,0,0,-9999.0,0.4375,1,P16_CV0,2,2,0,1,1,0,2,0,2
59,271819.5057,-1493472.736,E59_F79_m95f95_P64_Y5_UO4481,I95_F64_m58f58_P91_Y3_UO2753,I95_F91_m95f95_P64_Y3_UO4434,MXY,2,0.0,1,0,0.0,0,0,0,-9999.0,0.5,1,P16_CV0,2,0,2,1,1,0,2,0,2
59,271819.5057,-1493472.736,E59_F79_m95f95_P64_Y5_UO4543,I95_F64_m-1f-1_P95_Y-1_U84,I95_F64_m95f95_P91_Y2_UO4456,FXX,2,0.0,1,0,1.0,0,0,0,-9999.0,0.3125,1,P16_CV0,2,0,2,2,0,0,2,0,2
59,271819.5057,-1493472.736,E59_F79_m79f79_P59_Y5_UO3598,I79_F64_m79f79_P59_Y2_UO3650,ID79_F64_m17f17_P64_Y0_UO1041,FXX,2,0.0,1,0,1.0,0,0,0,-9999.0,0.625,1,P16_CV0,2,1,1,1,1,0,2,0,2
59,271819.5057,-1493472.736,E59_F79_m47f47_P64_Y5_UO2358,I47_F81_m-1f-1_P17_Y-1_U120,ID47_F81_m47f47_P81_Y2_UO2377,MXY,2,0.0,1,0,0.0,0,0,0,-9999.0,0.125,1,P16_CV0,2,0,2,1,1,0,2,0,2
59,271819.5057,-1493472.736,E59_F3_m79f79_P59_Y4_UO3620,ID79_F59_m-1f-1_P79_Y-1_U139,I79_F59_m17f17_P64_Y1_UO916,FXX,3,0.0,1,0,1.0,0,0,0,-9999.0,0.25,1,P16_CV0,2,0,2,2,0,0,2,0,2
59,271819.5057,-1493472.736,E59_F3_m79f79_P64_Y4_UO3583,I79_F59_m17f17_P64_Y0_UO1069,I79_F59_m17f17_P64_Y1_UO959,FXX,3,0.0,1,0,1.0,0,0,0,-9999.0,0.5,1,P16_CV0,2,1,1,1,1,0,2,0,2
59,271819.5057,-1493472.736,E59_F3_m17f17_P64_Y4_UO994,I17_F59_m95f95_P64_Y0_UO4892,I17_F64_m-1f-1_P17_Y-1_U187,FXX,3,0.0,1,0,1.0,0,0,0,-9999.0,0.375,1,P16_CV0,2,1,1,1,1,0,2,0,2
59,271819.5057,-1493472.736,E59_F3_m95f95_P64_Y4_UO4463,I95_F81_m79f79_P64_Y2_UO3590,I95_F91_m-1f-1_P17_Y-1_U107,MXY,3,0.0,1,0,0.0,0,0,0,-9999.0,0.625,1,P16_CV0,2,1,1,0,2,0,2,0,2
59,271819.5057,-1493472.736,E59_F16_m79f79_P59_Y4_UO3584,I79_F64_m17f17_P64_Y0_UO1096,I79_F64_m17f17_P64_Y2_UO967,MXY,3,0.0,1,0,0.0,0,0,0,-9999.0,0.4375,1,P16_CV0,2,1,1,1,1,0,2,0,2
59,271819.5057,-1493472.736,E59_F16_m16f16_P59_Y4_UO913,I16_F59_m-1f-1_P17_Y-1_U3,I16_F59_m-1f-1_P16_Y-1_U40,MXY,3,0.0,1,0,0.0,0,0,0,-9999.0,0.75,1,P16_CV0,2,1,1,2,0,0,2,0,2
59,271819.5057,-1493472.736,E59_F16_m56f56_P59_Y4_UO2619,I56_F59_m79f79_P59_Y2_UO3622,I56_F59_m-1f-1_P56_Y-1_U97,MXY,3,0.0,1,0,0.0,0,0,0,-9999.0,0.5625,1,P16_CV0,2,1,1,2,0,0,2,0,2
59,271819.5057,-1493472.736,E59_F17_m95f95_P64_Y4_UO4527,ID95_F64_m-1f-1_P17_Y-1_U108,ID95_F64_m17f17_P64_Y2_UO950,MXY,3,0.0,1,0,0.0,0,0,0,-9999.0,0.5,1,P16_CV0,2,1,1,1,1,0,2,0,2
59,271819.5057,-1493472.736,E59_F17_m17f17_P64_Y4_UO1006,I17_F64_m-1f-1_P17_Y-1_U29,I17_F64_m-1f-1_P17_Y-1_U202,MXY,3,0.0,1,0,0.0,0,0,0,-9999.0,0.5,1,P16_CV0,2,1,1,0,2,0,2,0,2
59,271819.5057,-1493472.736,E59_F56_m79f79_P59_Y4_UO3538,I79_F59_m79f79_P59_Y2_UO3623,I79_F64_m17f17_P64_Y2_UO969,MXY,3,0.0,1,0,0.0,0,0,0,-9999.0,0.625,1,P16_CV0,2,2,0,2,0,0,2,0,2
59,271819.5057,-1493472.736,E59_F56_m56f56_P59_Y4_UO2611,I56_F59_m79f79_P59_Y2_UO3550,I56_F59_m-1f-1_P56_Y-1_U113,FXX,3,0.0,1,0,1.0,0,0,0,-9999.0,0.75,1,P16_CV0,2,1,1,1,1,0,2,0,2
59,271819.5057,-1493472.736,E59_F79_m79f79_P59_Y4_UO3522,I79_F59_m17f17_P59_Y2_UO961,I79_F59_m56f56_P59_Y1_UO2588,MXY,3,0.0,1,0,0.0,0,0,0,-9999.0,0.5,1,P16_CV0,2,1,1,1,1,0,2,0,2
59,271819.5057,-1493472.736,E59_F79_m17f17_P64_Y4_UO972,ID17_F64_m17f17_P64_Y1_UO924,I17_F64_m17f17_P59_Y0_UO1063,FXX,3,0.0,1,0,1.0,0,0,0,-9999.0,0.5,1,P16_CV0,2,1,1,1,1,0,2,0,2
59,271819.5057,-1493472.736,E59_F79_m95f95_P64_Y4_UO4484,I95_F64_m3f3_P64_Y0_UO185,I95_F64_m17f17_P64_Y0_UO1021,FXX,3,0.0,1,0,1.0,0,0,0,-9999.0,0.25,1,P16_CV0,2,1,1,1,1,0,2,0,2
59,271819.5057,-1493472.736,E59_F3_m17f17_P64_Y3_UO958,I17_F64_m17f17_P64_Y0_UO1057,I17_F59_m-1f-1_P79_Y-1_U74,FXX,4,0.0,1,0,1.0,0,0,0,-9999.0,0.75,1,P16_CV0,2,2,0,1,1,0,2,0,2
59,271819.5057,-1493472.736,E59_F3_m17f17_P64_Y3_UO950,I17_F64_m95f95_P64_Y1_UO4290,I17_F64_m17f17_P64_Y1_UO983,MXY,4,0.0,1,0,0.0,0,0,0,-9999.0,0.5,1,P16_CV0,2,0,2,1,1,0,2,0,2
59,271819.5057,-1493472.736,E59_F3_m17f17_P64_Y3_UO1019,I17_F59_m-1f-1_P17_Y-1_U243,I17_F64_m79f79_P64_Y1_UO3456,MXY,4,0.0,1,0,0.0,0,0,0,-9999.0,0.5,1,P16_CV0,2,1,1,1,1,0,2,0,2
59,271819.5057,-1493472.736,E59_F3_m79f79_P59_Y3_UO3573,ID79_F59_m17f17_P64_Y0_UO1044,I79_F59_m-1f-1_P17_Y-1_U216,MXY,4,0.0,1,0,0.0,0,0,0,-9999.0,0.75,1,P16_CV0,2,2,0,0,2,0,2,0,2
59,271819.5057,-1493472.736,E59_F16_m17f17_P59_Y3_UO1008,I17_F64_m-1f-1_P17_Y-1_U4,I17_F64_m-1f-1_P17_Y-1_U151,FXX,4,0.0,1,0,1.0,0,0,0,-9999.0,0.25,1,P16_CV0,2,0,2,0,2,0,2,0,2
59,271819.5057,-1493472.736,E59_F56_m17f17_P64_Y3_UO998,I17_F64_m-1f-1_P17_Y-1_U221,ID17_F59_m3f3_P59_Y1_UO165,FXX,4,0.0,1,0,1.0,0,0,0,-9999.0,0.625,1,P16_CV0,2,2,0,2,0,0,2,0,2
59,271819.5057,-1493472.736,E59_F56_m56f56_P59_Y3_UO2640,ID56_F59_m17f17_P64_Y0_UO1078,ID56_F59_m-1f-1_P56_Y-1_U180,MXY,4,0.0,1,0,0.0,0,0,0,-9999.0,0.5,1,P16_CV0,2,1,1,0,2,0,2,0,2
59,271819.5057,-1493472.736,E59_F79_m17f17_P59_Y3_UO1024,ID17_F64_m-1f-1_P17_Y-1_U102,I17_F64_m-1f-1_P47_Y-1_U174,MXY,4,0.0,1,0,0.0,0,0,0,-9999.0,0.25,1,P16_CV0,2,0,2,0,2,0,2,0,2
59,271819.5057,-1493472.736,E59_F3_m17f17_P64_Y2_UO1018,I17_F64_m-1f-1_P17_Y-1_U71,I17_F64_m-1f-1_P17_Y-1_U157,MXY,5,0.0,1,0,0.0,0,0,0,-9999.0,0.5,1,P16_CV0,2,0,2,1,1,0,2,0,2
59,271819.5057,-1493472.736,E59_F3_m17f17_P59_Y2_UO1002,I17_F64_m-1f-1_P17_Y-1_U189,I17_F64_m95f95_P64_Y0_UO4827,FXX,5,0.0,1,0,1.0,0,0,0,-9999.0,0.0,1,P16_CV0,2,0,2,1,1,0,2,0,2
59,271819.5057,-1493472.736,E59_F17_m17f17_P64_Y2_UO969,I17_F64_m-1f-1_P17_Y-1_U11,ID17_F64_m-1f-1_P95_Y-1_U87,MXY,5,0.0,1,0,0.0,0,0,0,-9999.0,0.75,1,P16_CV0,2,2,0,2,0,0,2,0,2
59,271819.5057,-1493472.736,E59_F56_m79f79_P59_Y2_UO3622,ID79_F64_m-1f-1_P17_Y-1_U101,ID79_F64_m16f16_P59_Y0_UO952,FXX,5,0.0,1,0,1.0,0,0,0,-9999.0,0.625,1,P16_CV0,2,1,1,1,1,0,2,0,2
59,271819.5057,-1493472.736,E59_F79_m17f17_P64_Y2_UO966,I17_F64_m3f3_P64_Y0_UO125,ID17_F81_m-1f-1_P17_Y-1_U122,FXX,5,0.0,1,0,1.0,0,0,0,-9999.0,0.875,1,P16_CV0,2,1,1,1,1,0,2,0,2
59,271819.5057,-1493472.736,E59_F79_m17f17_P59_Y2_UO961,I17_F64_m95f95_P64_Y0_UO4894,I17_F64_m-1f-1_P17_Y-1_U118,FXX,5,0.0,1,0,1.0,0,0,0,-9999.0,0.5,1,P16_CV0,2,0,2,2,0,0,2,0,2
59,271819.5057,-1493472.736,E59_F3_m17f17_P59_Y1_UO888,I17_F64_m-1f-1_P17_Y-1_U214,ID17_F81_m-1f-1_P47_Y-1_U120,FXX,6,0.0,1,0,1.0,0,0,0,-9999.0,0.25,1,P16_CV0,2,1,1,0,2,0,2,0,2
59,271819.5057,-1493472.736,E59_F3_m17f17_P59_Y1_UO930,I17_F64_m-1f-1_P17_Y-1_U14,ID17_F64_m-1f-1_P17_Y-1_U99,MXY,6,0.0,1,0,0.0,0,0,0,-9999.0,0.5,1,P16_CV0,2,2,0,1,1,0,2,0,2
59,271819.5057,-1493472.736,E59_F79_m17f17_P64_Y1_UO984,I17_F64_m-1f-1_P17_Y-1_U47,I17_F64_m-1f-1_P17_Y-1_U13,FXX,6,0.0,1,0,1.0,0,0,0,-9999.0,0.5,1,P16_CV0,2,0,2,0,2,0,2,0,2
59,271819.5057,-1493472.736,E59_F79_m17f17_P64_Y1_UO926,I17_F64_m-1f-1_P17_Y-1_U27,I17_F64_m-1f-1_P17_Y-1_U224,FXX,6,0.0,1,0,1.0,0,0,0,-9999.0,0.25,1,P16_CV0,2,1,1,1,1,0,2,0,2
59,271819.5057,-1493472.736,E59_F79_m17f17_P64_Y1_UO916,I17_F64_m-1f-1_P17_Y-1_U128,I17_F64_m-1f-1_P17_Y-1_U161,MXY,6,0.0,1,0,0.0,0,0,0,-9999.0,0.0,1,P16_CV0,2,0,2,1,1,0,2,0,2
59,271819.5057,-1493472.736,E59_F3_m17f17_P64_Y0_UO1037,R17_F17_m-1f-1_P17_Y-1_U48,R17_F17_m-1f-1_P17_Y-1_U218,FXX,7,0.0,1,0,1.0,0,0,0,-9999.0,0.25,1,P16_CV0,2,0,2,2,0,0,2,0,2
59,271819.5057,-1493472.736,E59_F79_m17f17_P64_Y0_UO1111,R17_F17_m-1f-1_P17_Y-1_U236,R17_F17_m-1f-1_P17_Y-1_U115,MXY,7,0.0,1,0,0.0,0,0,0,-9999.0,0.5,1,P16_CV0,2,1,1,0,2,0,2,0,2
59,271819.5057,-1493472.736,E59_F79_m17f17_P64_Y0_UO1030,R17_F17_m-1f-1_P17_Y-1_U32,R17_F17_m-1f-1_P17_Y-1_U99,MXY,7,0.0,1,0,0.0,0,0,0,-9999.0,0.75,1,P16_CV0,2,1,1,1,1,0,2,0,2
59,271819.5057,-1493472.736,E59_F79_m-1f-1_P17_Y-1_U214,-9999,-9999,FXX,8,0.0,1,0,1.0,0,0,0,-9999.0,0.0,1,P16_CV0,2,0,2,1,1,0,2,0,2
59,271819.5057,-1493472.736,E59_F3_m-1f-1_P17_Y-1_U74,-9999,-9999,FXX,9,0.0,1,0,1.0,0,0,0,-9999.0,0.5,1,P16_CV0,2,1,1,1,1,0,2,0,2
59,271819.5057,-1493472.736,E59_F17_m-1f-1_P17_Y-1_U64,-9999,-9999,FXX,9,0.0,1,0,1.0,0,0,0,-9999.0,1.0,1,P16_CV0,2,2,0,1,1,0,2,0,2
59,271819.5057,-1493472.736,E59_F79_m-1f-1_P17_Y-1_U16,-9999,-9999,FXX,10,0.0,1,0,1.0,0,0,0,-9999.0,1.0,1,P16_CV0,2,2,0,1,1,0,2,0,2
59,271819.5057,-1493472.736,E59_F3_m-1f-1_P17_Y-1_U162,-9999,-9999,MXY,11,0.0,1,0,0.0,0,0,0,-9999.0,0.5,1,P16_CV0,2,1,1,1,1,0,2,0,2
59,271819.5057,-1493472.736,E59_F3_m-1f-1_P17_Y-1_U181,-9999,-9999,MXY,11,0.0,1,0,0.0,0,0,0,-9999.0,1.0,1,P16_CV0,2,2,0,0,2,0,2,0,2
59,271819.5057,-1493472.736,E59_F16_m-1f-1_P17_Y-1_U3,-9999,-9999,FXX,11,0.0,1,0,1.0,0,0,0,-9999.0,1.0,1,P16_CV0,2,2,0,1,1,0,2,0,2
59,271819.5057,-1493472.736,E59_F17_m-1f-1_P17_Y-1_U142,-9999,-9999,FXX,11,0.0,1,0,1.0,0,0,0,-9999.0,1.0,1,P16_CV0,2,2,0,1,1,0,2,0,2
59,271819.5057,-1493472.736,E59_F17_m-1f-1_P17_Y-1_U80,-9999,-9999,MXY,12,0.0,1,0,0.0,0,0,0,-9999.0,0.5,1,P16_CV0,2,1,1,1,1,0,2,0,2
59,271819.5057,-1493472.736,E59_F17_m-1f-1_P17_Y-1_U55,-9999,-9999,MXY,12,0.0,1,0,0.0,0,0,0,-9999.0,0.5,1,P16_CV0,2,1,1,1,1,0,2,0,2
59,271819.5057,-1493472.736,E59_F3_m-1f-1_P17_Y-1_U198,-9999,-9999,FXX,13,0.0,1,0,1.0,0,0,0,-9999.0,0.5,1,P16_CV0,2,1,1,1,1,0,2,0,2
59,271819.5057,-1493472.736,E59_F79_m-1f-1_P17_Y-1_U52,-9999,-9999,MXY,13,0.0,1,0,0.0,0,0,0,-9999.0,0.0,1,P16_CV0,2,0,2,1,1,0,2,0,2
59,271819.5057,-1493472.736,Age0_F59_m3f3_P59_Y7_UO136,I3_F59_m17f17_P64_Y4_UO1037,ID3_F59_m-1f-1_P3_Y-1_U208,FXX,0,0.0,0,0,0.0,0,0,0,0.0,0.71875,1,P2_CV0,2,1,1,2,0,0,2,0,2
59,271819.5057,-1493472.736,Age0_F59_m3f3_P59_Y7_UO138,I3_F59_m56f56_P59_Y4_UO2672,I3_F59_m-1f-1_P3_Y-1_U25,MXY,0,0.0,0,0,0.0,0,0,0,0.0,0.625,1,P2_CV0,2,1,1,1,1,0,2,0,2
59,271819.5057,-1493472.736,Age0_F59_m3f3_P59_Y7_UO139,I3_F64_m3f3_P59_Y4_UO135,I3_F59_m-1f-1_P3_Y-1_U217,MXY,0,0.0,0,0,0.0,0,0,0,0.0,0.625,1,P2_CV0,2,1,1,1,1,0,2,0,2
59,271819.5057,-1493472.736,Age0_F59_m3f3_P59_Y7_UO143,I3_F59_m17f17_P64_Y4_UO964,I3_F59_m-1f-1_P3_Y-1_U219,FXX,0,0.0,0,0,0.0,0,0,0,0.0,0.6875,1,P2_CV0,2,1,1,1,1,0,2,0,2
59,271819.5057,-1493472.736,Age0_F59_m3f3_P59_Y7_UO149,I3_F64_m95f95_P64_Y4_UO4474,I3_F59_m17f17_P59_Y5_UO950,MXY,0,0.0,0,0,0.0,0,0,0,0.0,0.59375,1,P2_CV0,2,2,0,1,1,0,2,0,2
59,271819.5057,-1493472.736,Age0_F59_m3f3_P59_Y7_UO154,I3_F59_m56f56_P59_Y4_UO2615,ID3_F59_m3f3_P59_Y4_UO107,MXY,0,0.0,0,0,0.0,0,0,0,0.0,0.46875,1,P2_CV0,2,1,1,1,1,0,2,0,2
59,271819.5057,-1493472.736,Age0_F59_m3f3_P59_Y7_UO157,ID3_F59_m17f17_P64_Y3_UO958,I3_F64_m-1f-1_P3_Y-1_U16,FXX,0,0.0,0,0,0.0,0,0,0,0.0,0.875,1,P2_CV0,2,2,0,2,0,0,2,0,2
59,271819.5057,-1493472.736,Age0_F59_m3f3_P59_Y7_UO162,I3_F64_m56f56_P59_Y3_UO2649,I3_F59_m3f3_P59_Y4_UO116,MXY,0,0.0,0,0,0.0,0,0,0,0.0,0.4375,1,P2_CV0,2,0,2,0,2,0,2,0,2
59,271819.5057,-1493472.736,Age0_F59_m3f3_P59_Y7_UO168,I3_F64_m3f3_P59_Y2_UO153,I3_F59_m3f3_P59_Y3_UO98,FXX,0,0.0,0,0,0.0,0,0,0,0.0,0.4375,1,P2_CV0,2,1,1,0,2,0,2,0,2
59,271819.5057,-1493472.736,Age0_F59_m3f3_P59_Y7_UO177,ID3_F64_m16f16_P59_Y1_UO882,I3_F64_m3f3_P59_Y5_UO150,MXY,0,0.0,0,0,0.0,0,0,0,0.0,0.375,1,P2_CV0,2,1,1,1,1,0,2,0,2
59,271819.5057,-1493472.736,Age0_F59_m3f3_P59_Y7_UO195,I3_F59_m3f3_P59_Y0_UO134,I3_F59_m3f3_P59_Y2_UO102,FXX,0,0.0,0,0,0.0,0,0,0,0.0,0.3125,1,P2_CV0,2,2,0,1,1,0,2,0,2
59,271819.5057,-1493472.736,Age0_F59_m3f3_P59_Y7_UO200,I3_F64_m-1f-1_P3_Y-1_U107,I3_F59_m79f79_P59_Y3_UO3602,MXY,0,0.0,0,0,0.0,0,0,0,0.0,0.0,1,P2_CV0,2,0,2,1,1,0,2,0,2
59,271819.5057,-1493472.736,Age0_F59_m3f3_P59_Y7_UO202,ID3_F59_m-1f-1_P3_Y-1_U58,I3_F59_m79f79_P59_Y5_UO3578,FXX,0,0.0,0,0,0.0,0,0,0,0.0,0.1875,1,P2_CV0,2,0,2,2,0,0,2,0,2
59,271819.5057,-1493472.736,Age0_F59_m3f3_P59_Y7_UO207,I3_F59_m-1f-1_P3_Y-1_U90,I3_F59_m3f3_P59_Y4_UO116,FXX,0,0.0,0,0,0.0,0,0,0,0.0,0.4375,1,P2_CV0,2,2,0,1,1,0,2,0,2
59,271819.5057,-1493472.736,Age0_F59_m16f16_P59_Y7_UO899,I16_F59_m56f56_P59_Y3_UO2625,I16_F59_m17f17_P59_Y5_UO958,MXY,0,0.0,0,0,0.0,0,0,0,0.0,0.71875,1,P2_CV0,2,1,1,1,1,0,2,0,2
59,271819.5057,-1493472.736,Age0_F59_m16f16_P59_Y7_UO904,I16_F59_m3f3_P59_Y1_UO131,I16_F59_m16f16_P59_Y0_UO1004,FXX,0,0.0,0,0,0.0,0,0,0,0.0,0.5,1,P2_CV0,2,1,1,0,2,0,2,0,2
59,271819.5057,-1493472.736,Age0_F59_m16f16_P59_Y7_UO915,I16_F59_m-1f-1_P56_Y-1_U127,I16_F59_m3f3_P59_Y0_UO178,FXX,0,0.0,0,0,0.0,0,0,0,0.0,0.5,1,P2_CV0,2,1,1,1,1,0,2,0,2
59,271819.5057,-1493472.736,Age0_F59_m16f16_P59_Y7_UO926,I16_F59_m-1f-1_P16_Y-1_U75,I16_F59_m-1f-1_P3_Y-1_U3,MXY,0,0.0,0,0,0.0,0,0,0,0.0,0.0,1,P2_CV0,2,0,2,1,1,0,2,0,2
59,271819.5057,-1493472.736,Age0_F59_m16f16_P59_Y7_UO927,ID16_F59_m-1f-1_P17_Y-1_U3,I16_F59_m3f3_P59_Y0_UO178,MXY,0,0.0,0,0,0.0,0,0,0,0.0,0.75,1,P2_CV0,2,1,1,1,1,0,2,0,2
59,271819.5057,-1493472.736,Age0_F59_m17f17_P59_Y7_UO952,I17_F64_m17f17_P64_Y5_UO978,I17_F64_m17f17_P64_Y0_UO1047,FXX,0,0.0,0,0,0.0,0,0,0,0.0,0.71875,1,P2_CV0,2,2,0,1,1,0,2,0,2
59,271819.5057,-1493472.736,Age0_F59_m56f56_P59_Y7_UO2640,I56_F59_m16f16_P59_Y5_UO919,ID56_F59_m16f16_P59_Y1_UO795,MXY,0,0.0,0,0,0.0,0,0,0,0.0,0.625,1,P2_CV0,2,1,1,1,1,0,2,0,2
59,271819.5057,-1493472.736,Age0_F59_m56f56_P59_Y7_UO2642,I56_F59_m3f3_P59_Y5_UO193,I56_F59_m16f16_P59_Y5_UO940,FXX,0,0.0,0,0,0.0,0,0,0,0.0,0.46875,1,P2_CV0,2,2,0,2,0,0,2,0,2
59,271819.5057,-1493472.736,Age0_F59_m56f56_P59_Y7_UO2650,I56_F59_m56f56_P59_Y5_UO2695,I56_F59_m-1f-1_P56_Y-1_U96,MXY,0,0.0,0,0,0.0,0,0,0,0.0,0.75,1,P2_CV0,2,2,0,2,0,0,2,0,2
59,271819.5057,-1493472.736,Age0_F59_m56f56_P59_Y7_UO2663,I56_F59_m3f3_P59_Y2_UO132,I56_F59_m3f3_P59_Y5_UO197,MXY,0,0.0,0,0,0.0,0,0,0,0.0,0.40625,1,P2_CV0,2,1,1,1,1,0,2,0,2
59,271819.5057,-1493472.736,Age0_F59_m56f56_P59_Y7_UO2676,I56_F59_m3f3_P59_Y1_UO99,I56_F59_m79f79_P59_Y5_UO3568,FXX,0,0.0,0,0,0.0,0,0,0,0.0,0.4375,1,P2_CV0,2,1,1,1,1,0,2,0,2
59,271819.5057,-1493472.736,Age0_F59_m56f56_P59_Y7_UO2680,ID56_F59_m3f3_P59_Y0_UO132,I56_F59_m-1f-1_P56_Y-1_U45,FXX,0,0.0,0,0,0.0,0,0,0,0.0,0.625,1,P2_CV0,2,1,1,1,1,0,2,0,2
59,271819.5057,-1493472.736,Age0_F59_m79f79_P59_Y7_UO3553,I79_F59_m16f16_P59_Y5_UO916,I79_F59_m3f3_P59_Y0_UO164,FXX,0,0.0,0,0,0.0,0,0,0,0.0,0.5,1,P2_CV0,2,1,1,1,1,0,2,0,2
59,271819.5057,-1493472.736,Age0_F59_m79f79_P59_Y7_UO3564,I79_F64_m56f56_P59_Y5_UO2654,I79_F64_m17f17_P64_Y5_UO966,FXX,0,0.0,0,0,0.0,0,0,0,0.0,0.46875,1,P2_CV0,2,1,1,1,1,0,2,0,2
59,271819.5057,-1493472.736,Age0_F59_m79f79_P59_Y7_UO3574,ID79_F59_m3f3_P59_Y5_UO184,I79_F64_m3f3_P64_Y3_UO166,MXY,0,0.0,0,0,0.0,0,0,0,0.0,0.4375,1,P2_CV0,2,1,1,1,1,0,2,0,2
59,271819.5057,-1493472.736,Age0_F59_m79f79_P59_Y7_UO3581,I79_F64_m79f79_P59_Y5_UO3592,I79_F59_m79f79_P64_Y5_UO3648,FXX,0,0.0,0,0,0.0,0,0,0,0.0,0.6875,1,P2_CV0,2,2,0,2,0,0,2,0,2
59,271819.5057,-1493472.736,Age0_F59_m79f79_P59_Y7_UO3584,I79_F64_m3f3_P64_Y5_UO179,I79_F64_m3f3_P64_Y3_UO166,FXX,0,0.0,0,0,0.0,0,0,0,0.0,0.5,1,P2_CV0,2,1,1,0,2,0,2,0,2
59,271819.5057,-1493472.736,Age0_F59_m79f79_P59_Y7_UO3587,I79_F59_m79f79_P59_Y5_UO3641,ID79_F59_m56f56_P59_Y3_UO2638,MXY,0,0.0,0,0,0.0,0,0,0,0.0,0.625,1,P2_CV0,2,2,0,2,0,0,2,0,2
59,271819.5057,-1493472.736,Age0_F59_m79f79_P59_Y7_UO3598,ID79_F59_m56f56_P59_Y4_UO2634,I79_F59_m-1f-1_P17_Y-1_U52,FXX,0,0.0,0,0,0.0,0,0,0,0.0,0.0625,1,P2_CV0,2,0,2,1,1,0,2,0,2
59,271819.5057,-1493472.736,Age0_F59_m79f79_P59_Y7_UO3635,I79_F59_m3f3_P59_Y2_UO173,I79_F64_m17f17_P64_Y5_UO966,MXY,0,0.0,0,0,0.0,0,0,0,0.0,0.59375,1,P2_CV0,2,2,0,0,2,0,2,0,2
59,271819.5057,-1493472.736,Age0_F59_m79f79_P59_Y7_UO3636,ID79_F59_m16f16_P59_Y2_UO852,I79_F64_m79f79_P64_Y5_UO3625,MXY,0,0.0,0,0,0.0,0,0,0,0.0,0.5,1,P2_CV0,2,1,1,1,1,0,2,0,2
59,271819.5057,-1493472.736,Age0_F59_m79f79_P59_Y7_UO3639,ID79_F59_m17f17_P64_Y2_UO966,I79_F59_m3f3_P59_Y3_UO149,FXX,0,0.0,0,0,0.0,0,0,0,0.0,0.8125,1,P2_CV0,2,1,1,0,2,0,2,0,2
59,271819.5057,-1493472.736,Age0_F59_m79f79_P59_Y7_UO3648,ID79_F59_m3f3_P64_Y1_UO107,I79_F59_m-1f-1_P3_Y-1_U205,MXY,0,0.0,0,0,0.0,0,0,0,0.0,0.875,1,P2_CV0,2,2,0,2,0,0,2,0,2
59,271819.5057,-1493472.736,Age0_F59_m79f79_P59_Y7_UO3660,I79_F59_m-1f-1_P3_Y-1_U76,I79_F64_m3f3_P59_Y5_UO174,FXX,0,0.0,0,0,0.0,0,0,0,0.0,0.6875,1,P2_CV0,2,1,1,2,0,0,2,0,2
59,271819.5057,-1493472.736,Age0_F59_m79f79_P59_Y7_UO3666,I79_F59_m-1f-1_P3_Y-1_U176,I79_F59_m17f17_P64_Y5_UO1000,FXX,0,0.0,0,0,0.0,0,0,0,0.0,0.5,1,P2_CV0,2,2,0,0,2,0,2,0,2
59,271819.5057,-1493472.736,E59_F3_m3f3_P59_Y6_UO121,ID3_F59_m56f56_P59_Y4_UO2688,I3_F59_m-1f-1_P3_Y-1_U103,FXX,1,0.0,1,1,1.0,0,0,0,-9999.0,0.5,1,P2_CV0,2,1,1,1,1,0,2,0,2
59,271819.5057,-1493472.736,E59_F3_m3f3_P59_Y6_UO184,I3_F59_m16f16_P59_Y1_UO837,I3_F59_m-1f-1_P3_Y-1_U185,MXY,1,0.0,1,1,0.0,0,0,0,-9999.0,0.75,1,P2_CV0,2,1,1,0,2,0,2,0,2
59,271819.5057,-1493472.736,E59_F3_m3f3_P59_Y6_UO186,ID3_F59_m16f16_P59_Y0_UO925,I3_F64_m-1f-1_P3_Y-1_U25,FXX,1,0.0,1,1,1.0,0,0,0,-9999.0,0.875,1,P2_CV0,2,2,0,2,0,0,2,0,2
59,271819.5057,-1493472.736,E59_F3_m16f16_P59_Y6_UO896,ID16_F59_m79f79_P59_Y4_UO3559,I16_F59_m3f3_P59_Y4_UO183,MXY,1,0.0,1,1,0.0,0,0,0,-9999.0,0.34375,1,P2_CV0,2,1,1,0,2,0,2,0,2
59,271819.5057,-1493472.736,E59_F3_m56f56_P59_Y6_UO2663,ID56_F59_m56f56_P59_Y4_UO2611,I56_F59_m-1f-1_P3_Y-1_U208,MXY,1,0.0,1,1,0.0,0,0,0,-9999.0,0.875,1,P2_CV0,2,2,0,1,1,0,2,0,2
59,271819.5057,-1493472.736,E59_F3_m56f56_P59_Y6_UO2684,ID56_F59_m3f3_P59_Y2_UO132,ID56_F59_m3f3_P59_Y0_UO139,MXY,1,0.0,1,1,0.0,0,0,0,-9999.0,0.25,1,P2_CV0,2,0,2,2,0,0,2,0,2
59,271819.5057,-1493472.736,E59_F3_m79f79_P59_Y6_UO3638,ID79_F59_m79f79_P59_Y3_UO3572,I79_F64_m-1f-1_P47_Y-1_U97,MXY,1,0.0,1,1,0.0,0,0,0,-9999.0,0.625,1,P2_CV0,2,1,1,2,0,0,2,0,2
59,271819.5057,-1493472.736,E59_F3_m79f79_P64_Y6_UO3572,I79_F59_m3f3_P64_Y4_UO132,I79_F64_m17f17_P64_Y4_UO1026,FXX,1,0.0,1,1,1.0,0,0,0,-9999.0,0.4375,1,P2_CV0,2,1,1,2,0,0,2,0,2
59,271819.5057,-1493472.736,E59_F16_m3f3_P59_Y6_UO134,ID3_F59_m3f3_P59_Y4_UO131,I3_F59_m-1f-1_P3_Y-1_U103,FXX,1,0.0,1,1,1.0,0,0,0,-9999.0,0.46875,1,P2_CV0,2,0,2,1,1,0,2,0,2
59,271819.5057,-1493472.736,E59_F16_m3f3_P59_Y6_UO139,ID3_F59_m3f3_P59_Y4_UO162,ID3_F64_m95f95_P64_Y0_UO4847,MXY,1,0.0,1,1,0.0,0,0,0,-9999.0,0.5625,1,P2_CV0,2,1,1,1,1,0,2,0,2
59,271819.5057,-1493472.736,E59_F16_m79f79_P59_Y6_UO3571,ID79_F59_m56f56_P59_Y4_UO2608,I79_F59_m3f3_P64_Y3_UO151,MXY,1,0.0,1,1,0.0,0,0,0,-9999.0,0.6875,1,P2_CV0,2,0,2,1,1,0,2,0,2
59,271819.5057,-1493472.736,E59_F16_m79f79_P59_Y6_UO3606,ID79_F59_m56f56_P59_Y4_UO2634,I79_F59_m47f47_P64_Y1_UO2165,MXY,1,0.0,1,1,0.0,0,0,0,-9999.0,0.1875,1,P2_CV0,2,0,2,1,1,0,2,0,2
59,271819.5057,-1493472.736,E59_F16_m79f79_P59_Y6_UO3644,I79_F64_m16f16_P59_Y2_UO932,ID79_F59_m3f3_P59_Y0_UO119,MXY,1,0.0,1,1,0.0,0,0,0,-9999.0,0.25,1,P2_CV0,2,0,2,2,0,0,2,0,2
59,271819.5057,-1493472.736,E59_F16_m79f79_P59_Y6_UO3675,I79_F64_m-1f-1_P3_Y-1_U76,I79_F59_m56f56_P59_Y3_UO2695,FXX,1,0.0,1,1,1.0,0,0,0,-9999.0,0.875,1,P2_CV0,2,2,0,2,0,0,2,0,2
59,271819.5057,-1493472.736,E59_F56_m3f3_P59_Y6_UO136,I3_F59_m17f17_P64_Y4_UO964,I3_F59_m3f3_P59_Y4_UO174,MXY,1,0.0,1,1,0.0,0,0,0,-9999.0,0.5,1,P2_CV0,2,1,1,1,1,0,2,0,2
59,271819.5057,-1493472.736,E59_F56_m3f3_P59_Y6_UO167,I3_F59_m3f3_P59_Y2_UO115,I3_F59_m56f56_P59_Y4_UO2620,MXY,1,0.0,1,1,0.0,0,0,0,-9999.0,0.1875,1,P2_CV0,2,1,1,1,1,0,2,0,2
59,271819.5057,-1493472.736,E59_F56_m3f3_P59_Y6_UO190,I3_F59_m3f3_P59_Y0_UO180,I3_F59_m56f56_P59_Y4_UO2669,MXY,1,0.0,1,1,0.0,0,0,0,-9999.0,0.375,1,P2_CV0,2,1,1,2,0,0,2,0,2
59,271819.5057,-1493472.736,E59_F56_m3f3_P59_Y6_UO206,I3_F59_m-1f-1_P3_Y-1_U90,I3_F59_m56f56_P59_Y2_UO2707,FXX,1,0.0,1,1,1.0,0,0,0,-9999.0,0.375,1,P2_CV0,2,0,2,1,1,0,2,0,2
59,271819.5057,-1493472.736,E59_F56_m16f16_P59_Y6_UO945,I16_F59_m-1f-1_P16_Y-1_U179,I16_F59_m3f3_P59_Y4_UO183,FXX,1,0.0,1,1,1.0,0,0,0,-9999.0,0.46875,1,P2_CV0,2,1,1,1,1,0,2,0,2
59,271819.5057,-1493472.736,E59_F56_m56f56_P59_Y6_UO2677,ID56_F64_m95f95_P64_Y3_UO4451,I56_F59_m79f79_P59_Y0_UO3918,MXY,1,0.0,1,1,0.0,0,0,0,-9999.0,0.1875,1,P2_CV0,2,0,2,1,1,0,2,0,2
59,271819.5057,-1493472.736,E59_F56_m79f79_P59_Y6_UO3579,I79_F59_m79f79_P64_Y4_UO3628,I79_F59_m16f16_P59_Y3_UO915,MXY,1,0.0,1,1,0.0,0,0,0,-9999.0,0.5,1,P2_CV0,2,0,2,0,2,0,2,0,2
59,271819.5057,-1493472.736,E59_F56_m79f79_P59_Y6_UO3580,ID79_F64_m3f3_P59_Y4_UO172,I79_F59_m95f95_P64_Y2_UO4464,MXY,1,0.0,1,1,0.0,0,0,0,-9999.0,0.25,1,P2_CV0,2,0,2,1,1,0,2,0,2
59,271819.5057,-1493472.736,E59_F56_m79f79_P59_Y6_UO3587,I79_F64_m56f56_P59_Y4_UO2640,I79_F59_m16f16_P59_Y3_UO915,MXY,1,0.0,1,1,0.0,0,0,0,-9999.0,0.5,1,P2_CV0,2,1,1,0,2,0,2,0,2
59,271819.5057,-1493472.736,E59_F56_m79f79_P59_Y6_UO3597,I79_F59_m3f3_P59_Y4_UO177,I79_F59_m16f16_P59_Y4_UO941,MXY,1,0.0,1,1,0.0,0,0,0,-9999.0,0.5,1,P2_CV0,2,1,1,0,2,0,2,0,2
59,271819.5057,-1493472.736,E59_F56_m79f79_P59_Y6_UO3634,I79_F64_m16f16_P59_Y3_UO916,I79_F64_m3f3_P59_Y3_UO154,FXX,1,0.0,1,1,1.0,0,0,0,-9999.0,0.3125,1,P2_CV0,2,1,1,2,0,0,2,0,2
59,271819.5057,-1493472.736,E59_F79_m3f3_P59_Y6_UO185,I3_F64_m3f3_P59_Y0_UO134,I3_F59_m79f79_P59_Y0_UO3895,MXY,1,0.0,1,1,0.0,0,0,0,-9999.0,0.375,1,P2_CV0,2,1,1,1,1,0,2,0,2
59,271819.5057,-1493472.736,E59_F79_m95f95_P64_Y6_UO4554,I95_F64_m3f3_P64_Y1_UO109,I95_F64_m-1f-1_P95_Y-1_U106,FXX,1,0.0,1,1,1.0,0,0,0,-9999.0,0.875,1,P2_CV0,2,2,0,2,0,0,2,0,2
59,271819.5057,-1493472.736,E59_F79_m79f79_P59_Y6_UO3674,I79_F59_m-1f-1_P3_Y-1_U77,I79_F64_m17f17_P64_Y4_UO1014,FXX,1,0.0,1,1,1.0,0,0,0,-9999.0,0.8125,1,P2_CV0,2,2,0,2,0,0,2,0,2
59,271819.5057,-1493472.736,E59_F79_m79f79_P59_Y6_UO3614,I79_F64_m56f56_P59_Y3_UO2679,I79_F59_m17f17_P64_Y4_UO962,FXX,1,0.0,1,1,1.0,0,0,0,-9999.0,0.78125,1,P2_CV0,2,1,1,2,0,0,2,0,2
59,271819.5057,-1493472.736,E59_F79_m3f3_P59_Y6_UO199,I3_F59_m-1f-1_P3_Y-1_U58,ID3_F59_m-1f-1_P3_Y-1_U131,MXY,1,0.0,1,1,0.0,0,0,0,-9999.0,0.5,1,P2_CV0,2,1,1,1,1,0,2,0,2
59,271819.5057,-1493472.736,E59_F79_m56f56_P59_Y6_UO2678,I56_F59_m56f56_P59_Y3_UO2644,ID56_F59_m-1f-1_P56_Y-1_U152,MXY,1,0.0,1,1,0.0,0,0,0,-9999.0,0.8125,1,P2_CV0,2,2,0,0,2,0,2,0,2
59,271819.5057,-1493472.736,E59_F79_m17f17_P64_Y6_UO977,I17_F64_m16f16_P59_Y3_UO881,ID17_F81_m3f3_P59_Y1_UO113,FXX,1,0.0,1,1,1.0,0,0,0,-9999.0,0.625,1,P2_CV0,2,1,1,2,0,0,2,0,2
59,271819.5057,-1493472.736,E59_F79_m3f3_P59_Y6_UO189,I3_F59_m17f17_P64_Y0_UO1037,I3_F59_m-1f-1_P3_Y-1_U48,MXY,1,0.0,1,1,0.0,0,0,0,-9999.0,0.375,1,P2_CV0,2,0,2,1,1,0,2,0,2
59,271819.5057,-1493472.736,E59_F79_m3f3_P64_Y6_UO211,I3_F59_m-1f-1_P3_Y-1_U204,I3_F59_m79f79_P59_Y4_UO3608,FXX,1,0.0,1,1,1.0,0,0,0,-9999.0,0.25,1,P2_CV0,2,1,1,0,2,0,2,0,2
59,271819.5057,-1493472.736,E59_F79_m56f56_P59_Y6_UO2696,I56_F59_m3f3_P59_Y1_UO99,ID56_F59_m-1f-1_P56_Y-1_U50,MXY,1,0.0,1,1,0.0,0,0,0,-9999.0,0.375,1,P2_CV0,2,1,1,1,1,0,2,0,2
59,271819.5057,-1493472.736,E59_F79_m17f17_P64_Y6_UO983,ID17_F59_m79f79_P64_Y2_UO3596,I17_F64_m79f79_P64_Y3_UO3586,FXX,1,0.0,1,1,1.0,0,0,0,-9999.0,0.4375,1,P2_CV0,2,1,1,1,1,0,2,0,2
59,271819.5057,-1493472.736,E59_F79_m56f56_P59_Y6_UO2680,I56_F59_m17f17_P64_Y3_UO998,I56_F59_m3f3_P59_Y2_UO168,MXY,1,0.0,1,1,0.0,0,0,0,-9999.0,0.4375,1,P2_CV0,2,1,1,2,0,0,2,0,2
59,271819.5057,-1493472.736,E59_F79_m16f16_P59_Y6_UO903,ID16_F59_m79f79_P59_Y3_UO3610,I16_F59_m79f79_P59_Y0_UO3896,MXY,1,0.0,1,1,0.0,0,0,0,-9999.0,0.625,1,P2_CV0,2,2,0,1,1,0,2,0,2
59,271819.5057,-1493472.736,E59_F79_m16f16_P59_Y6_UO927,I16_F59_m-1f-1_P16_Y-1_U21,ID16_F59_m-1f-1_P3_Y-1_U3,MXY,1,0.0,1,1,0.0,0,0,0,-9999.0,0.25,1,P2_CV0,2,0,2,1,1,0,2,0,2
59,271819.5057,-1493472.736,E59_F79_m3f3_P59_Y6_UO188,I3_F59_m3f3_P59_Y0_UO148,I3_F59_m-1f-1_P3_Y-1_U111,FXX,1,0.0,1,1,1.0,0,0,0,-9999.0,0.125,1,P2_CV0,2,0,2,0,2,0,2,0,2
59,271819.5057,-1493472.736,E59_F3_m3f3_P59_Y5_UO129,I3_F59_m79f79_P64_Y3_UO3603,I3_F59_m-1f-1_P3_Y-1_U95,MXY,2,0.0,1,0,0.0,0,0,0,-9999.0,0.625,1,P2_CV0,2,2,0,0,2,0,2,0,2
59,271819.5057,-1493472.736,E59_F3_m79f79_P59_Y5_UO3570,ID79_F59_m3f3_P59_Y3_UO125,I79_F64_m3f3_P59_Y1_UO134,MXY,2,0.0,1,0,0.0,0,0,0,-9999.0,0.625,1,P2_CV0,2,2,0,1,1,0,2,0,2
59,271819.5057,-1493472.736,E59_F3_m17f17_P59_Y5_UO1031,I17_F64_m-1f-1_P17_Y-1_U184,I17_F64_m17f17_P64_Y2_UO965,MXY,2,0.0,1,0,0.0,0,0,0,-9999.0,0.75,1,P2_CV0,2,2,0,0,2,0,2,0,2
59,271819.5057,-1493472.736,E59_F3_m79f79_P59_Y5_UO3578,I79_F64_m79f79_P59_Y3_UO3572,I79_F64_m16f16_P59_Y2_UO905,MXY,2,0.0,1,0,0.0,0,0,0,-9999.0,0.375,1,P2_CV0,2,0,2,1,1,0,2,0,2
59,271819.5057,-1493472.736,E59_F16_m17f17_P59_Y5_UO958,I17_F64_m3f3_P64_Y3_UO96,I17_F64_m17f17_P64_Y1_UO939,MXY,2,0.0,1,0,0.0,0,0,0,-9999.0,0.8125,1,P2_CV0,2,0,2,1,1,0,2,0,2
59,271819.5057,-1493472.736,E59_F17_m17f17_P64_Y5_UO978,I17_F64_m47f47_P64_Y1_UO2163,ID17_F64_m17f17_P64_Y3_UO1009,FXX,2,0.0,1,0,1.0,0,0,0,-9999.0,0.6875,1,P2_CV0,2,1,1,1,1,0,2,0,2
59,271819.5057,-1493472.736,E59_F56_m3f3_P59_Y5_UO185,I3_F59_m-1f-1_P3_Y-1_U201,I3_F59_m-1f-1_P3_Y-1_U61,MXY,2,0.0,1,0,0.0,0,0,0,-9999.0,0.5,1,P2_CV0,2,2,0,0,2,0,2,0,2
59,271819.5057,-1493472.736,E59_F56_m3f3_P59_Y5_UO190,I3_F64_m-1f-1_P3_Y-1_U144,ID3_F59_m-1f-1_P3_Y-1_U16,MXY,2,0.0,1,0,0.0,0,0,0,-9999.0,0.5,1,P2_CV0,2,1,1,1,1,0,2,0,2
59,271819.5057,-1493472.736,E59_F56_m16f16_P59_Y5_UO919,I16_F59_m-1f-1_P16_Y-1_U49,I16_F59_m3f3_P59_Y0_UO178,FXX,2,0.0,1,0,1.0,0,0,0,-9999.0,0.75,1,P2_CV0,2,1,1,2,0,0,2,0,2
59,271819.5057,-1493472.736,E59_F56_m3f3_P59_Y5_UO193,I3_F59_m-1f-1_P3_Y-1_U101,ID3_F59_m-1f-1_P3_Y-1_U16,FXX,2,0.0,1,0,1.0,0,0,0,-9999.0,0.5,1,P2_CV0,2,1,1,2,0,0,2,0,2
59,271819.5057,-1493472.736,E59_F56_m56f56_P59_Y5_UO2709,ID56_F59_m-1f-1_P56_Y-1_U93,ID56_F59_m79f79_P59_Y3_UO3594,MXY,2,0.0,1,0,0.0,0,0,0,-9999.0,0.125,1,P2_CV0,2,0,2,2,0,0,2,0,2
59,271819.5057,-1493472.736,E59_F56_m3f3_P59_Y5_UO197,I3_F59_m-1f-1_P3_Y-1_U0,I3_F59_m79f79_P59_Y3_UO3627,MXY,2,0.0,1,0,0.0,0,0,0,-9999.0,0.3125,1,P2_CV0,2,1,1,0,2,0,2,0,2
59,271819.5057,-1493472.736,E59_F56_m56f56_P59_Y5_UO2695,I56_F59_m-1f-1_P3_Y-1_U21,I56_F59_m56f56_P59_Y1_UO2561,FXX,2,0.0,1,0,1.0,0,0,0,-9999.0,1.0,1,P2_CV0,2,2,0,2,0,0,2,0,2
59,271819.5057,-1493472.736,E59_F79_m95f95_P64_Y5_UO4511,I95_F64_m3f3_P64_Y0_UO185,I95_F91_m-1f-1_P5_Y-1_U87,MXY,2,0.0,1,0,0.0,0,0,0,-9999.0,0.375,1,P2_CV0,2,2,0,0,2,0,2,0,2
59,271819.5057,-1493472.736,E59_F79_m79f79_P59_Y5_UO3565,I79_F64_m79f79_P64_Y3_UO3544,ID79_F59_m17f17_P64_Y1_UO916,FXX,2,0.0,1,0,1.0,0,0,0,-9999.0,0.1875,1,P2_CV0,2,0,2,1,1,0,2,0,2
59,271819.5057,-1493472.736,E59_F79_m3f3_P59_Y5_UO122,I3_F64_m17f17_P64_Y3_UO964,I3_F59_m3f3_P59_Y3_UO132,MXY,2,0.0,1,0,0.0,0,0,0,-9999.0,0.5,1,P2_CV0,2,1,1,1,1,0,2,0,2
59,271819.5057,-1493472.736,E59_F79_m79f79_P64_Y5_UO3545,ID79_F59_m3f3_P59_Y3_UO178,I79_F64_m-1f-1_P79_Y-1_U85,FXX,2,0.0,1,0,1.0,0,0,0,-9999.0,0.5625,1,P2_CV0,2,1,1,1,1,0,2,0,2
59,271819.5057,-1493472.736,E59_F79_m79f79_P64_Y5_UO3653,I79_F59_m-1f-1_P3_Y-1_U142,I79_F59_m47f47_P64_Y1_UO2165,MXY,2,0.0,1,0,0.0,0,0,0,-9999.0,0.375,1,P2_CV0,2,1,1,1,1,0,2,0,2
59,271819.5057,-1493472.736,E59_F79_m79f79_P59_Y5_UO3592,I79_F59_m3f3_P59_Y2_UO150,I79_F59_m3f3_P59_Y2_UO185,FXX,2,0.0,1,0,1.0,0,0,0,-9999.0,0.875,1,P2_CV0,2,2,0,2,0,0,2,0,2
59,271819.5057,-1493472.736,E59_F79_m79f79_P59_Y5_UO3641,I79_F64_m-1f-1_P79_Y-1_U98,I79_F64_m3f3_P59_Y1_UO120,FXX,2,0.0,1,0,1.0,0,0,0,-9999.0,0.875,1,P2_CV0,2,1,1,2,0,0,2,0,2
59,271819.5057,-1493472.736,E59_F79_m17f17_P64_Y5_UO966,ID17_F64_m3f3_P64_Y2_UO140,I17_F64_m79f79_P64_Y2_UO3625,MXY,2,0.0,1,0,0.0,0,0,0,-9999.0,0.6875,1,P2_CV0,2,2,0,1,1,0,2,0,2
59,271819.5057,-1493472.736,E59_F3_m79f79_P59_Y4_UO3624,I79_F59_m-1f-1_P3_Y-1_U142,I79_F64_m-1f-1_P79_Y-1_U13,MXY,3,0.0,1,0,0.0,0,0,0,-9999.0,0.75,1,P2_CV0,2,2,0,1,1,0,2,0,2
59,271819.5057,-1493472.736,E59_F3_m3f3_P59_Y4_UO174,ID3_F59_m-1f-1_P3_Y-1_U137,I3_F64_m79f79_P59_Y1_UO3437,MXY,3,0.0,1,0,0.0,0,0,0,-9999.0,0.625,1,P2_CV0,2,1,1,2,0,0,2,0,2
59,271819.5057,-1493472.736,E59_F3_m3f3_P59_Y4_UO116,I3_F59_m3f3_P59_Y2_UO170,I3_F59_m-1f-1_P3_Y-1_U103,MXY,3,0.0,1,0,0.0,0,0,0,-9999.0,0.375,1,P2_CV0,2,1,1,0,2,0,2,0,2
59,271819.5057,-1493472.736,E59_F3_m3f3_P59_Y4_UO107,I3_F59_m56f56_P59_Y2_UO2705,I3_F59_m79f79_P59_Y2_UO3581,MXY,3,0.0,1,0,0.0,0,0,0,-9999.0,0.3125,1,P2_CV0,2,0,2,1,1,0,2,0,2
59,271819.5057,-1493472.736,E59_F3_m95f95_P64_Y4_UO4474,ID95_F64_m3f3_P64_Y2_UO140,I95_F64_m79f79_P64_Y0_UO3914,FXX,3,0.0,1,0,1.0,0,0,0,-9999.0,0.75,1,P2_CV0,2,2,0,1,1,0,2,0,2
59,271819.5057,-1493472.736,E59_F16_m3f3_P59_Y4_UO168,I3_F59_m-1f-1_P3_Y-1_U200,ID3_F64_m-1f-1_P17_Y-1_U162,MXY,3,0.0,1,0,0.0,0,0,0,-9999.0,0.5,1,P2_CV0,2,2,0,1,1,0,2,0,2
59,271819.5057,-1493472.736,E59_F16_m3f3_P59_Y4_UO183,I3_F64_m-1f-1_P3_Y-1_U90,I3_F59_m79f79_P59_Y2_UO3581,MXY,3,0.0,1,0,0.0,0,0,0,-9999.0,0.4375,1,P2_CV0,2,2,0,0,2,0,2,0,2
59,271819.5057,-1493472.736,E59_F17_m17f17_P64_Y4_UO962,I17_F64_m3f3_P64_Y2_UO123,I17_F64_m95f95_P64_Y2_UO4491,MXY,3,0.0,1,0,0.0,0,0,0,-9999.0,0.5625,1,P2_CV0,2,0,2,1,1,0,2,0,2
59,271819.5057,-1493472.736,E59_F56_m3f3_P59_Y4_UO113,I3_F59_m79f79_P64_Y2_UO3561,I3_F59_m-1f-1_P3_Y-1_U78,MXY,3,0.0,1,0,0.0,0,0,0,-9999.0,0.0,1,P2_CV0,2,0,2,0,2,0,2,0,2
59,271819.5057,-1493472.736,E59_F79_m3f3_P59_Y4_UO146,I3_F59_m16f16_P59_Y1_UO837,I3_F59_m-1f-1_P3_Y-1_U168,FXX,3,0.0,1,0,1.0,0,0,0,-9999.0,0.25,1,P2_CV0,2,0,2,1,1,0,2,0,2
59,271819.5057,-1493472.736,E59_F79_m3f3_P59_Y4_UO177,I3_F59_m-1f-1_P3_Y-1_U19,I3_F64_m16f16_P59_Y2_UO912,FXX,3,0.0,1,0,1.0,0,0,0,-9999.0,0.75,1,P2_CV0,2,2,0,1,1,0,2,0,2
59,271819.5057,-1493472.736,E59_F79_m56f56_P59_Y4_UO2634,ID56_F59_m3f3_P59_Y1_UO99,I56_F59_m3f3_P59_Y0_UO139,FXX,3,0.0,1,0,1.0,0,0,0,-9999.0,0.125,1,P2_CV0,2,0,2,0,2,0,2,0,2
59,271819.5057,-1493472.736,E59_F3_m56f56_P59_Y3_UO2635,I56_F59_m3f3_P59_Y0_UO98,I56_F59_m56f56_P59_Y1_UO2548,FXX,4,0.0,1,0,1.0,0,0,0,-9999.0,0.625,1,P2_CV0,2,1,1,0,2,0,2,0,2
59,271819.5057,-1493472.736,E59_F3_m3f3_P59_Y3_UO98,ID3_F59_m56f56_P59_Y1_UO2580,I3_F59_m-1f-1_P3_Y-1_U11,MXY,4,0.0,1,0,0.0,0,0,0,-9999.0,0.5,1,P2_CV0,2,0,2,0,2,0,2,0,2
59,271819.5057,-1493472.736,E59_F3_m56f56_P59_Y3_UO2696,I56_F59_m-1f-1_P56_Y-1_U198,I56_F59_m-1f-1_P3_Y-1_U174,FXX,4,0.0,1,0,1.0,0,0,0,-9999.0,0.5,1,P2_CV0,2,1,1,1,1,0,2,0,2
59,271819.5057,-1493472.736,E59_F16_m79f79_P59_Y3_UO3610,I79_F64_m-1f-1_P3_Y-1_U137,I79_F59_m-1f-1_P79_Y-1_U164,FXX,4,0.0,1,0,1.0,0,0,0,-9999.0,0.75,1,P2_CV0,2,2,0,0,2,0,2,0,2
59,271819.5057,-1493472.736,E59_F16_m56f56_P59_Y3_UO2625,I56_F59_m3f3_P59_Y1_UO171,I56_F59_m16f16_P59_Y1_UO830,FXX,4,0.0,1,0,1.0,0,0,0,-9999.0,0.625,1,P2_CV0,2,2,0,1,1,0,2,0,2
59,271819.5057,-1493472.736,E59_F17_m3f3_P64_Y3_UO96,ID3_F59_m16f16_P59_Y1_UO801,I3_F59_m-1f-1_P3_Y-1_U65,FXX,4,0.0,1,0,1.0,0,0,0,-9999.0,0.875,1,P2_CV0,2,1,1,1,1,0,2,0,2
59,271819.5057,-1493472.736,E59_F56_m56f56_P59_Y3_UO2644,I56_F59_m3f3_P59_Y0_UO132,I56_F59_m-1f-1_P56_Y-1_U58,FXX,4,0.0,1,0,1.0,0,0,0,-9999.0,0.625,1,P2_CV0,2,2,0,1,1,0,2,0,2
59,271819.5057,-1493472.736,E59_F56_m3f3_P59_Y3_UO137,I3_F59_m3f3_P59_Y0_UO128,I3_F59_m3f3_P59_Y0_UO96,MXY,4,0.0,1,0,0.0,0,0,0,-9999.0,0.25,1,P2_CV0,2,1,1,1,1,0,2,0,2
59,271819.5057,-1493472.736,E59_F56_m79f79_P59_Y3_UO3614,I79_F64_m-1f-1_P79_Y-1_U55,ID79_F59_m3f3_P59_Y0_UO177,MXY,4,0.0,1,0,0.0,0,0,0,-9999.0,0.75,1,P2_CV0,2,1,1,1,1,0,2,0,2
59,271819.5057,-1493472.736,E59_F56_m79f79_P59_Y3_UO3594,ID79_F59_m-1f-1_P3_Y-1_U28,ID79_F64_m-1f-1_P79_Y-1_U51,MXY,4,0.0,1,0,0.0,0,0,0,-9999.0,0.25,1,P2_CV0,2,1,1,1,1,0,2,0,2
59,271819.5057,-1493472.736,E59_F79_m56f56_P59_Y3_UO2638,ID56_F59_m3f3_P59_Y0_UO191,I56_F59_m-1f-1_P56_Y-1_U224,MXY,4,0.0,1,0,0.0,0,0,0,-9999.0,0.375,1,P2_CV0,2,1,1,2,0,0,2,0,2
59,271819.5057,-1493472.736,E59_F79_m3f3_P64_Y3_UO110,I3_F59_m56f56_P59_Y1_UO2574,I3_F59_m-1f-1_P3_Y-1_U61,FXX,4,0.0,1,0,1.0,0,0,0,-9999.0,0.625,1,P2_CV0,2,2,0,1,1,0,2,0,2
59,271819.5057,-1493472.736,E59_F79_m3f3_P64_Y3_UO166,I3_F59_m-1f-1_P3_Y-1_U90,I3_F59_m3f3_P59_Y1_UO104,MXY,4,0.0,1,0,0.0,0,0,0,-9999.0,0.625,1,P2_CV0,2,1,1,0,2,0,2,0,2
59,271819.5057,-1493472.736,E59_F79_m79f79_P59_Y3_UO3572,I79_F59_m79f79_P64_Y0_UO3893,I79_F59_m3f3_P59_Y1_UO163,FXX,4,0.0,1,0,1.0,0,0,0,-9999.0,0.25,1,P2_CV0,2,0,2,2,0,0,2,0,2
59,271819.5057,-1493472.736,E59_F79_m3f3_P64_Y3_UO151,I3_F59_m-1f-1_P3_Y-1_U201,I3_F64_m16f16_P59_Y1_UO862,MXY,4,0.0,1,0,0.0,0,0,0,-9999.0,0.625,1,P2_CV0,2,0,2,0,2,0,2,0,2
59,271819.5057,-1493472.736,E59_F79_m3f3_P59_Y3_UO149,I3_F64_m-1f-1_P3_Y-1_U210,I3_F59_m3f3_P59_Y0_UO168,MXY,4,0.0,1,0,0.0,0,0,0,-9999.0,0.75,1,P2_CV0,2,2,0,1,1,0,2,0,2
59,271819.5057,-1493472.736,E59_F79_m3f3_P59_Y3_UO154,ID3_F59_m-1f-1_P3_Y-1_U183,I3_F59_m16f16_P59_Y1_UO867,MXY,4,0.0,1,0,0.0,0,0,0,-9999.0,0.375,1,P2_CV0,2,1,1,2,0,0,2,0,2
59,271819.5057,-1493472.736,E59_F3_m3f3_P59_Y2_UO153,I3_F59_m-1f-1_P3_Y-1_U69,I3_F59_m3f3_P59_Y0_UO120,FXX,5,0.0,1,0,1.0,0,0,0,-9999.0,0.375,1,P2_CV0,2,1,1,1,1,0,2,0,2
59,271819.5057,-1493472.736,E59_F3_m3f3_P59_Y2_UO115,ID3_F64_m47f47_P64_Y0_UO2490,I3_F59_m3f3_P59_Y0_UO96,FXX,5,0.0,1,0,1.0,0,0,0,-9999.0,0.25,1,P2_CV0,2,2,0,2,0,0,2,0,2
59,271819.5057,-1493472.736,E59_F56_m3f3_P59_Y2_UO132,I3_F59_m47f47_P59_Y0_UO2491,ID3_F59_m3f3_P59_Y0_UO119,FXX,5,0.0,1,0,1.0,0,0,0,-9999.0,0.5,1,P2_CV0,2,0,2,2,0,0,2,0,2
59,271819.5057,-1493472.736,E59_F56_m3f3_P59_Y2_UO154,I3_F59_m-1f-1_P3_Y-1_U183,I3_F64_m-1f-1_P3_Y-1_U243,FXX,5,0.0,1,0,1.0,0,0,0,-9999.0,0.25,1,P2_CV0,2,1,1,1,1,0,2,0,2
59,271819.5057,-1493472.736,E59_F56_m3f3_P59_Y2_UO168,I3_F59_m-1f-1_P3_Y-1_U209,ID3_F59_m79f79_P64_Y0_UO3903,MXY,5,0.0,1,0,0.0,0,0,0,-9999.0,0.25,1,P2_CV0,2,0,2,1,1,0,2,0,2
59,271819.5057,-1493472.736,E59_F79_m79f79_P64_Y2_UO3634,ID79_F59_m-1f-1_P3_Y-1_U73,I79_F59_m-1f-1_P79_Y-1_U209,FXX,5,0.0,1,0,1.0,0,0,0,-9999.0,0.5,1,P2_CV0,2,1,1,1,1,0,2,0,2
59,271819.5057,-1493472.736,E59_F79_m3f3_P59_Y2_UO173,I3_F64_m-1f-1_P3_Y-1_U141,I3_F59_m-1f-1_P3_Y-1_U71,FXX,5,0.0,1,0,1.0,0,0,0,-9999.0,0.5,1,P2_CV0,2,1,1,1,1,0,2,0,2
59,271819.5057,-1493472.736,E59_F79_m16f16_P59_Y2_UO852,ID16_F59_m3f3_P59_Y0_UO172,ID16_F59_m-1f-1_P56_Y-1_U23,FXX,5,0.0,1,0,1.0,0,0,0,-9999.0,0.375,1,P2_CV0,2,1,1,2,0,0,2,0,2
59,271819.5057,-1493472.736,E59_F79_m79f79_P59_Y2_UO3581,I79_F59_m3f3_P59_Y0_UO176,I79_F59_m56f56_P59_Y0_UO2835,MXY,5,0.0,1,0,0.0,0,0,0,-9999.0,0.375,1,P2_CV0,2,1,1,0,2,0,2,0,2
59,271819.5057,-1493472.736,E59_F16_m3f3_P59_Y1_UO131,I3_F64_m-1f-1_P3_Y-1_U33,I3_F59_m-1f-1_P3_Y-1_U197,FXX,6,0.0,1,0,1.0,0,0,0,-9999.0,0.5,1,P2_CV0,2,1,1,0,2,0,2,0,2
59,271819.5057,-1493472.736,E59_F56_m3f3_P59_Y1_UO99,I3_F59_m-1f-1_P3_Y-1_U241,I3_F59_m-1f-1_P3_Y-1_U180,FXX,6,0.0,1,0,1.0,0,0,0,-9999.0,0.25,1,P2_CV0,2,1,1,0,2,0,2,0,2
59,271819.5057,-1493472.736,E59_F56_m3f3_P59_Y1_UO91,I3_F59_m-1f-1_P3_Y-1_U155,I3_F59_m-1f-1_P3_Y-1_U25,FXX,6,0.0,1,0,1.0,0,0,0,-9999.0,0.75,1,P2_CV0,2,2,0,1,1,0,2,0,2
59,271819.5057,-1493472.736,E59_F79_m3f3_P59_Y1_UO153,I3_F59_m-1f-1_P3_Y-1_U221,I3_F59_m-1f-1_P3_Y-1_U154,MXY,6,0.0,1,0,0.0,0,0,0,-9999.0,0.75,1,P2_CV0,2,1,1,0,2,0,2,0,2
59,271819.5057,-1493472.736,E59_F79_m3f3_P64_Y1_UO107,I3_F59_m-1f-1_P3_Y-1_U54,I3_F59_m-1f-1_P3_Y-1_U71,FXX,6,0.0,1,0,1.0,0,0,0,-9999.0,0.75,1,P2_CV0,2,1,1,1,1,0,2,0,2
59,271819.5057,-1493472.736,E59_F79_m3f3_P59_Y1_UO120,I3_F59_m-1f-1_P3_Y-1_U183,I3_F59_m-1f-1_P3_Y-1_U25,MXY,6,0.0,1,0,0.0,0,0,0,-9999.0,0.75,1,P2_CV0,2,1,1,1,1,0,2,0,2
59,271819.5057,-1493472.736,E59_F3_m3f3_P59_Y0_UO165,R3_F3_m-1f-1_P3_Y-1_U186,R3_F3_m-1f-1_P3_Y-1_U17,FXX,7,0.0,1,0,1.0,0,0,0,-9999.0,0.75,1,P2_CV0,2,2,0,1,1,0,2,0,2
59,271819.5057,-1493472.736,E59_F3_m3f3_P59_Y0_UO134,R3_F3_m-1f-1_P3_Y-1_U101,R3_F3_m-1f-1_P3_Y-1_U38,FXX,7,0.0,1,0,1.0,0,0,0,-9999.0,0.25,1,P2_CV0,2,1,1,2,0,0,2,0,2
59,271819.5057,-1493472.736,E59_F16_m3f3_P59_Y0_UO178,R3_F3_m-1f-1_P3_Y-1_U212,R3_F3_m-1f-1_P3_Y-1_U224,MXY,7,0.0,1,0,0.0,0,0,0,-9999.0,0.5,1,P2_CV0,2,1,1,1,1,0,2,0,2
59,271819.5057,-1493472.736,E59_F56_m3f3_P59_Y0_UO132,R3_F3_m-1f-1_P3_Y-1_U99,R3_F3_m-1f-1_P3_Y-1_U173,FXX,7,0.0,1,0,1.0,0,0,0,-9999.0,0.75,1,P2_CV0,2,2,0,1,1,0,2,0,2
59,271819.5057,-1493472.736,E59_F56_m3f3_P59_Y0_UO139,R3_F3_m-1f-1_P3_Y-1_U113,R3_F3_m-1f-1_P3_Y-1_U150,MXY,7,0.0,1,0,0.0,0,0,0,-9999.0,0.0,1,P2_CV0,2,0,2,1,1,0,2,0,2
59,271819.5057,-1493472.736,E59_F79_m3f3_P59_Y0_UO148,R3_F3_m-1f-1_P3_Y-1_U139,R3_F3_m-1f-1_P3_Y-1_U3,FXX,7,0.0,1,0,1.0,0,0,0,-9999.0,0.25,1,P2_CV0,2,1,1,1,1,0,2,0,2
59,271819.5057,-1493472.736,E59_F79_m3f3_P59_Y0_UO119,R3_F3_m-1f-1_P3_Y-1_U59,R3_F3_m-1f-1_P3_Y-1_U98,MXY,7,0.0,1,0,0.0,0,0,0,-9999.0,0.5,1,P2_CV0,2,0,2,2,0,0,2,0,2
59,271819.5057,-1493472.736,E59_F3_m-1f-1_P3_Y-1_U135,-9999,-9999,MXY,8,0.0,1,0,0.0,0,0,0,-9999.0,0.5,1,P2_CV0,2,1,1,0,2,0,2,0,2
59,271819.5057,-1493472.736,E59_F3_m-1f-1_P3_Y-1_U208,-9999,-9999,MXY,8,0.0,1,0,0.0,0,0,0,-9999.0,1.0,1,P2_CV0,2,2,0,2,0,0,2,0,2
59,271819.5057,-1493472.736,E59_F3_m-1f-1_P3_Y-1_U88,-9999,-9999,MXY,9,0.0,1,0,0.0,0,0,0,-9999.0,0.5,1,P2_CV0,2,1,1,2,0,0,2,0,2
59,271819.5057,-1493472.736,E59_F3_m-1f-1_P3_Y-1_U210,-9999,-9999,FXX,9,0.0,1,0,1.0,0,0,0,-9999.0,1.0,1,P2_CV0,2,2,0,0,2,0,2,0,2
59,271819.5057,-1493472.736,E59_F79_m-1f-1_P3_Y-1_U76,-9999,-9999,FXX,9,0.0,1,0,1.0,0,0,0,-9999.0,1.0,1,P2_CV0,2,2,0,2,0,0,2,0,2
59,271819.5057,-1493472.736,E59_F79_m-1f-1_P3_Y-1_U205,-9999,-9999,MXY,9,0.0,1,0,0.0,0,0,0,-9999.0,1.0,1,P2_CV0,2,2,0,2,0,0,2,0,2
59,271819.5057,-1493472.736,E59_F3_m-1f-1_P3_Y-1_U144,-9999,-9999,FXX,10,0.0,1,0,1.0,0,0,0,-9999.0,0.0,1,P2_CV0,2,0,2,1,1,0,2,0,2
59,271819.5057,-1493472.736,E59_F3_m-1f-1_P3_Y-1_U107,-9999,-9999,FXX,10,0.0,1,0,1.0,0,0,0,-9999.0,0.0,1,P2_CV0,2,0,2,2,0,0,2,0,2
59,271819.5057,-1493472.736,E59_F3_m-1f-1_P3_Y-1_U58,-9999,-9999,FXX,10,0.0,1,0,1.0,0,0,0,-9999.0,0.0,1,P2_CV0,2,0,2,2,0,0,2,0,2
59,271819.5057,-1493472.736,E59_F3_m-1f-1_P3_Y-1_U197,-9999,-9999,MXY,10,0.0,1,0,0.0,0,0,0,-9999.0,0.5,1,P2_CV0,2,1,1,0,2,0,2,0,2
59,271819.5057,-1493472.736,E59_F16_m-1f-1_P3_Y-1_U3,-9999,-9999,MXY,10,0.0,1,0,0.0,0,0,0,-9999.0,0.0,1,P2_CV0,2,0,2,0,2,0,2,0,2
59,271819.5057,-1493472.736,E59_F3_m-1f-1_P3_Y-1_U101,-9999,-9999,FXX,11,0.0,1,0,1.0,0,0,0,-9999.0,0.0,1,P2_CV0,2,0,2,2,0,0,2,0,2
59,271819.5057,-1493472.736,E59_F3_m-1f-1_P3_Y-1_U139,-9999,-9999,FXX,11,0.0,1,0,1.0,0,0,0,-9999.0,0.5,1,P2_CV0,2,1,1,2,0,0,2,0,2
59,271819.5057,-1493472.736,E59_F3_m-1f-1_P3_Y-1_U25,-9999,-9999,MXY,11,0.0,1,0,0.0,0,0,0,-9999.0,1.0,1,P2_CV0,2,2,0,1,1,0,2,0,2
59,271819.5057,-1493472.736,E59_F3_m-1f-1_P3_Y-1_U178,-9999,-9999,MXY,11,0.0,1,0,0.0,0,0,0,-9999.0,1.0,1,P2_CV0,2,2,0,2,0,0,2,0,2
59,271819.5057,-1493472.736,E59_F79_m-1f-1_P3_Y-1_U176,-9999,-9999,FXX,11,0.0,1,0,1.0,0,0,0,-9999.0,0.5,1,P2_CV0,2,1,1,0,2,0,2,0,2
59,271819.5057,-1493472.736,E59_F3_m-1f-1_P3_Y-1_U90,-9999,-9999,FXX,12,0.0,1,0,1.0,0,0,0,-9999.0,0.5,1,P2_CV0,2,1,1,1,1,0,2,0,2
59,271819.5057,-1493472.736,E59_F3_m-1f-1_P3_Y-1_U75,-9999,-9999,MXY,12,0.0,1,0,0.0,0,0,0,-9999.0,0.0,1,P2_CV0,2,0,2,2,0,0,2,0,2
59,271819.5057,-1493472.736,E59_F56_m-1f-1_P3_Y-1_U21,-9999,-9999,FXX,12,0.0,1,0,1.0,0,0,0,-9999.0,1.0,1,P2_CV0,2,2,0,2,0,0,2,0,2
59,271819.5057,-1493472.736,E59_F3_m-1f-1_P3_Y-1_U204,-9999,-9999,FXX,14,0.0,1,0,1.0,0,0,0,-9999.0,0.0,1,P2_CV0,2,0,2,0,2,0,2,0,2
59,271819.5057,-1493472.736,E59_F79_m-1f-1_P3_Y-1_U142,-9999,-9999,FXX,14,0.0,1,0,1.0,0,0,0,-9999.0,0.5,1,P2_CV0,2,1,1,0,2,0,2,0,2
59,271819.5057,-1493472.736,E59_F56_m-1f-1_P3_Y-1_U185,-9999,-9999,MXY,15,0.0,1,0,0.0,0,0,0,-9999.0,1.0,1,P2_CV0,2,2,0,1,1,0,2,0,2
59,271819.5057,-1493472.736,Age0_F59_m3f3_P59_Y7_UO152,I3_F59_m47f47_P64_Y4_UO2324,ID3_F64_m16f16_P59_Y3_UO907,MXY,0,0.0,0,0,0.0,0,0,0,0.0,0.5,1,P46_CV0,2,1,1,1,1,0,2,0,2
59,271819.5057,-1493472.736,Age0_F59_m3f3_P59_Y7_UO186,ID3_F59_m47f47_P59_Y1_UO2202,ID3_F59_m17f17_P64_Y1_UO895,MXY,0,0.0,0,0,0.0,0,0,0,0.0,0.125,1,P46_CV0,2,0,2,2,0,0,2,0,2
59,271819.5057,-1493472.736,Age0_F59_m16f16_P59_Y7_UO928,I16_F59_m-1f-1_P56_Y-1_U121,I16_F59_m56f56_P59_Y5_UO2689,MXY,0,0.0,0,0,0.0,0,0,0,0.0,0.71875,1,P46_CV0,2,1,1,1,1,0,2,0,2
59,271819.5057,-1493472.736,Age0_F59_m79f79_P59_Y7_UO3567,I79_F59_m16f16_P59_Y5_UO894,I79_F64_m47f47_P59_Y5_UO2367,FXX,0,0.0,0,0,0.0,0,0,0,0.0,0.1875,1,P46_CV0,2,1,1,2,0,0,2,0,2
59,271819.5057,-1493472.736,Age0_F59_m79f79_P59_Y7_UO3577,I79_F59_m79f79_P64_Y5_UO3545,ID79_F64_m47f47_P64_Y3_UO2340,MXY,0,0.0,0,0,0.0,0,0,0,0.0,0.53125,1,P46_CV0,2,2,0,1,1,0,2,0,2
59,271819.5057,-1493472.736,Age0_F59_m79f79_P59_Y7_UO3580,I79_F59_m3f3_P59_Y5_UO149,ID79_F59_m17f17_P64_Y4_UO1026,MXY,0,0.0,0,0,0.0,0,0,0,0.0,0.5625,1,P46_CV0,2,1,1,0,2,0,2,0,2
59,271819.5057,-1493472.736,Age0_F59_m79f79_P59_Y7_UO3605,I79_F64_m3f3_P59_Y4_UO103,I79_F64_m16f16_P59_Y4_UO881,MXY,0,0.0,0,0,0.0,0,0,0,0.0,0.4375,1,P46_CV0,2,1,1,2,0,0,2,0,2
59,271819.5057,-1493472.736,Age0_F59_m79f79_P59_Y7_UO3611,I79_F59_m95f95_P64_Y4_UO4484,ID79_F64_m47f47_P64_Y3_UO2340,FXX,0,0.0,0,0,0.0,0,0,0,0.0,0.375,1,P46_CV0,2,2,0,1,1,0,2,0,2
59,271819.5057,-1493472.736,Age0_F59_m79f79_P59_Y7_UO3615,I79_F59_m47f47_P64_Y4_UO2328,I79_F59_m56f56_P59_Y5_UO2658,FXX,0,0.0,0,0,0.0,0,0,0,0.0,0.5,1,P46_CV0,2,1,1,2,0,0,2,0,2
59,271819.5057,-1493472.736,E59_F3_m3f3_P59_Y6_UO137,I3_F59_m79f79_P59_Y4_UO3585,I3_F59_m47f47_P64_Y4_UO2299,MXY,1,0.0,1,1,0.0,0,0,0,-9999.0,0.625,1,P46_CV0,2,1,1,2,0,0,2,0,2
59,271819.5057,-1493472.736,E59_F3_m16f16_P59_Y6_UO911,ID16_F59_m79f79_P59_Y1_UO3382,I16_F59_m17f17_P59_Y3_UO944,MXY,1,0.0,1,1,0.0,0,0,0,-9999.0,0.75,1,P46_CV0,2,2,0,1,1,0,2,0,2
59,271819.5057,-1493472.736,E59_F3_m79f79_P59_Y6_UO3628,ID79_F59_m3f3_P59_Y3_UO125,I79_F59_m47f47_P64_Y2_UO2341,FXX,1,0.0,1,1,1.0,0,0,0,-9999.0,0.5,1,P46_CV0,2,2,0,1,1,0,2,0,2
59,271819.5057,-1493472.736,E59_F3_m79f79_P59_Y6_UO3635,I79_F59_m3f3_P59_Y3_UO106,I79_F59_m3f3_P59_Y4_UO153,MXY,1,0.0,1,1,0.0,0,0,0,-9999.0,0.4375,1,P46_CV0,2,0,2,1,1,0,2,0,2
59,271819.5057,-1493472.736,E59_F3_m47f47_P64_Y6_UO2373,I47_F81_m-1f-1_P47_Y-1_U7,I47_F64_m-1f-1_P47_Y-1_U81,FXX,1,0.0,1,1,1.0,0,0,0,-9999.0,0.5,1,P46_CV0,2,1,1,2,0,0,2,0,2
59,271819.5057,-1493472.736,E59_F17_m17f17_P64_Y6_UO1003,I17_F64_m47f47_P64_Y0_UO2433,I17_F64_m16f16_P59_Y2_UO901,FXX,1,0.0,1,1,1.0,0,0,0,-9999.0,0.75,1,P46_CV0,2,1,1,2,0,0,2,0,2
59,271819.5057,-1493472.736,E59_F56_m3f3_P59_Y6_UO132,I3_F59_m47f47_P64_Y4_UO2324,ID3_F59_m56f56_P59_Y3_UO2614,FXX,1,0.0,1,1,1.0,0,0,0,-9999.0,0.5,1,P46_CV0,2,0,2,0,2,0,2,0,2
59,271819.5057,-1493472.736,E59_F56_m16f16_P59_Y6_UO910,I16_F59_m16f16_P59_Y2_UO874,I16_F59_m17f17_P59_Y3_UO944,FXX,1,0.0,1,1,1.0,0,0,0,-9999.0,0.75,1,P46_CV0,2,2,0,2,0,0,2,0,2
59,271819.5057,-1493472.736,E59_F79_m3f3_P59_Y6_UO148,ID3_F64_m47f47_P64_Y3_UO2324,I3_F59_m-1f-1_P79_Y-1_U244,FXX,1,0.0,1,1,1.0,0,0,0,-9999.0,0.125,1,P46_CV0,2,0,2,2,0,0,2,0,2
59,271819.5057,-1493472.736,E59_F79_m3f3_P59_Y6_UO173,I3_F64_m47f47_P59_Y1_UO2202,I3_F59_m-1f-1_P3_Y-1_U185,FXX,1,0.0,1,1,1.0,0,0,0,-9999.0,0.625,1,P46_CV0,2,1,1,1,1,0,2,0,2
59,271819.5057,-1493472.736,E59_F79_m47f47_P64_Y6_UO2390,ID47_F64_m-1f-1_P47_Y-1_U219,ID47_F81_m-1f-1_P47_Y-1_U89,FXX,1,0.0,1,1,1.0,0,0,0,-9999.0,0.75,1,P46_CV0,2,2,0,1,1,0,2,0,2
59,271819.5057,-1493472.736,E59_F79_m79f79_P59_Y6_UO3650,ID79_F59_m47f47_P64_Y2_UO2370,I79_F59_m3f3_P59_Y1_UO172,MXY,1,0.0,1,1,0.0,0,0,0,-9999.0,0.625,1,P46_CV0,2,2,0,2,0,0,2,0,2
59,271819.5057,-1493472.736,E59_F79_m47f47_P64_Y6_UO2387,I47_F81_m-1f-1_P47_Y-1_U143,ID47_F64_m95f95_P64_Y4_UO4478,MXY,1,0.0,1,1,0.0,0,0,0,-9999.0,0.375,1,P46_CV0,2,1,1,2,0,0,2,0,2
59,271819.5057,-1493472.736,E59_F3_m79f79_P59_Y5_UO3603,I79_F64_m47f47_P64_Y2_UO2370,I79_F59_m47f47_P64_Y1_UO2165,FXX,2,0.0,1,0,1.0,0,0,0,-9999.0,0.375,1,P46_CV0,2,1,1,1,1,0,2,0,2
59,271819.5057,-1493472.736,E59_F16_m56f56_P59_Y5_UO2689,I56_F59_m-1f-1_P16_Y-1_U248,I56_F59_m3f3_P59_Y3_UO124,MXY,2,0.0,1,0,0.0,0,0,0,-9999.0,0.4375,1,P46_CV0,2,1,1,1,1,0,2,0,2
59,271819.5057,-1493472.736,E59_F17_m47f47_P64_Y5_UO2341,I47_F81_m-1f-1_P47_Y-1_U151,I47_F81_m-1f-1_P47_Y-1_U88,FXX,2,0.0,1,0,1.0,0,0,0,-9999.0,0.25,1,P46_CV0,2,0,2,2,0,0,2,0,2
59,271819.5057,-1493472.736,E59_F79_m47f47_P59_Y5_UO2367,I47_F64_m-1f-1_P47_Y-1_U33,I47_F81_m-1f-1_P47_Y-1_U56,MXY,2,0.0,1,0,0.0,0,0,0,-9999.0,0.25,1,P46_CV0,2,1,1,1,1,0,2,0,2
59,271819.5057,-1493472.736,E59_F3_m47f47_P64_Y4_UO2324,I47_F64_m-1f-1_P47_Y-1_U100,I47_F81_m-1f-1_P47_Y-1_U197,FXX,3,0.0,1,0,1.0,0,0,0,-9999.0,0.5,1,P46_CV0,2,1,1,0,2,0,2,0,2
59,271819.5057,-1493472.736,E59_F17_m79f79_P64_Y4_UO3550,I79_F64_m95f95_P64_Y2_UO4510,I79_F64_m-1f-1_P47_Y-1_U97,FXX,3,0.0,1,0,1.0,0,0,0,-9999.0,0.9375,1,P46_CV0,2,2,0,2,0,0,2,0,2
59,271819.5057,-1493472.736,E59_F17_m47f47_P64_Y4_UO2321,ID47_F81_m-1f-1_P47_Y-1_U244,I47_F81_m-1f-1_P47_Y-1_U172,FXX,3,0.0,1,0,1.0,0,0,0,-9999.0,0.5,1,P46_CV0,2,1,1,1,1,0,2,0,2
59,271819.5057,-1493472.736,E59_F56_m79f79_P59_Y4_UO3622,I79_F59_m-1f-1_P79_Y-1_U111,I79_F64_m47f47_P64_Y2_UO2312,MXY,3,0.0,1,0,0.0,0,0,0,-9999.0,0.5,1,P46_CV0,2,0,2,1,1,0,2,0,2
59,271819.5057,-1493472.736,E59_F79_m3f3_P59_Y4_UO153,I3_F59_m47f47_P59_Y0_UO2491,I3_F59_m-1f-1_P3_Y-1_U42,MXY,3,0.0,1,0,0.0,0,0,0,-9999.0,0.5,1,P46_CV0,2,0,2,1,1,0,2,0,2
59,271819.5057,-1493472.736,E59_F79_m47f47_P64_Y4_UO2299,ID47_F81_m-1f-1_P47_Y-1_U230,ID47_F81_m-1f-1_P47_Y-1_U3,MXY,3,0.0,1,0,0.0,0,0,0,-9999.0,0.5,1,P46_CV0,2,1,1,2,0,0,2,0,2
59,271819.5057,-1493472.736,E59_F79_m3f3_P59_Y4_UO139,I3_F64_m47f47_P59_Y1_UO2202,I3_F59_m17f17_P64_Y1_UO943,MXY,3,0.0,1,0,0.0,0,0,0,-9999.0,0.125,1,P46_CV0,2,0,2,1,1,0,2,0,2
59,271819.5057,-1493472.736,E59_F79_m3f3_P59_Y4_UO103,I3_F59_m47f47_P64_Y2_UO2309,ID3_F59_m-1f-1_P3_Y-1_U98,FXX,3,0.0,1,0,1.0,0,0,0,-9999.0,0.75,1,P46_CV0,2,2,0,2,0,0,2,0,2
59,271819.5057,-1493472.736,E59_F79_m47f47_P64_Y4_UO2328,I47_F81_m-1f-1_P47_Y-1_U161,I47_F81_m-1f-1_P95_Y-1_U190,FXX,3,0.0,1,0,1.0,0,0,0,-9999.0,0.75,1,P46_CV0,2,1,1,1,1,0,2,0,2
59,271819.5057,-1493472.736,E59_F16_m17f17_P59_Y3_UO944,I17_F64_m95f95_P64_Y1_UO4279,I17_F59_m-1f-1_P47_Y-1_U120,MXY,4,0.0,1,0,0.0,0,0,0,-9999.0,0.5,1,P46_CV0,2,2,0,1,1,0,2,0,2
59,271819.5057,-1493472.736,E59_F79_m17f17_P64_Y3_UO964,I17_F64_m17f17_P64_Y0_UO1046,I17_F64_m47f47_P64_Y1_UO2172,FXX,4,0.0,1,0,1.0,0,0,0,-9999.0,0.5,1,P46_CV0,2,1,1,1,1,0,2,0,2
59,271819.5057,-1493472.736,E59_F3_m17f17_P64_Y2_UO943,I17_F64_m47f47_P64_Y0_UO2452,I17_F64_m-1f-1_P17_Y-1_U93,MXY,5,0.0,1,0,0.0,0,0,0,-9999.0,0.5,1,P46_CV0,2,2,0,2,0,0,2,0,2
59,271819.5057,-1493472.736,E59_F79_m47f47_P64_Y2_UO2318,I47_F81_m-1f-1_P47_Y-1_U62,ID47_F81_m-1f-1_P47_Y-1_U81,FXX,5,0.0,1,0,1.0,0,0,0,-9999.0,0.25,1,P46_CV0,2,1,1,1,1,0,2,0,2
59,271819.5057,-1493472.736,E59_F3_m47f47_P59_Y1_UO2202,I47_F81_m-1f-1_P47_Y-1_U143,I47_F64_m-1f-1_P47_Y-1_U184,FXX,6,0.0,1,0,1.0,0,0,0,-9999.0,0.25,1,P46_CV0,2,0,2,2,0,0,2,0,2
59,271819.5057,-1493472.736,E59_F79_m47f47_P64_Y1_UO2165,I47_F81_m-1f-1_P47_Y-1_U57,I47_F64_m-1f-1_P47_Y-1_U245,MXY,6,0.0,1,0,0.0,0,0,0,-9999.0,0.25,1,P46_CV0,2,0,2,1,1,0,2,0,2
59,271819.5057,-1493472.736,E59_F56_m47f47_P64_Y0_UO2456,R47_F47_m-1f-1_P47_Y-1_U78,R47_F47_m-1f-1_P47_Y-1_U246,MXY,7,0.0,1,0,0.0,0,0,0,-9999.0,0.25,1,P46_CV0,2,1,1,0,2,0,2,0,2
59,271819.5057,-1493472.736,E59_F17_m-1f-1_P47_Y-1_U223,-9999,-9999,FXX,12,0.0,1,0,1.0,0,0,0,-9999.0,0.5,1,P46_CV0,2,1,1,1,1,0,2,0,2
59,271819.5057,-1493472.736,E59_F17_m5f5_P81_Y2_UO379,I5_F81_m-1f-1_P5_Y-1_U19,I5_F72_m-1f-1_P5_Y-1_U125,MXY,5,0.0,1,0,0.0,0,0,0,-9999.0,0.25,1,P4_CV0,2,0,2,0,2,0,2,0,2
59,271819.5057,-1493472.736,Age0_F59_m3f3_P59_Y7_UO118,I3_F59_m3f3_P59_Y5_UO147,ID3_F59_m95f95_P64_Y4_UO4463,FXX,0,0.0,0,0,0.0,0,0,0,0.0,0.5,1,P55_CV0,2,1,1,0,2,0,2,0,2
59,271819.5057,-1493472.736,Age0_F59_m3f3_P59_Y7_UO120,I3_F59_m79f79_P59_Y5_UO3603,I3_F59_m16f16_P59_Y5_UO947,FXX,0,0.0,0,0,0.0,0,0,0,0.0,0.5,1,P55_CV0,2,2,0,1,1,0,2,0,2
59,271819.5057,-1493472.736,Age0_F59_m3f3_P59_Y7_UO122,I3_F59_m56f56_P59_Y5_UO2655,I3_F59_m95f95_P64_Y3_UO4459,MXY,0,0.0,0,0,0.0,0,0,0,0.0,0.75,1,P55_CV0,2,2,0,2,0,0,2,0,2
59,271819.5057,-1493472.736,Age0_F59_m3f3_P59_Y7_UO128,I3_F59_m17f17_P59_Y5_UO1030,I3_F59_m16f16_P59_Y5_UO947,FXX,0,0.0,0,0,0.0,0,0,0,0.0,0.5625,1,P55_CV0,2,1,1,2,0,0,2,0,2
59,271819.5057,-1493472.736,Age0_F59_m3f3_P59_Y7_UO135,I3_F59_m16f16_P59_Y4_UO911,I3_F64_m17f17_P59_Y3_UO980,FXX,0,0.0,0,0,0.0,0,0,0,0.0,0.625,1,P55_CV0,2,1,1,0,2,0,2,0,2
59,271819.5057,-1493472.736,Age0_F59_m3f3_P59_Y7_UO171,ID3_F64_m16f16_P59_Y2_UO936,I3_F64_m3f3_P59_Y5_UO115,FXX,0,0.0,0,0,0.0,0,0,0,0.0,0.65625,1,P55_CV0,2,1,1,0,2,0,2,0,2
59,271819.5057,-1493472.736,Age0_F59_m3f3_P59_Y7_UO173,I3_F59_m56f56_P59_Y2_UO2705,I3_F59_m3f3_P59_Y4_UO116,MXY,0,0.0,0,0,0.0,0,0,0,0.0,0.3125,1,P55_CV0,2,1,1,1,1,0,2,0,2
59,271819.5057,-1493472.736,Age0_F59_m3f3_P59_Y7_UO176,I3_F64_m56f56_P59_Y2_UO2684,I3_F59_m79f79_P59_Y5_UO3578,FXX,0,0.0,0,0,0.0,0,0,0,0.0,0.5625,1,P55_CV0,2,1,1,2,0,0,2,0,2
59,271819.5057,-1493472.736,Age0_F59_m3f3_P59_Y7_UO179,I3_F59_m56f56_P59_Y1_UO2592,I3_F59_m17f17_P64_Y4_UO988,FXX,0,0.0,0,0,0.0,0,0,0,0.0,0.6875,1,P55_CV0,2,1,1,1,1,0,2,0,2
59,271819.5057,-1493472.736,Age0_F59_m3f3_P59_Y7_UO188,I3_F59_m56f56_P59_Y1_UO2580,I3_F59_m56f56_P59_Y4_UO2621,FXX,0,0.0,0,0,0.0,0,0,0,0.0,0.5625,1,P55_CV0,2,2,0,0,2,0,2,0,2
59,271819.5057,-1493472.736,Age0_F59_m3f3_P59_Y7_UO198,I3_F59_m-1f-1_P3_Y-1_U210,I3_F64_m56f56_P59_Y4_UO2653,FXX,0,0.0,0,0,0.0,0,0,0,0.0,0.5,1,P55_CV0,2,1,1,1,1,0,2,0,2
59,271819.5057,-1493472.736,Age0_F59_m3f3_P59_Y7_UO199,I3_F59_m-1f-1_P3_Y-1_U144,ID3_F59_m56f56_P59_Y4_UO2658,MXY,0,0.0,0,0,0.0,0,0,0,0.0,0.25,1,P55_CV0,2,1,1,1,1,0,2,0,2
59,271819.5057,-1493472.736,Age0_F59_m3f3_P59_Y7_UO204,I3_F59_m-1f-1_P3_Y-1_U101,I3_F59_m3f3_P59_Y4_UO100,MXY,0,0.0,0,0,0.0,0,0,0,0.0,0.25,1,P55_CV0,2,0,2,1,1,0,2,0,2
59,271819.5057,-1493472.736,Age0_F59_m16f16_P59_Y7_UO885,I16_F59_m56f56_P59_Y5_UO2656,I16_F59_m-1f-1_P16_Y-1_U90,MXY,0,0.0,0,0,0.0,0,0,0,0.0,0.375,1,P55_CV0,2,1,1,1,1,0,2,0,2
59,271819.5057,-1493472.736,Age0_F59_m16f16_P59_Y7_UO888,I16_F59_m79f79_P59_Y4_UO3592,I16_F59_m56f56_P59_Y4_UO2619,MXY,0,0.0,0,0,0.0,0,0,0,0.0,0.53125,1,P55_CV0,2,1,1,2,0,0,2,0,2
59,271819.5057,-1493472.736,Age0_F59_m16f16_P59_Y7_UO889,I16_F59_m79f79_P59_Y4_UO3559,I16_F59_m-1f-1_P56_Y-1_U33,FXX,0,0.0,0,0,0.0,0,0,0,0.0,0.375,1,P55_CV0,2,1,1,0,2,0,2,0,2
59,271819.5057,-1493472.736,Age0_F59_m16f16_P59_Y7_UO894,I16_F59_m56f56_P59_Y4_UO2623,I16_F59_m79f79_P59_Y0_UO3890,FXX,0,0.0,0,0,0.0,0,0,0,0.0,0.3125,1,P55_CV0,2,0,2,1,1,0,2,0,2
59,271819.5057,-1493472.736,Age0_F59_m16f16_P59_Y7_UO901,I16_F59_m17f17_P59_Y3_UO1008,ID16_F59_m-1f-1_P56_Y-1_U18,FXX,0,0.0,0,0,0.0,0,0,0,0.0,0.375,1,P55_CV0,2,1,1,1,1,0,2,0,2
59,271819.5057,-1493472.736,Age0_F59_m16f16_P59_Y7_UO912,ID16_F64_m-1f-1_P79_Y-1_U127,I16_F59_m79f79_P59_Y2_UO3545,FXX,0,0.0,0,0,0.0,0,0,0,0.0,0.375,1,P55_CV0,2,1,1,1,1,0,2,0,2
59,271819.5057,-1493472.736,Age0_F59_m16f16_P59_Y7_UO913,I16_F59_m-1f-1_P56_Y-1_U241,I16_F59_m79f79_P59_Y0_UO3867,MXY,0,0.0,0,0,0.0,0,0,0,0.0,0.5,1,P55_CV0,2,2,0,1,1,0,2,0,2
59,271819.5057,-1493472.736,Age0_F59_m16f16_P59_Y7_UO923,I16_F59_m-1f-1_P16_Y-1_U185,ID16_F59_m-1f-1_P56_Y-1_U55,FXX,0,0.0,0,0,0.0,0,0,0,0.0,1.0,1,P55_CV0,2,2,0,2,0,0,2,0,2
59,271819.5057,-1493472.736,Age0_F59_m17f17_P59_Y7_UO1006,I17_F64_m-1f-1_P17_Y-1_U64,I17_F64_m79f79_P64_Y5_UO3585,FXX,0,0.0,0,0,0.0,0,0,0,0.0,0.65625,1,P55_CV0,2,1,1,0,2,0,2,0,2
59,271819.5057,-1493472.736,Age0_F59_m56f56_P59_Y7_UO2644,ID56_F59_m56f56_P59_Y5_UO2641,I56_F59_m16f16_P59_Y4_UO914,MXY,0,0.0,0,0,0.0,0,0,0,0.0,0.34375,1,P55_CV0,2,1,1,1,1,0,2,0,2
59,271819.5057,-1493472.736,Age0_F59_m56f56_P59_Y7_UO2647,I56_F59_m56f56_P59_Y5_UO2659,I56_F59_m56f56_P59_Y3_UO2675,FXX,0,0.0,0,0,0.0,0,0,0,0.0,0.6875,1,P55_CV0,2,1,1,1,1,0,2,0,2
59,271819.5057,-1493472.736,Age0_F59_m56f56_P59_Y7_UO2654,I56_F59_m56f56_P59_Y4_UO2622,ID56_F59_m-1f-1_P16_Y-1_U228,MXY,0,0.0,0,0,0.0,0,0,0,0.0,0.3125,1,P55_CV0,2,0,2,1,1,0,2,0,2
59,271819.5057,-1493472.736,Age0_F59_m56f56_P59_Y7_UO2657,I56_F59_m56f56_P59_Y4_UO2611,ID56_F59_m-1f-1_P56_Y-1_U20,FXX,0,0.0,0,0,0.0,0,0,0,0.0,0.625,1,P55_CV0,2,1,1,2,0,0,2,0,2
59,271819.5057,-1493472.736,Age0_F59_m56f56_P59_Y7_UO2658,I56_F59_m16f16_P59_Y4_UO910,ID56_F59_m-1f-1_P56_Y-1_U111,MXY,0,0.0,0,0,0.0,0,0,0,0.0,0.125,1,P55_CV0,2,0,2,2,0,0,2,0,2
59,271819.5057,-1493472.736,Age0_F59_m56f56_P59_Y7_UO2660,ID56_F59_m56f56_P59_Y3_UO2678,ID56_F59_m3f3_P59_Y4_UO102,FXX,0,0.0,0,0,0.0,0,0,0,0.0,0.40625,1,P55_CV0,2,0,2,1,1,0,2,0,2
59,271819.5057,-1493472.736,Age0_F59_m56f56_P59_Y7_UO2666,I56_F59_m16f16_P59_Y2_UO869,I56_F59_m56f56_P59_Y3_UO2675,FXX,0,0.0,0,0,0.0,0,0,0,0.0,0.625,1,P55_CV0,2,2,0,1,1,0,2,0,2
59,271819.5057,-1493472.736,Age0_F59_m56f56_P59_Y7_UO2670,I56_F59_m56f56_P59_Y2_UO2638,I56_F59_m3f3_P59_Y5_UO190,FXX,0,0.0,0,0,0.0,0,0,0,0.0,0.375,1,P55_CV0,2,1,1,1,1,0,2,0,2
59,271819.5057,-1493472.736,Age0_F59_m56f56_P59_Y7_UO2671,I56_F59_m56f56_P59_Y2_UO2652,I56_F59_m-1f-1_P16_Y-1_U211,MXY,0,0.0,0,0,0.0,0,0,0,0.0,0.25,1,P55_CV0,2,0,2,2,0,0,2,0,2
59,271819.5057,-1493472.736,Age0_F59_m56f56_P59_Y7_UO2672,I56_F59_m16f16_P59_Y2_UO856,I56_F59_m79f79_P59_Y5_UO3640,FXX,0,0.0,0,0,0.0,0,0,0,0.0,0.4375,1,P55_CV0,2,0,2,1,1,0,2,0,2
59,271819.5057,-1493472.736,Age0_F59_m56f56_P59_Y7_UO2673,I56_F59_m56f56_P59_Y1_UO2593,I56_F59_m-1f-1_P56_Y-1_U113,FXX,0,0.0,0,0,0.0,0,0,0,0.0,0.75,1,P55_CV0,2,1,1,2,0,0,2,0,2
59,271819.5057,-1493472.736,Age0_F59_m56f56_P59_Y7_UO2674,I56_F59_m56f56_P59_Y1_UO2557,I56_F59_m-1f-1_P56_Y-1_U45,FXX,0,0.0,0,0,0.0,0,0,0,0.0,0.5,1,P55_CV0,2,1,1,0,2,0,2,0,2
59,271819.5057,-1493472.736,Age0_F59_m56f56_P59_Y7_UO2678,I56_F59_m56f56_P59_Y1_UO2518,ID56_F59_m3f3_P59_Y4_UO102,MXY,0,0.0,0,0,0.0,0,0,0,0.0,0.53125,1,P55_CV0,2,1,1,1,1,0,2,0,2
59,271819.5057,-1493472.736,Age0_F59_m56f56_P59_Y7_UO2684,I56_F59_m-1f-1_P56_Y-1_U95,I56_F59_m56f56_P59_Y5_UO2640,FXX,0,0.0,0,0,0.0,0,0,0,0.0,0.25,1,P55_CV0,2,0,2,0,2,0,2,0,2
59,271819.5057,-1493472.736,Age0_F59_m56f56_P59_Y7_UO2689,I56_F59_m-1f-1_P16_Y-1_U109,I56_F59_m-1f-1_P56_Y-1_U238,FXX,0,0.0,0,0,0.0,0,0,0,0.0,0.25,1,P55_CV0,2,0,2,2,0,0,2,0,2
59,271819.5057,-1493472.736,Age0_F59_m56f56_P59_Y7_UO2691,I56_F59_m-1f-1_P56_Y-1_U30,I56_F59_m-1f-1_P56_Y-1_U50,MXY,0,0.0,0,0,0.0,0,0,0,0.0,0.5,1,P55_CV0,2,0,2,1,1,0,2,0,2
59,271819.5057,-1493472.736,Age0_F59_m56f56_P59_Y7_UO2692,I56_F59_m-1f-1_P56_Y-1_U10,I56_F59_m3f3_P59_Y5_UO197,FXX,0,0.0,0,0,0.0,0,0,0,0.0,0.40625,1,P55_CV0,2,2,0,1,1,0,2,0,2
59,271819.5057,-1493472.736,Age0_F59_m56f56_P59_Y7_UO2693,ID56_F59_m-1f-1_P56_Y-1_U227,I56_F59_m-1f-1_P56_Y-1_U113,MXY,0,0.0,0,0,0.0,0,0,0,0.0,1.0,1,P55_CV0,2,2,0,2,0,0,2,0,2
59,271819.5057,-1493472.736,Age0_F59_m56f56_P59_Y7_UO2694,I56_F59_m-1f-1_P56_Y-1_U236,I56_F59_m3f3_P59_Y2_UO168,MXY,0,0.0,0,0,0.0,0,0,0,0.0,0.375,1,P55_CV0,2,0,2,2,0,0,2,0,2
59,271819.5057,-1493472.736,Age0_F59_m56f56_P59_Y7_UO2696,I56_F59_m-1f-1_P56_Y-1_U77,I56_F59_m-1f-1_P56_Y-1_U96,MXY,0,0.0,0,0,0.0,0,0,0,0.0,0.75,1,P55_CV0,2,2,0,2,0,0,2,0,2
59,271819.5057,-1493472.736,Age0_F59_m56f56_P59_Y7_UO2697,ID56_F59_m-1f-1_P56_Y-1_U165,I56_F59_m-1f-1_P56_Y-1_U113,MXY,0,0.0,0,0,0.0,0,0,0,0.0,0.75,1,P55_CV0,2,1,1,1,1,0,2,0,2
59,271819.5057,-1493472.736,Age0_F59_m56f56_P59_Y7_UO2698,I56_F59_m-1f-1_P56_Y-1_U109,I56_F59_m3f3_P59_Y5_UO190,MXY,0,0.0,0,0,0.0,0,0,0,0.0,0.5,1,P55_CV0,2,0,2,1,1,0,2,0,2
59,271819.5057,-1493472.736,Age0_F59_m56f56_P59_Y7_UO2699,I56_F59_m-1f-1_P16_Y-1_U26,ID56_F59_m-1f-1_P56_Y-1_U111,MXY,0,0.0,0,0,0.0,0,0,0,0.0,0.5,1,P55_CV0,2,1,1,1,1,0,2,0,2
59,271819.5057,-1493472.736,Age0_F59_m56f56_P59_Y7_UO2700,I56_F59_m-1f-1_P56_Y-1_U211,I56_F59_m-1f-1_P56_Y-1_U45,FXX,0,0.0,0,0,0.0,0,0,0,0.0,0.25,1,P55_CV0,2,0,2,1,1,0,2,0,2
59,271819.5057,-1493472.736,Age0_F59_m56f56_P59_Y7_UO2702,I56_F59_m-1f-1_P56_Y-1_U93,I56_F59_m3f3_P59_Y4_UO114,FXX,0,0.0,0,0,0.0,0,0,0,0.0,0.0625,1,P55_CV0,2,0,2,2,0,0,2,0,2
59,271819.5057,-1493472.736,Age0_F59_m79f79_P59_Y7_UO3552,I79_F64_m16f16_P59_Y5_UO922,ID79_F64_m3f3_P64_Y2_UO105,MXY,0,0.0,0,0,0.0,0,0,0,0.0,0.75,1,P55_CV0,2,2,0,2,0,0,2,0,2
59,271819.5057,-1493472.736,Age0_F59_m79f79_P59_Y7_UO3554,I79_F59_m56f56_P59_Y5_UO2657,I79_F59_m56f56_P59_Y2_UO2673,MXY,0,0.0,0,0,0.0,0,0,0,0.0,0.4375,1,P55_CV0,2,2,0,0,2,0,2,0,2
59,271819.5057,-1493472.736,Age0_F59_m79f79_P59_Y7_UO3560,I79_F64_m56f56_P59_Y5_UO2667,I79_F59_m3f3_P59_Y3_UO149,MXY,0,0.0,0,0,0.0,0,0,0,0.0,0.625,1,P55_CV0,2,1,1,1,1,0,2,0,2
59,271819.5057,-1493472.736,Age0_F59_m79f79_P59_Y7_UO3588,I79_F64_m95f95_P64_Y5_UO4532,I79_F64_m56f56_P59_Y0_UO2911,MXY,0,0.0,0,0,0.0,0,0,0,0.0,0.5,1,P55_CV0,2,1,1,0,2,0,2,0,2
59,271819.5057,-1493472.736,Age0_F59_m79f79_P59_Y7_UO3594,I79_F59_m3f3_P64_Y4_UO105,I79_F64_m79f79_P59_Y3_UO3612,FXX,0,0.0,0,0,0.0,0,0,0,0.0,0.5625,1,P55_CV0,2,1,1,2,0,0,2,0,2
59,271819.5057,-1493472.736,Age0_F59_m79f79_P59_Y7_UO3595,I79_F59_m3f3_P59_Y4_UO146,I79_F64_m16f16_P59_Y5_UO934,MXY,0,0.0,0,0,0.0,0,0,0,0.0,0.5,1,P55_CV0,2,1,1,1,1,0,2,0,2
59,271819.5057,-1493472.736,Age0_F59_m79f79_P59_Y7_UO3597,ID79_F59_m16f16_P59_Y4_UO915,I79_F64_m3f3_P59_Y3_UO154,MXY,0,0.0,0,0,0.0,0,0,0,0.0,0.6875,1,P55_CV0,2,2,0,2,0,0,2,0,2
59,271819.5057,-1493472.736,Age0_F59_m79f79_P59_Y7_UO3604,I79_F59_m56f56_P59_Y4_UO2608,I79_F59_m17f17_P64_Y4_UO1002,MXY,0,0.0,0,0,0.0,0,0,0,0.0,0.6875,1,P55_CV0,2,1,1,2,0,0,2,0,2
59,271819.5057,-1493472.736,Age0_F59_m79f79_P59_Y7_UO3633,I79_F59_m16f16_P59_Y3_UO916,I79_F59_m79f79_P59_Y5_UO3567,FXX,0,0.0,0,0,0.0,0,0,0,0.0,0.40625,1,P55_CV0,2,1,1,1,1,0,2,0,2
59,271819.5057,-1493472.736,Age0_F59_m79f79_P59_Y7_UO3646,ID79_F59_m95f95_P64_Y1_UO4343,I79_F59_m16f16_P59_Y5_UO914,MXY,0,0.0,0,0,0.0,0,0,0,0.0,0.375,1,P55_CV0,2,0,2,2,0,0,2,0,2
59,271819.5057,-1493472.736,Age0_F59_m79f79_P59_Y7_UO3651,ID79_F64_m17f17_P64_Y1_UO926,ID79_F64_m79f79_P59_Y5_UO3623,FXX,0,0.0,0,0,0.0,0,0,0,0.0,0.25,1,P55_CV0,2,1,1,1,1,0,2,0,2
59,271819.5057,-1493472.736,Age0_F59_m79f79_P59_Y7_UO3665,I79_F59_m-1f-1_P79_Y-1_U98,I79_F64_m56f56_P59_Y2_UO2678,MXY,0,0.0,0,0,0.0,0,0,0,0.0,0.625,1,P55_CV0,2,2,0,1,1,0,2,0,2
59,271819.5057,-1493472.736,Age0_F59_m79f79_P59_Y7_UO3676,I79_F64_m-1f-1_P79_Y-1_U210,ID79_F59_m56f56_P59_Y5_UO2710,MXY,0,0.0,0,0,0.0,0,0,0,0.0,0.4375,1,P55_CV0,2,2,0,0,2,0,2,0,2
59,271819.5057,-1493472.736,E59_F3_m3f3_P59_Y6_UO105,I3_F59_m16f16_P59_Y4_UO877,I3_F59_m79f79_P59_Y3_UO3602,MXY,1,0.0,1,1,0.0,0,0,0,-9999.0,0.125,1,P55_CV0,2,1,1,0,2,0,2,0,2
59,271819.5057,-1493472.736,E59_F3_m3f3_P59_Y6_UO118,I3_F59_m56f56_P59_Y4_UO2609,I3_F59_m56f56_P59_Y4_UO2671,FXX,1,0.0,1,1,1.0,0,0,0,-9999.0,0.71875,1,P55_CV0,2,2,0,1,1,0,2,0,2
59,271819.5057,-1493472.736,E59_F3_m3f3_P59_Y6_UO135,I3_F59_m56f56_P59_Y4_UO2672,I3_F59_m79f79_P59_Y3_UO3573,FXX,1,0.0,1,1,1.0,0,0,0,-9999.0,0.5,1,P55_CV0,2,1,1,1,1,0,2,0,2
59,271819.5057,-1493472.736,E59_F3_m3f3_P59_Y6_UO144,ID3_F64_m3f3_P59_Y3_UO155,I3_F64_m56f56_P59_Y2_UO2664,MXY,1,0.0,1,1,0.0,0,0,0,-9999.0,0.625,1,P55_CV0,2,1,1,2,0,0,2,0,2
59,271819.5057,-1493472.736,E59_F3_m3f3_P59_Y6_UO176,I3_F59_m16f16_P59_Y1_UO801,ID3_F59_m56f56_P59_Y4_UO2653,MXY,1,0.0,1,1,0.0,0,0,0,-9999.0,0.375,1,P55_CV0,2,1,1,1,1,0,2,0,2
59,271819.5057,-1493472.736,E59_F3_m3f3_P59_Y6_UO182,I3_F59_m56f56_P59_Y1_UO2580,ID3_F59_m-1f-1_P3_Y-1_U131,MXY,1,0.0,1,1,0.0,0,0,0,-9999.0,0.75,1,P55_CV0,2,2,0,0,2,0,2,0,2
59,271819.5057,-1493472.736,E59_F3_m16f16_P59_Y6_UO920,I16_F59_m-1f-1_P56_Y-1_U241,I16_F59_m79f79_P59_Y2_UO3647,FXX,1,0.0,1,1,1.0,0,0,0,-9999.0,0.25,1,P55_CV0,2,0,2,2,0,0,2,0,2
59,271819.5057,-1493472.736,E59_F3_m16f16_P59_Y6_UO944,ID16_F59_m-1f-1_P56_Y-1_U139,I16_F59_m-1f-1_P16_Y-1_U103,FXX,1,0.0,1,1,1.0,0,0,0,-9999.0,0.75,1,P55_CV0,2,1,1,1,1,0,2,0,2
59,271819.5057,-1493472.736,E59_F3_m56f56_P59_Y6_UO2664,I56_F59_m56f56_P59_Y4_UO2686,ID56_F59_m-1f-1_P56_Y-1_U50,MXY,1,0.0,1,1,0.0,0,0,0,-9999.0,0.375,1,P55_CV0,2,0,2,0,2,0,2,0,2
59,271819.5057,-1493472.736,E59_F3_m56f56_P59_Y6_UO2665,I56_F59_m56f56_P59_Y4_UO2693,ID56_F59_m-1f-1_P56_Y-1_U152,MXY,1,0.0,1,1,0.0,0,0,0,-9999.0,0.875,1,P55_CV0,2,1,1,1,1,0,2,0,2
59,271819.5057,-1493472.736,E59_F3_m56f56_P59_Y6_UO2673,I56_F59_m56f56_P59_Y4_UO2685,I56_F59_m-1f-1_P56_Y-1_U60,FXX,1,0.0,1,1,1.0,0,0,0,-9999.0,0.625,1,P55_CV0,2,1,1,1,1,0,2,0,2
59,271819.5057,-1493472.736,E59_F3_m56f56_P59_Y6_UO2676,I56_F59_m56f56_P59_Y4_UO2622,ID56_F59_m-1f-1_P16_Y-1_U211,FXX,1,0.0,1,1,1.0,0,0,0,-9999.0,0.0625,1,P55_CV0,2,0,2,0,2,0,2,0,2
59,271819.5057,-1493472.736,E59_F3_m56f56_P59_Y6_UO2686,ID56_F59_m56f56_P59_Y2_UO2652,I56_F59_m-1f-1_P56_Y-1_U107,MXY,1,0.0,1,1,0.0,0,0,0,-9999.0,0.25,1,P55_CV0,2,0,2,2,0,0,2,0,2
59,271819.5057,-1493472.736,E59_F3_m56f56_P59_Y6_UO2693,I56_F59_m56f56_P59_Y1_UO2557,ID56_F59_m56f56_P59_Y0_UO2870,FXX,1,0.0,1,1,1.0,0,0,0,-9999.0,0.625,1,P55_CV0,2,0,2,2,0,0,2,0,2
59,271819.5057,-1493472.736,E59_F3_m56f56_P59_Y6_UO2716,I56_F59_m-1f-1_P3_Y-1_U21,I56_F59_m-1f-1_P56_Y-1_U57,FXX,1,0.0,1,1,1.0,0,0,0,-9999.0,0.75,1,P55_CV0,2,2,0,2,0,0,2,0,2
59,271819.5057,-1493472.736,E59_F3_m56f56_P59_Y6_UO2722,I56_F59_m-1f-1_P56_Y-1_U144,I56_F59_m-1f-1_P56_Y-1_U36,FXX,1,0.0,1,1,1.0,0,0,0,-9999.0,0.25,1,P55_CV0,2,1,1,2,0,0,2,0,2
59,271819.5057,-1493472.736,E59_F3_m56f56_P59_Y6_UO2723,I56_F59_m-1f-1_P56_Y-1_U211,I56_F59_m3f3_P59_Y1_UO145,MXY,1,0.0,1,1,0.0,0,0,0,-9999.0,0.125,1,P55_CV0,2,0,2,1,1,0,2,0,2
59,271819.5057,-1493472.736,E59_F3_m56f56_P59_Y6_UO2728,I56_F59_m-1f-1_P56_Y-1_U52,I56_F59_m79f79_P59_Y1_UO3430,MXY,1,0.0,1,1,0.0,0,0,0,-9999.0,0.375,1,P55_CV0,2,1,1,1,1,0,2,0,2
59,271819.5057,-1493472.736,E59_F3_m79f79_P59_Y6_UO3595,I79_F64_m56f56_P59_Y4_UO2689,I79_F59_m56f56_P59_Y2_UO2673,FXX,1,0.0,1,1,1.0,0,0,0,-9999.0,0.625,1,P55_CV0,2,2,0,1,1,0,2,0,2
59,271819.5057,-1493472.736,E59_F3_m79f79_P59_Y6_UO3623,I79_F64_m56f56_P59_Y3_UO2661,I79_F59_m3f3_P59_Y4_UO153,FXX,1,0.0,1,1,1.0,0,0,0,-9999.0,0.25,1,P55_CV0,2,0,2,1,1,0,2,0,2
59,271819.5057,-1493472.736,E59_F3_m3f3_P64_Y6_UO110,I3_F64_m56f56_P59_Y4_UO2684,I3_F59_m79f79_P59_Y3_UO3602,MXY,1,0.0,1,1,0.0,0,0,0,-9999.0,0.375,1,P55_CV0,2,1,1,1,1,0,2,0,2
59,271819.5057,-1493472.736,E59_F3_m79f79_P64_Y6_UO3578,I79_F64_m79f79_P64_Y4_UO3529,I79_F59_m56f56_P59_Y3_UO2695,MXY,1,0.0,1,1,0.0,0,0,0,-9999.0,0.5,1,P55_CV0,2,0,2,2,0,0,2,0,2
59,271819.5057,-1493472.736,E59_F16_m56f56_P59_Y6_UO2719,ID56_F59_m-1f-1_P56_Y-1_U91,ID56_F59_m-1f-1_P56_Y-1_U152,MXY,1,0.0,1,1,0.0,0,0,0,-9999.0,0.5,1,P55_CV0,2,1,1,2,0,0,2,0,2
59,271819.5057,-1493472.736,E59_F16_m56f56_P59_Y6_UO2729,I56_F59_m-1f-1_P56_Y-1_U93,I56_F59_m56f56_P59_Y0_UO2889,MXY,1,0.0,1,1,0.0,0,0,0,-9999.0,0.25,1,P55_CV0,2,1,1,1,1,0,2,0,2
59,271819.5057,-1493472.736,E59_F16_m79f79_P59_Y6_UO3629,ID79_F59_m56f56_P59_Y3_UO2697,I79_F59_m56f56_P59_Y2_UO2673,MXY,1,0.0,1,1,0.0,0,0,0,-9999.0,0.4375,1,P55_CV0,2,2,0,1,1,0,2,0,2
59,271819.5057,-1493472.736,E59_F17_m56f56_P59_Y6_UO2691,I56_F59_m56f56_P59_Y2_UO2638,ID56_F59_m56f56_P59_Y0_UO2870,FXX,1,0.0,1,1,1.0,0,0,0,-9999.0,0.5,1,P55_CV0,2,0,2,0,2,0,2,0,2
59,271819.5057,-1493472.736,E59_F17_m56f56_P59_Y6_UO2715,I56_F59_m-1f-1_P56_Y-1_U10,I56_F59_m56f56_P59_Y4_UO2652,MXY,1,0.0,1,1,0.0,0,0,0,-9999.0,0.375,1,P55_CV0,2,0,2,1,1,0,2,0,2
59,271819.5057,-1493472.736,E59_F56_m3f3_P59_Y6_UO124,I3_F59_m16f16_P59_Y4_UO915,I3_F59_m3f3_P59_Y3_UO98,FXX,1,0.0,1,1,1.0,0,0,0,-9999.0,0.75,1,P55_CV0,2,1,1,0,2,0,2,0,2
59,271819.5057,-1493472.736,E59_F56_m3f3_P59_Y6_UO128,ID3_F59_m79f79_P64_Y4_UO3544,I3_F59_m56f56_P59_Y4_UO2669,MXY,1,0.0,1,1,0.0,0,0,0,-9999.0,0.3125,1,P55_CV0,2,1,1,2,0,0,2,0,2
59,271819.5057,-1493472.736,E59_F56_m3f3_P59_Y6_UO138,I3_F59_m17f17_P64_Y4_UO994,I3_F59_m56f56_P59_Y4_UO2620,MXY,1,0.0,1,1,0.0,0,0,0,-9999.0,0.25,1,P55_CV0,2,1,1,0,2,0,2,0,2
59,271819.5057,-1493472.736,E59_F56_m3f3_P59_Y6_UO166,ID3_F59_m56f56_P59_Y2_UO2705,I3_F64_m56f56_P59_Y2_UO2664,MXY,1,0.0,1,1,0.0,0,0,0,-9999.0,0.625,1,P55_CV0,2,1,1,1,1,0,2,0,2
59,271819.5057,-1493472.736,E59_F56_m3f3_P59_Y6_UO177,ID3_F59_m56f56_P59_Y1_UO2592,I3_F59_m-1f-1_P79_Y-1_U242,MXY,1,0.0,1,1,0.0,0,0,0,-9999.0,0.75,1,P55_CV0,2,1,1,1,1,0,2,0,2
59,271819.5057,-1493472.736,E59_F56_m16f16_P59_Y6_UO898,I16_F59_m79f79_P59_Y4_UO3592,I16_F59_m16f16_P59_Y0_UO955,MXY,1,0.0,1,1,0.0,0,0,0,-9999.0,0.5,1,P55_CV0,2,1,1,1,1,0,2,0,2
59,271819.5057,-1493472.736,E59_F56_m16f16_P59_Y6_UO926,ID16_F59_m-1f-1_P56_Y-1_U156,I16_F59_m-1f-1_P16_Y-1_U174,MXY,1,0.0,1,1,0.0,0,0,0,-9999.0,0.25,1,P55_CV0,2,0,2,0,2,0,2,0,2
59,271819.5057,-1493472.736,E59_F56_m16f16_P59_Y6_UO933,ID16_F59_m-1f-1_P16_Y-1_U150,I16_F59_m-1f-1_P56_Y-1_U33,FXX,1,0.0,1,1,1.0,0,0,0,-9999.0,0.25,1,P55_CV0,2,1,1,1,1,0,2,0,2
59,271819.5057,-1493472.736,E59_F56_m16f16_P59_Y6_UO934,I16_F59_m-1f-1_P16_Y-1_U187,I16_F59_m-1f-1_P56_Y-1_U132,MXY,1,0.0,1,1,0.0,0,0,0,-9999.0,0.25,1,P55_CV0,2,1,1,1,1,0,2,0,2
59,271819.5057,-1493472.736,E59_F56_m16f16_P59_Y6_UO942,I16_F59_m-1f-1_P56_Y-1_U228,I16_F59_m3f3_P59_Y3_UO121,MXY,1,0.0,1,1,0.0,0,0,0,-9999.0,0.6875,1,P55_CV0,2,1,1,1,1,0,2,0,2
59,271819.5057,-1493472.736,E59_F56_m16f16_P59_Y6_UO950,I16_F59_m-1f-1_P56_Y-1_U103,I16_F59_m17f17_P59_Y3_UO944,MXY,1,0.0,1,1,0.0,0,0,0,-9999.0,0.5,1,P55_CV0,2,1,1,1,1,0,2,0,2
59,271819.5057,-1493472.736,E59_F56_m56f56_P59_Y6_UO2662,I56_F59_m16f16_P59_Y4_UO934,I56_F59_m79f79_P59_Y2_UO3593,MXY,1,0.0,1,1,0.0,0,0,0,-9999.0,0.5625,1,P55_CV0,2,1,1,1,1,0,2,0,2
59,271819.5057,-1493472.736,E59_F56_m56f56_P59_Y6_UO2668,ID56_F59_m56f56_P59_Y4_UO2663,ID56_F59_m3f3_P59_Y4_UO113,FXX,1,0.0,1,1,1.0,0,0,0,-9999.0,0.1875,1,P55_CV0,2,1,1,1,1,0,2,0,2
59,271819.5057,-1493472.736,E59_F56_m56f56_P59_Y6_UO2690,I56_F59_m16f16_P59_Y2_UO856,I56_F59_m56f56_P59_Y1_UO2548,FXX,1,0.0,1,1,1.0,0,0,0,-9999.0,0.625,1,P55_CV0,2,1,1,1,1,0,2,0,2
59,271819.5057,-1493472.736,E59_F56_m56f56_P59_Y6_UO2706,I56_F59_m-1f-1_P56_Y-1_U188,ID56_F59_m56f56_P59_Y0_UO2870,FXX,1,0.0,1,1,1.0,0,0,0,-9999.0,0.875,1,P55_CV0,2,2,0,1,1,0,2,0,2
59,271819.5057,-1493472.736,E59_F56_m56f56_P59_Y6_UO2707,I56_F59_m-1f-1_P56_Y-1_U61,ID56_F59_m16f16_P59_Y1_UO795,FXX,1,0.0,1,1,1.0,0,0,0,-9999.0,0.5,1,P55_CV0,2,1,1,1,1,0,2,0,2
59,271819.5057,-1493472.736,E59_F79_m79f79_P59_Y6_UO3642,I79_F64_m56f56_P59_Y2_UO2639,I79_F64_m-1f-1_P79_Y-1_U92,MXY,1,0.0,1,1,0.0,0,0,0,-9999.0,0.0625,1,P55_CV0,2,0,2,0,2,0,2,0,2
59,271819.5057,-1493472.736,E59_F79_m16f16_P59_Y6_UO949,ID16_F59_m-1f-1_P56_Y-1_U243,I16_F59_m-1f-1_P56_Y-1_U12,FXX,1,0.0,1,1,1.0,0,0,0,-9999.0,0.5,1,P55_CV0,2,1,1,1,1,0,2,0,2
59,271819.5057,-1493472.736,E59_F79_m79f79_P59_Y6_UO3610,I79_F64_m56f56_P59_Y4_UO2630,I79_F64_m56f56_P59_Y0_UO2911,FXX,1,0.0,1,1,1.0,0,0,0,-9999.0,0.625,1,P55_CV0,2,2,0,0,2,0,2,0,2
59,271819.5057,-1493472.736,E59_F79_m56f56_P59_Y6_UO2720,I56_F59_m-1f-1_P56_Y-1_U165,I56_F59_m-1f-1_P3_Y-1_U208,FXX,1,0.0,1,1,1.0,0,0,0,-9999.0,0.75,1,P55_CV0,2,2,0,1,1,0,2,0,2
59,271819.5057,-1493472.736,E59_F79_m56f56_P59_Y6_UO2712,I56_F59_m-1f-1_P56_Y-1_U112,ID56_F59_m-1f-1_P16_Y-1_U93,MXY,1,0.0,1,1,0.0,0,0,0,-9999.0,0.75,1,P55_CV0,2,1,1,1,1,0,2,0,2
59,271819.5057,-1493472.736,E59_F79_m56f56_P59_Y6_UO2711,I56_F59_m-1f-1_P16_Y-1_U248,ID56_F59_m-1f-1_P56_Y-1_U152,FXX,1,0.0,1,1,1.0,0,0,0,-9999.0,0.75,1,P55_CV0,2,1,1,1,1,0,2,0,2
59,271819.5057,-1493472.736,E59_F79_m3f3_P59_Y6_UO157,I3_F59_m3f3_P59_Y2_UO149,I3_F64_m-1f-1_P3_Y-1_U217,MXY,1,0.0,1,1,0.0,0,0,0,-9999.0,0.375,1,P55_CV0,2,0,2,0,2,0,2,0,2
59,271819.5057,-1493472.736,E59_F79_m3f3_P59_Y6_UO111,ID3_F59_m16f16_P59_Y4_UO942,I3_F59_m56f56_P59_Y2_UO2641,FXX,1,0.0,1,1,1.0,0,0,0,-9999.0,0.375,1,P55_CV0,2,0,2,1,1,0,2,0,2
59,271819.5057,-1493472.736,E59_F79_m16f16_P59_Y6_UO892,ID16_F59_m56f56_P59_Y4_UO2623,I16_F59_m-1f-1_P56_Y-1_U66,MXY,1,0.0,1,1,0.0,0,0,0,-9999.0,0.1875,1,P55_CV0,2,0,2,1,1,0,2,0,2
59,271819.5057,-1493472.736,E59_F79_m79f79_P59_Y6_UO3690,ID79_F59_m-1f-1_P95_Y-1_U45,I79_F59_m79f79_P59_Y4_UO3601,FXX,1,0.0,1,1,1.0,0,0,0,-9999.0,0.25,1,P55_CV0,2,0,2,2,0,0,2,0,2
59,271819.5057,-1493472.736,E59_F79_m56f56_P59_Y6_UO2704,ID56_F59_m-1f-1_P56_Y-1_U95,I56_F59_m-1f-1_P56_Y-1_U125,MXY,1,0.0,1,1,0.0,0,0,0,-9999.0,0.25,1,P55_CV0,2,1,1,1,1,0,2,0,2
59,271819.5057,-1493472.736,E59_F79_m56f56_P59_Y6_UO2695,ID56_F59_m56f56_P59_Y1_UO2593,ID56_F59_m3f3_P59_Y4_UO114,FXX,1,0.0,1,1,1.0,0,0,0,-9999.0,0.3125,1,P55_CV0,2,1,1,2,0,0,2,0,2
59,271819.5057,-1493472.736,E59_F79_m56f56_P59_Y6_UO2726,ID56_F59_m-1f-1_P3_Y-1_U91,I56_F59_m79f79_P59_Y2_UO3593,FXX,1,0.0,1,1,1.0,0,0,0,-9999.0,0.6875,1,P55_CV0,2,2,0,1,1,0,2,0,2
59,271819.5057,-1493472.736,E59_F79_m3f3_P64_Y6_UO158,I3_F64_m17f17_P59_Y2_UO1002,I3_F59_m56f56_P59_Y2_UO2641,FXX,1,0.0,1,1,1.0,0,0,0,-9999.0,0.25,1,P55_CV0,2,1,1,1,1,0,2,0,2
59,271819.5057,-1493472.736,E59_F79_m16f16_P59_Y6_UO904,I16_F59_m56f56_P59_Y3_UO2632,I16_F59_m16f16_P59_Y1_UO887,FXX,1,0.0,1,1,1.0,0,0,0,-9999.0,0.4375,1,P55_CV0,2,1,1,2,0,0,2,0,2
59,271819.5057,-1493472.736,E59_F79_m3f3_P64_Y6_UO109,I3_F59_m3f3_P59_Y4_UO135,I3_F59_m79f79_P59_Y3_UO3573,MXY,1,0.0,1,1,0.0,0,0,0,-9999.0,0.75,1,P55_CV0,2,1,1,1,1,0,2,0,2
59,271819.5057,-1493472.736,E59_F79_m16f16_P59_Y6_UO938,I16_F59_m-1f-1_P16_Y-1_U185,ID16_F59_m56f56_P59_Y4_UO2626,FXX,1,0.0,1,1,1.0,0,0,0,-9999.0,0.6875,1,P55_CV0,2,2,0,1,1,0,2,0,2
59,271819.5057,-1493472.736,E59_F79_m79f79_P59_Y6_UO3659,I79_F59_m95f95_P64_Y1_UO4300,ID79_F59_m3f3_P59_Y4_UO109,FXX,1,0.0,1,1,1.0,0,0,0,-9999.0,0.25,1,P55_CV0,2,0,2,2,0,0,2,0,2
59,271819.5057,-1493472.736,E59_F79_m16f16_P59_Y6_UO924,I16_F59_m-1f-1_P16_Y-1_U234,ID16_F59_m56f56_P59_Y1_UO2549,FXX,1,0.0,1,1,1.0,0,0,0,-9999.0,0.625,1,P55_CV0,2,1,1,1,1,0,2,0,2
59,271819.5057,-1493472.736,E59_F79_m56f56_P59_Y6_UO2725,ID56_F59_m-1f-1_P16_Y-1_U26,ID56_F59_m-1f-1_P56_Y-1_U50,MXY,1,0.0,1,1,0.0,0,0,0,-9999.0,0.75,1,P55_CV0,2,2,0,2,0,0,2,0,2
59,271819.5057,-1493472.736,E59_F79_m79f79_P59_Y6_UO3588,I79_F64_m56f56_P59_Y4_UO2614,I79_F64_m79f79_P59_Y3_UO3612,FXX,1,0.0,1,1,1.0,0,0,0,-9999.0,0.5625,1,P55_CV0,2,1,1,1,1,0,2,0,2
59,271819.5057,-1493472.736,E59_F79_m16f16_P59_Y6_UO939,ID16_F59_m-1f-1_P56_Y-1_U121,I16_F59_m-1f-1_P16_Y-1_U243,FXX,1,0.0,1,1,1.0,0,0,0,-9999.0,0.75,1,P55_CV0,2,2,0,1,1,0,2,0,2
59,271819.5057,-1493472.736,E59_F79_m56f56_P59_Y6_UO2718,I56_F59_m-1f-1_P56_Y-1_U236,ID56_F59_m-1f-1_P56_Y-1_U50,FXX,1,0.0,1,1,1.0,0,0,0,-9999.0,0.5,1,P55_CV0,2,1,1,1,1,0,2,0,2
59,271819.5057,-1493472.736,E59_F79_m56f56_P59_Y6_UO2681,ID56_F59_m56f56_P59_Y3_UO2678,I56_F59_m56f56_P59_Y0_UO2889,FXX,1,0.0,1,1,1.0,0,0,0,-9999.0,0.5,1,P55_CV0,2,1,1,1,1,0,2,0,2
59,271819.5057,-1493472.736,E59_F3_m56f56_P59_Y5_UO2663,I56_F59_m56f56_P59_Y1_UO2593,I56_F59_m-1f-1_P56_Y-1_U135,MXY,2,0.0,1,0,0.0,0,0,0,-9999.0,0.5,1,P55_CV0,2,2,0,2,0,0,2,0,2
59,271819.5057,-1493472.736,E59_F3_m79f79_P59_Y5_UO3607,I79_F59_m17f17_P64_Y1_UO940,ID79_F59_m56f56_P59_Y2_UO2678,FXX,2,0.0,1,0,1.0,0,0,0,-9999.0,0.375,1,P55_CV0,2,1,1,1,1,0,2,0,2
59,271819.5057,-1493472.736,E59_F3_m3f3_P59_Y5_UO139,ID3_F59_m3f3_P59_Y2_UO170,I3_F64_m56f56_P59_Y2_UO2707,FXX,2,0.0,1,0,1.0,0,0,0,-9999.0,0.25,1,P55_CV0,2,0,2,1,1,0,2,0,2
59,271819.5057,-1493472.736,E59_F3_m3f3_P59_Y5_UO147,I3_F64_m17f17_P64_Y2_UO976,I3_F59_m56f56_P59_Y0_UO2921,FXX,2,0.0,1,0,1.0,0,0,0,-9999.0,0.375,1,P55_CV0,2,1,1,1,1,0,2,0,2
59,271819.5057,-1493472.736,E59_F3_m56f56_P59_Y5_UO2655,I56_F59_m16f16_P59_Y2_UO869,ID56_F59_m-1f-1_P56_Y-1_U60,FXX,2,0.0,1,0,1.0,0,0,0,-9999.0,0.75,1,P55_CV0,2,2,0,1,1,0,2,0,2
59,271819.5057,-1493472.736,E59_F3_m3f3_P64_Y5_UO132,ID3_F59_m16f16_P59_Y3_UO857,ID3_F64_m79f79_P59_Y3_UO3551,MXY,2,0.0,1,0,0.0,0,0,0,-9999.0,0.375,1,P55_CV0,2,1,1,0,2,0,2,0,2
59,271819.5057,-1493472.736,E59_F16_m56f56_P59_Y5_UO2656,I56_F59_m16f16_P59_Y2_UO854,I56_F59_m-1f-1_P56_Y-1_U45,FXX,2,0.0,1,0,1.0,0,0,0,-9999.0,0.75,1,P55_CV0,2,1,1,0,2,0,2,0,2
59,271819.5057,-1493472.736,E59_F56_m79f79_P59_Y5_UO3640,I79_F59_m-1f-1_P3_Y-1_U176,ID79_F59_m56f56_P59_Y2_UO2678,MXY,2,0.0,1,0,0.0,0,0,0,-9999.0,0.375,1,P55_CV0,2,0,2,1,1,0,2,0,2
59,271819.5057,-1493472.736,E59_F56_m56f56_P59_Y5_UO2708,I56_F59_m-1f-1_P56_Y-1_U99,I56_F59_m-1f-1_P56_Y-1_U135,MXY,2,0.0,1,0,0.0,0,0,0,-9999.0,0.5,1,P55_CV0,2,2,0,2,0,0,2,0,2
59,271819.5057,-1493472.736,E59_F56_m3f3_P59_Y5_UO161,I3_F59_m17f17_P64_Y1_UO971,I3_F59_m56f56_P59_Y1_UO2524,FXX,2,0.0,1,0,1.0,0,0,0,-9999.0,0.25,1,P55_CV0,2,0,2,0,2,0,2,0,2
59,271819.5057,-1493472.736,E59_F56_m56f56_P59_Y5_UO2686,I56_F59_m-1f-1_P56_Y-1_U148,I56_F59_m-1f-1_P56_Y-1_U31,MXY,2,0.0,1,0,0.0,0,0,0,-9999.0,0.5,1,P55_CV0,2,1,1,0,2,0,2,0,2
59,271819.5057,-1493472.736,E59_F56_m56f56_P59_Y5_UO2641,I56_F59_m56f56_P59_Y3_UO2644,I56_F59_m56f56_P59_Y1_UO2548,FXX,2,0.0,1,0,1.0,0,0,0,-9999.0,0.6875,1,P55_CV0,2,2,0,1,1,0,2,0,2
59,271819.5057,-1493472.736,E59_F56_m56f56_P59_Y5_UO2659,ID56_F59_m56f56_P59_Y2_UO2638,I56_F59_m56f56_P59_Y1_UO2561,FXX,2,0.0,1,0,1.0,0,0,0,-9999.0,0.625,1,P55_CV0,2,1,1,1,1,0,2,0,2
59,271819.5057,-1493472.736,E59_F56_m56f56_P59_Y5_UO2640,I56_F59_m56f56_P59_Y3_UO2621,ID56_F59_m-1f-1_P56_Y-1_U43,MXY,2,0.0,1,0,0.0,0,0,0,-9999.0,0.5,1,P55_CV0,2,0,2,0,2,0,2,0,2
59,271819.5057,-1493472.736,E59_F56_m3f3_P59_Y5_UO166,I3_F59_m3f3_P59_Y1_UO110,I3_F59_m56f56_P59_Y2_UO2664,MXY,2,0.0,1,0,0.0,0,0,0,-9999.0,0.625,1,P55_CV0,2,1,1,2,0,0,2,0,2
59,271819.5057,-1493472.736,E59_F79_m16f16_P59_Y5_UO922,I16_F59_m-1f-1_P56_Y-1_U206,I16_F59_m17f17_P59_Y3_UO944,FXX,2,0.0,1,0,1.0,0,0,0,-9999.0,0.75,1,P55_CV0,2,2,0,2,0,0,2,0,2
59,271819.5057,-1493472.736,E59_F79_m3f3_P64_Y5_UO164,ID3_F59_m47f47_P64_Y1_UO2205,I3_F64_m56f56_P59_Y3_UO2660,MXY,2,0.0,1,0,0.0,0,0,0,-9999.0,0.25,1,P55_CV0,2,0,2,1,1,0,2,0,2
59,271819.5057,-1493472.736,E59_F79_m16f16_P59_Y5_UO934,ID16_F59_m-1f-1_P56_Y-1_U228,I16_F59_m-1f-1_P16_Y-1_U243,MXY,2,0.0,1,0,0.0,0,0,0,-9999.0,0.75,1,P55_CV0,2,1,1,0,2,0,2,0,2
59,271819.5057,-1493472.736,E59_F79_m56f56_P59_Y5_UO2667,I56_F59_m79f79_P59_Y1_UO3401,I56_F59_m-1f-1_P56_Y-1_U20,FXX,2,0.0,1,0,1.0,0,0,0,-9999.0,0.5,1,P55_CV0,2,0,2,2,0,0,2,0,2
59,271819.5057,-1493472.736,E59_F79_m3f3_P59_Y5_UO117,I3_F59_m56f56_P59_Y3_UO2701,I3_F59_m79f79_P59_Y1_UO3393,MXY,2,0.0,1,0,0.0,0,0,0,-9999.0,0.625,1,P55_CV0,2,1,1,1,1,0,2,0,2
59,271819.5057,-1493472.736,E59_F79_m79f79_P59_Y5_UO3595,I79_F59_m16f16_P59_Y2_UO903,I79_F64_m79f79_P64_Y3_UO3632,FXX,2,0.0,1,0,1.0,0,0,0,-9999.0,0.375,1,P55_CV0,2,0,2,1,1,0,2,0,2
59,271819.5057,-1493472.736,E59_F79_m56f56_P59_Y5_UO2696,ID56_F59_m-1f-1_P56_Y-1_U227,I56_F59_m-1f-1_P3_Y-1_U208,FXX,2,0.0,1,0,1.0,0,0,0,-9999.0,1.0,1,P55_CV0,2,2,0,2,0,0,2,0,2
59,271819.5057,-1493472.736,E59_F79_m79f79_P59_Y5_UO3623,ID79_F59_m56f56_P59_Y0_UO2868,ID79_F64_m-1f-1_P17_Y-1_U52,MXY,2,0.0,1,0,0.0,0,0,0,-9999.0,0.25,1,P55_CV0,2,1,1,1,1,0,2,0,2
59,271819.5057,-1493472.736,E59_F79_m56f56_P59_Y5_UO2710,I56_F59_m-1f-1_P56_Y-1_U16,I56_F59_m56f56_P59_Y3_UO2699,MXY,2,0.0,1,0,0.0,0,0,0,-9999.0,0.375,1,P55_CV0,2,1,1,0,2,0,2,0,2
59,271819.5057,-1493472.736,E59_F3_m16f16_P59_Y4_UO911,I16_F59_m-1f-1_P56_Y-1_U206,I16_F59_m-1f-1_P16_Y-1_U244,FXX,3,0.0,1,0,1.0,0,0,0,-9999.0,0.75,1,P55_CV0,2,1,1,1,1,0,2,0,2
59,271819.5057,-1493472.736,E59_F3_m56f56_P59_Y4_UO2669,I56_F59_m-1f-1_P56_Y-1_U56,I56_F59_m-1f-1_P56_Y-1_U135,MXY,3,0.0,1,0,0.0,0,0,0,-9999.0,0.25,1,P55_CV0,2,0,2,2,0,0,2,0,2
59,271819.5057,-1493472.736,E59_F3_m56f56_P59_Y4_UO2672,I56_F59_m-1f-1_P56_Y-1_U22,I56_F59_m-1f-1_P79_Y-1_U231,FXX,3,0.0,1,0,1.0,0,0,0,-9999.0,0.25,1,P55_CV0,2,0,2,1,1,0,2,0,2
59,271819.5057,-1493472.736,E59_F3_m3f3_P59_Y4_UO135,I3_F59_m56f56_P59_Y1_UO2594,I3_F59_m3f3_P59_Y1_UO104,FXX,3,0.0,1,0,1.0,0,0,0,-9999.0,0.75,1,P55_CV0,2,1,1,2,0,0,2,0,2
59,271819.5057,-1493472.736,E59_F3_m16f16_P59_Y4_UO943,I16_F59_m-1f-1_P56_Y-1_U87,I16_F59_m-1f-1_P56_Y-1_U245,MXY,3,0.0,1,0,0.0,0,0,0,-9999.0,0.75,1,P55_CV0,2,2,0,2,0,0,2,0,2
59,271819.5057,-1493472.736,E59_F3_m56f56_P59_Y4_UO2621,I56_F59_m56f56_P59_Y2_UO2676,I56_F59_m-1f-1_P79_Y-1_U231,MXY,3,0.0,1,0,0.0,0,0,0,-9999.0,0.625,1,P55_CV0,2,1,1,1,1,0,2,0,2
59,271819.5057,-1493472.736,E59_F3_m56f56_P59_Y4_UO2653,ID56_F59_m-1f-1_P56_Y-1_U95,I56_F59_m-1f-1_P56_Y-1_U238,MXY,3,0.0,1,0,0.0,0,0,0,-9999.0,0.0,1,P55_CV0,2,0,2,1,1,0,2,0,2
59,271819.5057,-1493472.736,E59_F3_m3f3_P59_Y4_UO100,ID3_F59_m16f16_P59_Y2_UO936,I3_F59_m16f16_P59_Y1_UO867,MXY,3,0.0,1,0,0.0,0,0,0,-9999.0,0.5,1,P55_CV0,2,1,1,0,2,0,2,0,2
59,271819.5057,-1493472.736,E59_F3_m79f79_P59_Y4_UO3531,I79_F59_m16f16_P59_Y2_UO903,I79_F59_m56f56_P59_Y0_UO2835,MXY,3,0.0,1,0,0.0,0,0,0,-9999.0,0.375,1,P55_CV0,2,1,1,1,1,0,2,0,2
59,271819.5057,-1493472.736,E59_F3_m56f56_P59_Y4_UO2658,ID56_F59_m-1f-1_P56_Y-1_U105,I56_F59_m-1f-1_P56_Y-1_U45,MXY,3,0.0,1,0,0.0,0,0,0,-9999.0,0.5,1,P55_CV0,2,1,1,1,1,0,2,0,2
59,271819.5057,-1493472.736,E59_F16_m79f79_P59_Y4_UO3592,ID79_F59_m56f56_P59_Y0_UO2868,I79_F64_m-1f-1_P79_Y-1_U95,FXX,3,0.0,1,0,1.0,0,0,0,-9999.0,0.5,1,P55_CV0,2,1,1,1,1,0,2,0,2
59,271819.5057,-1493472.736,E59_F16_m56f56_P59_Y4_UO2654,I56_F59_m-1f-1_P56_Y-1_U148,ID56_F59_m-1f-1_P56_Y-1_U101,FXX,3,0.0,1,0,1.0,0,0,0,-9999.0,0.75,1,P55_CV0,2,1,1,0,2,0,2,0,2
59,271819.5057,-1493472.736,E59_F16_m56f56_P59_Y4_UO2623,I56_F59_m56f56_P59_Y2_UO2711,I56_F59_m-1f-1_P56_Y-1_U238,FXX,3,0.0,1,0,1.0,0,0,0,-9999.0,0.375,1,P55_CV0,2,0,2,2,0,0,2,0,2
59,271819.5057,-1493472.736,E59_F16_m56f56_P59_Y4_UO2626,I56_F59_m3f3_P59_Y1_UO91,I56_F59_m-1f-1_P56_Y-1_U107,MXY,3,0.0,1,0,0.0,0,0,0,-9999.0,0.375,1,P55_CV0,2,1,1,0,2,0,2,0,2
59,271819.5057,-1493472.736,E59_F56_m56f56_P59_Y4_UO2622,I56_F59_m56f56_P59_Y2_UO2638,I56_F59_m-1f-1_P56_Y-1_U107,FXX,3,0.0,1,0,1.0,0,0,0,-9999.0,0.125,1,P55_CV0,2,0,2,0,2,0,2,0,2
59,271819.5057,-1493472.736,E59_F56_m56f56_P59_Y4_UO2659,I56_F59_m-1f-1_P56_Y-1_U201,I56_F59_m-1f-1_P56_Y-1_U100,FXX,3,0.0,1,0,1.0,0,0,0,-9999.0,0.5,1,P55_CV0,2,1,1,2,0,0,2,0,2
59,271819.5057,-1493472.736,E59_F56_m56f56_P59_Y4_UO2652,I56_F59_m-1f-1_P16_Y-1_U105,I56_F59_m-1f-1_P56_Y-1_U238,MXY,3,0.0,1,0,0.0,0,0,0,-9999.0,0.25,1,P55_CV0,2,1,1,1,1,0,2,0,2
59,271819.5057,-1493472.736,E59_F56_m56f56_P59_Y4_UO2618,ID56_F59_m79f79_P59_Y2_UO3601,ID56_F59_m56f56_P59_Y0_UO2870,MXY,3,0.0,1,0,0.0,0,0,0,-9999.0,0.5,1,P55_CV0,2,1,1,2,0,0,2,0,2
59,271819.5057,-1493472.736,E59_F56_m56f56_P59_Y4_UO2687,I56_F59_m-1f-1_P56_Y-1_U207,ID56_F59_m-1f-1_P56_Y-1_U1,MXY,3,0.0,1,0,0.0,0,0,0,-9999.0,0.5,1,P55_CV0,2,1,1,0,2,0,2,0,2
59,271819.5057,-1493472.736,E59_F79_m3f3_P64_Y4_UO105,ID3_F64_m17f17_P64_Y2_UO976,I3_F64_m56f56_P59_Y1_UO2524,FXX,3,0.0,1,0,1.0,0,0,0,-9999.0,0.125,1,P55_CV0,2,0,2,1,1,0,2,0,2
59,271819.5057,-1493472.736,E59_F79_m16f16_P59_Y4_UO915,I16_F59_m-1f-1_P56_Y-1_U121,I16_F59_m-1f-1_P16_Y-1_U103,FXX,3,0.0,1,0,1.0,0,0,0,-9999.0,1.0,1,P55_CV0,2,2,0,1,1,0,2,0,2
59,271819.5057,-1493472.736,E59_F79_m56f56_P59_Y4_UO2689,ID56_F59_m-1f-1_P56_Y-1_U242,I56_F59_m-1f-1_P56_Y-1_U98,FXX,3,0.0,1,0,1.0,0,0,0,-9999.0,1.0,1,P55_CV0,2,2,0,2,0,0,2,0,2
59,271819.5057,-1493472.736,E59_F79_m56f56_P59_Y4_UO2645,I56_F59_m17f17_P64_Y0_UO1078,I56_F59_m-1f-1_P56_Y-1_U238,FXX,3,0.0,1,0,1.0,0,0,0,-9999.0,0.25,1,P55_CV0,2,0,2,1,1,0,2,0,2
59,271819.5057,-1493472.736,E59_F79_m56f56_P59_Y4_UO2608,I56_F59_m56f56_P59_Y2_UO2652,I56_F59_m-1f-1_P56_Y-1_U100,FXX,3,0.0,1,0,1.0,0,0,0,-9999.0,0.75,1,P55_CV0,2,1,1,2,0,0,2,0,2
59,271819.5057,-1493472.736,E59_F79_m3f3_P59_Y4_UO109,I3_F59_m56f56_P59_Y2_UO2653,ID3_F64_m-1f-1_P17_Y-1_U162,MXY,3,0.0,1,0,0.0,0,0,0,-9999.0,0.5,1,P55_CV0,2,1,1,1,1,0,2,0,2
59,271819.5057,-1493472.736,E59_F3_m56f56_P59_Y3_UO2686,I56_F59_m-1f-1_P56_Y-1_U160,I56_F59_m-1f-1_P56_Y-1_U152,MXY,4,0.0,1,0,0.0,0,0,0,-9999.0,0.75,1,P55_CV0,2,2,0,1,1,0,2,0,2
59,271819.5057,-1493472.736,E59_F3_m56f56_P59_Y3_UO2658,I56_F59_m-1f-1_P56_Y-1_U105,I56_F59_m56f56_P59_Y1_UO2515,MXY,4,0.0,1,0,0.0,0,0,0,-9999.0,0.5,1,P55_CV0,2,0,2,1,1,0,2,0,2
59,271819.5057,-1493472.736,E59_F3_m56f56_P59_Y3_UO2649,I56_F59_m-1f-1_P16_Y-1_U105,I56_F59_m-1f-1_P56_Y-1_U205,FXX,4,0.0,1,0,1.0,0,0,0,-9999.0,0.5,1,P55_CV0,2,1,1,1,1,0,2,0,2
59,271819.5057,-1493472.736,E59_F16_m56f56_P59_Y3_UO2664,I56_F59_m-1f-1_P56_Y-1_U148,I56_F59_m-1f-1_P56_Y-1_U25,FXX,4,0.0,1,0,1.0,0,0,0,-9999.0,0.75,1,P55_CV0,2,1,1,1,1,0,2,0,2
59,271819.5057,-1493472.736,E59_F16_m79f79_P59_Y3_UO3587,ID79_F59_m56f56_P59_Y0_UO2868,I79_F59_m56f56_P59_Y1_UO2520,MXY,4,0.0,1,0,0.0,0,0,0,-9999.0,0.5,1,P55_CV0,2,1,1,1,1,0,2,0,2
59,271819.5057,-1493472.736,E59_F56_m56f56_P59_Y3_UO2678,I56_F59_m-1f-1_P56_Y-1_U236,I56_F59_m-1f-1_P56_Y-1_U73,FXX,4,0.0,1,0,1.0,0,0,0,-9999.0,0.5,1,P55_CV0,2,0,2,2,0,0,2,0,2
59,271819.5057,-1493472.736,E59_F56_m56f56_P59_Y3_UO2675,I56_F59_m-1f-1_P56_Y-1_U172,ID56_F59_m-1f-1_P56_Y-1_U57,MXY,4,0.0,1,0,0.0,0,0,0,-9999.0,0.75,1,P55_CV0,2,1,1,2,0,0,2,0,2
59,271819.5057,-1493472.736,E59_F56_m56f56_P59_Y3_UO2699,ID56_F59_m-1f-1_P56_Y-1_U16,I56_F59_m-1f-1_P56_Y-1_U107,MXY,4,0.0,1,0,0.0,0,0,0,-9999.0,0.25,1,P55_CV0,2,0,2,1,1,0,2,0,2
59,271819.5057,-1493472.736,E59_F79_m56f56_P59_Y3_UO2695,I56_F59_m-1f-1_P56_Y-1_U242,ID56_F59_m-1f-1_P56_Y-1_U43,MXY,4,0.0,1,0,0.0,0,0,0,-9999.0,0.75,1,P55_CV0,2,1,1,1,1,0,2,0,2
59,271819.5057,-1493472.736,E59_F79_m16f16_P59_Y3_UO857,ID16_F59_m56f56_P59_Y0_UO2851,I16_F59_m-1f-1_P56_Y-1_U12,FXX,4,0.0,1,0,1.0,0,0,0,-9999.0,0.375,1,P55_CV0,2,1,1,1,1,0,2,0,2
59,271819.5057,-1493472.736,E59_F3_m56f56_P59_Y2_UO2710,I56_F59_m-1f-1_P56_Y-1_U102,ID56_F59_m56f56_P59_Y0_UO2894,MXY,5,0.0,1,0,0.0,0,0,0,-9999.0,0.625,1,P55_CV0,2,2,0,2,0,0,2,0,2
59,271819.5057,-1493472.736,E59_F3_m56f56_P59_Y2_UO2664,ID56_F59_m-1f-1_P79_Y-1_U125,ID56_F59_m-1f-1_P56_Y-1_U41,MXY,5,0.0,1,0,0.0,0,0,0,-9999.0,1.0,1,P55_CV0,2,2,0,1,1,0,2,0,2
59,271819.5057,-1493472.736,E59_F3_m16f16_P59_Y2_UO936,I16_F59_m-1f-1_P16_Y-1_U70,ID16_F59_m-1f-1_P56_Y-1_U245,FXX,5,0.0,1,0,1.0,0,0,0,-9999.0,0.75,1,P55_CV0,2,2,0,0,2,0,2,0,2
59,271819.5057,-1493472.736,E59_F3_m56f56_P59_Y2_UO2705,I56_F59_m-1f-1_P56_Y-1_U198,ID56_F59_m-1f-1_P56_Y-1_U72,FXX,5,0.0,1,0,1.0,0,0,0,-9999.0,0.25,1,P55_CV0,2,0,2,2,0,0,2,0,2
59,271819.5057,-1493472.736,E59_F3_m56f56_P59_Y2_UO2707,I56_F59_m-1f-1_P56_Y-1_U99,I56_F59_m-1f-1_P56_Y-1_U111,MXY,5,0.0,1,0,0.0,0,0,0,-9999.0,0.25,1,P55_CV0,2,0,2,2,0,0,2,0,2
59,271819.5057,-1493472.736,E59_F3_m56f56_P59_Y2_UO2684,ID56_F59_m-1f-1_P56_Y-1_U85,I56_F59_m-1f-1_P56_Y-1_U113,FXX,5,0.0,1,0,1.0,0,0,0,-9999.0,0.75,1,P55_CV0,2,2,0,2,0,0,2,0,2
59,271819.5057,-1493472.736,E59_F16_m56f56_P59_Y2_UO2660,ID56_F59_m-1f-1_P56_Y-1_U156,I56_F59_m-1f-1_P56_Y-1_U25,MXY,5,0.0,1,0,0.0,0,0,0,-9999.0,0.25,1,P55_CV0,2,1,1,1,1,0,2,0,2
59,271819.5057,-1493472.736,E59_F16_m79f79_P59_Y2_UO3545,I79_F64_m95f95_P64_Y0_UO4801,I79_F59_m56f56_P59_Y0_UO2914,MXY,5,0.0,1,0,0.0,0,0,0,-9999.0,0.75,1,P55_CV0,2,2,0,1,1,0,2,0,2
59,271819.5057,-1493472.736,E59_F56_m56f56_P59_Y2_UO2638,I56_F59_m56f56_P59_Y0_UO2906,I56_F59_m-1f-1_P56_Y-1_U54,FXX,5,0.0,1,0,1.0,0,0,0,-9999.0,0.25,1,P55_CV0,2,0,2,1,1,0,2,0,2
59,271819.5057,-1493472.736,E59_F56_m56f56_P59_Y2_UO2652,I56_F59_m-1f-1_P56_Y-1_U19,ID56_F59_m-1f-1_P56_Y-1_U180,FXX,5,0.0,1,0,1.0,0,0,0,-9999.0,0.5,1,P55_CV0,2,0,2,2,0,0,2,0,2
59,271819.5057,-1493472.736,E59_F79_m79f79_P59_Y2_UO3639,I79_F64_m-1f-1_P79_Y-1_U81,ID79_F59_m56f56_P59_Y0_UO2911,MXY,5,0.0,1,0,0.0,0,0,0,-9999.0,0.875,1,P55_CV0,2,2,0,0,2,0,2,0,2
59,271819.5057,-1493472.736,E59_F79_m56f56_P59_Y2_UO2678,ID56_F59_m-1f-1_P56_Y-1_U56,I56_F59_m-1f-1_P56_Y-1_U92,MXY,5,0.0,1,0,0.0,0,0,0,-9999.0,0.25,1,P55_CV0,2,1,1,1,1,0,2,0,2
59,271819.5057,-1493472.736,E59_F3_m56f56_P59_Y1_UO2592,ID56_F59_m-1f-1_P56_Y-1_U216,I56_F59_m-1f-1_P56_Y-1_U9,FXX,6,0.0,1,0,1.0,0,0,0,-9999.0,1.0,1,P55_CV0,2,2,0,2,0,0,2,0,2
59,271819.5057,-1493472.736,E59_F3_m56f56_P59_Y1_UO2580,I56_F59_m-1f-1_P56_Y-1_U52,I56_F59_m-1f-1_P56_Y-1_U173,FXX,6,0.0,1,0,1.0,0,0,0,-9999.0,0.5,1,P55_CV0,2,1,1,0,2,0,2,0,2
59,271819.5057,-1493472.736,E59_F16_m56f56_P59_Y1_UO2549,I56_F59_m-1f-1_P56_Y-1_U197,I56_F59_m-1f-1_P56_Y-1_U31,MXY,6,0.0,1,0,0.0,0,0,0,-9999.0,0.25,1,P55_CV0,2,0,2,1,1,0,2,0,2
59,271819.5057,-1493472.736,E59_F56_m56f56_P59_Y1_UO2561,I56_F59_m-1f-1_P56_Y-1_U183,I56_F59_m-1f-1_P56_Y-1_U100,MXY,6,0.0,1,0,0.0,0,0,0,-9999.0,1.0,1,P55_CV0,2,2,0,2,0,0,2,0,2
59,271819.5057,-1493472.736,E59_F56_m56f56_P59_Y1_UO2593,I56_F59_m-1f-1_P56_Y-1_U195,I56_F59_m-1f-1_P56_Y-1_U18,FXX,6,0.0,1,0,1.0,0,0,0,-9999.0,0.5,1,P55_CV0,2,1,1,2,0,0,2,0,2
59,271819.5057,-1493472.736,E59_F56_m56f56_P59_Y1_UO2557,I56_F59_m-1f-1_P56_Y-1_U139,ID56_F59_m-1f-1_P56_Y-1_U72,FXX,6,0.0,1,0,1.0,0,0,0,-9999.0,0.5,1,P55_CV0,2,0,2,1,1,0,2,0,2
59,271819.5057,-1493472.736,E59_F56_m56f56_P59_Y1_UO2518,I56_F59_m-1f-1_P56_Y-1_U154,I56_F59_m-1f-1_P56_Y-1_U100,FXX,6,0.0,1,0,1.0,0,0,0,-9999.0,0.75,1,P55_CV0,2,1,1,2,0,0,2,0,2
59,271819.5057,-1493472.736,E59_F56_m56f56_P59_Y1_UO2548,I56_F59_m-1f-1_P56_Y-1_U203,I56_F59_m-1f-1_P56_Y-1_U64,MXY,6,0.0,1,0,0.0,0,0,0,-9999.0,0.75,1,P55_CV0,2,2,0,0,2,0,2,0,2
59,271819.5057,-1493472.736,E59_F16_m56f56_P59_Y0_UO2839,R56_F56_m-1f-1_P56_Y-1_U32,R56_F56_m-1f-1_P56_Y-1_U62,MXY,7,0.0,1,0,0.0,0,0,0,-9999.0,0.25,1,P55_CV0,2,0,2,2,0,0,2,0,2
59,271819.5057,-1493472.736,E59_F56_m56f56_P59_Y0_UO2889,R56_F56_m-1f-1_P56_Y-1_U167,R56_F56_m-1f-1_P56_Y-1_U205,MXY,7,0.0,1,0,0.0,0,0,0,-9999.0,0.5,1,P55_CV0,2,1,1,1,1,0,2,0,2
59,271819.5057,-1493472.736,E59_F79_m56f56_P59_Y0_UO2911,R56_F56_m-1f-1_P56_Y-1_U209,R56_F56_m-1f-1_P56_Y-1_U180,MXY,7,0.0,1,0,0.0,0,0,0,-9999.0,0.75,1,P55_CV0,2,2,0,0,2,0,2,0,2
59,271819.5057,-1493472.736,E59_F16_m-1f-1_P56_Y-1_U55,-9999,-9999,MXY,8,0.0,1,0,0.0,0,0,0,-9999.0,1.0,1,P55_CV0,2,2,0,1,1,0,2,0,2
59,271819.5057,-1493472.736,E59_F16_m-1f-1_P56_Y-1_U241,-9999,-9999,FXX,8,0.0,1,0,1.0,0,0,0,-9999.0,0.5,1,P55_CV0,2,1,1,2,0,0,2,0,2
59,271819.5057,-1493472.736,E59_F16_m-1f-1_P56_Y-1_U12,-9999,-9999,MXY,8,0.0,1,0,0.0,0,0,0,-9999.0,0.0,1,P55_CV0,2,0,2,0,2,0,2,0,2
59,271819.5057,-1493472.736,E59_F56_m-1f-1_P56_Y-1_U188,-9999,-9999,FXX,8,0.0,1,0,1.0,0,0,0,-9999.0,1.0,1,P55_CV0,2,2,0,0,2,0,2,0,2
59,271819.5057,-1493472.736,E59_F56_m-1f-1_P56_Y-1_U152,-9999,-9999,MXY,8,0.0,1,0,0.0,0,0,0,-9999.0,1.0,1,P55_CV0,2,2,0,1,1,0,2,0,2
59,271819.5057,-1493472.736,E59_F56_m-1f-1_P56_Y-1_U25,-9999,-9999,MXY,8,0.0,1,0,0.0,0,0,0,-9999.0,0.5,1,P55_CV0,2,1,1,1,1,0,2,0,2
59,271819.5057,-1493472.736,E59_F56_m-1f-1_P56_Y-1_U95,-9999,-9999,FXX,8,0.0,1,0,1.0,0,0,0,-9999.0,0.0,1,P55_CV0,2,0,2,0,2,0,2,0,2
59,271819.5057,-1493472.736,E59_F56_m-1f-1_P56_Y-1_U238,-9999,-9999,MXY,8,0.0,1,0,0.0,0,0,0,-9999.0,0.0,1,P55_CV0,2,0,2,2,0,0,2,0,2
59,271819.5057,-1493472.736,E59_F16_m-1f-1_P56_Y-1_U127,-9999,-9999,FXX,9,0.0,1,0,1.0,0,0,0,-9999.0,0.5,1,P55_CV0,2,1,1,1,1,0,2,0,2
59,271819.5057,-1493472.736,E59_F56_m-1f-1_P56_Y-1_U156,-9999,-9999,FXX,9,0.0,1,0,1.0,0,0,0,-9999.0,0.0,1,P55_CV0,2,0,2,0,2,0,2,0,2
59,271819.5057,-1493472.736,E59_F56_m-1f-1_P56_Y-1_U61,-9999,-9999,FXX,9,0.0,1,0,1.0,0,0,0,-9999.0,0.5,1,P55_CV0,2,1,1,1,1,0,2,0,2
59,271819.5057,-1493472.736,E59_F56_m-1f-1_P56_Y-1_U111,-9999,-9999,MXY,9,0.0,1,0,0.0,0,0,0,-9999.0,0.0,1,P55_CV0,2,0,2,1,1,0,2,0,2
59,271819.5057,-1493472.736,E59_F56_m-1f-1_P56_Y-1_U45,-9999,-9999,MXY,9,0.0,1,0,0.0,0,0,0,-9999.0,0.5,1,P55_CV0,2,1,1,0,2,0,2,0,2
59,271819.5057,-1493472.736,E59_F56_m-1f-1_P56_Y-1_U125,-9999,-9999,MXY,9,0.0,1,0,0.0,0,0,0,-9999.0,0.5,1,P55_CV0,2,1,1,1,1,0,2,0,2
59,271819.5057,-1493472.736,E59_F16_m-1f-1_P56_Y-1_U18,-9999,-9999,MXY,10,0.0,1,0,0.0,0,0,0,-9999.0,0.5,1,P55_CV0,2,1,1,2,0,0,2,0,2
59,271819.5057,-1493472.736,E59_F16_m-1f-1_P56_Y-1_U132,-9999,-9999,MXY,10,0.0,1,0,0.0,0,0,0,-9999.0,0.0,1,P55_CV0,2,0,2,0,2,0,2,0,2
59,271819.5057,-1493472.736,E59_F56_m-1f-1_P56_Y-1_U36,-9999,-9999,MXY,10,0.0,1,0,0.0,0,0,0,-9999.0,0.5,1,P55_CV0,2,1,1,2,0,0,2,0,2
59,271819.5057,-1493472.736,E59_F56_m-1f-1_P56_Y-1_U30,-9999,-9999,FXX,10,0.0,1,0,1.0,0,0,0,-9999.0,0.5,1,P55_CV0,2,1,1,1,1,0,2,0,2
59,271819.5057,-1493472.736,E59_F56_m-1f-1_P56_Y-1_U107,-9999,-9999,MXY,10,0.0,1,0,0.0,0,0,0,-9999.0,0.0,1,P55_CV0,2,0,2,1,1,0,2,0,2
59,271819.5057,-1493472.736,E59_F56_m-1f-1_P56_Y-1_U57,-9999,-9999,MXY,10,0.0,1,0,0.0,0,0,0,-9999.0,0.5,1,P55_CV0,2,1,1,2,0,0,2,0,2
59,271819.5057,-1493472.736,E59_F56_m-1f-1_P56_Y-1_U31,-9999,-9999,MXY,10,0.0,1,0,0.0,0,0,0,-9999.0,0.0,1,P55_CV0,2,0,2,0,2,0,2,0,2
59,271819.5057,-1493472.736,E59_F16_m-1f-1_P56_Y-1_U56,-9999,-9999,FXX,11,0.0,1,0,1.0,0,0,0,-9999.0,0.0,1,P55_CV0,2,0,2,2,0,0,2,0,2
59,271819.5057,-1493472.736,E59_F16_m-1f-1_P56_Y-1_U121,-9999,-9999,FXX,11,0.0,1,0,1.0,0,0,0,-9999.0,1.0,1,P55_CV0,2,2,0,1,1,0,2,0,2
59,271819.5057,-1493472.736,E59_F56_m-1f-1_P56_Y-1_U10,-9999,-9999,FXX,11,0.0,1,0,1.0,0,0,0,-9999.0,0.5,1,P55_CV0,2,1,1,2,0,0,2,0,2
59,271819.5057,-1493472.736,E59_F56_m-1f-1_P56_Y-1_U20,-9999,-9999,MXY,11,0.0,1,0,0.0,0,0,0,-9999.0,0.5,1,P55_CV0,2,1,1,2,0,0,2,0,2
59,271819.5057,-1493472.736,E59_F56_m-1f-1_P56_Y-1_U113,-9999,-9999,MXY,11,0.0,1,0,0.0,0,0,0,-9999.0,1.0,1,P55_CV0,2,2,0,2,0,0,2,0,2
59,271819.5057,-1493472.736,E59_F16_m-1f-1_P56_Y-1_U139,-9999,-9999,FXX,12,0.0,1,0,1.0,0,0,0,-9999.0,0.5,1,P55_CV0,2,1,1,2,0,0,2,0,2
59,271819.5057,-1493472.736,E59_F16_m-1f-1_P56_Y-1_U97,-9999,-9999,MXY,12,0.0,1,0,0.0,0,0,0,-9999.0,0.5,1,P55_CV0,2,1,1,1,1,0,2,0,2
59,271819.5057,-1493472.736,E59_F56_m-1f-1_P56_Y-1_U227,-9999,-9999,FXX,12,0.0,1,0,1.0,0,0,0,-9999.0,1.0,1,P55_CV0,2,2,0,2,0,0,2,0,2
59,271819.5057,-1493472.736,E59_F56_m-1f-1_P56_Y-1_U236,-9999,-9999,FXX,12,0.0,1,0,1.0,0,0,0,-9999.0,0.5,1,P55_CV0,2,1,1,1,1,0,2,0,2
59,271819.5057,-1493472.736,E59_F56_m-1f-1_P56_Y-1_U60,-9999,-9999,MXY,12,0.0,1,0,0.0,0,0,0,-9999.0,1.0,1,P55_CV0,2,2,0,2,0,0,2,0,2
59,271819.5057,-1493472.736,E59_F16_m-1f-1_P56_Y-1_U33,-9999,-9999,MXY,13,0.0,1,0,0.0,0,0,0,-9999.0,0.5,1,P55_CV0,2,1,1,0,2,0,2,0,2
59,271819.5057,-1493472.736,E59_F56_m-1f-1_P56_Y-1_U50,-9999,-9999,MXY,13,0.0,1,0,0.0,0,0,0,-9999.0,0.5,1,P55_CV0,2,1,1,1,1,0,2,0,2
59,271819.5057,-1493472.736,E59_F56_m-1f-1_P56_Y-1_U135,-9999,-9999,MXY,13,0.0,1,0,0.0,0,0,0,-9999.0,0.5,1,P55_CV0,2,1,1,2,0,0,2,0,2
59,271819.5057,-1493472.736,E59_F56_m-1f-1_P56_Y-1_U77,-9999,-9999,FXX,13,0.0,1,0,1.0,0,0,0,-9999.0,1.0,1,P55_CV0,2,2,0,1,1,0,2,0,2
59,271819.5057,-1493472.736,E59_F56_m-1f-1_P56_Y-1_U165,-9999,-9999,FXX,13,0.0,1,0,1.0,0,0,0,-9999.0,0.5,1,P55_CV0,2,1,1,0,2,0,2,0,2
59,271819.5057,-1493472.736,E59_F56_m-1f-1_P56_Y-1_U109,-9999,-9999,FXX,14,0.0,1,0,1.0,0,0,0,-9999.0,0.5,1,P55_CV0,2,1,1,1,1,0,2,0,2
59,271819.5057,-1493472.736,E59_F56_m-1f-1_P56_Y-1_U211,-9999,-9999,FXX,14,0.0,1,0,1.0,0,0,0,-9999.0,0.0,1,P55_CV0,2,0,2,1,1,0,2,0,2
59,271819.5057,-1493472.736,E59_F56_m-1f-1_P56_Y-1_U52,-9999,-9999,FXX,15,0.0,1,0,1.0,0,0,0,-9999.0,0.0,1,P55_CV0,2,0,2,0,2,0,2,0,2
59,271819.5057,-1493472.736,E59_F56_m-1f-1_P56_Y-1_U96,-9999,-9999,MXY,15,0.0,1,0,0.0,0,0,0,-9999.0,0.5,1,P55_CV0,2,1,1,1,1,0,2,0,2
59,271819.5057,-1493472.736,E59_F56_m-1f-1_P56_Y-1_U93,-9999,-9999,FXX,16,0.0,1,0,1.0,0,0,0,-9999.0,0.0,1,P55_CV0,2,0,2,1,1,0,2,0,2
59,271819.5057,-1493472.736,Age0_F59_m3f3_P59_Y7_UO109,I3_F59_m79f79_P64_Y5_UO3561,I3_F64_m79f79_P59_Y0_UO3872,FXX,0,0.0,0,0,0.0,0,0,0,0.0,0.375,1,P78_CV0,2,0,2,2,0,0,2,0,2
59,271819.5057,-1493472.736,Age0_F59_m3f3_P59_Y7_UO119,I3_F59_m79f79_P59_Y5_UO3553,I3_F59_m-1f-1_P79_Y-1_U244,MXY,0,0.0,0,0,0.0,0,0,0,0.0,0.28125,1,P78_CV0,2,1,1,1,1,0,2,0,2
59,271819.5057,-1493472.736,Age0_F59_m3f3_P59_Y7_UO124,I3_F59_m79f79_P59_Y5_UO3627,I3_F59_m17f17_P59_Y5_UO950,FXX,0,0.0,0,0,0.0,0,0,0,0.0,0.53125,1,P78_CV0,2,0,2,0,2,0,2,0,2
59,271819.5057,-1493472.736,Age0_F59_m3f3_P59_Y7_UO127,I3_F59_m3f3_P59_Y5_UO121,I3_F59_m-1f-1_P79_Y-1_U24,FXX,0,0.0,0,0,0.0,0,0,0,0.0,0.4375,1,P78_CV0,2,2,0,0,2,0,2,0,2
59,271819.5057,-1493472.736,Age0_F59_m3f3_P59_Y7_UO130,I3_F59_m3f3_P59_Y5_UO172,I3_F64_m79f79_P59_Y4_UO3624,MXY,0,0.0,0,0,0.0,0,0,0,0.0,0.625,1,P78_CV0,2,1,1,1,1,0,2,0,2
59,271819.5057,-1493472.736,Age0_F59_m3f3_P59_Y7_UO132,ID3_F64_m17f17_P64_Y5_UO997,ID3_F59_m16f16_P59_Y4_UO893,MXY,0,0.0,0,0,0.0,0,0,0,0.0,0.375,1,P78_CV0,2,1,1,0,2,0,2,0,2
59,271819.5057,-1493472.736,Age0_F59_m3f3_P59_Y7_UO142,I3_F59_m79f79_P59_Y4_UO3620,I3_F64_m3f3_P59_Y5_UO112,FXX,0,0.0,0,0,0.0,0,0,0,0.0,0.5,1,P78_CV0,2,1,1,1,1,0,2,0,2
59,271819.5057,-1493472.736,Age0_F59_m3f3_P59_Y7_UO144,I3_F59_m17f17_P64_Y4_UO967,I3_F64_m3f3_P59_Y5_UO112,FXX,0,0.0,0,0,0.0,0,0,0,0.0,0.6875,1,P78_CV0,2,2,0,1,1,0,2,0,2
59,271819.5057,-1493472.736,Age0_F59_m3f3_P59_Y7_UO146,ID3_F59_m79f79_P64_Y4_UO3589,I3_F59_m17f17_P59_Y3_UO1012,MXY,0,0.0,0,0,0.0,0,0,0,0.0,0.3125,1,P78_CV0,2,1,1,2,0,0,2,0,2
59,271819.5057,-1493472.736,Age0_F59_m3f3_P59_Y7_UO147,I3_F59_m16f16_P59_Y4_UO880,ID3_F59_m17f17_P64_Y1_UO895,MXY,0,0.0,0,0,0.0,0,0,0,0.0,0.21875,1,P78_CV0,2,1,1,1,1,0,2,0,2
59,271819.5057,-1493472.736,Age0_F59_m3f3_P59_Y7_UO160,I3_F64_m56f56_P59_Y3_UO2618,I3_F59_m17f17_P64_Y5_UO952,MXY,0,0.0,0,0,0.0,0,0,0,0.0,0.5,1,P78_CV0,2,0,2,1,1,0,2,0,2
59,271819.5057,-1493472.736,Age0_F59_m3f3_P59_Y7_UO174,I3_F59_m3f3_P59_Y2_UO115,I3_F59_m95f95_P64_Y3_UO4459,MXY,0,0.0,0,0,0.0,0,0,0,0.0,0.5,1,P78_CV0,2,2,0,1,1,0,2,0,2
59,271819.5057,-1493472.736,Age0_F59_m3f3_P59_Y7_UO182,I3_F59_m16f16_P59_Y1_UO827,I3_F59_m3f3_P59_Y2_UO102,MXY,0,0.0,0,0,0.0,0,0,0,0.0,0.4375,1,P78_CV0,2,0,2,1,1,0,2,0,2
59,271819.5057,-1493472.736,Age0_F59_m3f3_P59_Y7_UO189,I3_F59_m17f17_P64_Y0_UO1037,I3_F64_m79f79_P59_Y1_UO3393,FXX,0,0.0,0,0,0.0,0,0,0,0.0,0.5,1,P78_CV0,2,1,1,2,0,0,2,0,2
59,271819.5057,-1493472.736,Age0_F59_m3f3_P59_Y7_UO197,I3_F59_m-1f-1_P17_Y-1_U74,ID3_F59_m17f17_P64_Y1_UO895,MXY,0,0.0,0,0,0.0,0,0,0,0.0,0.25,1,P78_CV0,2,0,2,2,0,0,2,0,2
59,271819.5057,-1493472.736,Age0_F59_m3f3_P59_Y7_UO203,I3_F59_m-1f-1_P79_Y-1_U218,I3_F59_m3f3_P59_Y5_UO181,FXX,0,0.0,0,0,0.0,0,0,0,0.0,0.5,1,P78_CV0,2,2,0,1,1,0,2,0,2
59,271819.5057,-1493472.736,Age0_F59_m3f3_P59_Y7_UO211,ID3_F64_m-1f-1_P17_Y-1_U198,I3_F59_m79f79_P59_Y2_UO3619,MXY,0,0.0,0,0,0.0,0,0,0,0.0,0.625,1,P78_CV0,2,0,2,2,0,0,2,0,2
59,271819.5057,-1493472.736,Age0_F59_m3f3_P59_Y7_UO213,ID3_F64_m-1f-1_P3_Y-1_U204,I3_F59_m79f79_P59_Y0_UO3895,MXY,0,0.0,0,0,0.0,0,0,0,0.0,0.25,1,P78_CV0,2,0,2,0,2,0,2,0,2
59,271819.5057,-1493472.736,Age0_F59_m16f16_P59_Y7_UO887,I16_F59_m79f79_P59_Y5_UO3584,I16_F59_m-1f-1_P56_Y-1_U132,MXY,0,0.0,0,0,0.0,0,0,0,0.0,0.25,1,P78_CV0,2,1,1,0,2,0,2,0,2
59,271819.5057,-1493472.736,Age0_F59_m16f16_P59_Y7_UO895,I16_F59_m56f56_P59_Y3_UO2664,ID16_F59_m79f79_P59_Y1_UO3443,FXX,0,0.0,0,0,0.0,0,0,0,0.0,0.625,1,P78_CV0,2,2,0,2,0,0,2,0,2
59,271819.5057,-1493472.736,Age0_F59_m16f16_P59_Y7_UO903,I16_F59_m16f16_P59_Y2_UO864,I16_F59_m3f3_P59_Y3_UO121,MXY,0,0.0,0,0,0.0,0,0,0,0.0,0.5625,1,P78_CV0,2,0,2,1,1,0,2,0,2
59,271819.5057,-1493472.736,Age0_F59_m16f16_P59_Y7_UO905,I16_F59_m79f79_P59_Y1_UO3428,I16_F59_m-1f-1_P16_Y-1_U218,MXY,0,0.0,0,0,0.0,0,0,0,0.0,0.5,1,P78_CV0,2,1,1,0,2,0,2,0,2
59,271819.5057,-1493472.736,Age0_F59_m16f16_P59_Y7_UO907,I16_F59_m16f16_P59_Y0_UO990,I16_F59_m79f79_P59_Y5_UO3636,FXX,0,0.0,0,0,0.0,0,0,0,0.0,0.375,1,P78_CV0,2,0,2,1,1,0,2,0,2
59,271819.5057,-1493472.736,Age0_F59_m16f16_P59_Y7_UO908,ID16_F59_m79f79_P64_Y0_UO3862,I16_F59_m3f3_P59_Y3_UO121,FXX,0,0.0,0,0,0.0,0,0,0,0.0,0.5625,1,P78_CV0,2,1,1,2,0,0,2,0,2
59,271819.5057,-1493472.736,Age0_F59_m16f16_P59_Y7_UO914,I16_F59_m-1f-1_P16_Y-1_U49,I16_F59_m79f79_P59_Y0_UO3867,FXX,0,0.0,0,0,0.0,0,0,0,0.0,0.75,1,P78_CV0,2,2,0,1,1,0,2,0,2
59,271819.5057,-1493472.736,Age0_F59_m16f16_P59_Y7_UO933,I16_F59_m-1f-1_P16_Y-1_U203,I16_F59_m79f79_P59_Y2_UO3647,MXY,0,0.0,0,0,0.0,0,0,0,0.0,0.5,1,P78_CV0,2,1,1,0,2,0,2,0,2
59,271819.5057,-1493472.736,Age0_F59_m17f17_P59_Y7_UO948,I17_F64_m47f47_P64_Y5_UO2341,I17_F64_m95f95_P64_Y5_UO4540,FXX,0,0.0,0,0,0.0,0,0,0,0.0,0.375,1,P78_CV0,2,1,1,1,1,0,2,0,2
59,271819.5057,-1493472.736,Age0_F59_m17f17_P59_Y7_UO966,ID17_F64_m79f79_P64_Y4_UO3550,I17_F64_m-1f-1_P79_Y-1_U161,FXX,0,0.0,0,0,0.0,0,0,0,0.0,0.96875,1,P78_CV0,2,2,0,1,1,0,2,0,2
59,271819.5057,-1493472.736,Age0_F59_m17f17_P59_Y7_UO967,I17_F64_m79f79_P64_Y4_UO3614,I17_F59_m3f3_P64_Y3_UO160,MXY,0,0.0,0,0,0.0,0,0,0,0.0,0.375,1,P78_CV0,2,1,1,2,0,0,2,0,2
59,271819.5057,-1493472.736,Age0_F59_m47f47_P59_Y7_UO2366,I47_F59_m79f79_P64_Y0_UO3859,ID47_F64_m17f17_P64_Y2_UO950,FXX,0,0.0,0,0,0.0,0,0,0,0.0,0.375,1,P78_CV0,2,1,1,1,1,0,2,0,2
59,271819.5057,-1493472.736,Age0_F59_m56f56_P59_Y7_UO2639,ID56_F59_m79f79_P59_Y5_UO3588,I56_F59_m79f79_P59_Y0_UO3918,MXY,0,0.0,0,0,0.0,0,0,0,0.0,0.1875,1,P78_CV0,2,0,2,0,2,0,2,0,2
59,271819.5057,-1493472.736,Age0_F59_m56f56_P59_Y7_UO2653,I56_F59_m3f3_P59_Y4_UO173,I56_F59_m16f16_P59_Y1_UO850,MXY,0,0.0,0,0,0.0,0,0,0,0.0,0.5,1,P78_CV0,2,1,1,0,2,0,2,0,2
59,271819.5057,-1493472.736,Age0_F59_m56f56_P59_Y7_UO2655,I56_F59_m79f79_P59_Y4_UO3626,I56_F59_m3f3_P59_Y3_UO94,FXX,0,0.0,0,0,0.0,0,0,0,0.0,0.625,1,P78_CV0,2,2,0,1,1,0,2,0,2
59,271819.5057,-1493472.736,Age0_F59_m56f56_P59_Y7_UO2668,ID56_F59_m16f16_P59_Y2_UO854,I56_F59_m79f79_P59_Y5_UO3568,MXY,0,0.0,0,0,0.0,0,0,0,0.0,0.8125,1,P78_CV0,2,2,0,0,2,0,2,0,2
59,271819.5057,-1493472.736,Age0_F59_m56f56_P59_Y7_UO2675,ID56_F59_m79f79_P59_Y1_UO3382,I56_F59_m79f79_P59_Y1_UO3430,FXX,0,0.0,0,0,0.0,0,0,0,0.0,0.875,1,P78_CV0,2,2,0,1,1,0,2,0,2
59,271819.5057,-1493472.736,Age0_F59_m56f56_P59_Y7_UO2677,I56_F59_m3f3_P59_Y1_UO91,I56_F59_m-1f-1_P79_Y-1_U231,FXX,0,0.0,0,0,0.0,0,0,0,0.0,0.625,1,P78_CV0,2,2,0,2,0,0,2,0,2
59,271819.5057,-1493472.736,Age0_F59_m56f56_P59_Y7_UO2687,ID56_F59_m-1f-1_P56_Y-1_U156,I56_F59_m79f79_P59_Y5_UO3568,FXX,0,0.0,0,0,0.0,0,0,0,0.0,0.3125,1,P78_CV0,2,0,2,1,1,0,2,0,2
59,271819.5057,-1493472.736,Age0_F59_m56f56_P59_Y7_UO2690,I56_F59_m-1f-1_P79_Y-1_U125,ID56_F59_m3f3_P59_Y3_UO137,FXX,0,0.0,0,0,0.0,0,0,0,0.0,0.625,1,P78_CV0,2,1,1,2,0,0,2,0,2
59,271819.5057,-1493472.736,Age0_F59_m79f79_P59_Y7_UO3558,I79_F59_m79f79_P59_Y5_UO3565,I79_F59_m17f17_P64_Y4_UO1035,MXY,0,0.0,0,0,0.0,0,0,0,0.0,0.40625,1,P78_CV0,2,1,1,1,1,0,2,0,2
59,271819.5057,-1493472.736,Age0_F59_m79f79_P59_Y7_UO3559,I79_F64_m17f17_P64_Y5_UO1007,ID79_F64_m95f95_P64_Y4_UO4492,MXY,0,0.0,0,0,0.0,0,0,0,0.0,0.375,1,P78_CV0,2,2,0,1,1,0,2,0,2
59,271819.5057,-1493472.736,Age0_F59_m79f79_P59_Y7_UO3561,I79_F59_m16f16_P59_Y5_UO936,I79_F59_m3f3_P64_Y5_UO164,MXY,0,0.0,0,0,0.0,0,0,0,0.0,0.15625,1,P78_CV0,2,0,2,2,0,0,2,0,2
59,271819.5057,-1493472.736,Age0_F59_m79f79_P59_Y7_UO3569,I79_F59_m79f79_P59_Y5_UO3595,I79_F59_m79f79_P59_Y5_UO3644,FXX,0,0.0,0,0,0.0,0,0,0,0.0,0.3125,1,P78_CV0,2,0,2,0,2,0,2,0,2
59,271819.5057,-1493472.736,Age0_F59_m79f79_P59_Y7_UO3583,I79_F59_m17f17_P64_Y5_UO993,I79_F59_m3f3_P64_Y5_UO191,FXX,0,0.0,0,0,0.0,0,0,0,0.0,0.625,1,P78_CV0,2,2,0,2,0,0,2,0,2
59,271819.5057,-1493472.736,Age0_F59_m79f79_P59_Y7_UO3586,I79_F59_m79f79_P64_Y5_UO3562,I79_F64_m79f79_P59_Y3_UO3612,MXY,0,0.0,0,0,0.0,0,0,0,0.0,0.75,1,P78_CV0,2,1,1,2,0,0,2,0,2
59,271819.5057,-1493472.736,Age0_F59_m79f79_P59_Y7_UO3593,I79_F64_m56f56_P59_Y4_UO2617,I79_F64_m79f79_P59_Y3_UO3612,MXY,0,0.0,0,0,0.0,0,0,0,0.0,0.6875,1,P78_CV0,2,1,1,2,0,0,2,0,2
59,271819.5057,-1493472.736,Age0_F59_m79f79_P59_Y7_UO3596,ID79_F59_m3f3_P59_Y4_UO177,I79_F59_m-1f-1_P79_Y-1_U37,FXX,0,0.0,0,0,0.0,0,0,0,0.0,0.625,1,P78_CV0,2,1,1,1,1,0,2,0,2
59,271819.5057,-1493472.736,Age0_F59_m79f79_P59_Y7_UO3608,ID79_F64_m79f79_P59_Y4_UO3593,ID79_F59_m56f56_P59_Y5_UO2710,MXY,0,0.0,0,0,0.0,0,0,0,0.0,0.5625,1,P78_CV0,2,1,1,0,2,0,2,0,2
59,271819.5057,-1493472.736,Age0_F59_m79f79_P59_Y7_UO3622,ID79_F59_m16f16_P59_Y3_UO857,ID79_F59_m17f17_P59_Y2_UO962,FXX,0,0.0,0,0,0.0,0,0,0,0.0,0.5625,1,P78_CV0,2,1,1,2,0,0,2,0,2
59,271819.5057,-1493472.736,Age0_F59_m79f79_P59_Y7_UO3643,I79_F64_m3f3_P59_Y2_UO135,I79_F59_m3f3_P59_Y1_UO172,MXY,0,0.0,0,0,0.0,0,0,0,0.0,0.5,1,P78_CV0,2,0,2,1,1,0,2,0,2
59,271819.5057,-1493472.736,Age0_F59_m79f79_P59_Y7_UO3659,I79_F59_m-1f-1_P79_Y-1_U224,I79_F59_m-1f-1_P79_Y-1_U122,MXY,0,0.0,0,0,0.0,0,0,0,0.0,0.25,1,P78_CV0,2,0,2,1,1,0,2,0,2
59,271819.5057,-1493472.736,Age0_F59_m79f79_P59_Y7_UO3661,I79_F59_m-1f-1_P79_Y-1_U146,I79_F64_m-1f-1_P79_Y-1_U92,FXX,0,0.0,0,0,0.0,0,0,0,0.0,0.25,1,P78_CV0,2,0,2,1,1,0,2,0,2
59,271819.5057,-1493472.736,Age0_F59_m79f79_P59_Y7_UO3669,I79_F64_m-1f-1_P79_Y-1_U245,I79_F64_m79f79_P64_Y2_UO3587,FXX,0,0.0,0,0,0.0,0,0,0,0.0,0.75,1,P78_CV0,2,2,0,2,0,0,2,0,2
59,271819.5057,-1493472.736,E59_F3_m3f3_P59_Y6_UO129,I3_F59_m17f17_P64_Y4_UO1010,I3_F59_m95f95_P64_Y3_UO4459,FXX,1,0.0,1,1,1.0,0,0,0,-9999.0,0.5,1,P78_CV0,2,2,0,1,1,0,2,0,2
59,271819.5057,-1493472.736,E59_F3_m16f16_P59_Y6_UO916,I16_F59_m79f79_P64_Y0_UO3862,I16_F59_m16f16_P59_Y4_UO930,FXX,1,0.0,1,1,1.0,0,0,0,-9999.0,0.6875,1,P78_CV0,2,2,0,2,0,0,2,0,2
59,271819.5057,-1493472.736,E59_F3_m56f56_P59_Y6_UO2683,I56_F59_m16f16_P59_Y2_UO869,ID56_F59_m-1f-1_P16_Y-1_U93,FXX,1,0.0,1,1,1.0,0,0,0,-9999.0,0.75,1,P78_CV0,2,2,0,1,1,0,2,0,2
59,271819.5057,-1493472.736,E59_F3_m79f79_P59_Y6_UO3574,I79_F59_m17f17_P59_Y4_UO955,I79_F64_m3f3_P59_Y3_UO154,FXX,1,0.0,1,1,1.0,0,0,0,-9999.0,0.34375,1,P78_CV0,2,2,0,1,1,0,2,0,2
59,271819.5057,-1493472.736,E59_F3_m79f79_P59_Y6_UO3608,I79_F59_m79f79_P64_Y4_UO3558,I79_F59_m-1f-1_P79_Y-1_U6,FXX,1,0.0,1,1,1.0,0,0,0,-9999.0,0.4375,1,P78_CV0,2,0,2,1,1,0,2,0,2
59,271819.5057,-1493472.736,E59_F3_m79f79_P59_Y6_UO3676,I79_F64_m-1f-1_P79_Y-1_U124,ID79_F59_m3f3_P59_Y0_UO119,FXX,1,0.0,1,1,1.0,0,0,0,-9999.0,0.75,1,P78_CV0,2,1,1,1,1,0,2,0,2
59,271819.5057,-1493472.736,E59_F3_m17f17_P64_Y6_UO1036,ID17_F59_m-1f-1_P79_Y-1_U230,I17_F64_m16f16_P59_Y2_UO901,FXX,1,0.0,1,1,1.0,0,0,0,-9999.0,0.5,1,P78_CV0,2,2,0,1,1,0,2,0,2
59,271819.5057,-1493472.736,E59_F3_m79f79_P64_Y6_UO3596,I79_F59_m3f3_P59_Y4_UO154,ID79_F59_m3f3_P59_Y4_UO109,FXX,1,0.0,1,1,1.0,0,0,0,-9999.0,0.4375,1,P78_CV0,2,1,1,2,0,0,2,0,2
59,271819.5057,-1493472.736,E59_F3_m79f79_P64_Y6_UO3692,ID79_F64_m-1f-1_P3_Y-1_U142,ID79_F64_m-1f-1_P79_Y-1_U78,MXY,1,0.0,1,1,0.0,0,0,0,-9999.0,0.5,1,P78_CV0,2,1,1,1,1,0,2,0,2
59,271819.5057,-1493472.736,E59_F16_m3f3_P59_Y6_UO187,I3_F59_m3f3_P59_Y0_UO165,I3_F59_m-1f-1_P79_Y-1_U97,MXY,1,0.0,1,1,0.0,0,0,0,-9999.0,0.625,1,P78_CV0,2,2,0,2,0,0,2,0,2
59,271819.5057,-1493472.736,E59_F16_m16f16_P59_Y6_UO912,I16_F59_m16f16_P59_Y1_UO804,I16_F59_m3f3_P59_Y4_UO140,FXX,1,0.0,1,1,1.0,0,0,0,-9999.0,0.5625,1,P78_CV0,2,1,1,2,0,0,2,0,2
59,271819.5057,-1493472.736,E59_F16_m79f79_P59_Y6_UO3589,ID79_F64_m17f17_P64_Y4_UO998,I79_F59_m16f16_P59_Y2_UO886,FXX,1,0.0,1,1,1.0,0,0,0,-9999.0,0.5,1,P78_CV0,2,2,0,1,1,0,2,0,2
59,271819.5057,-1493472.736,E59_F16_m79f79_P59_Y6_UO3631,ID79_F64_m16f16_P59_Y3_UO857,ID79_F59_m79f79_P59_Y3_UO3593,MXY,1,0.0,1,1,0.0,0,0,0,-9999.0,0.5,1,P78_CV0,2,1,1,2,0,0,2,0,2
59,271819.5057,-1493472.736,E59_F16_m79f79_P59_Y6_UO3685,I79_F64_m-1f-1_P79_Y-1_U23,ID79_F64_m17f17_P64_Y3_UO993,FXX,1,0.0,1,1,1.0,0,0,0,-9999.0,0.5625,1,P78_CV0,2,2,0,1,1,0,2,0,2
59,271819.5057,-1493472.736,E59_F17_m17f17_P64_Y6_UO964,I17_F64_m79f79_P64_Y4_UO3581,I17_F64_m79f79_P64_Y4_UO3567,MXY,1,0.0,1,1,0.0,0,0,0,-9999.0,0.5,1,P78_CV0,2,1,1,0,2,0,2,0,2
59,271819.5057,-1493472.736,E59_F17_m17f17_P64_Y6_UO1029,I17_F64_m-1f-1_P79_Y-1_U241,I17_F64_m-1f-1_P17_Y-1_U228,MXY,1,0.0,1,1,0.0,0,0,0,-9999.0,0.5,1,P78_CV0,2,1,1,1,1,0,2,0,2
59,271819.5057,-1493472.736,E59_F56_m3f3_P59_Y6_UO104,I3_F59_m79f79_P64_Y4_UO3545,I3_F59_m79f79_P59_Y3_UO3602,FXX,1,0.0,1,1,1.0,0,0,0,-9999.0,0.25,1,P78_CV0,2,0,2,1,1,0,2,0,2
59,271819.5057,-1493472.736,E59_F56_m3f3_P59_Y6_UO133,ID3_F59_m16f16_P59_Y4_UO872,I3_F59_m-1f-1_P79_Y-1_U24,FXX,1,0.0,1,1,1.0,0,0,0,-9999.0,0.4375,1,P78_CV0,2,0,2,1,1,0,2,0,2
59,271819.5057,-1493472.736,E59_F56_m3f3_P59_Y6_UO168,I3_F59_m17f17_P64_Y2_UO958,I3_F64_m17f17_P64_Y1_UO895,FXX,1,0.0,1,1,1.0,0,0,0,-9999.0,0.3125,1,P78_CV0,2,1,1,1,1,0,2,0,2
59,271819.5057,-1493472.736,E59_F56_m3f3_P59_Y6_UO170,I3_F59_m79f79_P59_Y2_UO3629,I3_F59_m56f56_P59_Y4_UO2620,FXX,1,0.0,1,1,1.0,0,0,0,-9999.0,0.3125,1,P78_CV0,2,1,1,2,0,0,2,0,2
59,271819.5057,-1493472.736,E59_F56_m3f3_P59_Y6_UO192,I3_F59_m79f79_P59_Y0_UO3911,ID3_F59_m79f79_P64_Y1_UO3414,FXX,1,0.0,1,1,1.0,0,0,0,-9999.0,0.375,1,P78_CV0,2,0,2,2,0,0,2,0,2
59,271819.5057,-1493472.736,E59_F56_m3f3_P59_Y6_UO203,I3_F59_m-1f-1_P3_Y-1_U139,I3_F59_m-1f-1_P79_Y-1_U158,FXX,1,0.0,1,1,1.0,0,0,0,-9999.0,0.25,1,P78_CV0,2,0,2,2,0,0,2,0,2
59,271819.5057,-1493472.736,E59_F56_m3f3_P59_Y6_UO204,I3_F59_m-1f-1_P3_Y-1_U101,I3_F59_m79f79_P59_Y3_UO3602,MXY,1,0.0,1,1,0.0,0,0,0,-9999.0,0.0,1,P78_CV0,2,0,2,1,1,0,2,0,2
59,271819.5057,-1493472.736,E59_F56_m16f16_P59_Y6_UO914,I16_F59_m3f3_P59_Y1_UO142,ID16_F59_m79f79_P59_Y4_UO3603,MXY,1,0.0,1,1,0.0,0,0,0,-9999.0,0.375,1,P78_CV0,2,1,1,0,2,0,2,0,2
59,271819.5057,-1493472.736,E59_F56_m47f47_P59_Y6_UO2370,ID47_F81_m79f79_P64_Y0_UO3859,I47_F81_m-1f-1_P47_Y-1_U224,FXX,1,0.0,1,1,1.0,0,0,0,-9999.0,0.375,1,P78_CV0,2,1,1,2,0,0,2,0,2
59,271819.5057,-1493472.736,E59_F56_m56f56_P59_Y6_UO2675,ID56_F59_m79f79_P59_Y4_UO3626,ID56_F59_m3f3_P59_Y0_UO139,MXY,1,0.0,1,1,0.0,0,0,0,-9999.0,0.25,1,P78_CV0,2,1,1,1,1,0,2,0,2
59,271819.5057,-1493472.736,E59_F56_m56f56_P59_Y6_UO2708,I56_F59_m-1f-1_P79_Y-1_U125,I56_F59_m56f56_P59_Y4_UO2678,FXX,1,0.0,1,1,1.0,0,0,0,-9999.0,1.0,1,P78_CV0,2,2,0,0,2,0,2,0,2
59,271819.5057,-1493472.736,E59_F56_m56f56_P59_Y6_UO2724,I56_F59_m-1f-1_P56_Y-1_U109,I56_F59_m-1f-1_P79_Y-1_U231,MXY,1,0.0,1,1,0.0,0,0,0,-9999.0,0.5,1,P78_CV0,2,2,0,1,1,0,2,0,2
59,271819.5057,-1493472.736,E59_F56_m79f79_P59_Y6_UO3630,I79_F59_m95f95_P64_Y3_UO4457,I79_F64_m-1f-1_P3_Y-1_U225,MXY,1,0.0,1,1,0.0,0,0,0,-9999.0,0.25,1,P78_CV0,2,0,2,2,0,0,2,0,2
59,271819.5057,-1493472.736,E59_F56_m79f79_P59_Y6_UO3671,I79_F59_m16f16_P59_Y0_UO943,I79_F59_m79f79_P59_Y0_UO3904,MXY,1,0.0,1,1,0.0,0,0,0,-9999.0,0.5,1,P78_CV0,2,1,1,0,2,0,2,0,2
59,271819.5057,-1493472.736,E59_F79_m17f17_P64_Y6_UO953,I17_F64_m47f47_P64_Y4_UO2321,ID17_F64_m79f79_P64_Y0_UO3828,MXY,1,0.0,1,1,0.0,0,0,0,-9999.0,0.5,1,P78_CV0,2,0,2,0,2,0,2,0,2
59,271819.5057,-1493472.736,E59_F79_m79f79_P64_Y6_UO3605,ID79_F64_m56f56_P59_Y4_UO2617,I79_F64_m3f3_P59_Y3_UO154,MXY,1,0.0,1,1,0.0,0,0,0,-9999.0,0.375,1,P78_CV0,2,0,2,2,0,0,2,0,2
59,271819.5057,-1493472.736,E59_F79_m79f79_P59_Y6_UO3637,I79_F59_m3f3_P64_Y3_UO110,I79_F64_m16f16_P59_Y4_UO907,MXY,1,0.0,1,1,0.0,0,0,0,-9999.0,0.5,1,P78_CV0,2,1,1,1,1,0,2,0,2
59,271819.5057,-1493472.736,E59_F79_m79f79_P59_Y6_UO3683,I79_F59_m-1f-1_P79_Y-1_U98,ID79_F59_m47f47_P64_Y2_UO2354,FXX,1,0.0,1,1,1.0,0,0,0,-9999.0,0.75,1,P78_CV0,2,2,0,0,2,0,2,0,2
59,271819.5057,-1493472.736,E59_F79_m79f79_P64_Y6_UO3619,I79_F59_m79f79_P64_Y3_UO3616,I79_F59_m79f79_P59_Y2_UO3594,FXX,1,0.0,1,1,1.0,0,0,0,-9999.0,0.625,1,P78_CV0,2,0,2,2,0,0,2,0,2
59,271819.5057,-1493472.736,E59_F79_m17f17_P64_Y6_UO1046,ID17_F59_m-1f-1_P79_Y-1_U184,I17_F64_m79f79_P64_Y3_UO3628,MXY,1,0.0,1,1,0.0,0,0,0,-9999.0,0.25,1,P78_CV0,2,1,1,0,2,0,2,0,2
59,271819.5057,-1493472.736,E59_F79_m17f17_P64_Y6_UO968,I17_F64_m79f79_P64_Y4_UO3614,I17_F64_m-1f-1_P17_Y-1_U149,MXY,1,0.0,1,1,0.0,0,0,0,-9999.0,0.125,1,P78_CV0,2,1,1,1,1,0,2,0,2
59,271819.5057,-1493472.736,E59_F79_m3f3_P59_Y6_UO114,I3_F59_m17f17_P64_Y4_UO967,I3_F59_m16f16_P59_Y0_UO969,MXY,1,0.0,1,1,0.0,0,0,0,-9999.0,0.5625,1,P78_CV0,2,2,0,1,1,0,2,0,2
59,271819.5057,-1493472.736,E59_F79_m3f3_P59_Y6_UO145,I3_F59_m16f16_P59_Y3_UO875,I3_F59_m-1f-1_P3_Y-1_U42,MXY,1,0.0,1,1,0.0,0,0,0,-9999.0,0.375,1,P78_CV0,2,0,2,1,1,0,2,0,2
59,271819.5057,-1493472.736,E59_F79_m56f56_P59_Y6_UO2670,I56_F59_m3f3_P59_Y4_UO173,I56_F59_m56f56_P59_Y4_UO2678,MXY,1,0.0,1,1,0.0,0,0,0,-9999.0,0.75,1,P78_CV0,2,2,0,0,2,0,2,0,2
59,271819.5057,-1493472.736,E59_F79_m16f16_P59_Y6_UO943,ID16_F59_m-1f-1_P16_Y-1_U147,I16_F59_m79f79_P59_Y1_UO3443,MXY,1,0.0,1,1,0.0,0,0,0,-9999.0,0.75,1,P78_CV0,2,1,1,2,0,0,2,0,2
59,271819.5057,-1493472.736,E59_F79_m3f3_P59_Y6_UO120,I3_F64_m56f56_P59_Y4_UO2615,I3_F59_m79f79_P59_Y0_UO3872,MXY,1,0.0,1,1,0.0,0,0,0,-9999.0,0.6875,1,P78_CV0,2,1,1,2,0,0,2,0,2
59,271819.5057,-1493472.736,E59_F79_m17f17_P64_Y6_UO955,I17_F64_m95f95_P64_Y4_UO4465,I17_F59_m-1f-1_P79_Y-1_U186,FXX,1,0.0,1,1,1.0,0,0,0,-9999.0,0.5625,1,P78_CV0,2,1,1,0,2,0,2,0,2
59,271819.5057,-1493472.736,E59_F79_m16f16_P59_Y6_UO915,I16_F59_m3f3_P59_Y1_UO131,I16_F59_m79f79_P59_Y1_UO3443,MXY,1,0.0,1,1,0.0,0,0,0,-9999.0,0.5,1,P78_CV0,2,0,2,1,1,0,2,0,2
59,271819.5057,-1493472.736,E59_F79_m79f79_P59_Y6_UO3668,ID79_F59_m79f79_P59_Y0_UO3831,I79_F64_m-1f-1_P79_Y-1_U92,FXX,1,0.0,1,1,1.0,0,0,0,-9999.0,0.375,1,P78_CV0,2,0,2,1,1,0,2,0,2
59,271819.5057,-1493472.736,E59_F79_m3f3_P59_Y6_UO115,I3_F59_m16f16_P59_Y4_UO880,I3_F59_m-1f-1_P79_Y-1_U100,FXX,1,0.0,1,1,1.0,0,0,0,-9999.0,0.71875,1,P78_CV0,2,2,0,1,1,0,2,0,2
59,271819.5057,-1493472.736,E59_F79_m79f79_P59_Y6_UO3686,I79_F59_m-1f-1_P79_Y-1_U29,I79_F59_m79f79_P59_Y0_UO3904,FXX,1,0.0,1,1,1.0,0,0,0,-9999.0,0.25,1,P78_CV0,2,0,2,1,1,0,2,0,2
59,271819.5057,-1493472.736,E59_F79_m95f95_P64_Y6_UO4512,ID95_F59_m56f56_P59_Y4_UO2606,ID95_F64_m79f79_P64_Y4_UO3554,FXX,1,0.0,1,1,1.0,0,0,0,-9999.0,0.53125,1,P78_CV0,2,1,1,2,0,0,2,0,2
59,271819.5057,-1493472.736,E59_F3_m79f79_P64_Y5_UO3561,I79_F59_m56f56_P59_Y3_UO2645,I79_F64_m-1f-1_P79_Y-1_U91,FXX,2,0.0,1,0,1.0,0,0,0,-9999.0,0.0,1,P78_CV0,2,0,2,1,1,0,2,0,2
59,271819.5057,-1493472.736,E59_F3_m3f3_P59_Y5_UO112,I3_F64_m16f16_P59_Y3_UO912,I3_F59_m17f17_P59_Y2_UO1001,MXY,2,0.0,1,0,0.0,0,0,0,-9999.0,0.75,1,P78_CV0,2,2,0,1,1,0,2,0,2
59,271819.5057,-1493472.736,E59_F3_m79f79_P59_Y5_UO3553,ID79_F59_m17f17_P64_Y3_UO967,I79_F59_m-1f-1_P79_Y-1_U37,FXX,2,0.0,1,0,1.0,0,0,0,-9999.0,0.5625,1,P78_CV0,2,1,1,2,0,0,2,0,2
59,271819.5057,-1493472.736,E59_F3_m17f17_P64_Y5_UO952,I17_F64_m16f16_P59_Y3_UO872,I17_F64_m79f79_P64_Y0_UO3828,MXY,2,0.0,1,0,0.0,0,0,0,-9999.0,0.5,1,P78_CV0,2,0,2,0,2,0,2,0,2
59,271819.5057,-1493472.736,E59_F3_m79f79_P59_Y5_UO3627,ID79_F59_m79f79_P59_Y0_UO3831,ID79_F59_m95f95_P64_Y2_UO4475,FXX,2,0.0,1,0,1.0,0,0,0,-9999.0,0.625,1,P78_CV0,2,0,2,1,1,0,2,0,2
59,271819.5057,-1493472.736,E59_F3_m17f17_P64_Y5_UO976,I17_F64_m95f95_P64_Y2_UO4539,ID17_F81_m17f17_P64_Y2_UO959,MXY,2,0.0,1,0,0.0,0,0,0,-9999.0,0.25,1,P78_CV0,2,1,1,1,1,0,2,0,2
59,271819.5057,-1493472.736,E59_F3_m17f17_P59_Y5_UO1030,ID17_F81_m-1f-1_P47_Y-1_U24,ID17_F64_m79f79_P59_Y3_UO3595,FXX,2,0.0,1,0,1.0,0,0,0,-9999.0,0.5,1,P78_CV0,2,1,1,2,0,0,2,0,2
59,271819.5057,-1493472.736,E59_F3_m3f3_P59_Y5_UO172,I3_F59_m3f3_P59_Y0_UO148,I3_F59_m79f79_P59_Y0_UO3835,FXX,2,0.0,1,0,1.0,0,0,0,-9999.0,0.5,1,P78_CV0,2,1,1,2,0,0,2,0,2
59,271819.5057,-1493472.736,E59_F3_m17f17_P64_Y5_UO997,I17_F64_m17f17_P64_Y0_UO1061,ID17_F64_m79f79_P64_Y0_UO3914,FXX,2,0.0,1,0,1.0,0,0,0,-9999.0,0.75,1,P78_CV0,2,1,1,1,1,0,2,0,2
59,271819.5057,-1493472.736,E59_F16_m16f16_P59_Y5_UO923,I16_F59_m-1f-1_P16_Y-1_U187,ID16_F59_m79f79_P59_Y1_UO3443,FXX,2,0.0,1,0,1.0,0,0,0,-9999.0,0.5,1,P78_CV0,2,2,0,2,0,0,2,0,2
59,271819.5057,-1493472.736,E59_F16_m16f16_P59_Y5_UO932,I16_F59_m-1f-1_P16_Y-1_U214,I16_F59_m56f56_P59_Y3_UO2665,FXX,2,0.0,1,0,1.0,0,0,0,-9999.0,0.5625,1,P78_CV0,2,1,1,1,1,0,2,0,2
59,271819.5057,-1493472.736,E59_F16_m79f79_P59_Y5_UO3636,I79_F59_m-1f-1_P79_Y-1_U146,I79_F64_m79f79_P59_Y0_UO3904,MXY,2,0.0,1,0,0.0,0,0,0,-9999.0,0.25,1,P78_CV0,2,0,2,2,0,0,2,0,2
59,271819.5057,-1493472.736,E59_F16_m79f79_P59_Y5_UO3584,I79_F64_m47f47_P64_Y2_UO2318,I79_F64_m79f79_P59_Y2_UO3594,FXX,2,0.0,1,0,1.0,0,0,0,-9999.0,0.5,1,P78_CV0,2,1,1,1,1,0,2,0,2
59,271819.5057,-1493472.736,E59_F56_m79f79_P59_Y5_UO3568,ID79_F59_m17f17_P64_Y3_UO1011,I79_F59_m79f79_P64_Y3_UO3540,MXY,2,0.0,1,0,0.0,0,0,0,-9999.0,0.625,1,P78_CV0,2,1,1,1,1,0,2,0,2
59,271819.5057,-1493472.736,E59_F56_m56f56_P59_Y5_UO2692,I56_F59_m-1f-1_P56_Y-1_U10,ID56_F59_m79f79_P59_Y1_UO3430,FXX,2,0.0,1,0,1.0,0,0,0,-9999.0,0.625,1,P78_CV0,2,1,1,2,0,0,2,0,2
59,271819.5057,-1493472.736,E59_F79_m16f16_P59_Y5_UO936,I16_F59_m-1f-1_P56_Y-1_U91,I16_F59_m16f16_P59_Y2_UO861,FXX,2,0.0,1,0,1.0,0,0,0,-9999.0,0.0625,1,P78_CV0,2,0,2,2,0,0,2,0,2
59,271819.5057,-1493472.736,E59_F79_m16f16_P59_Y5_UO903,I16_F59_m79f79_P59_Y1_UO3382,ID16_F59_m3f3_P59_Y3_UO121,MXY,2,0.0,1,0,0.0,0,0,0,-9999.0,0.6875,1,P78_CV0,2,2,0,1,1,0,2,0,2
59,271819.5057,-1493472.736,E59_F79_m56f56_P59_Y5_UO2658,I56_F59_m79f79_P59_Y2_UO3601,I56_F59_m3f3_P59_Y3_UO137,MXY,2,0.0,1,0,0.0,0,0,0,-9999.0,0.25,1,P78_CV0,2,0,2,2,0,0,2,0,2
59,271819.5057,-1493472.736,E59_F79_m3f3_P59_Y5_UO184,I3_F59_m-1f-1_P79_Y-1_U10,I3_F59_m16f16_P59_Y2_UO898,FXX,2,0.0,1,0,1.0,0,0,0,-9999.0,0.25,1,P78_CV0,2,0,2,2,0,0,2,0,2
59,271819.5057,-1493472.736,E59_F79_m3f3_P59_Y5_UO149,ID3_F59_m16f16_P59_Y2_UO936,I3_F64_m-1f-1_P79_Y-1_U248,FXX,2,0.0,1,0,1.0,0,0,0,-9999.0,0.625,1,P78_CV0,2,1,1,0,2,0,2,0,2
59,271819.5057,-1493472.736,E59_F79_m17f17_P64_Y5_UO974,ID17_F64_m95f95_P64_Y2_UO4481,I17_F64_m17f17_P64_Y2_UO987,MXY,2,0.0,1,0,0.0,0,0,0,-9999.0,0.625,1,P78_CV0,2,0,2,0,2,0,2,0,2
59,271819.5057,-1493472.736,E59_F79_m3f3_P64_Y5_UO179,I3_F59_m79f79_P59_Y0_UO3892,I3_F59_m79f79_P59_Y0_UO3895,FXX,2,0.0,1,0,1.0,0,0,0,-9999.0,0.375,1,P78_CV0,2,0,2,1,1,0,2,0,2
59,271819.5057,-1493472.736,E59_F79_m79f79_P64_Y5_UO3562,ID79_F64_m56f56_P59_Y3_UO2679,I79_F64_m-1f-1_P79_Y-1_U91,FXX,2,0.0,1,0,1.0,0,0,0,-9999.0,0.5,1,P78_CV0,2,1,1,1,1,0,2,0,2
59,271819.5057,-1493472.736,E59_F79_m79f79_P59_Y5_UO3644,I79_F64_m-1f-1_P79_Y-1_U163,I79_F59_m-1f-1_P79_Y-1_U122,MXY,2,0.0,1,0,0.0,0,0,0,-9999.0,0.25,1,P78_CV0,2,0,2,1,1,0,2,0,2
59,271819.5057,-1493472.736,E59_F79_m3f3_P64_Y5_UO191,I3_F59_m-1f-1_P3_Y-1_U19,I3_F59_m79f79_P59_Y2_UO3619,MXY,2,0.0,1,0,0.0,0,0,0,-9999.0,0.625,1,P78_CV0,2,2,0,1,1,0,2,0,2
59,271819.5057,-1493472.736,E59_F3_m17f17_P64_Y4_UO1037,ID17_F64_m-1f-1_P79_Y-1_U60,ID17_F64_m3f3_P59_Y2_UO152,FXX,3,0.0,1,0,1.0,0,0,0,-9999.0,0.4375,1,P78_CV0,2,1,1,2,0,0,2,0,2
59,271819.5057,-1493472.736,E59_F3_m17f17_P64_Y4_UO988,ID17_F59_m79f79_P64_Y0_UO3884,I17_F64_m-1f-1_P17_Y-1_U113,MXY,3,0.0,1,0,0.0,0,0,0,-9999.0,0.375,1,P78_CV0,2,1,1,0,2,0,2,0,2
59,271819.5057,-1493472.736,E59_F3_m17f17_P64_Y4_UO964,I17_F59_m95f95_P64_Y1_UO4256,I17_F64_m79f79_P64_Y2_UO3627,FXX,3,0.0,1,0,1.0,0,0,0,-9999.0,0.375,1,P78_CV0,2,0,2,0,2,0,2,0,2
59,271819.5057,-1493472.736,E59_F3_m17f17_P64_Y4_UO967,I17_F59_m95f95_P64_Y1_UO4279,ID17_F64_m79f79_P64_Y0_UO3821,FXX,3,0.0,1,0,1.0,0,0,0,-9999.0,0.625,1,P78_CV0,2,2,0,1,1,0,2,0,2
59,271819.5057,-1493472.736,E59_F3_m79f79_P64_Y4_UO3589,I79_F59_m17f17_P64_Y0_UO1027,I79_F59_m-1f-1_P79_Y-1_U6,FXX,3,0.0,1,0,1.0,0,0,0,-9999.0,0.5,1,P78_CV0,2,1,1,1,1,0,2,0,2
59,271819.5057,-1493472.736,E59_F3_m16f16_P59_Y4_UO880,I16_F59_m3f3_P59_Y1_UO142,I16_F59_m3f3_P59_Y2_UO107,FXX,3,0.0,1,0,1.0,0,0,0,-9999.0,0.4375,1,P78_CV0,2,2,0,1,1,0,2,0,2
59,271819.5057,-1493472.736,E59_F3_m56f56_P59_Y4_UO2609,I56_F59_m16f16_P59_Y2_UO869,I56_F59_m79f79_P59_Y2_UO3593,FXX,3,0.0,1,0,1.0,0,0,0,-9999.0,0.6875,1,P78_CV0,2,2,0,1,1,0,2,0,2
59,271819.5057,-1493472.736,E59_F3_m56f56_P59_Y4_UO2615,ID56_F59_m79f79_P59_Y2_UO3607,ID56_F59_m-1f-1_P56_Y-1_U57,FXX,3,0.0,1,0,1.0,0,0,0,-9999.0,0.625,1,P78_CV0,2,2,0,1,1,0,2,0,2
59,271819.5057,-1493472.736,E59_F3_m3f3_P59_Y4_UO152,I3_F59_m79f79_P59_Y0_UO3868,I3_F59_m-1f-1_P3_Y-1_U150,MXY,3,0.0,1,0,0.0,0,0,0,-9999.0,0.25,1,P78_CV0,2,0,2,1,1,0,2,0,2
59,271819.5057,-1493472.736,E59_F16_m79f79_P59_Y4_UO3603,I79_F59_m-1f-1_P79_Y-1_U146,I79_F64_m79f79_P64_Y2_UO3646,MXY,3,0.0,1,0,0.0,0,0,0,-9999.0,0.5,1,P78_CV0,2,0,2,1,1,0,2,0,2
59,271819.5057,-1493472.736,E59_F16_m3f3_P59_Y4_UO140,I3_F64_m3f3_P59_Y1_UO170,I3_F64_m79f79_P59_Y0_UO3835,MXY,3,0.0,1,0,0.0,0,0,0,-9999.0,0.625,1,P78_CV0,2,1,1,1,1,0,2,0,2
59,271819.5057,-1493472.736,E59_F16_m79f79_P59_Y4_UO3559,ID79_F59_m79f79_P59_Y1_UO3391,ID79_F59_m-1f-1_P5_Y-1_U220,FXX,3,0.0,1,0,1.0,0,0,0,-9999.0,0.25,1,P78_CV0,2,1,1,0,2,0,2,0,2
59,271819.5057,-1493472.736,E59_F17_m17f17_P64_Y4_UO981,I17_F64_m79f79_P64_Y1_UO3449,I17_F64_m-1f-1_P47_Y-1_U174,FXX,3,0.0,1,0,1.0,0,0,0,-9999.0,0.125,1,P78_CV0,2,0,2,1,1,0,2,0,2
59,271819.5057,-1493472.736,E59_F17_m79f79_P64_Y4_UO3614,ID79_F59_m-1f-1_P79_Y-1_U163,I79_F59_m17f17_P64_Y2_UO943,FXX,3,0.0,1,0,1.0,0,0,0,-9999.0,0.25,1,P78_CV0,2,1,1,2,0,0,2,0,2
59,271819.5057,-1493472.736,E59_F56_m3f3_P59_Y4_UO102,I3_F59_m79f79_P59_Y2_UO3582,ID3_F59_m3f3_P59_Y2_UO102,MXY,3,0.0,1,0,0.0,0,0,0,-9999.0,0.3125,1,P78_CV0,2,1,1,0,2,0,2,0,2
59,271819.5057,-1493472.736,E59_F56_m3f3_P59_Y4_UO173,I3_F59_m-1f-1_P3_Y-1_U213,ID3_F59_m-1f-1_P79_Y-1_U97,FXX,3,0.0,1,0,1.0,0,0,0,-9999.0,0.5,1,P78_CV0,2,1,1,1,1,0,2,0,2
59,271819.5057,-1493472.736,E59_F56_m79f79_P59_Y4_UO3626,I79_F59_m-1f-1_P3_Y-1_U73,I79_F59_m-1f-1_P79_Y-1_U204,FXX,3,0.0,1,0,1.0,0,0,0,-9999.0,0.5,1,P78_CV0,2,1,1,0,2,0,2,0,2
59,271819.5057,-1493472.736,E59_F79_m56f56_P59_Y4_UO2617,I56_F59_m3f3_P59_Y2_UO154,I56_F59_m-1f-1_P79_Y-1_U231,FXX,3,0.0,1,0,1.0,0,0,0,-9999.0,0.375,1,P78_CV0,2,0,2,1,1,0,2,0,2
59,271819.5057,-1493472.736,E59_F79_m17f17_P64_Y4_UO1004,I17_F64_m-1f-1_P79_Y-1_U35,I17_F64_m-1f-1_P17_Y-1_U235,MXY,3,0.0,1,0,0.0,0,0,0,-9999.0,1.0,1,P78_CV0,2,2,0,1,1,0,2,0,2
59,271819.5057,-1493472.736,E59_F79_m16f16_P59_Y4_UO881,I16_F59_m56f56_P59_Y1_UO2586,I16_F59_m79f79_P59_Y2_UO3647,MXY,3,0.0,1,0,0.0,0,0,0,-9999.0,0.125,1,P78_CV0,2,0,2,2,0,0,2,0,2
59,271819.5057,-1493472.736,E59_F79_m56f56_P59_Y4_UO2639,I56_F59_m79f79_P59_Y1_UO3401,ID56_F59_m-1f-1_P79_Y-1_U183,MXY,3,0.0,1,0,0.0,0,0,0,-9999.0,0.5,1,P78_CV0,2,0,2,1,1,0,2,0,2
59,271819.5057,-1493472.736,E59_F79_m17f17_P64_Y4_UO998,ID17_F64_m-1f-1_P79_Y-1_U249,I17_F64_m-1f-1_P3_Y-1_U47,FXX,3,0.0,1,0,1.0,0,0,0,-9999.0,0.5,1,P78_CV0,2,2,0,2,0,0,2,0,2
59,271819.5057,-1493472.736,E59_F79_m79f79_P59_Y4_UO3593,I79_F59_m16f16_P59_Y0_UO943,I79_F59_m-1f-1_P79_Y-1_U6,FXX,3,0.0,1,0,1.0,0,0,0,-9999.0,0.75,1,P78_CV0,2,1,1,0,2,0,2,0,2
59,271819.5057,-1493472.736,E59_F3_m79f79_P59_Y3_UO3602,I79_F59_m-1f-1_P79_Y-1_U237,ID79_F59_m-1f-1_P3_Y-1_U225,MXY,4,0.0,1,0,0.0,0,0,0,-9999.0,0.0,1,P78_CV0,2,0,2,1,1,0,2,0,2
59,271819.5057,-1493472.736,E59_F3_m56f56_P59_Y3_UO2614,I56_F59_m79f79_P59_Y1_UO3428,I56_F59_m-1f-1_P56_Y-1_U108,MXY,4,0.0,1,0,0.0,0,0,0,-9999.0,0.5,1,P78_CV0,2,1,1,0,2,0,2,0,2
59,271819.5057,-1493472.736,E59_F16_m3f3_P59_Y3_UO121,ID3_F59_m56f56_P59_Y1_UO2583,I3_F59_m17f17_P64_Y1_UO895,MXY,4,0.0,1,0,0.0,0,0,0,-9999.0,0.375,1,P78_CV0,2,1,1,1,1,0,2,0,2
59,271819.5057,-1493472.736,E59_F16_m16f16_P59_Y3_UO914,I16_F59_m-1f-1_P16_Y-1_U203,I16_F59_m79f79_P59_Y0_UO3896,FXX,4,0.0,1,0,1.0,0,0,0,-9999.0,0.75,1,P78_CV0,2,2,0,1,1,0,2,0,2
59,271819.5057,-1493472.736,E59_F56_m3f3_P59_Y3_UO94,I3_F59_m16f16_P59_Y1_UO841,I3_F59_m-1f-1_P79_Y-1_U248,MXY,4,0.0,1,0,0.0,0,0,0,-9999.0,0.75,1,P78_CV0,2,2,0,1,1,0,2,0,2
59,271819.5057,-1493472.736,E59_F79_m95f95_P64_Y3_UO4457,I95_F64_m-1f-1_P95_Y-1_U173,I95_F64_m79f79_P64_Y1_UO3429,FXX,4,0.0,1,0,1.0,0,0,0,-9999.0,0.5,1,P78_CV0,2,0,2,1,1,0,2,0,2
59,271819.5057,-1493472.736,E59_F79_m79f79_P59_Y3_UO3593,I79_F64_m17f17_P59_Y0_UO1115,I79_F59_m79f79_P59_Y0_UO3921,MXY,4,0.0,1,0,0.0,0,0,0,-9999.0,0.625,1,P78_CV0,2,1,1,2,0,0,2,0,2
59,271819.5057,-1493472.736,E59_F79_m79f79_P59_Y3_UO3612,ID79_F64_m-1f-1_P79_Y-1_U132,ID79_F59_m-1f-1_P79_Y-1_U88,MXY,4,0.0,1,0,0.0,0,0,0,-9999.0,1.0,1,P78_CV0,2,2,0,2,0,0,2,0,2
59,271819.5057,-1493472.736,E59_F3_m17f17_P59_Y2_UO1001,I17_F59_m-1f-1_P79_Y-1_U241,I17_F64_m-1f-1_P17_Y-1_U77,MXY,5,0.0,1,0,0.0,0,0,0,-9999.0,0.75,1,P78_CV0,2,2,0,1,1,0,2,0,2
59,271819.5057,-1493472.736,E59_F3_m3f3_P59_Y2_UO102,I3_F59_m79f79_P59_Y0_UO3911,ID3_F59_m16f16_P59_Y0_UO993,MXY,5,0.0,1,0,0.0,0,0,0,-9999.0,0.375,1,P78_CV0,2,1,1,0,2,0,2,0,2
59,271819.5057,-1493472.736,E59_F3_m79f79_P59_Y2_UO3619,I79_F59_m-1f-1_P79_Y-1_U177,ID79_F64_m-1f-1_P47_Y-1_U97,MXY,5,0.0,1,0,0.0,0,0,0,-9999.0,0.75,1,P78_CV0,2,1,1,1,1,0,2,0,2
59,271819.5057,-1493472.736,E59_F16_m79f79_P59_Y2_UO3647,I79_F59_m-1f-1_P79_Y-1_U64,I79_F59_m-1f-1_P79_Y-1_U90,MXY,5,0.0,1,0,0.0,0,0,0,-9999.0,0.0,1,P78_CV0,2,0,2,1,1,0,2,0,2
59,271819.5057,-1493472.736,E59_F56_m16f16_P59_Y2_UO869,I16_F59_m-1f-1_P16_Y-1_U114,I16_F59_m79f79_P59_Y0_UO3896,FXX,5,0.0,1,0,1.0,0,0,0,-9999.0,0.5,1,P78_CV0,2,2,0,0,2,0,2,0,2
59,271819.5057,-1493472.736,E59_F79_m3f3_P59_Y2_UO135,ID3_F59_m-1f-1_P79_Y-1_U76,I3_F59_m95f95_P64_Y0_UO4847,FXX,5,0.0,1,0,1.0,0,0,0,-9999.0,0.25,1,P78_CV0,2,1,1,1,1,0,2,0,2
59,271819.5057,-1493472.736,E59_F79_m17f17_P59_Y2_UO962,I17_F64_m79f79_P59_Y0_UO3917,ID17_F81_m-1f-1_P17_Y-1_U122,MXY,5,0.0,1,0,0.0,0,0,0,-9999.0,0.75,1,P78_CV0,2,1,1,1,1,0,2,0,2
59,271819.5057,-1493472.736,E59_F3_m79f79_P59_Y1_UO3393,I79_F59_m-1f-1_P79_Y-1_U211,I79_F64_m-1f-1_P79_Y-1_U223,MXY,6,0.0,1,0,0.0,0,0,0,-9999.0,0.75,1,P78_CV0,2,2,0,1,1,0,2,0,2
59,271819.5057,-1493472.736,E59_F3_m17f17_P64_Y1_UO895,ID17_F59_m-1f-1_P79_Y-1_U93,ID17_F64_m-1f-1_P17_Y-1_U35,MXY,6,0.0,1,0,0.0,0,0,0,-9999.0,0.0,1,P78_CV0,2,0,2,2,0,0,2,0,2
59,271819.5057,-1493472.736,E59_F16_m79f79_P59_Y1_UO3443,ID79_F59_m-1f-1_P79_Y-1_U177,I79_F59_m-1f-1_P79_Y-1_U122,MXY,6,0.0,1,0,0.0,0,0,0,-9999.0,0.5,1,P78_CV0,2,1,1,1,1,0,2,0,2
59,271819.5057,-1493472.736,E59_F16_m79f79_P59_Y1_UO3428,ID79_F64_m-1f-1_P79_Y-1_U31,I79_F59_m-1f-1_P79_Y-1_U48,FXX,6,0.0,1,0,1.0,0,0,0,-9999.0,0.0,1,P78_CV0,2,0,2,0,2,0,2,0,2
59,271819.5057,-1493472.736,E59_F56_m79f79_P59_Y1_UO3430,I79_F64_m-1f-1_P79_Y-1_U55,I79_F59_m-1f-1_P79_Y-1_U69,MXY,6,0.0,1,0,0.0,0,0,0,-9999.0,0.75,1,P78_CV0,2,2,0,1,1,0,2,0,2
59,271819.5057,-1493472.736,E59_F56_m79f79_P59_Y1_UO3382,I79_F59_m-1f-1_P79_Y-1_U202,I79_F59_m-1f-1_P79_Y-1_U63,FXX,6,0.0,1,0,1.0,0,0,0,-9999.0,1.0,1,P78_CV0,2,2,0,1,1,0,2,0,2
59,271819.5057,-1493472.736,E59_F3_m79f79_P64_Y0_UO3882,R79_F79_m-1f-1_P79_Y-1_U150,R79_F79_m-1f-1_P79_Y-1_U242,MXY,7,0.0,1,0,0.0,0,0,0,-9999.0,0.25,1,P78_CV0,2,0,2,1,1,0,2,0,2
59,271819.5057,-1493472.736,E59_F3_m79f79_P59_Y0_UO3872,R79_F79_m-1f-1_P79_Y-1_U130,R79_F79_m-1f-1_P79_Y-1_U73,MXY,7,0.0,1,0,0.0,0,0,0,-9999.0,0.75,1,P78_CV0,2,1,1,2,0,0,2,0,2
59,271819.5057,-1493472.736,E59_F16_m79f79_P59_Y0_UO3890,R79_F79_m-1f-1_P79_Y-1_U163,R79_F79_m-1f-1_P79_Y-1_U185,MXY,7,0.0,1,0,0.0,0,0,0,-9999.0,0.25,1,P78_CV0,2,0,2,1,1,0,2,0,2
59,271819.5057,-1493472.736,E59_F16_m79f79_P59_Y0_UO3867,R79_F79_m-1f-1_P79_Y-1_U111,R79_F79_m-1f-1_P79_Y-1_U227,MXY,7,0.0,1,0,0.0,0,0,0,-9999.0,0.5,1,P78_CV0,2,2,0,0,2,0,2,0,2
59,271819.5057,-1493472.736,E59_F16_m79f79_P59_Y0_UO3896,R79_F79_m-1f-1_P79_Y-1_U178,R79_F79_m-1f-1_P79_Y-1_U30,MXY,7,0.0,1,0,0.0,0,0,0,-9999.0,0.5,1,P78_CV0,2,2,0,1,1,0,2,0,2
59,271819.5057,-1493472.736,E59_F16_m79f79_P64_Y0_UO3862,R79_F79_m-1f-1_P79_Y-1_U98,R79_F79_m-1f-1_P79_Y-1_U246,FXX,7,0.0,1,0,1.0,0,0,0,-9999.0,0.75,1,P78_CV0,2,1,1,2,0,0,2,0,2
59,271819.5057,-1493472.736,E59_F47_m79f79_P64_Y0_UO3859,R79_F79_m-1f-1_P79_Y-1_U84,R79_F79_m-1f-1_P79_Y-1_U54,FXX,7,0.0,1,0,1.0,0,0,0,-9999.0,0.25,1,P78_CV0,2,1,1,2,0,0,2,0,2
59,271819.5057,-1493472.736,E59_F56_m79f79_P59_Y0_UO3918,R79_F79_m-1f-1_P79_Y-1_U235,R79_F79_m-1f-1_P79_Y-1_U212,MXY,7,0.0,1,0,0.0,0,0,0,-9999.0,0.0,1,P78_CV0,2,0,2,1,1,0,2,0,2
59,271819.5057,-1493472.736,E59_F79_m79f79_P59_Y0_UO3904,R79_F79_m-1f-1_P79_Y-1_U195,R79_F79_m-1f-1_P79_Y-1_U41,MXY,7,0.0,1,0,0.0,0,0,0,-9999.0,0.0,1,P78_CV0,2,0,2,1,1,0,2,0,2
59,271819.5057,-1493472.736,E59_F79_m79f79_P64_Y0_UO3893,R79_F79_m-1f-1_P79_Y-1_U170,R79_F79_m-1f-1_P79_Y-1_U114,FXX,7,0.0,1,0,1.0,0,0,0,-9999.0,0.25,1,P78_CV0,2,0,2,2,0,0,2,0,2
59,271819.5057,-1493472.736,E59_F3_m-1f-1_P79_Y-1_U97,-9999,-9999,MXY,8,0.0,1,0,0.0,0,0,0,-9999.0,0.5,1,P78_CV0,2,1,1,2,0,0,2,0,2
59,271819.5057,-1493472.736,E59_F16_m-1f-1_P79_Y-1_U127,-9999,-9999,FXX,8,0.0,1,0,1.0,0,0,0,-9999.0,0.0,1,P78_CV0,2,0,2,0,2,0,2,0,2
59,271819.5057,-1493472.736,E59_F3_m-1f-1_P79_Y-1_U244,-9999,-9999,MXY,9,0.0,1,0,0.0,0,0,0,-9999.0,0.0,1,P78_CV0,2,0,2,1,1,0,2,0,2
59,271819.5057,-1493472.736,E59_F3_m-1f-1_P79_Y-1_U185,-9999,-9999,MXY,9,0.0,1,0,0.0,0,0,0,-9999.0,0.5,1,P78_CV0,2,1,1,0,2,0,2,0,2
59,271819.5057,-1493472.736,E59_F17_m-1f-1_P79_Y-1_U161,-9999,-9999,MXY,9,0.0,1,0,0.0,0,0,0,-9999.0,1.0,1,P78_CV0,2,2,0,0,2,0,2,0,2
59,271819.5057,-1493472.736,E59_F56_m-1f-1_P79_Y-1_U125,-9999,-9999,FXX,9,0.0,1,0,1.0,0,0,0,-9999.0,1.0,1,P78_CV0,2,2,0,1,1,0,2,0,2
59,271819.5057,-1493472.736,E59_F79_m-1f-1_P79_Y-1_U224,-9999,-9999,FXX,9,0.0,1,0,1.0,0,0,0,-9999.0,0.0,1,P78_CV0,2,0,2,2,0,0,2,0,2
59,271819.5057,-1493472.736,E59_F79_m-1f-1_P79_Y-1_U51,-9999,-9999,MXY,9,0.0,1,0,0.0,0,0,0,-9999.0,0.0,1,P78_CV0,2,0,2,2,0,0,2,0,2
59,271819.5057,-1493472.736,E59_F79_m-1f-1_P79_Y-1_U146,-9999,-9999,FXX,9,0.0,1,0,1.0,0,0,0,-9999.0,0.5,1,P78_CV0,2,1,1,1,1,0,2,0,2
59,271819.5057,-1493472.736,E59_F3_m-1f-1_P79_Y-1_U24,-9999,-9999,MXY,10,0.0,1,0,0.0,0,0,0,-9999.0,0.5,1,P78_CV0,2,1,1,0,2,0,2,0,2
59,271819.5057,-1493472.736,E59_F3_m-1f-1_P79_Y-1_U158,-9999,-9999,MXY,10,0.0,1,0,0.0,0,0,0,-9999.0,0.0,1,P78_CV0,2,0,2,1,1,0,2,0,2
59,271819.5057,-1493472.736,E59_F3_m-1f-1_P79_Y-1_U218,-9999,-9999,FXX,10,0.0,1,0,1.0,0,0,0,-9999.0,0.5,1,P78_CV0,2,1,1,0,2,0,2,0,2
59,271819.5057,-1493472.736,E59_F79_m-1f-1_P79_Y-1_U37,-9999,-9999,MXY,11,0.0,1,0,0.0,0,0,0,-9999.0,0.5,1,P78_CV0,2,1,1,2,0,0,2,0,2
59,271819.5057,-1493472.736,E59_F79_m-1f-1_P79_Y-1_U98,-9999,-9999,FXX,11,0.0,1,0,1.0,0,0,0,-9999.0,1.0,1,P78_CV0,2,2,0,1,1,0,2,0,2
59,271819.5057,-1493472.736,E59_F79_m-1f-1_P79_Y-1_U92,-9999,-9999,MXY,11,0.0,1,0,0.0,0,0,0,-9999.0,0.0,1,P78_CV0,2,0,2,0,2,0,2,0,2
59,271819.5057,-1493472.736,E59_F3_m-1f-1_P79_Y-1_U248,-9999,-9999,MXY,12,0.0,1,0,0.0,0,0,0,-9999.0,0.5,1,P78_CV0,2,1,1,1,1,0,2,0,2
59,271819.5057,-1493472.736,E59_F79_m-1f-1_P79_Y-1_U29,-9999,-9999,FXX,12,0.0,1,0,1.0,0,0,0,-9999.0,0.5,1,P78_CV0,2,1,1,1,1,0,2,0,2
59,271819.5057,-1493472.736,E59_F79_m-1f-1_P79_Y-1_U245,-9999,-9999,FXX,12,0.0,1,0,1.0,0,0,0,-9999.0,1.0,1,P78_CV0,2,2,0,2,0,0,2,0,2
59,271819.5057,-1493472.736,E59_F56_m-1f-1_P79_Y-1_U231,-9999,-9999,MXY,13,0.0,1,0,0.0,0,0,0,-9999.0,0.5,1,P78_CV0,2,1,1,2,0,0,2,0,2
59,271819.5057,-1493472.736,E59_F79_m-1f-1_P79_Y-1_U210,-9999,-9999,FXX,15,0.0,1,0,1.0,0,0,0,-9999.0,0.5,1,P78_CV0,2,1,1,0,2,0,2,0,2
59,271819.5057,-1493472.736,E59_F17_m47f47_P64_Y6_UO2364,I47_F64_m80f80_P81_Y4_UO3654,I47_F81_m-1f-1_P47_Y-1_U184,MXY,1,0.0,1,1,0.0,0,0,0,-9999.0,0.53125,1,P79_CV0,2,1,1,1,1,0,2,0,2
59,271819.5057,-1493472.736,E59_F79_m95f95_P64_Y5_UO4532,I95_F91_m-1f-1_P94_Y-1_U242,I95_F64_m17f17_P64_Y2_UO950,FXX,2,0.0,1,0,1.0,0,0,0,-9999.0,0.25,1,P93_CV0,2,1,1,1,1,0,2,0,2
59,271819.5057,-1493472.736,Age0_F59_m3f3_P59_Y7_UO108,ID3_F59_m17f17_P64_Y5_UO989,ID3_F59_m-1f-1_P3_Y-1_U75,MXY,0,0.0,0,0,0.0,0,0,0,0.0,0.15625,1,P94_CV0,2,1,1,1,1,0,2,0,2
59,271819.5057,-1493472.736,Age0_F59_m3f3_P59_Y7_UO123,ID3_F59_m95f95_P64_Y5_UO4512,I3_F64_m16f16_P59_Y4_UO899,MXY,0,0.0,0,0,0.0,0,0,0,0.0,0.6875,1,P94_CV0,2,2,0,0,2,0,2,0,2
59,271819.5057,-1493472.736,Age0_F59_m3f3_P59_Y7_UO137,ID3_F59_m3f3_P64_Y4_UO115,I3_F59_m95f95_P64_Y3_UO4505,FXX,0,0.0,0,0,0.0,0,0,0,0.0,0.5625,1,P94_CV0,2,2,0,2,0,0,2,0,2
59,271819.5057,-1493472.736,Age0_F59_m3f3_P59_Y7_UO145,I3_F59_m17f17_P64_Y4_UO946,ID3_F59_m56f56_P59_Y2_UO2707,MXY,0,0.0,0,0,0.0,0,0,0,0.0,0.4375,1,P94_CV0,2,0,2,2,0,0,2,0,2
59,271819.5057,-1493472.736,Age0_F59_m3f3_P59_Y7_UO159,I3_F64_m56f56_P59_Y3_UO2635,ID3_F59_m95f95_P64_Y0_UO4847,MXY,0,0.0,0,0,0.0,0,0,0,0.0,0.5625,1,P94_CV0,2,1,1,0,2,0,2,0,2
59,271819.5057,-1493472.736,Age0_F59_m3f3_P59_Y7_UO172,ID3_F64_m17f17_P64_Y2_UO1030,I3_F59_m17f17_P64_Y3_UO962,FXX,0,0.0,0,0,0.0,0,0,0,0.0,0.5,1,P94_CV0,2,0,2,1,1,0,2,0,2
59,271819.5057,-1493472.736,Age0_F59_m3f3_P59_Y7_UO184,ID3_F59_m95f95_P64_Y1_UO4300,I3_F59_m17f17_P64_Y5_UO952,FXX,0,0.0,0,0,0.0,0,0,0,0.0,0.25,1,P94_CV0,2,0,2,1,1,0,2,0,2
59,271819.5057,-1493472.736,Age0_F59_m17f17_P59_Y7_UO983,ID17_F64_m95f95_P64_Y2_UO4515,I17_F64_m-1f-1_P79_Y-1_U118,FXX,0,0.0,0,0,0.0,0,0,0,0.0,0.375,1,P94_CV0,2,0,2,1,1,0,2,0,2
59,271819.5057,-1493472.736,Age0_F59_m56f56_P59_Y7_UO2646,I56_F59_m56f56_P59_Y5_UO2692,I56_F59_m17f17_P59_Y3_UO957,FXX,0,0.0,0,0,0.0,0,0,0,0.0,0.5,1,P94_CV0,2,1,1,1,1,0,2,0,2
59,271819.5057,-1493472.736,Age0_F59_m56f56_P59_Y7_UO2648,I56_F59_m79f79_P59_Y5_UO3554,ID56_F59_m-1f-1_P56_Y-1_U111,FXX,0,0.0,0,0,0.0,0,0,0,0.0,0.1875,1,P94_CV0,2,1,1,1,1,0,2,0,2
59,271819.5057,-1493472.736,Age0_F59_m79f79_P59_Y7_UO3599,I79_F59_m3f3_P59_Y4_UO178,ID79_F59_m-1f-1_P3_Y-1_U103,FXX,0,0.0,0,0,0.0,0,0,0,0.0,0.375,1,P94_CV0,2,1,1,1,1,0,2,0,2
59,271819.5057,-1493472.736,Age0_F59_m79f79_P59_Y7_UO3602,I79_F59_m95f95_P64_Y4_UO4537,I79_F59_m79f79_P64_Y1_UO3397,MXY,0,0.0,0,0,0.0,0,0,0,0.0,0.25,1,P94_CV0,2,0,2,2,0,0,2,0,2
59,271819.5057,-1493472.736,Age0_F59_m79f79_P59_Y7_UO3626,I79_F59_m95f95_P64_Y3_UO4457,I79_F59_m17f17_P64_Y3_UO997,MXY,0,0.0,0,0,0.0,0,0,0,0.0,0.5625,1,P94_CV0,2,0,2,0,2,0,2,0,2
59,271819.5057,-1493472.736,Age0_F59_m79f79_P59_Y7_UO3628,I79_F59_m79f79_P59_Y3_UO3572,I79_F59_m47f47_P64_Y5_UO2339,MXY,0,0.0,0,0,0.0,0,0,0,0.0,0.5,1,P94_CV0,2,1,1,2,0,0,2,0,2
59,271819.5057,-1493472.736,Age0_F59_m79f79_P59_Y7_UO3634,I79_F59_m79f79_P64_Y2_UO3634,ID79_F59_m95f95_P64_Y4_UO4512,MXY,0,0.0,0,0,0.0,0,0,0,0.0,0.375,1,P94_CV0,2,0,2,1,1,0,2,0,2
59,271819.5057,-1493472.736,E59_F3_m3f3_P59_Y6_UO163,I3_F64_m95f95_P64_Y2_UO4509,I3_F59_m16f16_P59_Y0_UO969,FXX,1,0.0,1,1,1.0,0,0,0,-9999.0,0.625,1,P94_CV0,2,1,1,1,1,0,2,0,2
59,271819.5057,-1493472.736,E59_F3_m17f17_P59_Y6_UO972,ID17_F64_m16f16_P59_Y3_UO872,I17_F64_m95f95_P64_Y2_UO4491,FXX,1,0.0,1,1,1.0,0,0,0,-9999.0,0.5,1,P94_CV0,2,2,0,0,2,0,2,0,2
59,271819.5057,-1493472.736,E59_F3_m79f79_P59_Y6_UO3601,I79_F59_m3f3_P59_Y4_UO178,I79_F59_m-1f-1_P17_Y-1_U140,FXX,1,0.0,1,1,1.0,0,0,0,-9999.0,0.375,1,P94_CV0,2,0,2,1,1,0,2,0,2
59,271819.5057,-1493472.736,E59_F3_m79f79_P59_Y6_UO3661,I79_F64_m3f3_P64_Y1_UO107,I79_F59_m95f95_P64_Y1_UO4334,FXX,1,0.0,1,1,1.0,0,0,0,-9999.0,0.625,1,P94_CV0,2,2,0,1,1,0,2,0,2
59,271819.5057,-1493472.736,E59_F3_m95f95_P64_Y6_UO4551,I95_F64_m47f47_P64_Y1_UO2157,I95_F64_m95f95_P64_Y3_UO4458,FXX,1,0.0,1,1,1.0,0,0,0,-9999.0,0.875,1,P94_CV0,2,1,1,2,0,0,2,0,2
59,271819.5057,-1493472.736,E59_F79_m79f79_P59_Y6_UO3575,I79_F59_m3f3_P59_Y4_UO146,ID79_F59_m79f79_P59_Y4_UO3546,FXX,1,0.0,1,1,1.0,0,0,0,-9999.0,0.4375,1,P94_CV0,2,1,1,1,1,0,2,0,2
59,271819.5057,-1493472.736,E59_F79_m56f56_P59_Y6_UO2672,ID56_F59_m79f79_P59_Y4_UO3631,ID56_F59_m3f3_P59_Y0_UO139,MXY,1,0.0,1,1,0.0,0,0,0,-9999.0,0.375,1,P94_CV0,2,1,1,2,0,0,2,0,2
59,271819.5057,-1493472.736,E59_F79_m95f95_P64_Y6_UO4552,I95_F64_m16f16_P59_Y1_UO798,I95_F64_m-1f-1_P95_Y-1_U97,MXY,1,0.0,1,1,0.0,0,0,0,-9999.0,0.75,1,P94_CV0,2,1,1,2,0,0,2,0,2
59,271819.5057,-1493472.736,E59_F79_m17f17_P64_Y6_UO970,I17_F64_m95f95_P64_Y3_UO4474,ID17_F64_m79f79_P59_Y3_UO3588,FXX,1,0.0,1,1,1.0,0,0,0,-9999.0,0.6875,1,P94_CV0,2,2,0,2,0,0,2,0,2
59,271819.5057,-1493472.736,E59_F79_m95f95_P64_Y6_UO4576,I95_F64_m-1f-1_P95_Y-1_U51,ID95_F91_m95f95_P91_Y4_UO4517,FXX,1,0.0,1,1,1.0,0,0,0,-9999.0,0.25,1,P94_CV0,2,0,2,1,1,0,2,0,2
59,271819.5057,-1493472.736,E59_F79_m95f95_P64_Y6_UO4544,I95_F64_m17f17_P64_Y2_UO1017,I95_F64_m-1f-1_P95_Y-1_U133,MXY,1,0.0,1,1,0.0,0,0,0,-9999.0,0.3125,1,P94_CV0,2,1,1,2,0,0,2,0,2
59,271819.5057,-1493472.736,E59_F79_m95f95_P64_Y6_UO4579,I95_F64_m-1f-1_P95_Y-1_U49,I95_F91_m-1f-1_P95_Y-1_U4,FXX,1,0.0,1,1,1.0,0,0,0,-9999.0,0.25,1,P94_CV0,2,1,1,1,1,0,2,0,2
59,271819.5057,-1493472.736,E59_F79_m3f3_P59_Y6_UO141,I3_F59_m95f95_P64_Y3_UO4492,I3_F59_m79f79_P59_Y0_UO3895,MXY,1,0.0,1,1,0.0,0,0,0,-9999.0,0.375,1,P94_CV0,2,1,1,1,1,0,2,0,2
59,271819.5057,-1493472.736,E59_F79_m3f3_P59_Y6_UO127,I3_F59_m17f17_P64_Y4_UO946,I3_F59_m17f17_P64_Y2_UO1018,MXY,1,0.0,1,1,0.0,0,0,0,-9999.0,0.5625,1,P94_CV0,2,0,2,2,0,0,2,0,2
59,271819.5057,-1493472.736,E59_F79_m95f95_P64_Y6_UO4519,ID95_F64_m79f79_P64_Y4_UO3541,I95_F28_m-1f-1_P95_Y-1_U138,FXX,1,0.0,1,1,1.0,0,0,0,-9999.0,0.75,1,P94_CV0,2,2,0,1,1,0,2,0,2
59,271819.5057,-1493472.736,E59_F79_m95f95_P64_Y6_UO4568,I95_F21_m-1f-1_P95_Y-1_U231,I95_F91_m95f95_P91_Y1_UO4315,MXY,1,0.0,1,1,0.0,0,0,0,-9999.0,0.625,1,P94_CV0,2,1,1,0,2,0,2,0,2
59,271819.5057,-1493472.736,E59_F79_m17f17_P64_Y6_UO956,I17_F64_m17f17_P64_Y4_UO1029,I17_F64_m17f17_P64_Y4_UO959,MXY,1,0.0,1,1,0.0,0,0,0,-9999.0,0.5625,1,P94_CV0,2,1,1,2,0,0,2,0,2
59,271819.5057,-1493472.736,E59_F79_m95f95_P64_Y6_UO4578,I95_F64_m-1f-1_P95_Y-1_U186,I95_F64_m-1f-1_P95_Y-1_U191,MXY,1,0.0,1,1,0.0,0,0,0,-9999.0,0.5,1,P94_CV0,2,2,0,1,1,0,2,0,2
59,271819.5057,-1493472.736,E59_F79_m79f79_P59_Y6_UO3598,I79_F59_m95f95_P64_Y4_UO4504,I79_F59_m16f16_P59_Y3_UO850,FXX,1,0.0,1,1,1.0,0,0,0,-9999.0,0.625,1,P94_CV0,2,2,0,1,1,0,2,0,2
59,271819.5057,-1493472.736,E59_F79_m79f79_P59_Y6_UO3665,I79_F64_m95f95_P64_Y1_UO4343,I79_F59_m17f17_P64_Y3_UO997,FXX,1,0.0,1,1,1.0,0,0,0,-9999.0,0.4375,1,P94_CV0,2,1,1,1,1,0,2,0,2
59,271819.5057,-1493472.736,E59_F3_m17f17_P64_Y5_UO989,I17_F64_m95f95_P64_Y1_UO4256,I17_F64_m95f95_P64_Y3_UO4491,FXX,2,0.0,1,0,1.0,0,0,0,-9999.0,0.3125,1,P94_CV0,2,2,0,1,1,0,2,0,2
59,271819.5057,-1493472.736,E59_F3_m95f95_P64_Y5_UO4508,I95_F91_m94f94_P91_Y0_UO4773,I95_F64_m-1f-1_P95_Y-1_U191,MXY,2,0.0,1,0,0.0,0,0,0,-9999.0,0.625,1,P94_CV0,2,1,1,0,2,0,2,0,2
59,271819.5057,-1493472.736,E59_F3_m95f95_P64_Y5_UO4531,I95_F91_m-1f-1_P95_Y-1_U142,I95_F91_m95f95_P64_Y2_UO4462,MXY,2,0.0,1,0,0.0,0,0,0,-9999.0,0.5,1,P94_CV0,2,2,0,0,2,0,2,0,2
59,271819.5057,-1493472.736,E59_F3_m95f95_P64_Y5_UO4512,I95_F64_m95f95_P64_Y0_UO4865,I95_F64_m95f95_P64_Y1_UO4304,FXX,2,0.0,1,0,1.0,0,0,0,-9999.0,0.875,1,P94_CV0,2,1,1,1,1,0,2,0,2
59,271819.5057,-1493472.736,E59_F3_m17f17_P59_Y5_UO962,I17_F64_m95f95_P64_Y2_UO4537,I17_F64_m-1f-1_P79_Y-1_U206,MXY,2,0.0,1,0,0.0,0,0,0,-9999.0,1.0,1,P94_CV0,2,2,0,2,0,0,2,0,2
59,271819.5057,-1493472.736,E59_F3_m17f17_P59_Y5_UO950,I17_F59_m17f17_P64_Y3_UO1023,I17_F64_m95f95_P64_Y2_UO4453,MXY,2,0.0,1,0,0.0,0,0,0,-9999.0,0.4375,1,P94_CV0,2,1,1,1,1,0,2,0,2
59,271819.5057,-1493472.736,E59_F56_m17f17_P59_Y5_UO1016,I17_F64_m-1f-1_P17_Y-1_U38,ID17_F64_m95f95_P64_Y3_UO4480,FXX,2,0.0,1,0,1.0,0,0,0,-9999.0,0.625,1,P94_CV0,2,2,0,2,0,0,2,0,2
59,271819.5057,-1493472.736,E59_F56_m3f3_P59_Y5_UO176,I3_F59_m16f16_P59_Y0_UO925,I3_F59_m95f95_P64_Y1_UO4274,MXY,2,0.0,1,0,0.0,0,0,0,-9999.0,0.75,1,P94_CV0,2,2,0,2,0,0,2,0,2
59,271819.5057,-1493472.736,E59_F56_m79f79_P59_Y5_UO3554,I79_F59_m3f3_P59_Y3_UO106,I79_F59_m95f95_P64_Y2_UO4464,FXX,2,0.0,1,0,1.0,0,0,0,-9999.0,0.375,1,P94_CV0,2,1,1,1,1,0,2,0,2
59,271819.5057,-1493472.736,E59_F79_m3f3_P59_Y5_UO131,I3_F64_m95f95_P64_Y3_UO4492,ID3_F64_m56f56_P59_Y2_UO2641,MXY,2,0.0,1,0,0.0,0,0,0,-9999.0,0.375,1,P94_CV0,2,0,2,1,1,0,2,0,2
59,271819.5057,-1493472.736,E59_F79_m95f95_P64_Y5_UO4541,ID95_F81_m-1f-1_P95_Y-1_U227,I95_F64_m-1f-1_P95_Y-1_U133,MXY,2,0.0,1,0,0.0,0,0,0,-9999.0,0.25,1,P94_CV0,2,1,1,2,0,0,2,0,2
59,271819.5057,-1493472.736,E59_F79_m17f17_P64_Y5_UO1000,ID17_F64_m95f95_P64_Y0_UO4894,I17_F64_m79f79_P64_Y3_UO3628,MXY,2,0.0,1,0,0.0,0,0,0,-9999.0,0.5,1,P94_CV0,2,1,1,1,1,0,2,0,2
59,271819.5057,-1493472.736,E59_F79_m17f17_P64_Y5_UO993,I17_F64_m17f17_P64_Y0_UO1082,ID17_F64_m-1f-1_P95_Y-1_U103,FXX,2,0.0,1,0,1.0,0,0,0,-9999.0,0.625,1,P94_CV0,2,1,1,1,1,0,2,0,2
59,271819.5057,-1493472.736,E59_F79_m3f3_P64_Y5_UO143,I3_F64_m95f95_P64_Y2_UO4509,I3_F59_m56f56_P59_Y3_UO2614,MXY,2,0.0,1,0,0.0,0,0,0,-9999.0,0.625,1,P94_CV0,2,2,0,0,2,0,2,0,2
59,271819.5057,-1493472.736,E59_F79_m17f17_P64_Y5_UO1025,ID17_F64_m-1f-1_P95_Y-1_U102,ID17_F64_m79f79_P59_Y2_UO3585,MXY,2,0.0,1,0,0.0,0,0,0,-9999.0,0.4375,1,P94_CV0,2,1,1,2,0,0,2,0,2
59,271819.5057,-1493472.736,E59_F3_m3f3_P64_Y4_UO115,I3_F64_m56f56_P59_Y2_UO2702,I3_F59_m95f95_P64_Y2_UO4490,FXX,3,0.0,1,0,1.0,0,0,0,-9999.0,0.625,1,P94_CV0,2,1,1,1,1,0,2,0,2
59,271819.5057,-1493472.736,E59_F3_m17f17_P64_Y4_UO946,I17_F59_m17f17_P64_Y2_UO1011,I17_F64_m95f95_P64_Y2_UO4541,FXX,3,0.0,1,0,1.0,0,0,0,-9999.0,0.625,1,P94_CV0,2,0,2,2,0,0,2,0,2
59,271819.5057,-1493472.736,E59_F3_m17f17_P64_Y4_UO1025,I17_F64_m-1f-1_P95_Y-1_U187,I17_F64_m-1f-1_P17_Y-1_U113,MXY,3,0.0,1,0,0.0,0,0,0,-9999.0,0.75,1,P94_CV0,2,2,0,1,1,0,2,0,2
59,271819.5057,-1493472.736,E59_F79_m95f95_P64_Y4_UO4512,I95_F64_m-1f-1_P95_Y-1_U221,I95_F64_m-1f-1_P95_Y-1_U152,MXY,3,0.0,1,0,0.0,0,0,0,-9999.0,0.25,1,P94_CV0,2,1,1,2,0,0,2,0,2
59,271819.5057,-1493472.736,E59_F79_m17f17_P64_Y4_UO1008,ID17_F64_m-1f-1_P95_Y-1_U235,I17_F64_m-1f-1_P79_Y-1_U68,MXY,3,0.0,1,0,0.0,0,0,0,-9999.0,0.25,1,P94_CV0,2,0,2,2,0,0,2,0,2
59,271819.5057,-1493472.736,E59_F79_m17f17_P64_Y4_UO959,I17_F59_m95f95_P64_Y2_UO4539,I17_F64_m95f95_P64_Y2_UO4541,MXY,3,0.0,1,0,0.0,0,0,0,-9999.0,0.625,1,P94_CV0,2,0,2,2,0,0,2,0,2
59,271819.5057,-1493472.736,E59_F79_m3f3_P59_Y4_UO178,I3_F59_m-1f-1_P3_Y-1_U101,I3_F59_m95f95_P64_Y2_UO4507,FXX,3,0.0,1,0,1.0,0,0,0,-9999.0,0.25,1,P94_CV0,2,0,2,1,1,0,2,0,2
59,271819.5057,-1493472.736,E59_F79_m95f95_P64_Y4_UO4537,I95_F64_m-1f-1_P95_Y-1_U76,I95_F64_m-1f-1_P95_Y-1_U4,FXX,3,0.0,1,0,1.0,0,0,0,-9999.0,0.5,1,P94_CV0,2,1,1,1,1,0,2,0,2
59,271819.5057,-1493472.736,E59_F79_m95f95_P64_Y4_UO4481,I95_F64_m95f95_P64_Y1_UO4319,ID95_F91_m79f79_P64_Y1_UO3451,MXY,3,0.0,1,0,0.0,0,0,0,-9999.0,0.25,1,P94_CV0,2,1,1,1,1,0,2,0,2
59,271819.5057,-1493472.736,E59_F79_m17f17_P64_Y4_UO1002,I17_F64_m-1f-1_P17_Y-1_U96,ID17_F64_m95f95_P64_Y2_UO4523,MXY,3,0.0,1,0,0.0,0,0,0,-9999.0,0.625,1,P94_CV0,2,2,0,1,1,0,2,0,2
59,271819.5057,-1493472.736,E59_F3_m17f17_P64_Y3_UO962,ID17_F64_m56f56_P59_Y0_UO2840,I17_F59_m95f95_P64_Y1_UO4334,MXY,4,0.0,1,0,0.0,0,0,0,-9999.0,0.25,1,P94_CV0,2,0,2,1,1,0,2,0,2
59,271819.5057,-1493472.736,E59_F3_m95f95_P64_Y3_UO4505,I95_F28_m-1f-1_P95_Y-1_U167,ID95_F64_m-1f-1_P95_Y-1_U171,MXY,4,0.0,1,0,0.0,0,0,0,-9999.0,0.5,1,P94_CV0,2,1,1,1,1,0,2,0,2
59,271819.5057,-1493472.736,E59_F17_m79f79_P64_Y3_UO3532,I79_F59_m95f95_P64_Y1_UO4299,I79_F59_m95f95_P64_Y0_UO4819,MXY,4,0.0,1,0,0.0,0,0,0,-9999.0,0.625,1,P94_CV0,2,1,1,0,2,0,2,0,2
59,271819.5057,-1493472.736,E59_F56_m17f17_P59_Y3_UO957,I17_F64_m95f95_P64_Y0_UO4892,I17_F64_m-1f-1_P79_Y-1_U68,MXY,4,0.0,1,0,0.0,0,0,0,-9999.0,0.375,1,P94_CV0,2,1,1,1,1,0,2,0,2
59,271819.5057,-1493472.736,E59_F79_m17f17_P64_Y3_UO997,ID17_F91_m-1f-1_P95_Y-1_U189,I17_F64_m17f17_P59_Y0_UO1063,MXY,4,0.0,1,0,0.0,0,0,0,-9999.0,0.625,1,P94_CV0,2,1,1,1,1,0,2,0,2
59,271819.5057,-1493472.736,E59_F79_m95f95_P64_Y3_UO4508,I95_F64_m-1f-1_P95_Y-1_U134,I95_F64_m-1f-1_P95_Y-1_U245,MXY,4,0.0,1,0,0.0,0,0,0,-9999.0,0.5,1,P94_CV0,2,1,1,1,1,0,2,0,2
59,271819.5057,-1493472.736,E59_F3_m95f95_P64_Y2_UO4512,I95_F91_m-1f-1_P95_Y-1_U221,ID95_F91_m-1f-1_P95_Y-1_U138,FXX,5,0.0,1,0,1.0,0,0,0,-9999.0,0.75,1,P94_CV0,2,1,1,0,2,0,2,0,2
59,271819.5057,-1493472.736,E59_F3_m17f17_P64_Y2_UO1030,I17_F64_m-1f-1_P17_Y-1_U188,ID17_F91_m-1f-1_P95_Y-1_U131,FXX,5,0.0,1,0,1.0,0,0,0,-9999.0,0.75,1,P94_CV0,2,1,1,0,2,0,2,0,2
59,271819.5057,-1493472.736,E59_F17_m95f95_P64_Y2_UO4515,I95_F64_m-1f-1_P95_Y-1_U38,I95_F64_m-1f-1_P95_Y-1_U200,FXX,5,0.0,1,0,1.0,0,0,0,-9999.0,0.25,1,P94_CV0,2,1,1,0,2,0,2,0,2
59,271819.5057,-1493472.736,E59_F3_m95f95_P64_Y1_UO4274,I95_F64_m-1f-1_P95_Y-1_U161,I95_F64_m-1f-1_P95_Y-1_U31,MXY,6,0.0,1,0,0.0,0,0,0,-9999.0,0.75,1,P94_CV0,2,2,0,2,0,0,2,0,2
59,271819.5057,-1493472.736,E59_F3_m95f95_P64_Y1_UO4289,ID95_F64_m-1f-1_P95_Y-1_U71,I95_F91_m-1f-1_P95_Y-1_U117,MXY,6,0.0,1,0,0.0,0,0,0,-9999.0,0.25,1,P94_CV0,2,0,2,2,0,0,2,0,2
59,271819.5057,-1493472.736,E59_F3_m95f95_P64_Y1_UO4300,I95_F64_m-1f-1_P95_Y-1_U239,I95_F64_m-1f-1_P95_Y-1_U247,FXX,6,0.0,1,0,1.0,0,0,0,-9999.0,0.0,1,P94_CV0,2,0,2,2,0,0,2,0,2
59,271819.5057,-1493472.736,E59_F79_m95f95_P64_Y1_UO4343,I95_F64_m-1f-1_P95_Y-1_U120,I95_F64_m-1f-1_P95_Y-1_U81,FXX,6,0.0,1,0,1.0,0,0,0,-9999.0,0.25,1,P94_CV0,2,0,2,1,1,0,2,0,2
59,271819.5057,-1493472.736,E59_F3_m95f95_P64_Y0_UO4847,R95_F95_m-1f-1_P95_Y-1_U109,R95_F95_m-1f-1_P95_Y-1_U140,MXY,7,0.0,1,0,0.0,0,0,0,-9999.0,0.5,1,P94_CV0,2,1,1,1,1,0,2,0,2
59,271819.5057,-1493472.736,E59_F79_m95f95_P64_Y0_UO4880,R95_F95_m-1f-1_P95_Y-1_U199,R95_F95_m-1f-1_P95_Y-1_U201,MXY,7,0.0,1,0,0.0,0,0,0,-9999.0,0.5,1,P94_CV0,2,1,1,2,0,0,2,0,2
61,-965672.6843,219824.2669,Age0_F61_m34f34_P61_Y7_UO1551,ID34_F54_m34f34_P32_Y5_UO1585,ID34_F54_m34f34_P54_Y3_UO1611,FXX,0,0.0,0,0,0.0,0,0,0,0.0,0.5,1,P33_CV0,2,1,1,1,1,0,2,0,2
61,-965672.6843,219824.2669,Age0_F61_m34f34_P61_Y7_UO1582,I34_F32_m88f88_P54_Y5_UO4143,I34_F32_m34f34_P66_Y4_UO1598,FXX,0,0.0,0,0,0.0,0,0,0,0.0,0.625,1,P33_CV0,2,1,1,1,1,0,2,0,2
61,-965672.6843,219824.2669,Age0_F61_m34f34_P61_Y7_UO1590,I34_F32_m34f34_P54_Y4_UO1584,I34_F54_m-1f-1_P34_Y-1_U195,FXX,0,0.0,0,0,0.0,0,0,0,0.0,0.3125,1,P33_CV0,2,1,1,1,1,0,2,0,2
61,-965672.6843,219824.2669,Age0_F61_m34f34_P61_Y7_UO1594,ID34_F54_m34f34_P66_Y4_UO1648,I34_F32_m34f34_P54_Y2_UO1611,FXX,0,0.0,0,0,0.0,0,0,0,0.0,0.5625,1,P33_CV0,2,2,0,0,2,0,2,0,2
61,-965672.6843,219824.2669,Age0_F61_m34f34_P61_Y7_UO1624,ID34_F66_m34f34_P54_Y3_UO1653,I34_F32_m34f34_P32_Y5_UO1599,MXY,0,0.0,0,0,0.0,0,0,0,0.0,0.5,1,P33_CV0,2,2,0,2,0,0,2,0,2
61,-965672.6843,219824.2669,Age0_F61_m34f34_P61_Y7_UO1628,I34_F61_m88f88_P54_Y3_UO4112,I34_F66_m-1f-1_P34_Y-1_U217,MXY,0,0.0,0,0,0.0,0,0,0,0.0,0.5,1,P33_CV0,2,0,2,1,1,0,2,0,2
61,-965672.6843,219824.2669,Age0_F61_m34f34_P61_Y7_UO1643,I34_F54_m78f78_P54_Y2_UO3522,I34_F54_m34f34_P54_Y3_UO1579,FXX,0,0.0,0,0,0.0,0,0,0,0.0,0.5625,1,P33_CV0,2,2,0,0,2,0,2,0,2
61,-965672.6843,219824.2669,Age0_F61_m34f34_P61_Y7_UO1666,I34_F61_m-1f-1_P34_Y-1_U240,ID34_F54_m34f34_P54_Y5_UO1661,FXX,0,0.0,0,0,0.0,0,0,0,0.0,0.25,1,P33_CV0,2,1,1,0,2,0,2,0,2
61,-965672.6843,219824.2669,Age0_F61_m34f34_P61_Y7_UO1669,I34_F54_m-1f-1_P34_Y-1_U196,ID34_F66_m88f88_P54_Y5_UO4129,MXY,0,0.0,0,0,0.0,0,0,0,0.0,0.0625,1,P33_CV0,2,1,1,1,1,0,2,0,2
61,-965672.6843,219824.2669,Age0_F61_m34f34_P61_Y7_UO1670,I34_F32_m-1f-1_P34_Y-1_U41,I34_F54_m-1f-1_P34_Y-1_U227,MXY,0,0.0,0,0,0.0,0,0,0,0.0,1.0,1,P33_CV0,2,2,0,0,2,0,2,0,2
61,-965672.6843,219824.2669,E61_F34_m34f34_P32_Y6_UO1581,I34_F61_m34f34_P32_Y4_UO1656,I34_F54_m-1f-1_P34_Y-1_U227,FXX,1,0.0,1,1,1.0,0,0,0,-9999.0,0.78125,1,P33_CV0,2,2,0,1,1,0,2,0,2
61,-965672.6843,219824.2669,E61_F34_m34f34_P32_Y6_UO1608,I34_F61_m34f34_P61_Y3_UO1608,I34_F66_m34f34_P54_Y4_UO1586,MXY,1,0.0,1,1,0.0,0,0,0,-9999.0,0.375,1,P33_CV0,2,0,2,0,2,0,2,0,2
61,-965672.6843,219824.2669,E61_F34_m34f34_P32_Y6_UO1654,I34_F32_m34f34_P54_Y1_UO1513,ID34_F61_m78f78_P29_Y4_UO3462,MXY,1,0.0,1,1,0.0,0,0,0,-9999.0,0.4375,1,P33_CV0,2,2,0,1,1,0,2,0,2
61,-965672.6843,219824.2669,E61_F34_m34f34_P32_Y6_UO1663,I34_F54_m34f34_P54_Y0_UO1641,I34_F54_m-1f-1_P34_Y-1_U180,MXY,1,0.0,1,1,0.0,0,0,0,-9999.0,0.75,1,P33_CV0,2,2,0,2,0,0,2,0,2
61,-965672.6843,219824.2669,E61_F34_m34f34_P32_Y6_UO1664,I34_F54_m34f34_P54_Y0_UO1652,I34_F32_m34f34_P66_Y4_UO1610,FXX,1,0.0,1,1,1.0,0,0,0,-9999.0,0.4375,1,P33_CV0,2,2,0,0,2,0,2,0,2
61,-965672.6843,219824.2669,E61_F34_m34f34_P32_Y6_UO1671,I34_F32_m34f34_P54_Y0_UO1667,I34_F54_m-1f-1_P34_Y-1_U195,FXX,1,0.0,1,1,1.0,0,0,0,-9999.0,0.375,1,P33_CV0,2,0,2,2,0,0,2,0,2
61,-965672.6843,219824.2669,E61_F34_m34f34_P54_Y6_UO1571,I34_F32_m34f34_P66_Y4_UO1648,I34_F61_m34f34_P54_Y4_UO1579,FXX,1,0.0,1,1,1.0,0,0,0,-9999.0,0.625,1,P33_CV0,2,2,0,1,1,0,2,0,2
61,-965672.6843,219824.2669,E61_F34_m34f34_P54_Y6_UO1603,I34_F54_m34f34_P54_Y4_UO1622,I34_F32_m-1f-1_P34_Y-1_U109,FXX,1,0.0,1,1,1.0,0,0,0,-9999.0,0.1875,1,P33_CV0,2,1,1,1,1,0,2,0,2
61,-965672.6843,219824.2669,E61_F34_m34f34_P54_Y6_UO1620,ID34_F54_m34f34_P54_Y3_UO1641,ID34_F32_m53f53_P26_Y1_UO2389,MXY,1,0.0,1,1,0.0,0,0,0,-9999.0,0.625,1,P33_CV0,2,1,1,2,0,0,2,0,2
61,-965672.6843,219824.2669,E61_F34_m34f34_P54_Y6_UO1628,I34_F32_m34f34_P54_Y3_UO1573,I34_F66_m-1f-1_P34_Y-1_U165,MXY,1,0.0,1,1,0.0,0,0,0,-9999.0,0.1875,1,P33_CV0,2,0,2,1,1,0,2,0,2
61,-965672.6843,219824.2669,E61_F34_m34f34_P54_Y6_UO1631,I34_F32_m88f88_P54_Y3_UO4130,I34_F32_m34f34_P66_Y3_UO1568,FXX,1,0.0,1,1,1.0,0,0,0,-9999.0,0.625,1,P33_CV0,2,2,0,2,0,0,2,0,2
61,-965672.6843,219824.2669,E61_F34_m34f34_P54_Y6_UO1637,I34_F61_m34f34_P54_Y2_UO1600,I34_F61_m-1f-1_P34_Y-1_U69,MXY,1,0.0,1,1,0.0,0,0,0,-9999.0,0.625,1,P33_CV0,2,1,1,2,0,0,2,0,2
61,-965672.6843,219824.2669,E61_F34_m34f34_P54_Y6_UO1670,ID34_F54_m34f34_P54_Y0_UO1645,I34_F32_m34f34_P32_Y3_UO1620,MXY,1,0.0,1,1,0.0,0,0,0,-9999.0,0.6875,1,P33_CV0,2,2,0,1,1,0,2,0,2
61,-965672.6843,219824.2669,E61_F34_m34f34_P61_Y6_UO1619,I34_F54_m34f34_P54_Y3_UO1644,I34_F61_m34f34_P54_Y4_UO1579,MXY,1,0.0,1,1,0.0,0,0,0,-9999.0,0.4375,1,P33_CV0,2,2,0,1,1,0,2,0,2
61,-965672.6843,219824.2669,E61_F34_m34f34_P61_Y6_UO1659,I34_F61_m34f34_P32_Y1_UO1511,I34_F54_m-1f-1_P34_Y-1_U162,MXY,1,0.0,1,1,0.0,0,0,0,-9999.0,0.125,1,P33_CV0,2,1,1,0,2,0,2,0,2
61,-965672.6843,219824.2669,E61_F34_m34f34_P66_Y6_UO1580,I34_F54_m34f34_P32_Y4_UO1649,I34_F54_m34f34_P61_Y1_UO1520,MXY,1,0.0,1,1,0.0,0,0,0,-9999.0,0.375,1,P33_CV0,2,0,2,1,1,0,2,0,2
61,-965672.6843,219824.2669,E61_F34_m34f34_P66_Y6_UO1651,I34_F54_m88f88_P54_Y2_UO4093,I34_F32_m34f34_P32_Y4_UO1553,MXY,1,0.0,1,1,0.0,0,0,0,-9999.0,0.5625,1,P33_CV0,2,1,1,1,1,0,2,0,2
61,-965672.6843,219824.2669,E61_F34_m34f34_P32_Y5_UO1585,ID34_F54_m34f34_P66_Y3_UO1637,ID34_F54_m34f34_P66_Y2_UO1625,FXX,2,0.0,1,0,1.0,0,0,0,-9999.0,0.5,1,P33_CV0,2,1,1,2,0,0,2,0,2
61,-965672.6843,219824.2669,E61_F34_m34f34_P32_Y5_UO1576,I34_F61_m53f53_P26_Y3_UO2486,ID34_F32_m-1f-1_P34_Y-1_U109,FXX,2,0.0,1,0,1.0,0,0,0,-9999.0,0.375,1,P33_CV0,2,1,1,1,1,0,2,0,2
61,-965672.6843,219824.2669,E61_F34_m34f34_P32_Y5_UO1644,ID34_F66_m34f34_P61_Y0_UO1693,I34_F32_m34f34_P61_Y1_UO1490,FXX,2,0.0,1,0,1.0,0,0,0,-9999.0,0.25,1,P33_CV0,2,0,2,1,1,0,2,0,2
61,-965672.6843,219824.2669,E61_F34_m34f34_P54_Y5_UO1588,I34_F54_m88f88_P54_Y3_UO4112,I34_F32_m34f34_P54_Y1_UO1498,MXY,2,0.0,1,0,0.0,0,0,0,-9999.0,0.375,1,P33_CV0,2,0,2,0,2,0,2,0,2
61,-965672.6843,219824.2669,E61_F34_m34f34_P54_Y5_UO1661,ID34_F54_m-1f-1_P34_Y-1_U23,I34_F61_m34f34_P32_Y0_UO1656,MXY,2,0.0,1,0,0.0,0,0,0,-9999.0,0.5,1,P33_CV0,2,2,0,0,2,0,2,0,2
61,-965672.6843,219824.2669,E61_F34_m34f34_P66_Y5_UO1628,I34_F61_m34f34_P54_Y1_UO1473,ID34_F32_m-1f-1_P34_Y-1_U109,MXY,2,0.0,1,0,0.0,0,0,0,-9999.0,0.0,1,P33_CV0,2,0,2,1,1,0,2,0,2
61,-965672.6843,219824.2669,E61_F34_m34f34_P32_Y5_UO1672,I34_F66_m-1f-1_P34_Y-1_U92,ID34_F54_m88f88_P54_Y3_UO4136,MXY,2,0.0,1,0,0.0,0,0,0,-9999.0,0.5,1,P33_CV0,2,2,0,0,2,0,2,0,2
61,-965672.6843,219824.2669,E61_F34_m34f34_P66_Y4_UO1598,ID34_F66_m34f34_P54_Y1_UO1484,I34_F54_m-1f-1_P34_Y-1_U149,MXY,3,0.0,1,0,0.0,0,0,0,-9999.0,0.75,1,P33_CV0,2,1,1,2,0,0,2,0,2
61,-965672.6843,219824.2669,E61_F34_m34f34_P54_Y4_UO1584,I34_F54_m34f34_P54_Y2_UO1608,I34_F54_m34f34_P61_Y1_UO1490,FXX,3,0.0,1,0,1.0,0,0,0,-9999.0,0.125,1,P33_CV0,2,1,1,0,2,0,2,0,2
61,-965672.6843,219824.2669,E61_F34_m34f34_P61_Y4_UO1619,ID34_F66_m34f34_P32_Y0_UO1720,ID34_F54_m-1f-1_P34_Y-1_U146,MXY,3,0.0,1,0,0.0,0,0,0,-9999.0,0.625,1,P33_CV0,2,2,0,1,1,0,2,0,2
61,-965672.6843,219824.2669,E61_F34_m34f34_P66_Y4_UO1648,I34_F54_m-1f-1_P34_Y-1_U44,I34_F61_m34f34_P66_Y1_UO1494,FXX,3,0.0,1,0,1.0,0,0,0,-9999.0,0.625,1,P33_CV0,2,2,0,1,1,0,2,0,2
61,-965672.6843,219824.2669,E61_F34_m34f34_P54_Y3_UO1614,ID34_F32_m34f34_P54_Y0_UO1641,I34_F54_m-1f-1_P34_Y-1_U181,MXY,4,0.0,1,0,0.0,0,0,0,-9999.0,0.5,1,P33_CV0,2,1,1,1,1,0,2,0,2
61,-965672.6843,219824.2669,E61_F34_m34f34_P54_Y3_UO1653,I34_F61_m-1f-1_P34_Y-1_U129,ID34_F32_m34f34_P61_Y1_UO1520,FXX,4,0.0,1,0,1.0,0,0,0,-9999.0,0.5,1,P33_CV0,2,1,1,1,1,0,2,0,2
61,-965672.6843,219824.2669,E61_F34_m78f78_P54_Y3_UO3490,I78_F13_m-1f-1_P34_Y-1_U128,ID78_F67_m87f87_P51_Y0_UO4333,MXY,4,0.0,1,0,0.0,0,0,0,-9999.0,0.5,1,P33_CV0,2,2,0,1,1,0,2,0,2
61,-965672.6843,219824.2669,E61_F34_m34f34_P66_Y2_UO1625,I34_F54_m-1f-1_P34_Y-1_U45,I34_F61_m34f34_P66_Y0_UO1694,MXY,5,0.0,1,0,0.0,0,0,0,-9999.0,0.5,1,P33_CV0,2,0,2,1,1,0,2,0,2
61,-965672.6843,219824.2669,E61_F34_m34f34_P61_Y1_UO1520,ID34_F32_m-1f-1_P34_Y-1_U92,I34_F32_m-1f-1_P34_Y-1_U233,MXY,6,0.0,1,0,0.0,0,0,0,-9999.0,0.5,1,P33_CV0,2,1,1,1,1,0,2,0,2
61,-965672.6843,219824.2669,E61_F34_m34f34_P54_Y1_UO1523,I34_F54_m-1f-1_P34_Y-1_U114,I34_F32_m-1f-1_P34_Y-1_U37,MXY,6,0.0,1,0,0.0,0,0,0,-9999.0,0.75,1,P33_CV0,2,1,1,0,2,0,2,0,2
61,-965672.6843,219824.2669,E61_F34_m34f34_P61_Y1_UO1467,ID34_F32_m-1f-1_P34_Y-1_U123,I34_F61_m-1f-1_P34_Y-1_U227,MXY,6,0.0,1,0,0.0,0,0,0,-9999.0,0.75,1,P33_CV0,2,1,1,1,1,0,2,0,2
61,-965672.6843,219824.2669,E61_F34_m-1f-1_P34_Y-1_U224,-9999,-9999,MXY,9,0.0,1,0,0.0,0,0,0,-9999.0,0.5,1,P33_CV0,2,1,1,1,1,0,2,0,2
61,-965672.6843,219824.2669,E61_F34_m-1f-1_P34_Y-1_U217,-9999,-9999,MXY,11,0.0,1,0,0.0,0,0,0,-9999.0,0.5,1,P33_CV0,2,1,1,0,2,0,2,0,2
61,-965672.6843,219824.2669,E61_F34_m-1f-1_P34_Y-1_U240,-9999,-9999,FXX,11,0.0,1,0,1.0,0,0,0,-9999.0,0.0,1,P33_CV0,2,0,2,1,1,0,2,0,2
61,-965672.6843,219824.2669,E61_F34_m-1f-1_P34_Y-1_U196,-9999,-9999,FXX,12,0.0,1,0,1.0,0,0,0,-9999.0,0.0,1,P33_CV0,2,0,2,1,1,0,2,0,2
61,-965672.6843,219824.2669,E61_F34_m-1f-1_P34_Y-1_U41,-9999,-9999,FXX,12,0.0,1,0,1.0,0,0,0,-9999.0,1.0,1,P33_CV0,2,2,0,1,1,0,2,0,2
61,-965672.6843,219824.2669,E61_F34_m-1f-1_P34_Y-1_U162,-9999,-9999,MXY,14,0.0,1,0,0.0,0,0,0,-9999.0,0.0,1,P33_CV0,2,0,2,0,2,0,2,0,2
61,-965672.6843,219824.2669,Age0_F61_m34f34_P61_Y7_UO1560,I34_F66_m34f34_P32_Y5_UO1576,ID34_F61_m53f53_P26_Y4_UO2459,FXX,0,0.0,0,0,0.0,0,0,0,0.0,0.3125,1,P52_CV0,2,0,2,2,0,0,2,0,2
61,-965672.6843,219824.2669,Age0_F61_m34f34_P61_Y7_UO1619,I34_F54_m53f53_P26_Y3_UO2498,ID34_F54_m34f34_P32_Y5_UO1631,MXY,0,0.0,0,0,0.0,0,0,0,0.0,0.5625,1,P52_CV0,2,2,0,1,1,0,2,0,2
61,-965672.6843,219824.2669,Age0_F61_m34f34_P61_Y7_UO1621,I34_F61_m53f53_P26_Y3_UO2477,ID34_F61_m34f34_P66_Y5_UO1639,MXY,0,0.0,0,0,0.0,0,0,0,0.0,0.6875,1,P52_CV0,2,1,1,0,2,0,2,0,2
61,-965672.6843,219824.2669,E61_F34_m53f53_P26_Y6_UO2543,ID53_F26_m-1f-1_P53_Y-1_U25,I53_F26_m-1f-1_P53_Y-1_U117,MXY,1,0.0,1,1,0.0,0,0,0,-9999.0,0.75,1,P52_CV0,2,2,0,0,2,0,2,0,2
61,-965672.6843,219824.2669,E61_F34_m53f53_P26_Y6_UO2547,I53_F26_m-1f-1_P53_Y-1_U233,ID53_F26_m53f53_P26_Y2_UO2519,FXX,1,0.0,1,1,1.0,0,0,0,-9999.0,0.375,1,P52_CV0,2,1,1,2,0,0,2,0,2
61,-965672.6843,219824.2669,E61_F34_m34f34_P32_Y6_UO1685,I34_F61_m-1f-1_P34_Y-1_U41,I34_F54_m34f34_P54_Y4_UO1563,FXX,1,0.0,1,1,1.0,0,0,0,-9999.0,0.75,1,P52_CV0,2,2,0,0,2,0,2,0,2
61,-965672.6843,219824.2669,E61_F34_m34f34_P54_Y6_UO1634,I34_F32_m53f53_P26_Y2_UO2531,I34_F54_m-1f-1_P34_Y-1_U195,FXX,1,0.0,1,1,1.0,0,0,0,-9999.0,0.5,1,P52_CV0,2,2,0,0,2,0,2,0,2
61,-965672.6843,219824.2669,E61_F34_m34f34_P54_Y6_UO1647,ID34_F66_m34f34_P61_Y2_UO1645,I34_F32_m34f34_P54_Y3_UO1611,FXX,1,0.0,1,1,1.0,0,0,0,-9999.0,0.75,1,P52_CV0,2,2,0,1,1,0,2,0,2
61,-965672.6843,219824.2669,E61_F34_m34f34_P61_Y6_UO1640,I34_F54_m53f53_P26_Y2_UO2483,ID34_F32_m53f53_P26_Y1_UO2389,MXY,1,0.0,1,1,0.0,0,0,0,-9999.0,0.6875,1,P52_CV0,2,0,2,2,0,0,2,0,2
61,-965672.6843,219824.2669,E61_F34_m53f53_P66_Y5_UO2487,I53_F26_m-1f-1_P53_Y-1_U75,I53_F26_m34f34_P26_Y3_UO1587,MXY,2,0.0,1,0,0.0,0,0,0,-9999.0,0.1875,1,P52_CV0,2,1,1,1,1,0,2,0,2
61,-965672.6843,219824.2669,E61_F34_m34f34_P54_Y4_UO1563,I34_F32_m53f53_P26_Y2_UO2494,I34_F54_m-1f-1_P34_Y-1_U109,MXY,3,0.0,1,0,0.0,0,0,0,-9999.0,0.5,1,P52_CV0,2,1,1,1,1,0,2,0,2
61,-965672.6843,219824.2669,E61_F34_m53f53_P26_Y3_UO2498,I53_F26_m-1f-1_P53_Y-1_U105,I53_F26_m-1f-1_P53_Y-1_U21,FXX,4,0.0,1,0,1.0,0,0,0,-9999.0,0.5,1,P52_CV0,2,1,1,0,2,0,2,0,2
61,-965672.6843,219824.2669,E61_F34_m53f53_P26_Y3_UO2477,I53_F26_m-1f-1_P53_Y-1_U106,ID53_F26_m-1f-1_P53_Y-1_U103,FXX,4,0.0,1,0,1.0,0,0,0,-9999.0,0.75,1,P52_CV0,2,1,1,1,1,0,2,0,2
61,-965672.6843,219824.2669,E61_F34_m62f62_P26_Y6_UO2973,I62_F20_m83f83_P20_Y0_UO4074,I62_F20_m-1f-1_P62_Y-1_U42,FXX,1,0.0,1,1,1.0,0,0,0,-9999.0,0.125,1,P61_CV0,2,0,2,0,2,0,2,0,2
61,-965672.6843,219824.2669,E61_F34_m34f34_P66_Y4_UO1610,I34_F61_m7f7_P29_Y0_UO402,I34_F54_m78f78_P54_Y1_UO3353,MXY,3,0.0,1,0,0.0,0,0,0,-9999.0,0.375,1,P6_CV0,2,1,1,0,2,0,2,0,2
61,-965672.6843,219824.2669,E61_F34_m7f7_P29_Y0_UO402,R7_F7_m-1f-1_P7_Y-1_U23,R7_F7_m-1f-1_P7_Y-1_U124,FXX,7,0.0,1,0,1.0,0,0,0,-9999.0,0.75,1,P6_CV0,2,2,0,0,2,0,2,0,2
61,-965672.6843,219824.2669,Age0_F61_m34f34_P61_Y7_UO1605,I34_F61_m88f88_P54_Y4_UO4130,I34_F61_m-1f-1_P34_Y-1_U126,FXX,0,0.0,0,0,0.0,0,0,0,0.0,0.5,1,P77_CV0,2,1,1,2,0,0,2,0,2
61,-965672.6843,219824.2669,Age0_F61_m34f34_P61_Y7_UO1655,ID34_F61_m78f78_P54_Y0_UO3775,I34_F32_m34f34_P32_Y5_UO1599,MXY,0,0.0,0,0,0.0,0,0,0,0.0,0.25,1,P77_CV0,2,0,2,0,2,0,2,0,2
61,-965672.6843,219824.2669,E61_F34_m78f78_P54_Y6_UO3564,I78_F13_m-1f-1_P78_Y-1_U78,ID78_F13_m-1f-1_P78_Y-1_U123,MXY,1,0.0,1,1,0.0,0,0,0,-9999.0,0.75,1,P77_CV0,2,1,1,1,1,0,2,0,2
61,-965672.6843,219824.2669,E61_F34_m88f88_P54_Y6_UO4184,ID88_F29_m-1f-1_P88_Y-1_U45,I88_F54_m78f78_P29_Y1_UO3381,FXX,1,0.0,1,1,1.0,0,0,0,-9999.0,0.5,1,P77_CV0,2,1,1,1,1,0,2,0,2
61,-965672.6843,219824.2669,E61_F34_m34f34_P61_Y6_UO1665,ID34_F66_m78f78_P54_Y0_UO3775,I34_F54_m34f34_P66_Y1_UO1494,FXX,1,0.0,1,1,1.0,0,0,0,-9999.0,0.375,1,P77_CV0,2,1,1,1,1,0,2,0,2
61,-965672.6843,219824.2669,E61_F34_m88f88_P54_Y5_UO4143,I88_F29_m-1f-1_P88_Y-1_U227,I88_F29_m78f78_P29_Y3_UO3531,FXX,2,0.0,1,0,1.0,0,0,0,-9999.0,0.5,1,P77_CV0,2,1,1,0,2,0,2,0,2
61,-965672.6843,219824.2669,E61_F34_m78f78_P54_Y4_UO3511,I78_F29_m-1f-1_P78_Y-1_U6,I78_F93_m30f30_P13_Y1_UO1290,MXY,3,0.0,1,0,0.0,0,0,0,-9999.0,0.75,1,P77_CV0,2,2,0,2,0,0,2,0,2
61,-965672.6843,219824.2669,E61_F34_m78f78_P54_Y4_UO3489,I78_F29_m-1f-1_P78_Y-1_U49,I78_F93_m-1f-1_P78_Y-1_U40,MXY,3,0.0,1,0,0.0,0,0,0,-9999.0,0.5,1,P77_CV0,2,1,1,1,1,0,2,0,2
61,-965672.6843,219824.2669,E61_F34_m88f88_P54_Y4_UO4130,I88_F54_m-1f-1_P88_Y-1_U64,I88_F29_m78f78_P29_Y1_UO3308,FXX,3,0.0,1,0,1.0,0,0,0,-9999.0,0.5,1,P77_CV0,2,1,1,2,0,0,2,0,2
61,-965672.6843,219824.2669,E61_F34_m78f78_P54_Y2_UO3522,I78_F13_m-1f-1_P78_Y-1_U246,I78_F29_m88f88_P29_Y0_UO4481,FXX,5,0.0,1,0,1.0,0,0,0,-9999.0,0.625,1,P77_CV0,2,1,1,1,1,0,2,0,2
61,-965672.6843,219824.2669,E61_F34_m78f78_P54_Y0_UO3775,R78_F78_m-1f-1_P78_Y-1_U142,R78_F78_m-1f-1_P78_Y-1_U165,FXX,7,0.0,1,0,1.0,0,0,0,-9999.0,0.0,1,P77_CV0,2,0,2,0,2,0,2,0,2
61,-965672.6843,219824.2669,Age0_F61_m34f34_P61_Y7_UO1561,ID34_F32_m34f34_P32_Y5_UO1644,I34_F61_m88f88_P32_Y4_UO4128,FXX,0,0.0,0,0,0.0,0,0,0,0.0,0.25,1,P87_CV0,2,1,1,2,0,0,2,0,2
61,-965672.6843,219824.2669,Age0_F61_m34f34_P61_Y7_UO1656,I34_F54_m7f7_P29_Y0_UO402,ID34_F61_m88f88_P54_Y2_UO4125,FXX,0,0.0,0,0,0.0,0,0,0,0.0,0.75,1,P87_CV0,2,2,0,0,2,0,2,0,2
61,-965672.6843,219824.2669,E61_F34_m34f34_P54_Y6_UO1589,I34_F32_m34f34_P32_Y4_UO1564,I34_F32_m-1f-1_P34_Y-1_U109,FXX,1,0.0,1,1,1.0,0,0,0,-9999.0,0.40625,1,P87_CV0,2,1,1,2,0,0,2,0,2
61,-965672.6843,219824.2669,E61_F34_m34f34_P54_Y6_UO1638,I34_F54_m34f34_P54_Y2_UO1623,I34_F54_m88f88_P54_Y1_UO3949,FXX,1,0.0,1,1,1.0,0,0,0,-9999.0,0.125,1,P87_CV0,2,0,2,2,0,0,2,0,2
61,-965672.6843,219824.2669,E61_F34_m34f34_P54_Y6_UO1668,ID34_F54_m34f34_P61_Y0_UO1670,I34_F54_m88f88_P32_Y4_UO4128,FXX,1,0.0,1,1,1.0,0,0,0,-9999.0,0.25,1,P87_CV0,2,1,1,1,1,0,2,0,2
61,-965672.6843,219824.2669,E61_F34_m88f88_P54_Y5_UO4142,I88_F29_m-1f-1_P88_Y-1_U218,I88_F74_m-1f-1_P88_Y-1_U6,MXY,2,0.0,1,0,0.0,0,0,0,-9999.0,0.5,1,P87_CV0,2,1,1,0,2,0,2,0,2
61,-965672.6843,219824.2669,E61_F34_m88f88_P54_Y4_UO4144,I88_F29_m-1f-1_P88_Y-1_U159,I88_F29_m-1f-1_P88_Y-1_U175,MXY,3,0.0,1,0,0.0,0,0,0,-9999.0,0.75,1,P87_CV0,2,2,0,2,0,0,2,0,2
61,-965672.6843,219824.2669,E61_F34_m88f88_P54_Y4_UO4109,ID88_F29_m-1f-1_P88_Y-1_U143,I88_F29_m88f88_P29_Y1_UO3941,MXY,3,0.0,1,0,0.0,0,0,0,-9999.0,0.5,1,P87_CV0,2,1,1,1,1,0,2,0,2
61,-965672.6843,219824.2669,E61_F34_m88f88_P32_Y4_UO4128,I88_F29_m-1f-1_P88_Y-1_U68,ID88_F29_m-1f-1_P88_Y-1_U246,MXY,3,0.0,1,0,0.0,0,0,0,-9999.0,0.25,1,P87_CV0,2,1,1,1,1,0,2,0,2
61,-965672.6843,219824.2669,E61_F34_m88f88_P54_Y3_UO4078,I88_F29_m88f88_P74_Y1_UO3965,I88_F29_m-1f-1_P88_Y-1_U156,MXY,4,0.0,1,0,0.0,0,0,0,-9999.0,0.375,1,P87_CV0,2,1,1,2,0,0,2,0,2
61,-965672.6843,219824.2669,E61_F34_m88f88_P54_Y3_UO4112,I88_F29_m-1f-1_P88_Y-1_U64,ID88_F29_m-1f-1_P88_Y-1_U26,FXX,4,0.0,1,0,1.0,0,0,0,-9999.0,0.5,1,P87_CV0,2,1,1,1,1,0,2,0,2
64,143248.9476,-1292343.898,Age0_F64_m3f3_P64_Y7_UO110,ID3_F59_m3f3_P59_Y5_UO140,ID3_F59_m16f16_P59_Y0_UO969,MXY,0,0.0,0,0,0.0,0,0,0,0.0,0.53125,1,P15_CV0,2,2,0,1,1,0,2,0,2
64,143248.9476,-1292343.898,Age0_F64_m3f3_P64_Y7_UO126,I3_F59_m56f56_P59_Y5_UO2660,I3_F59_m17f17_P59_Y5_UO1031,MXY,0,0.0,0,0,0.0,0,0,0,0.0,0.625,1,P15_CV0,2,2,0,1,1,0,2,0,2
64,143248.9476,-1292343.898,Age0_F64_m3f3_P64_Y7_UO131,I3_F64_m16f16_P59_Y5_UO927,I3_F59_m3f3_P59_Y4_UO174,MXY,0,0.0,0,0,0.0,0,0,0,0.0,0.5625,1,P15_CV0,2,1,1,2,0,0,2,0,2
64,143248.9476,-1292343.898,Age0_F64_m3f3_P64_Y7_UO158,I3_F64_m16f16_P59_Y3_UO912,ID3_F59_m-1f-1_P17_Y-1_U181,FXX,0,0.0,0,0,0.0,0,0,0,0.0,0.875,1,P15_CV0,2,2,0,1,1,0,2,0,2
64,143248.9476,-1292343.898,Age0_F64_m17f17_P64_Y7_UO942,ID17_F59_m56f56_P59_Y5_UO2644,I17_F64_m79f79_P64_Y3_UO3532,FXX,0,0.0,0,0,0.0,0,0,0,0.0,0.4375,1,P15_CV0,2,0,2,1,1,0,2,0,2
64,143248.9476,-1292343.898,Age0_F64_m17f17_P64_Y7_UO944,I17_F64_m79f79_P64_Y5_UO3543,I17_F64_m-1f-1_P79_Y-1_U68,FXX,0,0.0,0,0,0.0,0,0,0,0.0,0.28125,1,P15_CV0,2,0,2,1,1,0,2,0,2
64,143248.9476,-1292343.898,Age0_F64_m17f17_P64_Y7_UO956,I17_F64_m79f79_P64_Y5_UO3548,ID17_F59_m-1f-1_P79_Y-1_U206,MXY,0,0.0,0,0,0.0,0,0,0,0.0,0.6875,1,P15_CV0,2,1,1,1,1,0,2,0,2
64,143248.9476,-1292343.898,Age0_F64_m17f17_P64_Y7_UO959,I17_F64_m3f3_P64_Y4_UO150,ID17_F64_m16f16_P59_Y2_UO901,MXY,0,0.0,0,0,0.0,0,0,0,0.0,0.5625,1,P15_CV0,2,1,1,0,2,0,2,0,2
64,143248.9476,-1292343.898,Age0_F64_m17f17_P64_Y7_UO960,ID17_F59_m3f3_P64_Y4_UO110,I17_F64_m3f3_P59_Y4_UO138,MXY,0,0.0,0,0,0.0,0,0,0,0.0,0.625,1,P15_CV0,2,0,2,0,2,0,2,0,2
64,143248.9476,-1292343.898,Age0_F64_m17f17_P64_Y7_UO963,ID17_F64_m95f95_P64_Y4_UO4464,I17_F64_m3f3_P59_Y4_UO138,FXX,0,0.0,0,0,0.0,0,0,0,0.0,0.53125,1,P15_CV0,2,1,1,1,1,0,2,0,2
64,143248.9476,-1292343.898,Age0_F64_m17f17_P64_Y7_UO971,I17_F64_m56f56_P59_Y4_UO2629,I17_F59_m17f17_P64_Y2_UO987,FXX,0,0.0,0,0,0.0,0,0,0,0.0,0.6875,1,P15_CV0,2,2,0,0,2,0,2,0,2
64,143248.9476,-1292343.898,Age0_F64_m17f17_P64_Y7_UO1020,I17_F64_m-1f-1_P95_Y-1_U55,I17_F59_m56f56_P59_Y3_UO2673,FXX,0,0.0,0,0,0.0,0,0,0,0.0,0.375,1,P15_CV0,2,0,2,1,1,0,2,0,2
64,143248.9476,-1292343.898,Age0_F64_m17f17_P64_Y7_UO1021,I17_F64_m-1f-1_P47_Y-1_U98,I17_F64_m95f95_P64_Y5_UO4490,FXX,0,0.0,0,0,0.0,0,0,0,0.0,0.65625,1,P15_CV0,2,1,1,2,0,0,2,0,2
64,143248.9476,-1292343.898,Age0_F64_m79f79_P64_Y7_UO3555,ID79_F64_m47f47_P64_Y5_UO2357,I79_F59_m56f56_P59_Y3_UO2656,FXX,0,0.0,0,0,0.0,0,0,0,0.0,0.4375,1,P15_CV0,2,1,1,1,1,0,2,0,2
64,143248.9476,-1292343.898,Age0_F64_m79f79_P64_Y7_UO3556,I79_F59_m16f16_P59_Y5_UO926,I79_F59_m17f17_P64_Y4_UO1002,MXY,0,0.0,0,0,0.0,0,0,0,0.0,0.4375,1,P15_CV0,2,1,1,2,0,0,2,0,2
64,143248.9476,-1292343.898,Age0_F64_m79f79_P64_Y7_UO3613,ID79_F28_m94f94_P91_Y4_UO4411,I79_F59_m16f16_P59_Y1_UO886,MXY,0,0.0,0,0,0.0,0,0,0,0.0,0.75,1,P15_CV0,2,1,1,2,0,0,2,0,2
64,143248.9476,-1292343.898,Age0_F64_m79f79_P64_Y7_UO3616,I79_F64_m3f3_P59_Y3_UO133,ID79_F64_m95f95_P64_Y4_UO4492,MXY,0,0.0,0,0,0.0,0,0,0,0.0,0.375,1,P15_CV0,2,1,1,1,1,0,2,0,2
64,143248.9476,-1292343.898,Age0_F64_m79f79_P64_Y7_UO3620,I79_F59_m16f16_P59_Y3_UO886,ID79_F64_m17f17_P64_Y4_UO1008,MXY,0,0.0,0,0,0.0,0,0,0,0.0,0.375,1,P15_CV0,2,0,2,2,0,0,2,0,2
64,143248.9476,-1292343.898,Age0_F64_m79f79_P64_Y7_UO3672,I79_F59_m-1f-1_P95_Y-1_U45,I79_F64_m79f79_P64_Y5_UO3625,FXX,0,0.0,0,0,0.0,0,0,0,0.0,0.3125,1,P15_CV0,2,1,1,1,1,0,2,0,2
64,143248.9476,-1292343.898,Age0_F64_m95f95_P64_Y7_UO4485,I95_F64_m3f3_P64_Y5_UO168,I95_F91_m-1f-1_P95_Y-1_U9,FXX,0,0.0,0,0,0.0,0,0,0,0.0,0.875,1,P15_CV0,2,2,0,1,1,0,2,0,2
64,143248.9476,-1292343.898,Age0_F64_m95f95_P64_Y7_UO4496,ID95_F91_m17f17_P64_Y5_UO1029,I95_F64_m79f79_P64_Y5_UO3658,FXX,0,0.0,0,0,0.0,0,0,0,0.0,0.4375,1,P15_CV0,2,1,1,1,1,0,2,0,2
64,143248.9476,-1292343.898,Age0_F64_m95f95_P64_Y7_UO4523,ID95_F64_m17f17_P64_Y2_UO1017,I95_F64_m79f79_P64_Y2_UO3635,FXX,0,0.0,0,0,0.0,0,0,0,0.0,0.5625,1,P15_CV0,2,2,0,2,0,0,2,0,2
64,143248.9476,-1292343.898,E64_F3_m16f16_P59_Y6_UO894,I16_F59_m56f56_P59_Y4_UO2654,I16_F59_m-1f-1_P16_Y-1_U244,FXX,1,0.0,1,1,1.0,0,0,0,-9999.0,0.625,1,P15_CV0,2,1,1,0,2,0,2,0,2
64,143248.9476,-1292343.898,E64_F3_m16f16_P59_Y6_UO906,I16_F59_m56f56_P59_Y3_UO2664,I16_F59_m-1f-1_P16_Y-1_U213,MXY,1,0.0,1,1,0.0,0,0,0,-9999.0,0.375,1,P15_CV0,2,0,2,1,1,0,2,0,2
64,143248.9476,-1292343.898,E64_F3_m16f16_P59_Y6_UO930,I16_F59_m-1f-1_P16_Y-1_U106,I16_F59_m-1f-1_P16_Y-1_U213,MXY,1,0.0,1,1,0.0,0,0,0,-9999.0,0.5,1,P15_CV0,2,1,1,1,1,0,2,0,2
64,143248.9476,-1292343.898,E64_F3_m16f16_P59_Y6_UO931,I16_F59_m-1f-1_P16_Y-1_U79,I16_F59_m-1f-1_P16_Y-1_U129,MXY,1,0.0,1,1,0.0,0,0,0,-9999.0,0.5,1,P15_CV0,2,1,1,2,0,0,2,0,2
64,143248.9476,-1292343.898,E64_F3_m16f16_P59_Y6_UO940,I16_F59_m-1f-1_P16_Y-1_U75,ID16_F59_m56f56_P59_Y4_UO2626,FXX,1,0.0,1,1,1.0,0,0,0,-9999.0,0.1875,1,P15_CV0,2,0,2,1,1,0,2,0,2
64,143248.9476,-1292343.898,E64_F3_m79f79_P59_Y6_UO3594,I79_F64_m3f3_P59_Y4_UO180,I79_F59_m16f16_P59_Y1_UO847,MXY,1,0.0,1,1,0.0,0,0,0,-9999.0,0.125,1,P15_CV0,2,0,2,0,2,0,2,0,2
64,143248.9476,-1292343.898,E64_F3_m79f79_P59_Y6_UO3677,I79_F59_m-1f-1_P79_Y-1_U146,I79_F59_m16f16_P59_Y1_UO825,MXY,1,0.0,1,1,0.0,0,0,0,-9999.0,0.625,1,P15_CV0,2,1,1,1,1,0,2,0,2
64,143248.9476,-1292343.898,E64_F17_m56f56_P59_Y6_UO2717,I56_F59_m-1f-1_P56_Y-1_U227,I56_F59_m56f56_P59_Y2_UO2669,MXY,1,0.0,1,1,0.0,0,0,0,-9999.0,0.75,1,P15_CV0,2,1,1,2,0,0,2,0,2
64,143248.9476,-1292343.898,E64_F17_m3f3_P64_Y6_UO194,I3_F59_m16f16_P59_Y0_UO976,I3_F59_m3f3_P59_Y3_UO98,FXX,1,0.0,1,1,1.0,0,0,0,-9999.0,0.375,1,P15_CV0,2,0,2,0,2,0,2,0,2
64,143248.9476,-1292343.898,E64_F17_m17f17_P64_Y6_UO995,I17_F64_m17f17_P64_Y1_UO954,ID17_F64_m56f56_P59_Y3_UO2673,FXX,1,0.0,1,1,1.0,0,0,0,-9999.0,0.625,1,P15_CV0,2,1,1,0,2,0,2,0,2
64,143248.9476,-1292343.898,E64_F17_m79f79_P64_Y6_UO3647,ID79_F59_m17f17_P64_Y2_UO1030,I79_F64_m16f16_P59_Y4_UO905,FXX,1,0.0,1,1,1.0,0,0,0,-9999.0,0.625,1,P15_CV0,2,2,0,0,2,0,2,0,2
64,143248.9476,-1292343.898,E64_F17_m79f79_P64_Y6_UO3667,I79_F59_m56f56_P59_Y0_UO2868,I79_F59_m16f16_P59_Y2_UO886,FXX,1,0.0,1,1,1.0,0,0,0,-9999.0,0.5,1,P15_CV0,2,1,1,0,2,0,2,0,2
64,143248.9476,-1292343.898,E64_F79_m16f16_P59_Y6_UO893,I16_F59_m16f16_P59_Y4_UO909,I16_F59_m-1f-1_P16_Y-1_U228,FXX,1,0.0,1,1,1.0,0,0,0,-9999.0,0.375,1,P15_CV0,2,0,2,1,1,0,2,0,2
64,143248.9476,-1292343.898,E64_F79_m16f16_P59_Y6_UO937,ID16_F59_m-1f-1_P56_Y-1_U56,I16_F59_m-1f-1_P16_Y-1_U102,FXX,1,0.0,1,1,1.0,0,0,0,-9999.0,0.0,1,P15_CV0,2,0,2,2,0,0,2,0,2
64,143248.9476,-1292343.898,E64_F79_m56f56_P59_Y6_UO2669,ID56_F59_m56f56_P59_Y4_UO2644,ID56_F59_m56f56_P59_Y4_UO2650,FXX,1,0.0,1,1,1.0,0,0,0,-9999.0,0.625,1,P15_CV0,2,1,1,2,0,0,2,0,2
64,143248.9476,-1292343.898,E64_F79_m56f56_P59_Y6_UO2710,I56_F59_m-1f-1_P16_Y-1_U181,I56_F59_m56f56_P59_Y3_UO2699,MXY,1,0.0,1,1,0.0,0,0,0,-9999.0,0.125,1,P15_CV0,2,0,2,1,1,0,2,0,2
64,143248.9476,-1292343.898,E64_F79_m79f79_P59_Y6_UO3622,I79_F59_m16f16_P59_Y3_UO886,I79_F64_m-1f-1_P79_Y-1_U223,MXY,1,0.0,1,1,0.0,0,0,0,-9999.0,0.5,1,P15_CV0,2,2,0,2,0,0,2,0,2
64,143248.9476,-1292343.898,E64_F79_m56f56_P59_Y6_UO2679,I56_F59_m16f16_P59_Y3_UO905,I56_F59_m16f16_P59_Y3_UO921,FXX,1,0.0,1,1,1.0,0,0,0,-9999.0,0.625,1,P15_CV0,2,2,0,2,0,0,2,0,2
64,143248.9476,-1292343.898,E64_F79_m17f17_P64_Y6_UO1041,ID17_F64_m-1f-1_P16_Y-1_U229,ID17_F64_m3f3_P59_Y4_UO138,FXX,1,0.0,1,1,1.0,0,0,0,-9999.0,0.25,1,P15_CV0,2,0,2,1,1,0,2,0,2
64,143248.9476,-1292343.898,E64_F79_m16f16_P59_Y6_UO951,I16_F59_m-1f-1_P16_Y-1_U247,I16_F59_m-1f-1_P56_Y-1_U33,FXX,1,0.0,1,1,1.0,0,0,0,-9999.0,0.25,1,P15_CV0,2,1,1,0,2,0,2,0,2
64,143248.9476,-1292343.898,E64_F95_m17f17_P64_Y6_UO957,I17_F64_m95f95_P64_Y4_UO4464,I17_F64_m-1f-1_P79_Y-1_U161,FXX,1,0.0,1,1,1.0,0,0,0,-9999.0,0.78125,1,P15_CV0,2,2,0,1,1,0,2,0,2
64,143248.9476,-1292343.898,E64_F3_m3f3_P59_Y5_UO140,I3_F59_m16f16_P59_Y2_UO866,ID3_F64_m79f79_P59_Y3_UO3551,FXX,2,0.0,1,0,1.0,0,0,0,-9999.0,0.5625,1,P15_CV0,2,2,0,0,2,0,2,0,2
64,143248.9476,-1292343.898,E64_F3_m56f56_P59_Y5_UO2660,I56_F59_m16f16_P59_Y2_UO888,I56_F59_m-1f-1_P56_Y-1_U58,FXX,2,0.0,1,0,1.0,0,0,0,-9999.0,0.5,1,P15_CV0,2,1,1,2,0,0,2,0,2
64,143248.9476,-1292343.898,E64_F3_m16f16_P59_Y5_UO927,I16_F59_m-1f-1_P16_Y-1_U150,I16_F59_m-1f-1_P56_Y-1_U245,FXX,2,0.0,1,0,1.0,0,0,0,-9999.0,0.5,1,P15_CV0,2,1,1,2,0,0,2,0,2
64,143248.9476,-1292343.898,E64_F17_m79f79_P64_Y5_UO3589,ID79_F59_m16f16_P59_Y2_UO895,I79_F64_m16f16_P59_Y1_UO825,MXY,2,0.0,1,0,0.0,0,0,0,-9999.0,0.5,1,P15_CV0,2,1,1,2,0,0,2,0,2
64,143248.9476,-1292343.898,E64_F17_m95f95_P64_Y5_UO4490,I95_F64_m17f17_P64_Y2_UO1017,I95_F64_m-1f-1_P95_Y-1_U9,MXY,2,0.0,1,0,0.0,0,0,0,-9999.0,0.8125,1,P15_CV0,2,2,0,2,0,0,2,0,2
64,143248.9476,-1292343.898,E64_F17_m56f56_P59_Y5_UO2644,I56_F59_m56f56_P59_Y3_UO2678,I56_F59_m-1f-1_P16_Y-1_U211,FXX,2,0.0,1,0,1.0,0,0,0,-9999.0,0.25,1,P15_CV0,2,0,2,2,0,0,2,0,2
64,143248.9476,-1292343.898,E64_F17_m79f79_P64_Y5_UO3543,I79_F59_m56f56_P59_Y3_UO2677,I79_F59_m56f56_P59_Y3_UO2656,FXX,2,0.0,1,0,1.0,0,0,0,-9999.0,0.5625,1,P15_CV0,2,1,1,0,2,0,2,0,2
64,143248.9476,-1292343.898,E64_F17_m79f79_P64_Y5_UO3548,I79_F64_m16f16_P59_Y3_UO916,ID79_F59_m95f95_P64_Y2_UO4475,FXX,2,0.0,1,0,1.0,0,0,0,-9999.0,0.375,1,P15_CV0,2,0,2,0,2,0,2,0,2
64,143248.9476,-1292343.898,E64_F17_m17f17_P64_Y5_UO973,I17_F64_m16f16_P59_Y2_UO887,I17_F64_m79f79_P64_Y3_UO3624,MXY,2,0.0,1,0,0.0,0,0,0,-9999.0,0.625,1,P15_CV0,2,2,0,1,1,0,2,0,2
64,143248.9476,-1292343.898,E64_F79_m16f16_P59_Y5_UO926,ID16_F59_m-1f-1_P16_Y-1_U178,ID16_F59_m-1f-1_P16_Y-1_U174,FXX,2,0.0,1,0,1.0,0,0,0,-9999.0,0.25,1,P15_CV0,2,0,2,2,0,0,2,0,2
64,143248.9476,-1292343.898,E64_F79_m56f56_P59_Y5_UO2674,I56_F59_m16f16_P59_Y0_UO932,I56_F59_m79f79_P59_Y0_UO3918,MXY,2,0.0,1,0,0.0,0,0,0,-9999.0,0.25,1,P15_CV0,2,0,2,0,2,0,2,0,2
64,143248.9476,-1292343.898,E64_F79_m16f16_P59_Y5_UO943,I16_F59_m-1f-1_P16_Y-1_U203,ID16_F59_m-1f-1_P16_Y-1_U117,FXX,2,0.0,1,0,1.0,0,0,0,-9999.0,0.75,1,P15_CV0,2,1,1,1,1,0,2,0,2
64,143248.9476,-1292343.898,E64_F79_m16f16_P59_Y5_UO933,ID16_F59_m-1f-1_P16_Y-1_U75,I16_F59_m-1f-1_P16_Y-1_U243,FXX,2,0.0,1,0,1.0,0,0,0,-9999.0,0.25,1,P15_CV0,2,1,1,1,1,0,2,0,2
64,143248.9476,-1292343.898,E64_F79_m79f79_P64_Y5_UO3625,I79_F59_m16f16_P59_Y0_UO920,ID79_F59_m16f16_P59_Y1_UO822,MXY,2,0.0,1,0,0.0,0,0,0,-9999.0,0.625,1,P15_CV0,2,2,0,1,1,0,2,0,2
64,143248.9476,-1292343.898,E64_F95_m3f3_P64_Y5_UO168,I3_F64_m16f16_P59_Y1_UO870,I3_F64_m16f16_P59_Y2_UO912,FXX,2,0.0,1,0,1.0,0,0,0,-9999.0,0.75,1,P15_CV0,2,2,0,1,1,0,2,0,2
64,143248.9476,-1292343.898,E64_F17_m3f3_P64_Y4_UO104,I3_F59_m16f16_P59_Y2_UO902,ID3_F64_m16f16_P59_Y2_UO898,MXY,3,0.0,1,0,0.0,0,0,0,-9999.0,0.125,1,P15_CV0,2,0,2,2,0,0,2,0,2
64,143248.9476,-1292343.898,E64_F17_m95f95_P64_Y4_UO4464,ID95_F64_m17f17_P64_Y2_UO1017,I95_F91_m-1f-1_P95_Y-1_U116,FXX,3,0.0,1,0,1.0,0,0,0,-9999.0,0.5625,1,P15_CV0,2,2,0,2,0,0,2,0,2
64,143248.9476,-1292343.898,E64_F17_m3f3_P59_Y4_UO138,I3_F64_m16f16_P59_Y1_UO801,I3_F64_m16f16_P59_Y0_UO965,MXY,3,0.0,1,0,0.0,0,0,0,-9999.0,0.5,1,P15_CV0,2,0,2,0,2,0,2,0,2
64,143248.9476,-1292343.898,E64_F17_m56f56_P59_Y4_UO2629,I56_F59_m16f16_P59_Y1_UO799,I56_F59_m-1f-1_P56_Y-1_U60,FXX,3,0.0,1,0,1.0,0,0,0,-9999.0,0.625,1,P15_CV0,2,2,0,1,1,0,2,0,2
64,143248.9476,-1292343.898,E64_F79_m16f16_P59_Y4_UO920,I16_F59_m-1f-1_P16_Y-1_U147,I16_F59_m-1f-1_P16_Y-1_U103,MXY,3,0.0,1,0,0.0,0,0,0,-9999.0,1.0,1,P15_CV0,2,2,0,1,1,0,2,0,2
64,143248.9476,-1292343.898,E64_F79_m56f56_P59_Y4_UO2625,ID56_F59_m16f16_P59_Y2_UO849,I56_F59_m16f16_P59_Y2_UO926,MXY,3,0.0,1,0,0.0,0,0,0,-9999.0,0.5,1,P15_CV0,2,1,1,2,0,0,2,0,2
64,143248.9476,-1292343.898,E64_F79_m79f79_P64_Y4_UO3529,ID79_F64_m56f56_P59_Y2_UO2679,ID79_F64_m-1f-1_P3_Y-1_U225,FXX,3,0.0,1,0,1.0,0,0,0,-9999.0,0.25,1,P15_CV0,2,0,2,1,1,0,2,0,2
64,143248.9476,-1292343.898,E64_F95_m79f79_P64_Y4_UO3615,I79_F59_m-1f-1_P79_Y-1_U245,I79_F64_m79f79_P59_Y2_UO3546,FXX,3,0.0,1,0,1.0,0,0,0,-9999.0,0.8125,1,P15_CV0,2,1,1,1,1,0,2,0,2
64,143248.9476,-1292343.898,E64_F3_m16f16_P59_Y3_UO912,I16_F59_m-1f-1_P3_Y-1_U91,I16_F59_m-1f-1_P16_Y-1_U45,FXX,4,0.0,1,0,1.0,0,0,0,-9999.0,0.75,1,P15_CV0,2,2,0,1,1,0,2,0,2
64,143248.9476,-1292343.898,E64_F17_m56f56_P59_Y3_UO2673,ID56_F59_m-1f-1_P56_Y-1_U10,I56_F59_m-1f-1_P16_Y-1_U199,MXY,4,0.0,1,0,0.0,0,0,0,-9999.0,0.75,1,P15_CV0,2,1,1,1,1,0,2,0,2
64,143248.9476,-1292343.898,E64_F17_m16f16_P59_Y3_UO872,I16_F59_m-1f-1_P16_Y-1_U234,I16_F59_m-1f-1_P56_Y-1_U66,FXX,4,0.0,1,0,1.0,0,0,0,-9999.0,0.5,1,P15_CV0,2,1,1,0,2,0,2,0,2
64,143248.9476,-1292343.898,E64_F79_m3f3_P59_Y3_UO133,ID3_F59_m16f16_P59_Y0_UO941,I3_F59_m17f17_P64_Y0_UO1048,FXX,4,0.0,1,0,1.0,0,0,0,-9999.0,0.375,1,P15_CV0,2,1,1,0,2,0,2,0,2
64,143248.9476,-1292343.898,E64_F79_m16f16_P59_Y3_UO886,ID16_F59_m-1f-1_P16_Y-1_U150,I16_F59_m-1f-1_P16_Y-1_U218,FXX,4,0.0,1,0,1.0,0,0,0,-9999.0,0.5,1,P15_CV0,2,1,1,2,0,0,2,0,2
64,143248.9476,-1292343.898,E64_F79_m56f56_P59_Y3_UO2656,ID56_F59_m-1f-1_P56_Y-1_U61,ID56_F59_m-1f-1_P16_Y-1_U161,MXY,4,0.0,1,0,0.0,0,0,0,-9999.0,0.5,1,P15_CV0,2,1,1,1,1,0,2,0,2
64,143248.9476,-1292343.898,E64_F79_m3f3_P64_Y3_UO174,I3_F59_m-1f-1_P3_Y-1_U145,I3_F64_m16f16_P59_Y1_UO803,MXY,4,0.0,1,0,0.0,0,0,0,-9999.0,0.125,1,P15_CV0,2,0,2,2,0,0,2,0,2
64,143248.9476,-1292343.898,E64_F17_m16f16_P59_Y2_UO901,ID16_F59_m-1f-1_P16_Y-1_U75,I16_F59_m-1f-1_P16_Y-1_U143,MXY,5,0.0,1,0,0.0,0,0,0,-9999.0,0.5,1,P15_CV0,2,1,1,1,1,0,2,0,2
64,143248.9476,-1292343.898,E64_F17_m16f16_P59_Y2_UO887,ID16_F59_m-1f-1_P16_Y-1_U61,I16_F59_m-1f-1_P16_Y-1_U228,FXX,5,0.0,1,0,1.0,0,0,0,-9999.0,0.75,1,P15_CV0,2,2,0,1,1,0,2,0,2
64,143248.9476,-1292343.898,E64_F95_m17f17_P64_Y2_UO1017,ID17_F81_m-1f-1_P47_Y-1_U156,I17_F64_m16f16_P59_Y0_UO908,FXX,5,0.0,1,0,1.0,0,0,0,-9999.0,0.625,1,P15_CV0,2,2,0,2,0,0,2,0,2
64,143248.9476,-1292343.898,E64_F3_m16f16_P59_Y1_UO801,I16_F59_m-1f-1_P16_Y-1_U44,I16_F59_m-1f-1_P16_Y-1_U171,FXX,6,0.0,1,0,1.0,0,0,0,-9999.0,0.75,1,P15_CV0,2,1,1,1,1,0,2,0,2
64,143248.9476,-1292343.898,E64_F17_m16f16_P59_Y1_UO810,ID16_F59_m-1f-1_P16_Y-1_U131,ID16_F59_m-1f-1_P16_Y-1_U34,MXY,6,0.0,1,0,0.0,0,0,0,-9999.0,0.5,1,P15_CV0,2,1,1,0,2,0,2,0,2
64,143248.9476,-1292343.898,E64_F17_m16f16_P59_Y1_UO861,I16_F59_m-1f-1_P16_Y-1_U38,ID16_F59_m-1f-1_P16_Y-1_U34,MXY,6,0.0,1,0,0.0,0,0,0,-9999.0,0.75,1,P15_CV0,2,2,0,1,1,0,2,0,2
64,143248.9476,-1292343.898,E64_F95_m16f16_P59_Y1_UO798,I16_F59_m-1f-1_P16_Y-1_U8,ID16_F59_m-1f-1_P16_Y-1_U6,FXX,6,0.0,1,0,1.0,0,0,0,-9999.0,0.5,1,P15_CV0,2,1,1,2,0,0,2,0,2
64,143248.9476,-1292343.898,E64_F3_m16f16_P59_Y0_UO941,R16_F16_m-1f-1_P16_Y-1_U79,R16_F16_m-1f-1_P16_Y-1_U24,FXX,7,0.0,1,0,1.0,0,0,0,-9999.0,0.0,1,P15_CV0,2,0,2,1,1,0,2,0,2
64,143248.9476,-1292343.898,E64_F17_m16f16_P59_Y0_UO920,R16_F16_m-1f-1_P16_Y-1_U35,R16_F16_m-1f-1_P16_Y-1_U24,FXX,7,0.0,1,0,1.0,0,0,0,-9999.0,0.5,1,P15_CV0,2,1,1,1,1,0,2,0,2
64,143248.9476,-1292343.898,E64_F79_m16f16_P59_Y0_UO943,R16_F16_m-1f-1_P16_Y-1_U81,R16_F16_m-1f-1_P16_Y-1_U68,FXX,7,0.0,1,0,1.0,0,0,0,-9999.0,1.0,1,P15_CV0,2,2,0,0,2,0,2,0,2
64,143248.9476,-1292343.898,E64_F79_m16f16_P59_Y0_UO908,R16_F16_m-1f-1_P16_Y-1_U7,R16_F16_m-1f-1_P16_Y-1_U12,MXY,7,0.0,1,0,0.0,0,0,0,-9999.0,0.75,1,P15_CV0,2,1,1,2,0,0,2,0,2
64,143248.9476,-1292343.898,Age0_F64_m3f3_P64_Y7_UO155,I3_F64_m79f79_P59_Y4_UO3625,I3_F64_m-1f-1_P3_Y-1_U16,MXY,0,0.0,0,0,0.0,0,0,0,0.0,0.625,1,P16_CV0,2,2,0,2,0,0,2,0,2
64,143248.9476,-1292343.898,Age0_F64_m3f3_P64_Y7_UO178,ID3_F59_m47f47_P64_Y1_UO2205,ID3_F59_m3f3_P59_Y5_UO146,FXX,0,0.0,0,0,0.0,0,0,0,0.0,0.3125,1,P16_CV0,2,1,1,2,0,0,2,0,2
64,143248.9476,-1292343.898,Age0_F64_m3f3_P64_Y7_UO212,I3_F59_m-1f-1_P3_Y-1_U145,I3_F59_m17f17_P59_Y3_UO1012,FXX,0,0.0,0,0,0.0,0,0,0,0.0,0.0625,1,P16_CV0,2,0,2,2,0,0,2,0,2
64,143248.9476,-1292343.898,Age0_F64_m17f17_P64_Y7_UO935,I17_F64_m79f79_P64_Y5_UO3651,ID17_F64_m17f17_P64_Y5_UO955,MXY,0,0.0,0,0,0.0,0,0,0,0.0,0.6875,1,P16_CV0,2,1,1,1,1,0,2,0,2
64,143248.9476,-1292343.898,Age0_F64_m17f17_P64_Y7_UO941,ID17_F64_m17f17_P64_Y5_UO1037,I17_F64_m-1f-1_P17_Y-1_U228,MXY,0,0.0,0,0,0.0,0,0,0,0.0,0.375,1,P16_CV0,2,1,1,1,1,0,2,0,2
64,143248.9476,-1292343.898,Age0_F64_m17f17_P64_Y7_UO947,I17_F64_m17f17_P64_Y5_UO1023,I17_F59_m17f17_P64_Y5_UO983,FXX,0,0.0,0,0,0.0,0,0,0,0.0,0.625,1,P16_CV0,2,1,1,1,1,0,2,0,2
64,143248.9476,-1292343.898,Age0_F64_m17f17_P64_Y7_UO949,I17_F64_m95f95_P64_Y5_UO4492,I17_F64_m79f79_P64_Y3_UO3532,FXX,0,0.0,0,0,0.0,0,0,0,0.0,0.5625,1,P16_CV0,2,2,0,0,2,0,2,0,2
64,143248.9476,-1292343.898,Age0_F64_m17f17_P64_Y7_UO954,I17_F64_m95f95_P64_Y5_UO4498,I17_F64_m-1f-1_P17_Y-1_U55,FXX,0,0.0,0,0,0.0,0,0,0,0.0,0.375,1,P16_CV0,2,2,0,1,1,0,2,0,2
64,143248.9476,-1292343.898,Age0_F64_m17f17_P64_Y7_UO962,I17_F64_m95f95_P64_Y4_UO4465,I17_F64_m17f17_P64_Y4_UO1011,FXX,0,0.0,0,0,0.0,0,0,0,0.0,0.3125,1,P16_CV0,2,0,2,1,1,0,2,0,2
64,143248.9476,-1292343.898,Age0_F64_m17f17_P64_Y7_UO970,I17_F64_m17f17_P64_Y4_UO1030,I17_F64_m-1f-1_P17_Y-1_U122,FXX,0,0.0,0,0,0.0,0,0,0,0.0,0.625,1,P16_CV0,2,1,1,0,2,0,2,0,2
64,143248.9476,-1292343.898,Age0_F64_m17f17_P64_Y7_UO974,I17_F59_m16f16_P59_Y3_UO872,I17_F64_m17f17_P64_Y3_UO1018,FXX,0,0.0,0,0,0.0,0,0,0,0.0,0.5,1,P16_CV0,2,0,2,1,1,0,2,0,2
64,143248.9476,-1292343.898,Age0_F64_m17f17_P64_Y7_UO977,I17_F64_m17f17_P64_Y3_UO969,I17_F64_m95f95_P64_Y5_UO4491,MXY,0,0.0,0,0,0.0,0,0,0,0.0,0.625,1,P16_CV0,2,0,2,1,1,0,2,0,2
64,143248.9476,-1292343.898,Age0_F64_m17f17_P64_Y7_UO978,I17_F64_m95f95_P64_Y2_UO4537,I17_F64_m17f17_P64_Y5_UO1032,MXY,0,0.0,0,0,0.0,0,0,0,0.0,0.8125,1,P16_CV0,2,2,0,1,1,0,2,0,2
64,143248.9476,-1292343.898,Age0_F64_m17f17_P64_Y7_UO982,I17_F64_m3f3_P64_Y2_UO123,I17_F64_m-1f-1_P17_Y-1_U187,MXY,0,0.0,0,0,0.0,0,0,0,0.0,0.3125,1,P16_CV0,2,0,2,1,1,0,2,0,2
64,143248.9476,-1292343.898,Age0_F64_m17f17_P64_Y7_UO984,I17_F64_m16f16_P59_Y2_UO887,I17_F64_m17f17_P64_Y3_UO977,FXX,0,0.0,0,0,0.0,0,0,0,0.0,0.5,1,P16_CV0,2,1,1,0,2,0,2,0,2
64,143248.9476,-1292343.898,Age0_F64_m17f17_P64_Y7_UO992,I17_F64_m47f47_P64_Y1_UO2163,I17_F64_m-1f-1_P17_Y-1_U122,MXY,0,0.0,0,0,0.0,0,0,0,0.0,0.75,1,P16_CV0,2,1,1,1,1,0,2,0,2
64,143248.9476,-1292343.898,Age0_F64_m17f17_P64_Y7_UO996,I17_F64_m17f17_P64_Y0_UO1057,I17_F64_m-1f-1_P17_Y-1_U55,FXX,0,0.0,0,0,0.0,0,0,0,0.0,0.5,1,P16_CV0,2,1,1,2,0,0,2,0,2
64,143248.9476,-1292343.898,Age0_F64_m17f17_P64_Y7_UO997,I17_F64_m16f16_P59_Y0_UO920,ID17_F64_m17f17_P64_Y2_UO978,MXY,0,0.0,0,0,0.0,0,0,0,0.0,0.625,1,P16_CV0,2,1,1,0,2,0,2,0,2
64,143248.9476,-1292343.898,Age0_F64_m17f17_P64_Y7_UO1002,I17_F64_m-1f-1_P17_Y-1_U96,ID17_F64_m-1f-1_P17_Y-1_U161,FXX,0,0.0,0,0,0.0,0,0,0,0.0,0.5,1,P16_CV0,2,1,1,1,1,0,2,0,2
64,143248.9476,-1292343.898,Age0_F64_m17f17_P64_Y7_UO1007,I17_F64_m-1f-1_P17_Y-1_U25,I17_F64_m95f95_P64_Y5_UO4491,FXX,0,0.0,0,0,0.0,0,0,0,0.0,0.1875,1,P16_CV0,2,0,2,2,0,0,2,0,2
64,143248.9476,-1292343.898,Age0_F64_m17f17_P64_Y7_UO1010,I17_F64_m-1f-1_P17_Y-1_U127,I17_F64_m-1f-1_P17_Y-1_U228,MXY,0,0.0,0,0,0.0,0,0,0,0.0,0.25,1,P16_CV0,2,1,1,1,1,0,2,0,2
64,143248.9476,-1292343.898,Age0_F64_m17f17_P64_Y7_UO1011,ID17_F64_m-1f-1_P47_Y-1_U152,I17_F64_m17f17_P64_Y3_UO937,MXY,0,0.0,0,0,0.0,0,0,0,0.0,0.875,1,P16_CV0,2,1,1,1,1,0,2,0,2
64,143248.9476,-1292343.898,Age0_F64_m17f17_P64_Y7_UO1012,I17_F64_m-1f-1_P17_Y-1_U221,I17_F64_m95f95_P64_Y2_UO4491,MXY,0,0.0,0,0,0.0,0,0,0,0.0,0.5,1,P16_CV0,2,1,1,0,2,0,2,0,2
64,143248.9476,-1292343.898,Age0_F64_m17f17_P64_Y7_UO1013,I17_F64_m-1f-1_P17_Y-1_U38,I17_F64_m17f17_P64_Y0_UO1047,FXX,0,0.0,0,0,0.0,0,0,0,0.0,0.875,1,P16_CV0,2,2,0,2,0,0,2,0,2
64,143248.9476,-1292343.898,Age0_F64_m17f17_P64_Y7_UO1022,I17_F64_m-1f-1_P47_Y-1_U24,I17_F59_m-1f-1_P17_Y-1_U80,FXX,0,0.0,0,0,0.0,0,0,0,0.0,0.5,1,P16_CV0,2,1,1,1,1,0,2,0,2
64,143248.9476,-1292343.898,Age0_F64_m47f47_P64_Y7_UO2359,ID47_F64_m17f17_P64_Y5_UO953,I47_F81_m95f95_P64_Y4_UO4478,MXY,0,0.0,0,0,0.0,0,0,0,0.0,0.6875,1,P16_CV0,2,1,1,2,0,0,2,0,2
64,143248.9476,-1292343.898,Age0_F64_m47f47_P64_Y7_UO2367,I47_F64_m17f17_P64_Y0_UO1090,I47_F81_m-1f-1_P47_Y-1_U215,MXY,0,0.0,0,0,0.0,0,0,0,0.0,0.75,1,P16_CV0,2,2,0,1,1,0,2,0,2
64,143248.9476,-1292343.898,Age0_F64_m47f47_P64_Y7_UO2376,ID47_F64_m-1f-1_P17_Y-1_U29,I47_F59_m-1f-1_P47_Y-1_U3,FXX,0,0.0,0,0,0.0,0,0,0,0.0,0.25,1,P16_CV0,2,0,2,1,1,0,2,0,2
64,143248.9476,-1292343.898,Age0_F64_m47f47_P64_Y7_UO2381,I47_F81_m-1f-1_P17_Y-1_U75,I47_F64_m-1f-1_P47_Y-1_U102,FXX,0,0.0,0,0,0.0,0,0,0,0.0,1.0,1,P16_CV0,2,2,0,2,0,0,2,0,2
64,143248.9476,-1292343.898,Age0_F64_m79f79_P64_Y7_UO3566,I79_F64_m79f79_P59_Y5_UO3583,ID79_F64_m-1f-1_P17_Y-1_U239,FXX,0,0.0,0,0,0.0,0,0,0,0.0,0.5,1,P16_CV0,2,1,1,1,1,0,2,0,2
64,143248.9476,-1292343.898,Age0_F64_m79f79_P64_Y7_UO3606,I79_F59_m95f95_P64_Y4_UO4498,ID79_F64_m3f3_P59_Y4_UO139,MXY,0,0.0,0,0,0.0,0,0,0,0.0,0.3125,1,P16_CV0,2,0,2,1,1,0,2,0,2
64,143248.9476,-1292343.898,Age0_F64_m79f79_P64_Y7_UO3624,I79_F64_m79f79_P59_Y3_UO3569,I79_F59_m17f17_P64_Y4_UO1035,MXY,0,0.0,0,0,0.0,0,0,0,0.0,0.5625,1,P16_CV0,2,2,0,1,1,0,2,0,2
64,143248.9476,-1292343.898,Age0_F64_m79f79_P64_Y7_UO3631,I79_F59_m3f3_P59_Y3_UO125,ID79_F59_m17f17_P64_Y0_UO1111,FXX,0,0.0,0,0,0.0,0,0,0,0.0,0.625,1,P16_CV0,2,1,1,1,1,0,2,0,2
64,143248.9476,-1292343.898,Age0_F64_m79f79_P64_Y7_UO3647,I79_F59_m17f17_P64_Y1_UO940,ID79_F59_m-1f-1_P79_Y-1_U73,MXY,0,0.0,0,0,0.0,0,0,0,0.0,0.75,1,P16_CV0,2,2,0,1,1,0,2,0,2
64,143248.9476,-1292343.898,Age0_F64_m79f79_P64_Y7_UO3649,I79_F59_m95f95_P64_Y1_UO4277,I79_F59_m16f16_P59_Y0_UO908,MXY,0,0.0,0,0,0.0,0,0,0,0.0,0.75,1,P16_CV0,2,0,2,1,1,0,2,0,2
64,143248.9476,-1292343.898,Age0_F64_m79f79_P64_Y7_UO3653,ID79_F59_m16f16_P59_Y0_UO943,ID79_F59_m17f17_P64_Y1_UO916,MXY,0,0.0,0,0,0.0,0,0,0,0.0,0.5,1,P16_CV0,2,1,1,1,1,0,2,0,2
64,143248.9476,-1292343.898,Age0_F64_m79f79_P64_Y7_UO3655,I79_F59_m17f17_P64_Y0_UO1044,ID79_F64_m47f47_P64_Y3_UO2340,FXX,0,0.0,0,0,0.0,0,0,0,0.0,0.5,1,P16_CV0,2,2,0,0,2,0,2,0,2
64,143248.9476,-1292343.898,Age0_F64_m79f79_P64_Y7_UO3673,I79_F64_m-1f-1_P17_Y-1_U46,I79_F59_m3f3_P59_Y3_UO149,MXY,0,0.0,0,0,0.0,0,0,0,0.0,0.375,1,P16_CV0,2,1,1,1,1,0,2,0,2
64,143248.9476,-1292343.898,Age0_F64_m95f95_P64_Y7_UO4490,I95_F64_m17f17_P64_Y5_UO967,I95_F91_m56f56_P59_Y1_UO2560,MXY,0,0.0,0,0,0.0,0,0,0,0.0,0.65625,1,P16_CV0,2,1,1,2,0,0,2,0,2
64,143248.9476,-1292343.898,Age0_F64_m95f95_P64_Y7_UO4492,ID95_F64_m95f95_P64_Y5_UO4530,I95_F91_m17f17_P64_Y1_UO908,MXY,0,0.0,0,0,0.0,0,0,0,0.0,0.25,1,P16_CV0,2,0,2,1,1,0,2,0,2
64,143248.9476,-1292343.898,Age0_F64_m95f95_P64_Y7_UO4497,I95_F64_m95f95_P64_Y5_UO4509,I95_F64_m-1f-1_P95_Y-1_U116,FXX,0,0.0,0,0,0.0,0,0,0,0.0,0.5625,1,P16_CV0,2,1,1,2,0,0,2,0,2
64,143248.9476,-1292343.898,Age0_F64_m95f95_P64_Y7_UO4508,I95_F64_m95f95_P91_Y4_UO4511,ID95_F81_m-1f-1_P95_Y-1_U15,MXY,0,0.0,0,0,0.0,0,0,0,0.0,0.4375,1,P16_CV0,2,1,1,1,1,0,2,0,2
64,143248.9476,-1292343.898,Age0_F64_m95f95_P64_Y7_UO4511,I95_F64_m95f95_P64_Y3_UO4476,I95_F64_m94f94_P91_Y2_UO4420,FXX,0,0.0,0,0,0.0,0,0,0,0.0,0.4375,1,P16_CV0,2,0,2,2,0,0,2,0,2
64,143248.9476,-1292343.898,Age0_F64_m95f95_P64_Y7_UO4514,I95_F64_m95f95_P64_Y3_UO4441,I95_F91_m17f17_P64_Y1_UO908,MXY,0,0.0,0,0,0.0,0,0,0,0.0,0.375,1,P16_CV0,2,1,1,1,1,0,2,0,2
64,143248.9476,-1292343.898,Age0_F64_m95f95_P64_Y7_UO4516,I95_F64_m17f17_P64_Y3_UO1007,I95_F64_m17f17_P64_Y0_UO1101,MXY,0,0.0,0,0,0.0,0,0,0,0.0,0.625,1,P16_CV0,2,0,2,1,1,0,2,0,2
64,143248.9476,-1292343.898,Age0_F64_m95f95_P64_Y7_UO4522,I95_F64_m95f95_P91_Y2_UO4474,ID95_F64_m79f79_P64_Y5_UO3635,FXX,0,0.0,0,0,0.0,0,0,0,0.0,0.625,1,P16_CV0,2,1,1,2,0,0,2,0,2
64,143248.9476,-1292343.898,Age0_F64_m95f95_P64_Y7_UO4525,I95_F91_m17f17_P64_Y2_UO960,ID95_F28_m79f79_P64_Y3_UO3554,FXX,0,0.0,0,0,0.0,0,0,0,0.0,0.5,1,P16_CV0,2,1,1,0,2,0,2,0,2
64,143248.9476,-1292343.898,Age0_F64_m95f95_P64_Y7_UO4530,ID95_F64_m17f17_P64_Y0_UO1073,I95_F64_m79f79_P64_Y1_UO3451,MXY,0,0.0,0,0,0.0,0,0,0,0.0,0.25,1,P16_CV0,2,0,2,1,1,0,2,0,2
64,143248.9476,-1292343.898,Age0_F64_m95f95_P64_Y7_UO4543,I95_F64_m-1f-1_P17_Y-1_U1,I95_F64_m95f95_P91_Y2_UO4456,MXY,0,0.0,0,0,0.0,0,0,0,0.0,0.3125,1,P16_CV0,2,1,1,2,0,0,2,0,2
64,143248.9476,-1292343.898,Age0_F64_m95f95_P64_Y7_UO4547,ID95_F81_m-1f-1_P95_Y-1_U208,I95_F64_m17f17_P64_Y0_UO1101,MXY,0,0.0,0,0,0.0,0,0,0,0.0,0.25,1,P16_CV0,2,1,1,0,2,0,2,0,2
64,143248.9476,-1292343.898,Age0_F64_m95f95_P64_Y7_UO4551,I95_F64_m-1f-1_P17_Y-1_U234,I95_F64_m79f79_P64_Y3_UO3547,FXX,0,0.0,0,0,0.0,0,0,0,0.0,0.25,1,P16_CV0,2,0,2,1,1,0,2,0,2
64,143248.9476,-1292343.898,E64_F3_m3f3_P59_Y6_UO152,I3_F59_m3f3_P59_Y3_UO144,I3_F59_m-1f-1_P17_Y-1_U162,FXX,1,0.0,1,1,1.0,0,0,0,-9999.0,0.5,1,P16_CV0,2,1,1,0,2,0,2,0,2
64,143248.9476,-1292343.898,E64_F3_m17f17_P64_Y6_UO961,I17_F64_m17f17_P64_Y4_UO1030,I17_F59_m17f17_P64_Y1_UO980,MXY,1,0.0,1,1,0.0,0,0,0,-9999.0,0.5,1,P16_CV0,2,0,2,1,1,0,2,0,2
64,143248.9476,-1292343.898,E64_F3_m17f17_P64_Y6_UO985,I17_F64_m17f17_P64_Y2_UO999,I17_F64_m17f17_P64_Y2_UO969,FXX,1,0.0,1,1,1.0,0,0,0,-9999.0,0.625,1,P16_CV0,2,1,1,2,0,0,2,0,2
64,143248.9476,-1292343.898,E64_F3_m17f17_P64_Y6_UO992,ID17_F64_m3f3_P59_Y1_UO152,I17_F59_m17f17_P64_Y4_UO1006,MXY,1,0.0,1,1,0.0,0,0,0,-9999.0,0.375,1,P16_CV0,2,0,2,0,2,0,2,0,2
64,143248.9476,-1292343.898,E64_F3_m47f47_P64_Y6_UO2389,I47_F64_m-1f-1_P17_Y-1_U120,I47_F81_m-1f-1_P47_Y-1_U55,MXY,1,0.0,1,1,0.0,0,0,0,-9999.0,0.25,1,P16_CV0,2,0,2,1,1,0,2,0,2
64,143248.9476,-1292343.898,E64_F17_m16f16_P59_Y6_UO948,ID16_F59_m-1f-1_P16_Y-1_U144,ID16_F59_m56f56_P59_Y4_UO2619,MXY,1,0.0,1,1,0.0,0,0,0,-9999.0,0.28125,1,P16_CV0,2,0,2,2,0,0,2,0,2
64,143248.9476,-1292343.898,E64_F17_m79f79_P59_Y6_UO3646,I79_F59_m17f17_P59_Y2_UO961,I79_F59_m-1f-1_P17_Y-1_U123,FXX,1,0.0,1,1,1.0,0,0,0,-9999.0,0.5,1,P16_CV0,2,1,1,1,1,0,2,0,2
64,143248.9476,-1292343.898,E64_F17_m79f79_P59_Y6_UO3654,I79_F64_m17f17_P64_Y2_UO966,ID79_F59_m79f79_P59_Y4_UO3546,MXY,1,0.0,1,1,0.0,0,0,0,-9999.0,0.75,1,P16_CV0,2,1,1,2,0,0,2,0,2
64,143248.9476,-1292343.898,E64_F17_m17f17_P64_Y6_UO958,I17_F64_m17f17_P64_Y4_UO1009,I17_F64_m17f17_P59_Y0_UO1063,FXX,1,0.0,1,1,1.0,0,0,0,-9999.0,0.625,1,P16_CV0,2,1,1,0,2,0,2,0,2
64,143248.9476,-1292343.898,E64_F17_m17f17_P64_Y6_UO959,ID17_F64_m56f56_P59_Y4_UO2629,I17_F64_m-1f-1_P17_Y-1_U77,MXY,1,0.0,1,1,0.0,0,0,0,-9999.0,0.5625,1,P16_CV0,2,2,0,0,2,0,2,0,2
64,143248.9476,-1292343.898,E64_F17_m17f17_P64_Y6_UO963,ID17_F64_m17f17_P64_Y4_UO992,ID17_F64_m79f79_P64_Y2_UO3646,FXX,1,0.0,1,1,1.0,0,0,0,-9999.0,0.4375,1,P16_CV0,2,0,2,1,1,0,2,0,2
64,143248.9476,-1292343.898,E64_F17_m17f17_P64_Y6_UO967,ID17_F64_m79f79_P64_Y4_UO3610,ID17_F64_m17f17_P64_Y3_UO966,MXY,1,0.0,1,1,0.0,0,0,0,-9999.0,0.5,1,P16_CV0,2,1,1,0,2,0,2,0,2
64,143248.9476,-1292343.898,E64_F17_m17f17_P64_Y6_UO971,I17_F64_m3f3_P59_Y3_UO177,I17_F59_m-1f-1_P17_Y-1_U202,FXX,1,0.0,1,1,1.0,0,0,0,-9999.0,0.5,1,P16_CV0,2,0,2,2,0,0,2,0,2
64,143248.9476,-1292343.898,E64_F17_m17f17_P64_Y6_UO976,I17_F64_m17f17_P64_Y3_UO969,I17_F64_m95f95_P64_Y4_UO4527,FXX,1,0.0,1,1,1.0,0,0,0,-9999.0,0.6875,1,P16_CV0,2,2,0,0,2,0,2,0,2
64,143248.9476,-1292343.898,E64_F17_m17f17_P64_Y6_UO982,I17_F64_m79f79_P64_Y2_UO3574,I17_F64_m-1f-1_P17_Y-1_U239,MXY,1,0.0,1,1,0.0,0,0,0,-9999.0,0.5,1,P16_CV0,2,1,1,1,1,0,2,0,2
64,143248.9476,-1292343.898,E64_F17_m17f17_P64_Y6_UO1000,I17_F64_m17f17_P64_Y1_UO926,I17_F64_m79f79_P64_Y3_UO3586,MXY,1,0.0,1,1,0.0,0,0,0,-9999.0,0.3125,1,P16_CV0,2,2,0,1,1,0,2,0,2
64,143248.9476,-1292343.898,E64_F17_m17f17_P64_Y6_UO1004,I17_F64_m79f79_P64_Y0_UO3884,ID17_F64_m17f17_P64_Y4_UO995,MXY,1,0.0,1,1,0.0,0,0,0,-9999.0,0.5625,1,P16_CV0,2,1,1,1,1,0,2,0,2
64,143248.9476,-1292343.898,E64_F17_m17f17_P64_Y6_UO1010,ID17_F64_m3f3_P59_Y0_UO116,ID17_F64_m17f17_P64_Y0_UO1108,FXX,1,0.0,1,1,1.0,0,0,0,-9999.0,0.75,1,P16_CV0,2,0,2,0,2,0,2,0,2
64,143248.9476,-1292343.898,E64_F17_m17f17_P64_Y6_UO1039,ID17_F64_m-1f-1_P47_Y-1_U98,I17_F64_m17f17_P64_Y2_UO978,FXX,1,0.0,1,1,1.0,0,0,0,-9999.0,0.625,1,P16_CV0,2,1,1,1,1,0,2,0,2
64,143248.9476,-1292343.898,E64_F17_m47f47_P64_Y6_UO2380,ID47_F81_m-1f-1_P17_Y-1_U85,I47_F81_m-1f-1_P47_Y-1_U215,MXY,1,0.0,1,1,0.0,0,0,0,-9999.0,0.5,1,P16_CV0,2,0,2,1,1,0,2,0,2
64,143248.9476,-1292343.898,E64_F17_m79f79_P64_Y6_UO3604,I79_F59_m79f79_P59_Y4_UO3593,I79_F59_m-1f-1_P17_Y-1_U123,FXX,1,0.0,1,1,1.0,0,0,0,-9999.0,0.625,1,P16_CV0,2,2,0,1,1,0,2,0,2
64,143248.9476,-1292343.898,E64_F17_m79f79_P64_Y6_UO3621,I79_F59_m79f79_P59_Y3_UO3569,I79_F59_m17f17_P64_Y4_UO1023,MXY,1,0.0,1,1,0.0,0,0,0,-9999.0,0.25,1,P16_CV0,2,0,2,0,2,0,2,0,2
64,143248.9476,-1292343.898,E64_F17_m79f79_P64_Y6_UO3641,I79_F59_m17f17_P64_Y2_UO1033,I79_F64_m17f17_P64_Y4_UO973,FXX,1,0.0,1,1,1.0,0,0,0,-9999.0,0.5,1,P16_CV0,2,2,0,0,2,0,2,0,2
64,143248.9476,-1292343.898,E64_F17_m79f79_P64_Y6_UO3691,I79_F59_m-1f-1_P17_Y-1_U46,I79_F59_m16f16_P59_Y4_UO875,FXX,1,0.0,1,1,1.0,0,0,0,-9999.0,0.1875,1,P16_CV0,2,1,1,0,2,0,2,0,2
64,143248.9476,-1292343.898,E64_F17_m95f95_P64_Y6_UO4524,I95_F64_m95f95_P91_Y4_UO4483,ID95_F64_m17f17_P64_Y0_UO1088,MXY,1,0.0,1,1,0.0,0,0,0,-9999.0,0.5625,1,P16_CV0,2,1,1,0,2,0,2,0,2
64,143248.9476,-1292343.898,E64_F17_m95f95_P64_Y6_UO4528,I95_F91_m79f79_P64_Y4_UO3613,I95_F64_m17f17_P64_Y0_UO1107,FXX,1,0.0,1,1,1.0,0,0,0,-9999.0,0.5,1,P16_CV0,2,1,1,1,1,0,2,0,2
64,143248.9476,-1292343.898,E64_F17_m95f95_P64_Y6_UO4559,I95_F64_m17f17_P64_Y0_UO1029,I95_F91_m-1f-1_P95_Y-1_U222,FXX,1,0.0,1,1,1.0,0,0,0,-9999.0,0.375,1,P16_CV0,2,0,2,2,0,0,2,0,2
64,143248.9476,-1292343.898,E64_F17_m95f95_P64_Y6_UO4562,I95_F64_m-1f-1_P95_Y-1_U155,I95_F64_m95f95_P64_Y3_UO4434,FXX,1,0.0,1,1,1.0,0,0,0,-9999.0,0.5,1,P16_CV0,2,1,1,2,0,0,2,0,2
64,143248.9476,-1292343.898,E64_F79_m17f17_P64_Y6_UO1008,I17_F64_m17f17_P64_Y0_UO1057,I17_F64_m-1f-1_P17_Y-1_U80,MXY,1,0.0,1,1,0.0,0,0,0,-9999.0,0.5,1,P16_CV0,2,1,1,1,1,0,2,0,2
64,143248.9476,-1292343.898,E64_F79_m95f95_P64_Y6_UO4530,I95_F64_m95f95_P64_Y3_UO4441,I95_F81_m17f17_P64_Y2_UO1014,FXX,1,0.0,1,1,1.0,0,0,0,-9999.0,0.375,1,P16_CV0,2,1,1,1,1,0,2,0,2
64,143248.9476,-1292343.898,E64_F79_m17f17_P64_Y6_UO1013,I17_F64_m-1f-1_P17_Y-1_U37,I17_F64_m-1f-1_P79_Y-1_U227,MXY,1,0.0,1,1,0.0,0,0,0,-9999.0,0.5,1,P16_CV0,2,1,1,2,0,0,2,0,2
64,143248.9476,-1292343.898,E64_F79_m95f95_P64_Y6_UO4537,I95_F64_m95f95_P64_Y3_UO4476,I95_F64_m95f95_P64_Y3_UO4458,MXY,1,0.0,1,1,0.0,0,0,0,-9999.0,0.6875,1,P16_CV0,2,1,1,0,2,0,2,0,2
64,143248.9476,-1292343.898,E64_F79_m17f17_P64_Y6_UO1014,ID17_F59_m-1f-1_P17_Y-1_U96,ID17_F59_m17f17_P64_Y3_UO1018,MXY,1,0.0,1,1,0.0,0,0,0,-9999.0,0.75,1,P16_CV0,2,2,0,1,1,0,2,0,2
64,143248.9476,-1292343.898,E64_F79_m3f3_P59_Y6_UO183,ID3_F59_m17f17_P59_Y1_UO888,I3_F59_m79f79_P59_Y4_UO3531,FXX,1,0.0,1,1,1.0,0,0,0,-9999.0,0.3125,1,P16_CV0,2,1,1,0,2,0,2,0,2
64,143248.9476,-1292343.898,E64_F79_m95f95_P64_Y6_UO4575,ID95_F64_m-1f-1_P94_Y-1_U242,I95_F91_m17f17_P64_Y1_UO903,MXY,1,0.0,1,1,0.0,0,0,0,-9999.0,0.25,1,P16_CV0,2,1,1,1,1,0,2,0,2
64,143248.9476,-1292343.898,E64_F79_m17f17_P64_Y6_UO952,I17_F64_m17f17_P64_Y4_UO996,ID17_F59_m17f17_P64_Y3_UO1018,FXX,1,0.0,1,1,1.0,0,0,0,-9999.0,0.4375,1,P16_CV0,2,1,1,1,1,0,2,0,2
64,143248.9476,-1292343.898,E64_F79_m79f79_P64_Y6_UO3611,I79_F59_m95f95_P64_Y3_UO4443,I79_F59_m56f56_P59_Y3_UO2695,FXX,1,0.0,1,1,1.0,0,0,0,-9999.0,0.6875,1,P16_CV0,2,0,2,0,2,0,2,0,2
64,143248.9476,-1292343.898,E64_F79_m79f79_P59_Y6_UO3648,I79_F59_m17f17_P64_Y2_UO1012,I79_F64_m17f17_P64_Y4_UO973,MXY,1,0.0,1,1,0.0,0,0,0,-9999.0,0.3125,1,P16_CV0,2,1,1,1,1,0,2,0,2
64,143248.9476,-1292343.898,E64_F79_m17f17_P64_Y6_UO1018,ID17_F64_m-1f-1_P47_Y-1_U152,I17_F59_m17f17_P64_Y4_UO1006,FXX,1,0.0,1,1,1.0,0,0,0,-9999.0,0.75,1,P16_CV0,2,1,1,1,1,0,2,0,2
64,143248.9476,-1292343.898,E64_F95_m3f3_P64_Y6_UO116,I3_F59_m17f17_P64_Y4_UO1034,I3_F59_m17f17_P59_Y3_UO980,FXX,1,0.0,1,1,1.0,0,0,0,-9999.0,0.5,1,P16_CV0,2,1,1,1,1,0,2,0,2
64,143248.9476,-1292343.898,E64_F95_m17f17_P64_Y6_UO1017,I17_F64_m-1f-1_P17_Y-1_U206,I17_F64_m-1f-1_P17_Y-1_U151,FXX,1,0.0,1,1,1.0,0,0,0,-9999.0,0.25,1,P16_CV0,2,1,1,1,1,0,2,0,2
64,143248.9476,-1292343.898,E64_F95_m17f17_P64_Y6_UO1032,I17_F64_m-1f-1_P17_Y-1_U82,I17_F64_m-1f-1_P17_Y-1_U161,FXX,1,0.0,1,1,1.0,0,0,0,-9999.0,0.25,1,P16_CV0,2,1,1,2,0,0,2,0,2
64,143248.9476,-1292343.898,E64_F95_m17f17_P64_Y6_UO1042,I17_F64_m-1f-1_P17_Y-1_U102,I17_F59_m17f17_P64_Y4_UO1006,MXY,1,0.0,1,1,0.0,0,0,0,-9999.0,0.5,1,P16_CV0,2,0,2,0,2,0,2,0,2
64,143248.9476,-1292343.898,E64_F95_m47f47_P64_Y6_UO2374,I47_F64_m-1f-1_P47_Y-1_U221,I47_F64_m47f47_P81_Y2_UO2377,MXY,1,0.0,1,1,0.0,0,0,0,-9999.0,0.125,1,P16_CV0,2,1,1,1,1,0,2,0,2
64,143248.9476,-1292343.898,E64_F95_m79f79_P64_Y6_UO3649,I79_F64_m17f17_P64_Y2_UO1003,ID79_F64_m-1f-1_P17_Y-1_U52,FXX,1,0.0,1,1,1.0,0,0,0,-9999.0,0.25,1,P16_CV0,2,0,2,0,2,0,2,0,2
64,143248.9476,-1292343.898,E64_F95_m95f95_P64_Y6_UO4521,I95_F21_m95f95_P91_Y4_UO4511,I95_F64_m-1f-1_P95_Y-1_U118,MXY,1,0.0,1,1,0.0,0,0,0,-9999.0,0.4375,1,P16_CV0,2,1,1,1,1,0,2,0,2
64,143248.9476,-1292343.898,E64_F95_m95f95_P91_Y6_UO4520,I95_F64_m80f80_P81_Y4_UO3641,I95_F64_m-1f-1_P17_Y-1_U42,FXX,1,0.0,1,1,1.0,0,0,0,-9999.0,0.53125,1,P16_CV0,2,1,1,1,1,0,2,0,2
64,143248.9476,-1292343.898,E64_F95_m95f95_P91_Y6_UO4565,I95_F91_m-1f-1_P17_Y-1_U217,I95_F64_m79f79_P64_Y0_UO3894,FXX,1,0.0,1,1,1.0,0,0,0,-9999.0,0.125,1,P16_CV0,2,0,2,1,1,0,2,0,2
64,143248.9476,-1292343.898,E64_F17_m79f79_P64_Y5_UO3591,I79_F64_m3f3_P59_Y2_UO173,I79_F64_m17f17_P59_Y3_UO1024,MXY,2,0.0,1,0,0.0,0,0,0,-9999.0,0.375,1,P16_CV0,2,0,2,0,2,0,2,0,2
64,143248.9476,-1292343.898,E64_F17_m17f17_P64_Y5_UO1021,I17_F64_m-1f-1_P17_Y-1_U142,I17_F64_m17f17_P64_Y0_UO1025,FXX,2,0.0,1,0,1.0,0,0,0,-9999.0,0.5,1,P16_CV0,2,1,1,1,1,0,2,0,2
64,143248.9476,-1292343.898,E64_F17_m17f17_P64_Y5_UO983,I17_F59_m17f17_P64_Y1_UO954,I17_F64_m-1f-1_P79_Y-1_U74,MXY,2,0.0,1,0,0.0,0,0,0,-9999.0,0.75,1,P16_CV0,2,2,0,1,1,0,2,0,2
64,143248.9476,-1292343.898,E64_F17_m17f17_P64_Y5_UO1037,I17_F64_m-1f-1_P17_Y-1_U26,I17_F64_m95f95_P64_Y3_UO4510,FXX,2,0.0,1,0,1.0,0,0,0,-9999.0,0.75,1,P16_CV0,2,1,1,0,2,0,2,0,2
64,143248.9476,-1292343.898,E64_F17_m95f95_P64_Y5_UO4474,I95_F64_m95f95_P64_Y3_UO4476,I95_F64_m95f95_P64_Y0_UO4842,MXY,2,0.0,1,0,0.0,0,0,0,-9999.0,0.1875,1,P16_CV0,2,0,2,0,2,0,2,0,2
64,143248.9476,-1292343.898,E64_F17_m3f3_P64_Y5_UO180,I3_F59_m56f56_P59_Y0_UO2926,I3_F59_m17f17_P64_Y3_UO950,FXX,2,0.0,1,0,1.0,0,0,0,-9999.0,0.5,1,P16_CV0,2,1,1,1,1,0,2,0,2
64,143248.9476,-1292343.898,E64_F17_m17f17_P64_Y5_UO1023,I17_F64_m-1f-1_P79_Y-1_U241,I17_F59_m-1f-1_P17_Y-1_U149,FXX,2,0.0,1,0,1.0,0,0,0,-9999.0,0.5,1,P16_CV0,2,1,1,0,2,0,2,0,2
64,143248.9476,-1292343.898,E64_F17_m95f95_P64_Y5_UO4492,ID95_F91_m17f17_P64_Y2_UO1006,I95_F91_m-1f-1_P5_Y-1_U87,FXX,2,0.0,1,0,1.0,0,0,0,-9999.0,0.5,1,P16_CV0,2,1,1,1,1,0,2,0,2
64,143248.9476,-1292343.898,E64_F17_m17f17_P64_Y5_UO1032,I17_F64_m-1f-1_P17_Y-1_U234,I17_F64_m17f17_P59_Y0_UO1063,MXY,2,0.0,1,0,0.0,0,0,0,-9999.0,0.625,1,P16_CV0,2,2,0,1,1,0,2,0,2
64,143248.9476,-1292343.898,E64_F17_m17f17_P64_Y5_UO955,I17_F64_m17f17_P64_Y3_UO999,I17_F64_m79f79_P64_Y2_UO3627,MXY,2,0.0,1,0,0.0,0,0,0,-9999.0,0.625,1,P16_CV0,2,1,1,1,1,0,2,0,2
64,143248.9476,-1292343.898,E64_F47_m17f17_P64_Y5_UO953,ID17_F64_m95f95_P64_Y3_UO4474,I17_F64_m-1f-1_P17_Y-1_U77,FXX,2,0.0,1,0,1.0,0,0,0,-9999.0,0.625,1,P16_CV0,2,0,2,2,0,0,2,0,2
64,143248.9476,-1292343.898,E64_F79_m3f3_P59_Y5_UO154,I3_F59_m79f79_P59_Y2_UO3582,I3_F59_m79f79_P59_Y3_UO3573,MXY,2,0.0,1,0,0.0,0,0,0,-9999.0,0.5,1,P16_CV0,2,1,1,1,1,0,2,0,2
64,143248.9476,-1292343.898,E64_F79_m79f79_P59_Y5_UO3583,I79_F64_m17f17_P64_Y2_UO1012,I79_F59_m56f56_P59_Y0_UO2911,FXX,2,0.0,1,0,1.0,0,0,0,-9999.0,0.5,1,P16_CV0,2,1,1,0,2,0,2,0,2
64,143248.9476,-1292343.898,E64_F79_m79f79_P59_Y5_UO3611,I79_F64_m17f17_P64_Y1_UO984,I79_F64_m-1f-1_P17_Y-1_U140,MXY,2,0.0,1,0,0.0,0,0,0,-9999.0,0.5,1,P16_CV0,2,0,2,1,1,0,2,0,2
64,143248.9476,-1292343.898,E64_F95_m17f17_P64_Y5_UO967,ID17_F59_m17f17_P64_Y2_UO999,I17_F64_m79f79_P64_Y3_UO3532,FXX,2,0.0,1,0,1.0,0,0,0,-9999.0,0.5625,1,P16_CV0,2,0,2,1,1,0,2,0,2
64,143248.9476,-1292343.898,E64_F95_m95f95_P64_Y5_UO4530,ID95_F64_m-1f-1_P17_Y-1_U1,I95_F91_m17f17_P64_Y0_UO1101,FXX,2,0.0,1,0,1.0,0,0,0,-9999.0,0.25,1,P16_CV0,2,0,2,0,2,0,2,0,2
64,143248.9476,-1292343.898,E64_F95_m95f95_P64_Y5_UO4509,ID95_F91_m17f17_P64_Y0_UO1073,I95_F64_m-1f-1_P95_Y-1_U27,FXX,2,0.0,1,0,1.0,0,0,0,-9999.0,0.625,1,P16_CV0,2,1,1,1,1,0,2,0,2
64,143248.9476,-1292343.898,E64_F3_m17f17_P64_Y4_UO1034,I17_F59_m-1f-1_P17_Y-1_U102,I17_F64_m79f79_P64_Y2_UO3627,FXX,3,0.0,1,0,1.0,0,0,0,-9999.0,0.5,1,P16_CV0,2,2,0,1,1,0,2,0,2
64,143248.9476,-1292343.898,E64_F3_m79f79_P59_Y4_UO3625,I79_F64_m-1f-1_P17_Y-1_U46,ID79_F59_m95f95_P64_Y2_UO4463,FXX,3,0.0,1,0,1.0,0,0,0,-9999.0,0.25,1,P16_CV0,2,1,1,2,0,0,2,0,2
64,143248.9476,-1292343.898,E64_F17_m17f17_P64_Y4_UO1011,I17_F64_m-1f-1_P17_Y-1_U153,I17_F64_m-1f-1_P17_Y-1_U187,MXY,3,0.0,1,0,0.0,0,0,0,-9999.0,0.0,1,P16_CV0,2,0,2,1,1,0,2,0,2
64,143248.9476,-1292343.898,E64_F17_m17f17_P64_Y4_UO1030,I17_F64_m-1f-1_P17_Y-1_U148,I17_F64_m-1f-1_P3_Y-1_U47,FXX,3,0.0,1,0,1.0,0,0,0,-9999.0,0.25,1,P16_CV0,2,0,2,0,2,0,2,0,2
64,143248.9476,-1292343.898,E64_F47_m95f95_P64_Y4_UO4478,I95_F64_m17f17_P64_Y1_UO964,I95_F64_m79f79_P64_Y0_UO3914,MXY,3,0.0,1,0,0.0,0,0,0,-9999.0,0.75,1,P16_CV0,2,2,0,2,0,0,2,0,2
64,143248.9476,-1292343.898,E64_F79_m17f17_P64_Y4_UO1023,I17_F59_m-1f-1_P17_Y-1_U211,I17_F64_m-1f-1_P17_Y-1_U169,MXY,3,0.0,1,0,0.0,0,0,0,-9999.0,0.0,1,P16_CV0,2,0,2,1,1,0,2,0,2
64,143248.9476,-1292343.898,E64_F79_m95f95_P64_Y4_UO4498,I95_F64_m-1f-1_P95_Y-1_U155,I95_F91_m-1f-1_P17_Y-1_U107,FXX,3,0.0,1,0,1.0,0,0,0,-9999.0,0.5,1,P16_CV0,2,1,1,2,0,0,2,0,2
64,143248.9476,-1292343.898,E64_F79_m17f17_P64_Y4_UO973,ID17_F64_m17f17_P64_Y1_UO926,I17_F64_m17f17_P64_Y1_UO946,MXY,3,0.0,1,0,0.0,0,0,0,-9999.0,0.375,1,P16_CV0,2,2,0,1,1,0,2,0,2
64,143248.9476,-1292343.898,E64_F95_m95f95_P91_Y4_UO4462,I95_F91_m95f95_P91_Y2_UO4530,I95_F91_m-1f-1_P17_Y-1_U107,FXX,3,0.0,1,0,1.0,0,0,0,-9999.0,0.625,1,P16_CV0,2,0,2,1,1,0,2,0,2
64,143248.9476,-1292343.898,E64_F95_m95f95_P91_Y4_UO4511,ID95_F91_m-1f-1_P95_Y-1_U217,I95_F64_m17f17_P64_Y1_UO908,FXX,3,0.0,1,0,1.0,0,0,0,-9999.0,0.375,1,P16_CV0,2,0,2,1,1,0,2,0,2
64,143248.9476,-1292343.898,E64_F3_m17f17_P59_Y3_UO995,I17_F64_m-1f-1_P17_Y-1_U16,I17_F64_m-1f-1_P17_Y-1_U196,MXY,4,0.0,1,0,0.0,0,0,0,-9999.0,0.75,1,P16_CV0,2,2,0,1,1,0,2,0,2
64,143248.9476,-1292343.898,E64_F3_m17f17_P59_Y3_UO980,I17_F64_m-1f-1_P17_Y-1_U185,I17_F64_m-1f-1_P17_Y-1_U12,MXY,4,0.0,1,0,0.0,0,0,0,-9999.0,0.5,1,P16_CV0,2,0,2,1,1,0,2,0,2
64,143248.9476,-1292343.898,E64_F3_m17f17_P59_Y3_UO1012,ID17_F64_m-1f-1_P17_Y-1_U211,I17_F64_m17f17_P64_Y0_UO1034,MXY,4,0.0,1,0,0.0,0,0,0,-9999.0,0.125,1,P16_CV0,2,0,2,2,0,0,2,0,2
64,143248.9476,-1292343.898,E64_F17_m17f17_P64_Y3_UO977,I17_F64_m-1f-1_P17_Y-1_U37,ID17_F59_m-1f-1_P17_Y-1_U161,MXY,4,0.0,1,0,0.0,0,0,0,-9999.0,0.25,1,P16_CV0,2,0,2,1,1,0,2,0,2
64,143248.9476,-1292343.898,E64_F17_m17f17_P64_Y3_UO937,I17_F64_m17f17_P64_Y1_UO925,I17_F64_m-1f-1_P17_Y-1_U122,MXY,4,0.0,1,0,0.0,0,0,0,-9999.0,0.75,1,P16_CV0,2,1,1,0,2,0,2,0,2
64,143248.9476,-1292343.898,E64_F17_m17f17_P64_Y3_UO1018,I17_F64_m-1f-1_P17_Y-1_U234,ID17_F64_m-1f-1_P17_Y-1_U80,MXY,4,0.0,1,0,0.0,0,0,0,-9999.0,0.5,1,P16_CV0,2,1,1,1,1,0,2,0,2
64,143248.9476,-1292343.898,E64_F17_m17f17_P64_Y3_UO969,I17_F64_m17f17_P64_Y0_UO1090,I17_F64_m17f17_P64_Y1_UO939,FXX,4,0.0,1,0,1.0,0,0,0,-9999.0,0.875,1,P16_CV0,2,1,1,0,2,0,2,0,2
64,143248.9476,-1292343.898,E64_F79_m79f79_P59_Y3_UO3569,ID79_F64_m47f47_P64_Y0_UO2520,ID79_F59_m-1f-1_P17_Y-1_U181,FXX,4,0.0,1,0,1.0,0,0,0,-9999.0,0.5,1,P16_CV0,2,1,1,0,2,0,2,0,2
64,143248.9476,-1292343.898,E64_F79_m17f17_P64_Y3_UO989,I17_F64_m-1f-1_P17_Y-1_U128,I17_F64_m47f47_P64_Y1_UO2172,MXY,4,0.0,1,0,0.0,0,0,0,-9999.0,0.375,1,P16_CV0,2,1,1,1,1,0,2,0,2
64,143248.9476,-1292343.898,E64_F79_m17f17_P64_Y3_UO961,I17_F64_m17f17_P64_Y0_UO1061,I17_F59_m17f17_P64_Y0_UO1025,MXY,4,0.0,1,0,0.0,0,0,0,-9999.0,0.375,1,P16_CV0,2,0,2,1,1,0,2,0,2
64,143248.9476,-1292343.898,E64_F79_m79f79_P59_Y3_UO3556,I79_F59_m95f95_P64_Y1_UO4297,ID79_F64_m17f17_P64_Y0_UO1111,MXY,4,0.0,1,0,0.0,0,0,0,-9999.0,0.5,1,P16_CV0,2,0,2,1,1,0,2,0,2
64,143248.9476,-1292343.898,E64_F95_m17f17_P64_Y3_UO953,ID17_F64_m17f17_P64_Y1_UO926,ID17_F59_m-1f-1_P79_Y-1_U116,MXY,4,0.0,1,0,0.0,0,0,0,-9999.0,0.375,1,P16_CV0,2,0,2,1,1,0,2,0,2
64,143248.9476,-1292343.898,E64_F95_m95f95_P64_Y3_UO4476,ID95_F64_m-1f-1_P95_Y-1_U221,I95_F81_m17f17_P64_Y1_UO909,FXX,4,0.0,1,0,1.0,0,0,0,-9999.0,0.375,1,P16_CV0,2,0,2,1,1,0,2,0,2
64,143248.9476,-1292343.898,E64_F95_m17f17_P64_Y3_UO952,I17_F64_m95f95_P64_Y1_UO4276,ID17_F64_m17f17_P64_Y0_UO1047,MXY,4,0.0,1,0,0.0,0,0,0,-9999.0,0.5,1,P16_CV0,2,1,1,1,1,0,2,0,2
64,143248.9476,-1292343.898,E64_F95_m17f17_P64_Y3_UO1007,I17_F64_m-1f-1_P17_Y-1_U75,I17_F64_m17f17_P64_Y1_UO983,FXX,4,0.0,1,0,1.0,0,0,0,-9999.0,0.75,1,P16_CV0,2,1,1,2,0,0,2,0,2
64,143248.9476,-1292343.898,E64_F17_m17f17_P64_Y2_UO978,I17_F64_m-1f-1_P17_Y-1_U230,I17_F64_m-1f-1_P17_Y-1_U239,MXY,5,0.0,1,0,0.0,0,0,0,-9999.0,0.75,1,P16_CV0,2,1,1,1,1,0,2,0,2
64,143248.9476,-1292343.898,E64_F47_m16f16_P59_Y2_UO916,ID16_F59_m-1f-1_P3_Y-1_U91,I16_F59_m17f17_P59_Y0_UO1052,MXY,5,0.0,1,0,0.0,0,0,0,-9999.0,0.375,1,P16_CV0,2,1,1,1,1,0,2,0,2
64,143248.9476,-1292343.898,E64_F79_m17f17_P64_Y2_UO1012,I17_F64_m-1f-1_P17_Y-1_U4,I17_F64_m17f17_P64_Y0_UO1025,FXX,5,0.0,1,0,1.0,0,0,0,-9999.0,0.25,1,P16_CV0,2,1,1,1,1,0,2,0,2
64,143248.9476,-1292343.898,E64_F95_m95f95_P91_Y2_UO4474,I95_F64_m95f95_P64_Y0_UO4865,I95_F91_m17f17_P64_Y0_UO1088,FXX,5,0.0,1,0,1.0,0,0,0,-9999.0,0.75,1,P16_CV0,2,2,0,1,1,0,2,0,2
64,143248.9476,-1292343.898,E64_F3_m17f17_P59_Y1_UO901,I17_F64_m-1f-1_P17_Y-1_U223,I17_F64_m-1f-1_P17_Y-1_U196,FXX,6,0.0,1,0,1.0,0,0,0,-9999.0,0.5,1,P16_CV0,2,2,0,1,1,0,2,0,2
64,143248.9476,-1292343.898,E64_F17_m17f17_P64_Y1_UO924,I17_F64_m-1f-1_P17_Y-1_U153,I17_F64_m-1f-1_P17_Y-1_U202,FXX,6,0.0,1,0,1.0,0,0,0,-9999.0,0.25,1,P16_CV0,2,0,2,0,2,0,2,0,2
64,143248.9476,-1292343.898,E64_F17_m17f17_P64_Y1_UO892,I17_F59_m-1f-1_P17_Y-1_U11,I17_F64_m-1f-1_P17_Y-1_U149,FXX,6,0.0,1,0,1.0,0,0,0,-9999.0,0.25,1,P16_CV0,2,0,2,1,1,0,2,0,2
64,143248.9476,-1292343.898,E64_F17_m17f17_P64_Y1_UO980,ID17_F64_m-1f-1_P17_Y-1_U26,I17_F64_m-1f-1_P17_Y-1_U9,MXY,6,0.0,1,0,0.0,0,0,0,-9999.0,0.75,1,P16_CV0,2,1,1,2,0,0,2,0,2
64,143248.9476,-1292343.898,E64_F17_m17f17_P64_Y1_UO965,I17_F64_m-1f-1_P17_Y-1_U46,I17_F64_m-1f-1_P17_Y-1_U139,FXX,6,0.0,1,0,1.0,0,0,0,-9999.0,0.0,1,P16_CV0,2,0,2,1,1,0,2,0,2
64,143248.9476,-1292343.898,E64_F17_m17f17_P64_Y1_UO970,I17_F64_m-1f-1_P17_Y-1_U48,I17_F64_m-1f-1_P17_Y-1_U239,FXX,6,0.0,1,0,1.0,0,0,0,-9999.0,0.5,1,P16_CV0,2,1,1,2,0,0,2,0,2
64,143248.9476,-1292343.898,E64_F79_m17f17_P64_Y1_UO940,I17_F64_m-1f-1_P17_Y-1_U207,ID17_F64_m-1f-1_P17_Y-1_U98,FXX,6,0.0,1,0,1.0,0,0,0,-9999.0,0.5,1,P16_CV0,2,1,1,0,2,0,2,0,2
64,143248.9476,-1292343.898,E64_F79_m95f95_P64_Y1_UO4277,I95_F91_m-1f-1_P95_Y-1_U10,ID95_F64_m-1f-1_P17_Y-1_U241,FXX,6,0.0,1,0,1.0,0,0,0,-9999.0,0.75,1,P16_CV0,2,1,1,1,1,0,2,0,2
64,143248.9476,-1292343.898,E64_F95_m17f17_P64_Y1_UO964,I17_F59_m-1f-1_P17_Y-1_U51,ID17_F81_m-1f-1_P95_Y-1_U87,FXX,6,0.0,1,0,1.0,0,0,0,-9999.0,0.75,1,P16_CV0,2,2,0,2,0,0,2,0,2
64,143248.9476,-1292343.898,E64_F95_m17f17_P64_Y1_UO908,I17_F64_m-1f-1_P17_Y-1_U74,ID17_F64_m-1f-1_P17_Y-1_U35,MXY,6,0.0,1,0,0.0,0,0,0,-9999.0,0.25,1,P16_CV0,2,0,2,2,0,0,2,0,2
64,143248.9476,-1292343.898,E64_F17_m17f17_P64_Y0_UO1047,R17_F17_m-1f-1_P17_Y-1_U64,R17_F17_m-1f-1_P17_Y-1_U12,MXY,7,0.0,1,0,0.0,0,0,0,-9999.0,0.75,1,P16_CV0,2,2,0,1,1,0,2,0,2
64,143248.9476,-1292343.898,E64_F17_m17f17_P64_Y0_UO1108,R17_F17_m-1f-1_P17_Y-1_U229,R17_F17_m-1f-1_P17_Y-1_U130,MXY,7,0.0,1,0,0.0,0,0,0,-9999.0,0.75,1,P16_CV0,2,1,1,0,2,0,2,0,2
64,143248.9476,-1292343.898,E64_F17_m17f17_P64_Y0_UO1057,R17_F17_m-1f-1_P17_Y-1_U82,R17_F17_m-1f-1_P17_Y-1_U99,FXX,7,0.0,1,0,1.0,0,0,0,-9999.0,0.5,1,P16_CV0,2,1,1,1,1,0,2,0,2
64,143248.9476,-1292343.898,E64_F47_m17f17_P64_Y0_UO1090,R17_F17_m-1f-1_P17_Y-1_U184,R17_F17_m-1f-1_P17_Y-1_U66,FXX,7,0.0,1,0,1.0,0,0,0,-9999.0,1.0,1,P16_CV0,2,2,0,0,2,0,2,0,2
64,143248.9476,-1292343.898,E64_F79_m17f17_P64_Y0_UO1044,R17_F17_m-1f-1_P17_Y-1_U59,R17_F17_m-1f-1_P17_Y-1_U238,FXX,7,0.0,1,0,1.0,0,0,0,-9999.0,0.5,1,P16_CV0,2,2,0,0,2,0,2,0,2
64,143248.9476,-1292343.898,E64_F95_m17f17_P64_Y0_UO1101,R17_F17_m-1f-1_P17_Y-1_U207,R17_F17_m-1f-1_P17_Y-1_U197,MXY,7,0.0,1,0,0.0,0,0,0,-9999.0,0.5,1,P16_CV0,2,1,1,0,2,0,2,0,2
64,143248.9476,-1292343.898,E64_F95_m17f17_P64_Y0_UO1088,R17_F17_m-1f-1_P17_Y-1_U179,R17_F17_m-1f-1_P17_Y-1_U124,MXY,7,0.0,1,0,0.0,0,0,0,-9999.0,0.5,1,P16_CV0,2,1,1,0,2,0,2,0,2
64,143248.9476,-1292343.898,E64_F95_m17f17_P64_Y0_UO1073,R17_F17_m-1f-1_P17_Y-1_U128,R17_F17_m-1f-1_P17_Y-1_U232,FXX,7,0.0,1,0,1.0,0,0,0,-9999.0,0.25,1,P16_CV0,2,0,2,1,1,0,2,0,2
64,143248.9476,-1292343.898,E64_F95_m17f17_P64_Y0_UO1107,R17_F17_m-1f-1_P17_Y-1_U226,R17_F17_m-1f-1_P17_Y-1_U138,MXY,7,0.0,1,0,0.0,0,0,0,-9999.0,0.5,1,P16_CV0,2,2,0,1,1,0,2,0,2
64,143248.9476,-1292343.898,E64_F17_m-1f-1_P17_Y-1_U96,-9999,-9999,FXX,8,0.0,1,0,1.0,0,0,0,-9999.0,1.0,1,P16_CV0,2,2,0,1,1,0,2,0,2
64,143248.9476,-1292343.898,E64_F17_m-1f-1_P17_Y-1_U37,-9999,-9999,FXX,8,0.0,1,0,1.0,0,0,0,-9999.0,0.5,1,P16_CV0,2,1,1,1,1,0,2,0,2
64,143248.9476,-1292343.898,E64_F17_m-1f-1_P17_Y-1_U161,-9999,-9999,MXY,8,0.0,1,0,0.0,0,0,0,-9999.0,0.0,1,P16_CV0,2,0,2,2,0,0,2,0,2
64,143248.9476,-1292343.898,E64_F95_m-1f-1_P17_Y-1_U217,-9999,-9999,FXX,8,0.0,1,0,1.0,0,0,0,-9999.0,0.0,1,P16_CV0,2,0,2,2,0,0,2,0,2
64,143248.9476,-1292343.898,E64_F17_m-1f-1_P17_Y-1_U187,-9999,-9999,MXY,9,0.0,1,0,0.0,0,0,0,-9999.0,0.0,1,P16_CV0,2,0,2,0,2,0,2,0,2
64,143248.9476,-1292343.898,E64_F17_m-1f-1_P17_Y-1_U25,-9999,-9999,FXX,9,0.0,1,0,1.0,0,0,0,-9999.0,0.0,1,P16_CV0,2,0,2,2,0,0,2,0,2
64,143248.9476,-1292343.898,E64_F17_m-1f-1_P17_Y-1_U127,-9999,-9999,FXX,9,0.0,1,0,1.0,0,0,0,-9999.0,0.5,1,P16_CV0,2,1,1,2,0,0,2,0,2
64,143248.9476,-1292343.898,E64_F47_m-1f-1_P17_Y-1_U29,-9999,-9999,FXX,9,0.0,1,0,1.0,0,0,0,-9999.0,0.5,1,P16_CV0,2,1,1,0,2,0,2,0,2
64,143248.9476,-1292343.898,E64_F17_m-1f-1_P17_Y-1_U221,-9999,-9999,FXX,10,0.0,1,0,1.0,0,0,0,-9999.0,0.5,1,P16_CV0,2,1,1,1,1,0,2,0,2
64,143248.9476,-1292343.898,E64_F17_m-1f-1_P17_Y-1_U77,-9999,-9999,MXY,10,0.0,1,0,0.0,0,0,0,-9999.0,0.5,1,P16_CV0,2,1,1,1,1,0,2,0,2
64,143248.9476,-1292343.898,E64_F17_m-1f-1_P17_Y-1_U38,-9999,-9999,FXX,10,0.0,1,0,1.0,0,0,0,-9999.0,1.0,1,P16_CV0,2,2,0,1,1,0,2,0,2
64,143248.9476,-1292343.898,E64_F95_m-1f-1_P17_Y-1_U1,-9999,-9999,FXX,10,0.0,1,0,1.0,0,0,0,-9999.0,0.0,1,P16_CV0,2,0,2,1,1,0,2,0,2
64,143248.9476,-1292343.898,E64_F17_m-1f-1_P17_Y-1_U151,-9999,-9999,MXY,11,0.0,1,0,0.0,0,0,0,-9999.0,0.0,1,P16_CV0,2,0,2,1,1,0,2,0,2
64,143248.9476,-1292343.898,E64_F17_m-1f-1_P17_Y-1_U202,-9999,-9999,MXY,11,0.0,1,0,0.0,0,0,0,-9999.0,0.5,1,P16_CV0,2,1,1,1,1,0,2,0,2
64,143248.9476,-1292343.898,E64_F17_m-1f-1_P17_Y-1_U82,-9999,-9999,FXX,11,0.0,1,0,1.0,0,0,0,-9999.0,0.5,1,P16_CV0,2,1,1,2,0,0,2,0,2
64,143248.9476,-1292343.898,E64_F47_m-1f-1_P17_Y-1_U75,-9999,-9999,FXX,11,0.0,1,0,1.0,0,0,0,-9999.0,1.0,1,P16_CV0,2,2,0,1,1,0,2,0,2
64,143248.9476,-1292343.898,E64_F79_m-1f-1_P17_Y-1_U14,-9999,-9999,FXX,11,0.0,1,0,1.0,0,0,0,-9999.0,0.5,1,P16_CV0,2,1,1,1,1,0,2,0,2
64,143248.9476,-1292343.898,E64_F79_m-1f-1_P17_Y-1_U239,-9999,-9999,MXY,11,0.0,1,0,0.0,0,0,0,-9999.0,0.5,1,P16_CV0,2,1,1,2,0,0,2,0,2
64,143248.9476,-1292343.898,E64_F17_m-1f-1_P17_Y-1_U228,-9999,-9999,MXY,12,0.0,1,0,0.0,0,0,0,-9999.0,0.0,1,P16_CV0,2,0,2,1,1,0,2,0,2
64,143248.9476,-1292343.898,E64_F79_m-1f-1_P17_Y-1_U123,-9999,-9999,MXY,12,0.0,1,0,0.0,0,0,0,-9999.0,0.5,1,P16_CV0,2,1,1,1,1,0,2,0,2
64,143248.9476,-1292343.898,E64_F3_m-1f-1_P17_Y-1_U54,-9999,-9999,FXX,13,0.0,1,0,1.0,0,0,0,-9999.0,0.5,1,P16_CV0,2,1,1,2,0,0,2,0,2
64,143248.9476,-1292343.898,E64_F17_m-1f-1_P17_Y-1_U122,-9999,-9999,MXY,13,0.0,1,0,0.0,0,0,0,-9999.0,1.0,1,P16_CV0,2,2,0,0,2,0,2,0,2
64,143248.9476,-1292343.898,E64_F79_m-1f-1_P17_Y-1_U208,-9999,-9999,FXX,13,0.0,1,0,1.0,0,0,0,-9999.0,0.5,1,P16_CV0,2,1,1,1,1,0,2,0,2
64,143248.9476,-1292343.898,E64_F47_m-1f-1_P17_Y-1_U184,-9999,-9999,FXX,14,0.0,1,0,1.0,0,0,0,-9999.0,1.0,1,P16_CV0,2,2,0,0,2,0,2,0,2
64,143248.9476,-1292343.898,E64_F79_m-1f-1_P17_Y-1_U46,-9999,-9999,FXX,14,0.0,1,0,1.0,0,0,0,-9999.0,0.0,1,P16_CV0,2,0,2,1,1,0,2,0,2
64,143248.9476,-1292343.898,E64_F95_m-1f-1_P17_Y-1_U234,-9999,-9999,FXX,14,0.0,1,0,1.0,0,0,0,-9999.0,0.5,1,P16_CV0,2,1,1,2,0,0,2,0,2
64,143248.9476,-1292343.898,Age0_F64_m3f3_P64_Y7_UO111,ID3_F59_m56f56_P59_Y5_UO2650,ID3_F59_m17f17_P64_Y3_UO1019,FXX,0,0.0,0,0,0.0,0,0,0,0.0,0.5,1,P2_CV0,2,2,0,2,0,0,2,0,2
64,143248.9476,-1292343.898,Age0_F64_m3f3_P64_Y7_UO114,I3_F59_m3f3_P59_Y5_UO177,I3_F59_m17f17_P64_Y5_UO976,FXX,0,0.0,0,0,0.0,0,0,0,0.0,0.4375,1,P2_CV0,2,1,1,1,1,0,2,0,2
64,143248.9476,-1292343.898,Age0_F64_m3f3_P64_Y7_UO163,I3_F59_m3f3_P59_Y3_UO144,I3_F64_m-1f-1_P3_Y-1_U16,MXY,0,0.0,0,0,0.0,0,0,0,0.0,0.75,1,P2_CV0,2,1,1,2,0,0,2,0,2
64,143248.9476,-1292343.898,Age0_F64_m3f3_P64_Y7_UO165,I3_F59_m3f3_P59_Y2_UO170,I3_F59_m16f16_P59_Y3_UO902,MXY,0,0.0,0,0,0.0,0,0,0,0.0,0.375,1,P2_CV0,2,0,2,0,2,0,2,0,2
64,143248.9476,-1292343.898,Age0_F64_m3f3_P64_Y7_UO183,I3_F59_m17f17_P59_Y1_UO901,I3_F59_m17f17_P59_Y5_UO1031,MXY,0,0.0,0,0,0.0,0,0,0,0.0,0.625,1,P2_CV0,2,2,0,0,2,0,2,0,2
64,143248.9476,-1292343.898,Age0_F64_m3f3_P64_Y7_UO187,I3_F59_m16f16_P59_Y1_UO801,I3_F59_m3f3_P59_Y5_UO181,MXY,0,0.0,0,0,0.0,0,0,0,0.0,0.625,1,P2_CV0,2,1,1,1,1,0,2,0,2
64,143248.9476,-1292343.898,Age0_F64_m3f3_P64_Y7_UO193,I3_F59_m16f16_P59_Y0_UO941,I3_F59_m-1f-1_P3_Y-1_U25,MXY,0,0.0,0,0,0.0,0,0,0,0.0,0.5,1,P2_CV0,2,1,1,1,1,0,2,0,2
64,143248.9476,-1292343.898,Age0_F64_m3f3_P64_Y7_UO205,I3_F64_m-1f-1_P3_Y-1_U19,I3_F59_m-1f-1_P3_Y-1_U135,MXY,0,0.0,0,0,0.0,0,0,0,0.0,0.5,1,P2_CV0,2,1,1,0,2,0,2,0,2
64,143248.9476,-1292343.898,Age0_F64_m3f3_P64_Y7_UO208,ID3_F64_m-1f-1_P3_Y-1_U141,I3_F59_m-1f-1_P3_Y-1_U197,FXX,0,0.0,0,0,0.0,0,0,0,0.0,0.5,1,P2_CV0,2,0,2,0,2,0,2,0,2
64,143248.9476,-1292343.898,Age0_F64_m3f3_P64_Y7_UO210,I3_F59_m-1f-1_P3_Y-1_U0,I3_F59_m17f17_P59_Y5_UO1031,FXX,0,0.0,0,0,0.0,0,0,0,0.0,0.375,1,P2_CV0,2,1,1,1,1,0,2,0,2
64,143248.9476,-1292343.898,Age0_F64_m17f17_P64_Y7_UO937,ID17_F64_m3f3_P64_Y5_UO145,I17_F64_m79f79_P64_Y3_UO3532,MXY,0,0.0,0,0,0.0,0,0,0,0.0,0.59375,1,P2_CV0,2,2,0,1,1,0,2,0,2
64,143248.9476,-1292343.898,Age0_F64_m17f17_P64_Y7_UO943,I17_F64_m3f3_P64_Y5_UO171,I17_F64_m79f79_P64_Y5_UO3591,FXX,0,0.0,0,0,0.0,0,0,0,0.0,0.5,1,P2_CV0,2,1,1,1,1,0,2,0,2
64,143248.9476,-1292343.898,Age0_F64_m17f17_P64_Y7_UO945,I17_F64_m3f3_P64_Y5_UO116,I17_F59_m3f3_P64_Y3_UO160,FXX,0,0.0,0,0,0.0,0,0,0,0.0,0.40625,1,P2_CV0,2,0,2,0,2,0,2,0,2
64,143248.9476,-1292343.898,Age0_F64_m17f17_P64_Y7_UO958,I17_F64_m3f3_P59_Y4_UO121,I17_F64_m17f17_P64_Y3_UO1018,MXY,0,0.0,0,0,0.0,0,0,0,0.0,0.46875,1,P2_CV0,2,2,0,1,1,0,2,0,2
64,143248.9476,-1292343.898,Age0_F64_m17f17_P64_Y7_UO986,I17_F64_m95f95_P64_Y2_UO4539,ID17_F64_m3f3_P59_Y3_UO132,FXX,0,0.0,0,0,0.0,0,0,0,0.0,0.5,1,P2_CV0,2,2,0,1,1,0,2,0,2
64,143248.9476,-1292343.898,Age0_F64_m17f17_P64_Y7_UO987,I17_F59_m3f3_P64_Y1_UO122,I17_F64_m79f79_P64_Y5_UO3617,MXY,0,0.0,0,0,0.0,0,0,0,0.0,0.59375,1,P2_CV0,2,1,1,2,0,0,2,0,2
64,143248.9476,-1292343.898,Age0_F64_m17f17_P64_Y7_UO989,I17_F64_m79f79_P64_Y1_UO3449,ID17_F59_m3f3_P59_Y1_UO163,FXX,0,0.0,0,0,0.0,0,0,0,0.0,0.25,1,P2_CV0,2,0,2,2,0,0,2,0,2
64,143248.9476,-1292343.898,Age0_F64_m17f17_P64_Y7_UO994,I17_F64_m17f17_P64_Y1_UO970,ID17_F64_m3f3_P59_Y3_UO132,MXY,0,0.0,0,0,0.0,0,0,0,0.0,0.5,1,P2_CV0,2,1,1,2,0,0,2,0,2
64,143248.9476,-1292343.898,Age0_F64_m17f17_P64_Y7_UO1003,I17_F64_m-1f-1_P17_Y-1_U37,ID17_F59_m3f3_P59_Y1_UO163,MXY,0,0.0,0,0,0.0,0,0,0,0.0,0.375,1,P2_CV0,2,0,2,2,0,0,2,0,2
64,143248.9476,-1292343.898,Age0_F64_m79f79_P64_Y7_UO3565,I79_F64_m16f16_P59_Y5_UO943,I79_F59_m-1f-1_P3_Y-1_U205,MXY,0,0.0,0,0,0.0,0,0,0,0.0,0.875,1,P2_CV0,2,1,1,1,1,0,2,0,2
64,143248.9476,-1292343.898,Age0_F64_m79f79_P64_Y7_UO3573,I79_F59_m3f3_P59_Y5_UO196,I79_F64_m47f47_P64_Y1_UO2165,MXY,0,0.0,0,0,0.0,0,0,0,0.0,0.4375,1,P2_CV0,2,1,1,0,2,0,2,0,2
64,143248.9476,-1292343.898,Age0_F64_m79f79_P64_Y7_UO3585,I79_F59_m3f3_P59_Y5_UO155,ID79_F59_m-1f-1_P79_Y-1_U6,FXX,0,0.0,0,0,0.0,0,0,0,0.0,0.5625,1,P2_CV0,2,1,1,2,0,0,2,0,2
64,143248.9476,-1292343.898,Age0_F64_m79f79_P64_Y7_UO3589,I79_F64_m56f56_P59_Y4_UO2646,I79_F59_m3f3_P59_Y1_UO153,MXY,0,0.0,0,0,0.0,0,0,0,0.0,0.5625,1,P2_CV0,2,1,1,1,1,0,2,0,2
64,143248.9476,-1292343.898,Age0_F64_m79f79_P64_Y7_UO3592,I79_F64_m3f3_P64_Y4_UO132,I79_F59_m16f16_P59_Y4_UO905,FXX,0,0.0,0,0,0.0,0,0,0,0.0,0.4375,1,P2_CV0,2,1,1,2,0,0,2,0,2
64,143248.9476,-1292343.898,Age0_F64_m79f79_P64_Y7_UO3617,I79_F59_m56f56_P59_Y3_UO2679,I79_F59_m-1f-1_P17_Y-1_U123,MXY,0,0.0,0,0,0.0,0,0,0,0.0,0.75,1,P2_CV0,2,1,1,1,1,0,2,0,2
64,143248.9476,-1292343.898,Age0_F64_m79f79_P64_Y7_UO3623,I79_F59_m56f56_P59_Y3_UO2684,I79_F59_m-1f-1_P3_Y-1_U225,MXY,0,0.0,0,0,0.0,0,0,0,0.0,0.3125,1,P2_CV0,2,1,1,1,1,0,2,0,2
64,143248.9476,-1292343.898,Age0_F64_m79f79_P64_Y7_UO3625,I79_F59_m56f56_P59_Y3_UO2661,ID79_F64_m3f3_P64_Y2_UO105,FXX,0,0.0,0,0,0.0,0,0,0,0.0,0.375,1,P2_CV0,2,1,1,0,2,0,2,0,2
64,143248.9476,-1292343.898,Age0_F64_m79f79_P64_Y7_UO3657,I79_F59_m-1f-1_P3_Y-1_U77,I79_F59_m3f3_P59_Y1_UO120,MXY,0,0.0,0,0,0.0,0,0,0,0.0,0.875,1,P2_CV0,2,1,1,1,1,0,2,0,2
64,143248.9476,-1292343.898,Age0_F64_m79f79_P64_Y7_UO3670,I79_F59_m-1f-1_P17_Y-1_U208,I79_F64_m3f3_P64_Y3_UO166,MXY,0,0.0,0,0,0.0,0,0,0,0.0,0.5625,1,P2_CV0,2,2,0,1,1,0,2,0,2
64,143248.9476,-1292343.898,Age0_F64_m95f95_P64_Y7_UO4482,I95_F91_m79f79_P64_Y5_UO3587,ID95_F81_m17f17_P64_Y5_UO1017,MXY,0,0.0,0,0,0.0,0,0,0,0.0,0.4375,1,P2_CV0,2,1,1,1,1,0,2,0,2
64,143248.9476,-1292343.898,Age0_F64_m95f95_P64_Y7_UO4495,ID95_F64_m79f79_P59_Y5_UO3652,I95_F91_m17f17_P64_Y5_UO998,FXX,0,0.0,0,0,0.0,0,0,0,0.0,0.5625,1,P2_CV0,2,1,1,2,0,0,2,0,2
64,143248.9476,-1292343.898,Age0_F64_m95f95_P64_Y7_UO4504,I95_F64_m17f17_P64_Y4_UO953,I95_F64_m95f95_P64_Y5_UO4476,FXX,0,0.0,0,0,0.0,0,0,0,0.0,0.5,1,P2_CV0,2,1,1,1,1,0,2,0,2
64,143248.9476,-1292343.898,Age0_F64_m95f95_P64_Y7_UO4526,ID95_F64_m3f3_P59_Y1_UO152,ID95_F64_m79f79_P64_Y5_UO3635,FXX,0,0.0,0,0,0.0,0,0,0,0.0,0.375,1,P2_CV0,2,1,1,1,1,0,2,0,2
64,143248.9476,-1292343.898,E64_F3_m3f3_P59_Y6_UO162,I3_F59_m3f3_P59_Y2_UO170,I3_F59_m16f16_P59_Y0_UO969,MXY,1,0.0,1,1,0.0,0,0,0,-9999.0,0.375,1,P2_CV0,2,0,2,1,1,0,2,0,2
64,143248.9476,-1292343.898,E64_F3_m3f3_P59_Y6_UO171,I3_F64_m3f3_P59_Y2_UO101,I3_F64_m16f16_P59_Y4_UO899,FXX,1,0.0,1,1,1.0,0,0,0,-9999.0,0.4375,1,P2_CV0,2,1,1,2,0,0,2,0,2
64,143248.9476,-1292343.898,E64_F3_m3f3_P59_Y6_UO209,I3_F59_m-1f-1_P3_Y-1_U0,I3_F64_m-1f-1_P3_Y-1_U25,FXX,1,0.0,1,1,1.0,0,0,0,-9999.0,0.5,1,P2_CV0,2,1,1,2,0,0,2,0,2
64,143248.9476,-1292343.898,E64_F3_m56f56_P59_Y6_UO2701,I56_F59_m3f3_P59_Y0_UO132,I56_F59_m3f3_P59_Y4_UO171,FXX,1,0.0,1,1,1.0,0,0,0,-9999.0,0.6875,1,P2_CV0,2,2,0,1,1,0,2,0,2
64,143248.9476,-1292343.898,E64_F3_m3f3_P64_Y6_UO207,ID3_F59_m-1f-1_P3_Y-1_U141,I3_F59_m56f56_P59_Y4_UO2620,MXY,1,0.0,1,1,0.0,0,0,0,-9999.0,0.3125,1,P2_CV0,2,0,2,0,2,0,2,0,2
64,143248.9476,-1292343.898,E64_F17_m3f3_P59_Y6_UO119,I3_F59_m79f79_P59_Y4_UO3620,I3_F59_m3f3_P59_Y4_UO182,MXY,1,0.0,1,1,0.0,0,0,0,-9999.0,0.25,1,P2_CV0,2,0,2,2,0,0,2,0,2
64,143248.9476,-1292343.898,E64_F17_m3f3_P59_Y6_UO151,I3_F59_m17f17_P64_Y3_UO958,I3_F64_m3f3_P59_Y3_UO148,FXX,1,0.0,1,1,1.0,0,0,0,-9999.0,0.75,1,P2_CV0,2,2,0,1,1,0,2,0,2
64,143248.9476,-1292343.898,E64_F17_m3f3_P59_Y6_UO210,I3_F59_m-1f-1_P3_Y-1_U145,I3_F59_m-1f-1_P3_Y-1_U75,FXX,1,0.0,1,1,1.0,0,0,0,-9999.0,0.0,1,P2_CV0,2,0,2,2,0,0,2,0,2
64,143248.9476,-1292343.898,E64_F17_m3f3_P64_Y6_UO159,ID3_F59_m3f3_P59_Y2_UO153,I3_F59_m17f17_P64_Y3_UO1019,MXY,1,0.0,1,1,0.0,0,0,0,-9999.0,0.4375,1,P2_CV0,2,0,2,1,1,0,2,0,2
64,143248.9476,-1292343.898,E64_F17_m3f3_P64_Y6_UO179,I3_F59_m16f16_P59_Y1_UO882,I3_F59_m-1f-1_P3_Y-1_U219,MXY,1,0.0,1,1,0.0,0,0,0,-9999.0,0.75,1,P2_CV0,2,2,0,1,1,0,2,0,2
64,143248.9476,-1292343.898,E64_F17_m3f3_P64_Y6_UO205,I3_F64_m-1f-1_P3_Y-1_U19,I3_F59_m-1f-1_P3_Y-1_U37,FXX,1,0.0,1,1,1.0,0,0,0,-9999.0,0.25,1,P2_CV0,2,0,2,1,1,0,2,0,2
64,143248.9476,-1292343.898,E64_F17_m17f17_P64_Y6_UO974,I17_F59_m3f3_P64_Y3_UO96,I17_F64_m-1f-1_P17_Y-1_U161,FXX,1,0.0,1,1,1.0,0,0,0,-9999.0,0.4375,1,P2_CV0,2,1,1,2,0,0,2,0,2
64,143248.9476,-1292343.898,E64_F17_m17f17_P64_Y6_UO984,I17_F64_m3f3_P64_Y2_UO140,I17_F59_m17f17_P64_Y1_UO980,MXY,1,0.0,1,1,0.0,0,0,0,-9999.0,0.75,1,P2_CV0,2,2,0,1,1,0,2,0,2
64,143248.9476,-1292343.898,E64_F17_m17f17_P64_Y6_UO1022,I17_F64_m-1f-1_P17_Y-1_U29,I17_F64_m3f3_P64_Y2_UO105,MXY,1,0.0,1,1,0.0,0,0,0,-9999.0,0.625,1,P2_CV0,2,1,1,0,2,0,2,0,2
64,143248.9476,-1292343.898,E64_F17_m17f17_P64_Y6_UO1033,I17_F64_m-1f-1_P95_Y-1_U187,I17_F64_m3f3_P64_Y4_UO165,MXY,1,0.0,1,1,0.0,0,0,0,-9999.0,0.625,1,P2_CV0,2,2,0,1,1,0,2,0,2
64,143248.9476,-1292343.898,E64_F17_m79f79_P64_Y6_UO3583,I79_F64_m56f56_P59_Y4_UO2646,I79_F59_m16f16_P59_Y3_UO850,FXX,1,0.0,1,1,1.0,0,0,0,-9999.0,0.5625,1,P2_CV0,2,1,1,2,0,0,2,0,2
64,143248.9476,-1292343.898,E64_F17_m79f79_P64_Y6_UO3612,ID79_F59_m17f17_P64_Y3_UO964,I79_F59_m79f79_P59_Y2_UO3577,MXY,1,0.0,1,1,0.0,0,0,0,-9999.0,0.5,1,P2_CV0,2,1,1,0,2,0,2,0,2
64,143248.9476,-1292343.898,E64_F17_m95f95_P64_Y6_UO4510,I95_F64_m17f17_P64_Y4_UO953,I95_F64_m-1f-1_P17_Y-1_U42,FXX,1,0.0,1,1,1.0,0,0,0,-9999.0,0.5625,1,P2_CV0,2,0,2,2,0,0,2,0,2
64,143248.9476,-1292343.898,E64_F79_m3f3_P59_Y6_UO150,I3_F59_m3f3_P59_Y3_UO175,I3_F59_m3f3_P59_Y4_UO182,MXY,1,0.0,1,1,0.0,0,0,0,-9999.0,0.3125,1,P2_CV0,2,0,2,1,1,0,2,0,2
64,143248.9476,-1292343.898,E64_F79_m79f79_P59_Y6_UO3666,I79_F64_m95f95_P64_Y1_UO4277,ID79_F59_m3f3_P59_Y3_UO149,MXY,1,0.0,1,1,0.0,0,0,0,-9999.0,0.75,1,P2_CV0,2,1,1,0,2,0,2,0,2
64,143248.9476,-1292343.898,E64_F79_m3f3_P59_Y6_UO130,I3_F59_m16f16_P59_Y4_UO929,I3_F59_m3f3_P59_Y4_UO182,FXX,1,0.0,1,1,1.0,0,0,0,-9999.0,0.5,1,P2_CV0,2,1,1,0,2,0,2,0,2
64,143248.9476,-1292343.898,E64_F79_m79f79_P59_Y6_UO3689,I79_F64_m-1f-1_P17_Y-1_U208,I79_F59_m79f79_P59_Y2_UO3577,FXX,1,0.0,1,1,1.0,0,0,0,-9999.0,0.5,1,P2_CV0,2,1,1,1,1,0,2,0,2
64,143248.9476,-1292343.898,E64_F79_m3f3_P59_Y6_UO131,I3_F59_m16f16_P59_Y4_UO911,I3_F59_m-1f-1_P3_Y-1_U75,FXX,1,0.0,1,1,1.0,0,0,0,-9999.0,0.375,1,P2_CV0,2,0,2,2,0,0,2,0,2
64,143248.9476,-1292343.898,E64_F79_m17f17_P64_Y6_UO991,I17_F64_m79f79_P64_Y1_UO3449,I17_F64_m3f3_P64_Y2_UO105,MXY,1,0.0,1,1,0.0,0,0,0,-9999.0,0.5,1,P2_CV0,2,1,1,1,1,0,2,0,2
64,143248.9476,-1292343.898,E64_F79_m3f3_P59_Y6_UO195,ID3_F59_m-1f-1_P17_Y-1_U74,I3_F59_m3f3_P59_Y4_UO116,MXY,1,0.0,1,1,0.0,0,0,0,-9999.0,0.4375,1,P2_CV0,2,2,0,0,2,0,2,0,2
64,143248.9476,-1292343.898,E64_F79_m3f3_P59_Y6_UO161,ID3_F64_m3f3_P59_Y2_UO178,I3_F59_m3f3_P59_Y4_UO152,FXX,1,0.0,1,1,1.0,0,0,0,-9999.0,0.25,1,P2_CV0,2,0,2,2,0,0,2,0,2
64,143248.9476,-1292343.898,E64_F79_m3f3_P59_Y6_UO174,I3_F59_m3f3_P59_Y1_UO110,I3_F59_m-1f-1_P3_Y-1_U88,FXX,1,0.0,1,1,1.0,0,0,0,-9999.0,0.375,1,P2_CV0,2,0,2,2,0,0,2,0,2
64,143248.9476,-1292343.898,E64_F79_m56f56_P59_Y6_UO2687,I56_F59_m16f16_P59_Y2_UO849,ID56_F59_m3f3_P59_Y0_UO139,MXY,1,0.0,1,1,0.0,0,0,0,-9999.0,0.25,1,P2_CV0,2,0,2,1,1,0,2,0,2
64,143248.9476,-1292343.898,E64_F95_m3f3_P64_Y6_UO147,I3_F64_m56f56_P59_Y3_UO2635,I3_F64_m56f56_P59_Y2_UO2664,FXX,1,0.0,1,1,1.0,0,0,0,-9999.0,0.8125,1,P2_CV0,2,1,1,0,2,0,2,0,2
64,143248.9476,-1292343.898,E64_F95_m3f3_P64_Y6_UO202,I3_F59_m-1f-1_P3_Y-1_U107,I3_F59_m17f17_P64_Y4_UO1025,MXY,1,0.0,1,1,0.0,0,0,0,-9999.0,0.375,1,P2_CV0,2,1,1,1,1,0,2,0,2
64,143248.9476,-1292343.898,E64_F95_m79f79_P64_Y6_UO3679,I79_F64_m-1f-1_P79_Y-1_U132,I79_F59_m79f79_P59_Y2_UO3577,FXX,1,0.0,1,1,1.0,0,0,0,-9999.0,0.75,1,P2_CV0,2,2,0,1,1,0,2,0,2
64,143248.9476,-1292343.898,E64_F3_m56f56_P59_Y5_UO2650,I56_F59_m3f3_P59_Y2_UO154,ID56_F59_m16f16_P59_Y3_UO883,FXX,2,0.0,1,0,1.0,0,0,0,-9999.0,0.5,1,P2_CV0,2,1,1,2,0,0,2,0,2
64,143248.9476,-1292343.898,E64_F3_m3f3_P59_Y5_UO187,I3_F59_m-1f-1_P3_Y-1_U107,I3_F59_m56f56_P59_Y2_UO2664,MXY,2,0.0,1,0,0.0,0,0,0,-9999.0,0.5,1,P2_CV0,2,1,1,1,1,0,2,0,2
64,143248.9476,-1292343.898,E64_F3_m3f3_P59_Y5_UO181,I3_F59_m16f16_P59_Y0_UO941,I3_F64_m-1f-1_P3_Y-1_U219,MXY,2,0.0,1,0,0.0,0,0,0,-9999.0,0.5,1,P2_CV0,2,1,1,2,0,0,2,0,2
64,143248.9476,-1292343.898,E64_F3_m3f3_P59_Y5_UO177,ID3_F59_m3f3_P59_Y0_UO165,I3_F59_m-1f-1_P3_Y-1_U61,FXX,2,0.0,1,0,1.0,0,0,0,-9999.0,0.625,1,P2_CV0,2,2,0,2,0,0,2,0,2
64,143248.9476,-1292343.898,E64_F3_m3f3_P59_Y5_UO109,ID3_F59_m79f79_P59_Y3_UO3630,I3_F59_m-1f-1_P3_Y-1_U42,FXX,2,0.0,1,0,1.0,0,0,0,-9999.0,0.5,1,P2_CV0,2,1,1,0,2,0,2,0,2
64,143248.9476,-1292343.898,E64_F3_m17f17_P59_Y5_UO968,I17_F64_m79f79_P64_Y2_UO3596,I17_F64_m17f17_P64_Y2_UO965,FXX,2,0.0,1,0,1.0,0,0,0,-9999.0,0.5,1,P2_CV0,2,1,1,2,0,0,2,0,2
64,143248.9476,-1292343.898,E64_F3_m3f3_P59_Y5_UO150,I3_F59_m79f79_P64_Y2_UO3561,I3_F64_m3f3_P59_Y0_UO119,MXY,2,0.0,1,0,0.0,0,0,0,-9999.0,0.25,1,P2_CV0,2,0,2,1,1,0,2,0,2
64,143248.9476,-1292343.898,E64_F17_m3f3_P64_Y5_UO145,ID3_F59_m3f3_P59_Y2_UO101,ID3_F64_m56f56_P59_Y0_UO2924,FXX,2,0.0,1,0,1.0,0,0,0,-9999.0,0.5625,1,P2_CV0,2,2,0,2,0,0,2,0,2
64,143248.9476,-1292343.898,E64_F17_m3f3_P59_Y5_UO110,I3_F59_m79f79_P59_Y3_UO3568,ID3_F59_m56f56_P59_Y3_UO2668,MXY,2,0.0,1,0,0.0,0,0,0,-9999.0,0.25,1,P2_CV0,2,1,1,1,1,0,2,0,2
64,143248.9476,-1292343.898,E64_F17_m3f3_P64_Y5_UO171,ID3_F59_m3f3_P59_Y0_UO134,I3_F59_m-1f-1_P3_Y-1_U185,FXX,2,0.0,1,0,1.0,0,0,0,-9999.0,0.625,1,P2_CV0,2,2,0,2,0,0,2,0,2
64,143248.9476,-1292343.898,E64_F17_m3f3_P64_Y5_UO116,I3_F64_m56f56_P59_Y3_UO2635,I3_F59_m3f3_P64_Y1_UO156,FXX,2,0.0,1,0,1.0,0,0,0,-9999.0,0.3125,1,P2_CV0,2,0,2,0,2,0,2,0,2
64,143248.9476,-1292343.898,E64_F17_m79f79_P64_Y5_UO3617,I79_F59_m79f79_P59_Y1_UO3410,I79_F59_m3f3_P59_Y3_UO142,MXY,2,0.0,1,0,0.0,0,0,0,-9999.0,0.1875,1,P2_CV0,2,0,2,1,1,0,2,0,2
64,143248.9476,-1292343.898,E64_F47_m79f79_P64_Y5_UO3634,I79_F64_m-1f-1_P3_Y-1_U76,ID79_F59_m47f47_P64_Y2_UO2354,FXX,2,0.0,1,0,1.0,0,0,0,-9999.0,0.75,1,P2_CV0,2,2,0,1,1,0,2,0,2
64,143248.9476,-1292343.898,E64_F79_m3f3_P59_Y5_UO196,I3_F59_m-1f-1_P3_Y-1_U90,I3_F59_m56f56_P59_Y1_UO2545,FXX,2,0.0,1,0,1.0,0,0,0,-9999.0,0.625,1,P2_CV0,2,2,0,1,1,0,2,0,2
64,143248.9476,-1292343.898,E64_F79_m3f3_P59_Y5_UO155,I3_F64_m3f3_P59_Y2_UO115,ID3_F59_m16f16_P59_Y3_UO874,FXX,2,0.0,1,0,1.0,0,0,0,-9999.0,0.625,1,P2_CV0,2,2,0,2,0,0,2,0,2
64,143248.9476,-1292343.898,E64_F95_m79f79_P64_Y5_UO3587,I79_F64_m3f3_P59_Y2_UO178,ID79_F64_m79f79_P64_Y2_UO3587,FXX,2,0.0,1,0,1.0,0,0,0,-9999.0,0.375,1,P2_CV0,2,1,1,2,0,0,2,0,2
64,143248.9476,-1292343.898,E64_F3_m79f79_P64_Y4_UO3544,I79_F59_m79f79_P59_Y2_UO3565,I79_F59_m56f56_P59_Y0_UO2835,FXX,3,0.0,1,0,1.0,0,0,0,-9999.0,0.375,1,P2_CV0,2,1,1,1,1,0,2,0,2
64,143248.9476,-1292343.898,E64_F3_m56f56_P59_Y4_UO2688,I56_F59_m-1f-1_P56_Y-1_U93,I56_F59_m-1f-1_P3_Y-1_U208,FXX,3,0.0,1,0,1.0,0,0,0,-9999.0,0.5,1,P2_CV0,2,1,1,1,1,0,2,0,2
64,143248.9476,-1292343.898,E64_F17_m3f3_P59_Y4_UO121,I3_F59_m3f3_P59_Y2_UO101,ID3_F64_m-1f-1_P3_Y-1_U71,FXX,3,0.0,1,0,1.0,0,0,0,-9999.0,0.4375,1,P2_CV0,2,1,1,2,0,0,2,0,2
64,143248.9476,-1292343.898,E64_F17_m3f3_P64_Y4_UO165,I3_F59_m3f3_P59_Y0_UO128,I3_F59_m79f79_P59_Y1_UO3423,MXY,3,0.0,1,0,0.0,0,0,0,-9999.0,0.25,1,P2_CV0,2,2,0,1,1,0,2,0,2
64,143248.9476,-1292343.898,E64_F17_m79f79_P64_Y4_UO3536,I79_F64_m3f3_P59_Y2_UO173,ID79_F64_m17f17_P64_Y2_UO993,FXX,3,0.0,1,0,1.0,0,0,0,-9999.0,0.25,1,P2_CV0,2,0,2,0,2,0,2,0,2
64,143248.9476,-1292343.898,E64_F79_m56f56_P59_Y4_UO2646,I56_F59_m3f3_P59_Y0_UO98,ID56_F59_m3f3_P59_Y2_UO168,FXX,3,0.0,1,0,1.0,0,0,0,-9999.0,0.375,1,P2_CV0,2,0,2,1,1,0,2,0,2
64,143248.9476,-1292343.898,E64_F79_m3f3_P64_Y4_UO132,I3_F59_m17f17_P59_Y1_UO888,I3_F64_m-1f-1_P3_Y-1_U88,FXX,3,0.0,1,0,1.0,0,0,0,-9999.0,0.375,1,P2_CV0,2,0,2,1,1,0,2,0,2
64,143248.9476,-1292343.898,E64_F95_m17f17_P64_Y4_UO953,I17_F59_m79f79_P64_Y2_UO3596,I17_F59_m17f17_P64_Y0_UO1108,FXX,3,0.0,1,0,1.0,0,0,0,-9999.0,0.625,1,P2_CV0,2,1,1,1,1,0,2,0,2
64,143248.9476,-1292343.898,E64_F95_m3f3_P64_Y4_UO157,ID3_F59_m3f3_P59_Y0_UO180,I3_F59_m-1f-1_P3_Y-1_U75,MXY,3,0.0,1,0,0.0,0,0,0,-9999.0,0.25,1,P2_CV0,2,1,1,1,1,0,2,0,2
64,143248.9476,-1292343.898,E64_F3_m56f56_P59_Y3_UO2616,I56_F59_m3f3_P59_Y1_UO91,ID56_F59_m56f56_P59_Y1_UO2561,MXY,4,0.0,1,0,0.0,0,0,0,-9999.0,0.875,1,P2_CV0,2,2,0,2,0,0,2,0,2
64,143248.9476,-1292343.898,E64_F3_m3f3_P59_Y3_UO144,I3_F59_m-1f-1_P79_Y-1_U10,I3_F59_m-1f-1_P3_Y-1_U72,FXX,4,0.0,1,0,1.0,0,0,0,-9999.0,0.5,1,P2_CV0,2,0,2,1,1,0,2,0,2
64,143248.9476,-1292343.898,E64_F17_m3f3_P64_Y3_UO181,I3_F59_m-1f-1_P3_Y-1_U149,ID3_F64_m-1f-1_P3_Y-1_U111,MXY,4,0.0,1,0,0.0,0,0,0,-9999.0,0.5,1,P2_CV0,2,1,1,1,1,0,2,0,2
64,143248.9476,-1292343.898,E64_F17_m3f3_P59_Y3_UO132,I3_F64_m16f16_P59_Y0_UO937,I3_F64_m-1f-1_P3_Y-1_U88,MXY,4,0.0,1,0,0.0,0,0,0,-9999.0,0.5,1,P2_CV0,2,1,1,1,1,0,2,0,2
64,143248.9476,-1292343.898,E64_F17_m17f17_P64_Y3_UO946,I17_F64_m3f3_P59_Y1_UO124,I17_F64_m17f17_P64_Y1_UO889,MXY,4,0.0,1,0,0.0,0,0,0,-9999.0,0.375,1,P2_CV0,2,0,2,0,2,0,2,0,2
64,143248.9476,-1292343.898,E64_F17_m3f3_P64_Y3_UO160,I3_F59_m-1f-1_P3_Y-1_U170,I3_F59_m-1f-1_P3_Y-1_U177,MXY,4,0.0,1,0,0.0,0,0,0,-9999.0,0.5,1,P2_CV0,2,1,1,1,1,0,2,0,2
64,143248.9476,-1292343.898,E64_F79_m56f56_P59_Y3_UO2679,I56_F59_m-1f-1_P3_Y-1_U21,I56_F59_m-1f-1_P56_Y-1_U98,FXX,4,0.0,1,0,1.0,0,0,0,-9999.0,1.0,1,P2_CV0,2,2,0,1,1,0,2,0,2
64,143248.9476,-1292343.898,E64_F79_m16f16_P59_Y3_UO850,ID16_F59_m79f79_P59_Y1_UO3382,I16_F59_m3f3_P59_Y0_UO178,MXY,4,0.0,1,0,0.0,0,0,0,-9999.0,0.75,1,P2_CV0,2,2,0,2,0,0,2,0,2
64,143248.9476,-1292343.898,E64_F3_m3f3_P59_Y2_UO170,ID3_F59_m-1f-1_P3_Y-1_U104,I3_F59_m-1f-1_P3_Y-1_U177,FXX,5,0.0,1,0,1.0,0,0,0,-9999.0,0.25,1,P2_CV0,2,0,2,0,2,0,2,0,2
64,143248.9476,-1292343.898,E64_F3_m3f3_P59_Y2_UO101,I3_F64_m17f17_P64_Y0_UO1037,ID3_F59_m-1f-1_P3_Y-1_U228,FXX,5,0.0,1,0,1.0,0,0,0,-9999.0,0.375,1,P2_CV0,2,1,1,2,0,0,2,0,2
64,143248.9476,-1292343.898,E64_F17_m3f3_P59_Y2_UO152,I3_F59_m-1f-1_P3_Y-1_U107,I3_F59_m3f3_P59_Y0_UO171,MXY,5,0.0,1,0,0.0,0,0,0,-9999.0,0.375,1,P2_CV0,2,1,1,1,1,0,2,0,2
64,143248.9476,-1292343.898,E64_F17_m3f3_P64_Y2_UO123,ID3_F59_m3f3_P59_Y0_UO165,ID3_F59_m3f3_P59_Y0_UO119,FXX,5,0.0,1,0,1.0,0,0,0,-9999.0,0.625,1,P2_CV0,2,1,1,1,1,0,2,0,2
64,143248.9476,-1292343.898,E64_F17_m3f3_P64_Y2_UO140,ID3_F59_m-1f-1_P3_Y-1_U210,I3_F59_m-1f-1_P3_Y-1_U95,FXX,5,0.0,1,0,1.0,0,0,0,-9999.0,0.75,1,P2_CV0,2,2,0,0,2,0,2,0,2
64,143248.9476,-1292343.898,E64_F79_m3f3_P59_Y2_UO185,I3_F59_m-1f-1_P3_Y-1_U149,I3_F59_m-1f-1_P3_Y-1_U208,MXY,5,0.0,1,0,0.0,0,0,0,-9999.0,1.0,1,P2_CV0,2,2,0,1,1,0,2,0,2
64,143248.9476,-1292343.898,E64_F79_m3f3_P64_Y2_UO105,I3_F59_m56f56_P59_Y0_UO2926,I3_F59_m-1f-1_P3_Y-1_U161,MXY,5,0.0,1,0,0.0,0,0,0,-9999.0,0.75,1,P2_CV0,2,2,0,1,1,0,2,0,2
64,143248.9476,-1292343.898,E64_F17_m3f3_P64_Y1_UO122,I3_F59_m-1f-1_P3_Y-1_U239,ID3_F64_m-1f-1_P3_Y-1_U161,FXX,6,0.0,1,0,1.0,0,0,0,-9999.0,1.0,1,P2_CV0,2,2,0,1,1,0,2,0,2
64,143248.9476,-1292343.898,E64_F17_m3f3_P59_Y1_UO113,I3_F59_m-1f-1_P3_Y-1_U210,ID3_F59_m-1f-1_P3_Y-1_U17,MXY,6,0.0,1,0,0.0,0,0,0,-9999.0,1.0,1,P2_CV0,2,2,0,1,1,0,2,0,2
64,143248.9476,-1292343.898,E64_F17_m3f3_P59_Y1_UO163,I3_F59_m-1f-1_P3_Y-1_U223,I3_F59_m-1f-1_P3_Y-1_U136,MXY,6,0.0,1,0,0.0,0,0,0,-9999.0,0.25,1,P2_CV0,2,1,1,1,1,0,2,0,2
64,143248.9476,-1292343.898,E64_F79_m3f3_P59_Y1_UO172,I3_F59_m-1f-1_P3_Y-1_U50,I3_F59_m-1f-1_P3_Y-1_U95,MXY,6,0.0,1,0,0.0,0,0,0,-9999.0,0.75,1,P2_CV0,2,1,1,1,1,0,2,0,2
64,143248.9476,-1292343.898,E64_F95_m3f3_P59_Y1_UO152,I3_F59_m-1f-1_P3_Y-1_U32,I3_F59_m-1f-1_P3_Y-1_U246,FXX,6,0.0,1,0,1.0,0,0,0,-9999.0,0.25,1,P2_CV0,2,0,2,1,1,0,2,0,2
64,143248.9476,-1292343.898,E64_F3_m3f3_P59_Y0_UO151,R3_F3_m-1f-1_P3_Y-1_U143,R3_F3_m-1f-1_P3_Y-1_U247,MXY,7,0.0,1,0,0.0,0,0,0,-9999.0,0.5,1,P2_CV0,2,2,0,0,2,0,2,0,2
64,143248.9476,-1292343.898,E64_F3_m3f3_P59_Y0_UO180,R3_F3_m-1f-1_P3_Y-1_U215,R3_F3_m-1f-1_P3_Y-1_U97,FXX,7,0.0,1,0,1.0,0,0,0,-9999.0,0.5,1,P2_CV0,2,2,0,1,1,0,2,0,2
64,143248.9476,-1292343.898,E64_F17_m3f3_P59_Y0_UO116,R3_F3_m-1f-1_P3_Y-1_U54,R3_F3_m-1f-1_P3_Y-1_U35,FXX,7,0.0,1,0,1.0,0,0,0,-9999.0,0.75,1,P2_CV0,2,1,1,0,2,0,2,0,2
64,143248.9476,-1292343.898,E64_F79_m3f3_P59_Y0_UO164,R3_F3_m-1f-1_P3_Y-1_U183,R3_F3_m-1f-1_P3_Y-1_U175,MXY,7,0.0,1,0,0.0,0,0,0,-9999.0,0.5,1,P2_CV0,2,1,1,2,0,0,2,0,2
64,143248.9476,-1292343.898,E64_F3_m-1f-1_P3_Y-1_U16,-9999,-9999,MXY,8,0.0,1,0,0.0,0,0,0,-9999.0,1.0,1,P2_CV0,2,2,0,2,0,0,2,0,2
64,143248.9476,-1292343.898,E64_F3_m-1f-1_P3_Y-1_U219,-9999,-9999,MXY,8,0.0,1,0,0.0,0,0,0,-9999.0,1.0,1,P2_CV0,2,2,0,2,0,0,2,0,2
64,143248.9476,-1292343.898,E64_F79_m-1f-1_P3_Y-1_U77,-9999,-9999,FXX,8,0.0,1,0,1.0,0,0,0,-9999.0,1.0,1,P2_CV0,2,2,0,1,1,0,2,0,2
64,143248.9476,-1292343.898,E64_F79_m-1f-1_P3_Y-1_U225,-9999,-9999,MXY,8,0.0,1,0,0.0,0,0,0,-9999.0,0.0,1,P2_CV0,2,0,2,1,1,0,2,0,2
64,143248.9476,-1292343.898,E64_F3_m-1f-1_P3_Y-1_U201,-9999,-9999,FXX,9,0.0,1,0,1.0,0,0,0,-9999.0,0.5,1,P2_CV0,2,1,1,1,1,0,2,0,2
64,143248.9476,-1292343.898,E64_F3_m-1f-1_P3_Y-1_U111,-9999,-9999,MXY,9,0.0,1,0,0.0,0,0,0,-9999.0,0.0,1,P2_CV0,2,0,2,1,1,0,2,0,2
64,143248.9476,-1292343.898,E64_F3_m-1f-1_P3_Y-1_U137,-9999,-9999,FXX,10,0.0,1,0,1.0,0,0,0,-9999.0,1.0,1,P2_CV0,2,2,0,1,1,0,2,0,2
64,143248.9476,-1292343.898,E64_F3_m-1f-1_P3_Y-1_U19,-9999,-9999,FXX,11,0.0,1,0,1.0,0,0,0,-9999.0,0.5,1,P2_CV0,2,1,1,1,1,0,2,0,2
64,143248.9476,-1292343.898,E64_F3_m-1f-1_P3_Y-1_U141,-9999,-9999,FXX,12,0.0,1,0,1.0,0,0,0,-9999.0,0.5,1,P2_CV0,2,1,1,1,1,0,2,0,2
64,143248.9476,-1292343.898,E64_F3_m-1f-1_P3_Y-1_U217,-9999,-9999,MXY,12,0.0,1,0,0.0,0,0,0,-9999.0,0.5,1,P2_CV0,2,1,1,0,2,0,2,0,2
64,143248.9476,-1292343.898,E64_F3_m-1f-1_P3_Y-1_U0,-9999,-9999,FXX,13,0.0,1,0,1.0,0,0,0,-9999.0,0.0,1,P2_CV0,2,0,2,1,1,0,2,0,2
64,143248.9476,-1292343.898,E64_F79_m-1f-1_P3_Y-1_U103,-9999,-9999,MXY,13,0.0,1,0,0.0,0,0,0,-9999.0,0.5,1,P2_CV0,2,1,1,0,2,0,2,0,2
64,143248.9476,-1292343.898,E64_F3_m-1f-1_P3_Y-1_U145,-9999,-9999,FXX,14,0.0,1,0,1.0,0,0,0,-9999.0,0.0,1,P2_CV0,2,0,2,2,0,0,2,0,2
64,143248.9476,-1292343.898,E64_F79_m-1f-1_P3_Y-1_U91,-9999,-9999,FXX,14,0.0,1,0,1.0,0,0,0,-9999.0,0.5,1,P2_CV0,2,1,1,1,1,0,2,0,2
64,143248.9476,-1292343.898,E64_F95_m94f94_P91_Y6_UO4493,I94_F81_m-1f-1_P58_Y-1_U145,ID94_F27_m40f40_P6_Y2_UO1914,MXY,1,0.0,1,1,0.0,0,0,0,-9999.0,0.375,1,P39_CV0,2,0,2,0,2,0,2,0,2
64,143248.9476,-1292343.898,Age0_F64_m95f95_P64_Y7_UO4535,I95_F91_m-1f-1_P17_Y-1_U217,I95_F64_m94f94_P91_Y2_UO4420,MXY,0,0.0,0,0,0.0,0,0,0,0.0,0.25,1,P41_CV0,2,0,2,2,0,0,2,0,2
64,143248.9476,-1292343.898,Age0_F64_m3f3_P64_Y7_UO153,I3_F64_m17f17_P64_Y4_UO1034,ID3_F59_m17f17_P64_Y2_UO943,MXY,0,0.0,0,0,0.0,0,0,0,0.0,0.5,1,P46_CV0,2,2,0,2,0,0,2,0,2
64,143248.9476,-1292343.898,Age0_F64_m3f3_P64_Y7_UO161,I3_F59_m47f47_P64_Y3_UO2324,ID3_F59_m3f3_P59_Y4_UO107,FXX,0,0.0,0,0,0.0,0,0,0,0.0,0.28125,1,P46_CV0,2,0,2,1,1,0,2,0,2
64,143248.9476,-1292343.898,Age0_F64_m17f17_P64_Y7_UO951,I17_F64_m47f47_P64_Y5_UO2343,I17_F64_m95f95_P64_Y5_UO4491,FXX,0,0.0,0,0,0.0,0,0,0,0.0,0.3125,1,P46_CV0,2,0,2,2,0,0,2,0,2
64,143248.9476,-1292343.898,Age0_F64_m17f17_P64_Y7_UO973,I17_F64_m47f47_P64_Y3_UO2344,I17_F64_m79f79_P64_Y3_UO3532,MXY,0,0.0,0,0,0.0,0,0,0,0.0,0.5625,1,P46_CV0,2,0,2,1,1,0,2,0,2
64,143248.9476,-1292343.898,Age0_F64_m17f17_P64_Y7_UO999,I17_F64_m47f47_P64_Y0_UO2433,I17_F64_m-1f-1_P95_Y-1_U103,MXY,0,0.0,0,0,0.0,0,0,0,0.0,0.75,1,P46_CV0,2,1,1,2,0,0,2,0,2
64,143248.9476,-1292343.898,Age0_F64_m17f17_P64_Y7_UO1004,ID17_F64_m-1f-1_P47_Y-1_U221,I17_F64_m17f17_P64_Y3_UO977,FXX,0,0.0,0,0,0.0,0,0,0,0.0,0.125,1,P46_CV0,2,0,2,2,0,0,2,0,2
64,143248.9476,-1292343.898,Age0_F64_m47f47_P64_Y7_UO2361,ID47_F64_m79f79_P64_Y5_UO3634,ID47_F81_m47f47_P64_Y0_UO2507,MXY,0,0.0,0,0,0.0,0,0,0,0.0,0.5,1,P46_CV0,2,1,1,1,1,0,2,0,2
64,143248.9476,-1292343.898,Age0_F64_m47f47_P64_Y7_UO2370,I47_F64_m-1f-1_P47_Y-1_U7,I47_F81_m16f16_P59_Y2_UO916,FXX,0,0.0,0,0,0.0,0,0,0,0.0,0.6875,1,P46_CV0,2,2,0,2,0,0,2,0,2
64,143248.9476,-1292343.898,Age0_F64_m47f47_P64_Y7_UO2374,ID47_F64_m-1f-1_P47_Y-1_U193,I47_F59_m-1f-1_P47_Y-1_U3,MXY,0,0.0,0,0,0.0,0,0,0,0.0,0.5,1,P46_CV0,2,1,1,1,1,0,2,0,2
64,143248.9476,-1292343.898,Age0_F64_m47f47_P64_Y7_UO2375,I47_F81_m-1f-1_P47_Y-1_U153,I47_F81_m-1f-1_P47_Y-1_U0,FXX,0,0.0,0,0,0.0,0,0,0,0.0,0.5,1,P46_CV0,2,1,1,0,2,0,2,0,2
64,143248.9476,-1292343.898,Age0_F64_m47f47_P64_Y7_UO2383,ID47_F81_m-1f-1_P47_Y-1_U249,I47_F81_m16f16_P59_Y2_UO916,MXY,0,0.0,0,0,0.0,0,0,0,0.0,0.4375,1,P46_CV0,2,2,0,2,0,0,2,0,2
64,143248.9476,-1292343.898,Age0_F64_m47f47_P64_Y7_UO2387,ID47_F81_m-1f-1_P47_Y-1_U212,I47_F81_m-1f-1_P47_Y-1_U184,FXX,0,0.0,0,0,0.0,0,0,0,0.0,0.5,1,P46_CV0,2,1,1,2,0,0,2,0,2
64,143248.9476,-1292343.898,Age0_F64_m47f47_P64_Y7_UO2391,I47_F81_m-1f-1_P47_Y-1_U86,I47_F81_m-1f-1_P47_Y-1_U199,FXX,0,0.0,0,0,0.0,0,0,0,0.0,0.5,1,P46_CV0,2,1,1,1,1,0,2,0,2
64,143248.9476,-1292343.898,Age0_F64_m47f47_P64_Y7_UO2395,ID47_F64_m-1f-1_P17_Y-1_U184,I47_F81_m-1f-1_P47_Y-1_U89,MXY,0,0.0,0,0,0.0,0,0,0,0.0,0.75,1,P46_CV0,2,1,1,1,1,0,2,0,2
64,143248.9476,-1292343.898,Age0_F64_m47f47_P64_Y7_UO2396,I47_F81_m-1f-1_P47_Y-1_U27,I47_F81_m-1f-1_P47_Y-1_U89,MXY,0,0.0,0,0,0.0,0,0,0,0.0,0.5,1,P46_CV0,2,1,1,1,1,0,2,0,2
64,143248.9476,-1292343.898,Age0_F64_m79f79_P64_Y7_UO3591,I79_F64_m3f3_P59_Y4_UO154,I79_F64_m47f47_P64_Y1_UO2165,FXX,0,0.0,0,0,0.0,0,0,0,0.0,0.3125,1,P46_CV0,2,1,1,1,1,0,2,0,2
64,143248.9476,-1292343.898,Age0_F64_m79f79_P64_Y7_UO3610,I79_F64_m79f79_P64_Y4_UO3529,ID79_F59_m17f17_P64_Y4_UO1026,FXX,0,0.0,0,0,0.0,0,0,0,0.0,0.375,1,P46_CV0,2,1,1,1,1,0,2,0,2
64,143248.9476,-1292343.898,Age0_F64_m79f79_P64_Y7_UO3629,I79_F64_m79f79_P64_Y3_UO3616,I79_F64_m47f47_P64_Y4_UO2304,FXX,0,0.0,0,0,0.0,0,0,0,0.0,0.625,1,P46_CV0,2,1,1,1,1,0,2,0,2
64,143248.9476,-1292343.898,Age0_F64_m79f79_P64_Y7_UO3668,I79_F59_m-1f-1_P79_Y-1_U23,I79_F59_m3f3_P59_Y4_UO153,FXX,0,0.0,0,0,0.0,0,0,0,0.0,0.5,1,P46_CV0,2,0,2,0,2,0,2,0,2
64,143248.9476,-1292343.898,Age0_F64_m95f95_P64_Y7_UO4486,ID95_F64_m17f17_P64_Y5_UO1024,I95_F64_m79f79_P64_Y2_UO3602,FXX,0,0.0,0,0,0.0,0,0,0,0.0,0.75,1,P46_CV0,2,2,0,2,0,0,2,0,2
64,143248.9476,-1292343.898,Age0_F64_m95f95_P64_Y7_UO4520,I95_F64_m47f47_P64_Y2_UO2369,ID95_F91_m17f17_P64_Y3_UO948,MXY,0,0.0,0,0,0.0,0,0,0,0.0,0.25,1,P46_CV0,2,0,2,2,0,0,2,0,2
64,143248.9476,-1292343.898,Age0_F64_m95f95_P64_Y7_UO4529,I95_F64_m47f47_P64_Y1_UO2157,ID95_F64_m-1f-1_P79_Y-1_U49,FXX,0,0.0,0,0,0.0,0,0,0,0.0,0.625,1,P46_CV0,2,0,2,1,1,0,2,0,2
64,143248.9476,-1292343.898,E64_F3_m3f3_P59_Y6_UO181,I3_F64_m47f47_P64_Y1_UO2205,I3_F59_m-1f-1_P79_Y-1_U244,FXX,1,0.0,1,1,1.0,0,0,0,-9999.0,0.125,1,P46_CV0,2,0,2,1,1,0,2,0,2
64,143248.9476,-1292343.898,E64_F17_m17f17_P64_Y6_UO965,I17_F64_m79f79_P64_Y4_UO3550,I17_F59_m17f17_P64_Y2_UO987,FXX,1,0.0,1,1,1.0,0,0,0,-9999.0,0.84375,1,P46_CV0,2,2,0,1,1,0,2,0,2
64,143248.9476,-1292343.898,E64_F17_m47f47_P64_Y6_UO2368,I47_F81_m17f17_P64_Y0_UO1090,ID47_F64_m-1f-1_P47_Y-1_U199,FXX,1,0.0,1,1,1.0,0,0,0,-9999.0,0.5,1,P46_CV0,2,1,1,1,1,0,2,0,2
64,143248.9476,-1292343.898,E64_F17_m47f47_P64_Y6_UO2376,I47_F64_m-1f-1_P47_Y-1_U151,I47_F81_m-1f-1_P47_Y-1_U224,FXX,1,0.0,1,1,1.0,0,0,0,-9999.0,0.25,1,P46_CV0,2,1,1,2,0,0,2,0,2
64,143248.9476,-1292343.898,E64_F17_m79f79_P64_Y6_UO3632,I79_F59_m16f16_P59_Y3_UO866,I79_F59_m79f79_P64_Y4_UO3543,FXX,1,0.0,1,1,1.0,0,0,0,-9999.0,0.625,1,P46_CV0,2,2,0,1,1,0,2,0,2
64,143248.9476,-1292343.898,E64_F17_m95f95_P64_Y6_UO4546,I95_F64_m47f47_P64_Y2_UO2369,I95_F91_m17f17_P64_Y3_UO953,MXY,1,0.0,1,1,0.0,0,0,0,-9999.0,0.3125,1,P46_CV0,2,1,1,0,2,0,2,0,2
64,143248.9476,-1292343.898,E64_F17_m95f95_P64_Y6_UO4558,I95_F64_m3f3_P64_Y0_UO185,I95_F64_m47f47_P64_Y4_UO2329,FXX,1,0.0,1,1,1.0,0,0,0,-9999.0,0.25,1,P46_CV0,2,0,2,1,1,0,2,0,2
64,143248.9476,-1292343.898,E64_F79_m79f79_P64_Y6_UO3616,I79_F59_m56f56_P59_Y3_UO2624,I79_F64_m17f17_P64_Y3_UO989,MXY,1,0.0,1,1,0.0,0,0,0,-9999.0,0.375,1,P46_CV0,2,1,1,0,2,0,2,0,2
64,143248.9476,-1292343.898,E64_F79_m3f3_P59_Y6_UO201,I3_F59_m-1f-1_P3_Y-1_U137,I3_F59_m47f47_P64_Y4_UO2299,FXX,1,0.0,1,1,1.0,0,0,0,-9999.0,0.75,1,P46_CV0,2,1,1,2,0,0,2,0,2
64,143248.9476,-1292343.898,E64_F79_m47f47_P64_Y6_UO2378,I47_F81_m-1f-1_P47_Y-1_U193,I47_F81_m-1f-1_P47_Y-1_U211,MXY,1,0.0,1,1,0.0,0,0,0,-9999.0,0.75,1,P46_CV0,2,1,1,1,1,0,2,0,2
64,143248.9476,-1292343.898,E64_F95_m47f47_P64_Y6_UO2381,I47_F64_m-1f-1_P47_Y-1_U171,I47_F81_m-1f-1_P47_Y-1_U197,MXY,1,0.0,1,1,0.0,0,0,0,-9999.0,0.5,1,P46_CV0,2,1,1,0,2,0,2,0,2
64,143248.9476,-1292343.898,E64_F95_m95f95_P64_Y6_UO4583,ID95_F64_m-1f-1_P17_Y-1_U234,I95_F64_m47f47_P64_Y2_UO2364,MXY,1,0.0,1,1,0.0,0,0,0,-9999.0,0.375,1,P46_CV0,2,1,1,2,0,0,2,0,2
64,143248.9476,-1292343.898,E64_F95_m47f47_P81_Y6_UO2386,I47_F81_m-1f-1_P47_Y-1_U249,I47_F81_m-1f-1_P47_Y-1_U184,FXX,1,0.0,1,1,1.0,0,0,0,-9999.0,0.5,1,P46_CV0,2,1,1,1,1,0,2,0,2
64,143248.9476,-1292343.898,E64_F95_m94f94_P91_Y6_UO4475,ID94_F81_m17f17_P64_Y2_UO1032,I94_F81_m47f47_P81_Y0_UO2434,MXY,1,0.0,1,1,0.0,0,0,0,-9999.0,0.4375,1,P46_CV0,2,0,2,0,2,0,2,0,2
64,143248.9476,-1292343.898,E64_F17_m3f3_P64_Y5_UO156,I3_F59_m47f47_P59_Y1_UO2202,ID3_F64_m79f79_P59_Y3_UO3551,MXY,2,0.0,1,0,0.0,0,0,0,-9999.0,0.3125,1,P46_CV0,2,1,1,1,1,0,2,0,2
64,143248.9476,-1292343.898,E64_F17_m47f47_P64_Y5_UO2343,I47_F81_m-1f-1_P47_Y-1_U171,I47_F81_m-1f-1_P47_Y-1_U56,FXX,2,0.0,1,0,1.0,0,0,0,-9999.0,0.25,1,P46_CV0,2,1,1,1,1,0,2,0,2
64,143248.9476,-1292343.898,E64_F17_m47f47_P64_Y5_UO2365,I47_F81_m-1f-1_P47_Y-1_U53,ID47_F81_m-1f-1_P47_Y-1_U31,FXX,2,0.0,1,0,1.0,0,0,0,-9999.0,0.5,1,P46_CV0,2,1,1,2,0,0,2,0,2
64,143248.9476,-1292343.898,E64_F17_m95f95_P64_Y5_UO4498,I95_F64_m47f47_P64_Y2_UO2369,I95_F64_m95f95_P91_Y0_UO4813,FXX,2,0.0,1,0,1.0,0,0,0,-9999.0,0.25,1,P46_CV0,2,1,1,0,2,0,2,0,2
64,143248.9476,-1292343.898,E64_F17_m47f47_P64_Y5_UO2322,ID47_F64_m95f95_P64_Y3_UO4469,I47_F81_m-1f-1_P47_Y-1_U102,MXY,2,0.0,1,0,0.0,0,0,0,-9999.0,0.875,1,P46_CV0,2,1,1,1,1,0,2,0,2
64,143248.9476,-1292343.898,E64_F79_m47f47_P64_Y5_UO2357,ID47_F81_m-1f-1_P47_Y-1_U212,ID47_F81_m47f47_P81_Y2_UO2377,FXX,2,0.0,1,0,1.0,0,0,0,-9999.0,0.375,1,P46_CV0,2,1,1,2,0,0,2,0,2
64,143248.9476,-1292343.898,E64_F79_m47f47_P64_Y5_UO2354,I47_F59_m-1f-1_P47_Y-1_U219,I47_F81_m5f5_P81_Y2_UO379,MXY,2,0.0,1,0,0.0,0,0,0,-9999.0,0.625,1,P46_CV0,2,1,1,1,1,0,2,0,2
64,143248.9476,-1292343.898,E64_F79_m79f79_P59_Y5_UO3547,I79_F64_m56f56_P59_Y3_UO2624,ID79_F64_m56f56_P59_Y2_UO2643,FXX,2,0.0,1,0,1.0,0,0,0,-9999.0,0.4375,1,P46_CV0,2,2,0,1,1,0,2,0,2
64,143248.9476,-1292343.898,E64_F95_m17f17_P64_Y5_UO1024,I17_F64_m-1f-1_P79_Y-1_U55,ID17_F64_m47f47_P64_Y3_UO2340,FXX,2,0.0,1,0,1.0,0,0,0,-9999.0,0.5,1,P46_CV0,2,2,0,1,1,0,2,0,2
64,143248.9476,-1292343.898,E64_F95_m47f47_P64_Y5_UO2359,I47_F64_m-1f-1_P47_Y-1_U161,I47_F64_m-1f-1_P79_Y-1_U182,MXY,2,0.0,1,0,0.0,0,0,0,-9999.0,0.75,1,P46_CV0,2,2,0,2,0,0,2,0,2
64,143248.9476,-1292343.898,E64_F17_m47f47_P64_Y4_UO2301,I47_F81_m-1f-1_P47_Y-1_U36,ID47_F81_m-1f-1_P47_Y-1_U0,MXY,3,0.0,1,0,0.0,0,0,0,-9999.0,0.75,1,P46_CV0,2,2,0,2,0,0,2,0,2
64,143248.9476,-1292343.898,E64_F79_m47f47_P64_Y4_UO2304,ID47_F81_m-1f-1_P47_Y-1_U193,ID47_F81_m-1f-1_P47_Y-1_U0,MXY,3,0.0,1,0,0.0,0,0,0,-9999.0,0.75,1,P46_CV0,2,2,0,0,2,0,2,0,2
64,143248.9476,-1292343.898,E64_F79_m17f17_P64_Y4_UO1026,ID17_F81_m-1f-1_P47_Y-1_U98,I17_F64_m-1f-1_P17_Y-1_U80,MXY,3,0.0,1,0,0.0,0,0,0,-9999.0,0.5,1,P46_CV0,2,2,0,1,1,0,2,0,2
64,143248.9476,-1292343.898,E64_F79_m79f79_P64_Y4_UO3543,I79_F59_m47f47_P64_Y2_UO2370,I79_F59_m79f79_P59_Y0_UO3921,MXY,3,0.0,1,0,0.0,0,0,0,-9999.0,0.5,1,P46_CV0,2,2,0,1,1,0,2,0,2
64,143248.9476,-1292343.898,E64_F3_m47f47_P64_Y3_UO2324,ID47_F81_m-1f-1_P47_Y-1_U143,I47_F81_m-1f-1_P47_Y-1_U211,FXX,4,0.0,1,0,1.0,0,0,0,-9999.0,0.25,1,P46_CV0,2,0,2,2,0,0,2,0,2
64,143248.9476,-1292343.898,E64_F17_m47f47_P64_Y3_UO2344,I47_F64_m-1f-1_P47_Y-1_U140,ID47_F81_m-1f-1_P47_Y-1_U31,FXX,4,0.0,1,0,1.0,0,0,0,-9999.0,0.5,1,P46_CV0,2,0,2,1,1,0,2,0,2
64,143248.9476,-1292343.898,E64_F79_m47f47_P64_Y3_UO2340,I47_F81_m-1f-1_P47_Y-1_U100,I47_F81_m95f95_P64_Y0_UO4877,MXY,4,0.0,1,0,0.0,0,0,0,-9999.0,0.5,1,P46_CV0,2,2,0,0,2,0,2,0,2
64,143248.9476,-1292343.898,E64_F95_m95f95_P64_Y3_UO4441,I95_F64_m17f17_P64_Y1_UO920,ID95_F64_m-1f-1_P95_Y-1_U116,FXX,4,0.0,1,0,1.0,0,0,0,-9999.0,0.5,1,P46_CV0,2,2,0,0,2,0,2,0,2
64,143248.9476,-1292343.898,E64_F95_m47f47_P64_Y3_UO2318,I47_F81_m-1f-1_P47_Y-1_U233,I47_F81_m-1f-1_P47_Y-1_U25,MXY,4,0.0,1,0,0.0,0,0,0,-9999.0,0.25,1,P46_CV0,2,1,1,0,2,0,2,0,2
64,143248.9476,-1292343.898,E64_F47_m47f47_P64_Y2_UO2351,I47_F72_m-1f-1_P47_Y-1_U212,I47_F81_m-1f-1_P47_Y-1_U68,MXY,5,0.0,1,0,0.0,0,0,0,-9999.0,0.75,1,P46_CV0,2,1,1,0,2,0,2,0,2
64,143248.9476,-1292343.898,E64_F79_m47f47_P64_Y2_UO2312,I47_F81_m-1f-1_P47_Y-1_U113,I47_F81_m-1f-1_P47_Y-1_U93,MXY,5,0.0,1,0,0.0,0,0,0,-9999.0,0.5,1,P46_CV0,2,1,1,2,0,0,2,0,2
64,143248.9476,-1292343.898,E64_F95_m47f47_P64_Y2_UO2369,ID47_F64_m-1f-1_P47_Y-1_U27,I47_F81_m-1f-1_P47_Y-1_U148,FXX,5,0.0,1,0,1.0,0,0,0,-9999.0,0.25,1,P46_CV0,2,1,1,1,1,0,2,0,2
64,143248.9476,-1292343.898,E64_F95_m47f47_P64_Y2_UO2364,I47_F64_m-1f-1_P47_Y-1_U15,I47_F81_m-1f-1_P47_Y-1_U23,MXY,5,0.0,1,0,0.0,0,0,0,-9999.0,0.25,1,P46_CV0,2,1,1,2,0,0,2,0,2
64,143248.9476,-1292343.898,E64_F3_m47f47_P64_Y1_UO2205,I47_F81_m-1f-1_P47_Y-1_U249,I47_F81_m-1f-1_P47_Y-1_U129,FXX,6,0.0,1,0,1.0,0,0,0,-9999.0,0.25,1,P46_CV0,2,0,2,1,1,0,2,0,2
64,143248.9476,-1292343.898,E64_F17_m17f17_P64_Y1_UO920,ID17_F64_m-1f-1_P17_Y-1_U177,ID17_F81_m-1f-1_P47_Y-1_U107,FXX,6,0.0,1,0,1.0,0,0,0,-9999.0,0.5,1,P46_CV0,2,1,1,1,1,0,2,0,2
64,143248.9476,-1292343.898,E64_F17_m47f47_P64_Y1_UO2163,ID47_F81_m-1f-1_P47_Y-1_U84,ID47_F81_m-1f-1_P47_Y-1_U43,FXX,6,0.0,1,0,1.0,0,0,0,-9999.0,0.5,1,P46_CV0,2,0,2,2,0,0,2,0,2
64,143248.9476,-1292343.898,E64_F95_m47f47_P64_Y1_UO2157,ID47_F64_m-1f-1_P47_Y-1_U229,I47_F81_m-1f-1_P47_Y-1_U88,FXX,6,0.0,1,0,1.0,0,0,0,-9999.0,0.75,1,P46_CV0,2,1,1,2,0,0,2,0,2
64,143248.9476,-1292343.898,E64_F17_m47f47_P64_Y0_UO2433,R47_F47_m-1f-1_P47_Y-1_U17,R47_F47_m-1f-1_P47_Y-1_U67,FXX,7,0.0,1,0,1.0,0,0,0,-9999.0,1.0,1,P46_CV0,2,2,0,2,0,0,2,0,2
64,143248.9476,-1292343.898,E64_F47_m47f47_P64_Y0_UO2507,R47_F47_m-1f-1_P47_Y-1_U185,R47_F47_m-1f-1_P47_Y-1_U196,MXY,7,0.0,1,0,0.0,0,0,0,-9999.0,0.25,1,P46_CV0,2,0,2,1,1,0,2,0,2
64,143248.9476,-1292343.898,E64_F17_m-1f-1_P47_Y-1_U221,-9999,-9999,FXX,8,0.0,1,0,1.0,0,0,0,-9999.0,0.0,1,P46_CV0,2,0,2,1,1,0,2,0,2
64,143248.9476,-1292343.898,E64_F17_m-1f-1_P47_Y-1_U148,-9999,-9999,MXY,8,0.0,1,0,0.0,0,0,0,-9999.0,0.0,1,P46_CV0,2,0,2,0,2,0,2,0,2
64,143248.9476,-1292343.898,E64_F47_m-1f-1_P47_Y-1_U199,-9999,-9999,MXY,8,0.0,1,0,0.0,0,0,0,-9999.0,0.0,1,P46_CV0,2,0,2,2,0,0,2,0,2
64,143248.9476,-1292343.898,E64_F47_m-1f-1_P47_Y-1_U7,-9999,-9999,FXX,8,0.0,1,0,1.0,0,0,0,-9999.0,1.0,1,P46_CV0,2,2,0,2,0,0,2,0,2
64,143248.9476,-1292343.898,E64_F17_m-1f-1_P47_Y-1_U152,-9999,-9999,FXX,9,0.0,1,0,1.0,0,0,0,-9999.0,1.0,1,P46_CV0,2,2,0,1,1,0,2,0,2
64,143248.9476,-1292343.898,E64_F47_m-1f-1_P47_Y-1_U55,-9999,-9999,MXY,9,0.0,1,0,0.0,0,0,0,-9999.0,0.5,1,P46_CV0,2,1,1,1,1,0,2,0,2
64,143248.9476,-1292343.898,E64_F47_m-1f-1_P47_Y-1_U193,-9999,-9999,FXX,9,0.0,1,0,1.0,0,0,0,-9999.0,1.0,1,P46_CV0,2,2,0,1,1,0,2,0,2
64,143248.9476,-1292343.898,E64_F47_m-1f-1_P47_Y-1_U153,-9999,-9999,FXX,9,0.0,1,0,1.0,0,0,0,-9999.0,0.5,1,P46_CV0,2,1,1,0,2,0,2,0,2
64,143248.9476,-1292343.898,E64_F17_m-1f-1_P47_Y-1_U99,-9999,-9999,MXY,10,0.0,1,0,0.0,0,0,0,-9999.0,0.5,1,P46_CV0,2,1,1,1,1,0,2,0,2
64,143248.9476,-1292343.898,E64_F47_m-1f-1_P47_Y-1_U224,-9999,-9999,MXY,10,0.0,1,0,0.0,0,0,0,-9999.0,0.5,1,P46_CV0,2,1,1,1,1,0,2,0,2
64,143248.9476,-1292343.898,E64_F47_m-1f-1_P47_Y-1_U31,-9999,-9999,MXY,11,0.0,1,0,0.0,0,0,0,-9999.0,0.5,1,P46_CV0,2,1,1,1,1,0,2,0,2
64,143248.9476,-1292343.898,E64_F47_m-1f-1_P47_Y-1_U81,-9999,-9999,MXY,11,0.0,1,0,0.0,0,0,0,-9999.0,0.0,1,P46_CV0,2,0,2,2,0,0,2,0,2
64,143248.9476,-1292343.898,E64_F47_m-1f-1_P47_Y-1_U249,-9999,-9999,FXX,11,0.0,1,0,1.0,0,0,0,-9999.0,0.5,1,P46_CV0,2,1,1,1,1,0,2,0,2
64,143248.9476,-1292343.898,E64_F47_m-1f-1_P47_Y-1_U212,-9999,-9999,FXX,12,0.0,1,0,1.0,0,0,0,-9999.0,0.5,1,P46_CV0,2,1,1,1,1,0,2,0,2
64,143248.9476,-1292343.898,E64_F47_m-1f-1_P47_Y-1_U201,-9999,-9999,MXY,12,0.0,1,0,0.0,0,0,0,-9999.0,0.0,1,P46_CV0,2,0,2,1,1,0,2,0,2
64,143248.9476,-1292343.898,E64_F17_m-1f-1_P47_Y-1_U98,-9999,-9999,FXX,13,0.0,1,0,1.0,0,0,0,-9999.0,0.5,1,P46_CV0,2,1,1,2,0,0,2,0,2
64,143248.9476,-1292343.898,E64_F17_m-1f-1_P47_Y-1_U24,-9999,-9999,FXX,13,0.0,1,0,1.0,0,0,0,-9999.0,0.5,1,P46_CV0,2,1,1,1,1,0,2,0,2
64,143248.9476,-1292343.898,E64_F47_m-1f-1_P47_Y-1_U86,-9999,-9999,FXX,13,0.0,1,0,1.0,0,0,0,-9999.0,1.0,1,P46_CV0,2,2,0,1,1,0,2,0,2
64,143248.9476,-1292343.898,E64_F47_m-1f-1_P47_Y-1_U197,-9999,-9999,MXY,14,0.0,1,0,0.0,0,0,0,-9999.0,0.5,1,P46_CV0,2,1,1,1,1,0,2,0,2
64,143248.9476,-1292343.898,E64_F47_m-1f-1_P47_Y-1_U27,-9999,-9999,FXX,15,0.0,1,0,1.0,0,0,0,-9999.0,0.5,1,P46_CV0,2,1,1,1,1,0,2,0,2
64,143248.9476,-1292343.898,Age0_F64_m17f17_P64_Y7_UO988,I17_F64_m17f17_P64_Y1_UO924,I17_F64_m5f5_P81_Y2_UO379,MXY,0,0.0,0,0,0.0,0,0,0,0.0,0.25,1,P4_CV0,2,0,2,0,2,0,2,0,2
64,143248.9476,-1292343.898,Age0_F64_m95f95_P64_Y7_UO4483,ID95_F64_m65f65_P91_Y5_UO3129,I95_F64_m95f95_P64_Y5_UO4476,MXY,0,0.0,0,0,0.0,0,0,0,0.0,0.5,1,P4_CV0,2,2,0,1,1,0,2,0,2
64,143248.9476,-1292343.898,E64_F95_m65f65_P91_Y5_UO3129,I65_F68_m94f94_P98_Y2_UO4433,ID65_F68_m-1f-1_P25_Y-1_U217,FXX,2,0.0,1,0,1.0,0,0,0,-9999.0,0.625,1,P4_CV0,2,1,1,1,1,0,2,0,2
64,143248.9476,-1292343.898,E64_F95_m-1f-1_P5_Y-1_U87,-9999,-9999,MXY,11,0.0,1,0,0.0,0,0,0,-9999.0,0.5,1,P4_CV0,2,1,1,1,1,0,2,0,2
64,143248.9476,-1292343.898,Age0_F64_m3f3_P64_Y7_UO129,I3_F59_m17f17_P59_Y5_UO968,I3_F59_m56f56_P59_Y3_UO2658,MXY,0,0.0,0,0,0.0,0,0,0,0.0,0.5,1,P55_CV0,2,1,1,1,1,0,2,0,2
64,143248.9476,-1292343.898,Age0_F64_m3f3_P64_Y7_UO134,I3_F59_m79f79_P59_Y4_UO3585,I3_F59_m79f79_P59_Y1_UO3437,FXX,0,0.0,0,0,0.0,0,0,0,0.0,0.5,1,P55_CV0,2,1,1,1,1,0,2,0,2
64,143248.9476,-1292343.898,Age0_F64_m3f3_P64_Y7_UO156,I3_F59_m56f56_P59_Y4_UO2688,I3_F64_m56f56_P59_Y4_UO2653,FXX,0,0.0,0,0,0.0,0,0,0,0.0,0.25,1,P55_CV0,2,0,2,1,1,0,2,0,2
64,143248.9476,-1292343.898,Age0_F64_m3f3_P64_Y7_UO181,I3_F64_m56f56_P59_Y1_UO2574,I3_F59_m-1f-1_P3_Y-1_U219,FXX,0,0.0,0,0,0.0,0,0,0,0.0,0.875,1,P55_CV0,2,1,1,2,0,0,2,0,2
64,143248.9476,-1292343.898,Age0_F64_m3f3_P64_Y7_UO192,I3_F59_m3f3_P59_Y0_UO180,I3_F59_m56f56_P59_Y2_UO2710,FXX,0,0.0,0,0,0.0,0,0,0,0.0,0.5625,1,P55_CV0,2,2,0,2,0,0,2,0,2
64,143248.9476,-1292343.898,Age0_F64_m3f3_P64_Y7_UO201,I3_F59_m-1f-1_P3_Y-1_U137,I3_F59_m3f3_P64_Y5_UO132,MXY,0,0.0,0,0,0.0,0,0,0,0.0,0.6875,1,P55_CV0,2,1,1,1,1,0,2,0,2
64,143248.9476,-1292343.898,Age0_F64_m3f3_P64_Y7_UO209,I3_F59_m-1f-1_P17_Y-1_U54,I3_F64_m56f56_P59_Y4_UO2653,FXX,0,0.0,0,0,0.0,0,0,0,0.0,0.25,1,P55_CV0,2,0,2,1,1,0,2,0,2
64,143248.9476,-1292343.898,Age0_F64_m17f17_P64_Y7_UO934,I17_F64_m79f79_P64_Y5_UO3605,ID17_F64_m-1f-1_P95_Y-1_U73,FXX,0,0.0,0,0,0.0,0,0,0,0.0,0.5,1,P55_CV0,2,2,0,1,1,0,2,0,2
64,143248.9476,-1292343.898,Age0_F64_m17f17_P64_Y7_UO957,I17_F64_m79f79_P64_Y5_UO3597,I17_F64_m95f95_P64_Y4_UO4500,MXY,0,0.0,0,0,0.0,0,0,0,0.0,0.65625,1,P55_CV0,2,2,0,1,1,0,2,0,2
64,143248.9476,-1292343.898,Age0_F64_m17f17_P64_Y7_UO964,ID17_F59_m79f79_P64_Y4_UO3558,I17_F64_m-1f-1_P17_Y-1_U122,FXX,0,0.0,0,0,0.0,0,0,0,0.0,0.6875,1,P55_CV0,2,1,1,0,2,0,2,0,2
64,143248.9476,-1292343.898,Age0_F64_m17f17_P64_Y7_UO972,I17_F64_m79f79_P64_Y4_UO3610,I17_F64_m17f17_P64_Y3_UO937,MXY,0,0.0,0,0,0.0,0,0,0,0.0,0.6875,1,P55_CV0,2,1,1,0,2,0,2,0,2
64,143248.9476,-1292343.898,Age0_F64_m17f17_P64_Y7_UO990,ID17_F64_m17f17_P64_Y1_UO920,I17_F64_m79f79_P64_Y5_UO3585,MXY,0,0.0,0,0,0.0,0,0,0,0.0,0.40625,1,P55_CV0,2,1,1,2,0,0,2,0,2
64,143248.9476,-1292343.898,Age0_F64_m79f79_P64_Y7_UO3612,I79_F64_m56f56_P59_Y4_UO2655,I79_F64_m-1f-1_P79_Y-1_U51,FXX,0,0.0,0,0,0.0,0,0,0,0.0,0.25,1,P55_CV0,2,0,2,2,0,0,2,0,2
64,143248.9476,-1292343.898,Age0_F64_m79f79_P64_Y7_UO3621,ID79_F59_m56f56_P59_Y3_UO2643,ID79_F59_m-1f-1_P79_Y-1_U73,FXX,0,0.0,0,0,0.0,0,0,0,0.0,0.75,1,P55_CV0,2,2,0,1,1,0,2,0,2
64,143248.9476,-1292343.898,Age0_F64_m79f79_P64_Y7_UO3630,I79_F59_m3f3_P59_Y3_UO106,I79_F59_m16f16_P59_Y5_UO914,MXY,0,0.0,0,0,0.0,0,0,0,0.0,0.4375,1,P55_CV0,2,2,0,2,0,0,2,0,2
64,143248.9476,-1292343.898,Age0_F64_m79f79_P64_Y7_UO3637,I79_F59_m56f56_P59_Y2_UO2639,ID79_F64_m79f79_P59_Y5_UO3623,FXX,0,0.0,0,0,0.0,0,0,0,0.0,0.1875,1,P55_CV0,2,1,1,1,1,0,2,0,2
64,143248.9476,-1292343.898,Age0_F64_m79f79_P64_Y7_UO3663,I79_F64_m-1f-1_P79_Y-1_U132,ID79_F59_m56f56_P59_Y4_UO2681,MXY,0,0.0,0,0,0.0,0,0,0,0.0,0.5,1,P55_CV0,2,1,1,1,1,0,2,0,2
64,143248.9476,-1292343.898,Age0_F64_m95f95_P64_Y7_UO4491,I95_F64_m95f95_P64_Y5_UO4534,ID95_F91_m79f79_P64_Y5_UO3564,FXX,0,0.0,0,0,0.0,0,0,0,0.0,0.25,1,P55_CV0,2,0,2,2,0,0,2,0,2
64,143248.9476,-1292343.898,Age0_F64_m95f95_P64_Y7_UO4531,ID95_F81_m56f56_P59_Y0_UO2840,I95_F64_m79f79_P64_Y4_UO3571,FXX,0,0.0,0,0,0.0,0,0,0,0.0,0.375,1,P55_CV0,2,1,1,0,2,0,2,0,2
64,143248.9476,-1292343.898,E64_F3_m16f16_P59_Y6_UO921,I16_F59_m-1f-1_P16_Y-1_U202,ID16_F59_m56f56_P59_Y0_UO2894,FXX,1,0.0,1,1,1.0,0,0,0,-9999.0,0.375,1,P55_CV0,2,1,1,1,1,0,2,0,2
64,143248.9476,-1292343.898,E64_F3_m56f56_P59_Y6_UO2674,I56_F59_m3f3_P59_Y4_UO118,ID56_F59_m56f56_P59_Y0_UO2839,FXX,1,0.0,1,1,1.0,0,0,0,-9999.0,0.3125,1,P55_CV0,2,0,2,2,0,0,2,0,2
64,143248.9476,-1292343.898,E64_F3_m79f79_P59_Y6_UO3603,ID79_F64_m3f3_P64_Y4_UO105,ID79_F59_m3f3_P59_Y4_UO102,MXY,1,0.0,1,1,0.0,0,0,0,-9999.0,0.21875,1,P55_CV0,2,1,1,1,1,0,2,0,2
64,143248.9476,-1292343.898,E64_F3_m79f79_P64_Y6_UO3593,ID79_F59_m16f16_P59_Y4_UO876,I79_F59_m95f95_P64_Y2_UO4464,FXX,1,0.0,1,1,1.0,0,0,0,-9999.0,0.4375,1,P55_CV0,2,1,1,0,2,0,2,0,2
64,143248.9476,-1292343.898,E64_F3_m79f79_P64_Y6_UO3599,ID79_F59_m56f56_P59_Y4_UO2655,I79_F59_m3f3_P64_Y3_UO166,FXX,1,0.0,1,1,1.0,0,0,0,-9999.0,0.5625,1,P55_CV0,2,1,1,0,2,0,2,0,2
64,143248.9476,-1292343.898,E64_F17_m16f16_P59_Y6_UO899,I16_F59_m56f56_P59_Y4_UO2676,I16_F59_m-1f-1_P16_Y-1_U213,FXX,1,0.0,1,1,1.0,0,0,0,-9999.0,0.375,1,P55_CV0,2,1,1,2,0,0,2,0,2
64,143248.9476,-1292343.898,E64_F17_m56f56_P59_Y6_UO2713,I56_F59_m-1f-1_P56_Y-1_U30,I56_F59_m56f56_P59_Y0_UO2889,FXX,1,0.0,1,1,1.0,0,0,0,-9999.0,0.5,1,P55_CV0,2,1,1,1,1,0,2,0,2
64,143248.9476,-1292343.898,E64_F17_m3f3_P64_Y6_UO123,I3_F59_m56f56_P59_Y4_UO2679,I3_F59_m79f79_P64_Y0_UO3882,FXX,1,0.0,1,1,1.0,0,0,0,-9999.0,0.3125,1,P55_CV0,2,0,2,1,1,0,2,0,2
64,143248.9476,-1292343.898,E64_F17_m3f3_P64_Y6_UO153,ID3_F59_m56f56_P59_Y3_UO2649,I3_F59_m56f56_P59_Y1_UO2523,MXY,1,0.0,1,1,0.0,0,0,0,-9999.0,0.5,1,P55_CV0,2,1,1,0,2,0,2,0,2
64,143248.9476,-1292343.898,E64_F17_m3f3_P64_Y6_UO180,ID3_F64_m56f56_P59_Y1_UO2574,I3_F59_m56f56_P59_Y4_UO2658,FXX,1,0.0,1,1,1.0,0,0,0,-9999.0,0.625,1,P55_CV0,2,1,1,2,0,0,2,0,2
64,143248.9476,-1292343.898,E64_F17_m17f17_P64_Y6_UO1020,I17_F64_m-1f-1_P95_Y-1_U153,I17_F64_m79f79_P64_Y3_UO3586,MXY,1,0.0,1,1,0.0,0,0,0,-9999.0,0.4375,1,P55_CV0,2,1,1,0,2,0,2,0,2
64,143248.9476,-1292343.898,E64_F17_m95f95_P64_Y6_UO4533,I95_F64_m95f95_P64_Y3_UO4440,ID95_F64_m56f56_P59_Y1_UO2560,MXY,1,0.0,1,1,0.0,0,0,0,-9999.0,0.5625,1,P55_CV0,2,1,1,0,2,0,2,0,2
64,143248.9476,-1292343.898,E64_F79_m79f79_P59_Y6_UO3617,I79_F59_m56f56_P59_Y3_UO2684,I79_F59_m17f17_P64_Y4_UO1008,FXX,1,0.0,1,1,1.0,0,0,0,-9999.0,0.4375,1,P55_CV0,2,1,1,2,0,0,2,0,2
64,143248.9476,-1292343.898,E64_F79_m3f3_P59_Y6_UO196,I3_F64_m-1f-1_P3_Y-1_U210,I3_F59_m56f56_P59_Y4_UO2671,FXX,1,0.0,1,1,1.0,0,0,0,-9999.0,0.875,1,P55_CV0,2,2,0,1,1,0,2,0,2
64,143248.9476,-1292343.898,E64_F79_m79f79_P59_Y6_UO3624,I79_F59_m17f17_P64_Y3_UO967,ID79_F59_m3f3_P59_Y1_UO153,FXX,1,0.0,1,1,1.0,0,0,0,-9999.0,0.6875,1,P55_CV0,2,0,2,1,1,0,2,0,2
64,143248.9476,-1292343.898,E64_F79_m56f56_P59_Y6_UO2697,ID56_F59_m56f56_P59_Y1_UO2518,I56_F59_m-1f-1_P56_Y-1_U57,MXY,1,0.0,1,1,0.0,0,0,0,-9999.0,0.625,1,P55_CV0,2,0,2,2,0,0,2,0,2
64,143248.9476,-1292343.898,E64_F79_m79f79_P59_Y6_UO3625,I79_F64_m56f56_P59_Y3_UO2643,I79_F59_m17f17_P64_Y3_UO997,MXY,1,0.0,1,1,0.0,0,0,0,-9999.0,0.5625,1,P55_CV0,2,1,1,0,2,0,2,0,2
64,143248.9476,-1292343.898,E64_F79_m56f56_P59_Y6_UO2721,ID56_F59_m-1f-1_P56_Y-1_U77,ID56_F59_m-1f-1_P56_Y-1_U31,MXY,1,0.0,1,1,0.0,0,0,0,-9999.0,0.5,1,P55_CV0,2,1,1,1,1,0,2,0,2
64,143248.9476,-1292343.898,E64_F79_m3f3_P59_Y6_UO106,ID3_F59_m3f3_P64_Y4_UO115,I3_F64_m56f56_P59_Y2_UO2664,MXY,1,0.0,1,1,0.0,0,0,0,-9999.0,0.8125,1,P55_CV0,2,1,1,2,0,0,2,0,2
64,143248.9476,-1292343.898,E64_F79_m79f79_P59_Y6_UO3658,I79_F64_m56f56_P59_Y1_UO2563,ID79_F64_m-1f-1_P17_Y-1_U152,FXX,1,0.0,1,1,1.0,0,0,0,-9999.0,0.875,1,P55_CV0,2,2,0,2,0,0,2,0,2
64,143248.9476,-1292343.898,E64_F79_m56f56_P59_Y6_UO2689,I56_F59_m56f56_P59_Y2_UO2676,ID56_F59_m3f3_P59_Y4_UO113,MXY,1,0.0,1,1,0.0,0,0,0,-9999.0,0.375,1,P55_CV0,2,1,1,0,2,0,2,0,2
64,143248.9476,-1292343.898,E64_F79_m56f56_P59_Y6_UO2714,I56_F59_m-1f-1_P56_Y-1_U22,I56_F59_m-1f-1_P16_Y-1_U212,FXX,1,0.0,1,1,1.0,0,0,0,-9999.0,0.25,1,P55_CV0,2,0,2,1,1,0,2,0,2
64,143248.9476,-1292343.898,E64_F95_m17f17_P64_Y6_UO1037,I17_F59_m-1f-1_P47_Y-1_U24,I17_F64_m56f56_P59_Y1_UO2568,MXY,1,0.0,1,1,0.0,0,0,0,-9999.0,0.5,1,P55_CV0,2,1,1,0,2,0,2,0,2
64,143248.9476,-1292343.898,E64_F95_m95f95_P91_Y6_UO4511,I95_F64_m17f17_P64_Y4_UO1005,ID95_F64_m79f79_P64_Y4_UO3554,FXX,1,0.0,1,1,1.0,0,0,0,-9999.0,0.46875,1,P55_CV0,2,1,1,1,1,0,2,0,2
64,143248.9476,-1292343.898,E64_F3_m16f16_P59_Y5_UO947,I16_F59_m-1f-1_P56_Y-1_U103,I16_F59_m79f79_P59_Y2_UO3545,MXY,2,0.0,1,0,0.0,0,0,0,-9999.0,0.625,1,P55_CV0,2,1,1,1,1,0,2,0,2
64,143248.9476,-1292343.898,E64_F3_m79f79_P59_Y5_UO3540,I79_F64_m16f16_P59_Y3_UO852,I79_F59_m-1f-1_P79_Y-1_U204,MXY,2,0.0,1,0,0.0,0,0,0,-9999.0,0.5625,1,P55_CV0,2,1,1,2,0,0,2,0,2
64,143248.9476,-1292343.898,E64_F17_m79f79_P64_Y5_UO3605,ID79_F59_m56f56_P59_Y1_UO2563,I79_F64_m79f79_P64_Y3_UO3632,FXX,2,0.0,1,0,1.0,0,0,0,-9999.0,0.5,1,P55_CV0,2,1,1,1,1,0,2,0,2
64,143248.9476,-1292343.898,E64_F17_m79f79_P64_Y5_UO3585,I79_F59_m16f16_P59_Y2_UO847,I79_F64_m56f56_P59_Y3_UO2638,MXY,2,0.0,1,0,0.0,0,0,0,-9999.0,0.3125,1,P55_CV0,2,0,2,1,1,0,2,0,2
64,143248.9476,-1292343.898,E64_F17_m79f79_P64_Y5_UO3597,I79_F64_m79f79_P59_Y2_UO3565,ID79_F59_m79f79_P59_Y2_UO3639,FXX,2,0.0,1,0,1.0,0,0,0,-9999.0,0.6875,1,P55_CV0,2,2,0,1,1,0,2,0,2
64,143248.9476,-1292343.898,E64_F17_m79f79_P59_Y5_UO3577,I79_F59_m3f3_P64_Y3_UO110,I79_F59_m79f79_P64_Y3_UO3590,MXY,2,0.0,1,0,0.0,0,0,0,-9999.0,0.4375,1,P55_CV0,2,2,0,0,2,0,2,0,2
64,143248.9476,-1292343.898,E64_F79_m79f79_P59_Y5_UO3567,I79_F64_m56f56_P59_Y3_UO2684,I79_F64_m17f17_P59_Y0_UO1039,MXY,2,0.0,1,0,0.0,0,0,0,-9999.0,0.5625,1,P55_CV0,2,2,0,2,0,0,2,0,2
64,143248.9476,-1292343.898,E64_F79_m16f16_P59_Y5_UO914,I16_F59_m-1f-1_P56_Y-1_U241,ID16_F59_m-1f-1_P16_Y-1_U174,MXY,2,0.0,1,0,0.0,0,0,0,-9999.0,0.5,1,P55_CV0,2,1,1,2,0,0,2,0,2
64,143248.9476,-1292343.898,E64_F79_m3f3_P59_Y5_UO136,I3_F59_m56f56_P59_Y2_UO2705,I3_F59_m-1f-1_P3_Y-1_U88,MXY,2,0.0,1,0,0.0,0,0,0,-9999.0,0.375,1,P55_CV0,2,0,2,2,0,0,2,0,2
64,143248.9476,-1292343.898,E64_F79_m56f56_P59_Y5_UO2676,I56_F59_m56f56_P59_Y0_UO2886,I56_F59_m3f3_P59_Y3_UO137,MXY,2,0.0,1,0,0.0,0,0,0,-9999.0,0.375,1,P55_CV0,2,1,1,2,0,0,2,0,2
64,143248.9476,-1292343.898,E64_F95_m17f17_P64_Y5_UO992,I17_F64_m56f56_P59_Y0_UO2840,ID17_F64_m3f3_P64_Y3_UO181,MXY,2,0.0,1,0,0.0,0,0,0,-9999.0,0.25,1,P55_CV0,2,0,2,1,1,0,2,0,2
64,143248.9476,-1292343.898,E64_F3_m79f79_P59_Y4_UO3585,ID79_F59_m79f79_P59_Y0_UO3831,I79_F64_m56f56_P59_Y0_UO2914,FXX,3,0.0,1,0,1.0,0,0,0,-9999.0,0.75,1,P55_CV0,2,2,0,2,0,0,2,0,2
64,143248.9476,-1292343.898,E64_F3_m16f16_P59_Y4_UO942,I16_F59_m-1f-1_P16_Y-1_U60,I16_F59_m56f56_P59_Y0_UO2909,FXX,3,0.0,1,0,1.0,0,0,0,-9999.0,0.25,1,P55_CV0,2,1,1,1,1,0,2,0,2
64,143248.9476,-1292343.898,E64_F17_m3f3_P64_Y4_UO150,I3_F59_m56f56_P59_Y1_UO2580,I3_F59_m56f56_P59_Y2_UO2651,FXX,3,0.0,1,0,1.0,0,0,0,-9999.0,0.625,1,P55_CV0,2,2,0,1,1,0,2,0,2
64,143248.9476,-1292343.898,E64_F17_m3f3_P64_Y4_UO110,I3_F59_m56f56_P59_Y2_UO2672,ID3_F59_m79f79_P59_Y2_UO3636,FXX,3,0.0,1,0,1.0,0,0,0,-9999.0,0.75,1,P55_CV0,2,0,2,0,2,0,2,0,2
64,143248.9476,-1292343.898,E64_F17_m79f79_P64_Y4_UO3558,I79_F64_m16f16_P59_Y1_UO834,I79_F59_m56f56_P59_Y1_UO2544,FXX,3,0.0,1,0,1.0,0,0,0,-9999.0,0.375,1,P55_CV0,2,1,1,0,2,0,2,0,2
64,143248.9476,-1292343.898,E64_F17_m79f79_P64_Y4_UO3567,ID79_F64_m56f56_P59_Y1_UO2579,I79_F59_m-1f-1_P79_Y-1_U6,MXY,3,0.0,1,0,0.0,0,0,0,-9999.0,0.375,1,P55_CV0,2,1,1,0,2,0,2,0,2
64,143248.9476,-1292343.898,E64_F17_m79f79_P64_Y4_UO3610,I79_F59_m-1f-1_P79_Y-1_U98,ID79_F59_m56f56_P59_Y2_UO2678,FXX,3,0.0,1,0,1.0,0,0,0,-9999.0,0.625,1,P55_CV0,2,2,0,0,2,0,2,0,2
64,143248.9476,-1292343.898,E64_F79_m56f56_P59_Y4_UO2681,I56_F59_m-1f-1_P56_Y-1_U144,I56_F59_m-1f-1_P56_Y-1_U107,MXY,3,0.0,1,0,0.0,0,0,0,-9999.0,0.0,1,P55_CV0,2,0,2,1,1,0,2,0,2
64,143248.9476,-1292343.898,E64_F79_m56f56_P59_Y4_UO2655,I56_F59_m-1f-1_P56_Y-1_U61,I56_F59_m-1f-1_P56_Y-1_U135,FXX,3,0.0,1,0,1.0,0,0,0,-9999.0,0.5,1,P55_CV0,2,0,2,1,1,0,2,0,2
64,143248.9476,-1292343.898,E64_F95_m95f95_P64_Y4_UO4507,I95_F64_m-1f-1_P95_Y-1_U231,ID95_F64_m79f79_P64_Y2_UO3604,MXY,3,0.0,1,0,0.0,0,0,0,-9999.0,0.875,1,P55_CV0,2,2,0,0,2,0,2,0,2
64,143248.9476,-1292343.898,E64_F3_m79f79_P59_Y3_UO3634,I79_F64_m-1f-1_P3_Y-1_U73,ID79_F59_m56f56_P59_Y0_UO2846,MXY,4,0.0,1,0,0.0,0,0,0,-9999.0,0.375,1,P55_CV0,2,0,2,0,2,0,2,0,2
64,143248.9476,-1292343.898,E64_F17_m56f56_P59_Y3_UO2619,I56_F59_m56f56_P59_Y1_UO2589,I56_F59_m-1f-1_P56_Y-1_U31,FXX,4,0.0,1,0,1.0,0,0,0,-9999.0,0.375,1,P55_CV0,2,0,2,0,2,0,2,0,2
64,143248.9476,-1292343.898,E64_F79_m56f56_P59_Y3_UO2643,I56_F59_m56f56_P59_Y0_UO2886,I56_F59_m-1f-1_P56_Y-1_U36,FXX,4,0.0,1,0,1.0,0,0,0,-9999.0,0.5,1,P55_CV0,2,2,0,1,1,0,2,0,2
64,143248.9476,-1292343.898,E64_F79_m56f56_P59_Y3_UO2684,I56_F59_m-1f-1_P56_Y-1_U168,I56_F59_m56f56_P59_Y0_UO2870,FXX,4,0.0,1,0,1.0,0,0,0,-9999.0,0.625,1,P55_CV0,2,2,0,1,1,0,2,0,2
64,143248.9476,-1292343.898,E64_F79_m56f56_P59_Y3_UO2661,I56_F59_m-1f-1_P56_Y-1_U201,I56_F59_m-1f-1_P56_Y-1_U238,FXX,4,0.0,1,0,1.0,0,0,0,-9999.0,0.0,1,P55_CV0,2,0,2,1,1,0,2,0,2
64,143248.9476,-1292343.898,E64_F79_m56f56_P59_Y2_UO2639,I56_F59_m56f56_P59_Y0_UO2915,I56_F59_m-1f-1_P56_Y-1_U35,FXX,5,0.0,1,0,1.0,0,0,0,-9999.0,0.125,1,P55_CV0,2,1,1,0,2,0,2,0,2
64,143248.9476,-1292343.898,E64_F79_m56f56_P59_Y2_UO2643,I56_F59_m56f56_P59_Y0_UO2886,I56_F59_m-1f-1_P56_Y-1_U57,MXY,5,0.0,1,0,0.0,0,0,0,-9999.0,0.5,1,P55_CV0,2,2,0,2,0,0,2,0,2
64,143248.9476,-1292343.898,E64_F79_m56f56_P59_Y2_UO2673,I56_F59_m-1f-1_P56_Y-1_U112,I56_F59_m-1f-1_P56_Y-1_U131,MXY,5,0.0,1,0,0.0,0,0,0,-9999.0,0.25,1,P55_CV0,2,1,1,0,2,0,2,0,2
64,143248.9476,-1292343.898,E64_F95_m17f17_P64_Y2_UO960,I17_F64_m56f56_P59_Y0_UO2838,ID17_F64_m47f47_P64_Y0_UO2521,FXX,5,0.0,1,0,1.0,0,0,0,-9999.0,0.5,1,P55_CV0,2,1,1,0,2,0,2,0,2
64,143248.9476,-1292343.898,E64_F3_m56f56_P59_Y1_UO2544,I56_F59_m-1f-1_P56_Y-1_U171,ID56_F59_m-1f-1_P56_Y-1_U72,MXY,6,0.0,1,0,0.0,0,0,0,-9999.0,0.5,1,P55_CV0,2,2,0,0,2,0,2,0,2
64,143248.9476,-1292343.898,E64_F3_m56f56_P59_Y1_UO2574,ID56_F59_m-1f-1_P56_Y-1_U74,I56_F59_m-1f-1_P56_Y-1_U212,FXX,6,0.0,1,0,1.0,0,0,0,-9999.0,0.75,1,P55_CV0,2,1,1,1,1,0,2,0,2
64,143248.9476,-1292343.898,E64_F17_m56f56_P59_Y1_UO2568,I56_F59_m-1f-1_P56_Y-1_U2,I56_F59_m-1f-1_P56_Y-1_U224,MXY,6,0.0,1,0,0.0,0,0,0,-9999.0,0.5,1,P55_CV0,2,1,1,1,1,0,2,0,2
64,143248.9476,-1292343.898,E64_F95_m56f56_P59_Y1_UO2560,I56_F59_m-1f-1_P56_Y-1_U227,ID56_F59_m-1f-1_P56_Y-1_U50,MXY,6,0.0,1,0,0.0,0,0,0,-9999.0,0.75,1,P55_CV0,2,2,0,1,1,0,2,0,2
64,143248.9476,-1292343.898,E64_F3_m56f56_P59_Y0_UO2924,R56_F56_m-1f-1_P56_Y-1_U242,R56_F56_m-1f-1_P56_Y-1_U36,MXY,7,0.0,1,0,0.0,0,0,0,-9999.0,0.75,1,P55_CV0,2,2,0,2,0,0,2,0,2
64,143248.9476,-1292343.898,E64_F17_m56f56_P59_Y0_UO2846,R56_F56_m-1f-1_P56_Y-1_U49,R56_F56_m-1f-1_P56_Y-1_U114,MXY,7,0.0,1,0,0.0,0,0,0,-9999.0,0.25,1,P55_CV0,2,0,2,0,2,0,2,0,2
64,143248.9476,-1292343.898,E64_F95_m56f56_P59_Y0_UO2840,R56_F56_m-1f-1_P56_Y-1_U34,R56_F56_m-1f-1_P56_Y-1_U37,FXX,7,0.0,1,0,1.0,0,0,0,-9999.0,0.0,1,P55_CV0,2,0,2,1,1,0,2,0,2
64,143248.9476,-1292343.898,E64_F79_m94f94_P91_Y4_UO4411,I94_F98_m95f95_P91_Y0_UO4854,ID94_F81_m58f58_P81_Y1_UO2668,FXX,3,0.0,1,0,1.0,0,0,0,-9999.0,0.5,1,P57_CV0,2,1,1,1,1,0,2,0,2
64,143248.9476,-1292343.898,Age0_F64_m3f3_P64_Y7_UO133,I3_F59_m79f79_P64_Y4_UO3544,I3_F59_m17f17_P64_Y5_UO976,MXY,0,0.0,0,0,0.0,0,0,0,0.0,0.3125,1,P78_CV0,2,1,1,0,2,0,2,0,2
64,143248.9476,-1292343.898,Age0_F64_m3f3_P64_Y7_UO141,I3_F59_m16f16_P59_Y4_UO942,I3_F59_m79f79_P64_Y0_UO3882,MXY,0,0.0,0,0,0.0,0,0,0,0.0,0.25,1,P78_CV0,2,0,2,2,0,0,2,0,2
64,143248.9476,-1292343.898,Age0_F64_m3f3_P64_Y7_UO167,I3_F59_m3f3_P59_Y2_UO101,I3_F64_m79f79_P59_Y1_UO3393,MXY,0,0.0,0,0,0.0,0,0,0,0.0,0.5625,1,P78_CV0,2,2,0,2,0,0,2,0,2
64,143248.9476,-1292343.898,Age0_F64_m3f3_P64_Y7_UO196,I3_F64_m-1f-1_P3_Y-1_U201,ID3_F59_m-1f-1_P79_Y-1_U97,MXY,0,0.0,0,0,0.0,0,0,0,0.0,0.5,1,P78_CV0,2,1,1,2,0,0,2,0,2
64,143248.9476,-1292343.898,Age0_F64_m17f17_P64_Y7_UO946,I17_F64_m3f3_P64_Y5_UO180,I17_F59_m17f17_P64_Y2_UO987,MXY,0,0.0,0,0,0.0,0,0,0,0.0,0.625,1,P78_CV0,2,1,1,0,2,0,2,0,2
64,143248.9476,-1292343.898,Age0_F64_m17f17_P64_Y7_UO953,I17_F64_m47f47_P64_Y5_UO2365,I17_F59_m-1f-1_P79_Y-1_U227,MXY,0,0.0,0,0,0.0,0,0,0,0.0,0.5,1,P78_CV0,2,1,1,1,1,0,2,0,2
64,143248.9476,-1292343.898,Age0_F64_m17f17_P64_Y7_UO969,I17_F64_m79f79_P64_Y4_UO3581,I17_F59_m79f79_P64_Y3_UO3624,MXY,0,0.0,0,0,0.0,0,0,0,0.0,0.5625,1,P78_CV0,2,1,1,0,2,0,2,0,2
64,143248.9476,-1292343.898,Age0_F64_m17f17_P64_Y7_UO995,I17_F64_m3f3_P59_Y0_UO116,I17_F59_m-1f-1_P79_Y-1_U227,MXY,0,0.0,0,0,0.0,0,0,0,0.0,0.625,1,P78_CV0,2,1,1,0,2,0,2,0,2
64,143248.9476,-1292343.898,Age0_F64_m17f17_P64_Y7_UO998,ID17_F59_m79f79_P59_Y0_UO3831,I17_F64_m17f17_P64_Y1_UO980,FXX,0,0.0,0,0,0.0,0,0,0,0.0,0.75,1,P78_CV0,2,1,1,2,0,0,2,0,2
64,143248.9476,-1292343.898,Age0_F64_m17f17_P64_Y7_UO1000,I17_F64_m79f79_P59_Y0_UO3917,I17_F64_m17f17_P64_Y1_UO980,FXX,0,0.0,0,0,0.0,0,0,0,0.0,0.625,1,P78_CV0,2,0,2,2,0,0,2,0,2
64,143248.9476,-1292343.898,Age0_F64_m17f17_P64_Y7_UO1005,ID17_F64_m-1f-1_P79_Y-1_U66,I17_F64_m17f17_P64_Y5_UO1032,MXY,0,0.0,0,0,0.0,0,0,0,0.0,0.5625,1,P78_CV0,2,1,1,1,1,0,2,0,2
64,143248.9476,-1292343.898,Age0_F64_m17f17_P64_Y7_UO1018,I17_F64_m-1f-1_P95_Y-1_U187,I17_F64_m-1f-1_P79_Y-1_U161,MXY,0,0.0,0,0,0.0,0,0,0,0.0,1.0,1,P78_CV0,2,2,0,0,2,0,2,0,2
64,143248.9476,-1292343.898,Age0_F64_m17f17_P64_Y7_UO1019,ID17_F64_m-1f-1_P79_Y-1_U230,ID17_F64_m79f79_P59_Y3_UO3595,FXX,0,0.0,0,0,0.0,0,0,0,0.0,0.5,1,P78_CV0,2,1,1,1,1,0,2,0,2
64,143248.9476,-1292343.898,Age0_F64_m79f79_P64_Y7_UO3570,I79_F59_m79f79_P59_Y5_UO3547,ID79_F59_m-1f-1_P79_Y-1_U73,FXX,0,0.0,0,0,0.0,0,0,0,0.0,0.71875,1,P78_CV0,2,2,0,1,1,0,2,0,2
64,143248.9476,-1292343.898,Age0_F64_m79f79_P64_Y7_UO3632,I79_F64_m79f79_P59_Y3_UO3598,ID79_F59_m17f17_P59_Y2_UO962,MXY,0,0.0,0,0,0.0,0,0,0,0.0,0.5,1,P78_CV0,2,0,2,0,2,0,2,0,2
64,143248.9476,-1292343.898,Age0_F64_m79f79_P64_Y7_UO3638,I79_F59_m17f17_P64_Y2_UO1012,I79_F64_m79f79_P59_Y2_UO3594,FXX,0,0.0,0,0,0.0,0,0,0,0.0,0.5,1,P78_CV0,2,2,0,0,2,0,2,0,2
64,143248.9476,-1292343.898,Age0_F64_m79f79_P64_Y7_UO3654,ID79_F64_m79f79_P64_Y0_UO3884,I79_F64_m47f47_P64_Y5_UO2354,MXY,0,0.0,0,0,0.0,0,0,0,0.0,0.4375,1,P78_CV0,2,0,2,1,1,0,2,0,2
64,143248.9476,-1292343.898,Age0_F64_m79f79_P64_Y7_UO3664,ID79_F59_m-1f-1_P17_Y-1_U14,I79_F59_m-1f-1_P79_Y-1_U37,FXX,0,0.0,0,0,0.0,0,0,0,0.0,0.5,1,P78_CV0,2,1,1,2,0,0,2,0,2
64,143248.9476,-1292343.898,Age0_F64_m79f79_P64_Y7_UO3675,ID79_F59_m-1f-1_P3_Y-1_U91,I79_F64_m16f16_P59_Y5_UO898,MXY,0,0.0,0,0,0.0,0,0,0,0.0,0.3125,1,P78_CV0,2,2,0,1,1,0,2,0,2
64,143248.9476,-1292343.898,Age0_F64_m95f95_P64_Y7_UO4494,I95_F64_m95f95_P64_Y5_UO4539,I95_F64_m-1f-1_P17_Y-1_U107,FXX,0,0.0,0,0,0.0,0,0,0,0.0,0.375,1,P78_CV0,2,1,1,0,2,0,2,0,2
64,143248.9476,-1292343.898,Age0_F64_m95f95_P64_Y7_UO4506,I95_F64_m95f95_P91_Y4_UO4462,I95_F64_m79f79_P64_Y4_UO3571,FXX,0,0.0,0,0,0.0,0,0,0,0.0,0.6875,1,P78_CV0,2,1,1,1,1,0,2,0,2
64,143248.9476,-1292343.898,Age0_F64_m95f95_P64_Y7_UO4507,I95_F64_m79f79_P64_Y4_UO3615,I95_F64_m79f79_P64_Y2_UO3635,MXY,0,0.0,0,0,0.0,0,0,0,0.0,0.65625,1,P78_CV0,2,1,1,1,1,0,2,0,2
64,143248.9476,-1292343.898,Age0_F64_m95f95_P64_Y7_UO4510,I95_F91_m79f79_P64_Y3_UO3637,I95_F91_m17f17_P64_Y1_UO903,MXY,0,0.0,0,0,0.0,0,0,0,0.0,0.25,1,P78_CV0,2,1,1,0,2,0,2,0,2
64,143248.9476,-1292343.898,Age0_F64_m95f95_P64_Y7_UO4512,I95_F64_m79f79_P64_Y3_UO3642,ID95_F91_m79f79_P64_Y5_UO3564,MXY,0,0.0,0,0,0.0,0,0,0,0.0,0.5,1,P78_CV0,2,1,1,1,1,0,2,0,2
64,143248.9476,-1292343.898,Age0_F64_m95f95_P64_Y7_UO4513,I95_F64_m95f95_P64_Y3_UO4460,I95_F91_m79f79_P64_Y5_UO3646,MXY,0,0.0,0,0,0.0,0,0,0,0.0,0.71875,1,P78_CV0,2,1,1,0,2,0,2,0,2
64,143248.9476,-1292343.898,Age0_F64_m95f95_P64_Y7_UO4527,I95_F81_m17f17_P64_Y1_UO964,I95_F64_m17f17_P64_Y5_UO1014,FXX,0,0.0,0,0,0.0,0,0,0,0.0,0.5,1,P78_CV0,2,2,0,2,0,0,2,0,2
64,143248.9476,-1292343.898,Age0_F64_m95f95_P64_Y7_UO4549,I95_F64_m-1f-1_P95_Y-1_U49,I95_F64_m79f79_P64_Y0_UO3894,MXY,0,0.0,0,0,0.0,0,0,0,0.0,0.125,1,P78_CV0,2,0,2,1,1,0,2,0,2
64,143248.9476,-1292343.898,E64_F3_m3f3_P59_Y6_UO117,I3_F59_m95f95_P64_Y4_UO4488,I3_F59_m-1f-1_P79_Y-1_U24,MXY,1,0.0,1,1,0.0,0,0,0,-9999.0,0.5625,1,P78_CV0,2,2,0,0,2,0,2,0,2
64,143248.9476,-1292343.898,E64_F3_m3f3_P59_Y6_UO122,I3_F59_m79f79_P64_Y4_UO3589,I3_F59_m-1f-1_P79_Y-1_U242,FXX,1,0.0,1,1,1.0,0,0,0,-9999.0,0.5,1,P78_CV0,2,1,1,1,1,0,2,0,2
64,143248.9476,-1292343.898,E64_F3_m16f16_P59_Y6_UO913,I16_F59_m79f79_P59_Y1_UO3428,I16_F59_m16f16_P59_Y4_UO930,FXX,1,0.0,1,1,1.0,0,0,0,-9999.0,0.3125,1,P78_CV0,2,1,1,1,1,0,2,0,2
64,143248.9476,-1292343.898,E64_F3_m79f79_P59_Y6_UO3592,ID79_F59_m17f17_P64_Y4_UO972,I79_F59_m-1f-1_P79_Y-1_U37,FXX,1,0.0,1,1,1.0,0,0,0,-9999.0,0.5,1,P78_CV0,2,0,2,1,1,0,2,0,2
64,143248.9476,-1292343.898,E64_F3_m79f79_P59_Y6_UO3627,I79_F59_m16f16_P59_Y3_UO852,I79_F59_m79f79_P64_Y1_UO3397,FXX,1,0.0,1,1,1.0,0,0,0,-9999.0,0.3125,1,P78_CV0,2,1,1,1,1,0,2,0,2
64,143248.9476,-1292343.898,E64_F3_m3f3_P64_Y6_UO143,I3_F59_m56f56_P59_Y3_UO2618,I3_F59_m79f79_P59_Y3_UO3625,FXX,1,0.0,1,1,1.0,0,0,0,-9999.0,0.5625,1,P78_CV0,2,0,2,2,0,0,2,0,2
64,143248.9476,-1292343.898,E64_F3_m17f17_P64_Y6_UO973,I17_F59_m17f17_P64_Y3_UO1023,I17_F59_m17f17_P64_Y2_UO987,MXY,1,0.0,1,1,0.0,0,0,0,-9999.0,0.625,1,P78_CV0,2,0,2,1,1,0,2,0,2
64,143248.9476,-1292343.898,E64_F3_m79f79_P64_Y6_UO3626,I79_F59_m56f56_P59_Y3_UO2630,I79_F64_m79f79_P59_Y3_UO3578,MXY,1,0.0,1,1,0.0,0,0,0,-9999.0,0.4375,1,P78_CV0,2,2,0,2,0,0,2,0,2
64,143248.9476,-1292343.898,E64_F17_m79f79_P59_Y6_UO3600,I79_F64_m95f95_P64_Y4_UO4498,I79_F59_m79f79_P59_Y0_UO3904,MXY,1,0.0,1,1,0.0,0,0,0,-9999.0,0.25,1,P78_CV0,2,0,2,2,0,0,2,0,2
64,143248.9476,-1292343.898,E64_F17_m3f3_P64_Y6_UO197,I3_F59_m-1f-1_P3_Y-1_U201,I3_F59_m79f79_P64_Y0_UO3882,FXX,1,0.0,1,1,1.0,0,0,0,-9999.0,0.375,1,P78_CV0,2,1,1,1,1,0,2,0,2
64,143248.9476,-1292343.898,E64_F17_m17f17_P64_Y6_UO954,I17_F64_m17f17_P64_Y4_UO981,I17_F64_m56f56_P59_Y0_UO2846,FXX,1,0.0,1,1,1.0,0,0,0,-9999.0,0.1875,1,P78_CV0,2,0,2,1,1,0,2,0,2
64,143248.9476,-1292343.898,E64_F17_m17f17_P64_Y6_UO987,ID17_F64_m3f3_P59_Y2_UO127,ID17_F64_m17f17_P64_Y4_UO997,MXY,1,0.0,1,1,0.0,0,0,0,-9999.0,0.3125,1,P78_CV0,2,0,2,0,2,0,2,0,2
64,143248.9476,-1292343.898,E64_F17_m17f17_P64_Y6_UO1009,ID17_F64_m16f16_P59_Y0_UO920,I17_F59_m17f17_P64_Y2_UO987,MXY,1,0.0,1,1,0.0,0,0,0,-9999.0,0.625,1,P78_CV0,2,0,2,0,2,0,2,0,2
64,143248.9476,-1292343.898,E64_F17_m17f17_P64_Y6_UO1015,I17_F59_m-1f-1_P79_Y-1_U66,I17_F64_m3f3_P64_Y4_UO104,FXX,1,0.0,1,1,1.0,0,0,0,-9999.0,0.3125,1,P78_CV0,2,1,1,1,1,0,2,0,2
64,143248.9476,-1292343.898,E64_F17_m17f17_P64_Y6_UO1030,I17_F64_m-1f-1_P79_Y-1_U55,I17_F64_m-1f-1_P17_Y-1_U187,FXX,1,0.0,1,1,1.0,0,0,0,-9999.0,0.25,1,P78_CV0,2,0,2,1,1,0,2,0,2
64,143248.9476,-1292343.898,E64_F17_m17f17_P64_Y6_UO1044,ID17_F64_m-1f-1_P79_Y-1_U107,ID17_F64_m-1f-1_P95_Y-1_U103,MXY,1,0.0,1,1,0.0,0,0,0,-9999.0,0.75,1,P78_CV0,2,1,1,1,1,0,2,0,2
64,143248.9476,-1292343.898,E64_F17_m79f79_P64_Y6_UO3620,ID79_F59_m3f3_P59_Y3_UO133,I79_F59_m-1f-1_P79_Y-1_U6,MXY,1,0.0,1,1,0.0,0,0,0,-9999.0,0.4375,1,P78_CV0,2,2,0,1,1,0,2,0,2
64,143248.9476,-1292343.898,E64_F17_m79f79_P64_Y6_UO3653,I79_F59_m47f47_P64_Y2_UO2318,I79_F64_m-1f-1_P79_Y-1_U92,FXX,1,0.0,1,1,1.0,0,0,0,-9999.0,0.125,1,P78_CV0,2,0,2,0,2,0,2,0,2
64,143248.9476,-1292343.898,E64_F17_m79f79_P64_Y6_UO3670,I79_F59_m79f79_P64_Y0_UO3893,I79_F64_m79f79_P59_Y3_UO3612,MXY,1,0.0,1,1,0.0,0,0,0,-9999.0,0.625,1,P78_CV0,2,1,1,2,0,0,2,0,2
64,143248.9476,-1292343.898,E64_F17_m79f79_P64_Y6_UO3672,I79_F59_m-1f-1_P79_Y-1_U127,I79_F59_m3f3_P59_Y4_UO141,MXY,1,0.0,1,1,0.0,0,0,0,-9999.0,0.0625,1,P78_CV0,2,0,2,0,2,0,2,0,2
64,143248.9476,-1292343.898,E64_F17_m79f79_P64_Y6_UO3680,I79_F64_m-1f-1_P17_Y-1_U16,I79_F64_m-1f-1_P79_Y-1_U88,FXX,1,0.0,1,1,1.0,0,0,0,-9999.0,1.0,1,P78_CV0,2,2,0,1,1,0,2,0,2
64,143248.9476,-1292343.898,E64_F17_m95f95_P64_Y6_UO4527,I95_F28_m95f95_P91_Y4_UO4460,ID95_F64_m79f79_P64_Y2_UO3604,FXX,1,0.0,1,1,1.0,0,0,0,-9999.0,0.65625,1,P78_CV0,2,2,0,0,2,0,2,0,2
64,143248.9476,-1292343.898,E64_F17_m95f95_P64_Y6_UO4539,I95_F64_m95f95_P64_Y3_UO4493,I95_F91_m79f79_P64_Y4_UO3571,FXX,1,0.0,1,1,1.0,0,0,0,-9999.0,0.625,1,P78_CV0,2,1,1,1,1,0,2,0,2
64,143248.9476,-1292343.898,E64_F17_m95f95_P64_Y6_UO4548,ID95_F64_m79f79_P64_Y2_UO3614,I95_F91_m17f17_P64_Y3_UO953,FXX,1,0.0,1,1,1.0,0,0,0,-9999.0,0.3125,1,P78_CV0,2,1,1,2,0,0,2,0,2
64,143248.9476,-1292343.898,E64_F17_m95f95_P64_Y6_UO4566,I95_F91_m-1f-1_P95_Y-1_U13,I95_F91_m79f79_P64_Y4_UO3571,MXY,1,0.0,1,1,0.0,0,0,0,-9999.0,0.625,1,P78_CV0,2,1,1,0,2,0,2,0,2
64,143248.9476,-1292343.898,E64_F79_m17f17_P64_Y6_UO1028,I17_F59_m-1f-1_P17_Y-1_U38,I17_F64_m79f79_P59_Y1_UO3434,FXX,1,0.0,1,1,1.0,0,0,0,-9999.0,0.875,1,P78_CV0,2,2,0,2,0,0,2,0,2
64,143248.9476,-1292343.898,E64_F79_m79f79_P59_Y6_UO3673,I79_F59_m-1f-1_P17_Y-1_U214,I79_F59_m79f79_P59_Y0_UO3904,FXX,1,0.0,1,1,1.0,0,0,0,-9999.0,0.0,1,P78_CV0,2,0,2,1,1,0,2,0,2
64,143248.9476,-1292343.898,E64_F79_m79f79_P59_Y6_UO3591,ID79_F64_m3f3_P64_Y4_UO181,I79_F59_m-1f-1_P79_Y-1_U89,FXX,1,0.0,1,1,1.0,0,0,0,-9999.0,0.21875,1,P78_CV0,2,1,1,1,1,0,2,0,2
64,143248.9476,-1292343.898,E64_F79_m79f79_P59_Y6_UO3577,I79_F59_m79f79_P64_Y4_UO3577,I79_F59_m-1f-1_P79_Y-1_U122,MXY,1,0.0,1,1,0.0,0,0,0,-9999.0,0.5,1,P78_CV0,2,1,1,1,1,0,2,0,2
64,143248.9476,-1292343.898,E64_F79_m3f3_P59_Y6_UO164,ID3_F59_m79f79_P59_Y2_UO3582,I3_F59_m79f79_P59_Y3_UO3602,FXX,1,0.0,1,1,1.0,0,0,0,-9999.0,0.125,1,P78_CV0,2,0,2,1,1,0,2,0,2
64,143248.9476,-1292343.898,E64_F79_m17f17_P64_Y6_UO1019,I17_F64_m-1f-1_P17_Y-1_U64,ID17_F64_m79f79_P59_Y3_UO3595,MXY,1,0.0,1,1,0.0,0,0,0,-9999.0,0.75,1,P78_CV0,2,1,1,1,1,0,2,0,2
64,143248.9476,-1292343.898,E64_F79_m17f17_P64_Y6_UO1047,ID17_F64_m-1f-1_P79_Y-1_U60,I17_F64_m-1f-1_P17_Y-1_U122,MXY,1,0.0,1,1,0.0,0,0,0,-9999.0,0.75,1,P78_CV0,2,1,1,0,2,0,2,0,2
64,143248.9476,-1292343.898,E64_F79_m3f3_P59_Y6_UO200,I3_F59_m-1f-1_P3_Y-1_U144,I3_F59_m-1f-1_P79_Y-1_U242,FXX,1,0.0,1,1,1.0,0,0,0,-9999.0,0.25,1,P78_CV0,2,1,1,2,0,0,2,0,2
64,143248.9476,-1292343.898,E64_F79_m95f95_P64_Y6_UO4564,ID95_F64_m-1f-1_P79_Y-1_U39,I95_F64_m79f79_P64_Y1_UO3461,MXY,1,0.0,1,1,0.0,0,0,0,-9999.0,0.375,1,P78_CV0,2,1,1,1,1,0,2,0,2
64,143248.9476,-1292343.898,E64_F79_m79f79_P64_Y6_UO3684,I79_F59_m-1f-1_P79_Y-1_U245,I79_F64_m-1f-1_P79_Y-1_U223,MXY,1,0.0,1,1,0.0,0,0,0,-9999.0,0.75,1,P78_CV0,2,2,0,1,1,0,2,0,2
64,143248.9476,-1292343.898,E64_F95_m3f3_P64_Y6_UO142,ID3_F59_m16f16_P59_Y3_UO912,I3_F59_m79f79_P59_Y1_UO3393,FXX,1,0.0,1,1,1.0,0,0,0,-9999.0,0.75,1,P78_CV0,2,2,0,0,2,0,2,0,2
64,143248.9476,-1292343.898,E64_F95_m3f3_P64_Y6_UO191,ID3_F64_m79f79_P59_Y0_UO3892,ID3_F64_m-1f-1_P3_Y-1_U197,MXY,1,0.0,1,1,0.0,0,0,0,-9999.0,0.375,1,P78_CV0,2,1,1,1,1,0,2,0,2
64,143248.9476,-1292343.898,E64_F95_m17f17_P64_Y6_UO960,I17_F59_m3f3_P64_Y4_UO150,ID17_F64_m79f79_P64_Y2_UO3646,MXY,1,0.0,1,1,0.0,0,0,0,-9999.0,0.5625,1,P78_CV0,2,2,0,1,1,0,2,0,2
64,143248.9476,-1292343.898,E64_F95_m17f17_P64_Y6_UO969,I17_F64_m56f56_P59_Y3_UO2619,I17_F64_m79f79_P64_Y3_UO3624,FXX,1,0.0,1,1,1.0,0,0,0,-9999.0,0.4375,1,P78_CV0,2,1,1,0,2,0,2,0,2
64,143248.9476,-1292343.898,E64_F95_m17f17_P64_Y6_UO975,I17_F64_m47f47_P64_Y3_UO2344,I17_F64_m79f79_P64_Y3_UO3624,FXX,1,0.0,1,1,1.0,0,0,0,-9999.0,0.5,1,P78_CV0,2,1,1,0,2,0,2,0,2
64,143248.9476,-1292343.898,E64_F95_m17f17_P64_Y6_UO1027,I17_F64_m-1f-1_P95_Y-1_U244,ID17_F64_m79f79_P64_Y2_UO3646,FXX,1,0.0,1,1,1.0,0,0,0,-9999.0,0.5,1,P78_CV0,2,1,1,1,1,0,2,0,2
64,143248.9476,-1292343.898,E64_F95_m17f17_P64_Y6_UO1031,I17_F64_m-1f-1_P17_Y-1_U142,I17_F59_m-1f-1_P79_Y-1_U186,MXY,1,0.0,1,1,0.0,0,0,0,-9999.0,0.75,1,P78_CV0,2,1,1,1,1,0,2,0,2
64,143248.9476,-1292343.898,E64_F95_m79f79_P64_Y6_UO3609,I79_F59_m3f3_P59_Y4_UO103,I79_F64_m56f56_P59_Y4_UO2639,FXX,1,0.0,1,1,1.0,0,0,0,-9999.0,0.625,1,P78_CV0,2,1,1,2,0,0,2,0,2
64,143248.9476,-1292343.898,E64_F95_m79f79_P64_Y6_UO3618,I79_F59_m79f79_P59_Y3_UO3577,I79_F64_m16f16_P59_Y3_UO920,MXY,1,0.0,1,1,0.0,0,0,0,-9999.0,0.25,1,P78_CV0,2,0,2,1,1,0,2,0,2
64,143248.9476,-1292343.898,E64_F95_m79f79_P64_Y6_UO3656,I79_F64_m95f95_P64_Y2_UO4471,ID79_F59_m47f47_P64_Y2_UO2354,MXY,1,0.0,1,1,0.0,0,0,0,-9999.0,0.4375,1,P78_CV0,2,2,0,1,1,0,2,0,2
64,143248.9476,-1292343.898,E64_F95_m95f95_P64_Y6_UO4540,I95_F64_m79f79_P64_Y3_UO3642,I95_F64_m-1f-1_P95_Y-1_U149,MXY,1,0.0,1,1,0.0,0,0,0,-9999.0,0.625,1,P78_CV0,2,2,0,1,1,0,2,0,2
64,143248.9476,-1292343.898,E64_F95_m95f95_P91_Y6_UO4535,I95_F64_m79f79_P64_Y3_UO3637,I95_F64_m17f17_P64_Y4_UO986,FXX,1,0.0,1,1,1.0,0,0,0,-9999.0,0.3125,1,P78_CV0,2,0,2,0,2,0,2,0,2
64,143248.9476,-1292343.898,E64_F95_m95f95_P91_Y6_UO4547,I95_F64_m17f17_P64_Y2_UO1006,ID95_F64_m17f17_P59_Y1_UO942,MXY,1,0.0,1,1,0.0,0,0,0,-9999.0,0.5,1,P78_CV0,2,0,2,2,0,0,2,0,2
64,143248.9476,-1292343.898,E64_F17_m17f17_P64_Y5_UO1036,ID17_F64_m-1f-1_P79_Y-1_U60,I17_F64_m-1f-1_P17_Y-1_U80,MXY,2,0.0,1,0,0.0,0,0,0,-9999.0,0.5,1,P78_CV0,2,1,1,2,0,0,2,0,2
64,143248.9476,-1292343.898,E64_F17_m79f79_P64_Y5_UO3651,I79_F59_m-1f-1_P79_Y-1_U139,I79_F59_m16f16_P59_Y3_UO897,FXX,2,0.0,1,0,1.0,0,0,0,-9999.0,0.75,1,P78_CV0,2,2,0,1,1,0,2,0,2
64,143248.9476,-1292343.898,E64_F17_m95f95_P64_Y5_UO4540,I95_F64_m-1f-1_P95_Y-1_U186,I95_F64_m17f17_P64_Y2_UO950,MXY,2,0.0,1,0,0.0,0,0,0,-9999.0,0.5,1,P78_CV0,2,2,0,0,2,0,2,0,2
64,143248.9476,-1292343.898,E64_F17_m17f17_P64_Y5_UO980,I17_F64_m79f79_P64_Y1_UO3399,ID17_F81_m17f17_P64_Y2_UO959,FXX,2,0.0,1,0,1.0,0,0,0,-9999.0,0.375,1,P78_CV0,2,0,2,0,2,0,2,0,2
64,143248.9476,-1292343.898,E64_F17_m95f95_P64_Y5_UO4491,I95_F64_m79f79_P64_Y2_UO3609,I95_F91_m17f17_P64_Y2_UO974,MXY,2,0.0,1,0,0.0,0,0,0,-9999.0,0.375,1,P78_CV0,2,0,2,2,0,0,2,0,2
64,143248.9476,-1292343.898,E64_F17_m17f17_P64_Y5_UO1022,I17_F64_m-1f-1_P79_Y-1_U240,ID17_F59_m79f79_P64_Y1_UO3433,FXX,2,0.0,1,0,1.0,0,0,0,-9999.0,0.625,1,P78_CV0,2,2,0,1,1,0,2,0,2
64,143248.9476,-1292343.898,E64_F17_m95f95_P64_Y5_UO4478,ID95_F64_m79f79_P64_Y3_UO3637,I95_F91_m94f94_P91_Y3_UO4388,MXY,2,0.0,1,0,0.0,0,0,0,-9999.0,0.25,1,P78_CV0,2,1,1,0,2,0,2,0,2
64,143248.9476,-1292343.898,E64_F79_m16f16_P59_Y5_UO898,I16_F59_m3f3_P59_Y1_UO142,I16_F59_m-1f-1_P16_Y-1_U24,MXY,2,0.0,1,0,0.0,0,0,0,-9999.0,0.125,1,P78_CV0,2,1,1,1,1,0,2,0,2
64,143248.9476,-1292343.898,E64_F95_m79f79_P64_Y5_UO3646,ID79_F59_m-1f-1_P79_Y-1_U23,I79_F59_m17f17_P64_Y3_UO989,MXY,2,0.0,1,0,0.0,0,0,0,-9999.0,0.4375,1,P78_CV0,2,1,1,0,2,0,2,0,2
64,143248.9476,-1292343.898,E64_F95_m95f95_P64_Y5_UO4539,I95_F91_m-1f-1_P95_Y-1_U49,I95_F64_m17f17_P64_Y2_UO950,FXX,2,0.0,1,0,1.0,0,0,0,-9999.0,0.25,1,P78_CV0,2,0,2,1,1,0,2,0,2
64,143248.9476,-1292343.898,E64_F95_m79f79_P59_Y5_UO3652,I79_F59_m-1f-1_P79_Y-1_U111,I79_F64_m79f79_P59_Y0_UO3904,FXX,2,0.0,1,0,1.0,0,0,0,-9999.0,0.25,1,P78_CV0,2,0,2,2,0,0,2,0,2
64,143248.9476,-1292343.898,E64_F95_m79f79_P64_Y5_UO3635,I79_F59_m-1f-1_P79_Y-1_U124,I79_F64_m-1f-1_P79_Y-1_U51,MXY,2,0.0,1,0,0.0,0,0,0,-9999.0,0.5,1,P78_CV0,2,1,1,2,0,0,2,0,2
64,143248.9476,-1292343.898,E64_F17_m79f79_P64_Y4_UO3581,I79_F59_m16f16_P59_Y0_UO959,I79_F59_m79f79_P59_Y0_UO3879,FXX,3,0.0,1,0,1.0,0,0,0,-9999.0,0.625,1,P78_CV0,2,1,1,0,2,0,2,0,2
64,143248.9476,-1292343.898,E64_F17_m17f17_P64_Y4_UO997,I17_F64_m-1f-1_P79_Y-1_U66,I17_F64_m-1f-1_P17_Y-1_U35,MXY,3,0.0,1,0,0.0,0,0,0,-9999.0,0.25,1,P78_CV0,2,0,2,1,1,0,2,0,2
64,143248.9476,-1292343.898,E64_F79_m3f3_P59_Y4_UO154,I3_F59_m79f79_P59_Y0_UO3911,I3_F59_m-1f-1_P3_Y-1_U211,FXX,3,0.0,1,0,1.0,0,0,0,-9999.0,0.375,1,P78_CV0,2,1,1,1,1,0,2,0,2
64,143248.9476,-1292343.898,E64_F79_m17f17_P64_Y4_UO1035,I17_F64_m-1f-1_P79_Y-1_U81,I17_F59_m79f79_P64_Y2_UO3637,MXY,3,0.0,1,0,0.0,0,0,0,-9999.0,0.625,1,P78_CV0,2,2,0,1,1,0,2,0,2
64,143248.9476,-1292343.898,E64_F79_m95f95_P64_Y4_UO4492,ID95_F64_m79f79_P64_Y0_UO3854,I95_F64_m-1f-1_P95_Y-1_U191,MXY,3,0.0,1,0,0.0,0,0,0,-9999.0,0.375,1,P78_CV0,2,2,0,2,0,0,2,0,2
64,143248.9476,-1292343.898,E64_F79_m3f3_P59_Y4_UO119,I3_F59_m95f95_P64_Y2_UO4512,I3_F64_m79f79_P64_Y0_UO3882,MXY,3,0.0,1,0,0.0,0,0,0,-9999.0,0.5,1,P78_CV0,2,0,2,1,1,0,2,0,2
64,143248.9476,-1292343.898,E64_F95_m79f79_P64_Y4_UO3571,I79_F64_m79f79_P59_Y1_UO3426,I79_F64_m3f3_P59_Y2_UO185,MXY,3,0.0,1,0,0.0,0,0,0,-9999.0,0.75,1,P78_CV0,2,2,0,0,2,0,2,0,2
64,143248.9476,-1292343.898,E64_F95_m95f95_P64_Y4_UO4497,I95_F64_m-1f-1_P79_Y-1_U39,I95_F81_m-1f-1_P95_Y-1_U5,MXY,3,0.0,1,0,0.0,0,0,0,-9999.0,0.25,1,P78_CV0,2,1,1,0,2,0,2,0,2
64,143248.9476,-1292343.898,E64_F95_m79f79_P64_Y4_UO3549,I79_F64_m95f95_P64_Y2_UO4528,I79_F64_m-1f-1_P79_Y-1_U13,FXX,3,0.0,1,0,1.0,0,0,0,-9999.0,0.625,1,P78_CV0,2,1,1,1,1,0,2,0,2
64,143248.9476,-1292343.898,E64_F3_m95f95_P64_Y3_UO4459,I95_F64_m-1f-1_P95_Y-1_U37,I95_F64_m79f79_P64_Y1_UO3439,MXY,4,0.0,1,0,0.0,0,0,0,-9999.0,0.75,1,P78_CV0,2,2,0,1,1,0,2,0,2
64,143248.9476,-1292343.898,E64_F17_m79f79_P59_Y3_UO3613,I79_F59_m-1f-1_P79_Y-1_U98,I79_F59_m56f56_P59_Y1_UO2588,MXY,4,0.0,1,0,0.0,0,0,0,-9999.0,0.75,1,P78_CV0,2,2,0,1,1,0,2,0,2
64,143248.9476,-1292343.898,E64_F17_m79f79_P59_Y3_UO3595,ID79_F59_m-1f-1_P79_Y-1_U202,I79_F64_m-1f-1_P79_Y-1_U52,MXY,4,0.0,1,0,0.0,0,0,0,-9999.0,0.5,1,P78_CV0,2,1,1,2,0,0,2,0,2
64,143248.9476,-1292343.898,E64_F17_m79f79_P64_Y3_UO3624,I79_F59_m-1f-1_P79_Y-1_U230,I79_F59_m-1f-1_P79_Y-1_U122,MXY,4,0.0,1,0,0.0,0,0,0,-9999.0,0.5,1,P78_CV0,2,1,1,0,2,0,2,0,2
64,143248.9476,-1292343.898,E64_F79_m79f79_P64_Y3_UO3616,I79_F59_m-1f-1_P3_Y-1_U176,I79_F59_m-1f-1_P79_Y-1_U196,FXX,4,0.0,1,0,1.0,0,0,0,-9999.0,0.5,1,P78_CV0,2,0,2,1,1,0,2,0,2
64,143248.9476,-1292343.898,E64_F79_m3f3_P59_Y3_UO125,I3_F64_m3f3_P59_Y0_UO165,I3_F59_m79f79_P59_Y0_UO3872,FXX,4,0.0,1,0,1.0,0,0,0,-9999.0,0.75,1,P78_CV0,2,2,0,1,1,0,2,0,2
64,143248.9476,-1292343.898,E64_F79_m79f79_P59_Y3_UO3598,I79_F64_m-1f-1_P79_Y-1_U224,I79_F59_m-1f-1_P79_Y-1_U65,FXX,4,0.0,1,0,1.0,0,0,0,-9999.0,0.25,1,P78_CV0,2,0,2,1,1,0,2,0,2
64,143248.9476,-1292343.898,E64_F95_m79f79_P64_Y3_UO3637,ID79_F59_m-1f-1_P79_Y-1_U184,I79_F64_m-1f-1_P79_Y-1_U89,FXX,4,0.0,1,0,1.0,0,0,0,-9999.0,0.0,1,P78_CV0,2,0,2,1,1,0,2,0,2
64,143248.9476,-1292343.898,E64_F95_m79f79_P64_Y3_UO3642,I79_F59_m-1f-1_P79_Y-1_U38,I79_F59_m56f56_P59_Y1_UO2520,FXX,4,0.0,1,0,1.0,0,0,0,-9999.0,0.75,1,P78_CV0,2,1,1,0,2,0,2,0,2
64,143248.9476,-1292343.898,E64_F3_m79f79_P59_Y2_UO3629,ID79_F64_m-1f-1_P79_Y-1_U111,ID79_F64_m3f3_P59_Y0_UO182,FXX,5,0.0,1,0,1.0,0,0,0,-9999.0,0.5,1,P78_CV0,2,1,1,1,1,0,2,0,2
64,143248.9476,-1292343.898,E64_F17_m17f17_P64_Y2_UO987,ID17_F64_m-1f-1_P79_Y-1_U35,I17_F64_m-1f-1_P17_Y-1_U157,MXY,5,0.0,1,0,0.0,0,0,0,-9999.0,0.75,1,P78_CV0,2,1,1,0,2,0,2,0,2
64,143248.9476,-1292343.898,E64_F47_m17f17_P64_Y2_UO950,ID17_F64_m95f95_P64_Y0_UO4888,I17_F64_m79f79_P64_Y0_UO3834,MXY,5,0.0,1,0,0.0,0,0,0,-9999.0,0.5,1,P78_CV0,2,1,1,0,2,0,2,0,2
64,143248.9476,-1292343.898,E64_F79_m79f79_P59_Y2_UO3594,I79_F59_m-1f-1_P79_Y-1_U124,I79_F59_m-1f-1_P79_Y-1_U185,MXY,5,0.0,1,0,0.0,0,0,0,-9999.0,0.75,1,P78_CV0,2,1,1,1,1,0,2,0,2
64,143248.9476,-1292343.898,E64_F79_m79f79_P64_Y2_UO3587,I79_F64_m-1f-1_P79_Y-1_U66,I79_F59_m-1f-1_P79_Y-1_U207,MXY,5,0.0,1,0,0.0,0,0,0,-9999.0,0.5,1,P78_CV0,2,2,0,2,0,0,2,0,2
64,143248.9476,-1292343.898,E64_F95_m17f17_P64_Y2_UO974,I17_F64_m-1f-1_P17_Y-1_U185,ID17_F64_m-1f-1_P79_Y-1_U68,MXY,5,0.0,1,0,0.0,0,0,0,-9999.0,0.25,1,P78_CV0,2,0,2,1,1,0,2,0,2
64,143248.9476,-1292343.898,E64_F95_m79f79_P64_Y2_UO3627,ID79_F59_m-1f-1_P79_Y-1_U29,ID79_F64_m-1f-1_P79_Y-1_U193,MXY,5,0.0,1,0,0.0,0,0,0,-9999.0,0.5,1,P78_CV0,2,1,1,1,1,0,2,0,2
64,143248.9476,-1292343.898,E64_F95_m79f79_P64_Y2_UO3625,I79_F59_m-1f-1_P79_Y-1_U239,ID79_F59_m56f56_P59_Y0_UO2877,MXY,5,0.0,1,0,0.0,0,0,0,-9999.0,0.625,1,P78_CV0,2,1,1,1,1,0,2,0,2
64,143248.9476,-1292343.898,E64_F95_m79f79_P64_Y2_UO3614,I79_F59_m-1f-1_P79_Y-1_U9,ID79_F59_m-1f-1_P79_Y-1_U158,FXX,5,0.0,1,0,1.0,0,0,0,-9999.0,0.25,1,P78_CV0,2,1,1,1,1,0,2,0,2
64,143248.9476,-1292343.898,E64_F3_m79f79_P59_Y1_UO3437,I79_F59_m-1f-1_P79_Y-1_U23,I79_F59_m-1f-1_P79_Y-1_U94,MXY,6,0.0,1,0,0.0,0,0,0,-9999.0,0.25,1,P78_CV0,2,1,1,1,1,0,2,0,2
64,143248.9476,-1292343.898,E64_F17_m79f79_P64_Y1_UO3449,ID79_F59_m-1f-1_P79_Y-1_U111,I79_F64_m-1f-1_P79_Y-1_U244,FXX,6,0.0,1,0,1.0,0,0,0,-9999.0,0.25,1,P78_CV0,2,0,2,1,1,0,2,0,2
64,143248.9476,-1292343.898,E64_F79_m79f79_P64_Y1_UO3397,ID79_F59_m-1f-1_P79_Y-1_U198,I79_F59_m-1f-1_P79_Y-1_U158,MXY,6,0.0,1,0,0.0,0,0,0,-9999.0,0.0,1,P78_CV0,2,0,2,1,1,0,2,0,2
64,143248.9476,-1292343.898,E64_F95_m17f17_P59_Y1_UO942,ID17_F59_m-1f-1_P79_Y-1_U240,ID17_F59_m-1f-1_P79_Y-1_U49,MXY,6,0.0,1,0,0.0,0,0,0,-9999.0,0.5,1,P78_CV0,2,0,2,1,1,0,2,0,2
64,143248.9476,-1292343.898,E64_F95_m79f79_P64_Y1_UO3461,I79_F59_m-1f-1_P79_Y-1_U184,ID79_F64_m-1f-1_P79_Y-1_U159,MXY,6,0.0,1,0,0.0,0,0,0,-9999.0,0.25,1,P78_CV0,2,0,2,1,1,0,2,0,2
64,143248.9476,-1292343.898,E64_F95_m79f79_P64_Y1_UO3451,I79_F59_m-1f-1_P79_Y-1_U181,I79_F59_m-1f-1_P79_Y-1_U207,MXY,6,0.0,1,0,0.0,0,0,0,-9999.0,0.25,1,P78_CV0,2,1,1,2,0,0,2,0,2
64,143248.9476,-1292343.898,E64_F3_m79f79_P59_Y0_UO3895,R79_F79_m-1f-1_P79_Y-1_U177,R79_F79_m-1f-1_P79_Y-1_U192,MXY,7,0.0,1,0,0.0,0,0,0,-9999.0,0.5,1,P78_CV0,2,1,1,1,1,0,2,0,2
64,143248.9476,-1292343.898,E64_F17_m79f79_P64_Y0_UO3828,R79_F79_m-1f-1_P79_Y-1_U16,R79_F79_m-1f-1_P79_Y-1_U165,MXY,7,0.0,1,0,0.0,0,0,0,-9999.0,0.5,1,P78_CV0,2,1,1,0,2,0,2,0,2
64,143248.9476,-1292343.898,E64_F17_m79f79_P59_Y0_UO3831,R79_F79_m-1f-1_P79_Y-1_U26,R79_F79_m-1f-1_P79_Y-1_U131,FXX,7,0.0,1,0,1.0,0,0,0,-9999.0,0.75,1,P78_CV0,2,1,1,2,0,0,2,0,2
64,143248.9476,-1292343.898,E64_F17_m79f79_P59_Y0_UO3917,R79_F79_m-1f-1_P79_Y-1_U233,R79_F79_m-1f-1_P79_Y-1_U186,FXX,7,0.0,1,0,1.0,0,0,0,-9999.0,0.5,1,P78_CV0,2,0,2,2,0,0,2,0,2
64,143248.9476,-1292343.898,E64_F79_m79f79_P64_Y0_UO3884,R79_F79_m-1f-1_P79_Y-1_U152,R79_F79_m-1f-1_P79_Y-1_U48,FXX,7,0.0,1,0,1.0,0,0,0,-9999.0,0.25,1,P78_CV0,2,0,2,0,2,0,2,0,2
64,143248.9476,-1292343.898,E64_F17_m-1f-1_P79_Y-1_U66,-9999,-9999,FXX,8,0.0,1,0,1.0,0,0,0,-9999.0,0.5,1,P78_CV0,2,1,1,1,1,0,2,0,2
64,143248.9476,-1292343.898,E64_F95_m-1f-1_P79_Y-1_U49,-9999,-9999,MXY,8,0.0,1,0,0.0,0,0,0,-9999.0,0.5,1,P78_CV0,2,1,1,0,2,0,2,0,2
64,143248.9476,-1292343.898,E64_F17_m-1f-1_P79_Y-1_U118,-9999,-9999,MXY,9,0.0,1,0,0.0,0,0,0,-9999.0,0.5,1,P78_CV0,2,1,1,1,1,0,2,0,2
64,143248.9476,-1292343.898,E64_F17_m-1f-1_P79_Y-1_U124,-9999,-9999,FXX,9,0.0,1,0,1.0,0,0,0,-9999.0,1.0,1,P78_CV0,2,2,0,1,1,0,2,0,2
64,143248.9476,-1292343.898,E64_F17_m-1f-1_P79_Y-1_U206,-9999,-9999,MXY,10,0.0,1,0,0.0,0,0,0,-9999.0,1.0,1,P78_CV0,2,2,0,2,0,0,2,0,2
64,143248.9476,-1292343.898,E64_F79_m-1f-1_P79_Y-1_U6,-9999,-9999,MXY,10,0.0,1,0,0.0,0,0,0,-9999.0,0.5,1,P78_CV0,2,1,1,1,1,0,2,0,2
64,143248.9476,-1292343.898,E64_F79_m-1f-1_P79_Y-1_U122,-9999,-9999,MXY,10,0.0,1,0,0.0,0,0,0,-9999.0,0.5,1,P78_CV0,2,1,1,0,2,0,2,0,2
64,143248.9476,-1292343.898,E64_F79_m-1f-1_P79_Y-1_U132,-9999,-9999,FXX,10,0.0,1,0,1.0,0,0,0,-9999.0,1.0,1,P78_CV0,2,2,0,2,0,0,2,0,2
64,143248.9476,-1292343.898,E64_F79_m-1f-1_P79_Y-1_U78,-9999,-9999,MXY,11,0.0,1,0,0.0,0,0,0,-9999.0,0.5,1,P78_CV0,2,1,1,2,0,0,2,0,2
64,143248.9476,-1292343.898,E64_F17_m-1f-1_P79_Y-1_U227,-9999,-9999,MXY,12,0.0,1,0,0.0,0,0,0,-9999.0,0.5,1,P78_CV0,2,1,1,1,1,0,2,0,2
64,143248.9476,-1292343.898,E64_F17_m-1f-1_P79_Y-1_U230,-9999,-9999,FXX,12,0.0,1,0,1.0,0,0,0,-9999.0,0.5,1,P78_CV0,2,1,1,1,1,0,2,0,2
64,143248.9476,-1292343.898,E64_F79_m-1f-1_P79_Y-1_U23,-9999,-9999,FXX,12,0.0,1,0,1.0,0,0,0,-9999.0,0.5,1,P78_CV0,2,1,1,0,2,0,2,0,2
64,143248.9476,-1292343.898,E64_F17_m-1f-1_P79_Y-1_U186,-9999,-9999,MXY,13,0.0,1,0,0.0,0,0,0,-9999.0,0.5,1,P78_CV0,2,1,1,1,1,0,2,0,2
64,143248.9476,-1292343.898,E64_F79_m-1f-1_P79_Y-1_U85,-9999,-9999,MXY,13,0.0,1,0,0.0,0,0,0,-9999.0,0.5,1,P78_CV0,2,1,1,1,1,0,2,0,2
64,143248.9476,-1292343.898,E64_F17_m-1f-1_P79_Y-1_U68,-9999,-9999,MXY,15,0.0,1,0,0.0,0,0,0,-9999.0,0.0,1,P78_CV0,2,0,2,2,0,0,2,0,2
64,143248.9476,-1292343.898,E64_F79_m-1f-1_P79_Y-1_U73,-9999,-9999,MXY,16,0.0,1,0,0.0,0,0,0,-9999.0,1.0,1,P78_CV0,2,2,0,2,0,0,2,0,2
64,143248.9476,-1292343.898,E64_F95_m80f80_P81_Y6_UO3768,I80_F72_m58f58_P72_Y2_UO2761,I80_F72_m5f5_P81_Y4_UO305,MXY,1,0.0,1,1,0.0,0,0,0,-9999.0,0.4375,1,P79_CV0,2,1,1,2,0,0,2,0,2
64,143248.9476,-1292343.898,E64_F95_m80f80_P81_Y4_UO3641,ID80_F81_m80f80_P72_Y2_UO3703,ID80_F72_m80f80_P81_Y1_UO3522,FXX,3,0.0,1,0,1.0,0,0,0,-9999.0,0.5625,1,P79_CV0,2,1,1,1,1,0,2,0,2
64,143248.9476,-1292343.898,Age0_F64_m47f47_P64_Y7_UO2363,I47_F81_m80f80_P81_Y3_UO3693,I47_F81_m95f95_P64_Y4_UO4478,FXX,0,0.0,0,0,0.0,0,0,0,0.0,0.5625,1,P93_CV0,2,1,1,1,1,0,2,0,2
64,143248.9476,-1292343.898,E64_F95_m94f94_P91_Y6_UO4494,I94_F98_m-1f-1_P94_Y-1_U131,I94_F81_m5f5_P81_Y0_UO332,MXY,1,0.0,1,1,0.0,0,0,0,-9999.0,0.5,1,P93_CV0,2,0,2,0,2,0,2,0,2
64,143248.9476,-1292343.898,E64_F47_m80f80_P81_Y3_UO3693,I80_F81_m5f5_P81_Y0_UO351,I80_F81_m94f94_P81_Y0_UO4730,FXX,4,0.0,1,0,1.0,0,0,0,-9999.0,0.375,1,P93_CV0,2,0,2,0,2,0,2,0,2
64,143248.9476,-1292343.898,E64_F95_m94f94_P91_Y3_UO4388,I94_F81_m-1f-1_P94_Y-1_U236,I94_F81_m-1f-1_P94_Y-1_U159,MXY,4,0.0,1,0,0.0,0,0,0,-9999.0,0.5,1,P93_CV0,2,1,1,0,2,0,2,0,2
64,143248.9476,-1292343.898,E64_F95_m94f94_P81_Y3_UO4428,I94_F81_m-1f-1_P94_Y-1_U145,ID94_F99_m58f58_P99_Y1_UO2627,MXY,4,0.0,1,0,0.0,0,0,0,-9999.0,0.375,1,P93_CV0,2,1,1,0,2,0,2,0,2
64,143248.9476,-1292343.898,E64_F95_m94f94_P91_Y1_UO4203,I94_F81_m-1f-1_P94_Y-1_U62,I94_F81_m-1f-1_P94_Y-1_U40,MXY,6,0.0,1,0,0.0,0,0,0,-9999.0,0.25,1,P93_CV0,2,0,2,0,2,0,2,0,2
64,143248.9476,-1292343.898,Age0_F64_m3f3_P64_Y7_UO112,ID3_F59_m3f3_P59_Y5_UO151,ID3_F64_m16f16_P59_Y3_UO907,MXY,0,0.0,0,0,0.0,0,0,0,0.0,0.4375,1,P94_CV0,2,2,0,0,2,0,2,0,2
64,143248.9476,-1292343.898,Age0_F64_m3f3_P64_Y7_UO125,ID3_F59_m3f3_P59_Y5_UO109,I3_F59_m95f95_P64_Y1_UO4289,FXX,0,0.0,0,0,0.0,0,0,0,0.0,0.375,1,P94_CV0,2,1,1,1,1,0,2,0,2
64,143248.9476,-1292343.898,Age0_F64_m3f3_P64_Y7_UO169,I3_F59_m79f79_P59_Y2_UO3629,I3_F59_m17f17_P59_Y5_UO950,MXY,0,0.0,0,0,0.0,0,0,0,0.0,0.46875,1,P94_CV0,2,1,1,1,1,0,2,0,2
64,143248.9476,-1292343.898,Age0_F64_m17f17_P64_Y7_UO936,I17_F64_m95f95_P64_Y5_UO4480,ID17_F64_m-1f-1_P47_Y-1_U99,FXX,0,0.0,0,0,0.0,0,0,0,0.0,0.40625,1,P94_CV0,2,1,1,1,1,0,2,0,2
64,143248.9476,-1292343.898,Age0_F64_m17f17_P64_Y7_UO938,I17_F64_m17f17_P64_Y5_UO1021,I17_F64_m-1f-1_P95_Y-1_U92,FXX,0,0.0,0,0,0.0,0,0,0,0.0,0.75,1,P94_CV0,2,2,0,1,1,0,2,0,2
64,143248.9476,-1292343.898,Age0_F64_m17f17_P64_Y7_UO939,I17_F64_m95f95_P64_Y5_UO4525,I17_F64_m56f56_P59_Y0_UO2846,MXY,0,0.0,0,0,0.0,0,0,0,0.0,0.375,1,P94_CV0,2,0,2,0,2,0,2,0,2
64,143248.9476,-1292343.898,Age0_F64_m17f17_P64_Y7_UO940,ID17_F64_m17f17_P64_Y5_UO980,I17_F64_m95f95_P64_Y4_UO4500,MXY,0,0.0,0,0,0.0,0,0,0,0.0,0.5,1,P94_CV0,2,1,1,1,1,0,2,0,2
64,143248.9476,-1292343.898,Age0_F64_m17f17_P64_Y7_UO950,I17_F59_m17f17_P64_Y5_UO1022,I17_F64_m95f95_P64_Y0_UO4887,MXY,0,0.0,0,0,0.0,0,0,0,0.0,0.5625,1,P94_CV0,2,1,1,0,2,0,2,0,2
64,143248.9476,-1292343.898,Age0_F64_m17f17_P64_Y7_UO955,I17_F64_m79f79_P59_Y5_UO3632,I17_F64_m3f3_P59_Y4_UO138,FXX,0,0.0,0,0,0.0,0,0,0,0.0,0.59375,1,P94_CV0,2,1,1,1,1,0,2,0,2
64,143248.9476,-1292343.898,Age0_F64_m17f17_P64_Y7_UO965,I17_F59_m79f79_P64_Y4_UO3536,I17_F64_m79f79_P64_Y3_UO3532,MXY,0,0.0,0,0,0.0,0,0,0,0.0,0.4375,1,P94_CV0,2,0,2,0,2,0,2,0,2
64,143248.9476,-1292343.898,Age0_F64_m17f17_P64_Y7_UO975,I17_F64_m56f56_P59_Y3_UO2619,I17_F64_m95f95_P64_Y4_UO4509,FXX,0,0.0,0,0,0.0,0,0,0,0.0,0.5,1,P94_CV0,2,1,1,0,2,0,2,0,2
64,143248.9476,-1292343.898,Age0_F64_m17f17_P64_Y7_UO979,I17_F64_m95f95_P64_Y2_UO4485,ID17_F91_m95f95_P64_Y3_UO4458,MXY,0,0.0,0,0,0.0,0,0,0,0.0,0.875,1,P94_CV0,2,2,0,0,2,0,2,0,2
64,143248.9476,-1292343.898,Age0_F64_m17f17_P64_Y7_UO980,I17_F64_m95f95_P64_Y2_UO4481,ID17_F64_m-1f-1_P47_Y-1_U148,MXY,0,0.0,0,0,0.0,0,0,0,0.0,0.25,1,P94_CV0,2,0,2,0,2,0,2,0,2
64,143248.9476,-1292343.898,Age0_F64_m17f17_P64_Y7_UO981,I17_F64_m95f95_P64_Y2_UO4500,I17_F64_m95f95_P64_Y0_UO4887,FXX,0,0.0,0,0,0.0,0,0,0,0.0,0.625,1,P94_CV0,2,1,1,0,2,0,2,0,2
64,143248.9476,-1292343.898,Age0_F64_m17f17_P64_Y7_UO985,I17_F64_m3f3_P64_Y2_UO140,I17_F64_m79f79_P64_Y3_UO3532,MXY,0,0.0,0,0,0.0,0,0,0,0.0,0.6875,1,P94_CV0,2,1,1,0,2,0,2,0,2
64,143248.9476,-1292343.898,Age0_F64_m17f17_P64_Y7_UO991,ID17_F64_m17f17_P64_Y1_UO892,I17_F64_m95f95_P64_Y5_UO4527,MXY,0,0.0,0,0,0.0,0,0,0,0.0,0.5,1,P94_CV0,2,0,2,1,1,0,2,0,2
64,143248.9476,-1292343.898,Age0_F64_m17f17_P64_Y7_UO993,I17_F64_m17f17_P64_Y1_UO965,ID17_F91_m-1f-1_P95_Y-1_U222,MXY,0,0.0,0,0,0.0,0,0,0,0.0,0.25,1,P94_CV0,2,1,1,1,1,0,2,0,2
64,143248.9476,-1292343.898,Age0_F64_m17f17_P64_Y7_UO1001,I17_F64_m95f95_P64_Y0_UO4885,I17_F64_m95f95_P64_Y0_UO4887,FXX,0,0.0,0,0,0.0,0,0,0,0.0,0.5,1,P94_CV0,2,1,1,1,1,0,2,0,2
64,143248.9476,-1292343.898,Age0_F64_m17f17_P64_Y7_UO1008,ID17_F59_m-1f-1_P79_Y-1_U124,ID17_F64_m95f95_P64_Y4_UO4531,MXY,0,0.0,0,0,0.0,0,0,0,0.0,0.75,1,P94_CV0,2,2,0,1,1,0,2,0,2
64,143248.9476,-1292343.898,Age0_F64_m17f17_P64_Y7_UO1009,I17_F64_m-1f-1_P95_Y-1_U153,I17_F64_m79f79_P64_Y5_UO3591,MXY,0,0.0,0,0,0.0,0,0,0,0.0,0.4375,1,P94_CV0,2,0,2,0,2,0,2,0,2
64,143248.9476,-1292343.898,Age0_F64_m17f17_P64_Y7_UO1014,I17_F64_m-1f-1_P95_Y-1_U244,I17_F64_m79f79_P64_Y3_UO3532,FXX,0,0.0,0,0,0.0,0,0,0,0.0,0.5625,1,P94_CV0,2,2,0,0,2,0,2,0,2
64,143248.9476,-1292343.898,Age0_F64_m17f17_P64_Y7_UO1016,I17_F64_m-1f-1_P17_Y-1_U82,I17_F64_m95f95_P64_Y3_UO4510,FXX,0,0.0,0,0,0.0,0,0,0,0.0,0.5,1,P94_CV0,2,2,0,1,1,0,2,0,2
64,143248.9476,-1292343.898,Age0_F64_m17f17_P64_Y7_UO1023,I17_F64_m-1f-1_P95_Y-1_U145,ID17_F64_m79f79_P64_Y3_UO3628,FXX,0,0.0,0,0,0.0,0,0,0,0.0,0.5,1,P94_CV0,2,0,2,1,1,0,2,0,2
64,143248.9476,-1292343.898,Age0_F64_m17f17_P64_Y7_UO1024,I17_F64_m-1f-1_P95_Y-1_U84,I17_F64_m95f95_P64_Y4_UO4509,FXX,0,0.0,0,0,0.0,0,0,0,0.0,0.3125,1,P94_CV0,2,1,1,0,2,0,2,0,2
64,143248.9476,-1292343.898,Age0_F64_m79f79_P64_Y7_UO3578,ID79_F59_m16f16_P59_Y5_UO933,ID79_F59_m95f95_P64_Y4_UO4512,FXX,0,0.0,0,0,0.0,0,0,0,0.0,0.25,1,P94_CV0,2,0,2,1,1,0,2,0,2
64,143248.9476,-1292343.898,Age0_F64_m79f79_P64_Y7_UO3614,I79_F64_m79f79_P59_Y4_UO3527,I79_F59_m56f56_P59_Y5_UO2674,MXY,0,0.0,0,0,0.0,0,0,0,0.0,0.4375,1,P94_CV0,2,0,2,0,2,0,2,0,2
64,143248.9476,-1292343.898,Age0_F64_m95f95_P64_Y7_UO4487,I95_F91_m95f95_P64_Y5_UO4496,I95_F28_m95f95_P91_Y2_UO4466,FXX,0,0.0,0,0,0.0,0,0,0,0.0,0.375,1,P94_CV0,2,1,1,0,2,0,2,0,2
64,143248.9476,-1292343.898,Age0_F64_m95f95_P64_Y7_UO4498,I95_F91_m80f80_P81_Y4_UO3641,I95_F64_m-1f-1_P95_Y-1_U27,FXX,0,0.0,0,0,0.0,0,0,0,0.0,0.78125,1,P94_CV0,2,2,0,1,1,0,2,0,2
64,143248.9476,-1292343.898,Age0_F64_m95f95_P64_Y7_UO4501,I95_F64_m17f17_P64_Y4_UO950,ID95_F81_m17f17_P64_Y5_UO1017,FXX,0,0.0,0,0,0.0,0,0,0,0.0,0.46875,1,P94_CV0,2,1,1,1,1,0,2,0,2
64,143248.9476,-1292343.898,Age0_F64_m95f95_P64_Y7_UO4502,I95_F64_m79f79_P64_Y4_UO3549,I95_F64_m-1f-1_P95_Y-1_U116,FXX,0,0.0,0,0,0.0,0,0,0,0.0,0.5625,1,P94_CV0,2,2,0,1,1,0,2,0,2
64,143248.9476,-1292343.898,Age0_F64_m95f95_P64_Y7_UO4505,I95_F91_m17f17_P64_Y4_UO1005,I95_F64_m79f79_P64_Y3_UO3547,FXX,0,0.0,0,0,0.0,0,0,0,0.0,0.25,1,P94_CV0,2,0,2,2,0,0,2,0,2
64,143248.9476,-1292343.898,Age0_F64_m95f95_P64_Y7_UO4515,I95_F91_m17f17_P64_Y3_UO982,I95_F64_m95f95_P91_Y1_UO4315,FXX,0,0.0,0,0,0.0,0,0,0,0.0,0.3125,1,P94_CV0,2,0,2,1,1,0,2,0,2
64,143248.9476,-1292343.898,Age0_F64_m95f95_P64_Y7_UO4517,I95_F64_m95f95_P64_Y3_UO4493,ID95_F64_m95f95_P91_Y1_UO4292,FXX,0,0.0,0,0,0.0,0,0,0,0.0,0.5,1,P94_CV0,2,1,1,1,1,0,2,0,2
64,143248.9476,-1292343.898,Age0_F64_m95f95_P64_Y7_UO4518,ID95_F64_m17f17_P64_Y3_UO1023,ID95_F91_m79f79_P64_Y5_UO3564,MXY,0,0.0,0,0,0.0,0,0,0,0.0,0.375,1,P94_CV0,2,0,2,2,0,0,2,0,2
64,143248.9476,-1292343.898,Age0_F64_m95f95_P64_Y7_UO4519,ID95_F91_m17f17_P64_Y3_UO1001,I95_F64_m95f95_P91_Y1_UO4315,MXY,0,0.0,0,0,0.0,0,0,0,0.0,0.25,1,P94_CV0,2,0,2,1,1,0,2,0,2
64,143248.9476,-1292343.898,Age0_F64_m95f95_P64_Y7_UO4521,I95_F64_m95f95_P91_Y2_UO4522,I95_F64_m-1f-1_P95_Y-1_U133,FXX,0,0.0,0,0,0.0,0,0,0,0.0,0.375,1,P94_CV0,2,0,2,1,1,0,2,0,2
64,143248.9476,-1292343.898,Age0_F64_m95f95_P64_Y7_UO4524,I95_F64_m79f79_P64_Y2_UO3614,I95_F81_m-1f-1_P95_Y-1_U140,FXX,0,0.0,0,0,0.0,0,0,0,0.0,0.375,1,P94_CV0,2,2,0,1,1,0,2,0,2
64,143248.9476,-1292343.898,Age0_F64_m95f95_P64_Y7_UO4528,I95_F64_m16f16_P59_Y1_UO798,I95_F91_m-1f-1_P95_Y-1_U138,MXY,0,0.0,0,0,0.0,0,0,0,0.0,0.75,1,P94_CV0,2,1,1,1,1,0,2,0,2
64,143248.9476,-1292343.898,Age0_F64_m95f95_P64_Y7_UO4536,I95_F64_m-1f-1_P95_Y-1_U37,ID95_F64_m-1f-1_P79_Y-1_U49,FXX,0,0.0,0,0,0.0,0,0,0,0.0,0.75,1,P94_CV0,2,2,0,0,2,0,2,0,2
64,143248.9476,-1292343.898,Age0_F64_m95f95_P64_Y7_UO4538,ID95_F64_m-1f-1_P95_Y-1_U155,ID95_F81_m-1f-1_P95_Y-1_U15,FXX,0,0.0,0,0,0.0,0,0,0,0.0,0.5,1,P94_CV0,2,1,1,1,1,0,2,0,2
64,143248.9476,-1292343.898,Age0_F64_m95f95_P64_Y7_UO4539,I95_F64_m-1f-1_P95_Y-1_U99,I95_F64_m-1f-1_P95_Y-1_U27,MXY,0,0.0,0,0,0.0,0,0,0,0.0,0.75,1,P94_CV0,2,1,1,1,1,0,2,0,2
64,143248.9476,-1292343.898,Age0_F64_m95f95_P64_Y7_UO4540,I95_F64_m-1f-1_P95_Y-1_U13,I95_F64_m-1f-1_P17_Y-1_U107,FXX,0,0.0,0,0,0.0,0,0,0,0.0,0.5,1,P94_CV0,2,1,1,0,2,0,2,0,2
64,143248.9476,-1292343.898,Age0_F64_m95f95_P64_Y7_UO4542,I95_F91_m-1f-1_P95_Y-1_U10,ID95_F64_m47f47_P64_Y4_UO2329,MXY,0,0.0,0,0,0.0,0,0,0,0.0,0.375,1,P94_CV0,2,1,1,1,1,0,2,0,2
64,143248.9476,-1292343.898,Age0_F64_m95f95_P64_Y7_UO4546,ID95_F64_m-1f-1_P95_Y-1_U142,I95_F64_m-1f-1_P95_Y-1_U175,MXY,0,0.0,0,0,0.0,0,0,0,0.0,0.5,1,P94_CV0,2,0,2,0,2,0,2,0,2
64,143248.9476,-1292343.898,E64_F3_m79f79_P59_Y6_UO3663,ID79_F64_m95f95_P64_Y1_UO4279,I79_F59_m3f3_P59_Y2_UO185,MXY,1,0.0,1,1,0.0,0,0,0,-9999.0,0.75,1,P94_CV0,2,1,1,1,1,0,2,0,2
64,143248.9476,-1292343.898,E64_F3_m95f95_P64_Y6_UO4526,I95_F64_m17f17_P64_Y4_UO1036,I95_F64_m-1f-1_P95_Y-1_U140,MXY,1,0.0,1,1,0.0,0,0,0,-9999.0,0.5625,1,P94_CV0,2,1,1,1,1,0,2,0,2
64,143248.9476,-1292343.898,E64_F17_m3f3_P59_Y6_UO156,I3_F59_m95f95_P64_Y2_UO4512,I3_F59_m17f17_P64_Y4_UO1025,MXY,1,0.0,1,1,0.0,0,0,0,-9999.0,0.75,1,P94_CV0,2,1,1,1,1,0,2,0,2
64,143248.9476,-1292343.898,E64_F17_m3f3_P64_Y6_UO113,I3_F59_m95f95_P64_Y4_UO4474,I3_F59_m95f95_P64_Y1_UO4274,FXX,1,0.0,1,1,1.0,0,0,0,-9999.0,0.75,1,P94_CV0,2,2,0,2,0,0,2,0,2
64,143248.9476,-1292343.898,E64_F17_m17f17_P64_Y6_UO979,I17_F64_m95f95_P64_Y2_UO4481,ID17_F64_m79f79_P59_Y3_UO3595,MXY,1,0.0,1,1,0.0,0,0,0,-9999.0,0.5,1,P94_CV0,2,1,1,1,1,0,2,0,2
64,143248.9476,-1292343.898,E64_F17_m17f17_P64_Y6_UO980,I17_F64_m95f95_P64_Y2_UO4539,ID17_F64_m79f79_P64_Y3_UO3532,FXX,1,0.0,1,1,1.0,0,0,0,-9999.0,0.5625,1,P94_CV0,2,1,1,1,1,0,2,0,2
64,143248.9476,-1292343.898,E64_F17_m17f17_P64_Y6_UO986,I17_F64_m95f95_P64_Y2_UO4500,I17_F64_m17f17_P59_Y0_UO1063,FXX,1,0.0,1,1,1.0,0,0,0,-9999.0,0.75,1,P94_CV0,2,0,2,0,2,0,2,0,2
64,143248.9476,-1292343.898,E64_F17_m17f17_P64_Y6_UO989,I17_F64_m95f95_P64_Y2_UO4515,I17_F64_m-1f-1_P79_Y-1_U206,MXY,1,0.0,1,1,0.0,0,0,0,-9999.0,0.625,1,P94_CV0,2,1,1,1,1,0,2,0,2
64,143248.9476,-1292343.898,E64_F17_m17f17_P64_Y6_UO994,ID17_F64_m17f17_P64_Y1_UO920,I17_F64_m95f95_P64_Y2_UO4491,MXY,1,0.0,1,1,0.0,0,0,0,-9999.0,0.5,1,P94_CV0,2,0,2,0,2,0,2,0,2
64,143248.9476,-1292343.898,E64_F17_m17f17_P64_Y6_UO1002,ID17_F59_m79f79_P59_Y0_UO3917,I17_F64_m95f95_P64_Y4_UO4489,MXY,1,0.0,1,1,0.0,0,0,0,-9999.0,0.5625,1,P94_CV0,2,1,1,2,0,0,2,0,2
64,143248.9476,-1292343.898,E64_F17_m17f17_P64_Y6_UO1034,I17_F64_m-1f-1_P95_Y-1_U102,I17_F64_m17f17_P64_Y2_UO969,MXY,1,0.0,1,1,0.0,0,0,0,-9999.0,0.375,1,P94_CV0,2,1,1,2,0,0,2,0,2
64,143248.9476,-1292343.898,E64_F17_m17f17_P64_Y6_UO1040,I17_F59_m-1f-1_P17_Y-1_U184,I17_F64_m79f79_P64_Y3_UO3628,MXY,1,0.0,1,1,0.0,0,0,0,-9999.0,0.75,1,P94_CV0,2,2,0,0,2,0,2,0,2
64,143248.9476,-1292343.898,E64_F17_m79f79_P64_Y6_UO3585,I79_F59_m79f79_P59_Y4_UO3527,I79_F59_m56f56_P59_Y4_UO2625,MXY,1,0.0,1,1,0.0,0,0,0,-9999.0,0.5625,1,P94_CV0,2,2,0,2,0,0,2,0,2
64,143248.9476,-1292343.898,E64_F17_m95f95_P64_Y6_UO4514,ID95_F64_m79f79_P64_Y4_UO3549,I95_F91_m17f17_P64_Y3_UO948,MXY,1,0.0,1,1,0.0,0,0,0,-9999.0,0.4375,1,P94_CV0,2,2,0,2,0,0,2,0,2
64,143248.9476,-1292343.898,E64_F17_m95f95_P64_Y6_UO4525,I95_F64_m95f95_P91_Y4_UO4518,I95_F64_m95f95_P64_Y2_UO4462,FXX,1,0.0,1,1,1.0,0,0,0,-9999.0,0.5,1,P94_CV0,2,1,1,0,2,0,2,0,2
64,143248.9476,-1292343.898,E64_F17_m95f95_P64_Y6_UO4549,I95_F64_m95f95_P64_Y2_UO4455,I95_F64_m-1f-1_P95_Y-1_U9,MXY,1,0.0,1,1,0.0,0,0,0,-9999.0,0.6875,1,P94_CV0,2,1,1,1,1,0,2,0,2
64,143248.9476,-1292343.898,E64_F17_m95f95_P64_Y6_UO4555,I95_F64_m95f95_P64_Y0_UO4865,I95_F64_m95f95_P64_Y3_UO4458,MXY,1,0.0,1,1,0.0,0,0,0,-9999.0,1.0,1,P94_CV0,2,2,0,1,1,0,2,0,2
64,143248.9476,-1292343.898,E64_F17_m95f95_P64_Y6_UO4556,I95_F91_m3f3_P64_Y0_UO149,I95_F64_m-1f-1_P95_Y-1_U118,MXY,1,0.0,1,1,0.0,0,0,0,-9999.0,0.625,1,P94_CV0,2,2,0,0,2,0,2,0,2
64,143248.9476,-1292343.898,E64_F17_m95f95_P64_Y6_UO4560,I95_F64_m17f17_P64_Y0_UO1073,I95_F64_m95f95_P91_Y3_UO4471,MXY,1,0.0,1,1,0.0,0,0,0,-9999.0,0.5625,1,P94_CV0,2,1,1,1,1,0,2,0,2
64,143248.9476,-1292343.898,E64_F17_m95f95_P64_Y6_UO4571,I95_F64_m-1f-1_P95_Y-1_U221,I95_F64_m79f79_P64_Y3_UO3597,MXY,1,0.0,1,1,0.0,0,0,0,-9999.0,0.375,1,P94_CV0,2,1,1,0,2,0,2,0,2
64,143248.9476,-1292343.898,E64_F17_m95f95_P64_Y6_UO4584,ID95_F64_m-1f-1_P95_Y-1_U40,I95_F64_m95f95_P91_Y3_UO4471,FXX,1,0.0,1,1,1.0,0,0,0,-9999.0,0.6875,1,P94_CV0,2,2,0,0,2,0,2,0,2
64,143248.9476,-1292343.898,E64_F79_m17f17_P64_Y6_UO978,I17_F64_m95f95_P64_Y2_UO4485,ID17_F81_m95f95_P64_Y0_UO4887,FXX,1,0.0,1,1,1.0,0,0,0,-9999.0,0.625,1,P94_CV0,2,1,1,1,1,0,2,0,2
64,143248.9476,-1292343.898,E64_F79_m79f79_P59_Y6_UO3613,I79_F59_m17f17_P64_Y3_UO940,I79_F59_m95f95_P64_Y2_UO4464,FXX,1,0.0,1,1,1.0,0,0,0,-9999.0,0.3125,1,P94_CV0,2,1,1,0,2,0,2,0,2
64,143248.9476,-1292343.898,E64_F79_m3f3_P59_Y6_UO126,I3_F64_m95f95_P64_Y4_UO4520,I3_F59_m-1f-1_P3_Y-1_U48,MXY,1,0.0,1,1,0.0,0,0,0,-9999.0,0.25,1,P94_CV0,2,0,2,2,0,0,2,0,2
64,143248.9476,-1292343.898,E64_F79_m95f95_P64_Y6_UO4543,I95_F64_m79f79_P64_Y2_UO3609,I95_F64_m95f95_P91_Y4_UO4485,FXX,1,0.0,1,1,1.0,0,0,0,-9999.0,0.4375,1,P94_CV0,2,1,1,1,1,0,2,0,2
64,143248.9476,-1292343.898,E64_F79_m17f17_P64_Y6_UO988,ID17_F64_m3f3_P64_Y2_UO123,ID17_F64_m95f95_P64_Y4_UO4500,MXY,1,0.0,1,1,0.0,0,0,0,-9999.0,0.625,1,P94_CV0,2,2,0,2,0,0,2,0,2
64,143248.9476,-1292343.898,E64_F79_m79f79_P59_Y6_UO3590,I79_F59_m95f95_P64_Y4_UO4537,I79_F59_m17f17_P64_Y0_UO1030,MXY,1,0.0,1,1,0.0,0,0,0,-9999.0,0.625,1,P94_CV0,2,1,1,0,2,0,2,0,2
64,143248.9476,-1292343.898,E64_F79_m56f56_P59_Y6_UO2703,I56_F59_m-1f-1_P16_Y-1_U58,I56_F59_m17f17_P59_Y3_UO957,MXY,1,0.0,1,1,0.0,0,0,0,-9999.0,0.1875,1,P94_CV0,2,0,2,2,0,0,2,0,2
64,143248.9476,-1292343.898,E64_F79_m17f17_P64_Y6_UO1007,I17_F64_m17f17_P64_Y0_UO1082,I17_F64_m95f95_P64_Y4_UO4509,MXY,1,0.0,1,1,0.0,0,0,0,-9999.0,0.6875,1,P94_CV0,2,2,0,1,1,0,2,0,2
64,143248.9476,-1292343.898,E64_F79_m79f79_P64_Y6_UO3664,I79_F59_m17f17_P64_Y1_UO892,I79_F59_m95f95_P64_Y4_UO4481,FXX,1,0.0,1,1,1.0,0,0,0,-9999.0,0.25,1,P94_CV0,2,1,1,1,1,0,2,0,2
64,143248.9476,-1292343.898,E64_F79_m17f17_P64_Y6_UO998,I17_F64_m47f47_P64_Y1_UO2163,ID17_F64_m-1f-1_P95_Y-1_U92,MXY,1,0.0,1,1,0.0,0,0,0,-9999.0,0.75,1,P94_CV0,2,1,1,2,0,0,2,0,2
64,143248.9476,-1292343.898,E64_F79_m95f95_P64_Y6_UO4516,I95_F91_m17f17_P64_Y4_UO950,I95_F91_m79f79_P64_Y3_UO3562,MXY,1,0.0,1,1,0.0,0,0,0,-9999.0,0.59375,1,P94_CV0,2,1,1,1,1,0,2,0,2
64,143248.9476,-1292343.898,E64_F79_m17f17_P64_Y6_UO1043,I17_F64_m-1f-1_P95_Y-1_U145,I17_F64_m95f95_P64_Y3_UO4510,FXX,1,0.0,1,1,1.0,0,0,0,-9999.0,0.5,1,P94_CV0,2,1,1,2,0,0,2,0,2
64,143248.9476,-1292343.898,E64_F79_m17f17_P64_Y6_UO1016,I17_F64_m-1f-1_P95_Y-1_U173,I17_F64_m17f17_P64_Y4_UO1016,FXX,1,0.0,1,1,1.0,0,0,0,-9999.0,0.5,1,P94_CV0,2,1,1,2,0,0,2,0,2
64,143248.9476,-1292343.898,E64_F79_m95f95_P64_Y6_UO4569,I95_F64_m-1f-1_P95_Y-1_U99,ID95_F64_m79f79_P64_Y3_UO3620,MXY,1,0.0,1,1,0.0,0,0,0,-9999.0,0.5625,1,P94_CV0,2,1,1,1,1,0,2,0,2
64,143248.9476,-1292343.898,E64_F95_m17f17_P64_Y6_UO962,ID17_F64_m3f3_P59_Y4_UO121,ID17_F64_m95f95_P64_Y4_UO4500,MXY,1,0.0,1,1,0.0,0,0,0,-9999.0,0.53125,1,P94_CV0,2,1,1,2,0,0,2,0,2
64,143248.9476,-1292343.898,E64_F95_m17f17_P64_Y6_UO1038,I17_F64_m-1f-1_P95_Y-1_U55,ID17_F64_m17f17_P64_Y4_UO1004,MXY,1,0.0,1,1,0.0,0,0,0,-9999.0,0.5,1,P94_CV0,2,1,1,1,1,0,2,0,2
64,143248.9476,-1292343.898,E64_F95_m17f17_P64_Y6_UO1045,ID17_F64_m-1f-1_P95_Y-1_U84,I17_F64_m95f95_P64_Y3_UO4453,MXY,1,0.0,1,1,0.0,0,0,0,-9999.0,0.25,1,P94_CV0,2,1,1,1,1,0,2,0,2
64,143248.9476,-1292343.898,E64_F95_m79f79_P64_Y6_UO3636,I79_F64_m79f79_P59_Y3_UO3598,I79_F59_m95f95_P64_Y1_UO4334,FXX,1,0.0,1,1,1.0,0,0,0,-9999.0,0.375,1,P94_CV0,2,1,1,0,2,0,2,0,2
64,143248.9476,-1292343.898,E64_F95_m95f95_P64_Y6_UO4538,I95_F64_m47f47_P64_Y3_UO2355,I95_F64_m-1f-1_P95_Y-1_U97,MXY,1,0.0,1,1,0.0,0,0,0,-9999.0,0.5625,1,P94_CV0,2,1,1,1,1,0,2,0,2
64,143248.9476,-1292343.898,E64_F95_m95f95_P64_Y6_UO4550,I95_F64_m95f95_P91_Y2_UO4522,I95_F64_m95f95_P64_Y3_UO4458,FXX,1,0.0,1,1,1.0,0,0,0,-9999.0,0.875,1,P94_CV0,2,1,1,1,1,0,2,0,2
64,143248.9476,-1292343.898,E64_F95_m95f95_P64_Y6_UO4563,I95_F81_m-1f-1_P95_Y-1_U37,I95_F64_m17f17_P64_Y2_UO950,MXY,1,0.0,1,1,0.0,0,0,0,-9999.0,0.75,1,P94_CV0,2,1,1,0,2,0,2,0,2
64,143248.9476,-1292343.898,E64_F95_m95f95_P64_Y6_UO4574,I95_F64_m-1f-1_P95_Y-1_U142,I95_F64_m-1f-1_P95_Y-1_U191,FXX,1,0.0,1,1,1.0,0,0,0,-9999.0,0.5,1,P94_CV0,2,0,2,1,1,0,2,0,2
64,143248.9476,-1292343.898,E64_F95_m95f95_P91_Y6_UO4570,I95_F64_m-1f-1_P95_Y-1_U217,ID95_F64_m-1f-1_P95_Y-1_U150,MXY,1,0.0,1,1,0.0,0,0,0,-9999.0,0.25,1,P94_CV0,2,1,1,0,2,0,2,0,2
64,143248.9476,-1292343.898,E64_F95_m95f95_P91_Y6_UO4573,I95_F64_m-1f-1_P95_Y-1_U35,I95_F64_m3f3_P64_Y4_UO157,FXX,1,0.0,1,1,1.0,0,0,0,-9999.0,0.625,1,P94_CV0,2,2,0,1,1,0,2,0,2
64,143248.9476,-1292343.898,E64_F3_m3f3_P59_Y5_UO151,ID3_F59_m3f3_P59_Y2_UO149,I3_F59_m95f95_P64_Y0_UO4847,FXX,2,0.0,1,0,1.0,0,0,0,-9999.0,0.375,1,P94_CV0,2,2,0,0,2,0,2,0,2
64,143248.9476,-1292343.898,E64_F17_m95f95_P64_Y5_UO4480,I95_F64_m17f17_P64_Y3_UO982,I95_F64_m95f95_P91_Y0_UO4813,FXX,2,0.0,1,0,1.0,0,0,0,-9999.0,0.3125,1,P94_CV0,2,0,2,2,0,0,2,0,2
64,143248.9476,-1292343.898,E64_F17_m95f95_P64_Y5_UO4525,I95_F91_m-1f-1_P95_Y-1_U99,I95_F64_m-1f-1_P95_Y-1_U140,FXX,2,0.0,1,0,1.0,0,0,0,-9999.0,0.5,1,P94_CV0,2,1,1,1,1,0,2,0,2
64,143248.9476,-1292343.898,E64_F17_m79f79_P59_Y5_UO3632,ID79_F64_m-1f-1_P3_Y-1_U77,ID79_F59_m16f16_P59_Y3_UO920,FXX,2,0.0,1,0,1.0,0,0,0,-9999.0,0.6875,1,P94_CV0,2,2,0,2,0,0,2,0,2
64,143248.9476,-1292343.898,E64_F17_m95f95_P64_Y5_UO4527,I95_F64_m-1f-1_P95_Y-1_U35,I95_F64_m-1f-1_P95_Y-1_U116,MXY,2,0.0,1,0,0.0,0,0,0,-9999.0,0.75,1,P94_CV0,2,1,1,1,1,0,2,0,2
64,143248.9476,-1292343.898,E64_F79_m3f3_P59_Y5_UO141,ID3_F59_m17f17_P64_Y2_UO1030,I3_F64_m-1f-1_P3_Y-1_U131,MXY,2,0.0,1,0,0.0,0,0,0,-9999.0,0.875,1,P94_CV0,2,1,1,1,1,0,2,0,2
64,143248.9476,-1292343.898,E64_F79_m95f95_P64_Y5_UO4484,I95_F64_m95f95_P64_Y3_UO4440,I95_F64_m-1f-1_P95_Y-1_U9,MXY,2,0.0,1,0,0.0,0,0,0,-9999.0,0.6875,1,P94_CV0,2,1,1,1,1,0,2,0,2
64,143248.9476,-1292343.898,E64_F79_m47f47_P64_Y5_UO2339,I47_F64_m-1f-1_P47_Y-1_U230,I47_F81_m-1f-1_P95_Y-1_U63,MXY,2,0.0,1,0,0.0,0,0,0,-9999.0,0.75,1,P94_CV0,2,2,0,2,0,0,2,0,2
64,143248.9476,-1292343.898,E64_F95_m95f95_P64_Y5_UO4476,I95_F64_m17f17_P64_Y3_UO1001,I95_F64_m-1f-1_P95_Y-1_U191,MXY,2,0.0,1,0,0.0,0,0,0,-9999.0,0.375,1,P94_CV0,2,1,1,0,2,0,2,0,2
64,143248.9476,-1292343.898,E64_F95_m95f95_P64_Y5_UO4496,I95_F81_m95f95_P91_Y2_UO4522,I95_F91_m95f95_P91_Y1_UO4315,FXX,2,0.0,1,0,1.0,0,0,0,-9999.0,0.5,1,P94_CV0,2,1,1,0,2,0,2,0,2
64,143248.9476,-1292343.898,E64_F95_m95f95_P64_Y5_UO4534,I95_F64_m-1f-1_P95_Y-1_U208,ID95_F64_m-1f-1_P95_Y-1_U245,FXX,2,0.0,1,0,1.0,0,0,0,-9999.0,0.25,1,P94_CV0,2,1,1,1,1,0,2,0,2
64,143248.9476,-1292343.898,E64_F95_m17f17_P64_Y5_UO1029,I17_F64_m-1f-1_P95_Y-1_U55,I17_F64_m95f95_P64_Y2_UO4541,FXX,2,0.0,1,0,1.0,0,0,0,-9999.0,0.375,1,P94_CV0,2,0,2,1,1,0,2,0,2
64,143248.9476,-1292343.898,E64_F17_m95f95_P64_Y4_UO4465,I95_F64_m95f95_P91_Y2_UO4474,I95_F91_m-1f-1_P95_Y-1_U116,FXX,3,0.0,1,0,1.0,0,0,0,-9999.0,0.625,1,P94_CV0,2,1,1,1,1,0,2,0,2
64,143248.9476,-1292343.898,E64_F17_m95f95_P64_Y4_UO4509,I95_F64_m-1f-1_P95_Y-1_U151,ID95_F64_m56f56_P59_Y1_UO2560,MXY,3,0.0,1,0,0.0,0,0,0,-9999.0,0.625,1,P94_CV0,2,2,0,1,1,0,2,0,2
64,143248.9476,-1292343.898,E64_F17_m17f17_P64_Y4_UO1016,ID17_F59_m-1f-1_P79_Y-1_U55,ID17_F64_m95f95_P64_Y2_UO4514,MXY,3,0.0,1,0,0.0,0,0,0,-9999.0,0.5,1,P94_CV0,2,1,1,1,1,0,2,0,2
64,143248.9476,-1292343.898,E64_F17_m95f95_P64_Y4_UO4531,I95_F91_m-1f-1_P95_Y-1_U40,ID95_F64_m17f17_P64_Y2_UO950,MXY,3,0.0,1,0,0.0,0,0,0,-9999.0,0.5,1,P94_CV0,2,1,1,0,2,0,2,0,2
64,143248.9476,-1292343.898,E64_F17_m95f95_P64_Y4_UO4489,ID95_F64_m95f95_P91_Y0_UO4879,ID95_F81_m95f95_P64_Y1_UO4325,MXY,3,0.0,1,0,0.0,0,0,0,-9999.0,0.625,1,P94_CV0,2,1,1,1,1,0,2,0,2
64,143248.9476,-1292343.898,E64_F17_m95f95_P64_Y4_UO4500,I95_F64_m-1f-1_P95_Y-1_U173,ID95_F64_m56f56_P59_Y1_UO2560,MXY,3,0.0,1,0,0.0,0,0,0,-9999.0,0.625,1,P94_CV0,2,2,0,2,0,0,2,0,2
64,143248.9476,-1292343.898,E64_F79_m79f79_P59_Y4_UO3527,I79_F64_m17f17_P64_Y2_UO1030,I79_F59_m17f17_P64_Y1_UO959,FXX,3,0.0,1,0,1.0,0,0,0,-9999.0,0.625,1,P94_CV0,2,1,1,1,1,0,2,0,2
64,143248.9476,-1292343.898,E64_F95_m95f95_P64_Y4_UO4533,I95_F64_m-1f-1_P95_Y-1_U84,ID95_F64_m79f79_P64_Y0_UO3900,MXY,3,0.0,1,0,0.0,0,0,0,-9999.0,0.25,1,P94_CV0,2,1,1,2,0,0,2,0,2
64,143248.9476,-1292343.898,E64_F95_m17f17_P64_Y4_UO950,I17_F64_m95f95_P64_Y2_UO4455,I17_F64_m95f95_P64_Y2_UO4491,FXX,3,0.0,1,0,1.0,0,0,0,-9999.0,0.4375,1,P94_CV0,2,2,0,1,1,0,2,0,2
64,143248.9476,-1292343.898,E64_F95_m17f17_P64_Y4_UO1005,I17_F64_m-1f-1_P95_Y-1_U153,I17_F64_m-1f-1_P79_Y-1_U3,FXX,3,0.0,1,0,1.0,0,0,0,-9999.0,0.5,1,P94_CV0,2,1,1,1,1,0,2,0,2
64,143248.9476,-1292343.898,E64_F95_m17f17_P64_Y4_UO961,I17_F64_m95f95_P64_Y2_UO4500,I17_F64_m-1f-1_P17_Y-1_U52,MXY,3,0.0,1,0,0.0,0,0,0,-9999.0,0.375,1,P94_CV0,2,1,1,1,1,0,2,0,2
64,143248.9476,-1292343.898,E64_F95_m95f95_P91_Y4_UO4485,I95_F91_m17f17_P64_Y0_UO1073,I95_F64_m-1f-1_P95_Y-1_U140,MXY,3,0.0,1,0,0.0,0,0,0,-9999.0,0.375,1,P94_CV0,2,0,2,2,0,0,2,0,2
64,143248.9476,-1292343.898,E64_F17_m95f95_P64_Y3_UO4458,ID95_F64_m-1f-1_P95_Y-1_U104,ID95_F64_m-1f-1_P95_Y-1_U27,MXY,4,0.0,1,0,0.0,0,0,0,-9999.0,1.0,1,P94_CV0,2,2,0,1,1,0,2,0,2
64,143248.9476,-1292343.898,E64_F17_m95f95_P64_Y3_UO4510,I95_F91_m-1f-1_P95_Y-1_U139,ID95_F64_m-1f-1_P95_Y-1_U106,MXY,4,0.0,1,0,0.0,0,0,0,-9999.0,0.5,1,P94_CV0,2,1,1,1,1,0,2,0,2
64,143248.9476,-1292343.898,E64_F17_m79f79_P64_Y3_UO3628,ID79_F64_m-1f-1_P95_Y-1_U45,ID79_F59_m3f3_P59_Y0_UO177,MXY,4,0.0,1,0,0.0,0,0,0,-9999.0,0.5,1,P94_CV0,2,1,1,1,1,0,2,0,2
64,143248.9476,-1292343.898,E64_F17_m95f95_P64_Y3_UO4491,I95_F64_m-1f-1_P95_Y-1_U49,ID95_F64_m95f95_P91_Y1_UO4321,MXY,4,0.0,1,0,0.0,0,0,0,-9999.0,0.375,1,P94_CV0,2,1,1,2,0,0,2,0,2
64,143248.9476,-1292343.898,E64_F17_m95f95_P64_Y3_UO4453,I95_F64_m95f95_P91_Y0_UO4815,I95_F64_m17f17_P64_Y0_UO1107,MXY,4,0.0,1,0,0.0,0,0,0,-9999.0,0.5,1,P94_CV0,2,2,0,1,1,0,2,0,2
64,143248.9476,-1292343.898,E64_F79_m3f3_P59_Y3_UO106,I3_F64_m79f79_P59_Y1_UO3391,I3_F59_m95f95_P64_Y1_UO4289,FXX,4,0.0,1,0,1.0,0,0,0,-9999.0,0.375,1,P94_CV0,2,1,1,2,0,0,2,0,2
64,143248.9476,-1292343.898,E64_F95_m95f95_P64_Y3_UO4460,I95_F91_m-1f-1_P95_Y-1_U241,I95_F91_m-1f-1_P95_Y-1_U92,FXX,4,0.0,1,0,1.0,0,0,0,-9999.0,1.0,1,P94_CV0,2,2,0,1,1,0,2,0,2
64,143248.9476,-1292343.898,E64_F95_m17f17_P64_Y3_UO982,ID17_F64_m-1f-1_P79_Y-1_U66,I17_F64_m95f95_P64_Y1_UO4273,FXX,4,0.0,1,0,1.0,0,0,0,-9999.0,0.375,1,P94_CV0,2,0,2,2,0,0,2,0,2
64,143248.9476,-1292343.898,E64_F95_m95f95_P64_Y3_UO4493,I95_F91_m-1f-1_P95_Y-1_U132,I95_F64_m-1f-1_P95_Y-1_U191,FXX,4,0.0,1,0,1.0,0,0,0,-9999.0,0.5,1,P94_CV0,2,0,2,2,0,0,2,0,2
64,143248.9476,-1292343.898,E64_F95_m17f17_P64_Y3_UO1023,ID17_F64_m-1f-1_P95_Y-1_U145,I17_F64_m79f79_P64_Y1_UO3456,FXX,4,0.0,1,0,1.0,0,0,0,-9999.0,0.5,1,P94_CV0,2,1,1,1,1,0,2,0,2
64,143248.9476,-1292343.898,E64_F95_m17f17_P64_Y3_UO1001,I17_F59_m-1f-1_P17_Y-1_U189,ID17_F59_m95f95_P64_Y0_UO4887,FXX,4,0.0,1,0,1.0,0,0,0,-9999.0,0.25,1,P94_CV0,2,1,1,1,1,0,2,0,2
64,143248.9476,-1292343.898,E64_F17_m95f95_P64_Y2_UO4537,I95_F64_m-1f-1_P95_Y-1_U128,ID95_F64_m-1f-1_P95_Y-1_U246,FXX,5,0.0,1,0,1.0,0,0,0,-9999.0,1.0,1,P94_CV0,2,2,0,2,0,0,2,0,2
64,143248.9476,-1292343.898,E64_F17_m95f95_P64_Y2_UO4485,ID95_F64_m-1f-1_P95_Y-1_U37,I95_F64_m-1f-1_P95_Y-1_U175,FXX,5,0.0,1,0,1.0,0,0,0,-9999.0,0.75,1,P94_CV0,2,2,0,0,2,0,2,0,2
64,143248.9476,-1292343.898,E64_F17_m95f95_P64_Y2_UO4481,I95_F91_m-1f-1_P95_Y-1_U173,I95_F64_m-1f-1_P95_Y-1_U60,FXX,5,0.0,1,0,1.0,0,0,0,-9999.0,0.5,1,P94_CV0,2,1,1,1,1,0,2,0,2
64,143248.9476,-1292343.898,E64_F17_m95f95_P64_Y2_UO4500,ID95_F91_m-1f-1_P95_Y-1_U83,I95_F64_m-1f-1_P95_Y-1_U32,FXX,5,0.0,1,0,1.0,0,0,0,-9999.0,0.75,1,P94_CV0,2,1,1,1,1,0,2,0,2
64,143248.9476,-1292343.898,E64_F17_m95f95_P64_Y2_UO4541,I95_F64_m-1f-1_P95_Y-1_U134,I95_F91_m-1f-1_P95_Y-1_U135,MXY,5,0.0,1,0,0.0,0,0,0,-9999.0,0.75,1,P94_CV0,2,1,1,2,0,0,2,0,2
64,143248.9476,-1292343.898,E64_F17_m95f95_P64_Y2_UO4491,I95_F91_m-1f-1_P95_Y-1_U231,ID95_F64_m-1f-1_P95_Y-1_U150,MXY,5,0.0,1,0,0.0,0,0,0,-9999.0,0.5,1,P94_CV0,2,1,1,0,2,0,2,0,2
64,143248.9476,-1292343.898,E64_F17_m95f95_P64_Y2_UO4523,I95_F64_m-1f-1_P95_Y-1_U185,I95_F64_m-1f-1_P95_Y-1_U4,MXY,5,0.0,1,0,0.0,0,0,0,-9999.0,0.25,1,P94_CV0,2,1,1,1,1,0,2,0,2
64,143248.9476,-1292343.898,E64_F17_m95f95_P64_Y2_UO4539,I95_F64_m-1f-1_P95_Y-1_U79,I95_F91_m-1f-1_P95_Y-1_U248,FXX,5,0.0,1,0,1.0,0,0,0,-9999.0,0.5,1,P94_CV0,2,1,1,1,1,0,2,0,2
64,143248.9476,-1292343.898,E64_F95_m95f95_P64_Y2_UO4462,I95_F64_m95f95_P91_Y0_UO4828,I95_F64_m-1f-1_P95_Y-1_U171,MXY,5,0.0,1,0,0.0,0,0,0,-9999.0,0.5,1,P94_CV0,2,2,0,0,2,0,2,0,2
64,143248.9476,-1292343.898,E64_F95_m95f95_P91_Y2_UO4522,I95_F64_m-1f-1_P95_Y-1_U187,I95_F64_m-1f-1_P95_Y-1_U77,FXX,5,0.0,1,0,1.0,0,0,0,-9999.0,0.75,1,P94_CV0,2,1,1,0,2,0,2,0,2
64,143248.9476,-1292343.898,E64_F95_m95f95_P91_Y2_UO4466,ID95_F91_m95f95_P64_Y0_UO4891,I95_F91_m-1f-1_P95_Y-1_U133,MXY,5,0.0,1,0,0.0,0,0,0,-9999.0,0.25,1,P94_CV0,2,1,1,1,1,0,2,0,2
64,143248.9476,-1292343.898,E64_F47_m95f95_P64_Y1_UO4304,I95_F91_m-1f-1_P95_Y-1_U142,I95_F64_m-1f-1_P95_Y-1_U188,MXY,6,0.0,1,0,0.0,0,0,0,-9999.0,0.75,1,P94_CV0,2,1,1,0,2,0,2,0,2
64,143248.9476,-1292343.898,E64_F17_m95f95_P64_Y0_UO4898,R95_F95_m-1f-1_P95_Y-1_U244,R95_F95_m-1f-1_P95_Y-1_U15,MXY,7,0.0,1,0,0.0,0,0,0,-9999.0,0.5,1,P94_CV0,2,2,0,1,1,0,2,0,2
64,143248.9476,-1292343.898,E64_F17_m95f95_P64_Y0_UO4887,R95_F95_m-1f-1_P95_Y-1_U217,R95_F95_m-1f-1_P95_Y-1_U177,MXY,7,0.0,1,0,0.0,0,0,0,-9999.0,0.5,1,P94_CV0,2,1,1,1,1,0,2,0,2
64,143248.9476,-1292343.898,E64_F17_m95f95_P64_Y0_UO4885,R95_F95_m-1f-1_P95_Y-1_U211,R95_F95_m-1f-1_P95_Y-1_U200,FXX,7,0.0,1,0,1.0,0,0,0,-9999.0,0.5,1,P94_CV0,2,1,1,0,2,0,2,0,2
64,143248.9476,-1292343.898,E64_F95_m95f95_P64_Y0_UO4842,R95_F95_m-1f-1_P95_Y-1_U100,R95_F95_m-1f-1_P95_Y-1_U156,MXY,7,0.0,1,0,0.0,0,0,0,-9999.0,0.0,1,P94_CV0,2,0,2,0,2,0,2,0,2
64,143248.9476,-1292343.898,E64_F17_m-1f-1_P95_Y-1_U73,-9999,-9999,MXY,8,0.0,1,0,0.0,0,0,0,-9999.0,0.5,1,P94_CV0,2,1,1,2,0,0,2,0,2
64,143248.9476,-1292343.898,E64_F95_m-1f-1_P95_Y-1_U37,-9999,-9999,FXX,8,0.0,1,0,1.0,0,0,0,-9999.0,1.0,1,P94_CV0,2,2,0,1,1,0,2,0,2
64,143248.9476,-1292343.898,E64_F95_m-1f-1_P95_Y-1_U155,-9999,-9999,FXX,8,0.0,1,0,1.0,0,0,0,-9999.0,0.5,1,P94_CV0,2,1,1,1,1,0,2,0,2
64,143248.9476,-1292343.898,E64_F95_m-1f-1_P95_Y-1_U116,-9999,-9999,MXY,8,0.0,1,0,0.0,0,0,0,-9999.0,0.5,1,P94_CV0,2,1,1,1,1,0,2,0,2
64,143248.9476,-1292343.898,E64_F17_m-1f-1_P95_Y-1_U153,-9999,-9999,FXX,9,0.0,1,0,1.0,0,0,0,-9999.0,0.5,1,P94_CV0,2,1,1,0,2,0,2,0,2
64,143248.9476,-1292343.898,E64_F95_m-1f-1_P95_Y-1_U99,-9999,-9999,FXX,9,0.0,1,0,1.0,0,0,0,-9999.0,0.5,1,P94_CV0,2,1,1,1,1,0,2,0,2
64,143248.9476,-1292343.898,E64_F95_m-1f-1_P95_Y-1_U13,-9999,-9999,FXX,9,0.0,1,0,1.0,0,0,0,-9999.0,0.5,1,P94_CV0,2,1,1,0,2,0,2,0,2
64,143248.9476,-1292343.898,E64_F95_m-1f-1_P95_Y-1_U10,-9999,-9999,FXX,9,0.0,1,0,1.0,0,0,0,-9999.0,0.5,1,P94_CV0,2,1,1,0,2,0,2,0,2
64,143248.9476,-1292343.898,E64_F17_m-1f-1_P95_Y-1_U92,-9999,-9999,MXY,10,0.0,1,0,0.0,0,0,0,-9999.0,1.0,1,P94_CV0,2,2,0,2,0,0,2,0,2
64,143248.9476,-1292343.898,E64_F17_m-1f-1_P95_Y-1_U244,-9999,-9999,FXX,10,0.0,1,0,1.0,0,0,0,-9999.0,0.5,1,P94_CV0,2,1,1,1,1,0,2,0,2
64,143248.9476,-1292343.898,E64_F47_m-1f-1_P95_Y-1_U63,-9999,-9999,MXY,10,0.0,1,0,0.0,0,0,0,-9999.0,0.5,1,P94_CV0,2,1,1,1,1,0,2,0,2
64,143248.9476,-1292343.898,E64_F95_m-1f-1_P95_Y-1_U121,-9999,-9999,MXY,10,0.0,1,0,0.0,0,0,0,-9999.0,0.5,1,P94_CV0,2,1,1,1,1,0,2,0,2
64,143248.9476,-1292343.898,E64_F95_m-1f-1_P95_Y-1_U175,-9999,-9999,MXY,10,0.0,1,0,0.0,0,0,0,-9999.0,0.5,1,P94_CV0,2,1,1,0,2,0,2,0,2
64,143248.9476,-1292343.898,E64_F17_m-1f-1_P95_Y-1_U222,-9999,-9999,MXY,11,0.0,1,0,0.0,0,0,0,-9999.0,0.5,1,P94_CV0,2,1,1,1,1,0,2,0,2
64,143248.9476,-1292343.898,E64_F95_m-1f-1_P95_Y-1_U142,-9999,-9999,FXX,11,0.0,1,0,1.0,0,0,0,-9999.0,0.5,1,P94_CV0,2,1,1,0,2,0,2,0,2
64,143248.9476,-1292343.898,E64_F95_m-1f-1_P95_Y-1_U106,-9999,-9999,MXY,11,0.0,1,0,0.0,0,0,0,-9999.0,1.0,1,P94_CV0,2,2,0,2,0,0,2,0,2
64,143248.9476,-1292343.898,E64_F17_m-1f-1_P95_Y-1_U187,-9999,-9999,FXX,12,0.0,1,0,1.0,0,0,0,-9999.0,1.0,1,P94_CV0,2,2,0,1,1,0,2,0,2
64,143248.9476,-1292343.898,E64_F95_m-1f-1_P95_Y-1_U208,-9999,-9999,FXX,12,0.0,1,0,1.0,0,0,0,-9999.0,0.0,1,P94_CV0,2,0,2,1,1,0,2,0,2
64,143248.9476,-1292343.898,E64_F95_m-1f-1_P95_Y-1_U15,-9999,-9999,MXY,12,0.0,1,0,0.0,0,0,0,-9999.0,0.5,1,P94_CV0,2,1,1,1,1,0,2,0,2
64,143248.9476,-1292343.898,E64_F95_m-1f-1_P95_Y-1_U138,-9999,-9999,MXY,12,0.0,1,0,0.0,0,0,0,-9999.0,1.0,1,P94_CV0,2,2,0,0,2,0,2,0,2
64,143248.9476,-1292343.898,E64_F95_m-1f-1_P95_Y-1_U4,-9999,-9999,MXY,12,0.0,1,0,0.0,0,0,0,-9999.0,0.5,1,P94_CV0,2,1,1,0,2,0,2,0,2
64,143248.9476,-1292343.898,E64_F17_m-1f-1_P95_Y-1_U55,-9999,-9999,FXX,13,0.0,1,0,1.0,0,0,0,-9999.0,0.0,1,P94_CV0,2,0,2,0,2,0,2,0,2
64,143248.9476,-1292343.898,E64_F79_m-1f-1_P95_Y-1_U45,-9999,-9999,FXX,13,0.0,1,0,1.0,0,0,0,-9999.0,0.0,1,P94_CV0,2,0,2,2,0,0,2,0,2
64,143248.9476,-1292343.898,E64_F95_m-1f-1_P95_Y-1_U49,-9999,-9999,FXX,13,0.0,1,0,1.0,0,0,0,-9999.0,0.0,1,P94_CV0,2,0,2,1,1,0,2,0,2
64,143248.9476,-1292343.898,E64_F17_m-1f-1_P95_Y-1_U206,-9999,-9999,MXY,14,0.0,1,0,0.0,0,0,0,-9999.0,0.5,1,P94_CV0,2,1,1,1,1,0,2,0,2
64,143248.9476,-1292343.898,E64_F17_m-1f-1_P95_Y-1_U103,-9999,-9999,MXY,14,0.0,1,0,0.0,0,0,0,-9999.0,0.5,1,P94_CV0,2,1,1,2,0,0,2,0,2
64,143248.9476,-1292343.898,E64_F95_m-1f-1_P95_Y-1_U133,-9999,-9999,MXY,14,0.0,1,0,0.0,0,0,0,-9999.0,0.0,1,P94_CV0,2,0,2,2,0,0,2,0,2
64,143248.9476,-1292343.898,E64_F95_m-1f-1_P95_Y-1_U9,-9999,-9999,MXY,14,0.0,1,0,0.0,0,0,0,-9999.0,1.0,1,P94_CV0,2,2,0,2,0,0,2,0,2
64,143248.9476,-1292343.898,E64_F17_m-1f-1_P95_Y-1_U145,-9999,-9999,FXX,15,0.0,1,0,1.0,0,0,0,-9999.0,0.5,1,P94_CV0,2,1,1,1,1,0,2,0,2
64,143248.9476,-1292343.898,E64_F95_m-1f-1_P95_Y-1_U140,-9999,-9999,MXY,15,0.0,1,0,0.0,0,0,0,-9999.0,0.5,1,P94_CV0,2,1,1,2,0,0,2,0,2
64,143248.9476,-1292343.898,E64_F17_m-1f-1_P95_Y-1_U84,-9999,-9999,FXX,16,0.0,1,0,1.0,0,0,0,-9999.0,0.0,1,P94_CV0,2,0,2,1,1,0,2,0,2
66,-1085930.919,223688.9139,E66_F34_m78f78_P54_Y5_UO3530,I78_F38_m-1f-1_P78_Y-1_U171,I78_F13_m30f30_P13_Y0_UO1504,MXY,2,0.0,1,0,0.0,0,0,0,-9999.0,0.375,1,P29_CV0,2,1,1,0,2,0,2,0,2
66,-1085930.919,223688.9139,Age0_F66_m34f34_P66_Y7_UO1573,ID34_F54_m34f34_P32_Y5_UO1648,I34_F54_m-1f-1_P34_Y-1_U63,MXY,0,0.0,0,0,0.0,0,0,0,0.0,0.4375,1,P33_CV0,2,0,2,1,1,0,2,0,2
66,-1085930.919,223688.9139,Age0_F66_m34f34_P66_Y7_UO1613,I34_F54_m34f34_P54_Y3_UO1573,ID34_F66_m-1f-1_P34_Y-1_U125,MXY,0,0.0,0,0,0.0,0,0,0,0.0,0.4375,1,P33_CV0,2,1,1,2,0,0,2,0,2
66,-1085930.919,223688.9139,Age0_F66_m34f34_P66_Y7_UO1618,I34_F32_m34f34_P32_Y3_UO1658,I34_F32_m34f34_P32_Y4_UO1607,FXX,0,0.0,0,0,0.0,0,0,0,0.0,0.625,1,P33_CV0,2,1,1,2,0,0,2,0,2
66,-1085930.919,223688.9139,Age0_F66_m34f34_P66_Y7_UO1665,I34_F32_m-1f-1_P34_Y-1_U216,I34_F54_m88f88_P54_Y4_UO4144,FXX,0,0.0,0,0,0.0,0,0,0,0.0,0.625,1,P33_CV0,2,1,1,1,1,0,2,0,2
66,-1085930.919,223688.9139,E66_F34_m34f34_P32_Y6_UO1565,I34_F32_m34f34_P54_Y4_UO1584,I34_F32_m34f34_P66_Y2_UO1625,MXY,1,0.0,1,1,0.0,0,0,0,-9999.0,0.3125,1,P33_CV0,2,1,1,0,2,0,2,0,2
66,-1085930.919,223688.9139,E66_F34_m34f34_P32_Y6_UO1579,I34_F61_m78f78_P54_Y4_UO3454,I34_F54_m34f34_P54_Y2_UO1561,FXX,1,0.0,1,1,1.0,0,0,0,-9999.0,0.5625,1,P33_CV0,2,2,0,1,1,0,2,0,2
66,-1085930.919,223688.9139,E66_F34_m34f34_P32_Y6_UO1633,ID34_F54_m34f34_P32_Y3_UO1658,I34_F54_m-1f-1_P34_Y-1_U162,MXY,1,0.0,1,1,0.0,0,0,0,-9999.0,0.4375,1,P33_CV0,2,0,2,1,1,0,2,0,2
66,-1085930.919,223688.9139,E66_F34_m34f34_P54_Y6_UO1656,I34_F54_m34f34_P61_Y1_UO1514,I34_F32_m34f34_P32_Y0_UO1656,MXY,1,0.0,1,1,0.0,0,0,0,-9999.0,0.375,1,P33_CV0,2,2,0,1,1,0,2,0,2
66,-1085930.919,223688.9139,E66_F34_m34f34_P54_Y6_UO1684,I34_F66_m-1f-1_P34_Y-1_U196,I34_F32_m34f34_P32_Y4_UO1553,FXX,1,0.0,1,1,1.0,0,0,0,-9999.0,0.3125,1,P33_CV0,2,1,1,1,1,0,2,0,2
66,-1085930.919,223688.9139,E66_F34_m34f34_P54_Y6_UO1686,ID34_F32_m-1f-1_P34_Y-1_U144,I34_F54_m-1f-1_P88_Y-1_U229,FXX,1,0.0,1,1,1.0,0,0,0,-9999.0,0.5,1,P33_CV0,2,2,0,2,0,0,2,0,2
66,-1085930.919,223688.9139,E66_F34_m34f34_P54_Y6_UO1690,I34_F54_m-1f-1_P34_Y-1_U188,ID34_F54_m-1f-1_P34_Y-1_U247,MXY,1,0.0,1,1,0.0,0,0,0,-9999.0,0.5,1,P33_CV0,2,2,0,1,1,0,2,0,2
66,-1085930.919,223688.9139,E66_F34_m34f34_P61_Y6_UO1575,I34_F54_m34f34_P66_Y4_UO1659,I34_F54_m34f34_P54_Y3_UO1598,MXY,1,0.0,1,1,0.0,0,0,0,-9999.0,0.4375,1,P33_CV0,2,1,1,1,1,0,2,0,2
66,-1085930.919,223688.9139,E66_F34_m34f34_P61_Y6_UO1595,I34_F54_m88f88_P54_Y4_UO4152,I34_F61_m34f34_P54_Y4_UO1635,MXY,1,0.0,1,1,0.0,0,0,0,-9999.0,0.375,1,P33_CV0,2,0,2,1,1,0,2,0,2
66,-1085930.919,223688.9139,E66_F34_m34f34_P61_Y6_UO1607,ID34_F54_m53f53_P26_Y3_UO2475,I34_F54_m34f34_P66_Y4_UO1597,MXY,1,0.0,1,1,0.0,0,0,0,-9999.0,0.5625,1,P33_CV0,2,1,1,1,1,0,2,0,2
66,-1085930.919,223688.9139,E66_F34_m34f34_P61_Y6_UO1618,I34_F61_m34f34_P54_Y3_UO1593,I34_F61_m34f34_P54_Y4_UO1554,MXY,1,0.0,1,1,0.0,0,0,0,-9999.0,0.59375,1,P33_CV0,2,2,0,1,1,0,2,0,2
66,-1085930.919,223688.9139,E66_F34_m34f34_P61_Y6_UO1625,ID34_F32_m34f34_P54_Y3_UO1596,ID34_F66_m34f34_P54_Y3_UO1594,MXY,1,0.0,1,1,0.0,0,0,0,-9999.0,0.375,1,P33_CV0,2,0,2,1,1,0,2,0,2
66,-1085930.919,223688.9139,E66_F34_m34f34_P61_Y6_UO1632,ID34_F54_m53f53_P26_Y3_UO2477,I34_F61_m34f34_P32_Y4_UO1607,FXX,1,0.0,1,1,1.0,0,0,0,-9999.0,0.5625,1,P33_CV0,2,1,1,1,1,0,2,0,2
66,-1085930.919,223688.9139,E66_F34_m34f34_P66_Y5_UO1606,I34_F66_m34f34_P54_Y2_UO1633,ID34_F54_m78f78_P54_Y3_UO3490,MXY,2,0.0,1,0,0.0,0,0,0,-9999.0,0.5,1,P33_CV0,2,1,1,1,1,0,2,0,2
66,-1085930.919,223688.9139,E66_F34_m34f34_P32_Y5_UO1579,I34_F61_m34f34_P32_Y3_UO1559,I34_F32_m-1f-1_P34_Y-1_U181,MXY,2,0.0,1,0,0.0,0,0,0,-9999.0,0.5,1,P33_CV0,2,1,1,1,1,0,2,0,2
66,-1085930.919,223688.9139,E66_F34_m34f34_P54_Y5_UO1563,I34_F32_m34f34_P32_Y3_UO1615,ID34_F32_m88f88_P29_Y2_UO4149,MXY,2,0.0,1,0,0.0,0,0,0,-9999.0,0.625,1,P33_CV0,2,2,0,0,2,0,2,0,2
66,-1085930.919,223688.9139,E66_F34_m34f34_P32_Y5_UO1631,I34_F61_m34f34_P32_Y1_UO1489,I34_F54_m34f34_P54_Y3_UO1558,MXY,2,0.0,1,0,0.0,0,0,0,-9999.0,0.625,1,P33_CV0,2,1,1,2,0,0,2,0,2
66,-1085930.919,223688.9139,E66_F34_m34f34_P54_Y3_UO1573,ID34_F54_m34f34_P61_Y1_UO1514,ID34_F54_m-1f-1_P34_Y-1_U88,FXX,4,0.0,1,0,1.0,0,0,0,-9999.0,0.375,1,P33_CV0,2,1,1,1,1,0,2,0,2
66,-1085930.919,223688.9139,E66_F34_m34f34_P32_Y3_UO1658,I34_F54_m-1f-1_P34_Y-1_U242,I34_F54_m34f34_P54_Y1_UO1509,FXX,4,0.0,1,0,1.0,0,0,0,-9999.0,0.875,1,P33_CV0,2,1,1,2,0,0,2,0,2
66,-1085930.919,223688.9139,E66_F34_m34f34_P54_Y3_UO1562,I34_F66_m34f34_P61_Y1_UO1476,I34_F54_m-1f-1_P34_Y-1_U87,FXX,4,0.0,1,0,1.0,0,0,0,-9999.0,0.375,1,P33_CV0,2,1,1,1,1,0,2,0,2
66,-1085930.919,223688.9139,E66_F34_m34f34_P54_Y2_UO1623,I34_F54_m-1f-1_P34_Y-1_U135,ID34_F54_m88f88_P54_Y0_UO4413,FXX,5,0.0,1,0,1.0,0,0,0,-9999.0,0.25,1,P33_CV0,2,0,2,2,0,0,2,0,2
66,-1085930.919,223688.9139,E66_F34_m34f34_P32_Y2_UO1586,I34_F54_m34f34_P66_Y0_UO1673,ID34_F54_m34f34_P54_Y0_UO1643,MXY,5,0.0,1,0,0.0,0,0,0,-9999.0,0.625,1,P33_CV0,2,1,1,1,1,0,2,0,2
66,-1085930.919,223688.9139,E66_F34_m34f34_P54_Y0_UO1662,R34_F34_m-1f-1_P34_Y-1_U58,R34_F34_m-1f-1_P34_Y-1_U13,MXY,7,0.0,1,0,0.0,0,0,0,-9999.0,0.25,1,P33_CV0,2,0,2,0,2,0,2,0,2
66,-1085930.919,223688.9139,E66_F34_m34f34_P54_Y0_UO1667,R34_F34_m-1f-1_P34_Y-1_U67,R34_F34_m-1f-1_P34_Y-1_U94,FXX,7,0.0,1,0,1.0,0,0,0,-9999.0,0.25,1,P33_CV0,2,0,2,2,0,0,2,0,2
66,-1085930.919,223688.9139,E66_F34_m-1f-1_P34_Y-1_U66,-9999,-9999,MXY,8,0.0,1,0,0.0,0,0,0,-9999.0,0.5,1,P33_CV0,2,1,1,2,0,0,2,0,2
66,-1085930.919,223688.9139,E66_F34_m-1f-1_P34_Y-1_U216,-9999,-9999,FXX,10,0.0,1,0,1.0,0,0,0,-9999.0,0.5,1,P33_CV0,2,1,1,1,1,0,2,0,2
66,-1085930.919,223688.9139,E66_F34_m-1f-1_P34_Y-1_U180,-9999,-9999,MXY,12,0.0,1,0,0.0,0,0,0,-9999.0,1.0,1,P33_CV0,2,2,0,1,1,0,2,0,2
66,-1085930.919,223688.9139,Age0_F66_m34f34_P66_Y7_UO1562,I34_F61_m53f53_P26_Y5_UO2485,I34_F32_m34f34_P32_Y0_UO1710,FXX,0,0.0,0,0,0.0,0,0,0,0.0,0.5,1,P52_CV0,2,2,0,1,1,0,2,0,2
66,-1085930.919,223688.9139,Age0_F66_m34f34_P66_Y7_UO1575,ID34_F32_m34f34_P32_Y5_UO1615,I34_F32_m34f34_P66_Y4_UO1598,MXY,0,0.0,0,0,0.0,0,0,0,0.0,0.5625,1,P52_CV0,2,2,0,2,0,0,2,0,2
66,-1085930.919,223688.9139,Age0_F66_m34f34_P66_Y7_UO1612,ID34_F61_m88f88_P54_Y3_UO4104,I34_F54_m53f53_P26_Y3_UO2449,MXY,0,0.0,0,0,0.0,0,0,0,0.0,0.5625,1,P52_CV0,2,1,1,2,0,0,2,0,2
66,-1085930.919,223688.9139,Age0_F66_m34f34_P66_Y7_UO1639,I34_F54_m53f53_P26_Y2_UO2514,ID34_F66_m88f88_P54_Y5_UO4129,MXY,0,0.0,0,0,0.0,0,0,0,0.0,0.1875,1,P52_CV0,2,1,1,2,0,0,2,0,2
66,-1085930.919,223688.9139,E66_F34_m53f53_P26_Y6_UO2499,I53_F26_m53f53_P26_Y4_UO2452,I53_F26_m53f53_P26_Y3_UO2466,MXY,1,0.0,1,1,0.0,0,0,0,-9999.0,0.625,1,P52_CV0,2,1,1,0,2,0,2,0,2
66,-1085930.919,223688.9139,E66_F34_m34f34_P54_Y6_UO1587,I34_F54_m88f88_P54_Y4_UO4105,ID34_F54_m53f53_P26_Y3_UO2449,FXX,1,0.0,1,1,1.0,0,0,0,-9999.0,0.5625,1,P52_CV0,2,2,0,2,0,0,2,0,2
66,-1085930.919,223688.9139,E66_F34_m34f34_P54_Y6_UO1657,I34_F54_m53f53_P26_Y1_UO2359,I34_F32_m34f34_P66_Y4_UO1610,MXY,1,0.0,1,1,0.0,0,0,0,-9999.0,0.4375,1,P52_CV0,2,2,0,1,1,0,2,0,2
66,-1085930.919,223688.9139,E66_F53_m53f53_P26_Y6_UO2515,I53_F26_m53f53_P26_Y1_UO2363,I53_F26_m-1f-1_P53_Y-1_U156,FXX,1,0.0,1,1,1.0,0,0,0,-9999.0,0.125,1,P52_CV0,2,0,2,2,0,0,2,0,2
66,-1085930.919,223688.9139,E66_F34_m53f53_P26_Y5_UO2485,I53_F26_m-1f-1_P53_Y-1_U27,I53_F26_m-1f-1_P53_Y-1_U212,FXX,2,0.0,1,0,1.0,0,0,0,-9999.0,0.5,1,P52_CV0,2,2,0,2,0,0,2,0,2
66,-1085930.919,223688.9139,E66_F34_m34f34_P32_Y5_UO1615,I34_F54_m34f34_P54_Y2_UO1614,I34_F54_m53f53_P26_Y2_UO2475,FXX,2,0.0,1,0,1.0,0,0,0,-9999.0,0.375,1,P52_CV0,2,1,1,2,0,0,2,0,2
66,-1085930.919,223688.9139,E66_F53_m53f53_P26_Y4_UO2490,I53_F26_m-1f-1_P53_Y-1_U233,I53_F26_m-1f-1_P53_Y-1_U19,MXY,3,0.0,1,0,0.0,0,0,0,-9999.0,0.0,1,P52_CV0,2,0,2,2,0,0,2,0,2
66,-1085930.919,223688.9139,E66_F34_m53f53_P26_Y2_UO2514,ID53_F26_m-1f-1_P53_Y-1_U152,I53_F26_m-1f-1_P53_Y-1_U196,FXX,5,0.0,1,0,1.0,0,0,0,-9999.0,0.25,1,P52_CV0,2,0,2,1,1,0,2,0,2
66,-1085930.919,223688.9139,E66_F34_m53f53_P66_Y1_UO2370,ID53_F26_m-1f-1_P53_Y-1_U46,I53_F26_m-1f-1_P53_Y-1_U115,MXY,6,0.0,1,0,0.0,0,0,0,-9999.0,0.25,1,P52_CV0,2,1,1,1,1,0,2,0,2
66,-1085930.919,223688.9139,Age0_F66_m34f34_P66_Y7_UO1646,I34_F54_m62f62_P26_Y1_UO2838,I34_F54_m34f34_P54_Y5_UO1596,MXY,0,0.0,0,0,0.0,0,0,0,0.0,0.625,1,P61_CV0,2,1,1,0,2,0,2,0,2
66,-1085930.919,223688.9139,E66_F34_m62f62_P26_Y1_UO2838,I62_F20_m-1f-1_P62_Y-1_U110,I62_F20_m-1f-1_P62_Y-1_U17,FXX,6,0.0,1,0,1.0,0,0,0,-9999.0,0.5,1,P61_CV0,2,1,1,1,1,0,2,0,2
66,-1085930.919,223688.9139,Age0_F66_m34f34_P66_Y7_UO1630,I34_F32_m34f34_P54_Y3_UO1562,I34_F29_m34f34_P54_Y2_UO1555,FXX,0,0.0,0,0,0.0,0,0,0,0.0,0.4375,1,P77_CV0,2,0,2,2,0,0,2,0,2
66,-1085930.919,223688.9139,E66_F34_m34f34_P54_Y6_UO1586,ID34_F54_m53f53_P26_Y4_UO2466,I34_F61_m78f78_P54_Y2_UO3503,FXX,1,0.0,1,1,1.0,0,0,0,-9999.0,0.75,1,P77_CV0,2,2,0,0,2,0,2,0,2
66,-1085930.919,223688.9139,E66_F34_m78f78_P54_Y6_UO3570,I78_F38_m-1f-1_P78_Y-1_U243,I78_F93_m46f46_P13_Y0_UO2388,FXX,1,0.0,1,1,1.0,0,0,0,-9999.0,0.625,1,P77_CV0,2,2,0,2,0,0,2,0,2
66,-1085930.919,223688.9139,E66_F34_m34f34_P61_Y6_UO1639,I34_F54_m34f34_P32_Y2_UO1558,ID34_F66_m34f34_P54_Y3_UO1594,MXY,1,0.0,1,1,0.0,0,0,0,-9999.0,0.4375,1,P77_CV0,2,0,2,0,2,0,2,0,2
66,-1085930.919,223688.9139,E66_F34_m34f34_P32_Y5_UO1648,I34_F32_m34f34_P54_Y0_UO1667,I34_F54_m34f34_P54_Y2_UO1555,FXX,2,0.0,1,0,1.0,0,0,0,-9999.0,0.375,1,P77_CV0,2,0,2,2,0,0,2,0,2
66,-1085930.919,223688.9139,Age0_F66_m34f34_P66_Y7_UO1637,I34_F54_m34f34_P54_Y2_UO1623,I34_F54_m-1f-1_P88_Y-1_U229,MXY,0,0.0,0,0,0.0,0,0,0,0.0,0.375,1,P87_CV0,2,0,2,2,0,0,2,0,2
66,-1085930.919,223688.9139,Age0_F66_m34f34_P66_Y7_UO1662,ID34_F32_m34f34_P54_Y0_UO1667,ID34_F54_m88f88_P54_Y5_UO4142,FXX,0,0.0,0,0,0.0,0,0,0,0.0,0.375,1,P87_CV0,2,0,2,1,1,0,2,0,2
66,-1085930.919,223688.9139,E66_F34_m34f34_P54_Y6_UO1645,I34_F54_m88f88_P54_Y2_UO4142,ID34_F61_m34f34_P54_Y1_UO1523,FXX,1,0.0,1,1,1.0,0,0,0,-9999.0,0.625,1,P87_CV0,2,1,1,1,1,0,2,0,2
66,-1085930.919,223688.9139,E66_F34_m88f88_P54_Y6_UO4173,I88_F29_m88f88_P29_Y2_UO4130,ID88_F29_m-1f-1_P88_Y-1_U246,FXX,1,0.0,1,1,1.0,0,0,0,-9999.0,0.25,1,P87_CV0,2,1,1,1,1,0,2,0,2
66,-1085930.919,223688.9139,E66_F34_m88f88_P54_Y6_UO4194,I88_F29_m-1f-1_P88_Y-1_U89,ID88_F54_m78f78_P29_Y2_UO3493,MXY,1,0.0,1,1,0.0,0,0,0,-9999.0,0.5,1,P87_CV0,2,1,1,1,1,0,2,0,2
66,-1085930.919,223688.9139,E66_F34_m88f88_P54_Y3_UO4104,I88_F29_m-1f-1_P88_Y-1_U227,ID88_F54_m-1f-1_P88_Y-1_U87,FXX,4,0.0,1,0,1.0,0,0,0,-9999.0,0.5,1,P87_CV0,2,1,1,1,1,0,2,0,2
66,-1085930.919,223688.9139,E66_F34_m88f88_P54_Y2_UO4125,I88_F29_m-1f-1_P88_Y-1_U89,I88_F29_m-1f-1_P88_Y-1_U72,MXY,5,0.0,1,0,0.0,0,0,0,-9999.0,0.75,1,P87_CV0,2,1,1,1,1,0,2,0,2
66,-1085930.919,223688.9139,E66_F34_m88f88_P54_Y1_UO3983,I88_F29_m-1f-1_P88_Y-1_U154,I88_F54_m-1f-1_P88_Y-1_U73,MXY,6,0.0,1,0,0.0,0,0,0,-9999.0,0.5,1,P87_CV0,2,1,1,1,1,0,2,0,2
66,-1085930.919,223688.9139,E66_F34_m88f88_P54_Y1_UO3949,I88_F29_m-1f-1_P88_Y-1_U174,I88_F29_m-1f-1_P88_Y-1_U58,MXY,6,0.0,1,0,0.0,0,0,0,-9999.0,0.0,1,P87_CV0,2,0,2,2,0,0,2,0,2
67,-437075.5548,284710.2537,Age0_F67_m4f4_P67_Y7_UO248,I4_F82_m77f77_P82_Y4_UO3374,ID4_F67_m9f9_P33_Y5_UO597,FXX,0,0.0,0,0,0.0,0,0,0,0.0,0.8125,1,P0_CV0,2,1,1,2,0,0,2,0,2
67,-437075.5548,284710.2537,Age0_F67_m4f4_P67_Y7_UO255,I4_F82_m77f77_P82_Y3_UO3383,I4_F82_m-1f-1_P4_Y-1_U121,MXY,0,0.0,0,0,0.0,0,0,0,0.0,0.625,1,P0_CV0,2,1,1,1,1,0,2,0,2
67,-437075.5548,284710.2537,E67_F4_m77f77_P82_Y6_UO3451,I77_F82_m9f9_P10_Y2_UO512,I77_F10_m77f77_P10_Y3_UO3370,FXX,1,0.0,1,1,1.0,0,0,0,-9999.0,0.625,1,P0_CV0,2,2,0,0,2,0,2,0,2
67,-437075.5548,284710.2537,E67_F77_m1f1_P33_Y5_UO74,ID1_F97_m9f9_P10_Y0_UO548,I1_F33_m-1f-1_P1_Y-1_U242,FXX,2,0.0,1,0,1.0,0,0,0,-9999.0,0.875,1,P0_CV0,2,2,0,0,2,0,2,0,2
67,-437075.5548,284710.2537,E67_F4_m1f1_P10_Y4_UO30,ID1_F33_m4f4_P82_Y1_UO208,I1_F33_m1f1_P33_Y0_UO48,MXY,3,0.0,1,0,0.0,0,0,0,-9999.0,0.75,1,P0_CV0,2,1,1,2,0,0,2,0,2
67,-437075.5548,284710.2537,E67_F4_m4f4_P82_Y4_UO227,I4_F82_m1f1_P96_Y0_UO46,I4_F82_m4f4_P82_Y0_UO208,MXY,3,0.0,1,0,0.0,0,0,0,-9999.0,0.375,1,P0_CV0,2,1,1,2,0,0,2,0,2
67,-437075.5548,284710.2537,E67_F4_m77f77_P82_Y3_UO3383,I77_F33_m1f1_P10_Y0_UO59,I77_F10_m-1f-1_P77_Y-1_U169,FXX,4,0.0,1,0,1.0,0,0,0,-9999.0,0.25,1,P0_CV0,2,0,2,1,1,0,2,0,2
67,-437075.5548,284710.2537,E67_F87_m39f39_P19_Y4_UO1859,I39_F93_m-1f-1_P39_Y-1_U13,I39_F13_m-1f-1_P39_Y-1_U160,FXX,3,0.0,1,0,1.0,0,0,1,-9999.0,0.25,1,P38_CV0,2,1,1,1,1,0,2,0,2
67,-437075.5548,284710.2537,Age0_F67_m4f4_P67_Y7_UO219,I4_F82_m4f4_P67_Y5_UO233,I4_F67_m4f4_P82_Y5_UO235,MXY,0,0.0,0,0,0.0,0,0,0,0.0,0.34375,1,P3_CV0,2,1,1,1,1,0,2,0,2
67,-437075.5548,284710.2537,Age0_F67_m4f4_P67_Y7_UO222,I4_F67_m4f4_P82_Y5_UO272,I4_F96_m4f4_P82_Y4_UO231,MXY,0,0.0,0,0,0.0,0,0,0,0.0,0.75,1,P3_CV0,2,2,0,1,1,0,2,0,2
67,-437075.5548,284710.2537,Age0_F67_m4f4_P67_Y7_UO237,I4_F82_m4f4_P82_Y5_UO262,I4_F82_m4f4_P82_Y3_UO236,MXY,0,0.0,0,0,0.0,0,0,0,0.0,0.75,1,P3_CV0,2,1,1,1,1,0,2,0,2
67,-437075.5548,284710.2537,Age0_F67_m4f4_P67_Y7_UO242,I4_F82_m60f60_P96_Y4_UO2798,I4_F82_m4f4_P67_Y5_UO245,MXY,0,0.0,0,0,0.0,0,0,0,0.0,0.5625,1,P3_CV0,2,0,2,0,2,0,2,0,2
67,-437075.5548,284710.2537,Age0_F67_m4f4_P67_Y7_UO245,ID4_F82_m4f4_P82_Y4_UO210,I4_F82_m4f4_P96_Y0_UO199,FXX,0,0.0,0,0,0.0,0,0,0,0.0,0.65625,1,P3_CV0,2,0,2,1,1,0,2,0,2
67,-437075.5548,284710.2537,Age0_F67_m4f4_P67_Y7_UO249,I4_F10_m4f4_P82_Y4_UO219,I4_F67_m-1f-1_P9_Y-1_U113,FXX,0,0.0,0,0,0.0,0,0,0,0.0,0.5625,1,P3_CV0,2,2,0,2,0,0,2,0,2
67,-437075.5548,284710.2537,Age0_F67_m4f4_P67_Y7_UO253,I4_F82_m77f77_P82_Y3_UO3388,I4_F82_m-1f-1_P4_Y-1_U222,MXY,0,0.0,0,0,0.0,0,0,0,0.0,0.375,1,P3_CV0,2,0,2,2,0,0,2,0,2
67,-437075.5548,284710.2537,Age0_F67_m4f4_P67_Y7_UO254,ID4_F67_m4f4_P82_Y3_UO266,ID4_F82_m4f4_P67_Y1_UO258,MXY,0,0.0,0,0,0.0,0,0,0,0.0,0.8125,1,P3_CV0,2,2,0,1,1,0,2,0,2
67,-437075.5548,284710.2537,Age0_F67_m4f4_P67_Y7_UO257,ID4_F82_m4f4_P96_Y3_UO232,I4_F82_m4f4_P82_Y3_UO226,FXX,0,0.0,0,0,0.0,0,0,0,0.0,0.625,1,P3_CV0,2,1,1,0,2,0,2,0,2
67,-437075.5548,284710.2537,Age0_F67_m4f4_P67_Y7_UO263,I4_F82_m4f4_P82_Y3_UO198,I4_F67_m87f87_P67_Y1_UO3872,FXX,0,0.0,0,0,0.0,0,0,0,0.0,0.4375,1,P3_CV0,2,1,1,1,1,0,2,0,2
67,-437075.5548,284710.2537,Age0_F67_m4f4_P67_Y7_UO267,I4_F82_m4f4_P82_Y2_UO216,ID4_F96_m9f9_P44_Y1_UO459,FXX,0,0.0,0,0,0.0,0,0,0,0.0,0.4375,1,P3_CV0,2,1,1,0,2,0,2,0,2
67,-437075.5548,284710.2537,Age0_F67_m4f4_P67_Y7_UO269,ID4_F82_m4f4_P82_Y2_UO275,I4_F33_m4f4_P67_Y1_UO190,FXX,0,0.0,0,0,0.0,0,0,0,0.0,0.5,1,P3_CV0,2,1,1,1,1,0,2,0,2
67,-437075.5548,284710.2537,Age0_F67_m4f4_P67_Y7_UO273,I4_F82_m4f4_P82_Y2_UO244,I4_F82_m4f4_P67_Y2_UO226,FXX,0,0.0,0,0,0.0,0,0,0,0.0,0.375,1,P3_CV0,2,1,1,1,1,0,2,0,2
67,-437075.5548,284710.2537,Age0_F67_m4f4_P67_Y7_UO276,I4_F82_m4f4_P82_Y1_UO200,I4_F82_m4f4_P82_Y3_UO236,MXY,0,0.0,0,0,0.0,0,0,0,0.0,0.625,1,P3_CV0,2,1,1,0,2,0,2,0,2
67,-437075.5548,284710.2537,Age0_F67_m4f4_P67_Y7_UO278,I4_F82_m77f77_P10_Y1_UO3229,ID4_F82_m77f77_P82_Y5_UO3440,MXY,0,0.0,0,0,0.0,0,0,0,0.0,0.8125,1,P3_CV0,2,2,0,2,0,0,2,0,2
67,-437075.5548,284710.2537,Age0_F67_m4f4_P67_Y7_UO283,ID4_F82_m-1f-1_P4_Y-1_U203,I4_F82_m4f4_P82_Y2_UO260,MXY,0,0.0,0,0,0.0,0,0,0,0.0,0.25,1,P3_CV0,2,0,2,1,1,0,2,0,2
67,-437075.5548,284710.2537,Age0_F67_m4f4_P67_Y7_UO289,ID4_F67_m-1f-1_P4_Y-1_U147,I4_F82_m4f4_P82_Y0_UO208,FXX,0,0.0,0,0,0.0,0,0,0,0.0,0.75,1,P3_CV0,2,1,1,0,2,0,2,0,2
67,-437075.5548,284710.2537,Age0_F67_m4f4_P67_Y7_UO292,I4_F96_m-1f-1_P4_Y-1_U144,I4_F82_m4f4_P82_Y3_UO192,MXY,0,0.0,0,0,0.0,0,0,0,0.0,0.625,1,P3_CV0,2,1,1,0,2,0,2,0,2
67,-437075.5548,284710.2537,E67_F4_m4f4_P67_Y6_UO258,I4_F82_m4f4_P82_Y2_UO277,I4_F82_m4f4_P67_Y0_UO241,FXX,1,0.0,1,1,1.0,0,0,0,-9999.0,0.3125,1,P3_CV0,2,0,2,2,0,0,2,0,2
67,-437075.5548,284710.2537,E67_F4_m4f4_P82_Y6_UO217,ID4_F82_m87f87_P67_Y4_UO4032,I4_F82_m-1f-1_P4_Y-1_U95,FXX,1,0.0,1,1,1.0,0,0,1,-9999.0,0.625,1,P3_CV0,2,0,2,1,1,0,2,0,2
67,-437075.5548,284710.2537,E67_F4_m4f4_P82_Y6_UO238,I4_F82_m77f77_P82_Y3_UO3432,ID4_F10_m-1f-1_P4_Y-1_U205,FXX,1,0.0,1,1,1.0,0,0,0,-9999.0,0.625,1,P3_CV0,2,0,2,0,2,0,2,0,2
67,-437075.5548,284710.2537,E67_F4_m4f4_P82_Y6_UO243,ID4_F82_m4f4_P96_Y3_UO232,I4_F82_m4f4_P82_Y2_UO248,MXY,1,0.0,1,1,0.0,0,0,0,-9999.0,0.6875,1,P3_CV0,2,2,0,0,2,0,2,0,2
67,-437075.5548,284710.2537,E67_F4_m4f4_P82_Y6_UO254,ID4_F96_m4f4_P82_Y2_UO244,I4_F67_m-1f-1_P4_Y-1_U92,FXX,1,0.0,1,1,1.0,0,0,0,-9999.0,0.375,1,P3_CV0,2,1,1,1,1,0,2,0,2
67,-437075.5548,284710.2537,E67_F4_m4f4_P82_Y6_UO257,ID4_F82_m4f4_P82_Y2_UO227,I4_F96_m4f4_P82_Y4_UO271,MXY,1,0.0,1,1,0.0,0,0,0,-9999.0,0.75,1,P3_CV0,2,1,1,0,2,0,2,0,2
67,-437075.5548,284710.2537,E67_F4_m4f4_P82_Y6_UO265,I4_F82_m4f4_P67_Y1_UO185,ID4_F51_m4f4_P82_Y4_UO272,FXX,1,0.0,1,1,1.0,0,0,0,-9999.0,0.3125,1,P3_CV0,2,1,1,1,1,0,2,0,2
67,-437075.5548,284710.2537,E67_F4_m4f4_P82_Y6_UO275,ID4_F82_m-1f-1_P4_Y-1_U213,I4_F82_m1f1_P10_Y4_UO30,FXX,1,0.0,1,1,1.0,0,0,0,-9999.0,0.875,1,P3_CV0,2,1,1,1,1,0,2,0,2
67,-437075.5548,284710.2537,E67_F4_m77f77_P82_Y6_UO3484,ID77_F10_m-1f-1_P4_Y-1_U47,I77_F33_m-1f-1_P77_Y-1_U211,MXY,1,0.0,1,1,0.0,0,0,0,-9999.0,0.25,1,P3_CV0,2,1,1,0,2,0,2,0,2
67,-437075.5548,284710.2537,E67_F77_m4f4_P82_Y6_UO270,I4_F82_m87f87_P67_Y0_UO4318,I4_F82_m4f4_P67_Y0_UO241,FXX,1,0.0,1,1,1.0,0,0,0,-9999.0,0.625,1,P3_CV0,2,2,0,2,0,0,2,0,2
67,-437075.5548,284710.2537,E67_F4_m4f4_P67_Y5_UO233,I4_F82_m4f4_P67_Y2_UO255,ID4_F82_m-1f-1_P4_Y-1_U92,FXX,2,0.0,1,0,1.0,0,0,0,-9999.0,0.0,1,P3_CV0,2,0,2,1,1,0,2,0,2
67,-437075.5548,284710.2537,E67_F4_m4f4_P82_Y5_UO272,I4_F67_m-1f-1_P4_Y-1_U147,I4_F67_m4f4_P82_Y3_UO226,FXX,2,0.0,1,0,1.0,0,0,0,-9999.0,0.875,1,P3_CV0,2,2,0,0,2,0,2,0,2
67,-437075.5548,284710.2537,E67_F4_m4f4_P82_Y5_UO286,ID4_F82_m-1f-1_P4_Y-1_U106,I4_F67_m9f9_P10_Y2_UO569,FXX,2,0.0,1,0,1.0,0,0,0,-9999.0,0.5,1,P3_CV0,2,0,2,2,0,0,2,0,2
67,-437075.5548,284710.2537,E67_F4_m4f4_P82_Y5_UO262,I4_F82_m-1f-1_P4_Y-1_U145,I4_F82_m-1f-1_P1_Y-1_U85,FXX,2,0.0,1,0,1.0,0,0,0,-9999.0,1.0,1,P3_CV0,2,2,0,1,1,0,2,0,2
67,-437075.5548,284710.2537,E67_F4_m4f4_P82_Y4_UO189,I4_F10_m4f4_P67_Y2_UO255,I4_F82_m-1f-1_P4_Y-1_U130,MXY,3,0.0,1,0,0.0,0,0,0,-9999.0,0.5,1,P3_CV0,2,1,1,0,2,0,2,0,2
67,-437075.5548,284710.2537,E67_F4_m4f4_P82_Y4_UO210,ID4_F82_m4f4_P82_Y2_UO244,I4_F82_m4f4_P82_Y2_UO188,FXX,3,0.0,1,0,1.0,0,0,0,-9999.0,0.5625,1,P3_CV0,2,1,1,1,1,0,2,0,2
67,-437075.5548,284710.2537,E67_F4_m4f4_P82_Y4_UO219,ID4_F24_m4f4_P82_Y1_UO200,ID4_F96_m4f4_P67_Y2_UO282,FXX,3,0.0,1,0,1.0,0,0,1,-9999.0,0.625,1,P3_CV0,2,2,0,1,1,0,2,0,2
67,-437075.5548,284710.2537,E67_F4_m4f4_P82_Y4_UO196,I4_F82_m4f4_P67_Y2_UO265,ID4_F82_m-1f-1_P4_Y-1_U51,FXX,3,0.0,1,0,1.0,0,0,1,-9999.0,0.3125,1,P3_CV0,2,1,1,2,0,0,2,0,2
67,-437075.5548,284710.2537,E67_F77_m4f4_P82_Y4_UO243,ID4_F82_m-1f-1_P4_Y-1_U211,I4_F67_m4f4_P67_Y1_UO186,MXY,3,0.0,1,0,0.0,0,0,1,-9999.0,0.625,1,P3_CV0,2,2,0,1,1,0,2,0,2
67,-437075.5548,284710.2537,E67_F4_m4f4_P82_Y3_UO266,I4_F82_m-1f-1_P4_Y-1_U24,ID4_F96_m4f4_P82_Y1_UO203,FXX,4,0.0,1,0,1.0,0,0,0,-9999.0,0.625,1,P3_CV0,2,1,1,1,1,0,2,0,2
67,-437075.5548,284710.2537,E67_F4_m4f4_P96_Y3_UO232,I4_F82_m-1f-1_P77_Y-1_U26,I4_F82_m4f4_P82_Y1_UO210,FXX,4,0.0,1,0,1.0,0,0,0,-9999.0,0.5,1,P3_CV0,2,1,1,0,2,0,2,0,2
67,-437075.5548,284710.2537,E67_F4_m4f4_P82_Y3_UO192,I4_F82_m4f4_P82_Y1_UO230,I4_F82_m77f77_P82_Y0_UO3652,MXY,4,0.0,1,0,0.0,0,0,1,-9999.0,0.75,1,P3_CV0,2,2,0,0,2,0,2,0,2
67,-437075.5548,284710.2537,E67_F4_m4f4_P82_Y3_UO198,ID4_F82_m4f4_P82_Y1_UO222,I4_F82_m-1f-1_P4_Y-1_U222,FXX,4,0.0,1,0,1.0,0,0,0,-9999.0,0.375,1,P3_CV0,2,1,1,2,0,0,2,0,2
67,-437075.5548,284710.2537,E67_F4_m4f4_P82_Y2_UO248,I4_F67_m-1f-1_P4_Y-1_U80,I4_F82_m4f4_P82_Y0_UO270,MXY,5,0.0,1,0,0.0,0,0,0,-9999.0,0.875,1,P3_CV0,2,1,1,1,1,0,2,0,2
67,-437075.5548,284710.2537,E67_F4_m4f4_P82_Y2_UO235,ID4_F82_m-1f-1_P4_Y-1_U75,I4_F82_m4f4_P82_Y0_UO208,MXY,5,0.0,1,0,0.0,0,0,0,-9999.0,0.25,1,P3_CV0,2,0,2,1,1,0,2,0,2
67,-437075.5548,284710.2537,E67_F4_m4f4_P82_Y2_UO216,ID4_F82_m-1f-1_P4_Y-1_U146,I4_F82_m4f4_P67_Y0_UO241,FXX,5,0.0,1,0,1.0,0,0,0,-9999.0,0.625,1,P3_CV0,2,2,0,1,1,0,2,0,2
67,-437075.5548,284710.2537,E67_F4_m4f4_P82_Y2_UO275,ID4_F67_m-1f-1_P4_Y-1_U57,I4_F82_m4f4_P82_Y0_UO228,FXX,5,0.0,1,0,1.0,0,0,0,-9999.0,0.75,1,P3_CV0,2,1,1,0,2,0,2,0,2
67,-437075.5548,284710.2537,E67_F4_m4f4_P82_Y2_UO244,I4_F82_m-1f-1_P4_Y-1_U212,I4_F67_m-1f-1_P4_Y-1_U134,FXX,5,0.0,1,0,1.0,0,0,0,-9999.0,0.75,1,P3_CV0,2,2,0,1,1,0,2,0,2
67,-437075.5548,284710.2537,E67_F4_m4f4_P82_Y1_UO200,I4_F82_m-1f-1_P4_Y-1_U247,I4_F82_m-1f-1_P4_Y-1_U85,FXX,6,0.0,1,0,1.0,0,0,0,-9999.0,0.75,1,P3_CV0,2,1,1,0,2,0,2,0,2
67,-437075.5548,284710.2537,E67_F4_m4f4_P82_Y0_UO208,R4_F4_m-1f-1_P4_Y-1_U30,R4_F4_m-1f-1_P4_Y-1_U133,MXY,7,0.0,1,0,0.0,0,0,0,-9999.0,0.5,1,P3_CV0,2,0,2,1,1,0,2,0,2
67,-437075.5548,284710.2537,E67_F4_m-1f-1_P4_Y-1_U172,-9999,-9999,MXY,8,0.0,1,0,0.0,0,0,1,-9999.0,1.0,1,P3_CV0,2,2,0,1,1,0,2,0,2
67,-437075.5548,284710.2537,E67_F4_m-1f-1_P4_Y-1_U203,-9999,-9999,FXX,8,0.0,1,0,1.0,0,0,0,-9999.0,0.0,1,P3_CV0,2,0,2,1,1,0,2,0,2
67,-437075.5548,284710.2537,E67_F4_m-1f-1_P4_Y-1_U82,-9999,-9999,MXY,9,0.0,1,0,0.0,0,0,0,-9999.0,0.0,1,P3_CV0,2,0,2,1,1,0,2,0,2
67,-437075.5548,284710.2537,E67_F4_m-1f-1_P4_Y-1_U147,-9999,-9999,FXX,10,0.0,1,0,1.0,0,0,0,-9999.0,1.0,1,P3_CV0,2,2,0,0,2,0,2,0,2
67,-437075.5548,284710.2537,E67_F4_m-1f-1_P4_Y-1_U144,-9999,-9999,FXX,10,0.0,1,0,1.0,0,0,1,-9999.0,0.5,1,P3_CV0,2,1,1,1,1,0,2,0,2
67,-437075.5548,284710.2537,E67_F4_m-1f-1_P4_Y-1_U173,-9999,-9999,MXY,12,0.0,1,0,0.0,0,0,1,-9999.0,0.5,1,P3_CV0,2,1,1,0,2,0,2,0,2
67,-437075.5548,284710.2537,E67_F4_m-1f-1_P4_Y-1_U53,-9999,-9999,MXY,12,0.0,1,0,0.0,0,0,0,-9999.0,0.5,1,P3_CV0,2,1,1,0,2,0,2,0,2
67,-437075.5548,284710.2537,E67_F4_m-1f-1_P4_Y-1_U92,-9999,-9999,MXY,13,0.0,1,0,0.0,0,0,0,-9999.0,0.0,1,P3_CV0,2,0,2,2,0,0,2,0,2
67,-437075.5548,284710.2537,E67_F4_m4f4_P82_Y6_UO221,I4_F82_m60f60_P96_Y4_UO2798,ID4_F82_m-1f-1_P4_Y-1_U186,FXX,1,0.0,1,1,1.0,0,0,0,-9999.0,0.625,1,P59_CV0,2,0,2,1,1,0,2,0,2
67,-437075.5548,284710.2537,E67_F4_m60f60_P96_Y4_UO2798,I60_F75_m60f60_P75_Y1_UO2754,I60_F75_m60f60_P75_Y1_UO2715,FXX,3,0.0,1,0,1.0,0,0,0,-9999.0,0.75,1,P59_CV0,2,0,2,0,2,0,2,0,2
67,-437075.5548,284710.2537,E67_F87_m60f60_P51_Y1_UO2764,I60_F75_m-1f-1_P60_Y-1_U2,I60_F75_m-1f-1_P60_Y-1_U227,FXX,6,0.0,1,0,1.0,0,0,0,-9999.0,0.75,1,P59_CV0,2,1,1,1,1,0,2,0,2
67,-437075.5548,284710.2537,Age0_F67_m4f4_P67_Y7_UO236,I4_F82_m4f4_P82_Y5_UO286,I4_F67_m77f77_P67_Y3_UO3369,MXY,0,0.0,0,0,0.0,0,0,0,0.0,0.5,1,P76_CV0,2,1,1,2,0,0,2,0,2
67,-437075.5548,284710.2537,Age0_F67_m4f4_P67_Y7_UO240,I4_F82_m77f77_P82_Y4_UO3360,I4_F82_m4f4_P82_Y5_UO237,FXX,0,0.0,0,0,0.0,0,0,0,0.0,0.625,1,P76_CV0,2,2,0,1,1,0,2,0,2
67,-437075.5548,284710.2537,Age0_F67_m4f4_P67_Y7_UO251,I4_F82_m4f4_P82_Y4_UO196,I4_F10_m77f77_P82_Y0_UO3688,MXY,0,0.0,0,0,0.0,0,0,0,0.0,0.53125,1,P76_CV0,2,1,1,1,1,0,2,0,2
67,-437075.5548,284710.2537,Age0_F67_m4f4_P67_Y7_UO258,I4_F96_m4f4_P82_Y3_UO215,I4_F67_m-1f-1_P4_Y-1_U82,MXY,0,0.0,0,0,0.0,0,0,0,0.0,0.3125,1,P76_CV0,2,1,1,2,0,0,2,0,2
67,-437075.5548,284710.2537,Age0_F67_m4f4_P67_Y7_UO296,ID4_F10_m-1f-1_P77_Y-1_U216,ID4_F67_m9f9_P33_Y5_UO597,MXY,0,0.0,0,0,0.0,0,0,0,0.0,0.4375,1,P76_CV0,2,1,1,1,1,0,2,0,2
67,-437075.5548,284710.2537,E67_F4_m4f4_P82_Y6_UO212,I4_F82_m4f4_P82_Y4_UO221,I4_F96_m77f77_P82_Y0_UO3688,MXY,1,0.0,1,1,0.0,0,0,0,-9999.0,0.5625,1,P76_CV0,2,1,1,1,1,0,2,0,2
67,-437075.5548,284710.2537,E67_F4_m4f4_P82_Y6_UO249,I4_F82_m77f77_P82_Y2_UO3408,I4_F82_m77f77_P82_Y4_UO3391,FXX,1,0.0,1,1,1.0,0,0,0,-9999.0,0.4375,1,P76_CV0,2,0,2,0,2,0,2,0,2
67,-437075.5548,284710.2537,E67_F4_m4f4_P82_Y6_UO250,ID4_F82_m77f77_P82_Y2_UO3402,I4_F82_m4f4_P82_Y4_UO252,MXY,1,0.0,1,1,0.0,0,0,0,-9999.0,0.75,1,P76_CV0,2,2,0,1,1,0,2,0,2
67,-437075.5548,284710.2537,E67_F4_m77f77_P82_Y6_UO3476,I77_F82_m-1f-1_P77_Y-1_U243,I77_F82_m77f77_P10_Y1_UO3263,MXY,1,0.0,1,1,0.0,0,0,0,-9999.0,0.125,1,P76_CV0,2,1,1,2,0,0,2,0,2
67,-437075.5548,284710.2537,E67_F4_m77f77_P82_Y6_UO3480,ID77_F33_m-1f-1_P77_Y-1_U139,I77_F82_m4f4_P82_Y4_UO226,MXY,1,0.0,1,1,0.0,0,0,0,-9999.0,0.375,1,P76_CV0,2,1,1,2,0,0,2,0,2
67,-437075.5548,284710.2537,E67_F4_m77f77_P82_Y6_UO3492,I77_F10_m-1f-1_P77_Y-1_U151,I77_F10_m-1f-1_P77_Y-1_U175,MXY,1,0.0,1,1,0.0,0,0,1,-9999.0,0.5,1,P76_CV0,2,1,1,1,1,0,2,0,2
67,-437075.5548,284710.2537,E67_F4_m77f77_P82_Y4_UO3360,ID77_F33_m1f1_P44_Y2_UO33,I77_F33_m-1f-1_P77_Y-1_U238,FXX,3,0.0,1,0,1.0,0,0,0,-9999.0,0.75,1,P76_CV0,2,1,1,1,1,0,2,0,2
67,-437075.5548,284710.2537,E67_F4_m77f77_P82_Y4_UO3374,ID77_F18_m9f9_P18_Y1_UO522,I77_F10_m-1f-1_P77_Y-1_U219,FXX,3,0.0,1,0,1.0,0,0,0,-9999.0,0.75,1,P76_CV0,2,2,0,1,1,0,2,0,2
67,-437075.5548,284710.2537,E67_F4_m77f77_P82_Y3_UO3388,ID77_F82_m-1f-1_P4_Y-1_U208,I77_F33_m-1f-1_P77_Y-1_U220,FXX,4,0.0,1,0,1.0,0,0,1,-9999.0,0.25,1,P76_CV0,2,0,2,1,1,0,2,0,2
67,-437075.5548,284710.2537,E67_F4_m4f4_P82_Y3_UO215,I4_F82_m-1f-1_P4_Y-1_U109,I4_F96_m77f77_P82_Y0_UO3688,FXX,4,0.0,1,0,1.0,0,0,0,-9999.0,0.625,1,P76_CV0,2,2,0,1,1,0,2,0,2
67,-437075.5548,284710.2537,E67_F4_m77f77_P10_Y1_UO3229,I77_F33_m-1f-1_P77_Y-1_U99,I77_F33_m-1f-1_P77_Y-1_U96,FXX,6,0.0,1,0,1.0,0,0,0,-9999.0,1.0,1,P76_CV0,2,2,0,2,0,0,2,0,2
67,-437075.5548,284710.2537,E67_F4_m77f77_P82_Y0_UO3652,R77_F77_m-1f-1_P77_Y-1_U77,R77_F77_m-1f-1_P77_Y-1_U241,MXY,7,0.0,1,0,0.0,0,0,0,-9999.0,0.75,1,P76_CV0,2,2,0,1,1,0,2,0,2
67,-437075.5548,284710.2537,E67_F4_m-1f-1_P77_Y-1_U216,-9999,-9999,FXX,12,0.0,1,0,1.0,0,0,0,-9999.0,0.0,1,P76_CV0,2,0,2,0,2,0,2,0,2
67,-437075.5548,284710.2537,E67_F77_m-1f-1_P77_Y-1_U233,-9999,-9999,MXY,15,0.0,1,0,0.0,0,0,0,-9999.0,0.5,1,P76_CV0,2,1,1,1,1,0,2,0,2
67,-437075.5548,284710.2537,Age0_F67_m4f4_P67_Y7_UO280,I4_F82_m87f87_P67_Y0_UO4318,ID4_F82_m9f9_P96_Y3_UO572,FXX,0,0.0,0,0,0.0,0,0,0,0.0,0.75,1,P86_CV0,2,1,1,1,1,0,2,0,2
67,-437075.5548,284710.2537,Age0_F67_m4f4_P67_Y7_UO281,I4_F67_m87f87_P67_Y0_UO4361,I4_F82_m-1f-1_P4_Y-1_U116,MXY,0,0.0,0,0,0.0,0,0,0,0.0,0.375,1,P86_CV0,2,1,1,0,2,0,2,0,2
67,-437075.5548,284710.2537,Age0_F67_m87f87_P67_Y7_UO4069,I87_F24_m87f87_P24_Y5_UO4115,I87_F24_m87f87_P51_Y5_UO4094,MXY,0,0.0,0,0,0.0,0,0,0,0.0,0.6875,1,P86_CV0,2,2,0,1,1,0,2,0,2
67,-437075.5548,284710.2537,Age0_F67_m87f87_P67_Y7_UO4076,ID87_F24_m87f87_P24_Y4_UO4086,I87_F24_m87f87_P51_Y0_UO4324,FXX,0,0.0,0,0,0.0,0,0,0,0.0,0.1875,1,P86_CV0,2,1,1,1,1,0,2,0,2
67,-437075.5548,284710.2537,Age0_F67_m87f87_P67_Y7_UO4078,I87_F24_m39f39_P19_Y4_UO1859,ID87_F67_m87f87_P24_Y2_UO4035,MXY,0,0.0,0,0,0.0,0,0,0,0.0,0.5,1,P86_CV0,2,1,1,1,1,0,2,0,2
67,-437075.5548,284710.2537,Age0_F67_m87f87_P67_Y7_UO4117,ID87_F51_m60f60_P51_Y1_UO2764,I87_F24_m87f87_P24_Y2_UO4056,MXY,0,0.0,0,0,0.0,0,0,0,0.0,0.75,1,P86_CV0,2,1,1,0,2,0,2,0,2
67,-437075.5548,284710.2537,Age0_F67_m87f87_P67_Y7_UO4141,I87_F24_m-1f-1_P87_Y-1_U30,I87_F24_m87f87_P24_Y5_UO4037,FXX,0,0.0,0,0,0.0,0,0,0,0.0,0.5625,1,P86_CV0,2,1,1,2,0,0,2,0,2
67,-437075.5548,284710.2537,E67_F4_m87f87_P67_Y6_UO4160,ID87_F24_m-1f-1_P87_Y-1_U59,I87_F51_m87f87_P24_Y3_UO3997,FXX,1,0.0,1,1,1.0,0,0,0,-9999.0,0.5625,1,P86_CV0,2,2,0,2,0,0,2,0,2
67,-437075.5548,284710.2537,E67_F87_m87f87_P24_Y6_UO4115,I87_F24_m87f87_P24_Y2_UO4008,ID87_F24_m87f87_P24_Y3_UO4010,FXX,1,0.0,1,1,1.0,0,0,0,-9999.0,0.5,1,P86_CV0,2,1,1,1,1,0,2,0,2
67,-437075.5548,284710.2537,E67_F87_m87f87_P24_Y6_UO4131,I87_F24_m87f87_P51_Y1_UO3890,I87_F67_m-1f-1_P87_Y-1_U22,MXY,1,0.0,1,1,0.0,0,0,0,-9999.0,0.25,1,P86_CV0,2,1,1,2,0,0,2,0,2
67,-437075.5548,284710.2537,E67_F4_m87f87_P67_Y5_UO4042,I87_F24_m30f30_P93_Y3_UO1453,I87_F24_m-1f-1_P87_Y-1_U78,MXY,2,0.0,1,0,0.0,0,0,0,-9999.0,0.3125,1,P86_CV0,2,1,1,1,1,0,2,0,2
67,-437075.5548,284710.2537,E67_F87_m87f87_P24_Y5_UO4060,I87_F24_m87f87_P24_Y2_UO4036,I87_F24_m87f87_P24_Y3_UO3996,MXY,2,0.0,1,0,0.0,0,0,0,-9999.0,0.4375,1,P86_CV0,2,2,0,1,1,0,2,0,2
67,-437075.5548,284710.2537,E67_F87_m87f87_P24_Y5_UO4115,I87_F51_m-1f-1_P87_Y-1_U115,I87_F24_m87f87_P24_Y2_UO4052,FXX,2,0.0,1,0,1.0,0,0,0,-9999.0,0.5,1,P86_CV0,2,2,0,0,2,0,2,0,2
67,-437075.5548,284710.2537,E67_F87_m87f87_P24_Y4_UO4086,I87_F24_m-1f-1_P87_Y-1_U62,I87_F51_m87f87_P24_Y2_UO4032,FXX,3,0.0,1,0,1.0,0,0,0,-9999.0,0.375,1,P86_CV0,2,1,1,0,2,0,2,0,2
67,-437075.5548,284710.2537,E67_F87_m87f87_P67_Y4_UO4014,I87_F24_m87f87_P24_Y2_UO4086,ID87_F19_m-1f-1_P87_Y-1_U243,MXY,3,0.0,1,0,0.0,0,0,0,-9999.0,0.75,1,P86_CV0,2,2,0,1,1,0,2,0,2
67,-437075.5548,284710.2537,E67_F87_m87f87_P24_Y2_UO4067,I87_F19_m-1f-1_P87_Y-1_U9,ID87_F24_m-1f-1_P87_Y-1_U108,MXY,5,0.0,1,0,0.0,0,0,0,-9999.0,0.75,1,P86_CV0,2,2,0,1,1,0,2,0,2
67,-437075.5548,284710.2537,E67_F4_m87f87_P67_Y1_UO3872,I87_F24_m-1f-1_P87_Y-1_U246,I87_F24_m-1f-1_P87_Y-1_U27,MXY,6,0.0,1,0,0.0,0,0,0,-9999.0,0.5,1,P86_CV0,2,1,1,1,1,0,2,0,2
67,-437075.5548,284710.2537,E67_F4_m87f87_P67_Y0_UO4318,R87_F87_m-1f-1_P87_Y-1_U19,R87_F87_m-1f-1_P87_Y-1_U194,FXX,7,0.0,1,0,1.0,0,0,0,-9999.0,1.0,1,P86_CV0,2,2,0,2,0,0,2,0,2
67,-437075.5548,284710.2537,E67_F4_m87f87_P67_Y0_UO4361,R87_F87_m-1f-1_P87_Y-1_U131,R87_F87_m-1f-1_P87_Y-1_U90,FXX,7,0.0,1,0,1.0,0,0,0,-9999.0,0.25,1,P86_CV0,2,1,1,0,2,0,2,0,2
67,-437075.5548,284710.2537,E67_F87_m-1f-1_P87_Y-1_U144,-9999,-9999,MXY,8,0.0,1,0,0.0,0,0,0,-9999.0,0.5,1,P86_CV0,2,1,1,2,0,0,2,0,2
67,-437075.5548,284710.2537,E67_F87_m-1f-1_P87_Y-1_U30,-9999,-9999,FXX,9,0.0,1,0,1.0,0,0,0,-9999.0,1.0,1,P86_CV0,2,2,0,2,0,0,2,0,2
67,-437075.5548,284710.2537,E67_F87_m-1f-1_P87_Y-1_U54,-9999,-9999,MXY,10,0.0,1,0,0.0,0,0,0,-9999.0,0.5,1,P86_CV0,2,1,1,0,2,0,2,0,2
67,-437075.5548,284710.2537,Age0_F67_m77f77_P67_Y7_UO3422,I77_F82_m1f1_P33_Y5_UO74,I77_F82_m1f1_P10_Y5_UO41,MXY,0,0.0,0,0,0.0,0,0,0,0.0,0.8125,1,P8_CV0,2,2,0,0,2,0,2,0,2
67,-437075.5548,284710.2537,E67_F4_m4f4_P82_Y6_UO227,I4_F82_m4f4_P82_Y4_UO204,ID4_F67_m-1f-1_P9_Y-1_U113,MXY,1,0.0,1,1,0.0,0,0,0,-9999.0,0.4375,1,P8_CV0,2,1,1,0,2,0,2,0,2
67,-437075.5548,284710.2537,E67_F4_m4f4_P82_Y6_UO244,I4_F67_m9f9_P10_Y3_UO575,I4_F82_m4f4_P82_Y4_UO227,MXY,1,0.0,1,1,0.0,0,0,0,-9999.0,0.3125,1,P8_CV0,2,1,1,1,1,0,2,0,2
67,-437075.5548,284710.2537,E67_F4_m4f4_P82_Y6_UO285,I4_F82_m-1f-1_P4_Y-1_U211,I4_F82_m77f77_P82_Y4_UO3357,FXX,1,0.0,1,1,1.0,0,0,0,-9999.0,0.75,1,P8_CV0,2,1,1,1,1,0,2,0,2
67,-437075.5548,284710.2537,E67_F4_m4f4_P82_Y4_UO222,ID4_F67_m77f77_P10_Y1_UO3229,ID4_F82_m9f9_P33_Y0_UO569,MXY,3,0.0,1,0,0.0,0,0,0,-9999.0,0.875,1,P8_CV0,2,2,0,1,1,0,2,0,2
67,-437075.5548,284710.2537,E67_F77_m1f1_P10_Y2_UO50,I1_F33_m-1f-1_P9_Y-1_U184,I1_F10_m9f9_P33_Y0_UO522,MXY,5,0.0,1,0,0.0,0,0,0,-9999.0,0.375,1,P8_CV0,2,1,1,1,1,0,2,0,2
67,-437075.5548,284710.2537,E67_F77_m1f1_P10_Y1_UO18,ID1_F33_m-1f-1_P1_Y-1_U103,ID1_F33_m-1f-1_P9_Y-1_U83,MXY,6,0.0,1,0,0.0,0,0,0,-9999.0,0.5,1,P8_CV0,2,1,1,0,2,0,2,0,2
68,-144227.4406,-578483.4639,Age0_F68_m25f25_P68_Y7_UO1260,I25_F68_m84f84_P8_Y5_UO3831,ID25_F48_m73f73_P41_Y4_UO3276,FXX,0,0.0,0,0,0.0,0,0,0,0.0,0.34375,1,P10_CV0,2,1,1,0,2,0,2,0,2
68,-144227.4406,-578483.4639,Age0_F68_m25f25_P68_Y7_UO1309,I25_F68_m65f65_P98_Y2_UO3122,I25_F8_m43f43_P48_Y3_UO2043,FXX,0,0.0,0,0,0.0,0,0,0,0.0,0.6875,1,P10_CV0,2,1,1,2,0,0,2,0,2
68,-144227.4406,-578483.4639,Age0_F68_m31f31_P68_Y7_UO1482,I31_F98_m43f43_P48_Y4_UO2044,I31_F8_m-1f-1_P45_Y-1_U182,MXY,0,0.0,0,0,0.0,0,0,0,0.0,0.53125,1,P10_CV0,2,1,1,1,1,0,2,0,2
68,-144227.4406,-578483.4639,Age0_F68_m31f31_P68_Y7_UO1499,I31_F68_m63f63_P8_Y3_UO3033,I31_F8_m11f11_P8_Y3_UO612,MXY,0,0.0,0,0,0.0,0,0,0,0.0,0.375,1,P10_CV0,2,1,1,2,0,0,2,0,2
68,-144227.4406,-578483.4639,Age0_F68_m31f31_P68_Y7_UO1515,I31_F68_m11f11_P36_Y2_UO652,I31_F49_m-1f-1_P25_Y-1_U249,MXY,0,0.0,0,0,0.0,0,0,0,0.0,0.625,1,P10_CV0,2,2,0,1,1,0,2,0,2
68,-144227.4406,-578483.4639,Age0_F68_m43f43_P68_Y7_UO2130,I43_F49_m11f11_P48_Y3_UO618,I43_F48_m-1f-1_P43_Y-1_U180,FXX,0,0.0,0,0,0.0,0,0,0,0.0,0.625,1,P10_CV0,2,1,1,0,2,0,2,0,2
68,-144227.4406,-578483.4639,Age0_F68_m63f63_P68_Y7_UO3017,I63_F8_m45f45_P68_Y5_UO2220,ID63_F68_m100f100_P49_Y2_UO4565,MXY,0,0.0,0,0,0.0,0,0,0,0.0,0.625,1,P10_CV0,2,0,2,1,1,0,2,0,2
68,-144227.4406,-578483.4639,Age0_F68_m63f63_P68_Y7_UO3023,I63_F36_m63f63_P68_Y5_UO3085,I63_F68_m11f11_P49_Y4_UO632,MXY,0,0.0,0,0,0.0,0,0,0,0.0,0.40625,1,P10_CV0,2,1,1,1,1,0,2,0,2
68,-144227.4406,-578483.4639,Age0_F68_m84f84_P68_Y7_UO3879,ID84_F8_m11f11_P48_Y4_UO634,I84_F8_m100f100_P8_Y4_UO4575,FXX,0,0.0,0,0,0.0,0,0,0,0.0,0.25,1,P10_CV0,2,0,2,2,0,0,2,0,2
68,-144227.4406,-578483.4639,Age0_F68_m84f84_P68_Y7_UO3906,I84_F68_m84f84_P68_Y3_UO3814,I84_F36_m31f31_P68_Y4_UO1461,FXX,0,0.0,0,0,0.0,0,0,0,0.0,0.5625,1,P10_CV0,2,1,1,0,2,0,2,0,2
68,-144227.4406,-578483.4639,Age0_F68_m84f84_P68_Y7_UO3919,I84_F36_m31f31_P8_Y2_UO1506,I84_F36_m31f31_P68_Y4_UO1461,MXY,0,0.0,0,0,0.0,0,0,0,0.0,0.6875,1,P10_CV0,2,2,0,1,1,0,2,0,2
68,-144227.4406,-578483.4639,Age0_F68_m84f84_P68_Y7_UO3921,I84_F8_m84f84_P68_Y2_UO3912,ID84_F49_m43f43_P49_Y5_UO2098,MXY,0,0.0,0,0,0.0,0,0,0,0.0,0.375,1,P10_CV0,2,0,2,2,0,0,2,0,2
68,-144227.4406,-578483.4639,Age0_F68_m100f100_P68_Y7_UO4559,I100_F49_m11f11_P48_Y5_UO674,ID100_F41_m100f100_P49_Y5_UO4583,MXY,0,0.0,0,0,0.0,0,0,0,0.0,0.5625,1,P10_CV0,2,1,1,1,1,0,2,0,2
68,-144227.4406,-578483.4639,Age0_F68_m100f100_P68_Y7_UO4563,I100_F49_m100f100_P49_Y5_UO4597,I100_F8_m63f63_P68_Y5_UO3047,MXY,0,0.0,0,0,0.0,0,0,0,0.0,0.34375,1,P10_CV0,2,2,0,0,2,0,2,0,2
68,-144227.4406,-578483.4639,E68_F25_m11f11_P49_Y6_UO654,I11_F49_m15f15_P41_Y2_UO839,ID11_F2_m-1f-1_P11_Y-1_U75,MXY,1,0.0,1,1,0.0,0,0,0,-9999.0,0.375,1,P10_CV0,2,1,1,2,0,0,2,0,2
68,-144227.4406,-578483.4639,E68_F25_m43f43_P49_Y6_UO2105,I43_F48_m55f55_P49_Y4_UO2525,I43_F49_m100f100_P49_Y4_UO4546,MXY,1,0.0,1,1,0.0,0,0,0,-9999.0,0.5,1,P10_CV0,2,0,2,2,0,0,2,0,2
68,-144227.4406,-578483.4639,E68_F25_m25f25_P69_Y6_UO1311,I25_F68_m25f25_P8_Y2_UO1254,I25_F68_m84f84_P68_Y4_UO3836,FXX,1,0.0,1,1,1.0,0,0,0,-9999.0,0.6875,1,P10_CV0,2,2,0,2,0,0,2,0,2
68,-144227.4406,-578483.4639,E68_F25_m85f85_P69_Y6_UO4020,I85_F69_m11f11_P2_Y3_UO632,I85_F2_m85f85_P36_Y4_UO3955,MXY,1,0.0,1,1,0.0,0,0,0,-9999.0,0.5,1,P10_CV0,2,1,1,1,1,0,2,0,2
68,-144227.4406,-578483.4639,E68_F31_m63f63_P8_Y6_UO3095,I63_F8_m-1f-1_P65_Y-1_U159,I63_F69_m43f43_P49_Y4_UO2094,FXX,1,0.0,1,1,1.0,0,0,0,-9999.0,0.5625,1,P10_CV0,2,0,2,1,1,0,2,0,2
68,-144227.4406,-578483.4639,E68_F31_m25f25_P68_Y6_UO1359,I25_F8_m-1f-1_P11_Y-1_U62,I25_F69_m11f11_P2_Y2_UO626,MXY,1,0.0,1,1,0.0,0,0,0,-9999.0,0.25,1,P10_CV0,2,0,2,2,0,0,2,0,2
68,-144227.4406,-578483.4639,E68_F63_m85f85_P2_Y6_UO4023,I85_F2_m11f11_P2_Y3_UO615,I85_F36_m25f25_P8_Y1_UO1223,MXY,1,0.0,1,1,0.0,0,0,0,-9999.0,0.875,1,P10_CV0,2,1,1,0,2,0,2,0,2
68,-144227.4406,-578483.4639,E68_F63_m31f31_P68_Y6_UO1542,I31_F8_m-1f-1_P100_Y-1_U222,ID31_F68_m25f25_P8_Y3_UO1268,MXY,1,0.0,1,1,0.0,0,0,0,-9999.0,0.375,1,P10_CV0,2,1,1,0,2,0,2,0,2
68,-144227.4406,-578483.4639,E68_F84_m25f25_P8_Y6_UO1270,I25_F69_m43f43_P49_Y4_UO2115,I25_F68_m100f100_P48_Y0_UO4928,MXY,1,0.0,1,1,0.0,0,0,0,-9999.0,0.125,1,P10_CV0,2,0,2,1,1,0,2,0,2
68,-144227.4406,-578483.4639,E68_F84_m84f84_P68_Y6_UO3925,I84_F68_m11f11_P48_Y2_UO661,ID84_F8_m-1f-1_P84_Y-1_U134,MXY,1,0.0,1,1,0.0,0,0,0,-9999.0,0.25,1,P10_CV0,2,0,2,2,0,0,2,0,2
68,-144227.4406,-578483.4639,E68_F100_m11f11_P48_Y6_UO676,I11_F2_m-1f-1_P11_Y-1_U87,I11_F89_m-1f-1_P11_Y-1_U248,MXY,1,0.0,1,1,0.0,0,0,0,-9999.0,0.25,1,P10_CV0,2,0,2,2,0,0,2,0,2
68,-144227.4406,-578483.4639,E68_F100_m43f43_P49_Y6_UO2125,I43_F49_m11f11_P49_Y4_UO663,ID43_F89_m15f15_P89_Y4_UO783,FXX,1,0.0,1,1,1.0,0,0,0,-9999.0,0.4375,1,P10_CV0,2,0,2,1,1,0,2,0,2
68,-144227.4406,-578483.4639,E68_F31_m100f100_P49_Y5_UO4551,I100_F48_m11f11_P48_Y3_UO605,I100_F49_m-1f-1_P100_Y-1_U39,MXY,2,0.0,1,0,0.0,0,0,0,-9999.0,0.125,1,P10_CV0,2,1,1,2,0,0,2,0,2
68,-144227.4406,-578483.4639,E68_F84_m65f65_P98_Y5_UO3118,ID65_F68_m63f63_P68_Y3_UO3001,I65_F98_m11f11_P69_Y0_UO681,MXY,2,0.0,1,0,0.0,0,0,0,-9999.0,0.4375,1,P10_CV0,2,0,2,1,1,0,2,0,2
68,-144227.4406,-578483.4639,E68_F84_m43f43_P49_Y5_UO2098,ID43_F49_m100f100_P49_Y2_UO4621,I43_F41_m11f11_P49_Y0_UO661,MXY,2,0.0,1,0,0.0,0,0,0,-9999.0,0.5,1,P10_CV0,2,1,1,2,0,0,2,0,2
68,-144227.4406,-578483.4639,E68_F100_m11f11_P48_Y5_UO692,ID11_F48_m-1f-1_P100_Y-1_U22,ID11_F49_m-1f-1_P11_Y-1_U232,MXY,2,0.0,1,0,0.0,0,0,0,-9999.0,0.5,1,P10_CV0,2,0,2,1,1,0,2,0,2
68,-144227.4406,-578483.4639,E68_F100_m11f11_P48_Y5_UO674,ID11_F2_m-1f-1_P11_Y-1_U174,I11_F89_m43f43_P48_Y0_UO2151,FXX,2,0.0,1,0,1.0,0,0,0,-9999.0,0.625,1,P10_CV0,2,1,1,0,2,0,2,0,2
68,-144227.4406,-578483.4639,E68_F100_m100f100_P49_Y5_UO4597,I100_F49_m43f43_P48_Y0_UO2131,ID100_F49_m100f100_P48_Y3_UO4601,FXX,2,0.0,1,0,1.0,0,0,0,-9999.0,0.375,1,P10_CV0,2,1,1,0,2,0,2,0,2
68,-144227.4406,-578483.4639,E68_F31_m43f43_P48_Y4_UO2044,I43_F49_m100f100_P49_Y2_UO4563,I43_F48_m11f11_P48_Y2_UO635,FXX,3,0.0,1,0,1.0,0,0,0,-9999.0,0.5625,1,P10_CV0,2,2,0,1,1,0,2,0,2
68,-144227.4406,-578483.4639,E68_F63_m43f43_P49_Y4_UO2094,I43_F49_m-1f-1_P11_Y-1_U111,I43_F48_m43f43_P48_Y2_UO2114,MXY,3,0.0,1,0,0.0,0,0,0,-9999.0,0.625,1,P10_CV0,2,0,2,2,0,0,2,0,2
68,-144227.4406,-578483.4639,E68_F63_m11f11_P49_Y4_UO632,ID11_F49_m-1f-1_P11_Y-1_U202,ID11_F49_m-1f-1_P11_Y-1_U138,MXY,3,0.0,1,0,0.0,0,0,0,-9999.0,0.25,1,P10_CV0,2,1,1,0,2,0,2,0,2
68,-144227.4406,-578483.4639,E68_F84_m43f43_P49_Y4_UO2056,ID43_F14_m73f73_P41_Y1_UO3159,I43_F48_m11f11_P48_Y2_UO635,MXY,3,0.0,1,0,0.0,0,0,0,-9999.0,0.5,1,P10_CV0,2,1,1,1,1,0,2,0,2
68,-144227.4406,-578483.4639,E68_F84_m11f11_P48_Y4_UO634,I11_F48_m-1f-1_P11_Y-1_U79,I11_F89_m-1f-1_P11_Y-1_U41,FXX,3,0.0,1,0,1.0,0,0,0,-9999.0,0.0,1,P10_CV0,2,0,2,2,0,0,2,0,2
68,-144227.4406,-578483.4639,E68_F25_m43f43_P48_Y3_UO2043,I43_F48_m11f11_P49_Y1_UO575,ID43_F41_m-1f-1_P55_Y-1_U66,MXY,4,0.0,1,0,0.0,0,0,0,-9999.0,0.875,1,P10_CV0,2,2,0,2,0,0,2,0,2
68,-144227.4406,-578483.4639,E68_F31_m11f11_P48_Y3_UO623,ID11_F89_m-1f-1_P11_Y-1_U65,ID11_F14_m-1f-1_P11_Y-1_U4,MXY,4,0.0,1,0,0.0,0,0,0,-9999.0,0.75,1,P10_CV0,2,2,0,1,1,0,2,0,2
68,-144227.4406,-578483.4639,E68_F31_m11f11_P8_Y3_UO612,I11_F49_m-1f-1_P11_Y-1_U185,I11_F49_m-1f-1_P11_Y-1_U54,MXY,4,0.0,1,0,0.0,0,0,0,-9999.0,0.5,1,P10_CV0,2,1,1,1,1,0,2,0,2
68,-144227.4406,-578483.4639,E68_F43_m11f11_P48_Y3_UO618,I11_F2_m-1f-1_P11_Y-1_U141,I11_F89_m-1f-1_P11_Y-1_U3,FXX,4,0.0,1,0,1.0,0,0,0,-9999.0,0.25,1,P10_CV0,2,0,2,0,2,0,2,0,2
68,-144227.4406,-578483.4639,E68_F100_m100f100_P49_Y3_UO4563,I100_F48_m-1f-1_P11_Y-1_U175,I100_F49_m-1f-1_P100_Y-1_U242,MXY,4,0.0,1,0,0.0,0,0,0,-9999.0,0.25,1,P10_CV0,2,1,1,0,2,0,2,0,2
68,-144227.4406,-578483.4639,E68_F31_m11f11_P36_Y2_UO652,ID11_F89_m-1f-1_P73_Y-1_U245,I11_F49_m-1f-1_P11_Y-1_U219,FXX,5,0.0,1,0,1.0,0,0,0,-9999.0,0.75,1,P10_CV0,2,2,0,1,1,0,2,0,2
68,-144227.4406,-578483.4639,E68_F31_m11f11_P49_Y2_UO646,I11_F49_m-1f-1_P11_Y-1_U62,I11_F48_m-1f-1_P11_Y-1_U169,MXY,5,0.0,1,0,0.0,0,0,0,-9999.0,0.5,1,P10_CV0,2,1,1,2,0,0,2,0,2
68,-144227.4406,-578483.4639,E68_F65_m11f11_P69_Y0_UO681,R11_F11_m-1f-1_P11_Y-1_U239,R11_F11_m-1f-1_P11_Y-1_U248,MXY,7,0.0,1,0,0.0,0,0,0,-9999.0,0.5,1,P10_CV0,2,1,1,1,1,0,2,0,2
68,-144227.4406,-578483.4639,E68_F31_m-1f-1_P11_Y-1_U86,-9999,-9999,MXY,10,0.0,1,0,0.0,0,0,0,-9999.0,0.5,1,P10_CV0,2,1,1,1,1,0,2,0,2
68,-144227.4406,-578483.4639,Age0_F68_m31f31_P68_Y7_UO1534,ID31_F36_m-1f-1_P63_Y-1_U181,I31_F68_m45f45_P8_Y2_UO2166,FXX,0,0.0,0,0,0.0,0,0,0,0.0,0.375,1,P11_CV0,2,1,1,1,1,0,2,0,2
68,-144227.4406,-578483.4639,Age0_F68_m45f45_P68_Y7_UO2224,I45_F57_m12f12_P52_Y2_UO681,I45_F8_m92f92_P57_Y5_UO4302,FXX,0,0.0,0,0,0.0,0,0,0,0.0,0.5625,1,P11_CV0,2,0,2,1,1,0,2,0,2
68,-144227.4406,-578483.4639,Age0_F68_m45f45_P68_Y7_UO2232,I45_F86_m63f63_P68_Y1_UO2895,ID45_F8_m23f23_P57_Y5_UO1143,MXY,0,0.0,0,0,0.0,0,0,0,0.0,0.40625,1,P11_CV0,2,0,2,1,1,0,2,0,2
68,-144227.4406,-578483.4639,Age0_F68_m63f63_P68_Y7_UO3078,I63_F69_m90f90_P6_Y1_UO4022,ID63_F68_m100f100_P49_Y2_UO4565,FXX,0,0.0,0,0,0.0,0,0,0,0.0,0.5625,1,P11_CV0,2,0,2,1,1,0,2,0,2
68,-144227.4406,-578483.4639,E68_F31_m90f90_P86_Y3_UO4181,I90_F52_m45f45_P57_Y0_UO2271,I90_F6_m12f12_P52_Y1_UO654,FXX,4,0.0,1,0,1.0,0,0,0,-9999.0,0.75,1,P11_CV0,2,2,0,0,2,0,2,0,2
68,-144227.4406,-578483.4639,E68_F45_m12f12_P52_Y2_UO681,I12_F86_m46f46_P52_Y0_UO2417,I12_F35_m-1f-1_P12_Y-1_U39,FXX,5,0.0,1,0,1.0,0,0,0,-9999.0,0.625,1,P11_CV0,2,1,1,1,1,0,2,0,2
68,-144227.4406,-578483.4639,E68_F63_m90f90_P6_Y1_UO4022,I90_F57_m-1f-1_P90_Y-1_U129,ID90_F86_m-1f-1_P12_Y-1_U11,FXX,6,0.0,1,0,1.0,0,0,0,-9999.0,0.5,1,P11_CV0,2,1,1,1,1,0,2,0,2
68,-144227.4406,-578483.4639,Age0_F68_m25f25_P68_Y7_UO1240,I25_F36_m31f31_P8_Y5_UO1528,I25_F48_m15f15_P41_Y0_UO807,FXX,0,0.0,0,0,0.0,0,0,0,0.0,0.125,1,P14_CV0,2,0,2,1,1,0,2,0,2
68,-144227.4406,-578483.4639,E68_F25_m100f100_P49_Y6_UO4662,ID100_F49_m-1f-1_P43_Y-1_U247,I100_F48_m73f73_P89_Y3_UO3309,MXY,1,0.0,1,1,0.0,0,0,0,-9999.0,0.4375,1,P14_CV0,2,2,0,1,1,0,2,0,2
68,-144227.4406,-578483.4639,E68_F31_m25f25_P68_Y4_UO1288,I25_F8_m25f25_P8_Y0_UO1408,I25_F68_m15f15_P41_Y0_UO807,FXX,3,0.0,1,0,1.0,0,0,0,-9999.0,0.375,1,P14_CV0,2,1,1,1,1,0,2,0,2
68,-144227.4406,-578483.4639,E68_F45_m92f92_P57_Y6_UO4416,I92_F57_m45f45_P99_Y2_UO2202,I92_F99_m92f92_P6_Y2_UO4279,MXY,1,0.0,1,1,0.0,0,0,0,-9999.0,0.4375,1,P22_CV0,2,1,1,2,0,0,2,0,2
68,-144227.4406,-578483.4639,E68_F63_m45f45_P68_Y4_UO2131,ID45_F86_m45f45_P6_Y2_UO2125,ID45_F68_m42f42_P98_Y2_UO2001,MXY,3,0.0,1,0,0.0,0,0,0,-9999.0,0.375,1,P22_CV0,2,1,1,2,0,0,2,0,2
68,-144227.4406,-578483.4639,E68_F63_m84f84_P8_Y4_UO3804,ID84_F8_m45f45_P8_Y2_UO2161,I84_F68_m84f84_P68_Y0_UO4132,MXY,3,0.0,1,0,0.0,0,0,0,-9999.0,0.5625,1,P22_CV0,2,1,1,1,1,0,2,0,2
68,-144227.4406,-578483.4639,E68_F65_m40f40_P98_Y4_UO1917,ID40_F6_m-1f-1_P40_Y-1_U6,I40_F6_m23f23_P57_Y2_UO1155,MXY,3,0.0,1,0,0.0,0,0,0,-9999.0,0.5625,1,P22_CV0,2,2,0,0,2,0,2,0,2
68,-144227.4406,-578483.4639,Age0_F68_m25f25_P68_Y7_UO1229,ID25_F69_m63f63_P8_Y5_UO3044,I25_F68_m65f65_P8_Y1_UO3030,FXX,0,0.0,0,0,0.0,0,0,0,0.0,0.40625,1,P24_CV0,2,0,2,0,2,0,2,0,2
68,-144227.4406,-578483.4639,Age0_F68_m25f25_P68_Y7_UO1230,ID25_F68_m84f84_P68_Y5_UO3908,ID25_F68_m-1f-1_P25_Y-1_U197,FXX,0,0.0,0,0,0.0,0,0,0,0.0,0.4375,1,P24_CV0,2,1,1,1,1,0,2,0,2
68,-144227.4406,-578483.4639,Age0_F68_m25f25_P68_Y7_UO1262,I25_F36_m84f84_P69_Y5_UO3852,I25_F68_m85f85_P69_Y3_UO3908,FXX,0,0.0,0,0,0.0,0,0,0,0.0,0.375,1,P24_CV0,2,2,0,0,2,0,2,0,2
68,-144227.4406,-578483.4639,Age0_F68_m25f25_P68_Y7_UO1270,ID25_F8_m25f25_P8_Y4_UO1326,ID25_F69_m85f85_P2_Y4_UO3932,FXX,0,0.0,0,0,0.0,0,0,0,0.0,0.40625,1,P24_CV0,2,1,1,1,1,0,2,0,2
68,-144227.4406,-578483.4639,Age0_F68_m25f25_P68_Y7_UO1283,ID25_F36_m31f31_P69_Y4_UO1492,ID25_F49_m31f31_P68_Y2_UO1546,MXY,0,0.0,0,0,0.0,0,0,0,0.0,0.375,1,P24_CV0,2,1,1,0,2,0,2,0,2
68,-144227.4406,-578483.4639,Age0_F68_m25f25_P68_Y7_UO1290,I25_F8_m31f31_P8_Y3_UO1542,I25_F69_m25f25_P8_Y5_UO1306,FXX,0,0.0,0,0,0.0,0,0,0,0.0,0.375,1,P24_CV0,2,0,2,1,1,0,2,0,2
68,-144227.4406,-578483.4639,Age0_F68_m25f25_P68_Y7_UO1312,I25_F68_m65f65_P8_Y2_UO3124,I25_F8_m63f63_P8_Y1_UO2915,FXX,0,0.0,0,0,0.0,0,0,0,0.0,0.375,1,P24_CV0,2,2,0,2,0,0,2,0,2
68,-144227.4406,-578483.4639,Age0_F68_m25f25_P68_Y7_UO1332,I25_F8_m-1f-1_P25_Y-1_U34,I25_F8_m65f65_P98_Y3_UO3066,FXX,0,0.0,0,0,0.0,0,0,0,0.0,0.4375,1,P24_CV0,2,2,0,1,1,0,2,0,2
68,-144227.4406,-578483.4639,Age0_F68_m25f25_P68_Y7_UO1350,I25_F8_m-1f-1_P25_Y-1_U47,I25_F68_m84f84_P8_Y5_UO3830,MXY,0,0.0,0,0,0.0,0,0,0,0.0,0.375,1,P24_CV0,2,0,2,2,0,0,2,0,2
68,-144227.4406,-578483.4639,Age0_F68_m31f31_P68_Y7_UO1460,ID31_F8_m25f25_P68_Y5_UO1312,I31_F8_m84f84_P8_Y5_UO3905,FXX,0,0.0,0,0,0.0,0,0,0,0.0,0.46875,1,P24_CV0,2,1,1,1,1,0,2,0,2
68,-144227.4406,-578483.4639,Age0_F68_m31f31_P68_Y7_UO1504,I31_F8_m25f25_P68_Y3_UO1303,ID31_F68_m11f11_P48_Y3_UO623,FXX,0,0.0,0,0,0.0,0,0,0,0.0,0.75,1,P24_CV0,2,2,0,1,1,0,2,0,2
68,-144227.4406,-578483.4639,Age0_F68_m63f63_P68_Y7_UO3044,I63_F68_m84f84_P68_Y4_UO3904,ID63_F68_m65f65_P8_Y0_UO3350,MXY,0,0.0,0,0,0.0,0,0,0,0.0,0.375,1,P24_CV0,2,0,2,2,0,0,2,0,2
68,-144227.4406,-578483.4639,Age0_F68_m63f63_P68_Y7_UO3088,I63_F68_m31f31_P68_Y0_UO1613,I63_F69_m31f31_P68_Y4_UO1458,FXX,0,0.0,0,0,0.0,0,0,0,0.0,0.5625,1,P24_CV0,2,1,1,1,1,0,2,0,2
68,-144227.4406,-578483.4639,Age0_F68_m65f65_P68_Y7_UO3143,ID65_F98_m58f58_P99_Y4_UO2720,I65_F8_m65f65_P98_Y3_UO3115,MXY,0,0.0,0,0,0.0,0,0,0,0.0,0.375,1,P24_CV0,2,0,2,0,2,0,2,0,2
68,-144227.4406,-578483.4639,Age0_F68_m65f65_P68_Y7_UO3167,I65_F8_m25f25_P69_Y3_UO1316,I65_F8_m25f25_P8_Y5_UO1336,MXY,0,0.0,0,0,0.0,0,0,0,0.0,0.75,1,P24_CV0,2,2,0,0,2,0,2,0,2
68,-144227.4406,-578483.4639,Age0_F68_m84f84_P68_Y7_UO3885,I84_F68_m84f84_P8_Y4_UO3825,I84_F68_m31f31_P8_Y3_UO1466,FXX,0,0.0,0,0,0.0,0,0,0,0.0,0.40625,1,P24_CV0,2,1,1,1,1,0,2,0,2
68,-144227.4406,-578483.4639,Age0_F68_m84f84_P68_Y7_UO3901,ID84_F68_m31f31_P8_Y3_UO1459,I84_F8_m84f84_P8_Y4_UO3850,FXX,0,0.0,0,0,0.0,0,0,0,0.0,0.4375,1,P24_CV0,2,0,2,0,2,0,2,0,2
68,-144227.4406,-578483.4639,Age0_F68_m84f84_P68_Y7_UO3923,ID84_F8_m63f63_P8_Y2_UO3028,ID84_F49_m31f31_P8_Y3_UO1499,FXX,0,0.0,0,0,0.0,0,0,0,0.0,0.4375,1,P24_CV0,2,1,1,2,0,0,2,0,2
68,-144227.4406,-578483.4639,Age0_F68_m84f84_P68_Y7_UO3948,I84_F68_m-1f-1_P84_Y-1_U65,I84_F8_m-1f-1_P25_Y-1_U208,FXX,0,0.0,0,0,0.0,0,0,0,0.0,0.25,1,P24_CV0,2,1,1,0,2,0,2,0,2
68,-144227.4406,-578483.4639,Age0_F68_m84f84_P68_Y7_UO3959,ID84_F8_m-1f-1_P65_Y-1_U224,I84_F8_m-1f-1_P25_Y-1_U223,FXX,0,0.0,0,0,0.0,0,0,0,0.0,0.5,1,P24_CV0,2,1,1,1,1,0,2,0,2
68,-144227.4406,-578483.4639,Age0_F68_m85f85_P68_Y7_UO4037,I85_F2_m25f25_P8_Y0_UO1411,I85_F69_m85f85_P36_Y4_UO3955,MXY,0,0.0,0,0,0.0,0,0,0,0.0,0.5,1,P24_CV0,2,1,1,1,1,0,2,0,2
68,-144227.4406,-578483.4639,E68_F25_m25f25_P8_Y6_UO1298,I25_F8_m84f84_P68_Y3_UO3889,I25_F8_m-1f-1_P25_Y-1_U236,MXY,1,0.0,1,1,0.0,0,0,0,-9999.0,0.625,1,P24_CV0,2,1,1,1,1,0,2,0,2
68,-144227.4406,-578483.4639,E68_F25_m25f25_P8_Y6_UO1309,ID25_F68_m25f25_P68_Y2_UO1244,I25_F8_m-1f-1_P25_Y-1_U153,MXY,1,0.0,1,1,0.0,0,0,0,-9999.0,0.9375,1,P24_CV0,2,2,0,1,1,0,2,0,2
68,-144227.4406,-578483.4639,E68_F25_m25f25_P8_Y6_UO1352,I25_F36_m-1f-1_P25_Y-1_U245,I25_F68_m25f25_P68_Y0_UO1378,FXX,1,0.0,1,1,1.0,0,0,0,-9999.0,0.375,1,P24_CV0,2,0,2,1,1,0,2,0,2
68,-144227.4406,-578483.4639,E68_F25_m31f31_P36_Y6_UO1520,ID31_F8_m84f84_P8_Y2_UO3922,I31_F68_m-1f-1_P25_Y-1_U4,MXY,1,0.0,1,1,0.0,0,0,0,-9999.0,0.75,1,P24_CV0,2,1,1,1,1,0,2,0,2
68,-144227.4406,-578483.4639,E68_F25_m25f25_P68_Y6_UO1310,I25_F36_m63f63_P8_Y2_UO2989,I25_F36_m65f65_P98_Y3_UO3066,MXY,1,0.0,1,1,0.0,0,0,0,-9999.0,0.3125,1,P24_CV0,2,2,0,0,2,0,2,0,2
68,-144227.4406,-578483.4639,E68_F31_m25f25_P8_Y6_UO1319,I25_F68_m25f25_P8_Y1_UO1203,I25_F8_m31f31_P68_Y2_UO1546,FXX,1,0.0,1,1,1.0,0,0,0,-9999.0,0.375,1,P24_CV0,2,0,2,0,2,0,2,0,2
68,-144227.4406,-578483.4639,E68_F31_m31f31_P8_Y6_UO1498,ID31_F68_m63f63_P8_Y3_UO3045,I31_F68_m65f65_P68_Y1_UO2957,FXX,1,0.0,1,1,1.0,0,0,0,-9999.0,0.375,1,P24_CV0,2,1,1,0,2,0,2,0,2
68,-144227.4406,-578483.4639,E68_F31_m63f63_P8_Y6_UO3016,I63_F8_m25f25_P8_Y4_UO1283,ID63_F8_m31f31_P68_Y1_UO1381,MXY,1,0.0,1,1,0.0,0,0,0,-9999.0,0.5625,1,P24_CV0,2,0,2,2,0,0,2,0,2
68,-144227.4406,-578483.4639,E68_F31_m65f65_P8_Y6_UO3216,I65_F8_m-1f-1_P65_Y-1_U148,I65_F68_m25f25_P8_Y0_UO1346,MXY,1,0.0,1,1,0.0,0,0,0,-9999.0,0.5,1,P24_CV0,2,0,2,1,1,0,2,0,2
68,-144227.4406,-578483.4639,E68_F45_m45f45_P57_Y6_UO2219,I45_F86_m65f65_P8_Y3_UO3100,I45_F57_m92f92_P6_Y1_UO4136,MXY,1,0.0,1,1,0.0,0,0,0,-9999.0,0.625,1,P24_CV0,2,1,1,1,1,0,2,0,2
68,-144227.4406,-578483.4639,E68_F63_m25f25_P8_Y6_UO1268,I25_F69_m85f85_P36_Y4_UO3987,I25_F68_m84f84_P68_Y4_UO3836,FXX,1,0.0,1,1,1.0,0,0,0,-9999.0,0.5625,1,P24_CV0,2,1,1,1,1,0,2,0,2
68,-144227.4406,-578483.4639,E68_F63_m31f31_P8_Y6_UO1502,I31_F68_m25f25_P68_Y3_UO1303,I31_F36_m63f63_P8_Y2_UO3011,MXY,1,0.0,1,1,0.0,0,0,0,-9999.0,0.625,1,P24_CV0,2,2,0,2,0,0,2,0,2
68,-144227.4406,-578483.4639,E68_F63_m63f63_P8_Y6_UO3076,I63_F8_m25f25_P68_Y0_UO1404,ID63_F68_m65f65_P98_Y4_UO3127,FXX,1,0.0,1,1,1.0,0,0,0,-9999.0,0.5625,1,P24_CV0,2,2,0,1,1,0,2,0,2
68,-144227.4406,-578483.4639,E68_F63_m63f63_P8_Y6_UO3086,I63_F8_m-1f-1_P63_Y-1_U179,I63_F68_m63f63_P68_Y4_UO3026,MXY,1,0.0,1,1,0.0,0,0,0,-9999.0,0.5,1,P24_CV0,2,1,1,2,0,0,2,0,2
68,-144227.4406,-578483.4639,E68_F65_m25f25_P68_Y6_UO1261,ID25_F69_m85f85_P36_Y4_UO3961,I25_F68_m84f84_P68_Y4_UO3819,FXX,1,0.0,1,1,1.0,0,0,0,-9999.0,0.59375,1,P24_CV0,2,1,1,2,0,0,2,0,2
68,-144227.4406,-578483.4639,E68_F65_m25f25_P69_Y6_UO1362,I25_F8_m-1f-1_P25_Y-1_U26,I25_F8_m84f84_P68_Y0_UO4135,MXY,1,0.0,1,1,0.0,0,0,0,-9999.0,0.625,1,P24_CV0,2,1,1,2,0,0,2,0,2
68,-144227.4406,-578483.4639,E68_F65_m85f85_P98_Y6_UO4061,I85_F36_m-1f-1_P85_Y-1_U145,I85_F21_m85f85_P2_Y4_UO3923,MXY,1,0.0,1,1,0.0,0,0,0,-9999.0,0.5,1,P24_CV0,2,1,1,1,1,0,2,0,2
68,-144227.4406,-578483.4639,E68_F84_m63f63_P8_Y6_UO3009,ID63_F68_m31f31_P8_Y4_UO1510,I63_F68_m25f25_P68_Y4_UO1255,FXX,1,0.0,1,1,1.0,0,0,0,-9999.0,0.65625,1,P24_CV0,2,1,1,1,1,0,2,0,2
68,-144227.4406,-578483.4639,E68_F84_m63f63_P8_Y6_UO3088,I63_F8_m-1f-1_P25_Y-1_U71,I63_F68_m-1f-1_P45_Y-1_U221,MXY,1,0.0,1,1,0.0,0,0,0,-9999.0,0.5,1,P24_CV0,2,1,1,1,1,0,2,0,2
68,-144227.4406,-578483.4639,E68_F84_m25f25_P68_Y6_UO1284,I25_F8_m63f63_P36_Y3_UO3037,I25_F36_m31f31_P68_Y4_UO1543,FXX,1,0.0,1,1,1.0,0,0,0,-9999.0,0.625,1,P24_CV0,2,1,1,1,1,0,2,0,2
68,-144227.4406,-578483.4639,E68_F84_m25f25_P68_Y6_UO1335,I25_F8_m-1f-1_P65_Y-1_U63,I25_F98_m-1f-1_P25_Y-1_U163,FXX,1,0.0,1,1,1.0,0,0,0,-9999.0,0.75,1,P24_CV0,2,2,0,1,1,0,2,0,2
68,-144227.4406,-578483.4639,E68_F84_m31f31_P68_Y6_UO1480,I31_F68_m65f65_P8_Y4_UO3083,ID31_F68_m-1f-1_P25_Y-1_U249,MXY,1,0.0,1,1,0.0,0,0,0,-9999.0,0.625,1,P24_CV0,2,1,1,0,2,0,2,0,2
68,-144227.4406,-578483.4639,E68_F25_m63f63_P8_Y5_UO3044,ID63_F68_m25f25_P68_Y0_UO1404,ID63_F68_m85f85_P98_Y2_UO3927,FXX,2,0.0,1,0,1.0,0,0,0,-9999.0,0.5625,1,P24_CV0,2,1,1,1,1,0,2,0,2
68,-144227.4406,-578483.4639,E68_F25_m43f43_P49_Y5_UO2122,I43_F41_m25f25_P48_Y0_UO1400,I43_F41_m-1f-1_P43_Y-1_U98,MXY,2,0.0,1,0,0.0,0,0,0,-9999.0,0.75,1,P24_CV0,2,2,0,1,1,0,2,0,2
68,-144227.4406,-578483.4639,E68_F25_m63f63_P8_Y5_UO3055,I63_F68_m-1f-1_P85_Y-1_U51,I63_F8_m-1f-1_P25_Y-1_U249,FXX,2,0.0,1,0,1.0,0,0,0,-9999.0,0.25,1,P24_CV0,2,1,1,1,1,0,2,0,2
68,-144227.4406,-578483.4639,E68_F25_m25f25_P68_Y5_UO1247,ID25_F8_m25f25_P68_Y3_UO1282,I25_F68_m-1f-1_P25_Y-1_U67,FXX,2,0.0,1,0,1.0,0,0,0,-9999.0,0.6875,1,P24_CV0,2,1,1,0,2,0,2,0,2
68,-144227.4406,-578483.4639,E68_F25_m63f63_P8_Y5_UO2983,ID63_F68_m25f25_P8_Y3_UO1331,I63_F68_m-1f-1_P63_Y-1_U47,MXY,2,0.0,1,0,0.0,0,0,0,-9999.0,0.5,1,P24_CV0,2,2,0,0,2,0,2,0,2
68,-144227.4406,-578483.4639,E68_F25_m84f84_P69_Y5_UO3852,I84_F68_m94f94_P98_Y3_UO4400,I84_F68_m63f63_P8_Y1_UO2854,FXX,2,0.0,1,0,1.0,0,0,0,-9999.0,0.5,1,P24_CV0,2,1,1,0,2,0,2,0,2
68,-144227.4406,-578483.4639,E68_F31_m25f25_P68_Y5_UO1312,I25_F36_m-1f-1_P100_Y-1_U133,I25_F36_m65f65_P98_Y3_UO3066,FXX,2,0.0,1,0,1.0,0,0,0,-9999.0,0.4375,1,P24_CV0,2,1,1,0,2,0,2,0,2
68,-144227.4406,-578483.4639,E68_F31_m84f84_P8_Y5_UO3895,ID84_F28_m25f25_P8_Y1_UO1252,I84_F8_m-1f-1_P84_Y-1_U87,MXY,2,0.0,1,0,0.0,0,0,0,-9999.0,0.375,1,P24_CV0,2,0,2,1,1,0,2,0,2
68,-144227.4406,-578483.4639,E68_F31_m31f31_P8_Y5_UO1502,I31_F8_m65f65_P68_Y1_UO3015,ID31_F68_m-1f-1_P25_Y-1_U92,MXY,2,0.0,1,0,0.0,0,0,0,-9999.0,0.125,1,P24_CV0,2,0,2,1,1,0,2,0,2
68,-144227.4406,-578483.4639,E68_F63_m84f84_P8_Y5_UO3933,ID84_F68_m-1f-1_P31_Y-1_U160,ID84_F8_m25f25_P8_Y1_UO1228,MXY,2,0.0,1,0,0.0,0,0,0,-9999.0,0.5,1,P24_CV0,2,0,2,1,1,0,2,0,2
68,-144227.4406,-578483.4639,E68_F63_m63f63_P68_Y5_UO2985,I63_F68_m65f65_P8_Y3_UO3140,I63_F68_m25f25_P69_Y2_UO1280,MXY,2,0.0,1,0,0.0,0,0,0,-9999.0,0.6875,1,P24_CV0,2,2,0,1,1,0,2,0,2
68,-144227.4406,-578483.4639,E68_F65_m84f84_P36_Y5_UO3934,ID84_F69_m-1f-1_P25_Y-1_U74,I84_F8_m-1f-1_P84_Y-1_U33,MXY,2,0.0,1,0,0.0,0,0,0,-9999.0,0.25,1,P24_CV0,2,1,1,1,1,0,2,0,2
68,-144227.4406,-578483.4639,E68_F84_m25f25_P8_Y5_UO1330,I25_F8_m-1f-1_P25_Y-1_U172,I25_F68_m65f65_P8_Y3_UO3103,FXX,2,0.0,1,0,1.0,0,0,0,-9999.0,0.4375,1,P24_CV0,2,0,2,1,1,0,2,0,2
68,-144227.4406,-578483.4639,E68_F84_m25f25_P36_Y5_UO1319,I25_F68_m-1f-1_P25_Y-1_U168,ID25_F8_m25f25_P98_Y3_UO1289,MXY,2,0.0,1,0,0.0,0,0,0,-9999.0,0.625,1,P24_CV0,2,2,0,2,0,0,2,0,2
68,-144227.4406,-578483.4639,E68_F84_m25f25_P8_Y5_UO1261,I25_F8_m63f63_P8_Y3_UO3002,I25_F68_m-1f-1_P25_Y-1_U197,FXX,2,0.0,1,0,1.0,0,0,0,-9999.0,0.4375,1,P24_CV0,2,1,1,2,0,0,2,0,2
68,-144227.4406,-578483.4639,E68_F25_m25f25_P68_Y4_UO1317,I25_F68_m-1f-1_P25_Y-1_U182,I25_F68_m-1f-1_P25_Y-1_U163,MXY,3,0.0,1,0,0.0,0,0,0,-9999.0,0.25,1,P24_CV0,2,0,2,0,2,0,2,0,2
68,-144227.4406,-578483.4639,E68_F25_m25f25_P8_Y4_UO1326,ID25_F68_m-1f-1_P63_Y-1_U227,I25_F68_m-1f-1_P25_Y-1_U62,FXX,3,0.0,1,0,1.0,0,0,0,-9999.0,0.5,1,P24_CV0,2,1,1,0,2,0,2,0,2
68,-144227.4406,-578483.4639,E68_F25_m31f31_P8_Y4_UO1493,ID31_F68_m65f65_P68_Y1_UO3015,I31_F8_m63f63_P8_Y2_UO2990,MXY,3,0.0,1,0,0.0,0,0,0,-9999.0,0.375,1,P24_CV0,2,0,2,2,0,0,2,0,2
68,-144227.4406,-578483.4639,E68_F25_m84f84_P8_Y4_UO3907,I84_F68_m-1f-1_P25_Y-1_U15,I84_F68_m31f31_P8_Y2_UO1504,MXY,3,0.0,1,0,0.0,0,0,0,-9999.0,0.25,1,P24_CV0,2,1,1,1,1,0,2,0,2
68,-144227.4406,-578483.4639,E68_F63_m45f45_P68_Y4_UO2164,I45_F86_m-1f-1_P45_Y-1_U170,I45_F6_m25f25_P8_Y2_UO1328,MXY,3,0.0,1,0,0.0,0,0,0,-9999.0,0.625,1,P24_CV0,2,1,1,0,2,0,2,0,2
68,-144227.4406,-578483.4639,E68_F63_m84f84_P68_Y4_UO3904,I84_F68_m-1f-1_P25_Y-1_U201,I84_F8_m-1f-1_P84_Y-1_U32,FXX,3,0.0,1,0,1.0,0,0,0,-9999.0,0.25,1,P24_CV0,2,1,1,2,0,0,2,0,2
68,-144227.4406,-578483.4639,E68_F25_m25f25_P98_Y3_UO1289,I25_F68_m-1f-1_P25_Y-1_U107,I25_F68_m11f11_P8_Y0_UO600,MXY,4,0.0,1,0,0.0,0,0,0,-9999.0,0.75,1,P24_CV0,2,1,1,2,0,0,2,0,2
68,-144227.4406,-578483.4639,E68_F25_m65f65_P36_Y3_UO3080,I65_F98_m85f85_P98_Y1_UO3752,I65_F68_m-1f-1_P65_Y-1_U67,FXX,4,0.0,1,0,1.0,0,0,0,-9999.0,0.25,1,P24_CV0,2,0,2,1,1,0,2,0,2
68,-144227.4406,-578483.4639,E68_F31_m25f25_P68_Y3_UO1303,I25_F8_m-1f-1_P25_Y-1_U20,I25_F69_m-1f-1_P63_Y-1_U72,FXX,4,0.0,1,0,1.0,0,0,0,-9999.0,0.75,1,P24_CV0,2,1,1,2,0,0,2,0,2
68,-144227.4406,-578483.4639,E68_F63_m31f31_P68_Y3_UO1487,I31_F68_m25f25_P8_Y0_UO1399,I31_F8_m-1f-1_P31_Y-1_U152,MXY,4,0.0,1,0,0.0,0,0,0,-9999.0,0.25,1,P24_CV0,2,0,2,1,1,0,2,0,2
68,-144227.4406,-578483.4639,E68_F63_m25f25_P68_Y3_UO1255,I25_F8_m84f84_P68_Y1_UO3655,I25_F68_m85f85_P68_Y1_UO3800,FXX,4,0.0,1,0,1.0,0,0,0,-9999.0,0.625,1,P24_CV0,2,1,1,2,0,0,2,0,2
68,-144227.4406,-578483.4639,E68_F65_m25f25_P69_Y3_UO1316,I25_F68_m-1f-1_P25_Y-1_U66,ID25_F68_m-1f-1_P25_Y-1_U9,FXX,4,0.0,1,0,1.0,0,0,0,-9999.0,0.75,1,P24_CV0,2,2,0,0,2,0,2,0,2
68,-144227.4406,-578483.4639,E68_F84_m25f25_P68_Y3_UO1239,ID25_F69_m31f31_P8_Y1_UO1371,ID25_F68_m-1f-1_P25_Y-1_U97,FXX,4,0.0,1,0,1.0,0,0,0,-9999.0,0.25,1,P24_CV0,2,1,1,0,2,0,2,0,2
68,-144227.4406,-578483.4639,E68_F84_m31f31_P8_Y3_UO1459,ID31_F68_m25f25_P68_Y1_UO1178,I31_F68_m-1f-1_P25_Y-1_U148,FXX,4,0.0,1,0,1.0,0,0,0,-9999.0,0.5,1,P24_CV0,2,0,2,0,2,0,2,0,2
68,-144227.4406,-578483.4639,E68_F84_m65f65_P68_Y3_UO3079,ID65_F8_m25f25_P68_Y1_UO1242,I65_F8_m-1f-1_P65_Y-1_U228,FXX,4,0.0,1,0,1.0,0,0,0,-9999.0,0.875,1,P24_CV0,2,2,0,1,1,0,2,0,2
68,-144227.4406,-578483.4639,E68_F84_m84f84_P68_Y3_UO3814,I84_F8_m84f84_P8_Y1_UO3702,ID84_F68_m-1f-1_P25_Y-1_U221,FXX,4,0.0,1,0,1.0,0,0,0,-9999.0,0.5,1,P24_CV0,2,0,2,1,1,0,2,0,2
68,-144227.4406,-578483.4639,E68_F25_m65f65_P8_Y2_UO3124,I65_F98_m-1f-1_P65_Y-1_U3,I65_F98_m25f25_P68_Y0_UO1409,FXX,5,0.0,1,0,1.0,0,0,0,-9999.0,0.5,1,P24_CV0,2,1,1,1,1,0,2,0,2
68,-144227.4406,-578483.4639,E68_F84_m63f63_P8_Y2_UO3028,ID63_F68_m-1f-1_P25_Y-1_U76,ID63_F98_m-1f-1_P25_Y-1_U54,FXX,5,0.0,1,0,1.0,0,0,0,-9999.0,0.25,1,P24_CV0,2,0,2,1,1,0,2,0,2
68,-144227.4406,-578483.4639,E68_F85_m25f25_P68_Y2_UO1282,I25_F36_m-1f-1_P25_Y-1_U34,I25_F69_m25f25_P8_Y0_UO1381,FXX,5,0.0,1,0,1.0,0,0,0,-9999.0,0.5,1,P24_CV0,2,1,1,2,0,0,2,0,2
68,-144227.4406,-578483.4639,E68_F84_m100f100_P68_Y1_UO4426,ID100_F68_m-1f-1_P25_Y-1_U231,I100_F49_m-1f-1_P100_Y-1_U208,FXX,6,0.0,1,0,1.0,0,0,0,-9999.0,0.25,1,P24_CV0,2,0,2,1,1,0,2,0,2
68,-144227.4406,-578483.4639,E68_F25_m25f25_P68_Y0_UO1378,R25_F25_m-1f-1_P25_Y-1_U136,R25_F25_m-1f-1_P25_Y-1_U174,MXY,7,0.0,1,0,0.0,0,0,0,-9999.0,0.25,1,P24_CV0,2,0,2,1,1,0,2,0,2
68,-144227.4406,-578483.4639,E68_F65_m25f25_P68_Y0_UO1409,R25_F25_m-1f-1_P25_Y-1_U226,R25_F25_m-1f-1_P25_Y-1_U153,MXY,7,0.0,1,0,0.0,0,0,0,-9999.0,0.5,1,P24_CV0,2,1,1,1,1,0,2,0,2
68,-144227.4406,-578483.4639,E68_F84_m25f25_P68_Y0_UO1337,R25_F25_m-1f-1_P25_Y-1_U44,R25_F25_m-1f-1_P25_Y-1_U205,MXY,7,0.0,1,0,0.0,0,0,0,-9999.0,0.5,1,P24_CV0,2,1,1,1,1,0,2,0,2
68,-144227.4406,-578483.4639,E68_F84_m25f25_P8_Y0_UO1395,R25_F25_m-1f-1_P25_Y-1_U179,R25_F25_m-1f-1_P25_Y-1_U101,FXX,7,0.0,1,0,1.0,0,0,0,-9999.0,0.5,1,P24_CV0,2,1,1,1,1,0,2,0,2
68,-144227.4406,-578483.4639,E68_F85_m25f25_P8_Y0_UO1411,R25_F25_m-1f-1_P25_Y-1_U230,R25_F25_m-1f-1_P25_Y-1_U159,FXX,7,0.0,1,0,1.0,0,0,0,-9999.0,0.5,1,P24_CV0,2,1,1,1,1,0,2,0,2
68,-144227.4406,-578483.4639,E68_F84_m-1f-1_P25_Y-1_U243,-9999,-9999,FXX,8,0.0,1,0,1.0,0,0,0,-9999.0,0.0,1,P24_CV0,2,0,2,2,0,0,2,0,2
68,-144227.4406,-578483.4639,E68_F25_m-1f-1_P25_Y-1_U163,-9999,-9999,MXY,9,0.0,1,0,0.0,0,0,0,-9999.0,0.5,1,P24_CV0,2,1,1,1,1,0,2,0,2
68,-144227.4406,-578483.4639,E68_F25_m-1f-1_P25_Y-1_U34,-9999,-9999,FXX,9,0.0,1,0,1.0,0,0,0,-9999.0,0.5,1,P24_CV0,2,1,1,2,0,0,2,0,2
68,-144227.4406,-578483.4639,E68_F84_m-1f-1_P25_Y-1_U100,-9999,-9999,MXY,10,0.0,1,0,0.0,0,0,0,-9999.0,1.0,1,P24_CV0,2,2,0,1,1,0,2,0,2
68,-144227.4406,-578483.4639,E68_F25_m-1f-1_P25_Y-1_U47,-9999,-9999,FXX,15,0.0,1,0,1.0,0,0,0,-9999.0,0.5,1,P24_CV0,2,1,1,2,0,0,2,0,2
68,-144227.4406,-578483.4639,E68_F84_m-1f-1_P25_Y-1_U93,-9999,-9999,MXY,16,0.0,1,0,0.0,0,0,0,-9999.0,0.5,1,P24_CV0,2,1,1,1,1,0,2,0,2
68,-144227.4406,-578483.4639,Age0_F68_m25f25_P68_Y7_UO1286,ID25_F98_m94f94_P91_Y4_UO4438,I25_F69_m65f65_P68_Y5_UO3109,MXY,0,0.0,0,0,0.0,0,0,0,0.0,0.3125,1,P30_CV0,2,0,2,1,1,0,2,0,2
68,-144227.4406,-578483.4639,Age0_F68_m25f25_P68_Y7_UO1311,ID25_F68_m31f31_P68_Y2_UO1511,I25_F36_m65f65_P98_Y0_UO3421,MXY,0,0.0,0,0,0.0,0,0,0,0.0,0.5,1,P30_CV0,2,0,2,1,1,0,2,0,2
68,-144227.4406,-578483.4639,Age0_F68_m25f25_P68_Y7_UO1318,I25_F48_m31f31_P8_Y1_UO1371,I25_F68_m63f63_P68_Y1_UO2861,MXY,0,0.0,0,0,0.0,0,0,0,0.0,0.25,1,P30_CV0,2,1,1,1,1,0,2,0,2
68,-144227.4406,-578483.4639,Age0_F68_m25f25_P68_Y7_UO1336,I25_F8_m-1f-1_P31_Y-1_U150,I25_F68_m84f84_P8_Y5_UO3868,FXX,0,0.0,0,0,0.0,0,0,0,0.0,0.71875,1,P30_CV0,2,1,1,2,0,0,2,0,2
68,-144227.4406,-578483.4639,Age0_F68_m31f31_P68_Y7_UO1536,I31_F68_m-1f-1_P31_Y-1_U244,I31_F8_m65f65_P69_Y5_UO3100,MXY,0,0.0,0,0,0.0,0,0,0,0.0,0.25,1,P30_CV0,2,0,2,0,2,0,2,0,2
68,-144227.4406,-578483.4639,Age0_F68_m31f31_P68_Y7_UO1539,I31_F68_m-1f-1_P31_Y-1_U219,I31_F68_m25f25_P8_Y4_UO1289,FXX,0,0.0,0,0,0.0,0,0,0,0.0,0.375,1,P30_CV0,2,1,1,2,0,0,2,0,2
68,-144227.4406,-578483.4639,Age0_F68_m31f31_P68_Y7_UO1542,I31_F49_m-1f-1_P31_Y-1_U218,I31_F68_m-1f-1_P31_Y-1_U104,MXY,0,0.0,0,0,0.0,0,0,0,0.0,0.75,1,P30_CV0,2,1,1,0,2,0,2,0,2
68,-144227.4406,-578483.4639,Age0_F68_m31f31_P68_Y7_UO1544,ID31_F48_m-1f-1_P31_Y-1_U56,I31_F68_m31f31_P8_Y2_UO1529,MXY,0,0.0,0,0,0.0,0,0,0,0.0,0.3125,1,P30_CV0,2,1,1,0,2,0,2,0,2
68,-144227.4406,-578483.4639,Age0_F68_m63f63_P68_Y7_UO3018,I63_F8_m63f63_P68_Y5_UO3001,ID63_F8_m65f65_P98_Y4_UO3151,MXY,0,0.0,0,0,0.0,0,0,0,0.0,0.5,1,P30_CV0,2,1,1,0,2,0,2,0,2
68,-144227.4406,-578483.4639,Age0_F68_m63f63_P68_Y7_UO3076,I63_F68_m31f31_P68_Y1_UO1415,I63_F8_m-1f-1_P31_Y-1_U192,MXY,0,0.0,0,0,0.0,0,0,0,0.0,0.25,1,P30_CV0,2,0,2,2,0,0,2,0,2
68,-144227.4406,-578483.4639,Age0_F68_m65f65_P68_Y7_UO3127,I65_F98_m31f31_P68_Y5_UO1520,ID65_F98_m65f65_P98_Y5_UO3113,MXY,0,0.0,0,0,0.0,0,0,0,0.0,0.71875,1,P30_CV0,2,2,0,1,1,0,2,0,2
68,-144227.4406,-578483.4639,Age0_F68_m65f65_P68_Y7_UO3188,I65_F28_m31f31_P8_Y0_UO1560,ID65_F36_m84f84_P36_Y5_UO3934,MXY,0,0.0,0,0,0.0,0,0,0,0.0,0.375,1,P30_CV0,2,0,2,1,1,0,2,0,2
68,-144227.4406,-578483.4639,Age0_F68_m65f65_P68_Y7_UO3197,I65_F2_m-1f-1_P31_Y-1_U240,I65_F98_m65f65_P8_Y3_UO3146,FXX,0,0.0,0,0,0.0,0,0,0,0.0,0.4375,1,P30_CV0,2,1,1,1,1,0,2,0,2
68,-144227.4406,-578483.4639,Age0_F68_m84f84_P68_Y7_UO3846,ID84_F8_m85f85_P69_Y5_UO4017,I84_F68_m84f84_P8_Y1_UO3696,MXY,0,0.0,0,0,0.0,0,0,0,0.0,0.4375,1,P30_CV0,2,1,1,1,1,0,2,0,2
68,-144227.4406,-578483.4639,Age0_F68_m84f84_P68_Y7_UO3864,I84_F8_m100f100_P68_Y5_UO4568,I84_F68_m31f31_P68_Y4_UO1491,MXY,0,0.0,0,0,0.0,0,0,0,0.0,0.46875,1,P30_CV0,2,1,1,1,1,0,2,0,2
68,-144227.4406,-578483.4639,Age0_F68_m84f84_P68_Y7_UO3892,I84_F8_m84f84_P68_Y4_UO3870,I84_F68_m84f84_P68_Y5_UO3919,FXX,0,0.0,0,0,0.0,0,0,0,0.0,0.5625,1,P30_CV0,2,1,1,1,1,0,2,0,2
68,-144227.4406,-578483.4639,Age0_F68_m84f84_P68_Y7_UO3935,ID84_F68_m31f31_P68_Y0_UO1615,ID84_F68_m25f25_P8_Y5_UO1275,MXY,0,0.0,0,0,0.0,0,0,0,0.0,0.40625,1,P30_CV0,2,0,2,2,0,0,2,0,2
68,-144227.4406,-578483.4639,Age0_F68_m84f84_P68_Y7_UO3936,I84_F8_m31f31_P68_Y0_UO1570,ID84_F8_m85f85_P8_Y0_UO4238,MXY,0,0.0,0,0,0.0,0,0,0,0.0,0.5,1,P30_CV0,2,1,1,1,1,0,2,0,2
68,-144227.4406,-578483.4639,Age0_F68_m84f84_P68_Y7_UO3951,ID84_F69_m-1f-1_P31_Y-1_U207,ID84_F48_m63f63_P8_Y4_UO2989,MXY,0,0.0,0,0,0.0,0,0,0,0.0,0.3125,1,P30_CV0,2,1,1,0,2,0,2,0,2
68,-144227.4406,-578483.4639,Age0_F68_m84f84_P68_Y7_UO3953,I84_F8_m-1f-1_P31_Y-1_U54,I84_F8_m63f63_P68_Y3_UO3050,MXY,0,0.0,0,0,0.0,0,0,0,0.0,0.625,1,P30_CV0,2,1,1,1,1,0,2,0,2
68,-144227.4406,-578483.4639,Age0_F68_m85f85_P68_Y7_UO4042,I85_F69_m-1f-1_P84_Y-1_U239,ID85_F8_m-1f-1_P31_Y-1_U222,MXY,0,0.0,0,0,0.0,0,0,0,0.0,0.5,1,P30_CV0,2,1,1,1,1,0,2,0,2
68,-144227.4406,-578483.4639,E68_F25_m25f25_P8_Y6_UO1252,I25_F8_m63f63_P8_Y4_UO3005,I25_F68_m100f100_P68_Y3_UO4559,MXY,1,0.0,1,1,0.0,0,0,0,-9999.0,0.625,1,P30_CV0,2,1,1,1,1,0,2,0,2
68,-144227.4406,-578483.4639,E68_F25_m84f84_P8_Y6_UO3869,ID84_F8_m25f25_P36_Y4_UO1321,ID84_F68_m31f31_P8_Y2_UO1517,FXX,1,0.0,1,1,1.0,0,0,0,-9999.0,0.5,1,P30_CV0,2,2,0,1,1,0,2,0,2
68,-144227.4406,-578483.4639,E68_F25_m84f84_P8_Y6_UO3920,I84_F68_m84f84_P68_Y2_UO3912,I84_F98_m65f65_P36_Y2_UO3108,FXX,1,0.0,1,1,1.0,0,0,0,-9999.0,0.5,1,P30_CV0,2,2,0,1,1,0,2,0,2
68,-144227.4406,-578483.4639,E68_F25_m31f31_P68_Y6_UO1536,I31_F68_m-1f-1_P31_Y-1_U166,I31_F8_m90f90_P86_Y1_UO4034,FXX,1,0.0,1,1,1.0,0,0,0,-9999.0,0.5,1,P30_CV0,2,1,1,2,0,0,2,0,2
68,-144227.4406,-578483.4639,E68_F25_m84f84_P68_Y6_UO3951,I84_F8_m63f63_P68_Y0_UO3322,I84_F98_m31f31_P68_Y4_UO1491,FXX,1,0.0,1,1,1.0,0,0,0,-9999.0,0.3125,1,P30_CV0,2,1,1,0,2,0,2,0,2
68,-144227.4406,-578483.4639,E68_F25_m63f63_P69_Y6_UO3096,ID63_F8_m-1f-1_P31_Y-1_U207,I63_F8_m85f85_P8_Y0_UO4238,MXY,1,0.0,1,1,0.0,0,0,0,-9999.0,0.25,1,P30_CV0,2,0,2,1,1,0,2,0,2
68,-144227.4406,-578483.4639,E68_F40_m92f92_P6_Y6_UO4401,I92_F86_m40f40_P57_Y3_UO1935,I92_F99_m23f23_P6_Y4_UO1223,FXX,1,0.0,1,1,1.0,0,0,0,-9999.0,0.5,1,P30_CV0,2,1,1,1,1,0,2,0,2
68,-144227.4406,-578483.4639,E68_F63_m31f31_P8_Y6_UO1535,I31_F68_m-1f-1_P31_Y-1_U198,I31_F8_m63f63_P8_Y3_UO2969,MXY,1,0.0,1,1,0.0,0,0,0,-9999.0,0.25,1,P30_CV0,2,0,2,0,2,0,2,0,2
68,-144227.4406,-578483.4639,E68_F63_m84f84_P8_Y6_UO3968,I84_F68_m-1f-1_P31_Y-1_U54,ID84_F8_m-1f-1_P31_Y-1_U222,MXY,1,0.0,1,1,0.0,0,0,0,-9999.0,0.75,1,P30_CV0,2,2,0,1,1,0,2,0,2
68,-144227.4406,-578483.4639,E68_F63_m63f63_P68_Y6_UO3036,ID63_F68_m25f25_P68_Y3_UO1267,ID63_F69_m65f65_P68_Y3_UO3155,MXY,1,0.0,1,1,0.0,0,0,0,-9999.0,0.5,1,P30_CV0,2,1,1,1,1,0,2,0,2
68,-144227.4406,-578483.4639,E68_F63_m84f84_P68_Y6_UO3901,ID84_F68_m25f25_P68_Y3_UO1277,I84_F98_m65f65_P36_Y2_UO3108,FXX,1,0.0,1,1,1.0,0,0,0,-9999.0,0.5,1,P30_CV0,2,0,2,1,1,0,2,0,2
68,-144227.4406,-578483.4639,E68_F63_m84f84_P68_Y6_UO3919,I84_F8_m25f25_P8_Y3_UO1302,ID84_F69_m85f85_P36_Y4_UO3973,MXY,1,0.0,1,1,0.0,0,0,0,-9999.0,0.375,1,P30_CV0,2,1,1,1,1,0,2,0,2
68,-144227.4406,-578483.4639,E68_F84_m84f84_P8_Y6_UO3929,I84_F68_m63f63_P68_Y2_UO3006,ID84_F8_m-1f-1_P25_Y-1_U100,FXX,1,0.0,1,1,1.0,0,0,0,-9999.0,0.6875,1,P30_CV0,2,1,1,2,0,0,2,0,2
68,-144227.4406,-578483.4639,E68_F84_m25f25_P68_Y6_UO1343,ID25_F68_m-1f-1_P31_Y-1_U214,I25_F68_m31f31_P68_Y4_UO1457,FXX,1,0.0,1,1,1.0,0,0,0,-9999.0,0.5625,1,P30_CV0,2,2,0,1,1,0,2,0,2
68,-144227.4406,-578483.4639,E68_F84_m25f25_P68_Y6_UO1361,I25_F8_m-1f-1_P31_Y-1_U132,I25_F68_m63f63_P68_Y4_UO2981,FXX,1,0.0,1,1,1.0,0,0,0,-9999.0,0.3125,1,P30_CV0,2,1,1,1,1,0,2,0,2
68,-144227.4406,-578483.4639,E68_F84_m31f31_P68_Y6_UO1541,I31_F36_m-1f-1_P31_Y-1_U239,ID31_F6_m40f40_P6_Y2_UO1881,FXX,1,0.0,1,1,1.0,0,0,0,-9999.0,0.125,1,P30_CV0,2,0,2,2,0,0,2,0,2
68,-144227.4406,-578483.4639,E68_F100_m84f84_P8_Y6_UO3975,I84_F8_m-1f-1_P31_Y-1_U160,I84_F68_m31f31_P68_Y2_UO1456,FXX,1,0.0,1,1,1.0,0,0,0,-9999.0,0.5,1,P30_CV0,2,1,1,1,1,0,2,0,2
68,-144227.4406,-578483.4639,E68_F100_m31f31_P48_Y6_UO1563,I31_F68_m-1f-1_P31_Y-1_U98,I31_F68_m84f84_P8_Y1_UO3668,FXX,1,0.0,1,1,1.0,0,0,0,-9999.0,0.75,1,P30_CV0,2,2,0,0,2,0,2,0,2
68,-144227.4406,-578483.4639,E68_F25_m84f84_P68_Y5_UO3908,I84_F68_m-1f-1_P31_Y-1_U8,I84_F8_m31f31_P8_Y2_UO1479,FXX,2,0.0,1,0,1.0,0,0,0,-9999.0,0.375,1,P30_CV0,2,1,1,0,2,0,2,0,2
68,-144227.4406,-578483.4639,E68_F25_m84f84_P68_Y5_UO3906,I84_F69_m-1f-1_P31_Y-1_U97,ID84_F28_m63f63_P69_Y3_UO3021,MXY,2,0.0,1,0,0.0,0,0,0,-9999.0,0.375,1,P30_CV0,2,1,1,1,1,0,2,0,2
68,-144227.4406,-578483.4639,E68_F25_m65f65_P68_Y5_UO3109,I65_F69_m31f31_P68_Y3_UO1465,ID65_F36_m-1f-1_P65_Y-1_U229,MXY,2,0.0,1,0,0.0,0,0,0,-9999.0,0.375,1,P30_CV0,2,0,2,2,0,0,2,0,2
68,-144227.4406,-578483.4639,E68_F31_m63f63_P68_Y5_UO3058,I63_F69_m-1f-1_P63_Y-1_U120,I63_F8_m31f31_P68_Y3_UO1467,MXY,2,0.0,1,0,0.0,0,0,0,-9999.0,0.3125,1,P30_CV0,2,0,2,1,1,0,2,0,2
68,-144227.4406,-578483.4639,E68_F31_m84f84_P69_Y5_UO3927,I84_F8_m-1f-1_P84_Y-1_U59,I84_F6_m31f31_P68_Y1_UO1428,MXY,2,0.0,1,0,0.0,0,0,0,-9999.0,0.625,1,P30_CV0,2,1,1,1,1,0,2,0,2
68,-144227.4406,-578483.4639,E68_F63_m84f84_P68_Y5_UO3862,I84_F68_m63f63_P68_Y2_UO3006,I84_F8_m65f65_P8_Y3_UO3122,FXX,2,0.0,1,0,1.0,0,0,0,-9999.0,0.4375,1,P30_CV0,2,0,2,0,2,0,2,0,2
68,-144227.4406,-578483.4639,E68_F63_m31f31_P8_Y5_UO1523,I31_F8_m-1f-1_P100_Y-1_U222,I31_F8_m-1f-1_P31_Y-1_U249,MXY,2,0.0,1,0,0.0,0,0,0,-9999.0,0.25,1,P30_CV0,2,1,1,0,2,0,2,0,2
68,-144227.4406,-578483.4639,E68_F63_m63f63_P68_Y5_UO3001,I63_F8_m25f25_P8_Y2_UO1252,I63_F49_m31f31_P8_Y1_UO1458,FXX,2,0.0,1,0,1.0,0,0,0,-9999.0,0.375,1,P30_CV0,2,1,1,1,1,0,2,0,2
68,-144227.4406,-578483.4639,E68_F65_m31f31_P68_Y5_UO1520,I31_F68_m-1f-1_P31_Y-1_U166,I31_F8_m31f31_P8_Y1_UO1417,FXX,2,0.0,1,0,1.0,0,0,0,-9999.0,0.625,1,P30_CV0,2,1,1,2,0,0,2,0,2
68,-144227.4406,-578483.4639,E68_F84_m31f31_P8_Y5_UO1475,I31_F68_m63f63_P8_Y2_UO3045,I31_F68_m25f25_P8_Y3_UO1288,MXY,2,0.0,1,0,0.0,0,0,0,-9999.0,0.4375,1,P30_CV0,2,1,1,1,1,0,2,0,2
68,-144227.4406,-578483.4639,E68_F85_m31f31_P36_Y5_UO1516,I31_F68_m-1f-1_P31_Y-1_U239,I31_F68_m-1f-1_P31_Y-1_U134,MXY,2,0.0,1,0,0.0,0,0,0,-9999.0,0.5,1,P30_CV0,2,1,1,2,0,0,2,0,2
68,-144227.4406,-578483.4639,E68_F25_m31f31_P69_Y4_UO1492,I31_F68_m31f31_P8_Y1_UO1405,I31_F8_m-1f-1_P84_Y-1_U131,FXX,3,0.0,1,0,1.0,0,0,0,-9999.0,0.5,1,P30_CV0,2,1,1,0,2,0,2,0,2
68,-144227.4406,-578483.4639,E68_F31_m31f31_P8_Y4_UO1452,I31_F68_m45f45_P68_Y2_UO2145,I31_F68_m-1f-1_P31_Y-1_U3,MXY,3,0.0,1,0,0.0,0,0,0,-9999.0,0.125,1,P30_CV0,2,0,2,1,1,0,2,0,2
68,-144227.4406,-578483.4639,E68_F63_m25f25_P98_Y4_UO1332,I25_F49_m-1f-1_P31_Y-1_U132,I25_F98_m84f84_P68_Y1_UO3721,MXY,3,0.0,1,0,0.0,0,0,0,-9999.0,0.5,1,P30_CV0,2,0,2,0,2,0,2,0,2
68,-144227.4406,-578483.4639,E68_F65_m63f63_P8_Y4_UO2991,ID63_F8_m31f31_P68_Y1_UO1450,I63_F68_m-1f-1_P25_Y-1_U249,MXY,3,0.0,1,0,0.0,0,0,0,-9999.0,0.75,1,P30_CV0,2,2,0,1,1,0,2,0,2
68,-144227.4406,-578483.4639,E68_F65_m85f85_P2_Y4_UO3931,ID85_F2_m85f85_P69_Y2_UO3985,I85_F98_m31f31_P8_Y1_UO1411,MXY,3,0.0,1,0,0.0,0,0,0,-9999.0,0.375,1,P30_CV0,2,1,1,0,2,0,2,0,2
68,-144227.4406,-578483.4639,E68_F84_m84f84_P8_Y4_UO3850,I84_F69_m63f63_P68_Y0_UO3322,ID84_F68_m-1f-1_P31_Y-1_U192,MXY,3,0.0,1,0,0.0,0,0,0,-9999.0,0.375,1,P30_CV0,2,0,2,1,1,0,2,0,2
68,-144227.4406,-578483.4639,E68_F84_m84f84_P8_Y4_UO3892,ID84_F68_m-1f-1_P31_Y-1_U33,I84_F68_m25f25_P68_Y0_UO1337,MXY,3,0.0,1,0,0.0,0,0,0,-9999.0,0.5,1,P30_CV0,2,1,1,0,2,0,2,0,2
68,-144227.4406,-578483.4639,E68_F84_m84f84_P8_Y4_UO3825,ID84_F8_m85f85_P68_Y2_UO3989,I84_F68_m31f31_P68_Y1_UO1381,FXX,3,0.0,1,0,1.0,0,0,0,-9999.0,0.4375,1,P30_CV0,2,1,1,1,1,0,2,0,2
68,-144227.4406,-578483.4639,E68_F84_m65f65_P69_Y4_UO3131,I65_F8_m31f31_P8_Y0_UO1536,ID65_F36_m-1f-1_P65_Y-1_U6,MXY,3,0.0,1,0,0.0,0,0,0,-9999.0,0.25,1,P30_CV0,2,1,1,2,0,0,2,0,2
68,-144227.4406,-578483.4639,E68_F84_m84f84_P68_Y4_UO3870,I84_F68_m-1f-1_P31_Y-1_U8,I84_F8_m65f65_P98_Y2_UO3147,FXX,3,0.0,1,0,1.0,0,0,0,-9999.0,0.5,1,P30_CV0,2,1,1,2,0,0,2,0,2
68,-144227.4406,-578483.4639,E68_F25_m31f31_P8_Y3_UO1542,I31_F8_m-1f-1_P31_Y-1_U160,ID31_F98_m-1f-1_P25_Y-1_U101,FXX,4,0.0,1,0,1.0,0,0,0,-9999.0,0.5,1,P30_CV0,2,1,1,1,1,0,2,0,2
68,-144227.4406,-578483.4639,E68_F31_m31f31_P68_Y3_UO1534,I31_F8_m-1f-1_P31_Y-1_U183,I31_F8_m31f31_P8_Y0_UO1640,MXY,4,0.0,1,0,0.0,0,0,0,-9999.0,0.5,1,P30_CV0,2,2,0,2,0,0,2,0,2
68,-144227.4406,-578483.4639,E68_F63_m31f31_P69_Y3_UO1506,I31_F68_m-1f-1_P31_Y-1_U118,I31_F68_m43f43_P48_Y0_UO2122,MXY,4,0.0,1,0,0.0,0,0,0,-9999.0,0.375,1,P30_CV0,2,2,0,2,0,0,2,0,2
68,-144227.4406,-578483.4639,E68_F63_m25f25_P68_Y3_UO1267,ID25_F68_m31f31_P68_Y0_UO1582,I25_F69_m-1f-1_P63_Y-1_U72,FXX,4,0.0,1,0,1.0,0,0,0,-9999.0,0.625,1,P30_CV0,2,2,0,2,0,0,2,0,2
68,-144227.4406,-578483.4639,E68_F100_m100f100_P48_Y3_UO4545,I100_F48_m31f31_P8_Y0_UO1583,I100_F49_m-1f-1_P60_Y-1_U109,MXY,4,0.0,1,0,0.0,0,0,0,-9999.0,0.5,1,P30_CV0,2,1,1,1,1,0,2,0,2
68,-144227.4406,-578483.4639,E68_F25_m31f31_P68_Y2_UO1511,ID31_F69_m-1f-1_P85_Y-1_U243,I31_F8_m-1f-1_P31_Y-1_U104,FXX,5,0.0,1,0,1.0,0,0,0,-9999.0,0.75,1,P30_CV0,2,1,1,1,1,0,2,0,2
68,-144227.4406,-578483.4639,E68_F31_m31f31_P8_Y2_UO1529,I31_F49_m-1f-1_P31_Y-1_U178,ID31_F36_m85f85_P36_Y0_UO4289,MXY,5,0.0,1,0,0.0,0,0,0,-9999.0,0.625,1,P30_CV0,2,2,0,1,1,0,2,0,2
68,-144227.4406,-578483.4639,E68_F31_m63f63_P68_Y2_UO3025,I63_F8_m-1f-1_P63_Y-1_U171,ID63_F68_m-1f-1_P31_Y-1_U175,MXY,5,0.0,1,0,0.0,0,0,0,-9999.0,0.25,1,P30_CV0,2,0,2,1,1,0,2,0,2
68,-144227.4406,-578483.4639,E68_F31_m63f63_P8_Y2_UO2986,ID63_F8_m31f31_P68_Y0_UO1544,ID63_F6_m-1f-1_P45_Y-1_U221,MXY,5,0.0,1,0,0.0,0,0,0,-9999.0,0.625,1,P30_CV0,2,1,1,2,0,0,2,0,2
68,-144227.4406,-578483.4639,E68_F45_m31f31_P8_Y2_UO1480,I31_F68_m-1f-1_P31_Y-1_U166,ID31_F49_m-1f-1_P100_Y-1_U212,MXY,5,0.0,1,0,0.0,0,0,0,-9999.0,0.75,1,P30_CV0,2,1,1,1,1,0,2,0,2
68,-144227.4406,-578483.4639,E68_F84_m63f63_P68_Y2_UO3006,ID63_F69_m31f31_P48_Y0_UO1568,I63_F8_m-1f-1_P65_Y-1_U165,FXX,5,0.0,1,0,1.0,0,0,0,-9999.0,0.375,1,P30_CV0,2,0,2,1,1,0,2,0,2
68,-144227.4406,-578483.4639,E68_F84_m31f31_P68_Y2_UO1489,I31_F8_m-1f-1_P31_Y-1_U190,ID31_F8_m-1f-1_P31_Y-1_U200,MXY,5,0.0,1,0,0.0,0,0,0,-9999.0,0.25,1,P30_CV0,2,1,1,0,2,0,2,0,2
68,-144227.4406,-578483.4639,E68_F84_m31f31_P8_Y2_UO1506,ID31_F8_m-1f-1_P31_Y-1_U85,I31_F68_m-1f-1_P31_Y-1_U84,FXX,5,0.0,1,0,1.0,0,0,0,-9999.0,0.75,1,P30_CV0,2,2,0,2,0,0,2,0,2
68,-144227.4406,-578483.4639,E68_F85_m31f31_P8_Y2_UO1523,I31_F8_m-1f-1_P31_Y-1_U183,I31_F8_m-1f-1_P31_Y-1_U104,MXY,5,0.0,1,0,0.0,0,0,0,-9999.0,0.5,1,P30_CV0,2,0,2,0,2,0,2,0,2
68,-144227.4406,-578483.4639,E68_F25_m31f31_P8_Y1_UO1371,ID31_F8_m-1f-1_P31_Y-1_U71,I31_F8_m-1f-1_P31_Y-1_U74,FXX,6,0.0,1,0,1.0,0,0,0,-9999.0,0.5,1,P30_CV0,2,1,1,1,1,0,2,0,2
68,-144227.4406,-578483.4639,E68_F63_m31f31_P8_Y1_UO1458,I31_F8_m-1f-1_P31_Y-1_U217,I31_F8_m-1f-1_P31_Y-1_U50,MXY,6,0.0,1,0,0.0,0,0,0,-9999.0,0.0,1,P30_CV0,2,0,2,1,1,0,2,0,2
68,-144227.4406,-578483.4639,E68_F63_m31f31_P68_Y1_UO1415,I31_F68_m-1f-1_P31_Y-1_U94,I31_F68_m-1f-1_P31_Y-1_U152,FXX,6,0.0,1,0,1.0,0,0,0,-9999.0,0.0,1,P30_CV0,2,0,2,1,1,0,2,0,2
68,-144227.4406,-578483.4639,E68_F84_m31f31_P8_Y1_UO1433,I31_F68_m-1f-1_P31_Y-1_U154,I31_F68_m-1f-1_P31_Y-1_U73,FXX,6,0.0,1,0,1.0,0,0,0,-9999.0,0.25,1,P30_CV0,2,0,2,1,1,0,2,0,2
68,-144227.4406,-578483.4639,E68_F63_m31f31_P68_Y0_UO1613,R31_F31_m-1f-1_P31_Y-1_U187,R31_F31_m-1f-1_P31_Y-1_U222,FXX,7,0.0,1,0,1.0,0,0,0,-9999.0,0.5,1,P30_CV0,2,0,2,1,1,0,2,0,2
68,-144227.4406,-578483.4639,E68_F65_m31f31_P8_Y0_UO1560,R31_F31_m-1f-1_P31_Y-1_U68,R31_F31_m-1f-1_P31_Y-1_U39,FXX,7,0.0,1,0,1.0,0,0,0,-9999.0,0.5,1,P30_CV0,2,1,1,1,1,0,2,0,2
68,-144227.4406,-578483.4639,E68_F84_m31f31_P68_Y0_UO1615,R31_F31_m-1f-1_P31_Y-1_U190,R31_F31_m-1f-1_P31_Y-1_U152,FXX,7,0.0,1,0,1.0,0,0,0,-9999.0,0.25,1,P30_CV0,2,0,2,2,0,0,2,0,2
68,-144227.4406,-578483.4639,E68_F84_m31f31_P68_Y0_UO1570,R31_F31_m-1f-1_P31_Y-1_U87,R31_F31_m-1f-1_P31_Y-1_U40,FXX,7,0.0,1,0,1.0,0,0,0,-9999.0,0.5,1,P30_CV0,2,1,1,0,2,0,2,0,2
68,-144227.4406,-578483.4639,E68_F31_m-1f-1_P31_Y-1_U239,-9999,-9999,FXX,8,0.0,1,0,1.0,0,0,0,-9999.0,0.0,1,P30_CV0,2,0,2,2,0,0,2,0,2
68,-144227.4406,-578483.4639,E68_F31_m-1f-1_P31_Y-1_U244,-9999,-9999,FXX,9,0.0,1,0,1.0,0,0,0,-9999.0,0.0,1,P30_CV0,2,0,2,1,1,0,2,0,2
68,-144227.4406,-578483.4639,E68_F65_m-1f-1_P31_Y-1_U240,-9999,-9999,FXX,9,0.0,1,0,1.0,0,0,0,-9999.0,0.5,1,P30_CV0,2,1,1,1,1,0,2,0,2
68,-144227.4406,-578483.4639,E68_F25_m-1f-1_P31_Y-1_U150,-9999,-9999,FXX,10,0.0,1,0,1.0,0,0,0,-9999.0,1.0,1,P30_CV0,2,2,0,2,0,0,2,0,2
68,-144227.4406,-578483.4639,E68_F31_m-1f-1_P31_Y-1_U219,-9999,-9999,FXX,10,0.0,1,0,1.0,0,0,0,-9999.0,0.5,1,P30_CV0,2,1,1,2,0,0,2,0,2
68,-144227.4406,-578483.4639,E68_F63_m-1f-1_P31_Y-1_U192,-9999,-9999,MXY,10,0.0,1,0,0.0,0,0,0,-9999.0,0.5,1,P30_CV0,2,1,1,2,0,0,2,0,2
68,-144227.4406,-578483.4639,E68_F31_m-1f-1_P31_Y-1_U218,-9999,-9999,FXX,11,0.0,1,0,1.0,0,0,0,-9999.0,1.0,1,P30_CV0,2,2,0,1,1,0,2,0,2
68,-144227.4406,-578483.4639,E68_F84_m-1f-1_P31_Y-1_U207,-9999,-9999,FXX,11,0.0,1,0,1.0,0,0,0,-9999.0,0.0,1,P30_CV0,2,0,2,1,1,0,2,0,2
68,-144227.4406,-578483.4639,E68_F84_m-1f-1_P31_Y-1_U54,-9999,-9999,FXX,11,0.0,1,0,1.0,0,0,0,-9999.0,1.0,1,P30_CV0,2,2,0,1,1,0,2,0,2
68,-144227.4406,-578483.4639,E68_F63_m-1f-1_P31_Y-1_U221,-9999,-9999,MXY,12,0.0,1,0,0.0,0,0,0,-9999.0,0.5,1,P30_CV0,2,1,1,1,1,0,2,0,2
68,-144227.4406,-578483.4639,E68_F31_m-1f-1_P31_Y-1_U56,-9999,-9999,FXX,13,0.0,1,0,1.0,0,0,0,-9999.0,0.0,1,P30_CV0,2,0,2,1,1,0,2,0,2
68,-144227.4406,-578483.4639,E68_F31_m-1f-1_P31_Y-1_U208,-9999,-9999,MXY,13,0.0,1,0,0.0,0,0,0,-9999.0,0.5,1,P30_CV0,2,1,1,2,0,0,2,0,2
68,-144227.4406,-578483.4639,E68_F31_m-1f-1_P31_Y-1_U104,-9999,-9999,MXY,13,0.0,1,0,0.0,0,0,0,-9999.0,0.5,1,P30_CV0,2,1,1,1,1,0,2,0,2
68,-144227.4406,-578483.4639,E68_F63_m-1f-1_P31_Y-1_U40,-9999,-9999,MXY,13,0.0,1,0,0.0,0,0,0,-9999.0,0.5,1,P30_CV0,2,1,1,0,2,0,2,0,2
68,-144227.4406,-578483.4639,E68_F84_m-1f-1_P31_Y-1_U193,-9999,-9999,MXY,15,0.0,1,0,0.0,0,0,0,-9999.0,0.5,1,P30_CV0,2,1,1,2,0,0,2,0,2
68,-144227.4406,-578483.4639,E68_F31_m-1f-1_P31_Y-1_U98,-9999,-9999,FXX,16,0.0,1,0,1.0,0,0,0,-9999.0,1.0,1,P30_CV0,2,2,0,1,1,0,2,0,2
68,-144227.4406,-578483.4639,Age0_F68_m31f31_P68_Y7_UO1533,I31_F8_m-1f-1_P39_Y-1_U207,I31_F68_m-1f-1_P84_Y-1_U195,MXY,0,0.0,0,0,0.0,0,0,0,0.0,0.5,1,P38_CV0,2,1,1,1,1,0,2,0,2
68,-144227.4406,-578483.4639,E68_F25_m100f100_P48_Y5_UO4563,I100_F49_m60f60_P48_Y3_UO2831,ID100_F49_m15f15_P49_Y0_UO809,MXY,2,0.0,1,0,0.0,0,0,0,-9999.0,0.375,1,P38_CV0,2,1,1,0,2,0,2,0,2
68,-144227.4406,-578483.4639,E68_F31_m-1f-1_P39_Y-1_U207,-9999,-9999,FXX,9,0.0,1,0,1.0,0,0,0,-9999.0,0.5,1,P38_CV0,2,1,1,2,0,0,2,0,2
68,-144227.4406,-578483.4639,Age0_F68_m31f31_P68_Y7_UO1543,I31_F8_m-1f-1_P40_Y-1_U33,ID31_F8_m100f100_P68_Y5_UO4586,FXX,0,0.0,0,0,0.0,0,0,0,0.0,0.875,1,P39_CV0,2,2,0,1,1,0,2,0,2
68,-144227.4406,-578483.4639,Age0_F68_m63f63_P68_Y7_UO3022,I63_F8_m31f31_P68_Y5_UO1532,ID63_F68_m-1f-1_P45_Y-1_U65,MXY,0,0.0,0,0,0.0,0,0,0,0.0,0.75,1,P39_CV0,2,1,1,0,2,0,2,0,2
68,-144227.4406,-578483.4639,Age0_F68_m63f63_P68_Y7_UO3066,I63_F68_m25f25_P68_Y3_UO1267,I63_F8_m84f84_P68_Y4_UO3888,FXX,0,0.0,0,0,0.0,0,0,0,0.0,0.6875,1,P39_CV0,2,1,1,2,0,0,2,0,2
68,-144227.4406,-578483.4639,Age0_F68_m63f63_P68_Y7_UO3103,I63_F68_m-1f-1_P45_Y-1_U37,ID63_F8_m45f45_P8_Y4_UO2199,MXY,0,0.0,0,0,0.0,0,0,0,0.0,0.375,1,P39_CV0,2,1,1,2,0,0,2,0,2
68,-144227.4406,-578483.4639,Age0_F68_m65f65_P68_Y7_UO3175,ID65_F8_m100f100_P48_Y2_UO4567,I65_F36_m-1f-1_P84_Y-1_U117,MXY,0,0.0,0,0,0.0,0,0,0,0.0,0.375,1,P39_CV0,2,1,1,1,1,0,2,0,2
68,-144227.4406,-578483.4639,Age0_F68_m85f85_P68_Y7_UO4011,I85_F36_m40f40_P98_Y3_UO1929,I85_F69_m85f85_P36_Y5_UO4012,FXX,0,0.0,0,0,0.0,0,0,0,0.0,0.6875,1,P39_CV0,2,2,0,1,1,0,2,0,2
68,-144227.4406,-578483.4639,E68_F31_m65f65_P98_Y6_UO3114,I65_F36_m45f45_P98_Y4_UO2125,I65_F8_m65f65_P28_Y4_UO3105,FXX,1,0.0,1,1,1.0,0,0,0,-9999.0,0.40625,1,P39_CV0,2,1,1,1,1,0,2,0,2
68,-144227.4406,-578483.4639,E68_F45_m63f63_P8_Y6_UO3055,I63_F8_m100f100_P48_Y2_UO4567,I63_F8_m63f63_P8_Y4_UO3036,MXY,1,0.0,1,1,0.0,0,0,0,-9999.0,0.75,1,P39_CV0,2,2,0,2,0,0,2,0,2
68,-144227.4406,-578483.4639,E68_F84_m31f31_P8_Y6_UO1553,I31_F68_m-1f-1_P40_Y-1_U33,I31_F68_m65f65_P68_Y3_UO3090,FXX,1,0.0,1,1,1.0,0,0,0,-9999.0,0.75,1,P39_CV0,2,1,1,1,1,0,2,0,2
68,-144227.4406,-578483.4639,E68_F84_m63f63_P8_Y6_UO3002,ID63_F8_m40f40_P8_Y4_UO1926,ID63_F68_m84f84_P69_Y0_UO4202,MXY,1,0.0,1,1,0.0,0,0,0,-9999.0,0.6875,1,P39_CV0,2,2,0,1,1,0,2,0,2
68,-144227.4406,-578483.4639,E68_F84_m63f63_P68_Y6_UO3014,I63_F8_m45f45_P8_Y4_UO2182,I63_F36_m65f65_P8_Y4_UO3078,FXX,1,0.0,1,1,1.0,0,0,0,-9999.0,0.625,1,P39_CV0,2,2,0,1,1,0,2,0,2
68,-144227.4406,-578483.4639,E68_F63_m65f65_P8_Y5_UO3105,I65_F98_m40f40_P98_Y3_UO1908,I65_F8_m-1f-1_P65_Y-1_U79,MXY,2,0.0,1,0,0.0,0,0,0,-9999.0,0.5,1,P39_CV0,2,1,1,1,1,0,2,0,2
68,-144227.4406,-578483.4639,E68_F63_m45f45_P68_Y5_UO2220,ID45_F57_m-1f-1_P45_Y-1_U225,I45_F86_m40f40_P6_Y3_UO1918,FXX,2,0.0,1,0,1.0,0,0,0,-9999.0,0.625,1,P39_CV0,2,1,1,2,0,0,2,0,2
68,-144227.4406,-578483.4639,E68_F63_m31f31_P68_Y5_UO1532,ID31_F68_m-1f-1_P40_Y-1_U33,I31_F48_m-1f-1_P31_Y-1_U67,FXX,2,0.0,1,0,1.0,0,0,0,-9999.0,1.0,1,P39_CV0,2,2,0,0,2,0,2,0,2
68,-144227.4406,-578483.4639,E68_F63_m84f84_P68_Y4_UO3888,I84_F36_m-1f-1_P25_Y-1_U154,ID84_F8_m-1f-1_P40_Y-1_U201,MXY,3,0.0,1,0,0.0,0,0,0,-9999.0,0.75,1,P39_CV0,2,1,1,1,1,0,2,0,2
68,-144227.4406,-578483.4639,E68_F31_m40f40_P98_Y3_UO1924,I40_F6_m-1f-1_P40_Y-1_U244,I40_F99_m-1f-1_P40_Y-1_U213,MXY,4,0.0,1,0,0.0,0,0,0,-9999.0,0.5,1,P39_CV0,2,1,1,1,1,0,2,0,2
68,-144227.4406,-578483.4639,E68_F85_m40f40_P98_Y3_UO1929,I40_F6_m-1f-1_P40_Y-1_U64,I40_F6_m-1f-1_P40_Y-1_U247,FXX,4,0.0,1,0,1.0,0,0,0,-9999.0,0.75,1,P39_CV0,2,1,1,1,1,0,2,0,2
68,-144227.4406,-578483.4639,E68_F65_m100f100_P48_Y2_UO4567,I100_F49_m43f43_P48_Y0_UO2176,I100_F49_m40f40_P68_Y0_UO1972,FXX,5,0.0,1,0,1.0,0,0,0,-9999.0,0.75,1,P39_CV0,2,2,0,1,1,0,2,0,2
68,-144227.4406,-578483.4639,E68_F65_m-1f-1_P40_Y-1_U201,-9999,-9999,MXY,9,0.0,1,0,0.0,0,0,0,-9999.0,0.5,1,P39_CV0,2,1,1,1,1,0,2,0,2
68,-144227.4406,-578483.4639,E68_F31_m-1f-1_P40_Y-1_U33,-9999,-9999,FXX,12,0.0,1,0,1.0,0,0,0,-9999.0,1.0,1,P39_CV0,2,2,0,0,2,0,2,0,2
68,-144227.4406,-578483.4639,Age0_F68_m45f45_P68_Y7_UO2242,I45_F6_m-1f-1_P42_Y-1_U40,I45_F86_m23f23_P52_Y3_UO1197,MXY,0,0.0,0,0,0.0,0,0,0,0.0,0.4375,1,P41_CV0,2,1,1,1,1,0,2,0,2
68,-144227.4406,-578483.4639,Age0_F68_m84f84_P68_Y7_UO3895,ID84_F68_m63f63_P8_Y3_UO2991,I84_F36_m31f31_P68_Y3_UO1485,FXX,0,0.0,0,0,0.0,0,0,0,0.0,0.4375,1,P41_CV0,2,1,1,1,1,0,2,0,2
68,-144227.4406,-578483.4639,E68_F84_m63f63_P8_Y3_UO2991,ID63_F6_m42f42_P6_Y0_UO2078,I63_F68_m31f31_P68_Y1_UO1385,FXX,4,0.0,1,0,1.0,0,0,0,-9999.0,0.625,1,P41_CV0,2,1,1,1,1,0,2,0,2
68,-144227.4406,-578483.4639,E68_F45_m-1f-1_P42_Y-1_U40,-9999,-9999,FXX,8,0.0,1,0,1.0,0,0,0,-9999.0,0.5,1,P41_CV0,2,1,1,0,2,0,2,0,2
68,-144227.4406,-578483.4639,Age0_F68_m31f31_P68_Y7_UO1507,I31_F8_m43f43_P49_Y2_UO2097,ID31_F8_m25f25_P8_Y4_UO1273,FXX,0,0.0,0,0,0.0,0,0,0,0.0,0.4375,1,P42_CV0,2,0,2,1,1,0,2,0,2
68,-144227.4406,-578483.4639,Age0_F68_m31f31_P68_Y7_UO1509,I31_F8_m65f65_P68_Y2_UO3173,I31_F8_m43f43_P48_Y0_UO2122,FXX,0,0.0,0,0,0.0,0,0,0,0.0,0.625,1,P42_CV0,2,1,1,1,1,0,2,0,2
68,-144227.4406,-578483.4639,Age0_F68_m31f31_P68_Y7_UO1528,I31_F68_m-1f-1_P31_Y-1_U239,I31_F8_m43f43_P48_Y0_UO2122,MXY,0,0.0,0,0,0.0,0,0,0,0.0,0.125,1,P42_CV0,2,1,1,2,0,0,2,0,2
68,-144227.4406,-578483.4639,Age0_F68_m63f63_P68_Y7_UO3026,I63_F68_m25f25_P8_Y5_UO1317,I63_F8_m43f43_P48_Y1_UO1927,MXY,0,0.0,0,0,0.0,0,0,0,0.0,0.6875,1,P42_CV0,2,2,0,0,2,0,2,0,2
68,-144227.4406,-578483.4639,Age0_F68_m85f85_P68_Y7_UO4029,ID85_F36_m84f84_P8_Y2_UO3834,I85_F98_m63f63_P69_Y5_UO2991,FXX,0,0.0,0,0,0.0,0,0,0,0.0,0.4375,1,P42_CV0,2,1,1,2,0,0,2,0,2
68,-144227.4406,-578483.4639,Age0_F68_m100f100_P68_Y7_UO4560,I100_F69_m43f43_P48_Y5_UO2144,ID100_F8_m-1f-1_P84_Y-1_U51,FXX,0,0.0,0,0,0.0,0,0,0,0.0,0.625,1,P42_CV0,2,1,1,0,2,0,2,0,2
68,-144227.4406,-578483.4639,E68_F25_m65f65_P8_Y6_UO3193,I65_F98_m94f94_P28_Y0_UO4736,ID65_F68_m100f100_P49_Y2_UO4628,MXY,1,0.0,1,1,0.0,0,0,0,-9999.0,0.4375,1,P42_CV0,2,1,1,0,2,0,2,0,2
68,-144227.4406,-578483.4639,E68_F31_m100f100_P48_Y6_UO4627,ID100_F48_m55f55_P41_Y2_UO2583,I100_F49_m65f65_P8_Y4_UO3104,FXX,1,0.0,1,1,1.0,0,0,0,-9999.0,0.375,1,P42_CV0,2,1,1,0,2,0,2,0,2
68,-144227.4406,-578483.4639,E68_F31_m84f84_P68_Y6_UO3956,ID84_F8_m-1f-1_P25_Y-1_U243,ID84_F68_m43f43_P49_Y3_UO2038,MXY,1,0.0,1,1,0.0,0,0,0,-9999.0,0.0,1,P42_CV0,2,0,2,1,1,0,2,0,2
68,-144227.4406,-578483.4639,E68_F63_m100f100_P68_Y6_UO4602,I100_F49_m100f100_P48_Y4_UO4599,I100_F49_m43f43_P48_Y2_UO2050,MXY,1,0.0,1,1,0.0,0,0,0,-9999.0,0.6875,1,P42_CV0,2,1,1,1,1,0,2,0,2
68,-144227.4406,-578483.4639,E68_F84_m43f43_P68_Y6_UO2143,ID43_F48_m43f43_P49_Y3_UO2122,I43_F49_m-1f-1_P43_Y-1_U95,FXX,1,0.0,1,1,1.0,0,0,0,-9999.0,0.625,1,P42_CV0,2,1,1,2,0,0,2,0,2
68,-144227.4406,-578483.4639,E68_F31_m84f84_P8_Y5_UO3905,I84_F8_m84f84_P8_Y0_UO4134,I84_F68_m100f100_P68_Y3_UO4562,MXY,2,0.0,1,0,0.0,0,0,0,-9999.0,0.5,1,P42_CV0,2,2,0,1,1,0,2,0,2
68,-144227.4406,-578483.4639,E68_F84_m31f31_P8_Y5_UO1488,I31_F8_m45f45_P68_Y2_UO2145,I31_F8_m43f43_P48_Y0_UO2187,FXX,2,0.0,1,0,1.0,0,0,0,-9999.0,0.5,1,P42_CV0,2,1,1,0,2,0,2,0,2
68,-144227.4406,-578483.4639,E68_F84_m25f25_P8_Y5_UO1275,I25_F8_m100f100_P48_Y2_UO4564,I25_F8_m63f63_P68_Y3_UO2976,MXY,2,0.0,1,0,0.0,0,0,0,-9999.0,0.5625,1,P42_CV0,2,1,1,2,0,0,2,0,2
68,-144227.4406,-578483.4639,E68_F100_m43f43_P48_Y5_UO2144,I43_F48_m-1f-1_P43_Y-1_U197,I43_F49_m-1f-1_P43_Y-1_U123,FXX,2,0.0,1,0,1.0,0,0,0,-9999.0,0.75,1,P42_CV0,2,1,1,1,1,0,2,0,2
68,-144227.4406,-578483.4639,E68_F84_m100f100_P8_Y4_UO4575,ID100_F49_m100f100_P49_Y1_UO4386,I100_F48_m-1f-1_P43_Y-1_U141,MXY,3,0.0,1,0,0.0,0,0,0,-9999.0,0.5,1,P42_CV0,2,0,2,2,0,0,2,0,2
68,-144227.4406,-578483.4639,E68_F31_m43f43_P49_Y2_UO2097,I43_F49_m-1f-1_P43_Y-1_U153,ID43_F49_m-1f-1_P43_Y-1_U45,FXX,5,0.0,1,0,1.0,0,0,0,-9999.0,0.25,1,P42_CV0,2,1,1,1,1,0,2,0,2
68,-144227.4406,-578483.4639,E68_F65_m100f100_P49_Y2_UO4628,ID100_F49_m-1f-1_P43_Y-1_U97,I100_F49_m43f43_P49_Y0_UO2132,MXY,5,0.0,1,0,0.0,0,0,0,-9999.0,0.625,1,P42_CV0,2,2,0,1,1,0,2,0,2
68,-144227.4406,-578483.4639,E68_F31_m43f43_P48_Y0_UO2122,R43_F43_m-1f-1_P43_Y-1_U19,R43_F43_m-1f-1_P43_Y-1_U2,MXY,7,0.0,1,0,0.0,0,0,0,-9999.0,0.25,1,P42_CV0,2,1,1,2,0,0,2,0,2
68,-144227.4406,-578483.4639,E68_F63_m43f43_P49_Y0_UO2148,R43_F43_m-1f-1_P43_Y-1_U71,R43_F43_m-1f-1_P43_Y-1_U142,MXY,7,0.0,1,0,0.0,0,0,0,-9999.0,0.75,1,P42_CV0,2,1,1,1,1,0,2,0,2
68,-144227.4406,-578483.4639,Age0_F68_m25f25_P68_Y7_UO1252,I25_F8_m63f63_P8_Y5_UO3041,I25_F69_m45f45_P68_Y5_UO2148,MXY,0,0.0,0,0,0.0,0,0,0,0.0,0.625,1,P44_CV0,2,1,1,2,0,0,2,0,2
68,-144227.4406,-578483.4639,Age0_F68_m63f63_P68_Y7_UO3003,ID63_F49_m84f84_P68_Y5_UO3829,ID63_F8_m-1f-1_P65_Y-1_U246,FXX,0,0.0,0,0,0.0,0,0,0,0.0,0.84375,1,P44_CV0,2,2,0,1,1,0,2,0,2
68,-144227.4406,-578483.4639,Age0_F68_m65f65_P68_Y7_UO3157,I65_F69_m31f31_P8_Y3_UO1532,I65_F91_m84f84_P8_Y5_UO3850,FXX,0,0.0,0,0,0.0,0,0,0,0.0,0.71875,1,P44_CV0,2,2,0,1,1,0,2,0,2
68,-144227.4406,-578483.4639,Age0_F68_m84f84_P68_Y7_UO3900,I84_F68_m45f45_P8_Y3_UO2134,ID84_F68_m94f94_P98_Y4_UO4414,MXY,0,0.0,0,0,0.0,0,0,0,0.0,0.625,1,P44_CV0,2,1,1,1,1,0,2,0,2
68,-144227.4406,-578483.4639,E68_F25_m31f31_P68_Y6_UO1528,ID31_F57_m45f45_P57_Y0_UO2255,I31_F8_m-1f-1_P84_Y-1_U195,MXY,1,0.0,1,1,0.0,0,0,0,-9999.0,0.625,1,P44_CV0,2,2,0,1,1,0,2,0,2
68,-144227.4406,-578483.4639,E68_F25_m65f65_P69_Y6_UO3214,I65_F68_m-1f-1_P50_Y-1_U104,ID65_F98_m84f84_P36_Y3_UO3880,MXY,1,0.0,1,1,0.0,0,0,0,-9999.0,0.375,1,P44_CV0,2,0,2,2,0,0,2,0,2
68,-144227.4406,-578483.4639,E68_F25_m85f85_P69_Y6_UO4039,I85_F36_m85f85_P69_Y2_UO3985,ID85_F69_m63f63_P68_Y4_UO3027,MXY,1,0.0,1,1,0.0,0,0,0,-9999.0,0.375,1,P44_CV0,2,1,1,1,1,0,2,0,2
68,-144227.4406,-578483.4639,E68_F31_m25f25_P68_Y6_UO1285,ID25_F68_m92f92_P6_Y3_UO4319,I25_F69_m94f94_P98_Y2_UO4422,FXX,1,0.0,1,1,1.0,0,0,0,-9999.0,0.3125,1,P44_CV0,2,0,2,0,2,0,2,0,2
68,-144227.4406,-578483.4639,E68_F63_m63f63_P8_Y6_UO3035,ID63_F8_m25f25_P68_Y3_UO1308,I63_F68_m-1f-1_P45_Y-1_U221,FXX,1,0.0,1,1,1.0,0,0,0,-9999.0,0.5,1,P44_CV0,2,0,2,1,1,0,2,0,2
68,-144227.4406,-578483.4639,E68_F84_m65f65_P8_Y6_UO3138,I65_F8_m45f45_P8_Y3_UO2205,ID65_F8_m25f25_P8_Y3_UO1291,MXY,1,0.0,1,1,0.0,0,0,0,-9999.0,0.75,1,P44_CV0,2,1,1,1,1,0,2,0,2
68,-144227.4406,-578483.4639,E68_F63_m84f84_P68_Y5_UO3829,ID84_F86_m92f92_P6_Y3_UO4319,ID84_F8_m85f85_P8_Y3_UO3973,FXX,2,0.0,1,0,1.0,0,0,0,-9999.0,0.6875,1,P44_CV0,2,2,0,2,0,0,2,0,2
68,-144227.4406,-578483.4639,E68_F63_m45f45_P8_Y5_UO2206,I45_F86_m-1f-1_P45_Y-1_U125,I45_F27_m-1f-1_P45_Y-1_U70,MXY,2,0.0,1,0,0.0,0,0,0,-9999.0,0.25,1,P44_CV0,2,1,1,2,0,0,2,0,2
68,-144227.4406,-578483.4639,E68_F63_m84f84_P8_Y5_UO3826,ID84_F69_m45f45_P68_Y3_UO2163,I84_F6_m31f31_P68_Y1_UO1428,MXY,2,0.0,1,0,0.0,0,0,0,-9999.0,0.5,1,P44_CV0,2,1,1,1,1,0,2,0,2
68,-144227.4406,-578483.4639,E68_F63_m31f31_P68_Y5_UO1448,ID31_F8_m63f63_P68_Y3_UO3044,I31_F68_m-1f-1_P31_Y-1_U221,MXY,2,0.0,1,0,0.0,0,0,0,-9999.0,0.4375,1,P44_CV0,2,0,2,1,1,0,2,0,2
68,-144227.4406,-578483.4639,E68_F65_m84f84_P68_Y5_UO3907,I84_F8_m-1f-1_P45_Y-1_U120,I84_F8_m-1f-1_P84_Y-1_U216,MXY,2,0.0,1,0,0.0,0,0,0,-9999.0,0.25,1,P44_CV0,2,0,2,2,0,0,2,0,2
68,-144227.4406,-578483.4639,E68_F25_m63f63_P68_Y4_UO2962,I63_F8_m45f45_P8_Y2_UO2169,I63_F68_m65f65_P68_Y2_UO3155,MXY,3,0.0,1,0,0.0,0,0,0,-9999.0,0.375,1,P44_CV0,2,0,2,0,2,0,2,0,2
68,-144227.4406,-578483.4639,E68_F45_m45f45_P6_Y4_UO2136,I45_F86_m90f90_P6_Y1_UO3992,I45_F6_m45f45_P6_Y1_UO1992,MXY,3,0.0,1,0,0.0,0,0,0,-9999.0,0.375,1,P44_CV0,2,1,1,1,1,0,2,0,2
68,-144227.4406,-578483.4639,E68_F84_m25f25_P8_Y4_UO1310,I25_F68_m-1f-1_P25_Y-1_U34,I25_F8_m63f63_P68_Y2_UO3014,MXY,3,0.0,1,0,0.0,0,0,0,-9999.0,0.3125,1,P44_CV0,2,1,1,1,1,0,2,0,2
68,-144227.4406,-578483.4639,E68_F25_m92f92_P6_Y3_UO4319,I92_F6_m-1f-1_P92_Y-1_U38,I92_F6_m45f45_P6_Y1_UO1980,FXX,4,0.0,1,0,1.0,0,0,0,-9999.0,0.375,1,P44_CV0,2,1,1,1,1,0,2,0,2
68,-144227.4406,-578483.4639,E68_F65_m31f31_P8_Y3_UO1532,I31_F68_m-1f-1_P63_Y-1_U89,I31_F68_m-1f-1_P45_Y-1_U218,FXX,4,0.0,1,0,1.0,0,0,0,-9999.0,0.75,1,P44_CV0,2,2,0,2,0,0,2,0,2
68,-144227.4406,-578483.4639,E68_F84_m45f45_P8_Y3_UO2134,I45_F8_m90f90_P86_Y1_UO4016,I45_F8_m-1f-1_P45_Y-1_U210,FXX,4,0.0,1,0,1.0,0,0,0,-9999.0,0.75,1,P44_CV0,2,2,0,0,2,0,2,0,2
68,-144227.4406,-578483.4639,E68_F31_m45f45_P6_Y2_UO2151,I45_F57_m-1f-1_P45_Y-1_U202,I45_F86_m-1f-1_P45_Y-1_U208,MXY,5,0.0,1,0,0.0,0,0,0,-9999.0,0.25,1,P44_CV0,2,0,2,1,1,0,2,0,2
68,-144227.4406,-578483.4639,E68_F63_m-1f-1_P45_Y-1_U65,-9999,-9999,MXY,8,0.0,1,0,0.0,0,0,0,-9999.0,0.5,1,P44_CV0,2,1,1,1,1,0,2,0,2
68,-144227.4406,-578483.4639,E68_F84_m-1f-1_P45_Y-1_U216,-9999,-9999,MXY,10,0.0,1,0,0.0,0,0,0,-9999.0,0.0,1,P44_CV0,2,0,2,0,2,0,2,0,2
68,-144227.4406,-578483.4639,E68_F63_m-1f-1_P45_Y-1_U37,-9999,-9999,FXX,12,0.0,1,0,1.0,0,0,0,-9999.0,0.5,1,P44_CV0,2,1,1,1,1,0,2,0,2
68,-144227.4406,-578483.4639,Age0_F68_m45f45_P68_Y7_UO2234,I45_F86_m46f46_P52_Y0_UO2358,I45_F6_m12f12_P86_Y5_UO724,MXY,0,0.0,0,0,0.0,0,0,0,0.0,0.5,1,P45_CV0,2,1,1,1,1,0,2,0,2
68,-144227.4406,-578483.4639,E68_F63_m31f31_P8_Y6_UO1519,I31_F8_m63f63_P8_Y2_UO3045,ID31_F86_m46f46_P52_Y2_UO2288,MXY,1,0.0,1,1,0.0,0,0,0,-9999.0,0.4375,1,P45_CV0,2,0,2,0,2,0,2,0,2
68,-144227.4406,-578483.4639,E68_F63_m63f63_P8_Y6_UO3021,I63_F68_m31f31_P68_Y4_UO1495,I63_F68_m31f31_P8_Y1_UO1458,MXY,1,0.0,1,1,0.0,0,0,0,-9999.0,0.1875,1,P45_CV0,2,1,1,1,1,0,2,0,2
68,-144227.4406,-578483.4639,E68_F45_m46f46_P52_Y0_UO2358,R46_F46_m-1f-1_P46_Y-1_U85,R46_F46_m-1f-1_P46_Y-1_U206,FXX,7,0.0,1,0,1.0,0,0,0,-9999.0,0.5,1,P45_CV0,2,1,1,1,1,0,2,0,2
68,-144227.4406,-578483.4639,E68_F31_m65f65_P68_Y6_UO3113,I65_F69_m58f58_P98_Y4_UO2748,ID65_F8_m85f85_P68_Y4_UO3948,FXX,1,0.0,1,1,1.0,0,0,0,-9999.0,0.59375,1,P49_CV0,2,1,1,1,1,0,2,0,2
68,-144227.4406,-578483.4639,E68_F40_m42f42_P57_Y4_UO1980,I42_F57_m50f50_P6_Y0_UO2579,I42_F99_m-1f-1_P42_Y-1_U68,MXY,3,0.0,1,0,0.0,0,0,0,-9999.0,0.75,1,P49_CV0,2,2,0,1,1,0,2,0,2
68,-144227.4406,-578483.4639,E68_F84_m25f25_P8_Y6_UO1313,I25_F69_m94f94_P98_Y2_UO4414,I25_F68_m94f94_P98_Y4_UO4414,FXX,1,0.0,1,1,1.0,0,0,0,-9999.0,0.625,1,P4_CV0,2,1,1,2,0,0,2,0,2
68,-144227.4406,-578483.4639,E68_F65_m58f58_P99_Y4_UO2720,ID58_F81_m-1f-1_P58_Y-1_U245,ID58_F81_m-1f-1_P5_Y-1_U12,FXX,3,0.0,1,0,1.0,0,0,0,-9999.0,0.25,1,P4_CV0,2,0,2,1,1,0,2,0,2
68,-144227.4406,-578483.4639,E68_F25_m94f94_P91_Y3_UO4367,I94_F81_m5f5_P81_Y1_UO348,I94_F81_m5f5_P81_Y1_UO351,MXY,4,0.0,1,0,0.0,0,0,0,-9999.0,0.375,1,P4_CV0,2,1,1,0,2,0,2,0,2
68,-144227.4406,-578483.4639,E68_F100_m55f55_P49_Y5_UO2537,ID55_F41_m55f55_P89_Y3_UO2596,ID55_F41_m-1f-1_P73_Y-1_U217,FXX,2,0.0,1,0,1.0,0,0,0,-9999.0,0.5,1,P54_CV0,2,2,0,1,1,0,2,0,2
68,-144227.4406,-578483.4639,E68_F25_m-1f-1_P55_Y-1_U81,-9999,-9999,MXY,8,0.0,1,0,0.0,0,0,0,-9999.0,1.0,1,P54_CV0,2,2,0,1,1,0,2,0,2
68,-144227.4406,-578483.4639,E68_F31_m-1f-1_P55_Y-1_U121,-9999,-9999,MXY,10,0.0,1,0,0.0,0,0,0,-9999.0,0.5,1,P54_CV0,2,1,1,2,0,0,2,0,2
68,-144227.4406,-578483.4639,Age0_F68_m45f45_P68_Y7_UO2216,I45_F86_m92f92_P99_Y3_UO4306,ID45_F6_m42f42_P99_Y2_UO1986,MXY,0,0.0,0,0,0.0,0,0,0,0.0,0.5,1,P57_CV0,2,1,1,1,1,0,2,0,2
68,-144227.4406,-578483.4639,E68_F45_m42f42_P6_Y6_UO2082,ID42_F6_m-1f-1_P40_Y-1_U170,I42_F6_m58f58_P99_Y0_UO2946,FXX,1,0.0,1,1,1.0,0,0,0,-9999.0,0.625,1,P57_CV0,2,2,0,1,1,0,2,0,2
68,-144227.4406,-578483.4639,E68_F84_m31f31_P8_Y6_UO1521,I31_F8_m84f84_P68_Y1_UO3700,ID31_F8_m45f45_P68_Y4_UO2180,FXX,1,0.0,1,1,1.0,0,0,0,-9999.0,0.3125,1,P57_CV0,2,0,2,2,0,0,2,0,2
68,-144227.4406,-578483.4639,E68_F85_m94f94_P98_Y4_UO4454,I94_F98_m-1f-1_P58_Y-1_U30,I94_F81_m-1f-1_P40_Y-1_U155,MXY,3,0.0,1,0,0.0,0,0,0,-9999.0,0.75,1,P57_CV0,2,2,0,1,1,0,2,0,2
68,-144227.4406,-578483.4639,E68_F45_m92f92_P99_Y3_UO4306,I92_F6_m58f58_P99_Y0_UO2978,I92_F57_m92f92_P57_Y0_UO4624,FXX,4,0.0,1,0,1.0,0,0,0,-9999.0,0.5,1,P57_CV0,2,0,2,1,1,0,2,0,2
68,-144227.4406,-578483.4639,E68_F31_m40f40_P6_Y2_UO1881,I40_F99_m-1f-1_P40_Y-1_U90,ID40_F99_m-1f-1_P58_Y-1_U84,MXY,5,0.0,1,0,0.0,0,0,0,-9999.0,0.25,1,P57_CV0,2,1,1,2,0,0,2,0,2
68,-144227.4406,-578483.4639,E68_F84_m-1f-1_P58_Y-1_U133,-9999,-9999,MXY,8,0.0,1,0,0.0,0,0,0,-9999.0,0.0,1,P57_CV0,2,0,2,0,2,0,2,0,2
68,-144227.4406,-578483.4639,Age0_F68_m31f31_P68_Y7_UO1486,ID31_F49_m100f100_P48_Y4_UO4541,I31_F8_m25f25_P8_Y3_UO1268,FXX,0,0.0,0,0,0.0,0,0,0,0.0,0.5625,1,P59_CV0,2,2,0,1,1,0,2,0,2
68,-144227.4406,-578483.4639,E68_F31_m100f100_P68_Y6_UO4618,I100_F68_m60f60_P49_Y3_UO2794,I100_F48_m-1f-1_P100_Y-1_U162,MXY,1,0.0,1,1,0.0,0,0,0,-9999.0,0.25,1,P59_CV0,2,1,1,1,1,0,2,0,2
68,-144227.4406,-578483.4639,E68_F84_m100f100_P68_Y5_UO4568,I100_F48_m60f60_P49_Y3_UO2794,I100_F48_m100f100_P48_Y3_UO4549,FXX,2,0.0,1,0,1.0,0,0,0,-9999.0,0.5625,1,P59_CV0,2,2,0,1,1,0,2,0,2
68,-144227.4406,-578483.4639,E68_F31_m100f100_P48_Y4_UO4541,I100_F69_m100f100_P49_Y2_UO4596,I100_F68_m60f60_P48_Y1_UO2755,FXX,3,0.0,1,0,1.0,0,0,0,-9999.0,0.375,1,P59_CV0,2,1,1,2,0,0,2,0,2
68,-144227.4406,-578483.4639,E68_F100_m43f43_P48_Y4_UO2032,I43_F49_m43f43_P48_Y2_UO2044,ID43_F49_m60f60_P75_Y1_UO2731,MXY,3,0.0,1,0,0.0,0,0,0,-9999.0,0.375,1,P59_CV0,2,1,1,1,1,0,2,0,2
68,-144227.4406,-578483.4639,Age0_F68_m25f25_P68_Y7_UO1258,I25_F8_m63f63_P8_Y5_UO3062,I25_F36_m31f31_P68_Y2_UO1516,MXY,0,0.0,0,0,0.0,0,0,0,0.0,0.53125,1,P62_CV0,2,2,0,1,1,0,2,0,2
68,-144227.4406,-578483.4639,Age0_F68_m25f25_P68_Y7_UO1301,I25_F49_m65f65_P36_Y3_UO3080,I25_F8_m65f65_P68_Y4_UO3146,FXX,0,0.0,0,0,0.0,0,0,0,0.0,0.625,1,P62_CV0,2,1,1,0,2,0,2,0,2
68,-144227.4406,-578483.4639,Age0_F68_m31f31_P68_Y7_UO1488,I31_F68_m85f85_P68_Y4_UO3997,I31_F68_m31f31_P68_Y3_UO1511,FXX,0,0.0,0,0,0.0,0,0,0,0.0,0.25,1,P62_CV0,2,0,2,1,1,0,2,0,2
68,-144227.4406,-578483.4639,Age0_F68_m31f31_P68_Y7_UO1497,I31_F68_m25f25_P8_Y3_UO1256,I31_F68_m31f31_P68_Y3_UO1511,MXY,0,0.0,0,0,0.0,0,0,0,0.0,0.4375,1,P62_CV0,2,0,2,1,1,0,2,0,2
68,-144227.4406,-578483.4639,Age0_F68_m31f31_P68_Y7_UO1518,I31_F69_m31f31_P8_Y1_UO1422,ID31_F68_m-1f-1_P63_Y-1_U36,FXX,0,0.0,0,0,0.0,0,0,0,0.0,0.625,1,P62_CV0,2,2,0,0,2,0,2,0,2
68,-144227.4406,-578483.4639,Age0_F68_m31f31_P68_Y7_UO1521,I31_F8_m63f63_P69_Y1_UO2909,I31_F68_m31f31_P8_Y4_UO1516,MXY,0,0.0,0,0,0.0,0,0,0,0.0,0.5,1,P62_CV0,2,0,2,0,2,0,2,0,2
68,-144227.4406,-578483.4639,Age0_F68_m31f31_P68_Y7_UO1525,I31_F68_m63f63_P68_Y0_UO3288,I31_F8_m43f43_P48_Y0_UO2122,FXX,0,0.0,0,0,0.0,0,0,0,0.0,0.5,1,P62_CV0,2,1,1,1,1,0,2,0,2
68,-144227.4406,-578483.4639,Age0_F68_m31f31_P68_Y7_UO1540,ID31_F8_m-1f-1_P63_Y-1_U13,I31_F8_m31f31_P68_Y4_UO1521,FXX,0,0.0,0,0,0.0,0,0,0,0.0,0.25,1,P62_CV0,2,0,2,0,2,0,2,0,2
68,-144227.4406,-578483.4639,Age0_F68_m63f63_P68_Y7_UO3024,ID63_F36_m84f84_P8_Y5_UO3834,I63_F68_m42f42_P98_Y5_UO2035,FXX,0,0.0,0,0,0.0,0,0,0,0.0,0.65625,1,P62_CV0,2,1,1,1,1,0,2,0,2
68,-144227.4406,-578483.4639,Age0_F68_m63f63_P68_Y7_UO3043,I63_F8_m63f63_P8_Y4_UO3035,I63_F8_m65f65_P8_Y2_UO3103,MXY,0,0.0,0,0,0.0,0,0,0,0.0,0.5625,1,P62_CV0,2,1,1,2,0,0,2,0,2
68,-144227.4406,-578483.4639,Age0_F68_m63f63_P68_Y7_UO3061,I63_F68_m31f31_P68_Y3_UO1483,I63_F68_m63f63_P68_Y5_UO3072,MXY,0,0.0,0,0,0.0,0,0,0,0.0,0.46875,1,P62_CV0,2,1,1,2,0,0,2,0,2
68,-144227.4406,-578483.4639,Age0_F68_m63f63_P68_Y7_UO3075,I63_F49_m63f63_P69_Y1_UO2918,ID63_F68_m65f65_P8_Y0_UO3350,FXX,0,0.0,0,0,0.0,0,0,0,0.0,0.625,1,P62_CV0,2,0,2,0,2,0,2,0,2
68,-144227.4406,-578483.4639,Age0_F68_m63f63_P68_Y7_UO3082,I63_F8_m63f63_P68_Y1_UO2904,I63_F68_m85f85_P36_Y5_UO3965,FXX,0,0.0,0,0,0.0,0,0,0,0.0,0.625,1,P62_CV0,2,2,0,0,2,0,2,0,2
68,-144227.4406,-578483.4639,Age0_F68_m63f63_P68_Y7_UO3090,I63_F68_m-1f-1_P63_Y-1_U102,ID63_F8_m84f84_P68_Y5_UO3910,FXX,0,0.0,0,0,0.0,0,0,0,0.0,0.5,1,P62_CV0,2,1,1,0,2,0,2,0,2
68,-144227.4406,-578483.4639,Age0_F68_m63f63_P68_Y7_UO3106,I63_F69_m-1f-1_P63_Y-1_U227,I63_F68_m42f42_P98_Y5_UO2035,MXY,0,0.0,0,0,0.0,0,0,0,0.0,0.875,1,P62_CV0,2,2,0,1,1,0,2,0,2
68,-144227.4406,-578483.4639,Age0_F68_m65f65_P68_Y7_UO3133,I65_F98_m31f31_P8_Y5_UO1485,ID65_F98_m25f25_P8_Y4_UO1315,MXY,0,0.0,0,0,0.0,0,0,0,0.0,0.5625,1,P62_CV0,2,0,2,2,0,0,2,0,2
68,-144227.4406,-578483.4639,Age0_F68_m65f65_P68_Y7_UO3185,I65_F68_m85f85_P8_Y1_UO3805,ID65_F68_m25f25_P68_Y5_UO1335,FXX,0,0.0,0,0,0.0,0,0,0,0.0,0.3125,1,P62_CV0,2,1,1,1,1,0,2,0,2
68,-144227.4406,-578483.4639,Age0_F68_m84f84_P68_Y7_UO3863,I84_F8_m65f65_P8_Y5_UO3110,I84_F8_m-1f-1_P63_Y-1_U0,FXX,0,0.0,0,0,0.0,0,0,0,0.0,0.4375,1,P62_CV0,2,1,1,0,2,0,2,0,2
68,-144227.4406,-578483.4639,Age0_F68_m84f84_P68_Y7_UO3866,I84_F8_m63f63_P68_Y5_UO2999,ID84_F68_m65f65_P68_Y5_UO3093,MXY,0,0.0,0,0,0.0,0,0,0,0.0,0.53125,1,P62_CV0,2,0,2,1,1,0,2,0,2
68,-144227.4406,-578483.4639,Age0_F68_m84f84_P68_Y7_UO3881,I84_F69_m31f31_P68_Y4_UO1528,I84_F69_m84f84_P8_Y5_UO3921,FXX,0,0.0,0,0,0.0,0,0,0,0.0,0.8125,1,P62_CV0,2,2,0,1,1,0,2,0,2
68,-144227.4406,-578483.4639,Age0_F68_m84f84_P68_Y7_UO3890,I84_F8_m25f25_P68_Y4_UO1297,I84_F68_m31f31_P68_Y4_UO1509,MXY,0,0.0,0,0,0.0,0,0,0,0.0,0.625,1,P62_CV0,2,2,0,2,0,0,2,0,2
68,-144227.4406,-578483.4639,Age0_F68_m84f84_P68_Y7_UO3897,I84_F36_m25f25_P68_Y3_UO1239,I84_F8_m-1f-1_P63_Y-1_U0,FXX,0,0.0,0,0,0.0,0,0,0,0.0,0.125,1,P62_CV0,2,0,2,0,2,0,2,0,2
68,-144227.4406,-578483.4639,Age0_F68_m84f84_P68_Y7_UO3907,ID84_F98_m63f63_P8_Y3_UO3030,ID84_F68_m85f85_P69_Y5_UO4020,MXY,0,0.0,0,0,0.0,0,0,0,0.0,0.34375,1,P62_CV0,2,1,1,0,2,0,2,0,2
68,-144227.4406,-578483.4639,Age0_F68_m84f84_P68_Y7_UO3917,I84_F8_m63f63_P68_Y2_UO3006,ID84_F8_m31f31_P8_Y4_UO1466,MXY,0,0.0,0,0,0.0,0,0,0,0.0,0.46875,1,P62_CV0,2,1,1,2,0,0,2,0,2
68,-144227.4406,-578483.4639,Age0_F68_m84f84_P68_Y7_UO3931,ID84_F8_m100f100_P68_Y1_UO4426,ID84_F8_m31f31_P8_Y4_UO1466,FXX,0,0.0,0,0,0.0,0,0,0,0.0,0.40625,1,P62_CV0,2,1,1,1,1,0,2,0,2
68,-144227.4406,-578483.4639,Age0_F68_m85f85_P68_Y7_UO4014,ID85_F68_m63f63_P8_Y3_UO3038,I85_F36_m84f84_P69_Y4_UO3866,FXX,0,0.0,0,0,0.0,0,0,0,0.0,0.3125,1,P62_CV0,2,1,1,1,1,0,2,0,2
68,-144227.4406,-578483.4639,E68_F25_m63f63_P8_Y6_UO3031,I63_F68_m63f63_P68_Y3_UO3027,I63_F68_m85f85_P8_Y3_UO3920,MXY,1,0.0,1,1,0.0,0,0,0,-9999.0,0.375,1,P62_CV0,2,1,1,2,0,0,2,0,2
68,-144227.4406,-578483.4639,E68_F25_m84f84_P8_Y6_UO3941,I84_F8_m84f84_P8_Y1_UO3720,ID84_F98_m25f25_P68_Y3_UO1276,MXY,1,0.0,1,1,0.0,0,0,0,-9999.0,0.5625,1,P62_CV0,2,0,2,0,2,0,2,0,2
68,-144227.4406,-578483.4639,E68_F25_m63f63_P68_Y6_UO3010,ID63_F8_m25f25_P68_Y4_UO1248,I63_F68_m-1f-1_P63_Y-1_U47,MXY,1,0.0,1,1,0.0,0,0,0,-9999.0,0.53125,1,P62_CV0,2,0,2,1,1,0,2,0,2
68,-144227.4406,-578483.4639,E68_F25_m63f63_P69_Y6_UO3106,ID63_F68_m-1f-1_P63_Y-1_U227,I63_F8_m31f31_P8_Y4_UO1525,MXY,1,0.0,1,1,0.0,0,0,0,-9999.0,0.625,1,P62_CV0,2,1,1,1,1,0,2,0,2
68,-144227.4406,-578483.4639,E68_F31_m25f25_P8_Y6_UO1272,I25_F69_m85f85_P36_Y4_UO3969,I25_F69_m63f63_P8_Y1_UO2915,FXX,1,0.0,1,1,1.0,0,0,0,-9999.0,0.4375,1,P62_CV0,2,2,0,1,1,0,2,0,2
68,-144227.4406,-578483.4639,E68_F31_m63f63_P8_Y6_UO3045,I63_F8_m63f63_P68_Y3_UO2971,ID63_F36_m11f11_P2_Y3_UO636,MXY,1,0.0,1,1,0.0,0,0,0,-9999.0,0.5625,1,P62_CV0,2,2,0,2,0,0,2,0,2
68,-144227.4406,-578483.4639,E68_F31_m63f63_P8_Y6_UO3070,I63_F8_m63f63_P68_Y1_UO2904,I63_F8_m31f31_P8_Y4_UO1525,MXY,1,0.0,1,1,0.0,0,0,0,-9999.0,0.5,1,P62_CV0,2,1,1,0,2,0,2,0,2
68,-144227.4406,-578483.4639,E68_F31_m84f84_P8_Y6_UO3888,ID84_F8_m25f25_P68_Y4_UO1297,I84_F68_m85f85_P8_Y2_UO3949,FXX,1,0.0,1,1,1.0,0,0,0,-9999.0,0.5,1,P62_CV0,2,2,0,1,1,0,2,0,2
68,-144227.4406,-578483.4639,E68_F31_m31f31_P68_Y6_UO1531,I31_F68_m63f63_P68_Y0_UO3242,I31_F48_m43f43_P48_Y0_UO2187,FXX,1,0.0,1,1,1.0,0,0,0,-9999.0,0.5,1,P62_CV0,2,1,1,0,2,0,2,0,2
68,-144227.4406,-578483.4639,E68_F31_m63f63_P68_Y6_UO3013,ID63_F36_m65f65_P8_Y4_UO3138,I63_F98_m84f84_P8_Y3_UO3825,FXX,1,0.0,1,1,1.0,0,0,0,-9999.0,0.5,1,P62_CV0,2,1,1,1,1,0,2,0,2
68,-144227.4406,-578483.4639,E68_F31_m63f63_P68_Y6_UO3109,I63_F69_m-1f-1_P63_Y-1_U137,I63_F68_m65f65_P8_Y4_UO3129,FXX,1,0.0,1,1,1.0,0,0,0,-9999.0,0.5,1,P62_CV0,2,0,2,2,0,0,2,0,2
68,-144227.4406,-578483.4639,E68_F31_m85f85_P68_Y6_UO4022,I85_F36_m85f85_P36_Y3_UO3960,ID85_F91_m63f63_P68_Y0_UO3314,MXY,1,0.0,1,1,0.0,0,0,0,-9999.0,0.125,1,P62_CV0,2,0,2,1,1,0,2,0,2
68,-144227.4406,-578483.4639,E68_F63_m31f31_P8_Y6_UO1474,I31_F68_m31f31_P68_Y4_UO1500,I31_F68_m65f65_P68_Y1_UO2957,FXX,1,0.0,1,1,1.0,0,0,0,-9999.0,0.3125,1,P62_CV0,2,0,2,0,2,0,2,0,2
68,-144227.4406,-578483.4639,E68_F63_m31f31_P8_Y6_UO1481,ID31_F98_m63f63_P68_Y4_UO2993,I31_F68_m25f25_P68_Y4_UO1254,FXX,1,0.0,1,1,1.0,0,0,0,-9999.0,0.5625,1,P62_CV0,2,2,0,0,2,0,2,0,2
68,-144227.4406,-578483.4639,E68_F63_m31f31_P8_Y6_UO1510,I31_F8_m31f31_P8_Y2_UO1460,I31_F69_m63f63_P8_Y1_UO2876,FXX,1,0.0,1,1,1.0,0,0,0,-9999.0,0.5,1,P62_CV0,2,0,2,1,1,0,2,0,2
68,-144227.4406,-578483.4639,E68_F63_m63f63_P8_Y6_UO3101,ID63_F68_m-1f-1_P63_Y-1_U54,ID63_F68_m85f85_P36_Y4_UO3972,FXX,1,0.0,1,1,1.0,0,0,0,-9999.0,0.8125,1,P62_CV0,2,2,0,2,0,0,2,0,2
68,-144227.4406,-578483.4639,E68_F63_m65f65_P8_Y6_UO3197,ID65_F8_m63f63_P68_Y0_UO3306,I65_F36_m25f25_P8_Y4_UO1315,FXX,1,0.0,1,1,1.0,0,0,0,-9999.0,0.625,1,P62_CV0,2,1,1,1,1,0,2,0,2
68,-144227.4406,-578483.4639,E68_F63_m63f63_P68_Y6_UO3034,I63_F8_m31f31_P8_Y3_UO1512,I63_F8_m84f84_P8_Y2_UO3848,FXX,1,0.0,1,1,1.0,0,0,0,-9999.0,0.6875,1,P62_CV0,2,0,2,0,2,0,2,0,2
68,-144227.4406,-578483.4639,E68_F63_m84f84_P68_Y6_UO3896,I84_F69_m25f25_P8_Y4_UO1269,ID84_F68_m-1f-1_P85_Y-1_U132,MXY,1,0.0,1,1,0.0,0,0,0,-9999.0,0.625,1,P62_CV0,2,2,0,1,1,0,2,0,2
68,-144227.4406,-578483.4639,E68_F63_m84f84_P68_Y6_UO3960,I84_F68_m-1f-1_P31_Y-1_U97,ID84_F8_m63f63_P8_Y1_UO2926,MXY,1,0.0,1,1,0.0,0,0,0,-9999.0,0.5,1,P62_CV0,2,0,2,1,1,0,2,0,2
68,-144227.4406,-578483.4639,E68_F65_m25f25_P68_Y6_UO1315,ID25_F8_m84f84_P8_Y2_UO3831,I25_F68_m84f84_P68_Y1_UO3721,MXY,1,0.0,1,1,0.0,0,0,0,-9999.0,0.625,1,P62_CV0,2,1,1,1,1,0,2,0,2
68,-144227.4406,-578483.4639,E68_F84_m85f85_P2_Y6_UO4008,I85_F69_m65f65_P69_Y4_UO3154,ID85_F91_m63f63_P68_Y0_UO3314,FXX,1,0.0,1,1,1.0,0,0,0,-9999.0,0.375,1,P62_CV0,2,0,2,0,2,0,2,0,2
68,-144227.4406,-578483.4639,E68_F84_m84f84_P8_Y6_UO3973,I84_F98_m-1f-1_P63_Y-1_U99,I84_F68_m-1f-1_P84_Y-1_U33,FXX,1,0.0,1,1,1.0,0,0,0,-9999.0,0.25,1,P62_CV0,2,0,2,1,1,0,2,0,2
68,-144227.4406,-578483.4639,E68_F84_m65f65_P68_Y6_UO3165,I65_F98_m65f65_P98_Y2_UO3099,I65_F8_m65f65_P98_Y3_UO3115,FXX,1,0.0,1,1,1.0,0,0,0,-9999.0,0.3125,1,P62_CV0,2,1,1,2,0,0,2,0,2
68,-144227.4406,-578483.4639,E68_F84_m65f65_P68_Y6_UO3171,I65_F8_m31f31_P8_Y2_UO1497,I65_F36_m65f65_P98_Y4_UO3107,MXY,1,0.0,1,1,0.0,0,0,0,-9999.0,0.25,1,P62_CV0,2,2,0,1,1,0,2,0,2
68,-144227.4406,-578483.4639,E68_F85_m25f25_P8_Y6_UO1253,I25_F68_m84f84_P8_Y4_UO3872,I25_F69_m25f25_P68_Y4_UO1251,FXX,1,0.0,1,1,1.0,0,0,0,-9999.0,0.375,1,P62_CV0,2,0,2,1,1,0,2,0,2
68,-144227.4406,-578483.4639,E68_F85_m25f25_P68_Y6_UO1282,I25_F69_m84f84_P8_Y3_UO3803,ID25_F68_m25f25_P8_Y4_UO1263,FXX,1,0.0,1,1,1.0,0,0,0,-9999.0,0.5,1,P62_CV0,2,1,1,1,1,0,2,0,2
68,-144227.4406,-578483.4639,E68_F25_m84f84_P8_Y5_UO3868,I84_F8_m63f63_P8_Y2_UO3040,I84_F68_m63f63_P69_Y1_UO2852,MXY,2,0.0,1,0,0.0,0,0,0,-9999.0,0.4375,1,P62_CV0,2,0,2,2,0,0,2,0,2
68,-144227.4406,-578483.4639,E68_F25_m84f84_P68_Y5_UO3909,I84_F8_m-1f-1_P45_Y-1_U238,I84_F8_m63f63_P36_Y0_UO3282,MXY,2,0.0,1,0,0.0,0,0,0,-9999.0,0.75,1,P62_CV0,2,2,0,1,1,0,2,0,2
68,-144227.4406,-578483.4639,E68_F25_m63f63_P8_Y5_UO3062,I63_F68_m-1f-1_P45_Y-1_U36,I63_F68_m25f25_P68_Y3_UO1236,FXX,2,0.0,1,0,1.0,0,0,0,-9999.0,0.8125,1,P62_CV0,2,2,0,1,1,0,2,0,2
68,-144227.4406,-578483.4639,E68_F25_m84f84_P8_Y5_UO3831,I84_F8_m65f65_P68_Y3_UO3137,I84_F2_m-1f-1_P84_Y-1_U139,FXX,2,0.0,1,0,1.0,0,0,0,-9999.0,0.4375,1,P62_CV0,2,1,1,0,2,0,2,0,2
68,-144227.4406,-578483.4639,E68_F31_m63f63_P8_Y5_UO3074,I63_F69_m-1f-1_P63_Y-1_U13,I63_F68_m65f65_P8_Y2_UO3103,FXX,2,0.0,1,0,1.0,0,0,0,-9999.0,0.5625,1,P62_CV0,2,2,0,1,1,0,2,0,2
68,-144227.4406,-578483.4639,E68_F31_m25f25_P8_Y5_UO1280,I25_F8_m63f63_P69_Y1_UO2851,I25_F36_m65f65_P98_Y1_UO2952,MXY,2,0.0,1,0,0.0,0,0,0,-9999.0,0.625,1,P62_CV0,2,1,1,2,0,0,2,0,2
68,-144227.4406,-578483.4639,E68_F63_m63f63_P68_Y5_UO3016,I63_F69_m63f63_P68_Y2_UO3010,I63_F48_m84f84_P8_Y3_UO3825,FXX,2,0.0,1,0,1.0,0,0,0,-9999.0,0.5625,1,P62_CV0,2,2,0,1,1,0,2,0,2
68,-144227.4406,-578483.4639,E68_F63_m63f63_P8_Y5_UO3063,I63_F68_m-1f-1_P65_Y-1_U120,I63_F36_m-1f-1_P63_Y-1_U122,FXX,2,0.0,1,0,1.0,0,0,0,-9999.0,0.25,1,P62_CV0,2,0,2,0,2,0,2,0,2
68,-144227.4406,-578483.4639,E68_F63_m84f84_P8_Y5_UO3834,I84_F69_m31f31_P68_Y3_UO1469,ID84_F48_m15f15_P14_Y1_UO779,FXX,2,0.0,1,0,1.0,0,0,0,-9999.0,0.5625,1,P62_CV0,2,0,2,1,1,0,2,0,2
68,-144227.4406,-578483.4639,E68_F63_m84f84_P8_Y5_UO3897,I84_F68_m31f31_P68_Y0_UO1570,I84_F68_m63f63_P69_Y1_UO2852,MXY,2,0.0,1,0,0.0,0,0,0,-9999.0,0.5,1,P62_CV0,2,0,2,1,1,0,2,0,2
68,-144227.4406,-578483.4639,E68_F65_m63f63_P8_Y5_UO3066,I63_F8_m-1f-1_P43_Y-1_U166,ID63_F68_m31f31_P68_Y2_UO1472,MXY,2,0.0,1,0,0.0,0,0,0,-9999.0,0.625,1,P62_CV0,2,2,0,1,1,0,2,0,2
68,-144227.4406,-578483.4639,E68_F84_m31f31_P68_Y5_UO1466,ID31_F68_m25f25_P68_Y3_UO1277,I31_F68_m65f65_P98_Y1_UO2999,MXY,2,0.0,1,0,0.0,0,0,0,-9999.0,0.5,1,P62_CV0,2,1,1,2,0,0,2,0,2
68,-144227.4406,-578483.4639,E68_F84_m63f63_P68_Y5_UO2999,I63_F69_m31f31_P68_Y3_UO1483,I63_F68_m84f84_P8_Y2_UO3848,FXX,2,0.0,1,0,1.0,0,0,0,-9999.0,0.625,1,P62_CV0,2,1,1,0,2,0,2,0,2
68,-144227.4406,-578483.4639,E68_F84_m84f84_P8_Y5_UO3921,I84_F8_m-1f-1_P63_Y-1_U14,ID84_F8_m94f94_P91_Y2_UO4450,MXY,2,0.0,1,0,0.0,0,0,0,-9999.0,0.75,1,P62_CV0,2,2,0,1,1,0,2,0,2
68,-144227.4406,-578483.4639,E68_F85_m84f84_P36_Y5_UO3890,ID84_F8_m63f63_P8_Y1_UO2928,ID84_F68_m-1f-1_P63_Y-1_U110,MXY,2,0.0,1,0,0.0,0,0,0,-9999.0,0.5,1,P62_CV0,2,1,1,1,1,0,2,0,2
68,-144227.4406,-578483.4639,E68_F25_m31f31_P8_Y4_UO1471,I31_F68_m31f31_P68_Y2_UO1510,I31_F68_m63f63_P8_Y2_UO3074,MXY,3,0.0,1,0,0.0,0,0,0,-9999.0,0.25,1,P62_CV0,2,0,2,0,2,0,2,0,2
68,-144227.4406,-578483.4639,E68_F31_m31f31_P8_Y4_UO1516,I31_F8_m-1f-1_P63_Y-1_U167,I31_F8_m-1f-1_P84_Y-1_U131,MXY,3,0.0,1,0,0.0,0,0,0,-9999.0,0.5,1,P62_CV0,2,1,1,0,2,0,2,0,2
68,-144227.4406,-578483.4639,E68_F63_m84f84_P68_Y4_UO3823,I84_F68_m84f84_P8_Y2_UO3831,I84_F8_m31f31_P68_Y2_UO1546,FXX,3,0.0,1,0,1.0,0,0,0,-9999.0,0.5,1,P62_CV0,2,1,1,1,1,0,2,0,2
68,-144227.4406,-578483.4639,E68_F63_m63f63_P8_Y4_UO3035,ID63_F8_m-1f-1_P11_Y-1_U233,I63_F36_m-1f-1_P63_Y-1_U36,FXX,3,0.0,1,0,1.0,0,0,0,-9999.0,0.5,1,P62_CV0,2,1,1,1,1,0,2,0,2
68,-144227.4406,-578483.4639,E68_F84_m25f25_P8_Y4_UO1269,ID25_F69_m63f63_P8_Y1_UO2884,ID25_F68_m100f100_P49_Y0_UO4954,FXX,3,0.0,1,0,1.0,0,0,0,-9999.0,0.75,1,P62_CV0,2,1,1,0,2,0,2,0,2
68,-144227.4406,-578483.4639,E68_F84_m25f25_P68_Y4_UO1297,I25_F8_m63f63_P68_Y0_UO3309,ID25_F68_m-1f-1_P25_Y-1_U177,FXX,3,0.0,1,0,1.0,0,0,0,-9999.0,0.5,1,P62_CV0,2,2,0,2,0,0,2,0,2
68,-144227.4406,-578483.4639,E68_F31_m25f25_P8_Y3_UO1256,I25_F68_m63f63_P69_Y1_UO2918,I25_F8_m25f25_P68_Y1_UO1186,FXX,4,0.0,1,0,1.0,0,0,0,-9999.0,0.625,1,P62_CV0,2,0,2,1,1,0,2,0,2
68,-144227.4406,-578483.4639,E68_F31_m63f63_P68_Y3_UO2988,I63_F8_m31f31_P8_Y0_UO1554,I63_F8_m63f63_P68_Y1_UO2855,MXY,4,0.0,1,0,0.0,0,0,0,-9999.0,0.375,1,P62_CV0,2,1,1,0,2,0,2,0,2
68,-144227.4406,-578483.4639,E68_F31_m31f31_P68_Y3_UO1511,I31_F8_m-1f-1_P31_Y-1_U12,I31_F8_m63f63_P8_Y1_UO2894,MXY,4,0.0,1,0,0.0,0,0,0,-9999.0,0.25,1,P62_CV0,2,0,2,1,1,0,2,0,2
68,-144227.4406,-578483.4639,E68_F63_m31f31_P68_Y3_UO1483,I31_F8_m63f63_P8_Y0_UO3227,I31_F8_m-1f-1_P31_Y-1_U221,FXX,4,0.0,1,0,1.0,0,0,0,-9999.0,0.625,1,P62_CV0,2,2,0,1,1,0,2,0,2
68,-144227.4406,-578483.4639,E68_F84_m31f31_P68_Y3_UO1485,ID31_F8_m84f84_P68_Y0_UO4147,I31_F8_m63f63_P68_Y1_UO2886,MXY,4,0.0,1,0,0.0,0,0,0,-9999.0,0.25,1,P62_CV0,2,0,2,1,1,0,2,0,2
68,-144227.4406,-578483.4639,E68_F85_m63f63_P8_Y3_UO3038,I63_F8_m-1f-1_P63_Y-1_U187,I63_F8_m-1f-1_P63_Y-1_U47,FXX,4,0.0,1,0,1.0,0,0,0,-9999.0,0.25,1,P62_CV0,2,0,2,0,2,0,2,0,2
68,-144227.4406,-578483.4639,E68_F25_m25f25_P36_Y2_UO1250,ID25_F68_m63f63_P68_Y0_UO3308,ID25_F8_m63f63_P8_Y0_UO3273,FXX,5,0.0,1,0,1.0,0,0,0,-9999.0,0.625,1,P62_CV0,2,1,1,2,0,0,2,0,2
68,-144227.4406,-578483.4639,E68_F84_m84f84_P68_Y2_UO3912,ID84_F68_m-1f-1_P63_Y-1_U60,I84_F68_m-1f-1_P84_Y-1_U139,FXX,5,0.0,1,0,1.0,0,0,0,-9999.0,0.25,1,P62_CV0,2,1,1,1,1,0,2,0,2
68,-144227.4406,-578483.4639,E68_F25_m63f63_P8_Y1_UO2945,I63_F8_m-1f-1_P63_Y-1_U84,I63_F68_m-1f-1_P63_Y-1_U211,MXY,6,0.0,1,0,0.0,0,0,0,-9999.0,0.25,1,P62_CV0,2,1,1,2,0,0,2,0,2
68,-144227.4406,-578483.4639,E68_F31_m63f63_P69_Y1_UO2909,I63_F68_m-1f-1_P63_Y-1_U70,I63_F68_m-1f-1_P63_Y-1_U130,FXX,6,0.0,1,0,1.0,0,0,0,-9999.0,0.5,1,P62_CV0,2,1,1,0,2,0,2,0,2
68,-144227.4406,-578483.4639,E68_F45_m63f63_P68_Y1_UO2895,I63_F8_m-1f-1_P63_Y-1_U160,I63_F8_m-1f-1_P63_Y-1_U122,FXX,6,0.0,1,0,1.0,0,0,0,-9999.0,0.25,1,P62_CV0,2,0,2,1,1,0,2,0,2
68,-144227.4406,-578483.4639,E68_F63_m63f63_P69_Y1_UO2918,I63_F69_m-1f-1_P63_Y-1_U4,I63_F68_m-1f-1_P63_Y-1_U130,FXX,6,0.0,1,0,1.0,0,0,0,-9999.0,0.75,1,P62_CV0,2,1,1,0,2,0,2,0,2
68,-144227.4406,-578483.4639,E68_F63_m63f63_P68_Y1_UO2904,ID63_F68_m-1f-1_P31_Y-1_U209,I63_F68_m-1f-1_P63_Y-1_U34,FXX,6,0.0,1,0,1.0,0,0,0,-9999.0,0.75,1,P62_CV0,2,1,1,1,1,0,2,0,2
68,-144227.4406,-578483.4639,E68_F84_m84f84_P68_Y1_UO3677,I84_F8_m-1f-1_P84_Y-1_U206,ID84_F69_m-1f-1_P63_Y-1_U27,MXY,6,0.0,1,0,0.0,0,0,0,-9999.0,0.75,1,P62_CV0,2,1,1,0,2,0,2,0,2
68,-144227.4406,-578483.4639,E68_F84_m63f63_P8_Y1_UO2926,ID63_F68_m-1f-1_P63_Y-1_U174,I63_F68_m-1f-1_P63_Y-1_U106,MXY,6,0.0,1,0,0.0,0,0,0,-9999.0,0.5,1,P62_CV0,2,1,1,1,1,0,2,0,2
68,-144227.4406,-578483.4639,E68_F84_m63f63_P69_Y1_UO2852,I63_F8_m-1f-1_P63_Y-1_U184,I63_F68_m-1f-1_P63_Y-1_U229,MXY,6,0.0,1,0,0.0,0,0,0,-9999.0,0.5,1,P62_CV0,2,0,2,2,0,0,2,0,2
68,-144227.4406,-578483.4639,E68_F31_m63f63_P68_Y0_UO3257,R63_F63_m-1f-1_P63_Y-1_U81,R63_F63_m-1f-1_P63_Y-1_U182,MXY,7,0.0,1,0,0.0,0,0,0,-9999.0,0.75,1,P62_CV0,2,2,0,0,2,0,2,0,2
68,-144227.4406,-578483.4639,E68_F31_m63f63_P68_Y0_UO3288,R63_F63_m-1f-1_P63_Y-1_U146,R63_F63_m-1f-1_P63_Y-1_U130,FXX,7,0.0,1,0,1.0,0,0,0,-9999.0,0.75,1,P62_CV0,2,2,0,0,2,0,2,0,2
68,-144227.4406,-578483.4639,E68_F63_m-1f-1_P63_Y-1_U102,-9999,-9999,FXX,8,0.0,1,0,1.0,0,0,0,-9999.0,0.5,1,P62_CV0,2,1,1,1,1,0,2,0,2
68,-144227.4406,-578483.4639,E68_F31_m-1f-1_P63_Y-1_U181,-9999,-9999,FXX,9,0.0,1,0,1.0,0,0,0,-9999.0,0.5,1,P62_CV0,2,1,1,1,1,0,2,0,2
68,-144227.4406,-578483.4639,E68_F31_m-1f-1_P63_Y-1_U203,-9999,-9999,MXY,10,0.0,1,0,0.0,0,0,0,-9999.0,1.0,1,P62_CV0,2,2,0,2,0,0,2,0,2
68,-144227.4406,-578483.4639,E68_F84_m-1f-1_P63_Y-1_U0,-9999,-9999,MXY,10,0.0,1,0,0.0,0,0,0,-9999.0,0.0,1,P62_CV0,2,0,2,1,1,0,2,0,2
68,-144227.4406,-578483.4639,E68_F31_m-1f-1_P63_Y-1_U13,-9999,-9999,FXX,11,0.0,1,0,1.0,0,0,0,-9999.0,0.5,1,P62_CV0,2,1,1,0,2,0,2,0,2
68,-144227.4406,-578483.4639,E68_F63_m-1f-1_P63_Y-1_U99,-9999,-9999,FXX,12,0.0,1,0,1.0,0,0,0,-9999.0,0.5,1,P62_CV0,2,1,1,1,1,0,2,0,2
68,-144227.4406,-578483.4639,E68_F63_m-1f-1_P63_Y-1_U227,-9999,-9999,FXX,13,0.0,1,0,1.0,0,0,0,-9999.0,1.0,1,P62_CV0,2,2,0,1,1,0,2,0,2
68,-144227.4406,-578483.4639,E68_F31_m-1f-1_P63_Y-1_U176,-9999,-9999,MXY,14,0.0,1,0,0.0,0,0,0,-9999.0,1.0,1,P62_CV0,2,2,0,1,1,0,2,0,2
68,-144227.4406,-578483.4639,E68_F84_m-1f-1_P63_Y-1_U89,-9999,-9999,FXX,14,0.0,1,0,1.0,0,0,0,-9999.0,1.0,1,P62_CV0,2,2,0,2,0,0,2,0,2
68,-144227.4406,-578483.4639,E68_F31_m-1f-1_P63_Y-1_U36,-9999,-9999,MXY,15,0.0,1,0,0.0,0,0,0,-9999.0,1.0,1,P62_CV0,2,2,0,0,2,0,2,0,2
68,-144227.4406,-578483.4639,Age0_F68_m25f25_P68_Y7_UO1247,ID25_F48_m63f63_P8_Y5_UO3055,I25_F68_m84f84_P8_Y5_UO3830,MXY,0,0.0,0,0,0.0,0,0,0,0.0,0.25,1,P64_CV0,2,0,2,0,2,0,2,0,2
68,-144227.4406,-578483.4639,Age0_F68_m25f25_P68_Y7_UO1285,I25_F98_m31f31_P8_Y4_UO1544,I25_F68_m85f85_P69_Y3_UO3908,MXY,0,0.0,0,0,0.0,0,0,0,0.0,0.5625,1,P64_CV0,2,1,1,0,2,0,2,0,2
68,-144227.4406,-578483.4639,Age0_F68_m25f25_P68_Y7_UO1314,I25_F68_m25f25_P69_Y2_UO1277,I25_F36_m65f65_P98_Y0_UO3421,FXX,0,0.0,0,0,0.0,0,0,0,0.0,0.5,1,P64_CV0,2,0,2,2,0,0,2,0,2
68,-144227.4406,-578483.4639,Age0_F68_m25f25_P68_Y7_UO1322,I25_F36_m65f65_P8_Y0_UO3332,I25_F8_m-1f-1_P100_Y-1_U88,MXY,0,0.0,0,0,0.0,0,0,0,0.0,0.625,1,P64_CV0,2,1,1,1,1,0,2,0,2
68,-144227.4406,-578483.4639,Age0_F68_m31f31_P68_Y7_UO1461,ID31_F68_m63f63_P68_Y5_UO3056,ID31_F8_m84f84_P8_Y5_UO3836,FXX,0,0.0,0,0,0.0,0,0,0,0.0,0.6875,1,P64_CV0,2,2,0,1,1,0,2,0,2
68,-144227.4406,-578483.4639,Age0_F68_m31f31_P68_Y7_UO1464,ID31_F8_m84f84_P8_Y5_UO3837,I31_F8_m-1f-1_P45_Y-1_U182,FXX,0,0.0,0,0,0.0,0,0,0,0.0,0.5,1,P64_CV0,2,0,2,2,0,0,2,0,2
68,-144227.4406,-578483.4639,Age0_F68_m31f31_P68_Y7_UO1471,I31_F68_m63f63_P68_Y5_UO2978,I31_F68_m31f31_P8_Y5_UO1470,MXY,0,0.0,0,0,0.0,0,0,0,0.0,0.5,1,P64_CV0,2,1,1,1,1,0,2,0,2
68,-144227.4406,-578483.4639,Age0_F68_m31f31_P68_Y7_UO1520,I31_F8_m84f84_P68_Y1_UO3700,I31_F68_m-1f-1_P31_Y-1_U208,FXX,0,0.0,0,0,0.0,0,0,0,0.0,0.5,1,P64_CV0,2,0,2,2,0,0,2,0,2
68,-144227.4406,-578483.4639,Age0_F68_m63f63_P68_Y7_UO2995,I63_F8_m84f84_P68_Y5_UO3881,ID63_F8_m63f63_P68_Y5_UO3026,MXY,0,0.0,0,0,0.0,0,0,0,0.0,0.71875,1,P64_CV0,2,1,1,2,0,0,2,0,2
68,-144227.4406,-578483.4639,Age0_F68_m63f63_P68_Y7_UO3008,I63_F68_m31f31_P8_Y5_UO1467,ID63_F69_m-1f-1_P65_Y-1_U142,MXY,0,0.0,0,0,0.0,0,0,0,0.0,0.4375,1,P64_CV0,2,0,2,1,1,0,2,0,2
68,-144227.4406,-578483.4639,Age0_F68_m63f63_P68_Y7_UO3020,I63_F68_m63f63_P8_Y5_UO3063,ID63_F68_m65f65_P36_Y3_UO3075,FXX,0,0.0,0,0,0.0,0,0,0,0.0,0.3125,1,P64_CV0,2,0,2,1,1,0,2,0,2
68,-144227.4406,-578483.4639,Age0_F68_m63f63_P68_Y7_UO3035,I63_F68_m84f84_P68_Y4_UO3823,I63_F98_m65f65_P8_Y1_UO3005,MXY,0,0.0,0,0,0.0,0,0,0,0.0,0.375,1,P64_CV0,2,0,2,1,1,0,2,0,2
68,-144227.4406,-578483.4639,Age0_F68_m63f63_P68_Y7_UO3053,I63_F8_m25f25_P68_Y3_UO1255,ID63_F68_m65f65_P8_Y0_UO3350,FXX,0,0.0,0,0,0.0,0,0,0,0.0,0.5625,1,P64_CV0,2,1,1,2,0,0,2,0,2
68,-144227.4406,-578483.4639,Age0_F68_m63f63_P68_Y7_UO3072,I63_F68_m65f65_P68_Y2_UO3117,I63_F48_m84f84_P68_Y5_UO3918,FXX,0,0.0,0,0,0.0,0,0,0,0.0,0.3125,1,P64_CV0,2,2,0,1,1,0,2,0,2
68,-144227.4406,-578483.4639,Age0_F68_m63f63_P68_Y7_UO3099,I63_F8_m-1f-1_P65_Y-1_U159,I63_F68_m31f31_P68_Y5_UO1459,MXY,0,0.0,0,0,0.0,0,0,0,0.0,0.40625,1,P64_CV0,2,2,0,1,1,0,2,0,2
68,-144227.4406,-578483.4639,Age0_F68_m84f84_P68_Y7_UO3849,ID84_F68_m25f25_P8_Y5_UO1330,I84_F8_m65f65_P68_Y2_UO3164,MXY,0,0.0,0,0,0.0,0,0,0,0.0,0.71875,1,P64_CV0,2,1,1,1,1,0,2,0,2
68,-144227.4406,-578483.4639,Age0_F68_m84f84_P68_Y7_UO3857,I84_F8_m31f31_P8_Y5_UO1488,I84_F8_m65f65_P68_Y2_UO3164,MXY,0,0.0,0,0,0.0,0,0,0,0.0,0.75,1,P64_CV0,2,2,0,1,1,0,2,0,2
68,-144227.4406,-578483.4639,Age0_F68_m84f84_P68_Y7_UO3875,I84_F8_m25f25_P8_Y5_UO1261,I84_F8_m84f84_P8_Y2_UO3841,FXX,0,0.0,0,0,0.0,0,0,0,0.0,0.40625,1,P64_CV0,2,0,2,1,1,0,2,0,2
68,-144227.4406,-578483.4639,Age0_F68_m84f84_P68_Y7_UO3880,I84_F8_m63f63_P68_Y4_UO3000,I84_F8_m84f84_P8_Y2_UO3841,FXX,0,0.0,0,0,0.0,0,0,0,0.0,0.5625,1,P64_CV0,2,1,1,1,1,0,2,0,2
68,-144227.4406,-578483.4639,Age0_F68_m84f84_P68_Y7_UO3905,I84_F8_m65f65_P68_Y3_UO3079,ID84_F68_m65f65_P98_Y3_UO3142,FXX,0,0.0,0,0,0.0,0,0,0,0.0,0.625,1,P64_CV0,2,2,0,1,1,0,2,0,2
68,-144227.4406,-578483.4639,Age0_F68_m85f85_P68_Y7_UO3993,ID85_F21_m25f25_P2_Y4_UO1282,I85_F36_m11f11_P2_Y5_UO660,FXX,0,0.0,0,0,0.0,0,0,0,0.0,0.5625,1,P64_CV0,2,2,0,1,1,0,2,0,2
68,-144227.4406,-578483.4639,E68_F25_m31f31_P8_Y6_UO1500,ID31_F36_m40f40_P98_Y3_UO1906,I31_F68_m63f63_P8_Y2_UO2986,FXX,1,0.0,1,1,1.0,0,0,0,-9999.0,0.375,1,P64_CV0,2,0,2,1,1,0,2,0,2
68,-144227.4406,-578483.4639,E68_F25_m84f84_P8_Y6_UO3870,I84_F68_m25f25_P8_Y4_UO1304,I84_F8_m31f31_P68_Y4_UO1461,FXX,1,0.0,1,1,1.0,0,0,0,-9999.0,0.6875,1,P64_CV0,2,2,0,1,1,0,2,0,2
68,-144227.4406,-578483.4639,E68_F25_m84f84_P8_Y6_UO3892,I84_F69_m84f84_P68_Y4_UO3863,I84_F8_m65f65_P68_Y0_UO3405,MXY,1,0.0,1,1,0.0,0,0,0,-9999.0,0.5625,1,P64_CV0,2,2,0,1,1,0,2,0,2
68,-144227.4406,-578483.4639,E68_F31_m31f31_P8_Y6_UO1522,I31_F8_m63f63_P69_Y1_UO2909,I31_F68_m-1f-1_P65_Y-1_U72,MXY,1,0.0,1,1,0.0,0,0,0,-9999.0,0.5,1,P64_CV0,2,1,1,1,1,0,2,0,2
68,-144227.4406,-578483.4639,E68_F31_m65f65_P8_Y6_UO3187,I65_F36_m65f65_P98_Y1_UO2971,I65_F8_m-1f-1_P65_Y-1_U101,FXX,1,0.0,1,1,1.0,0,0,0,-9999.0,0.375,1,P64_CV0,2,0,2,1,1,0,2,0,2
68,-144227.4406,-578483.4639,E68_F31_m63f63_P68_Y6_UO3033,I63_F69_m58f58_P98_Y3_UO2756,I63_F8_m-1f-1_P65_Y-1_U57,MXY,1,0.0,1,1,0.0,0,0,0,-9999.0,0.25,1,P64_CV0,2,1,1,1,1,0,2,0,2
68,-144227.4406,-578483.4639,E68_F31_m63f63_P68_Y6_UO3058,ID63_F8_m65f65_P68_Y2_UO3117,I63_F68_m40f40_P8_Y3_UO1926,MXY,1,0.0,1,1,0.0,0,0,0,-9999.0,0.375,1,P64_CV0,2,2,0,2,0,0,2,0,2
68,-144227.4406,-578483.4639,E68_F63_m31f31_P68_Y6_UO1468,ID31_F8_m25f25_P68_Y4_UO1288,I31_F68_m25f25_P68_Y4_UO1245,MXY,1,0.0,1,1,0.0,0,0,0,-9999.0,0.3125,1,P64_CV0,2,1,1,1,1,0,2,0,2
68,-144227.4406,-578483.4639,E68_F63_m85f85_P69_Y6_UO4002,I85_F69_m65f65_P98_Y4_UO3114,I85_F36_m85f85_P36_Y4_UO3927,MXY,1,0.0,1,1,0.0,0,0,0,-9999.0,0.375,1,P64_CV0,2,1,1,1,1,0,2,0,2
68,-144227.4406,-578483.4639,E68_F65_m65f65_P8_Y6_UO3188,ID65_F69_m85f85_P36_Y1_UO3796,ID65_F36_m65f65_P68_Y3_UO3128,FXX,1,0.0,1,1,1.0,0,0,0,-9999.0,0.875,1,P64_CV0,2,1,1,1,1,0,2,0,2
68,-144227.4406,-578483.4639,E68_F65_m65f65_P98_Y6_UO3136,I65_F8_m65f65_P98_Y3_UO3082,I65_F8_m65f65_P98_Y3_UO3115,MXY,1,0.0,1,1,0.0,0,0,0,-9999.0,0.625,1,P64_CV0,2,2,0,1,1,0,2,0,2
68,-144227.4406,-578483.4639,E68_F84_m63f63_P8_Y6_UO3105,I63_F68_m-1f-1_P65_Y-1_U163,ID63_F69_m31f31_P68_Y4_UO1536,MXY,1,0.0,1,1,0.0,0,0,0,-9999.0,0.5,1,P64_CV0,2,2,0,2,0,0,2,0,2
68,-144227.4406,-578483.4639,E68_F84_m31f31_P68_Y6_UO1476,ID31_F68_m85f85_P68_Y4_UO3997,ID31_F68_m-1f-1_P65_Y-1_U20,MXY,1,0.0,1,1,0.0,0,0,0,-9999.0,0.375,1,P64_CV0,2,0,2,2,0,0,2,0,2
68,-144227.4406,-578483.4639,E68_F85_m85f85_P36_Y6_UO4034,ID85_F68_m84f84_P8_Y2_UO3834,I85_F69_m84f84_P68_Y0_UO4131,MXY,1,0.0,1,1,0.0,0,0,0,-9999.0,0.75,1,P64_CV0,2,2,0,0,2,0,2,0,2
68,-144227.4406,-578483.4639,E68_F85_m65f65_P98_Y6_UO3194,I65_F8_m85f85_P36_Y0_UO4275,ID65_F36_m65f65_P68_Y3_UO3128,FXX,1,0.0,1,1,1.0,0,0,0,-9999.0,0.625,1,P64_CV0,2,1,1,1,1,0,2,0,2
68,-144227.4406,-578483.4639,E68_F85_m85f85_P21_Y6_UO3986,I85_F69_m25f25_P2_Y4_UO1282,I85_F36_m85f85_P36_Y4_UO3927,MXY,1,0.0,1,1,0.0,0,0,0,-9999.0,0.5625,1,P64_CV0,2,1,1,0,2,0,2,0,2
68,-144227.4406,-578483.4639,E68_F25_m25f25_P8_Y5_UO1259,I25_F69_m65f65_P36_Y3_UO3124,I25_F8_m63f63_P8_Y3_UO3007,MXY,2,0.0,1,0,0.0,0,0,0,-9999.0,0.5625,1,P64_CV0,2,0,2,1,1,0,2,0,2
68,-144227.4406,-578483.4639,E68_F25_m31f31_P8_Y5_UO1472,I31_F68_m65f65_P8_Y2_UO3118,I31_F98_m45f45_P6_Y2_UO2151,FXX,2,0.0,1,0,1.0,0,0,0,-9999.0,0.4375,1,P64_CV0,2,1,1,1,1,0,2,0,2
68,-144227.4406,-578483.4639,E68_F25_m63f63_P68_Y5_UO3081,ID63_F68_m-1f-1_P65_Y-1_U163,I63_F8_m84f84_P68_Y0_UO4150,FXX,2,0.0,1,0,1.0,0,0,0,-9999.0,0.375,1,P64_CV0,2,0,2,1,1,0,2,0,2
68,-144227.4406,-578483.4639,E68_F31_m63f63_P68_Y5_UO3056,I63_F8_m-1f-1_P63_Y-1_U195,ID63_F28_m65f65_P98_Y3_UO3087,FXX,2,0.0,1,0,1.0,0,0,0,-9999.0,0.625,1,P64_CV0,2,2,0,2,0,0,2,0,2
68,-144227.4406,-578483.4639,E68_F31_m84f84_P8_Y5_UO3837,I84_F68_m84f84_P68_Y3_UO3814,I84_F8_m65f65_P8_Y1_UO3032,FXX,2,0.0,1,0,1.0,0,0,0,-9999.0,0.5,1,P64_CV0,2,1,1,1,1,0,2,0,2
68,-144227.4406,-578483.4639,E68_F31_m63f63_P68_Y5_UO2978,ID63_F8_m84f84_P68_Y3_UO3804,ID63_F68_m-1f-1_P31_Y-1_U103,FXX,2,0.0,1,0,1.0,0,0,0,-9999.0,0.625,1,P64_CV0,2,1,1,1,1,0,2,0,2
68,-144227.4406,-578483.4639,E68_F31_m63f63_P8_Y5_UO2989,ID63_F68_m63f63_P68_Y3_UO2971,ID63_F28_m65f65_P98_Y3_UO3087,MXY,2,0.0,1,0,0.0,0,0,0,-9999.0,0.625,1,P64_CV0,2,2,0,1,1,0,2,0,2
68,-144227.4406,-578483.4639,E68_F63_m84f84_P68_Y5_UO3881,I84_F8_m25f25_P8_Y2_UO1279,I84_F68_m84f84_P8_Y2_UO3841,FXX,2,0.0,1,0,1.0,0,0,0,-9999.0,0.4375,1,P64_CV0,2,0,2,1,1,0,2,0,2
68,-144227.4406,-578483.4639,E68_F63_m31f31_P8_Y5_UO1467,I31_F68_m63f63_P8_Y3_UO3033,I31_F8_m65f65_P98_Y2_UO3144,FXX,2,0.0,1,0,1.0,0,0,0,-9999.0,0.375,1,P64_CV0,2,0,2,1,1,0,2,0,2
68,-144227.4406,-578483.4639,E68_F63_m31f31_P68_Y5_UO1459,I31_F68_m84f84_P68_Y3_UO3839,I31_F68_m25f25_P8_Y3_UO1288,MXY,2,0.0,1,0,0.0,0,0,0,-9999.0,0.3125,1,P64_CV0,2,1,1,1,1,0,2,0,2
68,-144227.4406,-578483.4639,E68_F84_m84f84_P68_Y5_UO3840,I84_F68_m65f65_P8_Y3_UO3156,I84_F8_m-1f-1_P63_Y-1_U107,MXY,2,0.0,1,0,0.0,0,0,0,-9999.0,0.6875,1,P64_CV0,2,2,0,1,1,0,2,0,2
68,-144227.4406,-578483.4639,E68_F84_m65f65_P8_Y5_UO3096,ID65_F36_m92f92_P57_Y3_UO4278,I65_F36_m-1f-1_P65_Y-1_U242,MXY,2,0.0,1,0,0.0,0,0,0,-9999.0,0.375,1,P64_CV0,2,2,0,2,0,0,2,0,2
68,-144227.4406,-578483.4639,E68_F84_m65f65_P8_Y5_UO3106,I65_F69_m25f25_P8_Y3_UO1338,I65_F69_m-1f-1_P65_Y-1_U77,FXX,2,0.0,1,0,1.0,0,0,0,-9999.0,0.75,1,P64_CV0,2,1,1,1,1,0,2,0,2
68,-144227.4406,-578483.4639,E68_F84_m65f65_P8_Y5_UO3110,ID65_F8_m31f31_P8_Y3_UO1518,I65_F36_m-1f-1_P65_Y-1_U98,FXX,2,0.0,1,0,1.0,0,0,0,-9999.0,0.875,1,P64_CV0,2,2,0,1,1,0,2,0,2
68,-144227.4406,-578483.4639,E68_F84_m45f45_P8_Y5_UO2207,I45_F57_m-1f-1_P45_Y-1_U130,ID45_F68_m63f63_P68_Y3_UO3061,MXY,2,0.0,1,0,0.0,0,0,0,-9999.0,0.5625,1,P64_CV0,2,1,1,2,0,0,2,0,2
68,-144227.4406,-578483.4639,E68_F25_m85f85_P36_Y4_UO3987,ID85_F2_m-1f-1_P85_Y-1_U157,ID85_F69_m65f65_P69_Y0_UO3382,FXX,3,0.0,1,0,1.0,0,0,0,-9999.0,0.625,1,P64_CV0,2,2,0,1,1,0,2,0,2
68,-144227.4406,-578483.4639,E68_F25_m84f84_P68_Y4_UO3857,I84_F68_m65f65_P68_Y0_UO3364,I84_F68_m84f84_P98_Y1_UO3726,MXY,3,0.0,1,0,0.0,0,0,0,-9999.0,0.375,1,P64_CV0,2,1,1,2,0,0,2,0,2
68,-144227.4406,-578483.4639,E68_F25_m84f84_P68_Y4_UO3828,I84_F68_m31f31_P68_Y2_UO1535,ID84_F69_m-1f-1_P65_Y-1_U222,MXY,3,0.0,1,0,0.0,0,0,0,-9999.0,0.25,1,P64_CV0,2,1,1,2,0,0,2,0,2
68,-144227.4406,-578483.4639,E68_F63_m65f65_P98_Y4_UO3151,I65_F98_m-1f-1_P65_Y-1_U139,I65_F98_m85f85_P69_Y1_UO3781,MXY,3,0.0,1,0,0.0,0,0,0,-9999.0,0.625,1,P64_CV0,2,1,1,0,2,0,2,0,2
68,-144227.4406,-578483.4639,E68_F65_m65f65_P98_Y4_UO3132,I65_F8_m-1f-1_P65_Y-1_U190,I65_F69_m-1f-1_P65_Y-1_U138,MXY,3,0.0,1,0,0.0,0,0,0,-9999.0,0.25,1,P64_CV0,2,1,1,2,0,0,2,0,2
68,-144227.4406,-578483.4639,E68_F65_m65f65_P69_Y4_UO3076,ID65_F48_m63f63_P8_Y2_UO3039,I65_F8_m-1f-1_P65_Y-1_U14,MXY,3,0.0,1,0,0.0,0,0,0,-9999.0,0.25,1,P64_CV0,2,1,1,0,2,0,2,0,2
68,-144227.4406,-578483.4639,E68_F84_m63f63_P68_Y4_UO3000,I63_F48_m31f31_P68_Y0_UO1613,ID63_F36_m65f65_P98_Y2_UO3176,FXX,3,0.0,1,0,1.0,0,0,0,-9999.0,0.75,1,P64_CV0,2,1,1,2,0,0,2,0,2
68,-144227.4406,-578483.4639,E68_F84_m84f84_P68_Y4_UO3819,I84_F8_m31f31_P68_Y2_UO1502,I84_F68_m84f84_P8_Y2_UO3841,MXY,3,0.0,1,0,0.0,0,0,0,-9999.0,0.5625,1,P64_CV0,2,1,1,1,1,0,2,0,2
68,-144227.4406,-578483.4639,E68_F85_m25f25_P2_Y4_UO1282,ID25_F68_m31f31_P68_Y0_UO1576,I25_F8_m65f65_P8_Y1_UO2965,FXX,3,0.0,1,0,1.0,0,0,0,-9999.0,0.75,1,P64_CV0,2,2,0,0,2,0,2,0,2
68,-144227.4406,-578483.4639,E68_F25_m65f65_P69_Y3_UO3119,I65_F98_m-1f-1_P65_Y-1_U46,ID65_F69_m-1f-1_P65_Y-1_U74,MXY,4,0.0,1,0,0.0,0,0,0,-9999.0,0.0,1,P64_CV0,2,0,2,1,1,0,2,0,2
68,-144227.4406,-578483.4639,E68_F25_m65f65_P8_Y3_UO3103,ID65_F69_m94f94_P28_Y0_UO4736,ID65_F98_m-1f-1_P65_Y-1_U194,MXY,4,0.0,1,0,0.0,0,0,0,-9999.0,0.375,1,P64_CV0,2,1,1,1,1,0,2,0,2
68,-144227.4406,-578483.4639,E68_F65_m65f65_P68_Y3_UO3101,I65_F8_m25f25_P36_Y0_UO1394,I65_F69_m-1f-1_P65_Y-1_U20,MXY,4,0.0,1,0,0.0,0,0,0,-9999.0,0.625,1,P64_CV0,2,1,1,0,2,0,2,0,2
68,-144227.4406,-578483.4639,E68_F25_m65f65_P98_Y2_UO3122,I65_F8_m-1f-1_P65_Y-1_U88,ID65_F68_m-1f-1_P65_Y-1_U101,FXX,5,0.0,1,0,1.0,0,0,0,-9999.0,0.5,1,P64_CV0,2,0,2,1,1,0,2,0,2
68,-144227.4406,-578483.4639,E68_F25_m25f25_P69_Y2_UO1277,ID25_F69_m-1f-1_P65_Y-1_U63,I25_F36_m65f65_P68_Y0_UO3405,FXX,5,0.0,1,0,1.0,0,0,0,-9999.0,0.75,1,P64_CV0,2,1,1,2,0,0,2,0,2
68,-144227.4406,-578483.4639,E68_F31_m65f65_P68_Y2_UO3173,I65_F8_m-1f-1_P85_Y-1_U221,I65_F98_m-1f-1_P65_Y-1_U98,FXX,5,0.0,1,0,1.0,0,0,0,-9999.0,1.0,1,P64_CV0,2,2,0,0,2,0,2,0,2
68,-144227.4406,-578483.4639,E68_F63_m65f65_P8_Y2_UO3104,I65_F68_m95f95_P91_Y0_UO4803,I65_F98_m-1f-1_P65_Y-1_U84,MXY,5,0.0,1,0,0.0,0,0,0,-9999.0,0.5,1,P64_CV0,2,1,1,1,1,0,2,0,2
68,-144227.4406,-578483.4639,E68_F63_m65f65_P68_Y2_UO3117,ID65_F69_m-1f-1_P85_Y-1_U90,I65_F48_m-1f-1_P65_Y-1_U196,FXX,5,0.0,1,0,1.0,0,0,0,-9999.0,0.25,1,P64_CV0,2,1,1,2,0,0,2,0,2
68,-144227.4406,-578483.4639,E68_F84_m65f65_P69_Y2_UO3088,I65_F68_m65f65_P98_Y0_UO3414,I65_F69_m-1f-1_P65_Y-1_U58,MXY,5,0.0,1,0,0.0,0,0,0,-9999.0,0.625,1,P64_CV0,2,2,0,0,2,0,2,0,2
68,-144227.4406,-578483.4639,E68_F84_m85f85_P68_Y2_UO3989,ID85_F68_m-1f-1_P65_Y-1_U32,I85_F28_m85f85_P21_Y0_UO4304,FXX,5,0.0,1,0,1.0,0,0,0,-9999.0,0.375,1,P64_CV0,2,1,1,2,0,0,2,0,2
68,-144227.4406,-578483.4639,E68_F85_m84f84_P8_Y2_UO3834,I84_F8_m31f31_P8_Y0_UO1565,I84_F8_m-1f-1_P65_Y-1_U72,FXX,5,0.0,1,0,1.0,0,0,0,-9999.0,0.75,1,P64_CV0,2,2,0,1,1,0,2,0,2
68,-144227.4406,-578483.4639,E68_F25_m65f65_P8_Y1_UO2958,ID65_F21_m-1f-1_P65_Y-1_U88,ID65_F69_m-1f-1_P65_Y-1_U93,FXX,6,0.0,1,0,1.0,0,0,0,-9999.0,0.25,1,P64_CV0,2,0,2,0,2,0,2,0,2
68,-144227.4406,-578483.4639,E68_F31_m84f84_P68_Y1_UO3700,ID84_F8_m-1f-1_P65_Y-1_U64,I84_F8_m-1f-1_P84_Y-1_U224,FXX,6,0.0,1,0,1.0,0,0,0,-9999.0,0.5,1,P64_CV0,2,1,1,2,0,0,2,0,2
68,-144227.4406,-578483.4639,E68_F63_m65f65_P98_Y1_UO2999,I65_F36_m-1f-1_P65_Y-1_U2,ID65_F69_m-1f-1_P65_Y-1_U194,MXY,6,0.0,1,0,0.0,0,0,0,-9999.0,0.75,1,P64_CV0,2,2,0,2,0,0,2,0,2
68,-144227.4406,-578483.4639,E68_F63_m65f65_P98_Y1_UO3011,I65_F69_m-1f-1_P65_Y-1_U17,I65_F28_m-1f-1_P65_Y-1_U173,MXY,6,0.0,1,0,0.0,0,0,0,-9999.0,0.25,1,P64_CV0,2,0,2,1,1,0,2,0,2
68,-144227.4406,-578483.4639,E68_F85_m65f65_P36_Y1_UO2954,I65_F36_m-1f-1_P65_Y-1_U13,I65_F8_m-1f-1_P65_Y-1_U170,MXY,6,0.0,1,0,0.0,0,0,0,-9999.0,0.5,1,P64_CV0,2,1,1,0,2,0,2,0,2
68,-144227.4406,-578483.4639,E68_F25_m65f65_P8_Y0_UO3332,R65_F65_m-1f-1_P65_Y-1_U3,R65_F65_m-1f-1_P65_Y-1_U164,FXX,7,0.0,1,0,1.0,0,0,0,-9999.0,0.25,1,P64_CV0,2,0,2,0,2,0,2,0,2
68,-144227.4406,-578483.4639,E68_F84_m65f65_P68_Y0_UO3405,R65_F65_m-1f-1_P65_Y-1_U197,R65_F65_m-1f-1_P65_Y-1_U55,MXY,7,0.0,1,0,0.0,0,0,0,-9999.0,0.5,1,P64_CV0,2,1,1,2,0,0,2,0,2
68,-144227.4406,-578483.4639,E68_F65_m-1f-1_P65_Y-1_U79,-9999,-9999,MXY,8,0.0,1,0,0.0,0,0,0,-9999.0,0.5,1,P64_CV0,2,1,1,1,1,0,2,0,2
68,-144227.4406,-578483.4639,E68_F31_m-1f-1_P65_Y-1_U145,-9999,-9999,MXY,10,0.0,1,0,0.0,0,0,0,-9999.0,0.0,1,P64_CV0,2,0,2,1,1,0,2,0,2
68,-144227.4406,-578483.4639,E68_F84_m-1f-1_P65_Y-1_U56,-9999,-9999,MXY,10,0.0,1,0,0.0,0,0,0,-9999.0,0.0,1,P64_CV0,2,0,2,1,1,0,2,0,2
68,-144227.4406,-578483.4639,E68_F63_m-1f-1_P65_Y-1_U142,-9999,-9999,MXY,11,0.0,1,0,0.0,0,0,0,-9999.0,0.5,1,P64_CV0,2,1,1,0,2,0,2,0,2
68,-144227.4406,-578483.4639,E68_F63_m-1f-1_P65_Y-1_U159,-9999,-9999,FXX,11,0.0,1,0,1.0,0,0,0,-9999.0,0.5,1,P64_CV0,2,1,1,0,2,0,2,0,2
68,-144227.4406,-578483.4639,E68_F31_m-1f-1_P65_Y-1_U55,-9999,-9999,MXY,12,0.0,1,0,0.0,0,0,0,-9999.0,1.0,1,P64_CV0,2,2,0,2,0,0,2,0,2
68,-144227.4406,-578483.4639,E68_F63_m-1f-1_P65_Y-1_U41,-9999,-9999,MXY,12,0.0,1,0,0.0,0,0,0,-9999.0,1.0,1,P64_CV0,2,2,0,1,1,0,2,0,2
68,-144227.4406,-578483.4639,E68_F84_m-1f-1_P65_Y-1_U224,-9999,-9999,FXX,14,0.0,1,0,1.0,0,0,0,-9999.0,1.0,1,P64_CV0,2,2,0,1,1,0,2,0,2
68,-144227.4406,-578483.4639,E68_F25_m45f45_P8_Y6_UO2208,I45_F68_m40f40_P57_Y3_UO1891,I45_F86_m7f7_P86_Y4_UO500,FXX,1,0.0,1,1,1.0,0,0,0,-9999.0,0.5,1,P6_CV0,2,1,1,2,0,0,2,0,2
68,-144227.4406,-578483.4639,E68_F84_m43f43_P48_Y3_UO2073,I43_F49_m73f73_P89_Y0_UO3531,ID43_F48_m25f25_P68_Y1_UO1214,MXY,4,0.0,1,0,0.0,0,0,0,-9999.0,0.75,1,P72_CV0,2,2,0,1,1,0,2,0,2
68,-144227.4406,-578483.4639,E68_F65_m94f94_P98_Y6_UO4503,ID94_F99_m-1f-1_P50_Y-1_U143,I94_F81_m47f47_P81_Y3_UO2300,FXX,1,0.0,1,1,1.0,0,0,0,-9999.0,0.5625,1,P78_CV0,2,2,0,1,1,0,2,0,2
68,-144227.4406,-578483.4639,Age0_F68_m25f25_P68_Y7_UO1231,I25_F68_m65f65_P98_Y5_UO3147,I25_F68_m43f43_P49_Y5_UO2122,MXY,0,0.0,0,0,0.0,0,0,0,0.0,0.625,1,P83_CV0,2,2,0,1,1,0,2,0,2
68,-144227.4406,-578483.4639,Age0_F68_m25f25_P68_Y7_UO1238,I25_F68_m31f31_P8_Y5_UO1472,I25_F48_m25f25_P8_Y5_UO1257,MXY,0,0.0,0,0,0.0,0,0,0,0.0,0.46875,1,P83_CV0,2,1,1,2,0,0,2,0,2
68,-144227.4406,-578483.4639,Age0_F68_m25f25_P68_Y7_UO1281,I25_F8_m63f63_P8_Y4_UO3005,I25_F69_m25f25_P8_Y5_UO1284,FXX,0,0.0,0,0,0.0,0,0,0,0.0,0.875,1,P83_CV0,2,2,0,1,1,0,2,0,2
68,-144227.4406,-578483.4639,Age0_F68_m25f25_P68_Y7_UO1288,I25_F68_m84f84_P69_Y4_UO3878,ID25_F69_m-1f-1_P84_Y-1_U134,MXY,0,0.0,0,0,0.0,0,0,0,0.0,0.25,1,P83_CV0,2,0,2,0,2,0,2,0,2
68,-144227.4406,-578483.4639,Age0_F68_m25f25_P68_Y7_UO1299,I25_F69_m31f31_P68_Y3_UO1553,I25_F69_m31f31_P68_Y4_UO1543,FXX,0,0.0,0,0,0.0,0,0,0,0.0,0.5,1,P83_CV0,2,1,1,2,0,0,2,0,2
68,-144227.4406,-578483.4639,Age0_F68_m25f25_P68_Y7_UO1306,ID25_F8_m63f63_P68_Y2_UO3048,I25_F36_m25f25_P8_Y0_UO1353,MXY,0,0.0,0,0,0.0,0,0,0,0.0,0.625,1,P83_CV0,2,1,1,0,2,0,2,0,2
68,-144227.4406,-578483.4639,Age0_F68_m25f25_P68_Y7_UO1320,ID25_F69_m85f85_P21_Y1_UO3749,I25_F8_m63f63_P68_Y5_UO3045,MXY,0,0.0,0,0,0.0,0,0,0,0.0,0.5625,1,P83_CV0,2,2,0,0,2,0,2,0,2
68,-144227.4406,-578483.4639,Age0_F68_m25f25_P68_Y7_UO1337,I25_F68_m-1f-1_P84_Y-1_U143,I25_F69_m45f45_P68_Y5_UO2148,MXY,0,0.0,0,0,0.0,0,0,0,0.0,0.59375,1,P83_CV0,2,1,1,2,0,0,2,0,2
68,-144227.4406,-578483.4639,Age0_F68_m31f31_P68_Y7_UO1483,I31_F68_m25f25_P68_Y4_UO1288,I31_F8_m63f63_P68_Y4_UO3053,FXX,0,0.0,0,0,0.0,0,0,0,0.0,0.625,1,P83_CV0,2,2,0,2,0,0,2,0,2
68,-144227.4406,-578483.4639,Age0_F68_m31f31_P68_Y7_UO1496,I31_F68_m85f85_P69_Y3_UO3895,I31_F8_m-1f-1_P11_Y-1_U86,FXX,0,0.0,0,0,0.0,0,0,0,0.0,0.5,1,P83_CV0,2,0,2,1,1,0,2,0,2
68,-144227.4406,-578483.4639,Age0_F68_m31f31_P68_Y7_UO1545,I31_F69_m-1f-1_P84_Y-1_U77,I31_F68_m50f50_P6_Y4_UO2433,MXY,0,0.0,0,0,0.0,0,0,0,0.0,0.25,1,P83_CV0,2,0,2,1,1,0,2,0,2
68,-144227.4406,-578483.4639,Age0_F68_m31f31_P68_Y7_UO1548,I31_F48_m-1f-1_P31_Y-1_U98,I31_F68_m-1f-1_P84_Y-1_U195,MXY,0,0.0,0,0,0.0,0,0,0,0.0,0.75,1,P83_CV0,2,1,1,1,1,0,2,0,2
68,-144227.4406,-578483.4639,Age0_F68_m63f63_P68_Y7_UO3015,ID63_F8_m63f63_P8_Y5_UO3073,ID63_F48_m65f65_P8_Y1_UO3029,MXY,0,0.0,0,0,0.0,0,0,0,0.0,0.4375,1,P83_CV0,2,2,0,1,1,0,2,0,2
68,-144227.4406,-578483.4639,Age0_F68_m63f63_P68_Y7_UO3019,I63_F8_m85f85_P8_Y5_UO4027,ID63_F2_m85f85_P21_Y5_UO3962,FXX,0,0.0,0,0,0.0,0,0,0,0.0,0.4375,1,P83_CV0,2,1,1,1,1,0,2,0,2
68,-144227.4406,-578483.4639,Age0_F68_m63f63_P68_Y7_UO3054,I63_F36_m63f63_P8_Y3_UO2977,ID63_F68_m31f31_P8_Y3_UO1548,FXX,0,0.0,0,0,0.0,0,0,0,0.0,0.5,1,P83_CV0,2,1,1,2,0,0,2,0,2
68,-144227.4406,-578483.4639,Age0_F68_m63f63_P68_Y7_UO3084,I63_F8_m84f84_P8_Y0_UO4158,I63_F68_m100f100_P68_Y2_UO4631,MXY,0,0.0,0,0,0.0,0,0,0,0.0,0.625,1,P83_CV0,2,2,0,1,1,0,2,0,2
68,-144227.4406,-578483.4639,Age0_F68_m65f65_P68_Y7_UO3152,I65_F98_m25f25_P8_Y3_UO1322,I65_F6_m65f65_P28_Y4_UO3105,MXY,0,0.0,0,0,0.0,0,0,0,0.0,0.4375,1,P83_CV0,2,0,2,2,0,0,2,0,2
68,-144227.4406,-578483.4639,Age0_F68_m84f84_P68_Y7_UO3870,I84_F8_m63f63_P68_Y5_UO3059,I84_F36_m31f31_P68_Y3_UO1485,FXX,0,0.0,0,0,0.0,0,0,0,0.0,0.1875,1,P83_CV0,2,0,2,2,0,0,2,0,2
68,-144227.4406,-578483.4639,Age0_F68_m84f84_P68_Y7_UO3877,I84_F8_m84f84_P68_Y4_UO3893,ID84_F8_m85f85_P69_Y4_UO3924,FXX,0,0.0,0,0,0.0,0,0,0,0.0,0.375,1,P83_CV0,2,0,2,2,0,0,2,0,2
68,-144227.4406,-578483.4639,Age0_F68_m84f84_P68_Y7_UO3882,I84_F68_m25f25_P8_Y4_UO1269,I84_F68_m84f84_P68_Y0_UO4132,FXX,0,0.0,0,0,0.0,0,0,0,0.0,0.625,1,P83_CV0,2,1,1,1,1,0,2,0,2
68,-144227.4406,-578483.4639,Age0_F68_m84f84_P68_Y7_UO3916,I84_F69_m85f85_P68_Y2_UO3989,I84_F8_m-1f-1_P84_Y-1_U18,MXY,0,0.0,0,0,0.0,0,0,0,0.0,0.4375,1,P83_CV0,2,1,1,2,0,0,2,0,2
68,-144227.4406,-578483.4639,Age0_F68_m84f84_P68_Y7_UO3949,ID84_F68_m-1f-1_P100_Y-1_U210,I84_F8_m63f63_P8_Y4_UO3051,FXX,0,0.0,0,0,0.0,0,0,0,0.0,0.375,1,P83_CV0,2,1,1,1,1,0,2,0,2
68,-144227.4406,-578483.4639,Age0_F68_m84f84_P68_Y7_UO3960,ID84_F8_m-1f-1_P63_Y-1_U89,I84_F8_m84f84_P8_Y5_UO3902,FXX,0,0.0,0,0,0.0,0,0,0,0.0,0.71875,1,P83_CV0,2,1,1,2,0,0,2,0,2
68,-144227.4406,-578483.4639,Age0_F68_m85f85_P68_Y7_UO4045,I85_F8_m-1f-1_P84_Y-1_U173,I85_F36_m85f85_P36_Y4_UO3927,FXX,0,0.0,0,0,0.0,0,0,0,0.0,0.6875,1,P83_CV0,2,1,1,1,1,0,2,0,2
68,-144227.4406,-578483.4639,E68_F25_m25f25_P8_Y6_UO1354,ID25_F68_m-1f-1_P84_Y-1_U140,I25_F8_m63f63_P8_Y1_UO2945,FXX,1,0.0,1,1,1.0,0,0,0,-9999.0,0.125,1,P83_CV0,2,1,1,2,0,0,2,0,2
68,-144227.4406,-578483.4639,E68_F25_m45f45_P8_Y6_UO2206,I45_F57_m92f92_P6_Y4_UO4351,I45_F57_m40f40_P57_Y4_UO1892,FXX,1,0.0,1,1,1.0,0,0,0,-9999.0,0.6875,1,P83_CV0,2,2,0,2,0,0,2,0,2
68,-144227.4406,-578483.4639,E68_F25_m84f84_P8_Y6_UO3950,I84_F8_m84f84_P8_Y0_UO4134,I84_F8_m31f31_P8_Y0_UO1552,FXX,1,0.0,1,1,1.0,0,0,0,-9999.0,0.25,1,P83_CV0,2,1,1,1,1,0,2,0,2
68,-144227.4406,-578483.4639,E68_F25_m84f84_P68_Y6_UO3881,I84_F8_m84f84_P8_Y4_UO3845,I84_F8_m25f25_P98_Y4_UO1332,FXX,1,0.0,1,1,1.0,0,0,0,-9999.0,0.5625,1,P83_CV0,2,0,2,0,2,0,2,0,2
68,-144227.4406,-578483.4639,E68_F31_m63f63_P8_Y6_UO3064,I63_F8_m85f85_P69_Y1_UO3788,I63_F36_m65f65_P8_Y4_UO3078,FXX,1,0.0,1,1,1.0,0,0,0,-9999.0,0.5,1,P83_CV0,2,2,0,0,2,0,2,0,2
68,-144227.4406,-578483.4639,E68_F31_m25f25_P68_Y6_UO1356,I25_F8_m-1f-1_P84_Y-1_U188,ID25_F8_m63f63_P68_Y4_UO2962,MXY,1,0.0,1,1,0.0,0,0,0,-9999.0,0.1875,1,P83_CV0,2,0,2,1,1,0,2,0,2
68,-144227.4406,-578483.4639,E68_F31_m31f31_P68_Y6_UO1559,ID31_F36_m-1f-1_P84_Y-1_U203,I31_F68_m65f65_P68_Y3_UO3090,MXY,1,0.0,1,1,0.0,0,0,0,-9999.0,0.75,1,P83_CV0,2,1,1,2,0,0,2,0,2
68,-144227.4406,-578483.4639,E68_F31_m63f63_P68_Y6_UO3005,I63_F36_m85f85_P36_Y4_UO3967,I63_F68_m63f63_P68_Y4_UO2954,FXX,1,0.0,1,1,1.0,0,0,0,-9999.0,0.6875,1,P83_CV0,2,2,0,1,1,0,2,0,2
68,-144227.4406,-578483.4639,E68_F63_m63f63_P8_Y6_UO3030,I63_F8_m84f84_P8_Y3_UO3813,I63_F8_m63f63_P8_Y4_UO3036,MXY,1,0.0,1,1,0.0,0,0,0,-9999.0,0.5,1,P83_CV0,2,1,1,1,1,0,2,0,2
68,-144227.4406,-578483.4639,E68_F63_m25f25_P68_Y6_UO1316,I25_F69_m84f84_P98_Y1_UO3716,ID25_F2_m25f25_P8_Y3_UO1312,FXX,1,0.0,1,1,1.0,0,0,0,-9999.0,0.5,1,P83_CV0,2,0,2,1,1,0,2,0,2
68,-144227.4406,-578483.4639,E68_F63_m65f65_P69_Y6_UO3132,I65_F36_m63f63_P8_Y4_UO3031,I65_F69_m84f84_P8_Y4_UO3861,MXY,1,0.0,1,1,0.0,0,0,0,-9999.0,0.375,1,P83_CV0,2,1,1,1,1,0,2,0,2
68,-144227.4406,-578483.4639,E68_F65_m31f31_P8_Y6_UO1525,I31_F49_m43f43_P49_Y1_UO1950,I31_F68_m84f84_P68_Y2_UO3854,MXY,1,0.0,1,1,0.0,0,0,0,-9999.0,0.875,1,P83_CV0,2,2,0,1,1,0,2,0,2
68,-144227.4406,-578483.4639,E68_F65_m84f84_P68_Y6_UO3880,ID84_F68_m84f84_P8_Y4_UO3842,I84_F8_m40f40_P98_Y0_UO2003,MXY,1,0.0,1,1,0.0,0,0,0,-9999.0,0.1875,1,P83_CV0,2,0,2,1,1,0,2,0,2
68,-144227.4406,-578483.4639,E68_F65_m65f65_P69_Y6_UO3220,I65_F8_m-1f-1_P84_Y-1_U21,I65_F2_m-1f-1_P65_Y-1_U118,FXX,1,0.0,1,1,1.0,0,0,0,-9999.0,0.5,1,P83_CV0,2,1,1,0,2,0,2,0,2
68,-144227.4406,-578483.4639,E68_F65_m65f65_P98_Y6_UO3158,I65_F69_m25f25_P68_Y3_UO1286,ID65_F98_m63f63_P8_Y4_UO3030,FXX,1,0.0,1,1,1.0,0,0,0,-9999.0,0.75,1,P83_CV0,2,2,0,0,2,0,2,0,2
68,-144227.4406,-578483.4639,E68_F84_m65f65_P8_Y6_UO3116,I65_F98_m25f25_P8_Y4_UO1331,ID65_F8_m84f84_P8_Y0_UO4184,FXX,1,0.0,1,1,1.0,0,0,0,-9999.0,0.5625,1,P83_CV0,2,2,0,1,1,0,2,0,2
68,-144227.4406,-578483.4639,E68_F84_m65f65_P8_Y6_UO3159,ID65_F68_m84f84_P36_Y3_UO3841,ID65_F36_m63f63_P36_Y4_UO3037,FXX,1,0.0,1,1,1.0,0,0,0,-9999.0,0.625,1,P83_CV0,2,1,1,0,2,0,2,0,2
68,-144227.4406,-578483.4639,E68_F84_m25f25_P68_Y6_UO1341,I25_F8_m-1f-1_P45_Y-1_U60,I25_F8_m84f84_P68_Y0_UO4190,MXY,1,0.0,1,1,0.0,0,0,0,-9999.0,0.5,1,P83_CV0,2,2,0,1,1,0,2,0,2
68,-144227.4406,-578483.4639,E68_F84_m31f31_P68_Y6_UO1489,ID31_F8_m63f63_P8_Y3_UO3033,I31_F8_m65f65_P68_Y2_UO3097,MXY,1,0.0,1,1,0.0,0,0,0,-9999.0,0.375,1,P83_CV0,2,1,1,2,0,0,2,0,2
68,-144227.4406,-578483.4639,E68_F84_m63f63_P69_Y6_UO3085,I63_F68_m-1f-1_P84_Y-1_U55,I63_F8_m31f31_P8_Y3_UO1473,FXX,1,0.0,1,1,1.0,0,0,0,-9999.0,0.8125,1,P83_CV0,2,1,1,2,0,0,2,0,2
68,-144227.4406,-578483.4639,E68_F85_m85f85_P36_Y6_UO4069,I85_F8_m-1f-1_P84_Y-1_U100,I85_F98_m11f11_P2_Y4_UO655,FXX,1,0.0,1,1,1.0,0,0,0,-9999.0,0.5,1,P83_CV0,2,2,0,0,2,0,2,0,2
68,-144227.4406,-578483.4639,E68_F25_m65f65_P98_Y5_UO3147,I65_F8_m84f84_P8_Y2_UO3886,I65_F98_m25f25_P8_Y1_UO1245,FXX,2,0.0,1,0,1.0,0,0,0,-9999.0,0.5,1,P83_CV0,2,1,1,2,0,0,2,0,2
68,-144227.4406,-578483.4639,E68_F25_m84f84_P8_Y5_UO3854,I84_F68_m45f45_P8_Y3_UO2134,I84_F68_m100f100_P8_Y3_UO4557,MXY,2,0.0,1,0,0.0,0,0,0,-9999.0,0.4375,1,P83_CV0,2,1,1,1,1,0,2,0,2
68,-144227.4406,-578483.4639,E68_F25_m25f25_P8_Y5_UO1257,I25_F68_m31f31_P68_Y3_UO1553,ID25_F69_m84f84_P68_Y2_UO3900,MXY,2,0.0,1,0,0.0,0,0,0,-9999.0,0.5,1,P83_CV0,2,1,1,2,0,0,2,0,2
68,-144227.4406,-578483.4639,E68_F63_m63f63_P8_Y5_UO3073,ID63_F8_m-1f-1_P84_Y-1_U20,ID63_F8_m85f85_P8_Y3_UO3911,FXX,2,0.0,1,0,1.0,0,0,0,-9999.0,0.375,1,P83_CV0,2,1,1,2,0,0,2,0,2
68,-144227.4406,-578483.4639,E68_F63_m85f85_P8_Y5_UO4027,I85_F68_m-1f-1_P84_Y-1_U100,ID85_F98_m-1f-1_P84_Y-1_U48,FXX,2,0.0,1,0,1.0,0,0,0,-9999.0,0.25,1,P83_CV0,2,1,1,1,1,0,2,0,2
68,-144227.4406,-578483.4639,E68_F63_m25f25_P8_Y5_UO1317,ID25_F8_m-1f-1_P84_Y-1_U173,I25_F8_m63f63_P8_Y3_UO3034,FXX,2,0.0,1,0,1.0,0,0,0,-9999.0,0.625,1,P83_CV0,2,1,1,1,1,0,2,0,2
68,-144227.4406,-578483.4639,E68_F84_m84f84_P8_Y5_UO3902,ID84_F68_m40f40_P68_Y0_UO1945,I84_F8_m25f25_P8_Y3_UO1252,MXY,2,0.0,1,0,0.0,0,0,0,-9999.0,0.4375,1,P83_CV0,2,1,1,2,0,0,2,0,2
68,-144227.4406,-578483.4639,E68_F84_m63f63_P68_Y5_UO3059,I63_F68_m-1f-1_P63_Y-1_U48,I63_F68_m84f84_P8_Y1_UO3672,FXX,2,0.0,1,0,1.0,0,0,0,-9999.0,0.125,1,P83_CV0,2,0,2,2,0,0,2,0,2
68,-144227.4406,-578483.4639,E68_F85_m85f85_P2_Y5_UO3941,I85_F69_m11f11_P2_Y3_UO615,I85_F8_m84f84_P36_Y1_UO3714,MXY,2,0.0,1,0,0.0,0,0,0,-9999.0,0.875,1,P83_CV0,2,2,0,0,2,0,2,0,2
68,-144227.4406,-578483.4639,E68_F25_m63f63_P68_Y4_UO2982,I63_F69_m40f40_P8_Y1_UO1768,I63_F68_m84f84_P68_Y2_UO3869,MXY,3,0.0,1,0,0.0,0,0,0,-9999.0,0.375,1,P83_CV0,2,1,1,1,1,0,2,0,2
68,-144227.4406,-578483.4639,E68_F25_m31f31_P68_Y4_UO1502,ID31_F68_m84f84_P68_Y0_UO4215,ID31_F8_m84f84_P69_Y2_UO3909,MXY,3,0.0,1,0,0.0,0,0,0,-9999.0,0.5,1,P83_CV0,2,1,1,1,1,0,2,0,2
68,-144227.4406,-578483.4639,E68_F25_m31f31_P8_Y4_UO1544,I31_F68_m-1f-1_P31_Y-1_U225,ID31_F8_m84f84_P8_Y1_UO3667,FXX,3,0.0,1,0,1.0,0,0,0,-9999.0,0.875,1,P83_CV0,2,2,0,1,1,0,2,0,2
68,-144227.4406,-578483.4639,E68_F25_m84f84_P69_Y4_UO3878,I84_F8_m-1f-1_P84_Y-1_U88,I84_F8_m-1f-1_P63_Y-1_U107,FXX,3,0.0,1,0,1.0,0,0,0,-9999.0,0.5,1,P83_CV0,2,0,2,1,1,0,2,0,2
68,-144227.4406,-578483.4639,E68_F25_m63f63_P68_Y4_UO3056,I63_F8_m-1f-1_P63_Y-1_U19,I63_F68_m84f84_P8_Y0_UO4184,MXY,3,0.0,1,0,0.0,0,0,0,-9999.0,0.75,1,P83_CV0,2,2,0,1,1,0,2,0,2
68,-144227.4406,-578483.4639,E68_F31_m63f63_P68_Y4_UO3054,I63_F68_m-1f-1_P25_Y-1_U80,I63_F68_m84f84_P68_Y2_UO3869,FXX,3,0.0,1,0,1.0,0,0,0,-9999.0,0.125,1,P83_CV0,2,1,1,2,0,0,2,0,2
68,-144227.4406,-578483.4639,E68_F31_m25f25_P8_Y4_UO1273,I25_F68_m25f25_P69_Y1_UO1236,I25_F68_m63f63_P69_Y2_UO3019,MXY,3,0.0,1,0,0.0,0,0,0,-9999.0,0.625,1,P83_CV0,2,1,1,2,0,0,2,0,2
68,-144227.4406,-578483.4639,E68_F63_m63f63_P68_Y4_UO2954,I63_F68_m84f84_P8_Y2_UO3880,ID63_F69_m-1f-1_P84_Y-1_U81,MXY,3,0.0,1,0,0.0,0,0,0,-9999.0,0.625,1,P83_CV0,2,2,0,1,1,0,2,0,2
68,-144227.4406,-578483.4639,E68_F63_m63f63_P8_Y4_UO3036,ID63_F8_m-1f-1_P84_Y-1_U172,I63_F8_m-1f-1_P31_Y-1_U77,MXY,3,0.0,1,0,0.0,0,0,0,-9999.0,0.75,1,P83_CV0,2,1,1,1,1,0,2,0,2
68,-144227.4406,-578483.4639,E68_F63_m65f65_P8_Y4_UO3078,ID65_F68_m84f84_P68_Y2_UO3853,I65_F69_m65f65_P98_Y1_UO2975,MXY,3,0.0,1,0,0.0,0,0,0,-9999.0,0.5,1,P83_CV0,2,1,1,0,2,0,2,0,2
68,-144227.4406,-578483.4639,E68_F65_m63f63_P8_Y4_UO3030,I63_F36_m-1f-1_P84_Y-1_U42,I63_F68_m-1f-1_P65_Y-1_U41,MXY,3,0.0,1,0,0.0,0,0,0,-9999.0,1.0,1,P83_CV0,2,2,0,1,1,0,2,0,2
68,-144227.4406,-578483.4639,E68_F65_m84f84_P8_Y4_UO3861,ID84_F68_m84f84_P8_Y0_UO4134,I84_F8_m-1f-1_P84_Y-1_U216,MXY,3,0.0,1,0,0.0,0,0,0,-9999.0,0.25,1,P83_CV0,2,0,2,2,0,0,2,0,2
68,-144227.4406,-578483.4639,E68_F84_m84f84_P68_Y4_UO3893,ID84_F28_m-1f-1_P65_Y-1_U183,I84_F8_m-1f-1_P84_Y-1_U56,FXX,3,0.0,1,0,1.0,0,0,0,-9999.0,0.25,1,P83_CV0,2,1,1,1,1,0,2,0,2
68,-144227.4406,-578483.4639,E68_F25_m31f31_P68_Y3_UO1553,I31_F68_m-1f-1_P84_Y-1_U125,I31_F68_m-1f-1_P31_Y-1_U208,FXX,4,0.0,1,0,1.0,0,0,0,-9999.0,0.5,1,P83_CV0,2,0,2,2,0,0,2,0,2
68,-144227.4406,-578483.4639,E68_F31_m85f85_P69_Y3_UO3895,ID85_F69_m84f84_P8_Y1_UO3685,I85_F98_m-1f-1_P85_Y-1_U63,FXX,4,0.0,1,0,1.0,0,0,0,-9999.0,0.5,1,P83_CV0,2,0,2,1,1,0,2,0,2
68,-144227.4406,-578483.4639,E68_F31_m63f63_P8_Y3_UO3033,I63_F98_m-1f-1_P25_Y-1_U209,ID63_F69_m84f84_P8_Y0_UO4184,FXX,4,0.0,1,0,1.0,0,0,0,-9999.0,0.25,1,P83_CV0,2,0,2,2,0,0,2,0,2
68,-144227.4406,-578483.4639,E68_F63_m63f63_P8_Y3_UO2998,I63_F8_m84f84_P8_Y0_UO4160,ID63_F36_m31f31_P8_Y1_UO1449,MXY,4,0.0,1,0,0.0,0,0,0,-9999.0,0.375,1,P83_CV0,2,0,2,1,1,0,2,0,2
68,-144227.4406,-578483.4639,E68_F65_m25f25_P8_Y3_UO1322,I25_F68_m-1f-1_P84_Y-1_U188,I25_F68_m-1f-1_P25_Y-1_U192,FXX,4,0.0,1,0,1.0,0,0,0,-9999.0,0.5,1,P83_CV0,2,1,1,2,0,0,2,0,2
68,-144227.4406,-578483.4639,E68_F84_m65f65_P98_Y3_UO3088,I65_F2_m84f84_P69_Y1_UO3647,I65_F8_m63f63_P36_Y0_UO3223,MXY,4,0.0,1,0,0.0,0,0,0,-9999.0,0.25,1,P83_CV0,2,0,2,0,2,0,2,0,2
68,-144227.4406,-578483.4639,E68_F25_m63f63_P68_Y2_UO3048,ID63_F8_m-1f-1_P84_Y-1_U42,I63_F68_m-1f-1_P63_Y-1_U230,FXX,5,0.0,1,0,1.0,0,0,0,-9999.0,0.75,1,P83_CV0,2,2,0,0,2,0,2,0,2
68,-144227.4406,-578483.4639,E68_F25_m84f84_P8_Y2_UO3892,I84_F8_m-1f-1_P84_Y-1_U59,I84_F8_m-1f-1_P84_Y-1_U231,MXY,5,0.0,1,0,0.0,0,0,0,-9999.0,0.75,1,P83_CV0,2,1,1,2,0,0,2,0,2
68,-144227.4406,-578483.4639,E68_F31_m84f84_P68_Y2_UO3854,I84_F8_m-1f-1_P84_Y-1_U145,I84_F8_m-1f-1_P84_Y-1_U56,MXY,5,0.0,1,0,0.0,0,0,0,-9999.0,0.75,1,P83_CV0,2,2,0,1,1,0,2,0,2
68,-144227.4406,-578483.4639,E68_F63_m25f25_P8_Y2_UO1247,I25_F68_m31f31_P68_Y0_UO1628,I25_F68_m84f84_P69_Y0_UO4202,MXY,5,0.0,1,0,0.0,0,0,0,-9999.0,0.625,1,P83_CV0,2,2,0,1,1,0,2,0,2
68,-144227.4406,-578483.4639,E68_F63_m84f84_P8_Y2_UO3845,I84_F8_m31f31_P68_Y0_UO1550,I84_F68_m-1f-1_P84_Y-1_U169,MXY,5,0.0,1,0,0.0,0,0,0,-9999.0,0.625,1,P83_CV0,2,1,1,2,0,0,2,0,2
68,-144227.4406,-578483.4639,E68_F25_m25f25_P68_Y1_UO1231,ID25_F8_m-1f-1_P84_Y-1_U13,I25_F69_m-1f-1_P25_Y-1_U235,MXY,6,0.0,1,0,0.0,0,0,0,-9999.0,0.5,1,P83_CV0,2,1,1,1,1,0,2,0,2
68,-144227.4406,-578483.4639,E68_F31_m31f31_P8_Y1_UO1422,I31_F68_m-1f-1_P31_Y-1_U20,ID31_F68_m-1f-1_P84_Y-1_U138,FXX,6,0.0,1,0,1.0,0,0,0,-9999.0,0.25,1,P83_CV0,2,1,1,0,2,0,2,0,2
68,-144227.4406,-578483.4639,E68_F63_m84f84_P8_Y1_UO3672,I84_F69_m-1f-1_P84_Y-1_U119,I84_F8_m-1f-1_P84_Y-1_U224,MXY,6,0.0,1,0,0.0,0,0,0,-9999.0,0.25,1,P83_CV0,2,1,1,2,0,0,2,0,2
68,-144227.4406,-578483.4639,E68_F84_m84f84_P68_Y1_UO3697,I84_F68_m-1f-1_P84_Y-1_U154,I84_F8_m-1f-1_P84_Y-1_U201,MXY,6,0.0,1,0,0.0,0,0,0,-9999.0,1.0,1,P83_CV0,2,2,0,2,0,0,2,0,2
68,-144227.4406,-578483.4639,E68_F31_m84f84_P8_Y0_UO4146,R84_F84_m-1f-1_P84_Y-1_U90,R84_F84_m-1f-1_P84_Y-1_U10,MXY,7,0.0,1,0,0.0,0,0,0,-9999.0,0.5,1,P83_CV0,2,1,1,0,2,0,2,0,2
68,-144227.4406,-578483.4639,E68_F63_m84f84_P68_Y0_UO4150,R84_F84_m-1f-1_P84_Y-1_U102,R84_F84_m-1f-1_P84_Y-1_U215,MXY,7,0.0,1,0,0.0,0,0,0,-9999.0,0.25,1,P83_CV0,2,1,1,1,1,0,2,0,2
68,-144227.4406,-578483.4639,E68_F63_m84f84_P8_Y0_UO4158,R84_F84_m-1f-1_P84_Y-1_U115,R84_F84_m-1f-1_P84_Y-1_U41,FXX,7,0.0,1,0,1.0,0,0,0,-9999.0,0.5,1,P83_CV0,2,1,1,1,1,0,2,0,2
68,-144227.4406,-578483.4639,E68_F31_m-1f-1_P84_Y-1_U195,-9999,-9999,MXY,9,0.0,1,0,0.0,0,0,0,-9999.0,0.5,1,P83_CV0,2,1,1,1,1,0,2,0,2
68,-144227.4406,-578483.4639,E68_F84_m-1f-1_P84_Y-1_U56,-9999,-9999,MXY,9,0.0,1,0,0.0,0,0,0,-9999.0,0.5,1,P83_CV0,2,1,1,0,2,0,2,0,2
68,-144227.4406,-578483.4639,E68_F84_m-1f-1_P84_Y-1_U65,-9999,-9999,FXX,9,0.0,1,0,1.0,0,0,0,-9999.0,0.0,1,P83_CV0,2,0,2,1,1,0,2,0,2
68,-144227.4406,-578483.4639,E68_F84_m-1f-1_P84_Y-1_U18,-9999,-9999,MXY,9,0.0,1,0,0.0,0,0,0,-9999.0,0.5,1,P83_CV0,2,1,1,2,0,0,2,0,2
68,-144227.4406,-578483.4639,E68_F85_m-1f-1_P84_Y-1_U239,-9999,-9999,FXX,9,0.0,1,0,1.0,0,0,0,-9999.0,0.5,1,P83_CV0,2,1,1,2,0,0,2,0,2
68,-144227.4406,-578483.4639,E68_F84_m-1f-1_P84_Y-1_U33,-9999,-9999,MXY,10,0.0,1,0,0.0,0,0,0,-9999.0,0.0,1,P83_CV0,2,0,2,1,1,0,2,0,2
68,-144227.4406,-578483.4639,E68_F85_m-1f-1_P84_Y-1_U173,-9999,-9999,FXX,10,0.0,1,0,1.0,0,0,0,-9999.0,1.0,1,P83_CV0,2,2,0,1,1,0,2,0,2
68,-144227.4406,-578483.4639,E68_F25_m-1f-1_P84_Y-1_U143,-9999,-9999,FXX,11,0.0,1,0,1.0,0,0,0,-9999.0,0.5,1,P83_CV0,2,1,1,1,1,0,2,0,2
68,-144227.4406,-578483.4639,E68_F84_m-1f-1_P84_Y-1_U32,-9999,-9999,MXY,12,0.0,1,0,0.0,0,0,0,-9999.0,0.0,1,P83_CV0,2,0,2,2,0,0,2,0,2
68,-144227.4406,-578483.4639,E68_F31_m-1f-1_P84_Y-1_U77,-9999,-9999,FXX,13,0.0,1,0,1.0,0,0,0,-9999.0,0.5,1,P83_CV0,2,1,1,2,0,0,2,0,2
68,-144227.4406,-578483.4639,E68_F25_m-1f-1_P84_Y-1_U178,-9999,-9999,FXX,14,0.0,1,0,1.0,0,0,0,-9999.0,0.5,1,P83_CV0,2,1,1,2,0,0,2,0,2
68,-144227.4406,-578483.4639,E68_F63_m-1f-1_P84_Y-1_U184,-9999,-9999,FXX,14,0.0,1,0,1.0,0,0,0,-9999.0,1.0,1,P83_CV0,2,2,0,1,1,0,2,0,2
68,-144227.4406,-578483.4639,E68_F84_m-1f-1_P84_Y-1_U16,-9999,-9999,MXY,16,0.0,1,0,0.0,0,0,0,-9999.0,0.5,1,P83_CV0,2,1,1,2,0,0,2,0,2
68,-144227.4406,-578483.4639,Age0_F68_m25f25_P68_Y7_UO1251,I25_F36_m85f85_P36_Y5_UO3984,I25_F8_m85f85_P36_Y3_UO3942,FXX,0,0.0,0,0,0.0,0,0,0,0.0,0.5625,1,P84_CV0,2,1,1,0,2,0,2,0,2
68,-144227.4406,-578483.4639,Age0_F68_m25f25_P68_Y7_UO1284,I25_F68_m63f63_P8_Y4_UO3001,I25_F8_m100f100_P68_Y3_UO4559,FXX,0,0.0,0,0,0.0,0,0,0,0.0,0.4375,1,P84_CV0,2,0,2,0,2,0,2,0,2
68,-144227.4406,-578483.4639,Age0_F68_m25f25_P68_Y7_UO1291,I25_F68_m92f92_P6_Y3_UO4319,I25_F69_m-1f-1_P85_Y-1_U140,FXX,0,0.0,0,0,0.0,0,0,0,0.0,0.1875,1,P84_CV0,2,1,1,0,2,0,2,0,2
68,-144227.4406,-578483.4639,Age0_F68_m25f25_P68_Y7_UO1341,I25_F98_m-1f-1_P85_Y-1_U184,I25_F8_m84f84_P68_Y4_UO3857,FXX,0,0.0,0,0,0.0,0,0,0,0.0,0.4375,1,P84_CV0,2,1,1,2,0,0,2,0,2
68,-144227.4406,-578483.4639,Age0_F68_m25f25_P68_Y7_UO1344,I25_F36_m-1f-1_P85_Y-1_U135,I25_F68_m25f25_P68_Y1_UO1231,MXY,0,0.0,0,0,0.0,0,0,0,0.0,0.75,1,P84_CV0,2,2,0,1,1,0,2,0,2
68,-144227.4406,-578483.4639,Age0_F68_m31f31_P68_Y7_UO1467,ID31_F8_m63f63_P8_Y5_UO3074,I31_F8_m84f84_P8_Y5_UO3889,FXX,0,0.0,0,0,0.0,0,0,0,0.0,0.65625,1,P84_CV0,2,1,1,1,1,0,2,0,2
68,-144227.4406,-578483.4639,Age0_F68_m31f31_P68_Y7_UO1477,I31_F98_m65f65_P68_Y4_UO3093,I31_F8_m-1f-1_P45_Y-1_U182,FXX,0,0.0,0,0,0.0,0,0,0,0.0,0.5,1,P84_CV0,2,1,1,1,1,0,2,0,2
68,-144227.4406,-578483.4639,Age0_F68_m31f31_P68_Y7_UO1489,I31_F68_m63f63_P68_Y4_UO3054,I31_F8_m84f84_P8_Y5_UO3889,FXX,0,0.0,0,0,0.0,0,0,0,0.0,0.4375,1,P84_CV0,2,2,0,2,0,0,2,0,2
68,-144227.4406,-578483.4639,Age0_F68_m31f31_P68_Y7_UO1502,I31_F8_m90f90_P86_Y3_UO4181,I31_F8_m84f84_P8_Y5_UO3889,MXY,0,0.0,0,0,0.0,0,0,0,0.0,0.75,1,P84_CV0,2,1,1,1,1,0,2,0,2
68,-144227.4406,-578483.4639,Age0_F68_m63f63_P68_Y7_UO2994,I63_F36_m84f84_P68_Y5_UO3862,I63_F36_m25f25_P68_Y4_UO1300,MXY,0,0.0,0,0,0.0,0,0,0,0.0,0.5,1,P84_CV0,2,1,1,1,1,0,2,0,2
68,-144227.4406,-578483.4639,Age0_F68_m63f63_P68_Y7_UO3013,I63_F68_m63f63_P68_Y5_UO3016,I63_F8_m65f65_P8_Y2_UO3103,MXY,0,0.0,0,0,0.0,0,0,0,0.0,0.59375,1,P84_CV0,2,2,0,1,1,0,2,0,2
68,-144227.4406,-578483.4639,Age0_F68_m63f63_P68_Y7_UO3077,I63_F8_m85f85_P69_Y1_UO3788,ID63_F68_m-1f-1_P100_Y-1_U163,MXY,0,0.0,0,0,0.0,0,0,0,0.0,0.25,1,P84_CV0,2,1,1,0,2,0,2,0,2
68,-144227.4406,-578483.4639,Age0_F68_m63f63_P68_Y7_UO3083,ID63_F36_m85f85_P36_Y1_UO3754,I63_F8_m85f85_P68_Y4_UO3940,MXY,0,0.0,0,0,0.0,0,0,0,0.0,0.53125,1,P84_CV0,2,1,1,0,2,0,2,0,2
68,-144227.4406,-578483.4639,Age0_F68_m63f63_P68_Y7_UO3089,I63_F8_m85f85_P68_Y0_UO4292,I63_F8_m11f11_P48_Y5_UO679,FXX,0,0.0,0,0,0.0,0,0,0,0.0,0.5625,1,P84_CV0,2,1,1,2,0,0,2,0,2
68,-144227.4406,-578483.4639,Age0_F68_m63f63_P68_Y7_UO3098,I63_F8_m-1f-1_P85_Y-1_U19,I63_F68_m65f65_P98_Y4_UO3127,MXY,0,0.0,0,0,0.0,0,0,0,0.0,0.6875,1,P84_CV0,2,2,0,1,1,0,2,0,2
68,-144227.4406,-578483.4639,Age0_F68_m63f63_P68_Y7_UO3105,ID63_F8_m-1f-1_P63_Y-1_U99,I63_F8_m85f85_P2_Y3_UO3913,FXX,0,0.0,0,0,0.0,0,0,0,0.0,0.625,1,P84_CV0,2,1,1,1,1,0,2,0,2
68,-144227.4406,-578483.4639,Age0_F68_m63f63_P68_Y7_UO3109,I63_F68_m-1f-1_P84_Y-1_U184,I63_F8_m-1f-1_P85_Y-1_U190,MXY,0,0.0,0,0,0.0,0,0,0,0.0,1.0,1,P84_CV0,2,2,0,2,0,0,2,0,2
68,-144227.4406,-578483.4639,Age0_F68_m65f65_P68_Y7_UO3126,I65_F8_m85f85_P98_Y5_UO3989,I65_F8_m25f25_P8_Y0_UO1346,FXX,0,0.0,0,0,0.0,0,0,0,0.0,0.5,1,P84_CV0,2,2,0,1,1,0,2,0,2
68,-144227.4406,-578483.4639,Age0_F68_m84f84_P68_Y7_UO3912,I84_F8_m31f31_P8_Y2_UO1542,I84_F68_m63f63_P8_Y4_UO3047,FXX,0,0.0,0,0,0.0,0,0,0,0.0,0.5,1,P84_CV0,2,1,1,2,0,0,2,0,2
68,-144227.4406,-578483.4639,Age0_F68_m84f84_P68_Y7_UO3937,I84_F8_m25f25_P8_Y0_UO1395,ID84_F8_m65f65_P8_Y1_UO3033,FXX,0,0.0,0,0,0.0,0,0,0,0.0,0.25,1,P84_CV0,2,1,1,0,2,0,2,0,2
68,-144227.4406,-578483.4639,Age0_F68_m84f84_P68_Y7_UO3940,I84_F8_m85f85_P8_Y0_UO4230,I84_F8_m63f63_P69_Y1_UO2852,FXX,0,0.0,0,0,0.0,0,0,0,0.0,0.625,1,P84_CV0,2,1,1,2,0,0,2,0,2
68,-144227.4406,-578483.4639,Age0_F68_m84f84_P68_Y7_UO3943,I84_F68_m-1f-1_P25_Y-1_U243,I84_F69_m-1f-1_P85_Y-1_U117,FXX,0,0.0,0,0,0.0,0,0,0,0.0,0.25,1,P84_CV0,2,1,1,1,1,0,2,0,2
68,-144227.4406,-578483.4639,Age0_F68_m84f84_P68_Y7_UO3945,I84_F68_m-1f-1_P85_Y-1_U174,ID84_F69_m65f65_P69_Y5_UO3152,FXX,0,0.0,0,0,0.0,0,0,0,0.0,0.5,1,P84_CV0,2,2,0,0,2,0,2,0,2
68,-144227.4406,-578483.4639,Age0_F68_m85f85_P68_Y7_UO4023,I85_F28_m25f25_P68_Y2_UO1282,I85_F69_m85f85_P36_Y5_UO4012,FXX,0,0.0,0,0,0.0,0,0,0,0.0,0.5625,1,P84_CV0,2,0,2,1,1,0,2,0,2
68,-144227.4406,-578483.4639,Age0_F68_m85f85_P68_Y7_UO4048,I85_F69_m-1f-1_P85_Y-1_U222,I85_F69_m-1f-1_P85_Y-1_U15,FXX,0,0.0,0,0,0.0,0,0,0,0.0,0.25,1,P84_CV0,2,0,2,1,1,0,2,0,2
68,-144227.4406,-578483.4639,E68_F25_m31f31_P8_Y6_UO1552,I31_F36_m-1f-1_P85_Y-1_U72,I31_F8_m30f30_P52_Y3_UO1375,FXX,1,0.0,1,1,1.0,0,0,0,-9999.0,0.1875,1,P84_CV0,2,0,2,1,1,0,2,0,2
68,-144227.4406,-578483.4639,E68_F25_m65f65_P8_Y6_UO3167,I65_F98_m31f31_P68_Y2_UO1459,I65_F98_m25f25_P69_Y4_UO1337,FXX,1,0.0,1,1,1.0,0,0,0,-9999.0,0.4375,1,P84_CV0,2,1,1,2,0,0,2,0,2
68,-144227.4406,-578483.4639,E68_F25_m65f65_P68_Y6_UO3144,I65_F98_m63f63_P8_Y3_UO3038,I65_F98_m25f25_P8_Y3_UO1248,MXY,1,0.0,1,1,0.0,0,0,0,-9999.0,0.4375,1,P84_CV0,2,0,2,0,2,0,2,0,2
68,-144227.4406,-578483.4639,E68_F25_m85f85_P69_Y6_UO4032,ID85_F8_m100f100_P48_Y2_UO4564,I85_F2_m-1f-1_P85_Y-1_U20,MXY,1,0.0,1,1,0.0,0,0,0,-9999.0,0.375,1,P84_CV0,2,0,2,2,0,0,2,0,2
68,-144227.4406,-578483.4639,E68_F25_m85f85_P69_Y6_UO4065,I85_F69_m-1f-1_P85_Y-1_U157,I85_F21_m65f65_P98_Y4_UO3158,FXX,1,0.0,1,1,1.0,0,0,0,-9999.0,0.5,1,P84_CV0,2,0,2,1,1,0,2,0,2
68,-144227.4406,-578483.4639,E68_F31_m31f31_P8_Y6_UO1484,ID31_F69_m65f65_P68_Y4_UO3135,I31_F8_m-1f-1_P84_Y-1_U131,MXY,1,0.0,1,1,0.0,0,0,0,-9999.0,0.5625,1,P84_CV0,2,0,2,2,0,0,2,0,2
68,-144227.4406,-578483.4639,E68_F31_m84f84_P8_Y6_UO3930,I84_F8_m85f85_P68_Y2_UO3942,I84_F68_m-1f-1_P65_Y-1_U56,FXX,1,0.0,1,1,1.0,0,0,0,-9999.0,0.25,1,P84_CV0,2,1,1,0,2,0,2,0,2
68,-144227.4406,-578483.4639,E68_F31_m100f100_P8_Y6_UO4586,I100_F48_m84f84_P8_Y4_UO3814,ID100_F68_m85f85_P98_Y3_UO3931,FXX,1,0.0,1,1,1.0,0,0,0,-9999.0,0.625,1,P84_CV0,2,1,1,0,2,0,2,0,2
68,-144227.4406,-578483.4639,E68_F31_m63f63_P68_Y6_UO3068,I63_F8_m100f100_P49_Y1_UO4378,I63_F8_m85f85_P69_Y3_UO3951,MXY,1,0.0,1,1,0.0,0,0,0,-9999.0,0.5,1,P84_CV0,2,1,1,1,1,0,2,0,2
68,-144227.4406,-578483.4639,E68_F31_m63f63_P68_Y6_UO3073,I63_F8_m85f85_P69_Y0_UO4303,I63_F68_m31f31_P8_Y4_UO1466,FXX,1,0.0,1,1,1.0,0,0,0,-9999.0,0.65625,1,P84_CV0,2,1,1,2,0,0,2,0,2
68,-144227.4406,-578483.4639,E68_F31_m65f65_P68_Y6_UO3117,I65_F8_m85f85_P36_Y4_UO3914,I65_F8_m-1f-1_P85_Y-1_U102,MXY,1,0.0,1,1,0.0,0,0,0,-9999.0,0.6875,1,P84_CV0,2,1,1,1,1,0,2,0,2
68,-144227.4406,-578483.4639,E68_F65_m63f63_P98_Y6_UO3054,I63_F68_m25f25_P8_Y2_UO1323,I63_F49_m43f43_P48_Y1_UO1927,MXY,1,0.0,1,1,0.0,0,0,0,-9999.0,0.875,1,P84_CV0,2,1,1,0,2,0,2,0,2
68,-144227.4406,-578483.4639,E68_F84_m31f31_P8_Y6_UO1506,I31_F8_m85f85_P68_Y3_UO3961,I31_F8_m65f65_P68_Y2_UO3097,FXX,1,0.0,1,1,1.0,0,0,0,-9999.0,0.375,1,P84_CV0,2,1,1,1,1,0,2,0,2
68,-144227.4406,-578483.4639,E68_F84_m84f84_P8_Y6_UO3879,I84_F8_m63f63_P68_Y4_UO3000,I84_F8_m-1f-1_P85_Y-1_U44,FXX,1,0.0,1,1,1.0,0,0,0,-9999.0,0.875,1,P84_CV0,2,1,1,2,0,0,2,0,2
68,-144227.4406,-578483.4639,E68_F84_m85f85_P36_Y6_UO4037,I85_F8_m85f85_P36_Y2_UO3999,I85_F69_m84f84_P69_Y2_UO3915,MXY,1,0.0,1,1,0.0,0,0,0,-9999.0,0.5625,1,P84_CV0,2,1,1,1,1,0,2,0,2
68,-144227.4406,-578483.4639,E68_F85_m84f84_P69_Y6_UO3895,ID84_F8_m31f31_P68_Y4_UO1528,ID84_F68_m-1f-1_P84_Y-1_U56,MXY,1,0.0,1,1,0.0,0,0,0,-9999.0,0.6875,1,P84_CV0,2,2,0,0,2,0,2,0,2
68,-144227.4406,-578483.4639,E68_F85_m85f85_P69_Y6_UO4036,I85_F98_m85f85_P69_Y2_UO3976,I85_F28_m65f65_P36_Y4_UO3088,FXX,1,0.0,1,1,1.0,0,0,0,-9999.0,0.625,1,P84_CV0,2,2,0,2,0,0,2,0,2
68,-144227.4406,-578483.4639,E68_F85_m65f65_P21_Y6_UO3181,ID65_F36_m85f85_P2_Y1_UO3806,I65_F98_m25f25_P8_Y3_UO1248,MXY,1,0.0,1,1,0.0,0,0,0,-9999.0,0.4375,1,P84_CV0,2,1,1,1,1,0,2,0,2
68,-144227.4406,-578483.4639,E68_F25_m31f31_P8_Y5_UO1528,I31_F68_m-1f-1_P31_Y-1_U207,ID31_F68_m65f65_P8_Y1_UO3033,FXX,2,0.0,1,0,1.0,0,0,0,-9999.0,0.0,1,P84_CV0,2,0,2,0,2,0,2,0,2
68,-144227.4406,-578483.4639,E68_F25_m85f85_P36_Y5_UO3984,I85_F8_m85f85_P36_Y1_UO3754,I85_F68_m85f85_P2_Y3_UO3913,FXX,2,0.0,1,0,1.0,0,0,0,-9999.0,0.625,1,P84_CV0,2,0,2,0,2,0,2,0,2
68,-144227.4406,-578483.4639,E68_F25_m63f63_P8_Y5_UO3041,I63_F68_m85f85_P69_Y0_UO4303,ID63_F68_m85f85_P98_Y2_UO3927,FXX,2,0.0,1,0,1.0,0,0,0,-9999.0,0.5625,1,P84_CV0,2,1,1,2,0,0,2,0,2
68,-144227.4406,-578483.4639,E68_F31_m84f84_P8_Y5_UO3889,ID84_F69_m85f85_P69_Y1_UO3784,ID84_F8_m-1f-1_P45_Y-1_U218,MXY,2,0.0,1,0,0.0,0,0,0,-9999.0,0.75,1,P84_CV0,2,1,1,1,1,0,2,0,2
68,-144227.4406,-578483.4639,E68_F31_m84f84_P8_Y5_UO3836,ID84_F69_m25f25_P8_Y3_UO1302,ID84_F98_m-1f-1_P85_Y-1_U44,MXY,2,0.0,1,0,0.0,0,0,0,-9999.0,0.75,1,P84_CV0,2,2,0,1,1,0,2,0,2
68,-144227.4406,-578483.4639,E68_F31_m25f25_P8_Y5_UO1295,I25_F68_m85f85_P68_Y0_UO4292,ID25_F8_m65f65_P98_Y1_UO3024,MXY,2,0.0,1,0,0.0,0,0,0,-9999.0,0.25,1,P84_CV0,2,0,2,2,0,0,2,0,2
68,-144227.4406,-578483.4639,E68_F63_m85f85_P69_Y5_UO3999,I85_F36_m85f85_P36_Y0_UO4293,I85_F8_m85f85_P69_Y3_UO3955,MXY,2,0.0,1,0,0.0,0,0,0,-9999.0,0.375,1,P84_CV0,2,0,2,2,0,0,2,0,2
68,-144227.4406,-578483.4639,E68_F63_m85f85_P36_Y5_UO3965,I85_F36_m11f11_P2_Y3_UO620,I85_F28_m-1f-1_P85_Y-1_U188,MXY,2,0.0,1,0,0.0,0,0,0,-9999.0,0.5,1,P84_CV0,2,2,0,0,2,0,2,0,2
68,-144227.4406,-578483.4639,E68_F63_m63f63_P68_Y5_UO3085,I63_F98_m-1f-1_P65_Y-1_U225,ID63_F8_m65f65_P68_Y2_UO3155,FXX,2,0.0,1,0,1.0,0,0,0,-9999.0,0.5625,1,P84_CV0,2,0,2,2,0,0,2,0,2
68,-144227.4406,-578483.4639,E68_F65_m85f85_P98_Y5_UO3989,I85_F2_m25f25_P69_Y1_UO1248,I85_F36_m-1f-1_P85_Y-1_U246,FXX,2,0.0,1,0,1.0,0,0,0,-9999.0,0.5,1,P84_CV0,2,1,1,0,2,0,2,0,2
68,-144227.4406,-578483.4639,E68_F65_m31f31_P8_Y5_UO1485,I31_F68_m84f84_P8_Y2_UO3922,I31_F8_m31f31_P68_Y2_UO1537,FXX,2,0.0,1,0,1.0,0,0,0,-9999.0,0.625,1,P84_CV0,2,1,1,2,0,0,2,0,2
68,-144227.4406,-578483.4639,E68_F84_m85f85_P69_Y5_UO4017,I85_F21_m-1f-1_P85_Y-1_U222,I85_F28_m65f65_P98_Y2_UO3137,FXX,2,0.0,1,0,1.0,0,0,0,-9999.0,0.125,1,P84_CV0,2,0,2,1,1,0,2,0,2
68,-144227.4406,-578483.4639,E68_F25_m63f63_P8_Y4_UO3005,I63_F68_m94f94_P98_Y0_UO4724,ID63_F8_m-1f-1_P85_Y-1_U190,FXX,3,0.0,1,0,1.0,0,0,0,-9999.0,1.0,1,P84_CV0,2,2,0,2,0,0,2,0,2
68,-144227.4406,-578483.4639,E68_F25_m63f63_P8_Y4_UO3001,ID63_F68_m85f85_P36_Y0_UO4255,ID63_F68_m-1f-1_P25_Y-1_U50,FXX,3,0.0,1,0,1.0,0,0,0,-9999.0,0.625,1,P84_CV0,2,1,1,1,1,0,2,0,2
68,-144227.4406,-578483.4639,E68_F31_m65f65_P68_Y4_UO3093,ID65_F36_m85f85_P69_Y2_UO3988,ID65_F68_m-1f-1_P63_Y-1_U235,FXX,3,0.0,1,0,1.0,0,0,0,-9999.0,0.5,1,P84_CV0,2,1,1,0,2,0,2,0,2
68,-144227.4406,-578483.4639,E68_F31_m63f63_P68_Y4_UO3010,ID63_F8_m85f85_P69_Y0_UO4303,I63_F68_m84f84_P68_Y1_UO3728,MXY,3,0.0,1,0,0.0,0,0,0,-9999.0,0.75,1,P84_CV0,2,2,0,2,0,0,2,0,2
68,-144227.4406,-578483.4639,E68_F31_m85f85_P68_Y4_UO3997,I85_F69_m-1f-1_P85_Y-1_U46,I85_F8_m-1f-1_P85_Y-1_U6,FXX,3,0.0,1,0,1.0,0,0,0,-9999.0,0.25,1,P84_CV0,2,0,2,2,0,0,2,0,2
68,-144227.4406,-578483.4639,E68_F65_m85f85_P36_Y4_UO3957,I85_F98_m85f85_P21_Y1_UO3749,ID85_F69_m85f85_P21_Y2_UO3991,MXY,3,0.0,1,0,0.0,0,0,0,-9999.0,0.4375,1,P84_CV0,2,1,1,1,1,0,2,0,2
68,-144227.4406,-578483.4639,E68_F84_m31f31_P68_Y4_UO1528,I31_F68_m-1f-1_P85_Y-1_U243,I31_F68_m43f43_P48_Y0_UO2187,FXX,3,0.0,1,0,1.0,0,0,0,-9999.0,0.875,1,P84_CV0,2,2,0,1,1,0,2,0,2
68,-144227.4406,-578483.4639,E68_F84_m85f85_P36_Y4_UO3973,I85_F36_m-1f-1_P85_Y-1_U119,I85_F98_m-1f-1_P85_Y-1_U33,MXY,3,0.0,1,0,0.0,0,0,0,-9999.0,0.25,1,P84_CV0,2,1,1,1,1,0,2,0,2
68,-144227.4406,-578483.4639,E68_F25_m25f25_P8_Y3_UO1244,I25_F69_m63f63_P69_Y1_UO2851,I25_F8_m65f65_P8_Y1_UO3033,MXY,4,0.0,1,0,0.0,0,0,0,-9999.0,0.25,1,P84_CV0,2,0,2,2,0,0,2,0,2
68,-144227.4406,-578483.4639,E68_F25_m85f85_P36_Y3_UO3942,ID85_F36_m-1f-1_P85_Y-1_U87,I85_F69_m-1f-1_P85_Y-1_U132,MXY,4,0.0,1,0,0.0,0,0,0,-9999.0,0.5,1,P84_CV0,2,1,1,1,1,0,2,0,2
68,-144227.4406,-578483.4639,E68_F31_m85f85_P8_Y3_UO3920,I85_F69_m65f65_P98_Y1_UO2990,ID85_F69_m-1f-1_P85_Y-1_U107,MXY,4,0.0,1,0,0.0,0,0,0,-9999.0,0.375,1,P84_CV0,2,0,2,2,0,0,2,0,2
68,-144227.4406,-578483.4639,E68_F65_m85f85_P98_Y3_UO3964,I85_F69_m-1f-1_P85_Y-1_U184,I85_F36_m85f85_P69_Y1_UO3766,MXY,4,0.0,1,0,0.0,0,0,0,-9999.0,0.375,1,P84_CV0,2,1,1,1,1,0,2,0,2
68,-144227.4406,-578483.4639,E68_F84_m85f85_P8_Y3_UO3973,ID85_F8_m-1f-1_P85_Y-1_U88,I85_F98_m-1f-1_P85_Y-1_U187,MXY,4,0.0,1,0,0.0,0,0,0,-9999.0,1.0,1,P84_CV0,2,2,0,2,0,0,2,0,2
68,-144227.4406,-578483.4639,E68_F63_m65f65_P68_Y2_UO3155,ID65_F36_m-1f-1_P85_Y-1_U53,I65_F69_m85f85_P98_Y0_UO4252,MXY,5,0.0,1,0,0.0,0,0,0,-9999.0,0.625,1,P84_CV0,2,1,1,1,1,0,2,0,2
68,-144227.4406,-578483.4639,E68_F84_m31f31_P8_Y2_UO1542,ID31_F8_m-1f-1_P84_Y-1_U180,ID31_F69_m-1f-1_P85_Y-1_U223,FXX,5,0.0,1,0,1.0,0,0,0,-9999.0,0.5,1,P84_CV0,2,1,1,1,1,0,2,0,2
68,-144227.4406,-578483.4639,E68_F85_m85f85_P69_Y2_UO3926,I85_F2_m63f63_P98_Y0_UO3277,I85_F98_m-1f-1_P85_Y-1_U112,MXY,5,0.0,1,0,0.0,0,0,0,-9999.0,0.0,1,P84_CV0,2,0,2,0,2,0,2,0,2
68,-144227.4406,-578483.4639,E68_F25_m85f85_P21_Y1_UO3749,I85_F69_m-1f-1_P85_Y-1_U3,I85_F2_m-1f-1_P85_Y-1_U86,FXX,6,0.0,1,0,1.0,0,0,0,-9999.0,0.5,1,P84_CV0,2,1,1,0,2,0,2,0,2
68,-144227.4406,-578483.4639,E68_F63_m85f85_P69_Y1_UO3788,I85_F36_m-1f-1_P85_Y-1_U12,I85_F28_m-1f-1_P85_Y-1_U198,FXX,6,0.0,1,0,1.0,0,0,0,-9999.0,0.5,1,P84_CV0,2,1,1,0,2,0,2,0,2
68,-144227.4406,-578483.4639,E68_F63_m85f85_P36_Y1_UO3754,I85_F68_m-1f-1_P85_Y-1_U94,I85_F8_m-1f-1_P85_Y-1_U30,FXX,6,0.0,1,0,1.0,0,0,0,-9999.0,0.5,1,P84_CV0,2,0,2,0,2,0,2,0,2
68,-144227.4406,-578483.4639,E68_F65_m85f85_P8_Y1_UO3805,I85_F68_m-1f-1_P85_Y-1_U235,I85_F36_m-1f-1_P85_Y-1_U197,FXX,6,0.0,1,0,1.0,0,0,0,-9999.0,0.5,1,P84_CV0,2,1,1,2,0,0,2,0,2
68,-144227.4406,-578483.4639,E68_F84_m65f65_P8_Y1_UO3033,I65_F98_m-1f-1_P65_Y-1_U207,ID65_F36_m-1f-1_P85_Y-1_U37,MXY,6,0.0,1,0,0.0,0,0,0,-9999.0,0.0,1,P84_CV0,2,0,2,1,1,0,2,0,2
68,-144227.4406,-578483.4639,E68_F31_m85f85_P69_Y0_UO4242,R85_F85_m-1f-1_P85_Y-1_U61,R85_F85_m-1f-1_P85_Y-1_U23,MXY,7,0.0,1,0,0.0,0,0,0,-9999.0,0.5,1,P84_CV0,2,1,1,1,1,0,2,0,2
68,-144227.4406,-578483.4639,E68_F63_m85f85_P68_Y0_UO4292,R85_F85_m-1f-1_P85_Y-1_U206,R85_F85_m-1f-1_P85_Y-1_U205,FXX,7,0.0,1,0,1.0,0,0,0,-9999.0,0.25,1,P84_CV0,2,0,2,2,0,0,2,0,2
68,-144227.4406,-578483.4639,E68_F84_m85f85_P8_Y0_UO4238,R85_F85_m-1f-1_P85_Y-1_U47,R85_F85_m-1f-1_P85_Y-1_U247,MXY,7,0.0,1,0,0.0,0,0,0,-9999.0,0.5,1,P84_CV0,2,1,1,1,1,0,2,0,2
68,-144227.4406,-578483.4639,E68_F84_m85f85_P8_Y0_UO4230,R85_F85_m-1f-1_P85_Y-1_U28,R85_F85_m-1f-1_P85_Y-1_U23,FXX,7,0.0,1,0,1.0,0,0,0,-9999.0,0.75,1,P84_CV0,2,1,1,2,0,0,2,0,2
68,-144227.4406,-578483.4639,E68_F84_m-1f-1_P85_Y-1_U174,-9999,-9999,FXX,8,0.0,1,0,1.0,0,0,0,-9999.0,0.5,1,P84_CV0,2,1,1,1,1,0,2,0,2
68,-144227.4406,-578483.4639,E68_F63_m-1f-1_P85_Y-1_U223,-9999,-9999,MXY,11,0.0,1,0,0.0,0,0,0,-9999.0,0.5,1,P84_CV0,2,1,1,1,1,0,2,0,2
68,-144227.4406,-578483.4639,E68_F63_m-1f-1_P85_Y-1_U19,-9999,-9999,FXX,11,0.0,1,0,1.0,0,0,0,-9999.0,1.0,1,P84_CV0,2,2,0,1,1,0,2,0,2
68,-144227.4406,-578483.4639,E68_F85_m-1f-1_P85_Y-1_U222,-9999,-9999,FXX,11,0.0,1,0,1.0,0,0,0,-9999.0,0.0,1,P84_CV0,2,0,2,1,1,0,2,0,2
68,-144227.4406,-578483.4639,E68_F25_m-1f-1_P85_Y-1_U184,-9999,-9999,FXX,12,0.0,1,0,1.0,0,0,0,-9999.0,0.5,1,P84_CV0,2,1,1,2,0,0,2,0,2
68,-144227.4406,-578483.4639,E68_F85_m-1f-1_P85_Y-1_U20,-9999,-9999,MXY,12,0.0,1,0,0.0,0,0,0,-9999.0,0.0,1,P84_CV0,2,0,2,1,1,0,2,0,2
68,-144227.4406,-578483.4639,E68_F25_m-1f-1_P85_Y-1_U135,-9999,-9999,FXX,13,0.0,1,0,1.0,0,0,0,-9999.0,1.0,1,P84_CV0,2,2,0,1,1,0,2,0,2
68,-144227.4406,-578483.4639,E68_F65_m-1f-1_P85_Y-1_U96,-9999,-9999,MXY,13,0.0,1,0,0.0,0,0,0,-9999.0,0.5,1,P84_CV0,2,1,1,1,1,0,2,0,2
68,-144227.4406,-578483.4639,Age0_F68_m31f31_P68_Y7_UO1485,I31_F8_m31f31_P49_Y4_UO1511,ID31_F68_m31f31_P68_Y5_UO1542,MXY,0,0.0,0,0,0.0,0,0,0,0.0,0.375,1,P89_CV0,2,1,1,0,2,0,2,0,2
68,-144227.4406,-578483.4639,Age0_F68_m84f84_P68_Y7_UO3876,I84_F68_m63f63_P8_Y4_UO3062,I84_F69_m43f43_P48_Y3_UO2073,FXX,0,0.0,0,0,0.0,0,0,0,0.0,0.5,1,P89_CV0,2,2,0,1,1,0,2,0,2
68,-144227.4406,-578483.4639,E68_F25_m45f45_P8_Y6_UO2202,ID45_F57_m23f23_P57_Y4_UO1147,I45_F86_m90f90_P86_Y4_UO4201,FXX,1,0.0,1,1,1.0,0,0,0,-9999.0,0.5625,1,P89_CV0,2,1,1,0,2,0,2,0,2
68,-144227.4406,-578483.4639,E68_F45_m23f23_P57_Y6_UO1189,I23_F86_m90f90_P27_Y2_UO4268,ID23_F27_m23f23_P52_Y4_UO1208,MXY,1,0.0,1,1,0.0,0,0,0,-9999.0,0.4375,1,P89_CV0,2,1,1,0,2,0,2,0,2
68,-144227.4406,-578483.4639,E68_F45_m90f90_P86_Y6_UO4339,I90_F86_m-1f-1_P90_Y-1_U18,I90_F86_m-1f-1_P90_Y-1_U136,FXX,1,0.0,1,1,1.0,0,0,0,-9999.0,0.25,1,P89_CV0,2,1,1,1,1,0,2,0,2
68,-144227.4406,-578483.4639,E68_F31_m31f31_P49_Y4_UO1511,ID31_F98_m-1f-1_P31_Y-1_U101,I31_F69_m-1f-1_P90_Y-1_U234,FXX,3,0.0,1,0,1.0,0,0,0,-9999.0,0.25,1,P89_CV0,2,1,1,0,2,0,2,0,2
68,-144227.4406,-578483.4639,E68_F84_m63f63_P8_Y4_UO3062,I63_F8_m-1f-1_P45_Y-1_U116,I63_F68_m90f90_P57_Y1_UO4052,FXX,3,0.0,1,0,1.0,0,0,0,-9999.0,0.25,1,P89_CV0,2,1,1,1,1,0,2,0,2
68,-144227.4406,-578483.4639,E68_F31_m90f90_P86_Y1_UO4034,I90_F57_m-1f-1_P90_Y-1_U131,I90_F99_m-1f-1_P90_Y-1_U202,MXY,6,0.0,1,0,0.0,0,0,0,-9999.0,0.5,1,P89_CV0,2,0,2,1,1,0,2,0,2
68,-144227.4406,-578483.4639,E68_F25_m31f31_P68_Y6_UO1488,ID31_F86_m40f40_P6_Y4_UO1930,I31_F8_m-1f-1_P45_Y-1_U65,MXY,1,0.0,1,1,0.0,0,0,0,-9999.0,0.5625,1,P91_CV0,2,2,0,1,1,0,2,0,2
68,-144227.4406,-578483.4639,E68_F45_m92f92_P6_Y6_UO4373,ID92_F76_m92f92_P27_Y4_UO4312,I92_F57_m85f85_P98_Y4_UO3921,MXY,1,0.0,1,1,0.0,0,0,0,-9999.0,0.625,1,P91_CV0,2,1,1,1,1,0,2,0,2
68,-144227.4406,-578483.4639,E68_F45_m92f92_P6_Y6_UO4451,I92_F57_m-1f-1_P92_Y-1_U136,ID92_F57_m50f50_P99_Y2_UO2382,FXX,1,0.0,1,1,1.0,0,0,0,-9999.0,0.3125,1,P91_CV0,2,1,1,1,1,0,2,0,2
68,-144227.4406,-578483.4639,E68_F63_m31f31_P68_Y6_UO1560,ID31_F49_m-1f-1_P100_Y-1_U124,ID31_F8_m92f92_P6_Y0_UO4660,MXY,1,0.0,1,1,0.0,0,0,0,-9999.0,0.5,1,P91_CV0,2,0,2,2,0,0,2,0,2
68,-144227.4406,-578483.4639,E68_F65_m31f31_P68_Y6_UO1539,ID31_F68_m-1f-1_P84_Y-1_U91,I31_F68_m-1f-1_P92_Y-1_U94,MXY,1,0.0,1,1,0.0,0,0,0,-9999.0,0.5,1,P91_CV0,2,1,1,0,2,0,2,0,2
68,-144227.4406,-578483.4639,E68_F84_m40f40_P8_Y6_UO1945,I40_F6_m50f50_P99_Y3_UO2439,I40_F99_m40f40_P99_Y3_UO1899,FXX,1,0.0,1,1,1.0,0,0,0,-9999.0,0.3125,1,P91_CV0,2,0,2,2,0,0,2,0,2
68,-144227.4406,-578483.4639,E68_F84_m31f31_P68_Y6_UO1491,I31_F68_m65f65_P8_Y3_UO3127,I31_F68_m-1f-1_P92_Y-1_U94,MXY,1,0.0,1,1,0.0,0,0,0,-9999.0,0.625,1,P91_CV0,2,0,2,0,2,0,2,0,2
68,-144227.4406,-578483.4639,E68_F63_m31f31_P68_Y4_UO1536,I31_F68_m-1f-1_P31_Y-1_U183,I31_F8_m-1f-1_P92_Y-1_U94,MXY,3,0.0,1,0,0.0,0,0,0,-9999.0,0.5,1,P91_CV0,2,1,1,2,0,0,2,0,2
68,-144227.4406,-578483.4639,E68_F84_m31f31_P68_Y4_UO1531,I31_F36_m-1f-1_P31_Y-1_U20,I31_F8_m-1f-1_P92_Y-1_U94,MXY,3,0.0,1,0,0.0,0,0,0,-9999.0,0.5,1,P91_CV0,2,1,1,1,1,0,2,0,2
68,-144227.4406,-578483.4639,E68_F31_m92f92_P6_Y0_UO4660,R92_F92_m-1f-1_P92_Y-1_U152,R92_F92_m-1f-1_P92_Y-1_U182,MXY,7,0.0,1,0,0.0,0,0,0,-9999.0,0.5,1,P91_CV0,2,1,1,1,1,0,2,0,2
68,-144227.4406,-578483.4639,Age0_F68_m25f25_P68_Y7_UO1249,I25_F68_m25f25_P68_Y5_UO1247,ID25_F36_m84f84_P68_Y3_UO3832,FXX,0,0.0,0,0,0.0,0,0,0,0.0,0.71875,1,P93_CV0,2,1,1,0,2,0,2,0,2
68,-144227.4406,-578483.4639,Age0_F68_m25f25_P68_Y7_UO1250,I25_F68_m63f63_P68_Y5_UO3081,ID25_F36_m84f84_P68_Y3_UO3832,MXY,0,0.0,0,0,0.0,0,0,0,0.0,0.5625,1,P93_CV0,2,1,1,1,1,0,2,0,2
68,-144227.4406,-578483.4639,Age0_F68_m25f25_P68_Y7_UO1327,I25_F8_m94f94_P98_Y0_UO4797,ID25_F49_m31f31_P68_Y2_UO1546,MXY,0,0.0,0,0,0.0,0,0,0,0.0,0.5,1,P93_CV0,2,2,0,0,2,0,2,0,2
68,-144227.4406,-578483.4639,Age0_F68_m25f25_P68_Y7_UO1347,ID25_F68_m-1f-1_P84_Y-1_U178,ID25_F36_m84f84_P68_Y3_UO3832,FXX,0,0.0,0,0,0.0,0,0,0,0.0,0.625,1,P93_CV0,2,2,0,1,1,0,2,0,2
68,-144227.4406,-578483.4639,Age0_F68_m63f63_P68_Y7_UO3064,I63_F68_m58f58_P98_Y3_UO2756,I63_F36_m31f31_P69_Y3_UO1506,FXX,0,0.0,0,0,0.0,0,0,0,0.0,0.4375,1,P93_CV0,2,2,0,1,1,0,2,0,2
68,-144227.4406,-578483.4639,Age0_F68_m84f84_P68_Y7_UO3852,ID84_F8_m25f25_P69_Y5_UO1293,ID84_F8_m85f85_P8_Y0_UO4238,MXY,0,0.0,0,0,0.0,0,0,0,0.0,0.5625,1,P93_CV0,2,2,0,2,0,0,2,0,2
68,-144227.4406,-578483.4639,Age0_F68_m84f84_P68_Y7_UO3893,ID84_F68_m94f94_P98_Y4_UO4416,I84_F68_m31f31_P68_Y4_UO1509,FXX,0,0.0,0,0,0.0,0,0,0,0.0,0.625,1,P93_CV0,2,1,1,1,1,0,2,0,2
68,-144227.4406,-578483.4639,E68_F31_m25f25_P8_Y6_UO1325,I25_F69_m94f94_P98_Y0_UO4797,I25_F8_m63f63_P68_Y4_UO3011,MXY,1,0.0,1,1,0.0,0,0,0,-9999.0,0.75,1,P93_CV0,2,2,0,1,1,0,2,0,2
68,-144227.4406,-578483.4639,E68_F63_m84f84_P68_Y6_UO3939,I84_F8_m85f85_P69_Y1_UO3784,ID84_F69_m58f58_P98_Y4_UO2751,FXX,1,0.0,1,1,1.0,0,0,0,-9999.0,0.75,1,P93_CV0,2,2,0,1,1,0,2,0,2
68,-144227.4406,-578483.4639,E68_F65_m40f40_P98_Y6_UO1998,ID40_F99_m-1f-1_P65_Y-1_U17,I40_F6_m-1f-1_P94_Y-1_U237,FXX,1,0.0,1,1,1.0,0,0,0,-9999.0,0.5,1,P93_CV0,2,1,1,1,1,0,2,0,2
68,-144227.4406,-578483.4639,E68_F84_m25f25_P8_Y6_UO1348,I25_F68_m-1f-1_P65_Y-1_U139,ID25_F8_m94f94_P98_Y1_UO4204,FXX,1,0.0,1,1,1.0,0,0,0,-9999.0,0.25,1,P93_CV0,2,1,1,1,1,0,2,0,2
68,-144227.4406,-578483.4639,E68_F84_m25f25_P68_Y6_UO1275,I25_F8_m100f100_P68_Y4_UO4579,ID25_F68_m94f94_P91_Y2_UO4398,FXX,1,0.0,1,1,1.0,0,0,0,-9999.0,0.25,1,P93_CV0,2,1,1,1,1,0,2,0,2
68,-144227.4406,-578483.4639,E68_F84_m25f25_P69_Y6_UO1292,I25_F8_m31f31_P68_Y3_UO1553,I25_F49_m85f85_P2_Y4_UO3988,FXX,1,0.0,1,1,1.0,0,0,0,-9999.0,0.46875,1,P93_CV0,2,1,1,2,0,0,2,0,2
68,-144227.4406,-578483.4639,E68_F85_m85f85_P69_Y6_UO3977,ID85_F8_m85f85_P21_Y4_UO3974,I85_F36_m85f85_P69_Y3_UO3952,FXX,1,0.0,1,1,1.0,0,0,0,-9999.0,0.71875,1,P93_CV0,2,1,1,1,1,0,2,0,2
68,-144227.4406,-578483.4639,E68_F84_m25f25_P69_Y5_UO1293,ID25_F68_m94f94_P98_Y0_UO4797,I25_F8_m-1f-1_P25_Y-1_U177,FXX,2,0.0,1,0,1.0,0,0,0,-9999.0,0.625,1,P93_CV0,2,2,0,1,1,0,2,0,2
68,-144227.4406,-578483.4639,E68_F25_m94f94_P91_Y4_UO4438,I94_F81_m-1f-1_P94_Y-1_U187,I94_F99_m-1f-1_P94_Y-1_U80,FXX,3,0.0,1,0,1.0,0,0,0,-9999.0,0.25,1,P93_CV0,2,0,2,0,2,0,2,0,2
68,-144227.4406,-578483.4639,E68_F84_m94f94_P98_Y4_UO4416,ID94_F81_m94f94_P81_Y0_UO4798,ID94_F6_m58f58_P99_Y2_UO2728,FXX,3,0.0,1,0,1.0,0,0,0,-9999.0,0.5,1,P93_CV0,2,1,1,1,1,0,2,0,2
68,-144227.4406,-578483.4639,E68_F25_m84f84_P68_Y3_UO3832,I84_F8_m94f94_P98_Y0_UO4779,I84_F8_m-1f-1_P84_Y-1_U120,MXY,4,0.0,1,0,0.0,0,0,0,-9999.0,0.75,1,P93_CV0,2,2,0,0,2,0,2,0,2
68,-144227.4406,-578483.4639,E68_F63_m58f58_P98_Y3_UO2756,I58_F99_m-1f-1_P94_Y-1_U48,I58_F99_m42f42_P99_Y0_UO2102,FXX,4,0.0,1,0,1.0,0,0,0,-9999.0,0.5,1,P93_CV0,2,2,0,0,2,0,2,0,2
68,-144227.4406,-578483.4639,E68_F65_m94f94_P98_Y2_UO4419,I94_F81_m-1f-1_P94_Y-1_U18,ID94_F99_m-1f-1_P42_Y-1_U119,MXY,5,0.0,1,0,0.0,0,0,0,-9999.0,0.5,1,P93_CV0,2,1,1,0,2,0,2,0,2
68,-144227.4406,-578483.4639,E68_F25_m94f94_P98_Y0_UO4797,R94_F94_m-1f-1_P94_Y-1_U248,R94_F94_m-1f-1_P94_Y-1_U65,FXX,7,0.0,1,0,1.0,0,0,0,-9999.0,0.75,1,P93_CV0,2,2,0,1,1,0,2,0,2
68,-144227.4406,-578483.4639,E68_F31_m84f84_P8_Y6_UO3957,ID84_F68_m-1f-1_P63_Y-1_U195,ID84_F2_m95f95_P91_Y4_UO4528,MXY,1,0.0,1,1,0.0,0,0,0,-9999.0,0.40625,1,P94_CV0,2,1,1,1,1,0,2,0,2
68,-144227.4406,-578483.4639,Age0_F68_m25f25_P68_Y7_UO1255,I25_F69_m100f100_P48_Y5_UO4629,ID25_F69_m94f94_P91_Y3_UO4367,FXX,0,0.0,0,0,0.0,0,0,0,0.0,0.1875,1,P99_CV0,2,1,1,1,1,0,2,0,2
68,-144227.4406,-578483.4639,Age0_F68_m25f25_P68_Y7_UO1265,ID25_F48_m84f84_P68_Y5_UO3891,ID25_F68_m25f25_P8_Y0_UO1415,MXY,0,0.0,0,0,0.0,0,0,0,0.0,0.4375,1,P99_CV0,2,1,1,1,1,0,2,0,2
68,-144227.4406,-578483.4639,Age0_F68_m25f25_P68_Y7_UO1271,I25_F8_m85f85_P36_Y4_UO3987,ID25_F68_m25f25_P68_Y5_UO1271,FXX,0,0.0,0,0,0.0,0,0,0,0.0,0.78125,1,P99_CV0,2,2,0,1,1,0,2,0,2
68,-144227.4406,-578483.4639,Age0_F68_m25f25_P68_Y7_UO1303,ID25_F68_m25f25_P36_Y2_UO1250,ID25_F36_m100f100_P48_Y1_UO4375,MXY,0,0.0,0,0,0.0,0,0,0,0.0,0.6875,1,P99_CV0,2,1,1,1,1,0,2,0,2
68,-144227.4406,-578483.4639,Age0_F68_m25f25_P68_Y7_UO1307,ID25_F36_m100f100_P68_Y2_UO4574,ID25_F68_m25f25_P8_Y0_UO1415,MXY,0,0.0,0,0,0.0,0,0,0,0.0,0.375,1,P99_CV0,2,1,1,1,1,0,2,0,2
68,-144227.4406,-578483.4639,Age0_F68_m25f25_P68_Y7_UO1321,ID25_F68_m65f65_P8_Y1_UO2958,I25_F8_m-1f-1_P100_Y-1_U153,FXX,0,0.0,0,0,0.0,0,0,0,0.0,0.375,1,P99_CV0,2,0,2,0,2,0,2,0,2
68,-144227.4406,-578483.4639,Age0_F68_m31f31_P68_Y7_UO1535,I31_F68_m-1f-1_P100_Y-1_U222,I31_F68_m63f63_P68_Y0_UO3257,FXX,0,0.0,0,0,0.0,0,0,0,0.0,0.375,1,P99_CV0,2,1,1,0,2,0,2,0,2
68,-144227.4406,-578483.4639,Age0_F68_m43f43_P68_Y7_UO2118,I43_F48_m43f43_P49_Y4_UO2045,I43_F49_m43f43_P48_Y3_UO2039,MXY,0,0.0,0,0,0.0,0,0,0,0.0,0.375,1,P99_CV0,2,1,1,2,0,0,2,0,2
68,-144227.4406,-578483.4639,Age0_F68_m63f63_P68_Y7_UO3046,ID63_F68_m65f65_P8_Y4_UO3095,ID63_F8_m-1f-1_P25_Y-1_U4,FXX,0,0.0,0,0,0.0,0,0,0,0.0,0.8125,1,P99_CV0,2,1,1,1,1,0,2,0,2
68,-144227.4406,-578483.4639,Age0_F68_m63f63_P68_Y7_UO3065,I63_F8_m100f100_P68_Y3_UO4567,ID63_F8_m45f45_P68_Y4_UO2164,MXY,0,0.0,0,0,0.0,0,0,0,0.0,0.4375,1,P99_CV0,2,1,1,1,1,0,2,0,2
68,-144227.4406,-578483.4639,Age0_F68_m63f63_P68_Y7_UO3069,ID63_F48_m100f100_P49_Y2_UO4581,I63_F98_m31f31_P8_Y4_UO1518,FXX,0,0.0,0,0,0.0,0,0,0,0.0,0.5,1,P99_CV0,2,1,1,2,0,0,2,0,2
68,-144227.4406,-578483.4639,Age0_F68_m63f63_P68_Y7_UO3074,I63_F68_m100f100_P49_Y1_UO4378,ID63_F8_m-1f-1_P65_Y-1_U246,FXX,0,0.0,0,0,0.0,0,0,0,0.0,0.625,1,P99_CV0,2,1,1,0,2,0,2,0,2
68,-144227.4406,-578483.4639,Age0_F68_m84f84_P68_Y7_UO3862,ID84_F36_m65f65_P8_Y5_UO3106,I84_F8_m100f100_P68_Y4_UO4597,MXY,0,0.0,0,0,0.0,0,0,0,0.0,0.6875,1,P99_CV0,2,0,2,0,2,0,2,0,2
68,-144227.4406,-578483.4639,Age0_F68_m84f84_P68_Y7_UO3898,ID84_F68_m100f100_P68_Y3_UO4548,I84_F68_m84f84_P68_Y5_UO3919,MXY,0,0.0,0,0,0.0,0,0,0,0.0,0.5625,1,P99_CV0,2,1,1,0,2,0,2,0,2
68,-144227.4406,-578483.4639,Age0_F68_m84f84_P68_Y7_UO3910,I84_F8_m100f100_P68_Y3_UO4528,I84_F98_m84f84_P8_Y5_UO3853,MXY,0,0.0,0,0,0.0,0,0,0,0.0,0.65625,1,P99_CV0,2,2,0,1,1,0,2,0,2
68,-144227.4406,-578483.4639,Age0_F68_m84f84_P68_Y7_UO3933,I84_F68_m31f31_P8_Y1_UO1433,ID84_F8_m-1f-1_P100_Y-1_U242,FXX,0,0.0,0,0,0.0,0,0,0,0.0,0.375,1,P99_CV0,2,0,2,0,2,0,2,0,2
68,-144227.4406,-578483.4639,Age0_F68_m100f100_P68_Y7_UO4553,I100_F49_m55f55_P49_Y5_UO2537,I100_F49_m-1f-1_P100_Y-1_U30,MXY,0,0.0,0,0,0.0,0,0,0,0.0,0.75,1,P99_CV0,2,2,0,0,2,0,2,0,2
68,-144227.4406,-578483.4639,E68_F25_m25f25_P8_Y6_UO1269,ID25_F68_m85f85_P36_Y4_UO3963,I25_F68_m100f100_P68_Y4_UO4620,FXX,1,0.0,1,1,1.0,0,0,0,-9999.0,0.5,1,P99_CV0,2,2,0,1,1,0,2,0,2
68,-144227.4406,-578483.4639,E68_F25_m25f25_P8_Y6_UO1344,I25_F36_m-1f-1_P31_Y-1_U150,I25_F8_m-1f-1_P100_Y-1_U88,MXY,1,0.0,1,1,0.0,0,0,0,-9999.0,1.0,1,P99_CV0,2,2,0,2,0,0,2,0,2
68,-144227.4406,-578483.4639,E68_F25_m25f25_P8_Y6_UO1358,I25_F8_m-1f-1_P25_Y-1_U172,I25_F49_m43f43_P49_Y3_UO2114,MXY,1,0.0,1,1,0.0,0,0,0,-9999.0,0.5,1,P99_CV0,2,1,1,0,2,0,2,0,2
68,-144227.4406,-578483.4639,E68_F25_m100f100_P68_Y6_UO4663,I100_F48_m-1f-1_P100_Y-1_U25,I100_F49_m11f11_P48_Y0_UO655,FXX,1,0.0,1,1,1.0,0,0,0,-9999.0,0.0,1,P99_CV0,2,0,2,1,1,0,2,0,2
68,-144227.4406,-578483.4639,E68_F25_m65f65_P69_Y6_UO3115,I65_F8_m84f84_P8_Y4_UO3843,I65_F36_m84f84_P68_Y1_UO3656,MXY,1,0.0,1,1,0.0,0,0,0,-9999.0,0.25,1,P99_CV0,2,1,1,0,2,0,2,0,2
68,-144227.4406,-578483.4639,E68_F31_m25f25_P8_Y6_UO1291,I25_F98_m31f31_P8_Y3_UO1542,ID25_F28_m100f100_P49_Y1_UO4372,FXX,1,0.0,1,1,1.0,0,0,0,-9999.0,0.5,1,P99_CV0,2,1,1,0,2,0,2,0,2
68,-144227.4406,-578483.4639,E68_F31_m31f31_P8_Y6_UO1477,I31_F36_m84f84_P68_Y4_UO3832,I31_F8_m25f25_P8_Y4_UO1289,MXY,1,0.0,1,1,0.0,0,0,0,-9999.0,0.375,1,P99_CV0,2,1,1,1,1,0,2,0,2
68,-144227.4406,-578483.4639,E68_F31_m84f84_P8_Y6_UO3946,ID84_F36_m65f65_P98_Y1_UO3025,I84_F68_m100f100_P68_Y4_UO4597,MXY,1,0.0,1,1,0.0,0,0,0,-9999.0,0.4375,1,P99_CV0,2,0,2,0,2,0,2,0,2
68,-144227.4406,-578483.4639,E68_F31_m25f25_P68_Y6_UO1299,I25_F68_m100f100_P68_Y3_UO4600,I25_F69_m11f11_P2_Y2_UO626,FXX,1,0.0,1,1,1.0,0,0,0,-9999.0,0.5,1,P99_CV0,2,2,0,1,1,0,2,0,2
68,-144227.4406,-578483.4639,E68_F63_m25f25_P8_Y6_UO1259,I25_F36_m63f63_P8_Y4_UO3061,ID25_F8_m-1f-1_P100_Y-1_U153,MXY,1,0.0,1,1,0.0,0,0,0,-9999.0,0.5625,1,P99_CV0,2,1,1,1,1,0,2,0,2
68,-144227.4406,-578483.4639,E68_F63_m25f25_P68_Y6_UO1278,I25_F49_m65f65_P8_Y4_UO3095,ID25_F8_m63f63_P68_Y1_UO2861,MXY,1,0.0,1,1,0.0,0,0,0,-9999.0,0.3125,1,P99_CV0,2,0,2,1,1,0,2,0,2
68,-144227.4406,-578483.4639,E68_F63_m63f63_P68_Y6_UO3042,I63_F68_m100f100_P68_Y3_UO4583,I63_F68_m84f84_P68_Y1_UO3735,FXX,1,0.0,1,1,1.0,0,0,0,-9999.0,0.625,1,P99_CV0,2,2,0,1,1,0,2,0,2
68,-144227.4406,-578483.4639,E68_F63_m84f84_P68_Y6_UO3967,ID84_F8_m-1f-1_P25_Y-1_U86,I84_F68_m31f31_P68_Y2_UO1456,MXY,1,0.0,1,1,0.0,0,0,0,-9999.0,0.5,1,P99_CV0,2,0,2,2,0,0,2,0,2
68,-144227.4406,-578483.4639,E68_F63_m65f65_P98_Y6_UO3151,I65_F68_m65f65_P98_Y3_UO3106,I65_F69_m25f25_P68_Y4_UO1259,FXX,1,0.0,1,1,1.0,0,0,0,-9999.0,0.4375,1,P99_CV0,2,1,1,2,0,0,2,0,2
68,-144227.4406,-578483.4639,E68_F84_m31f31_P8_Y6_UO1514,I31_F8_m63f63_P68_Y2_UO3000,I31_F68_m31f31_P68_Y4_UO1473,MXY,1,0.0,1,1,0.0,0,0,0,-9999.0,0.4375,1,P99_CV0,2,1,1,2,0,0,2,0,2
68,-144227.4406,-578483.4639,E68_F84_m65f65_P36_Y6_UO3172,ID65_F2_m100f100_P68_Y2_UO4574,I65_F98_m-1f-1_P65_Y-1_U229,MXY,1,0.0,1,1,0.0,0,0,0,-9999.0,0.25,1,P99_CV0,2,1,1,1,1,0,2,0,2
68,-144227.4406,-578483.4639,E68_F84_m25f25_P68_Y6_UO1323,I25_F36_m84f84_P8_Y1_UO3658,I25_F49_m43f43_P49_Y3_UO2114,FXX,1,0.0,1,1,1.0,0,0,0,-9999.0,0.5,1,P99_CV0,2,2,0,2,0,0,2,0,2
68,-144227.4406,-578483.4639,E68_F85_m25f25_P98_Y6_UO1281,I25_F69_m63f63_P8_Y3_UO3030,I25_F8_m84f84_P68_Y4_UO3828,FXX,1,0.0,1,1,1.0,0,0,0,-9999.0,0.375,1,P99_CV0,2,2,0,1,1,0,2,0,2
68,-144227.4406,-578483.4639,E68_F100_m43f43_P48_Y6_UO2175,ID43_F49_m-1f-1_P43_Y-1_U246,I43_F49_m-1f-1_P100_Y-1_U201,FXX,1,0.0,1,1,1.0,0,0,0,-9999.0,0.75,1,P99_CV0,2,2,0,0,2,0,2,0,2
68,-144227.4406,-578483.4639,E68_F25_m25f25_P68_Y5_UO1271,I25_F68_m25f25_P8_Y2_UO1254,I25_F36_m-1f-1_P100_Y-1_U88,MXY,2,0.0,1,0,0.0,0,0,0,-9999.0,0.9375,1,P99_CV0,2,2,0,2,0,0,2,0,2
68,-144227.4406,-578483.4639,E68_F25_m100f100_P48_Y5_UO4629,I100_F68_m-1f-1_P100_Y-1_U136,I100_F49_m-1f-1_P43_Y-1_U168,FXX,2,0.0,1,0,1.0,0,0,0,-9999.0,0.0,1,P99_CV0,2,0,2,2,0,0,2,0,2
68,-144227.4406,-578483.4639,E68_F25_m31f31_P68_Y5_UO1473,I31_F68_m65f65_P8_Y2_UO3141,I31_F8_m100f100_P48_Y1_UO4352,MXY,2,0.0,1,0,0.0,0,0,0,-9999.0,0.75,1,P99_CV0,2,2,0,1,1,0,2,0,2
68,-144227.4406,-578483.4639,E68_F25_m84f84_P68_Y5_UO3891,I84_F8_m31f31_P8_Y1_UO1433,I84_F68_m-1f-1_P100_Y-1_U163,FXX,2,0.0,1,0,1.0,0,0,0,-9999.0,0.125,1,P99_CV0,2,0,2,0,2,0,2,0,2
68,-144227.4406,-578483.4639,E68_F31_m100f100_P68_Y5_UO4602,I100_F49_m-1f-1_P100_Y-1_U66,I100_F49_m100f100_P48_Y1_UO4399,MXY,2,0.0,1,0,0.0,0,0,0,-9999.0,0.75,1,P99_CV0,2,2,0,2,0,0,2,0,2
68,-144227.4406,-578483.4639,E68_F31_m25f25_P8_Y5_UO1248,I25_F68_m25f25_P69_Y3_UO1238,ID25_F8_m25f25_P98_Y3_UO1289,MXY,2,0.0,1,0,0.0,0,0,0,-9999.0,0.625,1,P99_CV0,2,1,1,1,1,0,2,0,2
68,-144227.4406,-578483.4639,E68_F63_m84f84_P68_Y5_UO3910,I84_F86_m-1f-1_P84_Y-1_U6,I84_F68_m-1f-1_P100_Y-1_U163,MXY,2,0.0,1,0,0.0,0,0,0,-9999.0,0.5,1,P99_CV0,2,1,1,0,2,0,2,0,2
68,-144227.4406,-578483.4639,E68_F100_m100f100_P48_Y5_UO4584,I100_F49_m100f100_P49_Y2_UO4581,I100_F48_m11f11_P49_Y1_UO545,MXY,2,0.0,1,0,0.0,0,0,0,-9999.0,0.375,1,P99_CV0,2,1,1,1,1,0,2,0,2
68,-144227.4406,-578483.4639,E68_F25_m25f25_P8_Y4_UO1266,I25_F68_m100f100_P68_Y1_UO4387,I25_F8_m65f65_P8_Y1_UO3033,MXY,3,0.0,1,0,0.0,0,0,0,-9999.0,0.375,1,P99_CV0,2,1,1,2,0,0,2,0,2
68,-144227.4406,-578483.4639,E68_F31_m25f25_P8_Y4_UO1289,ID25_F8_m65f65_P8_Y0_UO3332,ID25_F49_m100f100_P48_Y2_UO4605,MXY,3,0.0,1,0,0.0,0,0,0,-9999.0,0.25,1,P99_CV0,2,0,2,1,1,0,2,0,2
68,-144227.4406,-578483.4639,E68_F43_m43f43_P49_Y4_UO2045,I43_F14_m43f43_P49_Y2_UO2100,I43_F41_m100f100_P48_Y2_UO4553,FXX,3,0.0,1,0,1.0,0,0,0,-9999.0,0.25,1,P99_CV0,2,0,2,2,0,0,2,0,2
68,-144227.4406,-578483.4639,E68_F63_m63f63_P68_Y4_UO2992,I63_F8_m100f100_P49_Y1_UO4378,ID63_F98_m11f11_P36_Y0_UO671,MXY,3,0.0,1,0,0.0,0,0,0,-9999.0,0.375,1,P99_CV0,2,1,1,1,1,0,2,0,2
68,-144227.4406,-578483.4639,E68_F63_m65f65_P8_Y4_UO3095,ID65_F68_m100f100_P68_Y2_UO4609,I65_F8_m65f65_P98_Y2_UO3091,FXX,3,0.0,1,0,1.0,0,0,0,-9999.0,0.625,1,P99_CV0,2,1,1,0,2,0,2,0,2
68,-144227.4406,-578483.4639,E68_F100_m43f43_P48_Y4_UO2046,I43_F41_m43f43_P48_Y2_UO2046,I43_F48_m15f15_P14_Y2_UO776,MXY,3,0.0,1,0,0.0,0,0,0,-9999.0,0.625,1,P99_CV0,2,2,0,1,1,0,2,0,2
68,-144227.4406,-578483.4639,E68_F63_m63f63_P8_Y3_UO2977,I63_F8_m63f63_P68_Y1_UO2856,ID63_F8_m90f90_P57_Y1_UO4052,FXX,4,0.0,1,0,1.0,0,0,0,-9999.0,0.5,1,P99_CV0,2,1,1,2,0,0,2,0,2
68,-144227.4406,-578483.4639,E68_F63_m84f84_P68_Y3_UO3893,I84_F68_m-1f-1_P31_Y-1_U79,ID84_F8_m-1f-1_P100_Y-1_U181,MXY,4,0.0,1,0,0.0,0,0,0,-9999.0,0.75,1,P99_CV0,2,2,0,2,0,0,2,0,2
68,-144227.4406,-578483.4639,E68_F63_m100f100_P68_Y3_UO4567,I100_F48_m-1f-1_P100_Y-1_U139,I100_F49_m-1f-1_P11_Y-1_U98,FXX,4,0.0,1,0,1.0,0,0,0,-9999.0,0.25,1,P99_CV0,2,0,2,2,0,0,2,0,2
68,-144227.4406,-578483.4639,E68_F65_m100f100_P48_Y3_UO4570,I100_F49_m-1f-1_P100_Y-1_U146,I100_F49_m-1f-1_P100_Y-1_U196,MXY,4,0.0,1,0,0.0,0,0,0,-9999.0,0.5,1,P99_CV0,2,0,2,1,1,0,2,0,2
68,-144227.4406,-578483.4639,E68_F84_m100f100_P68_Y3_UO4548,I100_F48_m63f63_P8_Y0_UO3268,I100_F49_m-1f-1_P100_Y-1_U196,FXX,4,0.0,1,0,1.0,0,0,0,-9999.0,0.5,1,P99_CV0,2,0,2,1,1,0,2,0,2
68,-144227.4406,-578483.4639,E68_F84_m63f63_P8_Y3_UO3030,ID63_F48_m-1f-1_P100_Y-1_U32,I63_F8_m-1f-1_P100_Y-1_U247,FXX,4,0.0,1,0,1.0,0,0,0,-9999.0,0.5,1,P99_CV0,2,1,1,0,2,0,2,0,2
68,-144227.4406,-578483.4639,E68_F84_m100f100_P68_Y3_UO4528,I100_F48_m43f43_P48_Y1_UO1928,I100_F49_m-1f-1_P100_Y-1_U95,FXX,4,0.0,1,0,1.0,0,0,0,-9999.0,0.625,1,P99_CV0,2,2,0,2,0,0,2,0,2
68,-144227.4406,-578483.4639,E68_F25_m100f100_P68_Y2_UO4574,I100_F48_m-1f-1_P100_Y-1_U245,I100_F49_m-1f-1_P100_Y-1_U53,FXX,5,0.0,1,0,1.0,0,0,0,-9999.0,0.0,1,P99_CV0,2,0,2,1,1,0,2,0,2
68,-144227.4406,-578483.4639,E68_F63_m100f100_P49_Y2_UO4581,ID100_F89_m-1f-1_P55_Y-1_U70,I100_F48_m-1f-1_P100_Y-1_U140,FXX,5,0.0,1,0,1.0,0,0,0,-9999.0,0.5,1,P99_CV0,2,2,0,2,0,0,2,0,2
68,-144227.4406,-578483.4639,E68_F31_m100f100_P48_Y1_UO4352,I100_F48_m-1f-1_P100_Y-1_U229,I100_F48_m-1f-1_P100_Y-1_U88,MXY,6,0.0,1,0,0.0,0,0,0,-9999.0,1.0,1,P99_CV0,2,2,0,1,1,0,2,0,2
68,-144227.4406,-578483.4639,E68_F63_m100f100_P49_Y1_UO4378,I100_F49_m-1f-1_P100_Y-1_U10,I100_F48_m-1f-1_P100_Y-1_U198,FXX,6,0.0,1,0,1.0,0,0,0,-9999.0,0.25,1,P99_CV0,2,0,2,1,1,0,2,0,2
68,-144227.4406,-578483.4639,E68_F100_m100f100_P48_Y1_UO4381,I100_F48_m-1f-1_P100_Y-1_U13,I100_F48_m-1f-1_P100_Y-1_U15,MXY,6,0.0,1,0,0.0,0,0,0,-9999.0,0.75,1,P99_CV0,2,1,1,0,2,0,2,0,2
68,-144227.4406,-578483.4639,E68_F31_m-1f-1_P100_Y-1_U222,-9999,-9999,FXX,9,0.0,1,0,1.0,0,0,0,-9999.0,0.0,1,P99_CV0,2,0,2,0,2,0,2,0,2
68,-144227.4406,-578483.4639,E68_F84_m-1f-1_P100_Y-1_U210,-9999,-9999,FXX,10,0.0,1,0,1.0,0,0,0,-9999.0,0.5,1,P99_CV0,2,1,1,0,2,0,2,0,2
69,-9557.570169,-718452.4035,Age0_F69_m11f11_P69_Y7_UO651,ID11_F89_m11f11_P2_Y2_UO657,I11_F49_m-1f-1_P11_Y-1_U41,FXX,0,0.0,0,0,0.0,0,0,0,0.0,0.125,1,P10_CV0,2,0,2,0,2,0,2,0,2
69,-9557.570169,-718452.4035,Age0_F69_m11f11_P69_Y7_UO662,ID11_F89_m-1f-1_P11_Y-1_U122,ID11_F89_m15f15_P14_Y5_UO800,FXX,0,0.0,0,0,0.0,0,0,0,0.0,0.09375,1,P10_CV0,2,0,2,1,1,0,2,0,2
69,-9557.570169,-718452.4035,Age0_F69_m11f11_P69_Y7_UO670,I11_F48_m-1f-1_P11_Y-1_U87,I11_F49_m-1f-1_P65_Y-1_U218,MXY,0,0.0,0,0,0.0,0,0,0,0.0,0.5,1,P10_CV0,2,1,1,1,1,0,2,0,2
69,-9557.570169,-718452.4035,Age0_F69_m11f11_P69_Y7_UO673,I11_F49_m-1f-1_P11_Y-1_U237,I11_F69_m-1f-1_P11_Y-1_U161,FXX,0,0.0,0,0,0.0,0,0,0,0.0,0.75,1,P10_CV0,2,1,1,0,2,0,2,0,2
69,-9557.570169,-718452.4035,Age0_F69_m85f85_P69_Y7_UO3990,ID85_F36_m85f85_P28_Y5_UO3993,I85_F36_m11f11_P2_Y5_UO660,MXY,0,0.0,0,0,0.0,0,0,0,0.0,0.46875,1,P10_CV0,2,2,0,1,1,0,2,0,2
69,-9557.570169,-718452.4035,Age0_F69_m85f85_P69_Y7_UO4012,I85_F69_m11f11_P2_Y3_UO632,I85_F36_m85f85_P36_Y4_UO3927,MXY,0,0.0,0,0,0.0,0,0,0,0.0,0.4375,1,P10_CV0,2,1,1,1,1,0,2,0,2
69,-9557.570169,-718452.4035,E69_F25_m100f100_P49_Y6_UO4590,I100_F48_m11f11_P48_Y4_UO633,I100_F49_m63f63_P8_Y4_UO2997,MXY,1,0.0,1,1,0.0,0,0,0,-9999.0,0.75,1,P10_CV0,2,2,0,0,2,0,2,0,2
69,-9557.570169,-718452.4035,E69_F65_m31f31_P98_Y6_UO1473,I31_F69_m43f43_P48_Y4_UO2044,I31_F68_m45f45_P6_Y2_UO2151,MXY,1,0.0,1,1,0.0,0,0,0,-9999.0,0.40625,1,P10_CV0,2,1,1,2,0,0,2,0,2
69,-9557.570169,-718452.4035,E69_F84_m45f45_P68_Y6_UO2216,I45_F6_m63f63_P8_Y3_UO2980,ID45_F6_m23f23_P86_Y3_UO1218,MXY,1,0.0,1,1,0.0,0,0,0,-9999.0,0.5625,1,P10_CV0,2,1,1,1,1,0,2,0,2
69,-9557.570169,-718452.4035,E69_F84_m85f85_P68_Y6_UO4025,I85_F36_m11f11_P2_Y3_UO620,I85_F28_m63f63_P69_Y4_UO2973,FXX,1,0.0,1,1,1.0,0,0,0,-9999.0,0.53125,1,P10_CV0,2,2,0,1,1,0,2,0,2
69,-9557.570169,-718452.4035,E69_F85_m25f25_P69_Y6_UO1300,I25_F2_m11f11_P48_Y3_UO645,I25_F8_m25f25_P8_Y0_UO1380,FXX,1,0.0,1,1,1.0,0,0,0,-9999.0,0.25,1,P10_CV0,2,1,1,1,1,0,2,0,2
69,-9557.570169,-718452.4035,E69_F85_m65f65_P36_Y6_UO3210,ID65_F81_m-1f-1_P94_Y-1_U249,ID65_F8_m65f65_P68_Y4_UO3082,FXX,1,0.0,1,1,1.0,0,0,0,-9999.0,0.4375,1,P10_CV0,2,2,0,1,1,0,2,0,2
69,-9557.570169,-718452.4035,E69_F85_m11f11_P2_Y6_UO666,I11_F69_m-1f-1_P11_Y-1_U121,ID11_F89_m73f73_P89_Y3_UO3356,MXY,1,0.0,1,1,0.0,0,0,0,-9999.0,0.375,1,P10_CV0,2,1,1,1,1,0,2,0,2
69,-9557.570169,-718452.4035,E69_F85_m11f11_P69_Y5_UO670,ID11_F48_m-1f-1_P11_Y-1_U224,ID11_F49_m-1f-1_P11_Y-1_U232,FXX,2,0.0,1,0,1.0,0,0,0,-9999.0,0.75,1,P10_CV0,2,2,0,0,2,0,2,0,2
69,-9557.570169,-718452.4035,E69_F85_m11f11_P36_Y5_UO690,I11_F2_m-1f-1_P11_Y-1_U27,I11_F49_m-1f-1_P11_Y-1_U221,FXX,2,0.0,1,0,1.0,0,0,0,-9999.0,1.0,1,P10_CV0,2,2,0,2,0,0,2,0,2
69,-9557.570169,-718452.4035,E69_F25_m73f73_P41_Y4_UO3276,I73_F89_m11f11_P89_Y2_UO601,I73_F89_m-1f-1_P73_Y-1_U101,MXY,3,0.0,1,0,0.0,0,0,0,-9999.0,0.25,1,P10_CV0,2,1,1,0,2,0,2,0,2
69,-9557.570169,-718452.4035,E69_F65_m65f65_P68_Y4_UO3082,I65_F98_m94f94_P98_Y2_UO4433,I65_F68_m11f11_P69_Y0_UO681,MXY,3,0.0,1,0,0.0,0,0,0,-9999.0,0.375,1,P10_CV0,2,1,1,2,0,0,2,0,2
69,-9557.570169,-718452.4035,E69_F65_m85f85_P36_Y3_UO3972,I85_F69_m-1f-1_P85_Y-1_U101,I85_F69_m11f11_P2_Y0_UO642,FXX,4,0.0,1,0,1.0,0,0,0,-9999.0,0.75,1,P10_CV0,2,1,1,0,2,0,2,0,2
69,-9557.570169,-718452.4035,E69_F85_m11f11_P2_Y3_UO632,I11_F2_m-1f-1_P11_Y-1_U192,I11_F49_m-1f-1_P11_Y-1_U210,FXX,4,0.0,1,0,1.0,0,0,0,-9999.0,0.5,1,P10_CV0,2,1,1,1,1,0,2,0,2
69,-9557.570169,-718452.4035,E69_F11_m11f11_P2_Y2_UO657,I11_F49_m-1f-1_P11_Y-1_U152,I11_F2_m-1f-1_P11_Y-1_U100,FXX,5,0.0,1,0,1.0,0,0,0,-9999.0,0.25,1,P10_CV0,2,0,2,1,1,0,2,0,2
69,-9557.570169,-718452.4035,E69_F11_m-1f-1_P11_Y-1_U122,-9999,-9999,FXX,8,0.0,1,0,1.0,0,0,0,-9999.0,0.0,1,P10_CV0,2,0,2,1,1,0,2,0,2
69,-9557.570169,-718452.4035,E69_F11_m-1f-1_P11_Y-1_U87,-9999,-9999,FXX,11,0.0,1,0,1.0,0,0,0,-9999.0,0.0,1,P10_CV0,2,0,2,2,0,0,2,0,2
69,-9557.570169,-718452.4035,E69_F11_m-1f-1_P11_Y-1_U237,-9999,-9999,FXX,12,0.0,1,0,1.0,0,0,0,-9999.0,1.0,1,P10_CV0,2,2,0,1,1,0,2,0,2
69,-9557.570169,-718452.4035,E69_F84_m84f84_P8_Y6_UO3875,ID84_F8_m45f45_P68_Y4_UO2174,ID84_F68_m31f31_P68_Y2_UO1489,MXY,1,0.0,1,1,0.0,0,0,0,-9999.0,0.53125,1,P11_CV0,2,2,0,0,2,0,2,0,2
69,-9557.570169,-718452.4035,E69_F85_m63f63_P69_Y6_UO3063,I63_F68_m90f90_P6_Y1_UO4022,ID63_F36_m43f43_P49_Y0_UO2148,MXY,1,0.0,1,1,0.0,0,0,0,-9999.0,0.625,1,P11_CV0,2,0,2,1,1,0,2,0,2
69,-9557.570169,-718452.4035,E69_F11_m73f73_P89_Y3_UO3356,I73_F89_m-1f-1_P73_Y-1_U32,ID73_F89_m-1f-1_P15_Y-1_U111,MXY,4,0.0,1,0,0.0,0,0,0,-9999.0,0.25,1,P14_CV0,2,0,2,1,1,0,2,0,2
69,-9557.570169,-718452.4035,Age0_F69_m63f63_P69_Y7_UO3038,ID63_F57_m90f90_P52_Y4_UO4165,I63_F8_m-1f-1_P85_Y-1_U190,FXX,0,0.0,0,0,0.0,0,0,0,0.0,0.84375,1,P22_CV0,2,2,0,1,1,0,2,0,2
69,-9557.570169,-718452.4035,Age0_F69_m63f63_P69_Y7_UO3068,I63_F48_m25f25_P69_Y2_UO1326,I63_F48_m84f84_P8_Y4_UO3804,FXX,0,0.0,0,0,0.0,0,0,0,0.0,0.65625,1,P22_CV0,2,1,1,0,2,0,2,0,2
69,-9557.570169,-718452.4035,Age0_F69_m65f65_P69_Y7_UO3170,I65_F36_m31f31_P8_Y2_UO1500,I65_F98_m40f40_P98_Y4_UO1917,MXY,0,0.0,0,0,0.0,0,0,0,0.0,0.53125,1,P22_CV0,2,1,1,1,1,0,2,0,2
69,-9557.570169,-718452.4035,E69_F85_m84f84_P2_Y5_UO3866,I84_F8_m45f45_P8_Y2_UO2161,I84_F68_m-1f-1_P84_Y-1_U51,MXY,2,0.0,1,0,0.0,0,0,0,-9999.0,0.5625,1,P22_CV0,2,1,1,0,2,0,2,0,2
69,-9557.570169,-718452.4035,E69_F63_m90f90_P52_Y4_UO4165,ID90_F57_m45f45_P27_Y2_UO2194,I90_F6_m23f23_P86_Y2_UO1159,FXX,3,0.0,1,0,1.0,0,0,0,-9999.0,0.6875,1,P22_CV0,2,1,1,1,1,0,2,0,2
69,-9557.570169,-718452.4035,Age0_F69_m25f25_P69_Y7_UO1268,I25_F69_m65f65_P98_Y4_UO3124,I25_F48_m15f15_P41_Y0_UO807,FXX,0,0.0,0,0,0.0,0,0,0,0.0,0.3125,1,P24_CV0,2,0,2,1,1,0,2,0,2
69,-9557.570169,-718452.4035,Age0_F69_m25f25_P69_Y7_UO1269,I25_F36_m84f84_P68_Y4_UO3887,I25_F98_m31f31_P8_Y4_UO1493,FXX,0,0.0,0,0,0.0,0,0,0,0.0,0.5625,1,P24_CV0,2,1,1,1,1,0,2,0,2
69,-9557.570169,-718452.4035,Age0_F69_m63f63_P69_Y7_UO3016,I63_F8_m84f84_P8_Y5_UO3903,ID63_F36_m63f63_P68_Y5_UO2985,FXX,0,0.0,0,0,0.0,0,0,0,0.0,0.53125,1,P24_CV0,2,2,0,1,1,0,2,0,2
69,-9557.570169,-718452.4035,Age0_F69_m65f65_P69_Y7_UO3120,I65_F98_m85f85_P69_Y5_UO3972,I65_F8_m25f25_P8_Y5_UO1336,MXY,0,0.0,0,0,0.0,0,0,0,0.0,0.875,1,P24_CV0,2,2,0,1,1,0,2,0,2
69,-9557.570169,-718452.4035,Age0_F69_m65f65_P69_Y7_UO3200,I65_F98_m-1f-1_P25_Y-1_U132,ID65_F98_m25f25_P28_Y5_UO1244,FXX,0,0.0,0,0,0.0,0,0,0,0.0,0.9375,1,P24_CV0,2,2,0,2,0,0,2,0,2
69,-9557.570169,-718452.4035,Age0_F69_m84f84_P69_Y7_UO3946,I84_F98_m-1f-1_P45_Y-1_U156,I84_F8_m-1f-1_P25_Y-1_U208,FXX,0,0.0,0,0,0.0,0,0,0,0.0,0.5,1,P24_CV0,2,1,1,0,2,0,2,0,2
69,-9557.570169,-718452.4035,Age0_F69_m85f85_P69_Y7_UO3975,I85_F68_m65f65_P36_Y5_UO3090,ID85_F36_m85f85_P2_Y4_UO3923,MXY,0,0.0,0,0,0.0,0,0,0,0.0,0.40625,1,P24_CV0,2,1,1,0,2,0,2,0,2
69,-9557.570169,-718452.4035,Age0_F69_m85f85_P69_Y7_UO4018,I85_F21_m65f65_P36_Y3_UO3170,I85_F98_m63f63_P69_Y2_UO3019,FXX,0,0.0,0,0,0.0,0,0,0,0.0,0.5,1,P24_CV0,2,2,0,1,1,0,2,0,2
69,-9557.570169,-718452.4035,Age0_F69_m85f85_P69_Y7_UO4025,I85_F69_m25f25_P8_Y2_UO1252,I85_F36_m85f85_P69_Y5_UO4005,MXY,0,0.0,0,0,0.0,0,0,0,0.0,0.6875,1,P24_CV0,2,2,0,1,1,0,2,0,2
69,-9557.570169,-718452.4035,Age0_F69_m85f85_P69_Y7_UO4032,I85_F8_m85f85_P2_Y1_UO3807,ID85_F68_m94f94_P98_Y2_UO4422,FXX,0,0.0,0,0,0.0,0,0,0,0.0,0.25,1,P24_CV0,2,0,2,0,2,0,2,0,2
69,-9557.570169,-718452.4035,E69_F31_m25f25_P68_Y6_UO1302,I25_F36_m65f65_P98_Y2_UO3122,I25_F8_m31f31_P68_Y2_UO1546,MXY,1,0.0,1,1,0.0,0,0,0,-9999.0,0.375,1,P24_CV0,2,0,2,1,1,0,2,0,2
69,-9557.570169,-718452.4035,E69_F63_m25f25_P8_Y6_UO1306,ID25_F8_m25f25_P8_Y2_UO1309,I25_F36_m65f65_P98_Y3_UO3066,MXY,1,0.0,1,1,0.0,0,0,0,-9999.0,0.4375,1,P24_CV0,2,2,0,1,1,0,2,0,2
69,-9557.570169,-718452.4035,E69_F63_m25f25_P68_Y6_UO1339,I25_F68_m-1f-1_P25_Y-1_U119,I25_F8_m-1f-1_P25_Y-1_U153,MXY,1,0.0,1,1,0.0,0,0,0,-9999.0,0.5,1,P24_CV0,2,1,1,1,1,0,2,0,2
69,-9557.570169,-718452.4035,E69_F65_m84f84_P8_Y6_UO3923,I84_F68_m63f63_P8_Y2_UO3028,I84_F8_m25f25_P98_Y4_UO1332,FXX,1,0.0,1,1,1.0,0,0,0,-9999.0,0.375,1,P24_CV0,2,0,2,0,2,0,2,0,2
69,-9557.570169,-718452.4035,E69_F65_m25f25_P69_Y6_UO1255,ID25_F8_m25f25_P68_Y4_UO1313,I25_F68_m25f25_P68_Y0_UO1378,FXX,1,0.0,1,1,1.0,0,0,0,-9999.0,0.5,1,P24_CV0,2,1,1,0,2,0,2,0,2
69,-9557.570169,-718452.4035,E69_F65_m63f63_P69_Y6_UO3020,ID63_F91_m85f85_P21_Y4_UO3960,I63_F8_m25f25_P8_Y4_UO1330,MXY,1,0.0,1,1,0.0,0,0,0,-9999.0,0.4375,1,P24_CV0,2,2,0,1,1,0,2,0,2
69,-9557.570169,-718452.4035,E69_F65_m85f85_P98_Y6_UO4049,I85_F69_m85f85_P36_Y0_UO4291,I85_F36_m85f85_P21_Y4_UO3913,FXX,1,0.0,1,1,1.0,0,0,0,-9999.0,0.4375,1,P24_CV0,2,1,1,0,2,0,2,0,2
69,-9557.570169,-718452.4035,E69_F85_m65f65_P2_Y6_UO3205,I65_F36_m-1f-1_P31_Y-1_U240,ID65_F8_m85f85_P68_Y4_UO3948,MXY,1,0.0,1,1,0.0,0,0,0,-9999.0,0.46875,1,P24_CV0,2,2,0,1,1,0,2,0,2
69,-9557.570169,-718452.4035,E69_F85_m65f65_P69_Y6_UO3196,I65_F69_m65f65_P98_Y0_UO3424,I65_F8_m25f25_P8_Y0_UO1415,MXY,1,0.0,1,1,0.0,0,0,0,-9999.0,0.5,1,P24_CV0,2,1,1,1,1,0,2,0,2
69,-9557.570169,-718452.4035,E69_F85_m65f65_P98_Y6_UO3207,ID65_F68_m-1f-1_P25_Y-1_U132,ID65_F57_m90f90_P57_Y4_UO4266,FXX,1,0.0,1,1,1.0,0,0,0,-9999.0,0.5625,1,P24_CV0,2,2,0,2,0,0,2,0,2
69,-9557.570169,-718452.4035,E69_F85_m85f85_P21_Y6_UO4021,I85_F21_m65f65_P36_Y3_UO3170,ID85_F8_m94f94_P98_Y4_UO4454,FXX,1,0.0,1,1,1.0,0,0,0,-9999.0,0.625,1,P24_CV0,2,2,0,1,1,0,2,0,2
69,-9557.570169,-718452.4035,E69_F85_m65f65_P36_Y6_UO3147,ID65_F36_m65f65_P98_Y3_UO3114,I65_F8_m25f25_P8_Y0_UO1415,FXX,1,0.0,1,1,1.0,0,0,0,-9999.0,0.75,1,P24_CV0,2,2,0,1,1,0,2,0,2
69,-9557.570169,-718452.4035,E69_F85_m85f85_P69_Y6_UO3992,I85_F2_m85f85_P36_Y4_UO3995,I85_F98_m31f31_P68_Y2_UO1470,MXY,1,0.0,1,1,0.0,0,0,0,-9999.0,0.6875,1,P24_CV0,2,2,0,0,2,0,2,0,2
69,-9557.570169,-718452.4035,E69_F31_m25f25_P68_Y5_UO1310,I25_F68_m-1f-1_P25_Y-1_U119,I25_F68_m25f25_P8_Y0_UO1380,FXX,2,0.0,1,0,1.0,0,0,0,-9999.0,0.25,1,P24_CV0,2,0,2,0,2,0,2,0,2
69,-9557.570169,-718452.4035,E69_F65_m85f85_P69_Y5_UO3972,I85_F69_m85f85_P2_Y2_UO3990,I85_F36_m25f25_P69_Y2_UO1311,FXX,2,0.0,1,0,1.0,0,0,0,-9999.0,1.0,1,P24_CV0,2,2,0,1,1,0,2,0,2
69,-9557.570169,-718452.4035,E69_F65_m84f84_P8_Y5_UO3850,I84_F8_m65f65_P68_Y3_UO3079,I84_F8_m-1f-1_P25_Y-1_U208,MXY,2,0.0,1,0,0.0,0,0,0,-9999.0,0.6875,1,P24_CV0,2,2,0,1,1,0,2,0,2
69,-9557.570169,-718452.4035,E69_F65_m85f85_P36_Y5_UO3956,ID85_F2_m65f65_P98_Y3_UO3111,I85_F69_m84f84_P69_Y2_UO3915,MXY,2,0.0,1,0,0.0,0,0,0,-9999.0,0.5625,1,P24_CV0,2,0,2,0,2,0,2,0,2
69,-9557.570169,-718452.4035,E69_F85_m65f65_P98_Y5_UO3186,I65_F68_m-1f-1_P65_Y-1_U213,ID65_F98_m-1f-1_P25_Y-1_U227,MXY,2,0.0,1,0,0.0,0,0,0,-9999.0,0.25,1,P24_CV0,2,0,2,2,0,0,2,0,2
69,-9557.570169,-718452.4035,E69_F25_m65f65_P98_Y4_UO3124,I65_F8_m94f94_P28_Y0_UO4736,I65_F68_m25f25_P8_Y0_UO1346,FXX,3,0.0,1,0,1.0,0,0,0,-9999.0,0.375,1,P24_CV0,2,0,2,1,1,0,2,0,2
69,-9557.570169,-718452.4035,E69_F65_m85f85_P68_Y4_UO3948,ID85_F69_m63f63_P36_Y1_UO2853,I85_F36_m85f85_P36_Y2_UO3925,MXY,3,0.0,1,0,0.0,0,0,0,-9999.0,0.4375,1,P24_CV0,2,1,1,0,2,0,2,0,2
69,-9557.570169,-718452.4035,E69_F85_m85f85_P21_Y4_UO3913,I85_F69_m31f31_P69_Y2_UO1507,ID85_F36_m-1f-1_P25_Y-1_U223,MXY,3,0.0,1,0,0.0,0,0,0,-9999.0,0.375,1,P24_CV0,2,0,2,1,1,0,2,0,2
69,-9557.570169,-718452.4035,E69_F85_m85f85_P69_Y4_UO3980,I85_F36_m-1f-1_P25_Y-1_U186,ID85_F8_m-1f-1_P84_Y-1_U58,FXX,3,0.0,1,0,1.0,0,0,0,-9999.0,0.25,1,P24_CV0,2,0,2,1,1,0,2,0,2
69,-9557.570169,-718452.4035,E69_F85_m25f25_P69_Y4_UO1261,ID25_F69_m95f95_P91_Y2_UO4488,I25_F68_m-1f-1_P25_Y-1_U163,MXY,3,0.0,1,0,0.0,0,0,0,-9999.0,0.375,1,P24_CV0,2,1,1,1,1,0,2,0,2
69,-9557.570169,-718452.4035,E69_F65_m25f25_P8_Y3_UO1291,I25_F69_m-1f-1_P65_Y-1_U63,ID25_F68_m-1f-1_P25_Y-1_U97,MXY,4,0.0,1,0,0.0,0,0,0,-9999.0,0.5,1,P24_CV0,2,1,1,1,1,0,2,0,2
69,-9557.570169,-718452.4035,E69_F84_m31f31_P8_Y3_UO1499,I31_F8_m-1f-1_P25_Y-1_U146,I31_F8_m11f11_P2_Y0_UO676,MXY,4,0.0,1,0,0.0,0,0,0,-9999.0,0.625,1,P24_CV0,2,2,0,1,1,0,2,0,2
69,-9557.570169,-718452.4035,E69_F85_m65f65_P36_Y3_UO3170,I65_F21_m-1f-1_P25_Y-1_U136,I65_F68_m-1f-1_P25_Y-1_U227,FXX,4,0.0,1,0,1.0,0,0,0,-9999.0,0.5,1,P24_CV0,2,2,0,1,1,0,2,0,2
69,-9557.570169,-718452.4035,E69_F25_m31f31_P68_Y2_UO1546,I31_F68_m-1f-1_P31_Y-1_U1,ID31_F68_m-1f-1_P25_Y-1_U148,MXY,5,0.0,1,0,0.0,0,0,0,-9999.0,0.25,1,P24_CV0,2,1,1,0,2,0,2,0,2
69,-9557.570169,-718452.4035,E69_F63_m25f25_P69_Y2_UO1326,I25_F8_m-1f-1_P25_Y-1_U239,ID25_F8_m63f63_P8_Y0_UO3273,FXX,5,0.0,1,0,1.0,0,0,0,-9999.0,0.75,1,P24_CV0,2,2,0,0,2,0,2,0,2
69,-9557.570169,-718452.4035,E69_F63_m25f25_P68_Y2_UO1276,I25_F69_m-1f-1_P25_Y-1_U118,I25_F68_m25f25_P68_Y0_UO1407,MXY,5,0.0,1,0,0.0,0,0,0,-9999.0,0.5,1,P24_CV0,2,1,1,0,2,0,2,0,2
69,-9557.570169,-718452.4035,E69_F65_m84f84_P8_Y2_UO3882,ID84_F69_m-1f-1_P25_Y-1_U122,I84_F8_m-1f-1_P63_Y-1_U210,FXX,5,0.0,1,0,1.0,0,0,0,-9999.0,0.75,1,P24_CV0,2,2,0,2,0,0,2,0,2
69,-9557.570169,-718452.4035,E69_F85_m25f25_P8_Y2_UO1252,I25_F69_m65f65_P68_Y0_UO3362,I25_F68_m-1f-1_P25_Y-1_U140,FXX,5,0.0,1,0,1.0,0,0,0,-9999.0,0.75,1,P24_CV0,2,2,0,1,1,0,2,0,2
69,-9557.570169,-718452.4035,E69_F85_m85f85_P2_Y1_UO3807,ID85_F8_m-1f-1_P25_Y-1_U138,I85_F68_m-1f-1_P85_Y-1_U242,FXX,6,0.0,1,0,1.0,0,0,0,-9999.0,0.25,1,P24_CV0,2,0,2,1,1,0,2,0,2
69,-9557.570169,-718452.4035,E69_F25_m25f25_P8_Y0_UO1353,R25_F25_m-1f-1_P25_Y-1_U75,R25_F25_m-1f-1_P25_Y-1_U101,MXY,7,0.0,1,0,0.0,0,0,0,-9999.0,0.5,1,P24_CV0,2,0,2,0,2,0,2,0,2
69,-9557.570169,-718452.4035,E69_F65_m-1f-1_P25_Y-1_U132,-9999,-9999,FXX,10,0.0,1,0,1.0,0,0,0,-9999.0,1.0,1,P24_CV0,2,2,0,2,0,0,2,0,2
69,-9557.570169,-718452.4035,E69_F25_m-1f-1_P25_Y-1_U182,-9999,-9999,FXX,11,0.0,1,0,1.0,0,0,0,-9999.0,0.0,1,P24_CV0,2,0,2,1,1,0,2,0,2
69,-9557.570169,-718452.4035,E69_F25_m-1f-1_P25_Y-1_U153,-9999,-9999,MXY,12,0.0,1,0,0.0,0,0,0,-9999.0,1.0,1,P24_CV0,2,2,0,0,2,0,2,0,2
69,-9557.570169,-718452.4035,E69_F85_m-1f-1_P25_Y-1_U83,-9999,-9999,MXY,15,0.0,1,0,0.0,0,0,0,-9999.0,1.0,1,P24_CV0,2,2,0,2,0,0,2,0,2
69,-9557.570169,-718452.4035,Age0_F69_m25f25_P69_Y7_UO1242,I25_F48_m84f84_P68_Y5_UO3920,I25_F8_m100f100_P68_Y3_UO4559,MXY,0,0.0,0,0,0.0,0,0,0,0.0,0.5,1,P30_CV0,2,1,1,0,2,0,2,0,2
69,-9557.570169,-718452.4035,Age0_F69_m25f25_P69_Y7_UO1325,I25_F36_m31f31_P48_Y0_UO1568,ID25_F8_m40f40_P98_Y0_UO2003,FXX,0,0.0,0,0,0.0,0,0,0,0.0,0.5,1,P30_CV0,2,1,1,0,2,0,2,0,2
69,-9557.570169,-718452.4035,Age0_F69_m31f31_P69_Y7_UO1463,I31_F68_m25f25_P68_Y5_UO1310,I31_F68_m31f31_P68_Y3_UO1534,FXX,0,0.0,0,0,0.0,0,0,0,0.0,0.375,1,P30_CV0,2,1,1,1,1,0,2,0,2
69,-9557.570169,-718452.4035,Age0_F69_m65f65_P69_Y7_UO3150,I65_F8_m63f63_P68_Y4_UO3014,I65_F69_m-1f-1_P85_Y-1_U102,FXX,0,0.0,0,0,0.0,0,0,0,0.0,0.625,1,P30_CV0,2,2,0,2,0,0,2,0,2
69,-9557.570169,-718452.4035,Age0_F69_m65f65_P69_Y7_UO3154,I65_F8_m85f85_P36_Y3_UO3972,I65_F36_m85f85_P2_Y4_UO3931,MXY,0,0.0,0,0,0.0,0,0,0,0.0,0.5625,1,P30_CV0,2,0,2,0,2,0,2,0,2
69,-9557.570169,-718452.4035,Age0_F69_m85f85_P69_Y7_UO4015,ID85_F68_m85f85_P36_Y3_UO3960,ID85_F68_m31f31_P68_Y1_UO1400,MXY,0,0.0,0,0,0.0,0,0,0,0.0,0.375,1,P30_CV0,2,1,1,1,1,0,2,0,2
69,-9557.570169,-718452.4035,E69_F84_m84f84_P8_Y6_UO3885,I84_F8_m63f63_P68_Y4_UO3020,I84_F8_m31f31_P68_Y3_UO1454,FXX,1,0.0,1,1,1.0,0,0,0,-9999.0,0.4375,1,P30_CV0,2,1,1,2,0,0,2,0,2
69,-9557.570169,-718452.4035,E69_F85_m84f84_P36_Y6_UO3931,ID84_F68_m31f31_P8_Y2_UO1506,I84_F68_m84f84_P8_Y2_UO3841,FXX,1,0.0,1,1,1.0,0,0,0,-9999.0,0.5625,1,P30_CV0,2,1,1,1,1,0,2,0,2
69,-9557.570169,-718452.4035,E69_F85_m85f85_P69_Y6_UO4050,I85_F2_m85f85_P2_Y0_UO4296,ID85_F8_m31f31_P8_Y2_UO1523,MXY,1,0.0,1,1,0.0,0,0,0,-9999.0,0.625,1,P30_CV0,2,1,1,0,2,0,2,0,2
69,-9557.570169,-718452.4035,E69_F85_m63f63_P8_Y6_UO3012,ID63_F68_m65f65_P8_Y4_UO3119,I63_F36_m31f31_P8_Y4_UO1518,FXX,1,0.0,1,1,1.0,0,0,0,-9999.0,0.5,1,P30_CV0,2,1,1,1,1,0,2,0,2
69,-9557.570169,-718452.4035,E69_F25_m84f84_P68_Y5_UO3920,I84_F68_m-1f-1_P31_Y-1_U54,I84_F2_m-1f-1_P84_Y-1_U139,FXX,2,0.0,1,0,1.0,0,0,0,-9999.0,0.75,1,P30_CV0,2,2,0,1,1,0,2,0,2
69,-9557.570169,-718452.4035,E69_F31_m85f85_P69_Y5_UO4015,I85_F2_m-1f-1_P85_Y-1_U8,I85_F21_m31f31_P68_Y1_UO1396,MXY,2,0.0,1,0,0.0,0,0,0,-9999.0,0.125,1,P30_CV0,2,1,1,0,2,0,2,0,2
69,-9557.570169,-718452.4035,E69_F63_m84f84_P8_Y5_UO3930,I84_F68_m-1f-1_P63_Y-1_U163,ID84_F28_m65f65_P36_Y2_UO3108,FXX,2,0.0,1,0,1.0,0,0,0,-9999.0,0.875,1,P30_CV0,2,1,1,1,1,0,2,0,2
69,-9557.570169,-718452.4035,E69_F65_m63f63_P8_Y5_UO2998,I63_F68_m84f84_P8_Y3_UO3813,I63_F8_m-1f-1_P31_Y-1_U228,FXX,2,0.0,1,0,1.0,0,0,0,-9999.0,0.125,1,P30_CV0,2,0,2,1,1,0,2,0,2
69,-9557.570169,-718452.4035,E69_F84_m31f31_P8_Y5_UO1496,I31_F8_m63f63_P68_Y1_UO2943,I31_F69_m-1f-1_P31_Y-1_U3,FXX,2,0.0,1,0,1.0,0,0,0,-9999.0,0.5,1,P30_CV0,2,1,1,0,2,0,2,0,2
69,-9557.570169,-718452.4035,E69_F84_m84f84_P68_Y5_UO3919,ID84_F8_m-1f-1_P31_Y-1_U33,I84_F6_m31f31_P68_Y1_UO1428,MXY,2,0.0,1,0,0.0,0,0,0,-9999.0,0.625,1,P30_CV0,2,2,0,0,2,0,2,0,2
69,-9557.570169,-718452.4035,E69_F85_m25f25_P68_Y5_UO1254,I25_F48_m31f31_P8_Y3_UO1459,ID25_F8_m31f31_P68_Y2_UO1515,FXX,2,0.0,1,0,1.0,0,0,0,-9999.0,0.375,1,P30_CV0,2,1,1,0,2,0,2,0,2
69,-9557.570169,-718452.4035,E69_F85_m63f63_P68_Y5_UO3006,I63_F68_m31f31_P8_Y2_UO1506,I63_F8_m84f84_P8_Y0_UO4184,MXY,2,0.0,1,0,0.0,0,0,0,-9999.0,0.625,1,P30_CV0,2,2,0,2,0,0,2,0,2
69,-9557.570169,-718452.4035,E69_F25_m100f100_P48_Y4_UO4589,I100_F68_m-1f-1_P31_Y-1_U198,ID100_F48_m43f43_P49_Y0_UO2161,MXY,3,0.0,1,0,0.0,0,0,0,-9999.0,0.375,1,P30_CV0,2,1,1,0,2,0,2,0,2
69,-9557.570169,-718452.4035,E69_F65_m63f63_P68_Y4_UO2968,I63_F8_m63f63_P68_Y2_UO3077,I63_F8_m31f31_P8_Y2_UO1457,MXY,3,0.0,1,0,0.0,0,0,0,-9999.0,0.6875,1,P30_CV0,2,2,0,1,1,0,2,0,2
69,-9557.570169,-718452.4035,E69_F65_m63f63_P68_Y4_UO3014,I63_F8_m-1f-1_P85_Y-1_U51,I63_F68_m-1f-1_P31_Y-1_U201,FXX,3,0.0,1,0,1.0,0,0,0,-9999.0,0.25,1,P30_CV0,2,1,1,1,1,0,2,0,2
69,-9557.570169,-718452.4035,E69_F85_m25f25_P36_Y4_UO1241,I25_F69_m100f100_P68_Y2_UO4576,I25_F36_m65f65_P8_Y1_UO3029,MXY,3,0.0,1,0,0.0,0,0,0,-9999.0,0.5,1,P30_CV0,2,1,1,2,0,0,2,0,2
69,-9557.570169,-718452.4035,E69_F25_m100f100_P68_Y3_UO4559,ID100_F68_m-1f-1_P31_Y-1_U198,ID100_F48_m43f43_P49_Y0_UO2120,MXY,4,0.0,1,0,0.0,0,0,0,-9999.0,0.25,1,P30_CV0,2,0,2,0,2,0,2,0,2
69,-9557.570169,-718452.4035,E69_F65_m31f31_P68_Y1_UO1413,I31_F68_m-1f-1_P31_Y-1_U163,ID31_F68_m-1f-1_P31_Y-1_U123,MXY,6,0.0,1,0,0.0,0,0,0,-9999.0,0.5,1,P30_CV0,2,1,1,2,0,0,2,0,2
69,-9557.570169,-718452.4035,E69_F85_m31f31_P68_Y1_UO1400,I31_F69_m-1f-1_P31_Y-1_U15,I31_F68_m-1f-1_P31_Y-1_U170,MXY,6,0.0,1,0,0.0,0,0,0,-9999.0,0.75,1,P30_CV0,2,2,0,2,0,0,2,0,2
69,-9557.570169,-718452.4035,E69_F25_m31f31_P68_Y0_UO1580,R31_F31_m-1f-1_P31_Y-1_U115,R31_F31_m-1f-1_P31_Y-1_U47,MXY,7,0.0,1,0,0.0,0,0,0,-9999.0,0.5,1,P30_CV0,2,1,1,1,1,0,2,0,2
69,-9557.570169,-718452.4035,E69_F25_m31f31_P48_Y0_UO1568,R31_F31_m-1f-1_P31_Y-1_U85,R31_F31_m-1f-1_P31_Y-1_U6,FXX,7,0.0,1,0,1.0,0,0,0,-9999.0,0.75,1,P30_CV0,2,1,1,0,2,0,2,0,2
69,-9557.570169,-718452.4035,E69_F25_m-1f-1_P31_Y-1_U132,-9999,-9999,FXX,14,0.0,1,0,1.0,0,0,0,-9999.0,0.5,1,P30_CV0,2,1,1,0,2,0,2,0,2
69,-9557.570169,-718452.4035,E69_F25_m-1f-1_P31_Y-1_U155,-9999,-9999,FXX,15,0.0,1,0,1.0,0,0,0,-9999.0,0.0,1,P30_CV0,2,0,2,1,1,0,2,0,2
69,-9557.570169,-718452.4035,Age0_F69_m25f25_P69_Y7_UO1239,I25_F68_m65f65_P68_Y5_UO3126,ID25_F36_m84f84_P68_Y3_UO3832,FXX,0,0.0,0,0,0.0,0,0,0,0.0,0.6875,1,P39_CV0,2,2,0,0,2,0,2,0,2
69,-9557.570169,-718452.4035,Age0_F69_m31f31_P69_Y7_UO1474,I31_F8_m31f31_P68_Y5_UO1487,ID31_F8_m40f40_P6_Y3_UO1918,MXY,0,0.0,0,0,0.0,0,0,0,0.0,0.4375,1,P39_CV0,2,1,1,1,1,0,2,0,2
69,-9557.570169,-718452.4035,E69_F25_m84f84_P68_Y6_UO3926,ID84_F8_m63f63_P8_Y2_UO3065,I84_F68_m-1f-1_P25_Y-1_U208,MXY,1,0.0,1,1,0.0,0,0,0,-9999.0,0.625,1,P39_CV0,2,1,1,0,2,0,2,0,2
69,-9557.570169,-718452.4035,E69_F65_m45f45_P8_Y6_UO2234,I45_F86_m40f40_P57_Y1_UO1778,I45_F86_m90f90_P6_Y4_UO4245,MXY,1,0.0,1,1,0.0,0,0,0,-9999.0,0.875,1,P39_CV0,2,2,0,2,0,0,2,0,2
69,-9557.570169,-718452.4035,E69_F85_m84f84_P8_Y6_UO3970,I84_F69_m-1f-1_P84_Y-1_U59,I84_F8_m40f40_P98_Y0_UO2003,MXY,1,0.0,1,1,0.0,0,0,0,-9999.0,0.375,1,P39_CV0,2,0,2,1,1,0,2,0,2
69,-9557.570169,-718452.4035,E69_F25_m65f65_P68_Y5_UO3126,I65_F8_m100f100_P68_Y2_UO4609,ID65_F98_m-1f-1_P40_Y-1_U201,FXX,2,0.0,1,0,1.0,0,0,0,-9999.0,0.625,1,P39_CV0,2,2,0,0,2,0,2,0,2
69,-9557.570169,-718452.4035,E69_F85_m85f85_P2_Y5_UO3945,I85_F36_m40f40_P98_Y3_UO1929,I85_F68_m100f100_P68_Y0_UO4972,MXY,2,0.0,1,0,0.0,0,0,0,-9999.0,0.75,1,P39_CV0,2,2,0,0,2,0,2,0,2
69,-9557.570169,-718452.4035,E69_F63_m92f92_P57_Y3_UO4254,I92_F99_m40f40_P6_Y1_UO1721,I92_F6_m40f40_P99_Y1_UO1729,FXX,4,0.0,1,0,1.0,0,0,0,-9999.0,0.375,1,P39_CV0,2,0,2,1,1,0,2,0,2
69,-9557.570169,-718452.4035,Age0_F69_m63f63_P69_Y7_UO3085,I63_F68_m42f42_P6_Y0_UO2078,I63_F68_m100f100_P48_Y2_UO4593,FXX,0,0.0,0,0,0.0,0,0,0,0.0,0.5,1,P41_CV0,2,1,1,0,2,0,2,0,2
69,-9557.570169,-718452.4035,E69_F25_m84f84_P8_Y6_UO3915,I84_F8_m65f65_P68_Y3_UO3079,ID84_F8_m42f42_P6_Y0_UO2088,FXX,1,0.0,1,1,1.0,0,0,0,-9999.0,0.5625,1,P41_CV0,2,2,0,0,2,0,2,0,2
69,-9557.570169,-718452.4035,E69_F85_m25f25_P69_Y5_UO1262,I25_F68_m65f65_P8_Y3_UO3161,I25_F68_m85f85_P69_Y1_UO3779,FXX,2,0.0,1,0,1.0,0,0,0,-9999.0,0.375,1,P41_CV0,2,1,1,1,1,0,2,0,2
69,-9557.570169,-718452.4035,E69_F63_m42f42_P99_Y4_UO1974,I42_F99_m42f42_P99_Y1_UO1815,I42_F99_m58f58_P81_Y1_UO2671,FXX,3,0.0,1,0,1.0,0,0,0,-9999.0,0.75,1,P41_CV0,2,1,1,1,1,0,2,0,2
69,-9557.570169,-718452.4035,E69_F85_m58f58_P98_Y3_UO2769,I58_F99_m-1f-1_P42_Y-1_U157,I58_F99_m-1f-1_P58_Y-1_U191,FXX,4,0.0,1,0,1.0,0,0,0,-9999.0,0.5,1,P41_CV0,2,0,2,0,2,0,2,0,2
69,-9557.570169,-718452.4035,E69_F63_m42f42_P6_Y0_UO2078,R42_F42_m-1f-1_P42_Y-1_U153,R42_F42_m-1f-1_P42_Y-1_U196,FXX,7,0.0,1,0,1.0,0,0,0,-9999.0,0.75,1,P41_CV0,2,1,1,1,1,0,2,0,2
69,-9557.570169,-718452.4035,Age0_F69_m65f65_P69_Y7_UO3177,ID65_F98_m84f84_P8_Y2_UO3882,I65_F68_m100f100_P49_Y2_UO4628,FXX,0,0.0,0,0,0.0,0,0,0,0.0,0.6875,1,P42_CV0,2,2,0,2,0,0,2,0,2
69,-9557.570169,-718452.4035,E69_F25_m31f31_P8_Y6_UO1503,I31_F8_m11f11_P69_Y3_UO641,ID31_F48_m31f31_P8_Y3_UO1548,MXY,1,0.0,1,1,0.0,0,0,0,-9999.0,0.5625,1,P42_CV0,2,2,0,1,1,0,2,0,2
69,-9557.570169,-718452.4035,E69_F31_m55f55_P49_Y6_UO2655,I55_F89_m-1f-1_P55_Y-1_U28,ID55_F48_m43f43_P14_Y1_UO1957,MXY,1,0.0,1,1,0.0,0,0,0,-9999.0,0.75,1,P42_CV0,2,1,1,1,1,0,2,0,2
69,-9557.570169,-718452.4035,E69_F63_m84f84_P8_Y6_UO3891,ID84_F8_m31f31_P68_Y4_UO1478,I84_F68_m100f100_P8_Y3_UO4557,FXX,1,0.0,1,1,1.0,0,0,0,-9999.0,0.40625,1,P42_CV0,2,0,2,1,1,0,2,0,2
69,-9557.570169,-718452.4035,E69_F63_m84f84_P68_Y6_UO3942,ID84_F68_m100f100_P68_Y1_UO4387,ID84_F68_m43f43_P49_Y3_UO2038,MXY,1,0.0,1,1,0.0,0,0,0,-9999.0,0.375,1,P42_CV0,2,1,1,1,1,0,2,0,2
69,-9557.570169,-718452.4035,E69_F25_m100f100_P49_Y5_UO4593,I100_F48_m43f43_P48_Y1_UO1898,I100_F48_m25f25_P68_Y3_UO1329,MXY,2,0.0,1,0,0.0,0,0,0,-9999.0,0.4375,1,P42_CV0,2,1,1,0,2,0,2,0,2
69,-9557.570169,-718452.4035,E69_F85_m43f43_P48_Y2_UO2045,I43_F89_m43f43_P48_Y0_UO2125,I43_F49_m100f100_P48_Y0_UO4908,MXY,5,0.0,1,0,0.0,0,0,0,-9999.0,0.75,1,P42_CV0,2,2,0,1,1,0,2,0,2
69,-9557.570169,-718452.4035,Age0_F69_m63f63_P69_Y7_UO3005,ID63_F2_m65f65_P69_Y5_UO3193,I63_F68_m45f45_P8_Y5_UO2206,FXX,0,0.0,0,0,0.0,0,0,0,0.0,0.25,1,P44_CV0,2,1,1,2,0,0,2,0,2
69,-9557.570169,-718452.4035,Age0_F69_m65f65_P69_Y7_UO3153,I65_F36_m65f65_P69_Y3_UO3136,I65_F36_m84f84_P68_Y1_UO3656,FXX,0,0.0,0,0,0.0,0,0,0,0.0,0.375,1,P44_CV0,2,2,0,0,2,0,2,0,2
69,-9557.570169,-718452.4035,E69_F63_m65f65_P69_Y6_UO3142,I65_F8_m25f25_P8_Y3_UO1338,ID65_F98_m84f84_P36_Y3_UO3880,MXY,1,0.0,1,1,0.0,0,0,0,-9999.0,0.375,1,P44_CV0,2,0,2,0,2,0,2,0,2
69,-9557.570169,-718452.4035,E69_F65_m84f84_P8_Y6_UO3899,I84_F8_m63f63_P8_Y4_UO3009,I84_F98_m65f65_P36_Y2_UO3108,MXY,1,0.0,1,1,0.0,0,0,0,-9999.0,0.625,1,P44_CV0,2,1,1,1,1,0,2,0,2
69,-9557.570169,-718452.4035,E69_F85_m31f31_P68_Y6_UO1534,I31_F8_m55f55_P49_Y0_UO2785,I31_F8_m-1f-1_P45_Y-1_U65,MXY,1,0.0,1,1,0.0,0,0,0,-9999.0,0.625,1,P44_CV0,2,2,0,2,0,0,2,0,2
69,-9557.570169,-718452.4035,E69_F65_m65f65_P69_Y3_UO3136,I65_F28_m-1f-1_P45_Y-1_U136,I65_F36_m-1f-1_P65_Y-1_U79,FXX,4,0.0,1,0,1.0,0,0,0,-9999.0,0.5,1,P44_CV0,2,1,1,1,1,0,2,0,2
69,-9557.570169,-718452.4035,E69_F25_m31f31_P68_Y2_UO1487,ID31_F68_m-1f-1_P84_Y-1_U91,I31_F69_m-1f-1_P45_Y-1_U212,MXY,5,0.0,1,0,0.0,0,0,0,-9999.0,0.5,1,P44_CV0,2,1,1,1,1,0,2,0,2
69,-9557.570169,-718452.4035,E69_F84_m-1f-1_P45_Y-1_U156,-9999,-9999,FXX,9,0.0,1,0,1.0,0,0,0,-9999.0,0.5,1,P44_CV0,2,1,1,0,2,0,2,0,2
69,-9557.570169,-718452.4035,Age0_F69_m85f85_P69_Y7_UO3981,ID85_F91_m94f94_P98_Y5_UO4449,I85_F8_m-1f-1_P85_Y-1_U63,MXY,0,0.0,0,0,0.0,0,0,0,0.0,0.5,1,P57_CV0,2,1,1,1,1,0,2,0,2
69,-9557.570169,-718452.4035,E69_F85_m94f94_P98_Y5_UO4449,I94_F81_m-1f-1_P94_Y-1_U131,I94_F99_m58f58_P99_Y2_UO2728,FXX,2,0.0,1,0,1.0,0,0,0,-9999.0,0.5,1,P57_CV0,2,1,1,1,1,0,2,0,2
69,-9557.570169,-718452.4035,Age0_F69_m25f25_P69_Y7_UO1267,ID25_F68_m100f100_P68_Y4_UO4610,I25_F48_m15f15_P41_Y0_UO807,MXY,0,0.0,0,0,0.0,0,0,0,0.0,0.5,1,P59_CV0,2,0,2,1,1,0,2,0,2
69,-9557.570169,-718452.4035,E69_F25_m100f100_P68_Y4_UO4610,ID100_F68_m-1f-1_P100_Y-1_U65,I100_F49_m-1f-1_P60_Y-1_U109,FXX,3,0.0,1,0,1.0,0,0,0,-9999.0,0.75,1,P59_CV0,2,1,1,1,1,0,2,0,2
69,-9557.570169,-718452.4035,Age0_F69_m25f25_P69_Y7_UO1253,I25_F8_m63f63_P8_Y5_UO3022,I25_F8_m85f85_P69_Y1_UO3763,MXY,0,0.0,0,0,0.0,0,0,0,0.0,0.5625,1,P62_CV0,2,2,0,0,2,0,2,0,2
69,-9557.570169,-718452.4035,Age0_F69_m25f25_P69_Y7_UO1294,I25_F8_m65f65_P36_Y3_UO3124,I25_F68_m84f84_P8_Y5_UO3868,MXY,0,0.0,0,0,0.0,0,0,0,0.0,0.46875,1,P62_CV0,2,0,2,2,0,0,2,0,2
69,-9557.570169,-718452.4035,Age0_F69_m25f25_P69_Y7_UO1338,I25_F8_m-1f-1_P25_Y-1_U182,ID25_F8_m85f85_P36_Y4_UO3972,FXX,0,0.0,0,0,0.0,0,0,0,0.0,0.3125,1,P62_CV0,2,1,1,2,0,0,2,0,2
69,-9557.570169,-718452.4035,Age0_F69_m63f63_P69_Y7_UO3051,ID63_F6_m92f92_P57_Y3_UO4254,ID63_F68_m84f84_P8_Y5_UO3897,MXY,0,0.0,0,0,0.0,0,0,0,0.0,0.4375,1,P62_CV0,2,0,2,2,0,0,2,0,2
69,-9557.570169,-718452.4035,Age0_F69_m65f65_P69_Y7_UO3130,I65_F69_m63f63_P8_Y5_UO2998,I65_F98_m65f65_P69_Y5_UO3154,FXX,0,0.0,0,0,0.0,0,0,0,0.0,0.125,1,P62_CV0,2,1,1,1,1,0,2,0,2
69,-9557.570169,-718452.4035,Age0_F69_m84f84_P69_Y7_UO3878,I84_F36_m31f31_P68_Y4_UO1539,I84_F68_m84f84_P8_Y1_UO3667,MXY,0,0.0,0,0,0.0,0,0,0,0.0,0.625,1,P62_CV0,2,2,0,0,2,0,2,0,2
69,-9557.570169,-718452.4035,Age0_F69_m84f84_P69_Y7_UO3914,ID84_F69_m63f63_P69_Y2_UO3055,I84_F8_m84f84_P8_Y5_UO3902,FXX,0,0.0,0,0,0.0,0,0,0,0.0,0.46875,1,P62_CV0,2,0,2,2,0,0,2,0,2
69,-9557.570169,-718452.4035,Age0_F69_m85f85_P69_Y7_UO3996,I85_F69_m63f63_P69_Y4_UO3059,I85_F28_m85f85_P2_Y5_UO3941,MXY,0,0.0,0,0,0.0,0,0,0,0.0,0.5625,1,P62_CV0,2,2,0,0,2,0,2,0,2
69,-9557.570169,-718452.4035,Age0_F69_m85f85_P69_Y7_UO4027,I85_F2_m63f63_P8_Y2_UO3027,I85_F69_m85f85_P69_Y3_UO3952,MXY,0,0.0,0,0,0.0,0,0,0,0.0,0.25,1,P62_CV0,2,1,1,1,1,0,2,0,2
69,-9557.570169,-718452.4035,Age0_F69_m85f85_P69_Y7_UO4043,I85_F98_m-1f-1_P85_Y-1_U145,I85_F98_m63f63_P69_Y2_UO3019,MXY,0,0.0,0,0,0.0,0,0,0,0.0,0.5,1,P62_CV0,2,2,0,0,2,0,2,0,2
69,-9557.570169,-718452.4035,E69_F25_m63f63_P8_Y6_UO3081,I63_F68_m-1f-1_P63_Y-1_U159,I63_F8_m45f45_P8_Y4_UO2199,MXY,1,0.0,1,1,0.0,0,0,0,-9999.0,0.375,1,P62_CV0,2,1,1,1,1,0,2,0,2
69,-9557.570169,-718452.4035,E69_F25_m63f63_P68_Y6_UO3050,I63_F68_m63f63_P68_Y2_UO3077,I63_F68_m31f31_P68_Y4_UO1458,MXY,1,0.0,1,1,0.0,0,0,0,-9999.0,0.6875,1,P62_CV0,2,2,0,0,2,0,2,0,2
69,-9557.570169,-718452.4035,E69_F25_m63f63_P68_Y6_UO3084,I63_F69_m-1f-1_P63_Y-1_U102,I63_F8_m85f85_P8_Y0_UO4238,FXX,1,0.0,1,1,1.0,0,0,0,-9999.0,0.5,1,P62_CV0,2,1,1,1,1,0,2,0,2
69,-9557.570169,-718452.4035,E69_F65_m25f25_P68_Y6_UO1357,ID25_F8_m-1f-1_P63_Y-1_U163,I25_F48_m31f31_P8_Y4_UO1526,MXY,1,0.0,1,1,0.0,0,0,0,-9999.0,0.5625,1,P62_CV0,2,2,0,1,1,0,2,0,2
69,-9557.570169,-718452.4035,E69_F65_m31f31_P68_Y6_UO1475,ID31_F69_m65f65_P8_Y4_UO3068,I31_F69_m63f63_P8_Y1_UO2876,FXX,1,0.0,1,1,1.0,0,0,0,-9999.0,0.5625,1,P62_CV0,2,2,0,1,1,0,2,0,2
69,-9557.570169,-718452.4035,E69_F65_m85f85_P69_Y6_UO4067,I85_F36_m-1f-1_P63_Y-1_U238,I85_F98_m63f63_P68_Y3_UO3052,FXX,1,0.0,1,1,1.0,0,0,0,-9999.0,0.75,1,P62_CV0,2,2,0,1,1,0,2,0,2
69,-9557.570169,-718452.4035,E69_F84_m31f31_P8_Y6_UO1501,I31_F8_m25f25_P8_Y3_UO1254,ID31_F8_m-1f-1_P63_Y-1_U110,MXY,1,0.0,1,1,0.0,0,0,0,-9999.0,0.5,1,P62_CV0,2,2,0,1,1,0,2,0,2
69,-9557.570169,-718452.4035,E69_F84_m84f84_P8_Y6_UO3916,I84_F68_m100f100_P68_Y3_UO4528,I84_F68_m-1f-1_P63_Y-1_U235,MXY,1,0.0,1,1,0.0,0,0,0,-9999.0,0.5625,1,P62_CV0,2,1,1,2,0,0,2,0,2
69,-9557.570169,-718452.4035,E69_F84_m84f84_P8_Y6_UO3961,ID84_F69_m-1f-1_P25_Y-1_U186,I84_F68_m-1f-1_P63_Y-1_U235,FXX,1,0.0,1,1,1.0,0,0,0,-9999.0,0.25,1,P62_CV0,2,1,1,1,1,0,2,0,2
69,-9557.570169,-718452.4035,E69_F85_m31f31_P8_Y6_UO1549,I31_F8_m-1f-1_P63_Y-1_U59,I31_F8_m-1f-1_P45_Y-1_U182,MXY,1,0.0,1,1,0.0,0,0,0,-9999.0,0.5,1,P62_CV0,2,1,1,2,0,0,2,0,2
69,-9557.570169,-718452.4035,E69_F85_m65f65_P98_Y6_UO3215,I65_F69_m-1f-1_P65_Y-1_U111,ID65_F68_m84f84_P68_Y2_UO3870,FXX,1,0.0,1,1,1.0,0,0,0,-9999.0,0.375,1,P62_CV0,2,1,1,0,2,0,2,0,2
69,-9557.570169,-718452.4035,E69_F85_m85f85_P2_Y6_UO3990,I85_F69_m85f85_P69_Y4_UO3953,I85_F28_m63f63_P69_Y4_UO2973,MXY,1,0.0,1,1,0.0,0,0,0,-9999.0,0.53125,1,P62_CV0,2,1,1,2,0,0,2,0,2
69,-9557.570169,-718452.4035,E69_F25_m25f25_P69_Y5_UO1238,ID25_F8_m84f84_P8_Y3_UO3803,ID25_F68_m31f31_P68_Y2_UO1546,MXY,2,0.0,1,0,0.0,0,0,0,-9999.0,0.3125,1,P62_CV0,2,1,1,0,2,0,2,0,2
69,-9557.570169,-718452.4035,E69_F25_m63f63_P8_Y5_UO3022,I63_F68_m63f63_P69_Y1_UO2918,I63_F68_m63f63_P68_Y2_UO3047,FXX,2,0.0,1,0,1.0,0,0,0,-9999.0,0.625,1,P62_CV0,2,2,0,0,2,0,2,0,2
69,-9557.570169,-718452.4035,E69_F65_m65f65_P69_Y5_UO3154,I65_F8_m63f63_P98_Y1_UO2925,ID65_F69_m84f84_P69_Y2_UO3876,MXY,2,0.0,1,0,0.0,0,0,0,-9999.0,0.125,1,P62_CV0,2,1,1,1,1,0,2,0,2
69,-9557.570169,-718452.4035,E69_F65_m65f65_P98_Y5_UO3094,I65_F36_m63f63_P8_Y3_UO3038,I65_F8_m84f84_P68_Y3_UO3853,MXY,2,0.0,1,0,0.0,0,0,0,-9999.0,0.25,1,P62_CV0,2,0,2,0,2,0,2,0,2
69,-9557.570169,-718452.4035,E69_F84_m31f31_P8_Y5_UO1486,ID31_F8_m11f11_P36_Y2_UO652,I31_F8_m31f31_P68_Y3_UO1511,MXY,2,0.0,1,0,0.0,0,0,0,-9999.0,0.5,1,P62_CV0,2,1,1,2,0,0,2,0,2
69,-9557.570169,-718452.4035,E69_F85_m65f65_P36_Y5_UO3090,I65_F8_m84f84_P8_Y3_UO3866,I65_F8_m65f65_P8_Y3_UO3146,FXX,2,0.0,1,0,1.0,0,0,0,-9999.0,0.3125,1,P62_CV0,2,1,1,0,2,0,2,0,2
69,-9557.570169,-718452.4035,E69_F25_m65f65_P68_Y4_UO3146,I65_F8_m-1f-1_P85_Y-1_U212,I65_F69_m-1f-1_P63_Y-1_U203,MXY,3,0.0,1,0,0.0,0,0,0,-9999.0,1.0,1,P62_CV0,2,2,0,1,1,0,2,0,2
69,-9557.570169,-718452.4035,E69_F65_m65f65_P98_Y4_UO3125,I65_F8_m65f65_P98_Y0_UO3399,I65_F36_m63f63_P8_Y0_UO3299,MXY,3,0.0,1,0,0.0,0,0,0,-9999.0,0.5,1,P62_CV0,2,1,1,1,1,0,2,0,2
69,-9557.570169,-718452.4035,E69_F65_m63f63_P8_Y4_UO2976,ID63_F8_m65f65_P69_Y1_UO2959,I63_F8_m-1f-1_P63_Y-1_U230,MXY,3,0.0,1,0,0.0,0,0,0,-9999.0,0.25,1,P62_CV0,2,1,1,0,2,0,2,0,2
69,-9557.570169,-718452.4035,E69_F84_m31f31_P68_Y4_UO1539,I31_F8_m-1f-1_P31_Y-1_U160,ID31_F8_m63f63_P68_Y1_UO2916,FXX,3,0.0,1,0,1.0,0,0,0,-9999.0,0.5,1,P62_CV0,2,1,1,1,1,0,2,0,2
69,-9557.570169,-718452.4035,E69_F84_m31f31_P8_Y4_UO1466,I31_F68_m63f63_P68_Y2_UO3000,I31_F8_m63f63_P8_Y2_UO3011,MXY,3,0.0,1,0,0.0,0,0,0,-9999.0,0.5625,1,P62_CV0,2,2,0,2,0,0,2,0,2
69,-9557.570169,-718452.4035,E69_F85_m63f63_P69_Y4_UO3059,I63_F28_m-1f-1_P63_Y-1_U228,I63_F8_m-1f-1_P63_Y-1_U47,FXX,3,0.0,1,0,1.0,0,0,0,-9999.0,0.25,1,P62_CV0,2,1,1,1,1,0,2,0,2
69,-9557.570169,-718452.4035,E69_F63_m84f84_P68_Y3_UO3859,I84_F68_m-1f-1_P63_Y-1_U157,I84_F68_m-1f-1_P84_Y-1_U241,MXY,4,0.0,1,0,0.0,0,0,0,-9999.0,0.5,1,P62_CV0,2,1,1,1,1,0,2,0,2
69,-9557.570169,-718452.4035,E69_F84_m25f25_P68_Y3_UO1277,ID25_F68_m63f63_P8_Y0_UO3283,I25_F68_m-1f-1_P25_Y-1_U87,FXX,4,0.0,1,0,1.0,0,0,0,-9999.0,0.25,1,P62_CV0,2,0,2,2,0,0,2,0,2
69,-9557.570169,-718452.4035,E69_F85_m63f63_P68_Y3_UO3052,I63_F8_m-1f-1_P63_Y-1_U227,I63_F2_m-1f-1_P65_Y-1_U233,MXY,4,0.0,1,0,0.0,0,0,0,-9999.0,0.5,1,P62_CV0,2,1,1,0,2,0,2,0,2
69,-9557.570169,-718452.4035,E69_F85_m85f85_P69_Y3_UO3940,ID85_F68_m-1f-1_P63_Y-1_U239,I85_F8_m-1f-1_P85_Y-1_U60,MXY,4,0.0,1,0,0.0,0,0,0,-9999.0,0.25,1,P62_CV0,2,1,1,2,0,0,2,0,2
69,-9557.570169,-718452.4035,E69_F85_m84f84_P98_Y3_UO3800,I84_F8_m63f63_P8_Y1_UO2877,ID84_F8_m-1f-1_P63_Y-1_U150,FXX,4,0.0,1,0,1.0,0,0,0,-9999.0,0.625,1,P62_CV0,2,0,2,1,1,0,2,0,2
69,-9557.570169,-718452.4035,E69_F65_m84f84_P68_Y2_UO3870,I84_F68_m-1f-1_P63_Y-1_U157,I84_F8_m-1f-1_P84_Y-1_U117,MXY,5,0.0,1,0,0.0,0,0,0,-9999.0,0.25,1,P62_CV0,2,1,1,0,2,0,2,0,2
69,-9557.570169,-718452.4035,E69_F84_m63f63_P69_Y2_UO3055,I63_F36_m-1f-1_P63_Y-1_U13,I63_F8_m84f84_P68_Y0_UO4169,FXX,5,0.0,1,0,1.0,0,0,0,-9999.0,0.5,1,P62_CV0,2,1,1,1,1,0,2,0,2
69,-9557.570169,-718452.4035,E69_F85_m63f63_P8_Y2_UO3027,I63_F69_m-1f-1_P63_Y-1_U48,I63_F69_m31f31_P8_Y0_UO1552,FXX,5,0.0,1,0,1.0,0,0,0,-9999.0,0.0,1,P62_CV0,2,0,2,2,0,0,2,0,2
69,-9557.570169,-718452.4035,E69_F85_m63f63_P69_Y2_UO3019,I63_F68_m-1f-1_P63_Y-1_U195,ID63_F68_m-1f-1_P25_Y-1_U32,MXY,5,0.0,1,0,0.0,0,0,0,-9999.0,0.5,1,P62_CV0,2,2,0,1,1,0,2,0,2
69,-9557.570169,-718452.4035,E69_F85_m63f63_P36_Y1_UO2858,ID63_F36_m-1f-1_P65_Y-1_U202,I63_F68_m-1f-1_P63_Y-1_U95,MXY,6,0.0,1,0,0.0,0,0,0,-9999.0,0.75,1,P62_CV0,2,2,0,1,1,0,2,0,2
69,-9557.570169,-718452.4035,E69_F85_m63f63_P69_Y0_UO3330,R63_F63_m-1f-1_P63_Y-1_U242,R63_F63_m-1f-1_P63_Y-1_U98,MXY,7,0.0,1,0,0.0,0,0,0,-9999.0,0.75,1,P62_CV0,2,2,0,1,1,0,2,0,2
69,-9557.570169,-718452.4035,E69_F85_m-1f-1_P63_Y-1_U72,-9999,-9999,MXY,12,0.0,1,0,0.0,0,0,0,-9999.0,1.0,1,P62_CV0,2,2,0,1,1,0,2,0,2
69,-9557.570169,-718452.4035,Age0_F69_m25f25_P69_Y7_UO1264,I25_F69_m25f25_P68_Y5_UO1327,I25_F8_m94f94_P98_Y1_UO4204,MXY,0,0.0,0,0,0.0,0,0,0,0.0,0.25,1,P64_CV0,2,1,1,1,1,0,2,0,2
69,-9557.570169,-718452.4035,Age0_F69_m25f25_P69_Y7_UO1348,I25_F68_m-1f-1_P31_Y-1_U132,I25_F8_m65f65_P8_Y3_UO3103,FXX,0,0.0,0,0,0.0,0,0,0,0.0,0.4375,1,P64_CV0,2,0,2,0,2,0,2,0,2
69,-9557.570169,-718452.4035,Age0_F69_m25f25_P69_Y7_UO1349,I25_F68_m-1f-1_P31_Y-1_U155,I25_F36_m65f65_P98_Y0_UO3421,FXX,0,0.0,0,0,0.0,0,0,0,0.0,0.125,1,P64_CV0,2,0,2,1,1,0,2,0,2
69,-9557.570169,-718452.4035,Age0_F69_m63f63_P69_Y7_UO3048,I63_F68_m65f65_P8_Y3_UO3118,ID63_F8_m45f45_P68_Y4_UO2164,FXX,0,0.0,0,0,0.0,0,0,0,0.0,0.4375,1,P64_CV0,2,1,1,1,1,0,2,0,2
69,-9557.570169,-718452.4035,Age0_F69_m63f63_P69_Y7_UO3107,ID63_F8_m-1f-1_P65_Y-1_U163,I63_F68_m100f100_P68_Y2_UO4631,MXY,0,0.0,0,0,0.0,0,0,0,0.0,0.625,1,P64_CV0,2,2,0,2,0,0,2,0,2
69,-9557.570169,-718452.4035,Age0_F69_m65f65_P69_Y7_UO3201,I65_F69_m-1f-1_P65_Y-1_U44,ID65_F36_m85f85_P28_Y4_UO3908,MXY,0,0.0,0,0,0.0,0,0,0,0.0,0.625,1,P64_CV0,2,2,0,1,1,0,2,0,2
69,-9557.570169,-718452.4035,Age0_F69_m84f84_P69_Y7_UO3851,I84_F36_m25f25_P68_Y5_UO1258,ID84_F68_m31f31_P8_Y5_UO1475,MXY,0,0.0,0,0,0.0,0,0,0,0.0,0.34375,1,P64_CV0,2,1,1,1,1,0,2,0,2
69,-9557.570169,-718452.4035,Age0_F69_m84f84_P69_Y7_UO3856,I84_F68_m65f65_P68_Y5_UO3136,I84_F68_m84f84_P8_Y1_UO3696,FXX,0,0.0,0,0,0.0,0,0,0,0.0,0.6875,1,P64_CV0,2,2,0,1,1,0,2,0,2
69,-9557.570169,-718452.4035,Age0_F69_m84f84_P69_Y7_UO3861,ID84_F8_m63f63_P68_Y5_UO2982,I84_F8_m85f85_P36_Y4_UO3973,FXX,0,0.0,0,0,0.0,0,0,0,0.0,0.40625,1,P64_CV0,2,1,1,2,0,0,2,0,2
69,-9557.570169,-718452.4035,Age0_F69_m84f84_P69_Y7_UO3873,I84_F8_m63f63_P69_Y5_UO3004,I84_F8_m65f65_P69_Y2_UO3088,FXX,0,0.0,0,0,0.0,0,0,0,0.0,0.71875,1,P64_CV0,2,2,0,1,1,0,2,0,2
69,-9557.570169,-718452.4035,Age0_F69_m84f84_P69_Y7_UO3909,ID84_F27_m85f85_P69_Y3_UO3907,I84_F8_m84f84_P8_Y5_UO3861,FXX,0,0.0,0,0,0.0,0,0,0,0.0,0.4375,1,P64_CV0,2,2,0,1,1,0,2,0,2
69,-9557.570169,-718452.4035,Age0_F69_m85f85_P69_Y7_UO3985,I85_F36_m85f85_P36_Y5_UO3994,I85_F8_m85f85_P36_Y5_UO3969,FXX,0,0.0,0,0,0.0,0,0,0,0.0,0.375,1,P64_CV0,2,1,1,0,2,0,2,0,2
69,-9557.570169,-718452.4035,Age0_F69_m85f85_P69_Y7_UO4004,I85_F36_m85f85_P69_Y4_UO3938,I85_F2_m63f63_P68_Y4_UO3027,MXY,0,0.0,0,0,0.0,0,0,0,0.0,0.4375,1,P64_CV0,2,0,2,1,1,0,2,0,2
69,-9557.570169,-718452.4035,Age0_F69_m85f85_P69_Y7_UO4008,I85_F69_m65f65_P98_Y4_UO3072,I85_F69_m85f85_P69_Y3_UO3952,MXY,0,0.0,0,0,0.0,0,0,0,0.0,0.6875,1,P64_CV0,2,2,0,0,2,0,2,0,2
69,-9557.570169,-718452.4035,Age0_F69_m85f85_P69_Y7_UO4017,ID85_F36_m84f84_P98_Y3_UO3800,I85_F2_m-1f-1_P65_Y-1_U195,FXX,0,0.0,0,0,0.0,0,0,0,0.0,0.8125,1,P64_CV0,2,1,1,1,1,0,2,0,2
69,-9557.570169,-718452.4035,Age0_F69_m85f85_P69_Y7_UO4033,I85_F36_m63f63_P68_Y1_UO2923,I85_F36_m65f65_P98_Y0_UO3400,FXX,0,0.0,0,0,0.0,0,0,0,0.0,0.25,1,P64_CV0,2,1,1,2,0,0,2,0,2
69,-9557.570169,-718452.4035,E69_F25_m84f84_P68_Y6_UO3897,ID84_F69_m85f85_P98_Y4_UO4004,I84_F68_m65f65_P68_Y3_UO3135,FXX,1,0.0,1,1,1.0,0,0,0,-9999.0,0.5,1,P64_CV0,2,0,2,2,0,0,2,0,2
69,-9557.570169,-718452.4035,E69_F31_m63f63_P8_Y6_UO3110,I63_F68_m-1f-1_P65_Y-1_U225,I63_F8_m85f85_P8_Y0_UO4238,MXY,1,0.0,1,1,0.0,0,0,0,-9999.0,0.5,1,P64_CV0,2,1,1,1,1,0,2,0,2
69,-9557.570169,-718452.4035,E69_F63_m84f84_P68_Y6_UO3944,ID84_F8_m65f65_P8_Y1_UO2958,I84_F69_m84f84_P8_Y4_UO3892,FXX,1,0.0,1,1,1.0,0,0,0,-9999.0,0.375,1,P64_CV0,2,1,1,0,2,0,2,0,2
69,-9557.570169,-718452.4035,E69_F65_m63f63_P68_Y6_UO3112,I63_F68_m-1f-1_P63_Y-1_U51,I63_F8_m-1f-1_P65_Y-1_U4,FXX,1,0.0,1,1,1.0,0,0,0,-9999.0,0.25,1,P64_CV0,2,1,1,1,1,0,2,0,2
69,-9557.570169,-718452.4035,E69_F65_m65f65_P69_Y6_UO3141,I65_F8_m85f85_P36_Y3_UO3912,I65_F98_m-1f-1_P65_Y-1_U242,MXY,1,0.0,1,1,0.0,0,0,0,-9999.0,0.4375,1,P64_CV0,2,2,0,2,0,0,2,0,2
69,-9557.570169,-718452.4035,E69_F65_m84f84_P69_Y6_UO3940,I84_F28_m84f84_P8_Y1_UO3699,ID84_F68_m84f84_P8_Y4_UO3827,FXX,1,0.0,1,1,1.0,0,0,0,-9999.0,0.46875,1,P64_CV0,2,1,1,0,2,0,2,0,2
69,-9557.570169,-718452.4035,E69_F65_m65f65_P98_Y6_UO3162,I65_F98_m85f85_P69_Y2_UO3958,I65_F69_m85f85_P98_Y2_UO3929,MXY,1,0.0,1,1,0.0,0,0,0,-9999.0,0.25,1,P64_CV0,2,1,1,1,1,0,2,0,2
69,-9557.570169,-718452.4035,E69_F84_m63f63_P68_Y6_UO3089,I63_F8_m-1f-1_P65_Y-1_U120,I63_F68_m25f25_P68_Y4_UO1255,FXX,1,0.0,1,1,1.0,0,0,0,-9999.0,0.65625,1,P64_CV0,2,2,0,2,0,0,2,0,2
69,-9557.570169,-718452.4035,E69_F85_m85f85_P36_Y6_UO4012,ID85_F2_m40f40_P98_Y3_UO1929,ID85_F28_m65f65_P36_Y1_UO2954,FXX,1,0.0,1,1,1.0,0,0,0,-9999.0,0.625,1,P64_CV0,2,0,2,0,2,0,2,0,2
69,-9557.570169,-718452.4035,E69_F85_m25f25_P36_Y6_UO1334,I25_F8_m65f65_P8_Y0_UO3332,I25_F36_m31f31_P68_Y4_UO1543,FXX,1,0.0,1,1,1.0,0,0,0,-9999.0,0.375,1,P64_CV0,2,1,1,1,1,0,2,0,2
69,-9557.570169,-718452.4035,E69_F85_m85f85_P2_Y6_UO4047,I85_F36_m65f65_P8_Y1_UO3022,I85_F69_m95f95_P91_Y3_UO4482,FXX,1,0.0,1,1,1.0,0,0,0,-9999.0,0.5,1,P64_CV0,2,0,2,0,2,0,2,0,2
69,-9557.570169,-718452.4035,E69_F85_m25f25_P8_Y6_UO1289,I25_F8_m25f25_P68_Y3_UO1304,I25_F68_m65f65_P98_Y0_UO3421,MXY,1,0.0,1,1,0.0,0,0,0,-9999.0,0.25,1,P64_CV0,2,0,2,1,1,0,2,0,2
69,-9557.570169,-718452.4035,E69_F85_m65f65_P21_Y6_UO3124,I65_F98_m25f25_P69_Y4_UO1314,I65_F98_m65f65_P68_Y3_UO3101,MXY,1,0.0,1,1,0.0,0,0,0,-9999.0,0.6875,1,P64_CV0,2,2,0,1,1,0,2,0,2
69,-9557.570169,-718452.4035,E69_F85_m65f65_P69_Y6_UO3129,ID65_F68_m45f45_P68_Y4_UO2186,I65_F21_m-1f-1_P65_Y-1_U94,FXX,1,0.0,1,1,1.0,0,0,0,-9999.0,0.375,1,P64_CV0,2,1,1,1,1,0,2,0,2
69,-9557.570169,-718452.4035,E69_F85_m65f65_P69_Y6_UO3208,I65_F69_m-1f-1_P65_Y-1_U44,I65_F68_m40f40_P98_Y4_UO1917,FXX,1,0.0,1,1,1.0,0,0,0,-9999.0,0.78125,1,P64_CV0,2,2,0,0,2,0,2,0,2
69,-9557.570169,-718452.4035,E69_F85_m25f25_P69_Y6_UO1303,ID25_F68_m65f65_P98_Y2_UO3105,I25_F8_m-1f-1_P100_Y-1_U242,MXY,1,0.0,1,1,0.0,0,0,0,-9999.0,0.5625,1,P64_CV0,2,1,1,0,2,0,2,0,2
69,-9557.570169,-718452.4035,E69_F85_m65f65_P98_Y6_UO3186,I65_F8_m65f65_P68_Y1_UO2993,ID65_F8_m-1f-1_P84_Y-1_U66,FXX,1,0.0,1,1,1.0,0,0,0,-9999.0,0.25,1,P64_CV0,2,0,2,1,1,0,2,0,2
69,-9557.570169,-718452.4035,E69_F11_m100f100_P48_Y5_UO4617,I100_F48_m-1f-1_P100_Y-1_U25,ID100_F68_m65f65_P8_Y2_UO3136,MXY,2,0.0,1,0,0.0,0,0,0,-9999.0,0.25,1,P64_CV0,2,0,2,1,1,0,2,0,2
69,-9557.570169,-718452.4035,E69_F25_m25f25_P68_Y5_UO1327,ID25_F98_m-1f-1_P65_Y-1_U139,ID25_F8_m-1f-1_P85_Y-1_U141,FXX,2,0.0,1,0,1.0,0,0,0,-9999.0,0.5,1,P64_CV0,2,1,1,0,2,0,2,0,2
69,-9557.570169,-718452.4035,E69_F31_m31f31_P68_Y5_UO1518,I31_F68_m-1f-1_P45_Y-1_U197,I31_F8_m65f65_P98_Y2_UO3144,MXY,2,0.0,1,0,0.0,0,0,0,-9999.0,0.75,1,P64_CV0,2,1,1,0,2,0,2,0,2
69,-9557.570169,-718452.4035,E69_F63_m65f65_P69_Y5_UO3193,I65_F69_m-1f-1_P65_Y-1_U28,ID65_F98_m85f85_P98_Y1_UO3764,FXX,2,0.0,1,0,1.0,0,0,0,-9999.0,0.25,1,P64_CV0,2,0,2,1,1,0,2,0,2
69,-9557.570169,-718452.4035,E69_F84_m25f25_P68_Y5_UO1258,I25_F69_m100f100_P68_Y3_UO4600,ID25_F8_m-1f-1_P65_Y-1_U233,FXX,2,0.0,1,0,1.0,0,0,0,-9999.0,0.25,1,P64_CV0,2,0,2,2,0,0,2,0,2
69,-9557.570169,-718452.4035,E69_F84_m65f65_P68_Y5_UO3136,I65_F8_m25f25_P69_Y2_UO1308,I65_F8_m-1f-1_P65_Y-1_U246,FXX,2,0.0,1,0,1.0,0,0,0,-9999.0,0.625,1,P64_CV0,2,1,1,1,1,0,2,0,2
69,-9557.570169,-718452.4035,E69_F84_m63f63_P68_Y5_UO2982,I63_F8_m31f31_P8_Y3_UO1471,I63_F68_m-1f-1_P65_Y-1_U41,FXX,2,0.0,1,0,1.0,0,0,0,-9999.0,0.5625,1,P64_CV0,2,1,1,2,0,0,2,0,2
69,-9557.570169,-718452.4035,E69_F84_m65f65_P69_Y5_UO3152,I65_F69_m63f63_P36_Y1_UO2903,ID65_F36_m-1f-1_P65_Y-1_U223,MXY,2,0.0,1,0,0.0,0,0,0,-9999.0,0.5,1,P64_CV0,2,2,0,0,2,0,2,0,2
69,-9557.570169,-718452.4035,E69_F85_m85f85_P36_Y5_UO3994,I85_F36_m65f65_P8_Y1_UO3022,I85_F28_m-1f-1_P85_Y-1_U188,FXX,2,0.0,1,0,1.0,0,0,0,-9999.0,0.5,1,P64_CV0,2,1,1,1,1,0,2,0,2
69,-9557.570169,-718452.4035,E69_F85_m85f85_P2_Y4_UO3998,ID85_F2_m-1f-1_P65_Y-1_U32,I85_F21_m85f85_P36_Y1_UO3795,MXY,3,0.0,1,0,0.0,0,0,0,-9999.0,0.5,1,P64_CV0,2,1,1,1,1,0,2,0,2
69,-9557.570169,-718452.4035,E69_F85_m85f85_P69_Y4_UO3938,I85_F69_m63f63_P68_Y1_UO2923,I85_F98_m-1f-1_P85_Y-1_U33,FXX,3,0.0,1,0,1.0,0,0,0,-9999.0,0.125,1,P64_CV0,2,0,2,2,0,0,2,0,2
69,-9557.570169,-718452.4035,E69_F85_m65f65_P98_Y4_UO3072,I65_F36_m65f65_P98_Y2_UO3094,I65_F98_m-1f-1_P65_Y-1_U83,FXX,3,0.0,1,0,1.0,0,0,0,-9999.0,0.875,1,P64_CV0,2,2,0,0,2,0,2,0,2
69,-9557.570169,-718452.4035,E69_F25_m65f65_P36_Y3_UO3124,I65_F98_m-1f-1_P45_Y-1_U156,I65_F98_m-1f-1_P65_Y-1_U242,FXX,4,0.0,1,0,1.0,0,0,0,-9999.0,0.5,1,P64_CV0,2,0,2,1,1,0,2,0,2
69,-9557.570169,-718452.4035,E69_F63_m65f65_P8_Y3_UO3118,I65_F36_m-1f-1_P65_Y-1_U21,I65_F68_m-1f-1_P85_Y-1_U103,FXX,4,0.0,1,0,1.0,0,0,0,-9999.0,0.25,1,P64_CV0,2,0,2,1,1,0,2,0,2
69,-9557.570169,-718452.4035,E69_F84_m65f65_P68_Y3_UO3135,I65_F68_m-1f-1_P65_Y-1_U66,ID65_F36_m-1f-1_P85_Y-1_U102,MXY,4,0.0,1,0,0.0,0,0,0,-9999.0,0.5,1,P64_CV0,2,1,1,2,0,0,2,0,2
69,-9557.570169,-718452.4035,E69_F84_m85f85_P69_Y3_UO3907,ID85_F8_m84f84_P69_Y1_UO3660,I85_F8_m-1f-1_P85_Y-1_U56,FXX,4,0.0,1,0,1.0,0,0,0,-9999.0,0.375,1,P64_CV0,2,1,1,1,1,0,2,0,2
69,-9557.570169,-718452.4035,E69_F25_m65f65_P28_Y2_UO3161,I65_F36_m-1f-1_P65_Y-1_U234,I65_F69_m-1f-1_P65_Y-1_U93,MXY,5,0.0,1,0,0.0,0,0,0,-9999.0,0.5,1,P64_CV0,2,1,1,1,1,0,2,0,2
69,-9557.570169,-718452.4035,E69_F85_m85f85_P69_Y2_UO3979,I85_F69_m-1f-1_P85_Y-1_U1,ID85_F8_m-1f-1_P65_Y-1_U194,MXY,5,0.0,1,0,0.0,0,0,0,-9999.0,0.5,1,P64_CV0,2,0,2,1,1,0,2,0,2
69,-9557.570169,-718452.4035,E69_F84_m84f84_P98_Y1_UO3726,I84_F68_m-1f-1_P84_Y-1_U95,ID84_F8_m-1f-1_P65_Y-1_U90,MXY,6,0.0,1,0,0.0,0,0,0,-9999.0,0.5,1,P64_CV0,2,1,1,1,1,0,2,0,2
69,-9557.570169,-718452.4035,E69_F85_m63f63_P68_Y1_UO2923,ID63_F98_m-1f-1_P65_Y-1_U62,I63_F68_m-1f-1_P63_Y-1_U150,FXX,6,0.0,1,0,1.0,0,0,0,-9999.0,0.25,1,P64_CV0,2,1,1,2,0,0,2,0,2
69,-9557.570169,-718452.4035,E69_F85_m65f65_P98_Y0_UO3400,R65_F65_m-1f-1_P65_Y-1_U181,R65_F65_m-1f-1_P65_Y-1_U72,MXY,7,0.0,1,0,0.0,0,0,0,-9999.0,0.25,1,P64_CV0,2,0,2,2,0,0,2,0,2
69,-9557.570169,-718452.4035,E69_F65_m-1f-1_P65_Y-1_U44,-9999,-9999,FXX,11,0.0,1,0,1.0,0,0,0,-9999.0,1.0,1,P64_CV0,2,2,0,0,2,0,2,0,2
69,-9557.570169,-718452.4035,E69_F31_m-1f-1_P65_Y-1_U229,-9999,-9999,MXY,12,0.0,1,0,0.0,0,0,0,-9999.0,0.5,1,P64_CV0,2,1,1,2,0,0,2,0,2
69,-9557.570169,-718452.4035,E69_F11_m-1f-1_P65_Y-1_U218,-9999,-9999,MXY,13,0.0,1,0,0.0,0,0,0,-9999.0,1.0,1,P64_CV0,2,2,0,1,1,0,2,0,2
69,-9557.570169,-718452.4035,E69_F63_m-1f-1_P65_Y-1_U163,-9999,-9999,FXX,13,0.0,1,0,1.0,0,0,0,-9999.0,0.5,1,P64_CV0,2,1,1,1,1,0,2,0,2
69,-9557.570169,-718452.4035,E69_F85_m11f11_P2_Y5_UO694,ID11_F48_m-1f-1_P73_Y-1_U245,ID11_F89_m-1f-1_P11_Y-1_U41,MXY,2,0.0,1,0,0.0,0,0,0,-9999.0,0.5,1,P72_CV0,2,1,1,0,2,0,2,0,2
69,-9557.570169,-718452.4035,Age0_F69_m63f63_P69_Y7_UO2992,I63_F36_m95f95_P21_Y5_UO4514,ID63_F68_m31f31_P8_Y2_UO1517,MXY,0,0.0,0,0,0.0,0,0,0,0.0,0.5,1,P78_CV0,2,2,0,0,2,0,2,0,2
69,-9557.570169,-718452.4035,E69_F63_m95f95_P21_Y5_UO4514,I95_F64_m79f79_P64_Y0_UO3854,I95_F64_m95f95_P64_Y1_UO4325,FXX,2,0.0,1,0,1.0,0,0,0,-9999.0,0.375,1,P78_CV0,2,1,1,0,2,0,2,0,2
69,-9557.570169,-718452.4035,E69_F85_m65f65_P69_Y6_UO3121,I65_F68_m94f94_P98_Y4_UO4421,ID65_F98_m84f84_P36_Y3_UO3880,MXY,1,0.0,1,1,0.0,0,0,0,-9999.0,0.375,1,P79_CV0,2,0,2,1,1,0,2,0,2
69,-9557.570169,-718452.4035,Age0_F69_m25f25_P69_Y7_UO1317,I25_F68_m25f25_P69_Y1_UO1236,I25_F69_m-1f-1_P85_Y-1_U140,FXX,0,0.0,0,0,0.0,0,0,0,0.0,0.375,1,P83_CV0,2,0,2,0,2,0,2,0,2
69,-9557.570169,-718452.4035,Age0_F69_m25f25_P69_Y7_UO1334,I25_F8_m-1f-1_P84_Y-1_U181,I25_F68_m25f25_P68_Y1_UO1231,MXY,0,0.0,0,0,0.0,0,0,0,0.0,0.5,1,P83_CV0,2,1,1,1,1,0,2,0,2
69,-9557.570169,-718452.4035,Age0_F69_m65f65_P69_Y7_UO3142,I65_F8_m84f84_P8_Y4_UO3848,ID65_F98_m25f25_P8_Y4_UO1315,MXY,0,0.0,0,0,0.0,0,0,0,0.0,0.4375,1,P83_CV0,2,2,0,1,1,0,2,0,2
69,-9557.570169,-718452.4035,Age0_F69_m65f65_P69_Y7_UO3155,ID65_F8_m25f25_P69_Y3_UO1258,I65_F98_m40f40_P98_Y4_UO1917,FXX,0,0.0,0,0,0.0,0,0,0,0.0,0.59375,1,P83_CV0,2,1,1,0,2,0,2,0,2
69,-9557.570169,-718452.4035,Age0_F69_m85f85_P69_Y7_UO3966,I85_F36_m25f25_P69_Y5_UO1262,ID85_F36_m25f25_P8_Y2_UO1233,FXX,0,0.0,0,0,0.0,0,0,0,0.0,0.5625,1,P83_CV0,2,1,1,0,2,0,2,0,2
69,-9557.570169,-718452.4035,Age0_F69_m85f85_P69_Y7_UO3977,I85_F69_m25f25_P68_Y5_UO1249,I85_F2_m85f85_P69_Y0_UO4258,MXY,0,0.0,0,0,0.0,0,0,0,0.0,0.84375,1,P83_CV0,2,2,0,2,0,0,2,0,2
69,-9557.570169,-718452.4035,Age0_F69_m85f85_P69_Y7_UO3999,I85_F2_m65f65_P69_Y4_UO3154,I85_F98_m11f11_P2_Y5_UO694,MXY,0,0.0,0,0,0.0,0,0,0,0.0,0.5,1,P83_CV0,2,0,2,0,2,0,2,0,2
69,-9557.570169,-718452.4035,Age0_F69_m85f85_P69_Y7_UO4002,I85_F69_m85f85_P69_Y4_UO3980,I85_F69_m63f63_P98_Y5_UO3083,MXY,0,0.0,0,0,0.0,0,0,0,0.0,0.5,1,P83_CV0,2,1,1,2,0,0,2,0,2
69,-9557.570169,-718452.4035,E69_F25_m31f31_P8_Y6_UO1499,I31_F68_m65f65_P8_Y3_UO3110,ID31_F8_m31f31_P8_Y1_UO1444,FXX,1,0.0,1,1,1.0,0,0,0,-9999.0,0.375,1,P83_CV0,2,1,1,1,1,0,2,0,2
69,-9557.570169,-718452.4035,E69_F25_m31f31_P69_Y6_UO1526,I31_F8_m31f31_P8_Y1_UO1422,I31_F68_m45f45_P6_Y2_UO2151,FXX,1,0.0,1,1,1.0,0,0,0,-9999.0,0.25,1,P83_CV0,2,0,2,0,2,0,2,0,2
69,-9557.570169,-718452.4035,E69_F25_m25f25_P98_Y6_UO1266,I25_F68_m31f31_P8_Y4_UO1544,I25_F8_m-1f-1_P25_Y-1_U33,MXY,1,0.0,1,1,0.0,0,0,0,-9999.0,0.4375,1,P83_CV0,2,1,1,0,2,0,2,0,2
69,-9557.570169,-718452.4035,E69_F63_m25f25_P68_Y6_UO1363,I25_F68_m-1f-1_P31_Y-1_U155,I25_F8_m84f84_P98_Y1_UO3705,FXX,1,0.0,1,1,1.0,0,0,0,-9999.0,0.25,1,P83_CV0,2,0,2,1,1,0,2,0,2
69,-9557.570169,-718452.4035,E69_F63_m65f65_P98_Y6_UO3119,I65_F28_m94f94_P98_Y4_UO4404,ID65_F8_m63f63_P8_Y4_UO2980,FXX,1,0.0,1,1,1.0,0,0,0,-9999.0,0.375,1,P83_CV0,2,0,2,0,2,0,2,0,2
69,-9557.570169,-718452.4035,E69_F65_m85f85_P69_Y6_UO4058,I85_F98_m-1f-1_P84_Y-1_U239,I85_F28_m65f65_P36_Y4_UO3088,FXX,1,0.0,1,1,1.0,0,0,0,-9999.0,0.5,1,P83_CV0,2,0,2,2,0,0,2,0,2
69,-9557.570169,-718452.4035,E69_F65_m85f85_P98_Y6_UO4070,I85_F36_m-1f-1_P85_Y-1_U101,I85_F69_m84f84_P68_Y0_UO4131,MXY,1,0.0,1,1,0.0,0,0,0,-9999.0,0.875,1,P83_CV0,2,2,0,0,2,0,2,0,2
69,-9557.570169,-718452.4035,E69_F84_m31f31_P8_Y6_UO1517,I31_F8_m63f63_P68_Y2_UO3048,I31_F68_m85f85_P69_Y0_UO4242,FXX,1,0.0,1,1,1.0,0,0,0,-9999.0,0.625,1,P83_CV0,2,1,1,1,1,0,2,0,2
69,-9557.570169,-718452.4035,E69_F85_m65f65_P68_Y6_UO3182,I65_F8_m85f85_P8_Y1_UO3805,ID65_F8_m84f84_P8_Y0_UO4184,FXX,1,0.0,1,1,1.0,0,0,0,-9999.0,0.5,1,P83_CV0,2,0,2,2,0,0,2,0,2
69,-9557.570169,-718452.4035,E69_F85_m25f25_P2_Y6_UO1305,ID25_F69_m84f84_P68_Y2_UO3853,I25_F8_m85f85_P69_Y1_UO3763,MXY,1,0.0,1,1,0.0,0,0,0,-9999.0,0.625,1,P83_CV0,2,1,1,0,2,0,2,0,2
69,-9557.570169,-718452.4035,E69_F25_m63f63_P68_Y5_UO3045,I63_F8_m84f84_P8_Y0_UO4160,I63_F8_m-1f-1_P63_Y-1_U57,MXY,2,0.0,1,0,0.0,0,0,0,-9999.0,0.625,1,P83_CV0,2,2,0,0,2,0,2,0,2
69,-9557.570169,-718452.4035,E69_F85_m25f25_P68_Y5_UO1249,ID25_F68_m84f84_P68_Y3_UO3822,I25_F98_m-1f-1_P25_Y-1_U236,FXX,2,0.0,1,0,1.0,0,0,0,-9999.0,0.6875,1,P83_CV0,2,2,0,1,1,0,2,0,2
69,-9557.570169,-718452.4035,E69_F65_m84f84_P8_Y4_UO3848,I84_F8_m31f31_P8_Y1_UO1422,I84_F68_m84f84_P68_Y0_UO4132,FXX,3,0.0,1,0,1.0,0,0,0,-9999.0,0.375,1,P83_CV0,2,2,0,1,1,0,2,0,2
69,-9557.570169,-718452.4035,E69_F65_m45f45_P68_Y4_UO2186,I45_F52_m-1f-1_P84_Y-1_U137,ID45_F68_m42f42_P98_Y2_UO2001,FXX,3,0.0,1,0,1.0,0,0,0,-9999.0,0.25,1,P83_CV0,2,1,1,1,1,0,2,0,2
69,-9557.570169,-718452.4035,E69_F84_m31f31_P68_Y4_UO1509,ID31_F68_m-1f-1_P31_Y-1_U166,ID31_F8_m63f63_P8_Y2_UO3032,MXY,3,0.0,1,0,0.0,0,0,0,-9999.0,0.75,1,P83_CV0,2,2,0,1,1,0,2,0,2
69,-9557.570169,-718452.4035,E69_F85_m65f65_P69_Y4_UO3154,ID65_F8_m-1f-1_P100_Y-1_U48,I65_F8_m65f65_P98_Y2_UO3091,FXX,3,0.0,1,0,1.0,0,0,0,-9999.0,0.5,1,P83_CV0,2,0,2,0,2,0,2,0,2
69,-9557.570169,-718452.4035,E69_F85_m65f65_P36_Y4_UO3088,I65_F8_m31f31_P8_Y2_UO1500,I65_F68_m11f11_P69_Y0_UO681,MXY,3,0.0,1,0,0.0,0,0,0,-9999.0,0.5,1,P83_CV0,2,1,1,2,0,0,2,0,2
69,-9557.570169,-718452.4035,E69_F85_m85f85_P2_Y4_UO3965,I85_F36_m84f84_P36_Y0_UO4124,I85_F69_m-1f-1_P85_Y-1_U20,MXY,3,0.0,1,0,0.0,0,0,0,-9999.0,0.125,1,P83_CV0,2,0,2,0,2,0,2,0,2
69,-9557.570169,-718452.4035,E69_F65_m25f25_P69_Y3_UO1258,ID25_F69_m63f63_P8_Y1_UO2884,I25_F8_m84f84_P8_Y0_UO4115,FXX,4,0.0,1,0,1.0,0,0,0,-9999.0,0.625,1,P83_CV0,2,1,1,0,2,0,2,0,2
69,-9557.570169,-718452.4035,E69_F100_m63f63_P68_Y3_UO2974,I63_F68_m84f84_P8_Y1_UO3719,ID63_F8_m-1f-1_P65_Y-1_U153,MXY,4,0.0,1,0,0.0,0,0,0,-9999.0,0.375,1,P83_CV0,2,1,1,0,2,0,2,0,2
69,-9557.570169,-718452.4035,E69_F65_m31f31_P8_Y2_UO1500,I31_F68_m-1f-1_P84_Y-1_U29,I31_F8_m-1f-1_P100_Y-1_U185,FXX,5,0.0,1,0,1.0,0,0,0,-9999.0,0.5,1,P83_CV0,2,0,2,2,0,0,2,0,2
69,-9557.570169,-718452.4035,E69_F85_m25f25_P8_Y2_UO1233,I25_F48_m25f25_P68_Y0_UO1336,I25_F69_m-1f-1_P84_Y-1_U94,MXY,5,0.0,1,0,0.0,0,0,0,-9999.0,0.75,1,P83_CV0,2,1,1,0,2,0,2,0,2
69,-9557.570169,-718452.4035,E69_F85_m63f63_P68_Y2_UO3067,ID63_F48_m-1f-1_P25_Y-1_U156,ID63_F68_m-1f-1_P84_Y-1_U28,MXY,5,0.0,1,0,0.0,0,0,0,-9999.0,0.0,1,P83_CV0,2,0,2,1,1,0,2,0,2
69,-9557.570169,-718452.4035,E69_F25_m25f25_P69_Y1_UO1236,I25_F68_m-1f-1_P25_Y-1_U26,ID25_F8_m-1f-1_P84_Y-1_U94,FXX,6,0.0,1,0,1.0,0,0,0,-9999.0,0.75,1,P83_CV0,2,1,1,1,1,0,2,0,2
69,-9557.570169,-718452.4035,E69_F25_m84f84_P68_Y0_UO4135,R84_F84_m-1f-1_P84_Y-1_U65,R84_F84_m-1f-1_P84_Y-1_U226,MXY,7,0.0,1,0,0.0,0,0,0,-9999.0,0.25,1,P83_CV0,2,0,2,2,0,0,2,0,2
69,-9557.570169,-718452.4035,E69_F84_m84f84_P8_Y0_UO4216,R84_F84_m-1f-1_P84_Y-1_U239,R84_F84_m-1f-1_P84_Y-1_U120,MXY,7,0.0,1,0,0.0,0,0,0,-9999.0,0.75,1,P83_CV0,2,2,0,2,0,0,2,0,2
69,-9557.570169,-718452.4035,E69_F25_m-1f-1_P84_Y-1_U181,-9999,-9999,FXX,9,0.0,1,0,1.0,0,0,0,-9999.0,0.5,1,P83_CV0,2,1,1,0,2,0,2,0,2
69,-9557.570169,-718452.4035,Age0_F69_m31f31_P69_Y7_UO1508,ID31_F68_m84f84_P68_Y2_UO3889,I31_F8_m63f63_P8_Y2_UO2986,MXY,0,0.0,0,0,0.0,0,0,0,0.0,0.5625,1,P84_CV0,2,2,0,2,0,0,2,0,2
69,-9557.570169,-718452.4035,Age0_F69_m63f63_P69_Y7_UO3025,I63_F8_m84f84_P8_Y5_UO3930,I63_F68_m25f25_P8_Y5_UO1332,MXY,0,0.0,0,0,0.0,0,0,0,0.0,0.59375,1,P84_CV0,2,1,1,2,0,0,2,0,2
69,-9557.570169,-718452.4035,Age0_F69_m65f65_P69_Y7_UO3147,I65_F69_m45f45_P68_Y4_UO2186,ID65_F8_m85f85_P8_Y2_UO3949,MXY,0,0.0,0,0,0.0,0,0,0,0.0,0.375,1,P84_CV0,2,2,0,0,2,0,2,0,2
69,-9557.570169,-718452.4035,Age0_F69_m84f84_P69_Y7_UO3903,I84_F68_m25f25_P68_Y3_UO1277,I84_F98_m85f85_P8_Y3_UO3973,MXY,0,0.0,0,0,0.0,0,0,0,0.0,0.625,1,P84_CV0,2,1,1,2,0,0,2,0,2
69,-9557.570169,-718452.4035,Age0_F69_m85f85_P69_Y7_UO3964,I85_F36_m25f25_P68_Y5_UO1254,I85_F2_m85f85_P69_Y0_UO4258,MXY,0,0.0,0,0,0.0,0,0,0,0.0,0.6875,1,P84_CV0,2,1,1,1,1,0,2,0,2
69,-9557.570169,-718452.4035,Age0_F69_m85f85_P69_Y7_UO3965,I85_F98_m11f11_P69_Y5_UO670,ID85_F69_m25f25_P8_Y1_UO1245,FXX,0,0.0,0,0,0.0,0,0,0,0.0,0.625,1,P84_CV0,2,2,0,1,1,0,2,0,2
69,-9557.570169,-718452.4035,Age0_F69_m85f85_P69_Y7_UO3968,ID85_F68_m11f11_P36_Y5_UO690,ID85_F69_m31f31_P36_Y5_UO1533,FXX,0,0.0,0,0,0.0,0,0,0,0.0,0.65625,1,P84_CV0,2,2,0,2,0,0,2,0,2
69,-9557.570169,-718452.4035,Age0_F69_m85f85_P69_Y7_UO4005,ID85_F69_m65f65_P69_Y4_UO3123,I85_F8_m65f65_P28_Y4_UO3073,MXY,0,0.0,0,0,0.0,0,0,0,0.0,0.5,1,P84_CV0,2,1,1,1,1,0,2,0,2
69,-9557.570169,-718452.4035,Age0_F69_m85f85_P69_Y7_UO4020,I85_F69_m58f58_P98_Y3_UO2769,ID85_F49_m-1f-1_P85_Y-1_U197,FXX,0,0.0,0,0,0.0,0,0,0,0.0,0.5,1,P84_CV0,2,0,2,0,2,0,2,0,2
69,-9557.570169,-718452.4035,Age0_F69_m85f85_P69_Y7_UO4021,I85_F69_m85f85_P69_Y2_UO3985,I85_F8_m85f85_P98_Y5_UO4010,MXY,0,0.0,0,0,0.0,0,0,0,0.0,0.3125,1,P84_CV0,2,1,1,1,1,0,2,0,2
69,-9557.570169,-718452.4035,Age0_F69_m85f85_P69_Y7_UO4039,I85_F36_m85f85_P36_Y0_UO4293,I85_F21_m63f63_P69_Y4_UO2994,MXY,0,0.0,0,0,0.0,0,0,0,0.0,0.59375,1,P84_CV0,2,0,2,2,0,0,2,0,2
69,-9557.570169,-718452.4035,E69_F63_m84f84_P68_Y6_UO3958,ID84_F68_m-1f-1_P85_Y-1_U174,I84_F8_m-1f-1_P85_Y-1_U44,FXX,1,0.0,1,1,1.0,0,0,0,-9999.0,0.75,1,P84_CV0,2,1,1,0,2,0,2,0,2
69,-9557.570169,-718452.4035,E69_F65_m85f85_P69_Y6_UO4040,I85_F28_m85f85_P69_Y1_UO3801,I85_F36_m85f85_P36_Y2_UO3925,FXX,1,0.0,1,1,1.0,0,0,0,-9999.0,0.5625,1,P84_CV0,2,2,0,0,2,0,2,0,2
69,-9557.570169,-718452.4035,E69_F65_m65f65_P98_Y6_UO3183,ID65_F98_m85f85_P21_Y1_UO3751,ID65_F68_m84f84_P68_Y2_UO3870,MXY,1,0.0,1,1,0.0,0,0,0,-9999.0,0.25,1,P84_CV0,2,2,0,0,2,0,2,0,2
69,-9557.570169,-718452.4035,E69_F84_m25f25_P68_Y6_UO1274,ID25_F36_m85f85_P2_Y4_UO3962,I25_F68_m100f100_P68_Y3_UO4559,MXY,1,0.0,1,1,0.0,0,0,0,-9999.0,0.4375,1,P84_CV0,2,0,2,0,2,0,2,0,2
69,-9557.570169,-718452.4035,E69_F85_m65f65_P36_Y6_UO3176,I65_F98_m31f31_P8_Y2_UO1500,I65_F68_m-1f-1_P85_Y-1_U96,FXX,1,0.0,1,1,1.0,0,0,0,-9999.0,0.5,1,P84_CV0,2,1,1,2,0,0,2,0,2
69,-9557.570169,-718452.4035,E69_F85_m85f85_P36_Y6_UO3991,I85_F2_m31f31_P69_Y4_UO1492,ID85_F36_m84f84_P68_Y4_UO3853,MXY,1,0.0,1,1,0.0,0,0,0,-9999.0,0.4375,1,P84_CV0,2,0,2,0,2,0,2,0,2
69,-9557.570169,-718452.4035,E69_F85_m85f85_P36_Y6_UO4066,I85_F36_m-1f-1_P85_Y-1_U1,I85_F36_m85f85_P21_Y4_UO3913,MXY,1,0.0,1,1,0.0,0,0,0,-9999.0,0.4375,1,P84_CV0,2,1,1,1,1,0,2,0,2
69,-9557.570169,-718452.4035,E69_F85_m85f85_P69_Y6_UO4042,I85_F2_m85f85_P21_Y1_UO3749,I85_F36_m25f25_P8_Y1_UO1223,MXY,1,0.0,1,1,0.0,0,0,0,-9999.0,0.625,1,P84_CV0,2,2,0,0,2,0,2,0,2
69,-9557.570169,-718452.4035,E69_F85_m85f85_P36_Y6_UO4019,I85_F8_m65f65_P69_Y3_UO3121,I85_F68_m-1f-1_P85_Y-1_U6,FXX,1,0.0,1,1,1.0,0,0,0,-9999.0,0.5,1,P84_CV0,2,0,2,1,1,0,2,0,2
69,-9557.570169,-718452.4035,E69_F85_m85f85_P36_Y6_UO4054,I85_F69_m85f85_P36_Y0_UO4293,I85_F36_m85f85_P98_Y4_UO3917,FXX,1,0.0,1,1,1.0,0,0,0,-9999.0,0.59375,1,P84_CV0,2,1,1,2,0,0,2,0,2
69,-9557.570169,-718452.4035,E69_F31_m31f31_P68_Y5_UO1487,ID31_F68_m63f63_P68_Y2_UO3038,ID31_F68_m65f65_P68_Y3_UO3090,FXX,2,0.0,1,0,1.0,0,0,0,-9999.0,0.625,1,P84_CV0,2,1,1,1,1,0,2,0,2
69,-9557.570169,-718452.4035,E69_F85_m85f85_P69_Y5_UO3987,I85_F69_m85f85_P2_Y1_UO3809,I85_F2_m85f85_P69_Y3_UO3940,MXY,2,0.0,1,0,0.0,0,0,0,-9999.0,0.375,1,P84_CV0,2,2,0,1,1,0,2,0,2
69,-9557.570169,-718452.4035,E69_F85_m85f85_P2_Y5_UO3997,ID85_F2_m85f85_P2_Y0_UO4296,I85_F36_m65f65_P98_Y0_UO3400,MXY,2,0.0,1,0,0.0,0,0,0,-9999.0,0.5,1,P84_CV0,2,1,1,1,1,0,2,0,2
69,-9557.570169,-718452.4035,E69_F85_m85f85_P28_Y5_UO3993,I85_F98_m85f85_P69_Y1_UO3801,ID85_F28_m84f84_P28_Y3_UO3801,FXX,2,0.0,1,0,1.0,0,0,0,-9999.0,0.5625,1,P84_CV0,2,2,0,1,1,0,2,0,2
69,-9557.570169,-718452.4035,E69_F85_m85f85_P36_Y5_UO4006,I85_F69_m-1f-1_P85_Y-1_U25,I85_F8_m-1f-1_P85_Y-1_U63,MXY,2,0.0,1,0,0.0,0,0,0,-9999.0,0.75,1,P84_CV0,2,2,0,0,2,0,2,0,2
69,-9557.570169,-718452.4035,E69_F25_m84f84_P68_Y4_UO3887,I84_F68_m-1f-1_P85_Y-1_U19,ID84_F8_m-1f-1_P31_Y-1_U222,FXX,3,0.0,1,0,1.0,0,0,0,-9999.0,0.75,1,P84_CV0,2,2,0,0,2,0,2,0,2
69,-9557.570169,-718452.4035,E69_F25_m65f65_P8_Y4_UO3129,I65_F36_m85f85_P21_Y0_UO4227,I65_F68_m85f85_P98_Y0_UO4229,MXY,3,0.0,1,0,0.0,0,0,0,-9999.0,0.5,1,P84_CV0,2,0,2,1,1,0,2,0,2
69,-9557.570169,-718452.4035,E69_F85_m65f65_P69_Y4_UO3123,ID65_F8_m42f42_P6_Y0_UO2078,ID65_F36_m-1f-1_P85_Y-1_U196,FXX,3,0.0,1,0,1.0,0,0,0,-9999.0,0.375,1,P84_CV0,2,1,1,0,2,0,2,0,2
69,-9557.570169,-718452.4035,E69_F63_m85f85_P2_Y3_UO3913,I85_F69_m65f65_P98_Y1_UO3027,ID85_F98_m-1f-1_P85_Y-1_U93,MXY,4,0.0,1,0,0.0,0,0,0,-9999.0,0.75,1,P84_CV0,2,1,1,0,2,0,2,0,2
69,-9557.570169,-718452.4035,E69_F85_m63f63_P68_Y3_UO3000,I63_F8_m85f85_P36_Y0_UO4255,ID63_F8_m85f85_P8_Y0_UO4238,MXY,4,0.0,1,0,0.0,0,0,0,-9999.0,0.375,1,P84_CV0,2,1,1,1,1,0,2,0,2
69,-9557.570169,-718452.4035,E69_F31_m84f84_P68_Y2_UO3889,I84_F8_m-1f-1_P85_Y-1_U89,I84_F68_m-1f-1_P84_Y-1_U156,FXX,5,0.0,1,0,1.0,0,0,0,-9999.0,0.5,1,P84_CV0,2,1,1,2,0,0,2,0,2
69,-9557.570169,-718452.4035,E69_F85_m85f85_P69_Y2_UO3985,ID85_F49_m-1f-1_P11_Y-1_U78,I85_F8_m-1f-1_P85_Y-1_U66,FXX,5,0.0,1,0,1.0,0,0,0,-9999.0,0.0,1,P84_CV0,2,0,2,0,2,0,2,0,2
69,-9557.570169,-718452.4035,E69_F31_m85f85_P36_Y1_UO3736,I85_F69_m-1f-1_P85_Y-1_U126,I85_F98_m-1f-1_P85_Y-1_U201,MXY,6,0.0,1,0,0.0,0,0,0,-9999.0,1.0,1,P84_CV0,2,2,0,2,0,0,2,0,2
69,-9557.570169,-718452.4035,E69_F85_m85f85_P36_Y0_UO4293,R85_F85_m-1f-1_P85_Y-1_U207,R85_F85_m-1f-1_P85_Y-1_U68,FXX,7,0.0,1,0,1.0,0,0,0,-9999.0,0.75,1,P84_CV0,2,1,1,1,1,0,2,0,2
69,-9557.570169,-718452.4035,E69_F85_m-1f-1_P85_Y-1_U15,-9999,-9999,MXY,9,0.0,1,0,0.0,0,0,0,-9999.0,0.5,1,P84_CV0,2,1,1,1,1,0,2,0,2
69,-9557.570169,-718452.4035,E69_F85_m-1f-1_P85_Y-1_U145,-9999,-9999,FXX,10,0.0,1,0,1.0,0,0,0,-9999.0,0.5,1,P84_CV0,2,1,1,1,1,0,2,0,2
69,-9557.570169,-718452.4035,E69_F85_m-1f-1_P85_Y-1_U198,-9999,-9999,MXY,10,0.0,1,0,0.0,0,0,0,-9999.0,0.5,1,P84_CV0,2,1,1,0,2,0,2,0,2
69,-9557.570169,-718452.4035,E69_F85_m-1f-1_P85_Y-1_U187,-9999,-9999,MXY,11,0.0,1,0,0.0,0,0,0,-9999.0,1.0,1,P84_CV0,2,2,0,1,1,0,2,0,2
69,-9557.570169,-718452.4035,E69_F85_m-1f-1_P85_Y-1_U93,-9999,-9999,MXY,12,0.0,1,0,0.0,0,0,0,-9999.0,0.5,1,P84_CV0,2,1,1,0,2,0,2,0,2
69,-9557.570169,-718452.4035,E69_F85_m-1f-1_P85_Y-1_U6,-9999,-9999,MXY,13,0.0,1,0,0.0,0,0,0,-9999.0,0.5,1,P84_CV0,2,1,1,1,1,0,2,0,2
69,-9557.570169,-718452.4035,E69_F85_m84f84_P98_Y6_UO3905,I84_F68_m85f85_P8_Y3_UO3933,I84_F8_m63f63_P8_Y4_UO2985,FXX,1,0.0,1,1,1.0,0,0,0,-9999.0,0.4375,1,P89_CV0,2,1,1,2,0,0,2,0,2
69,-9557.570169,-718452.4035,E69_F65_m-1f-1_P90_Y-1_U78,-9999,-9999,MXY,9,0.0,1,0,0.0,0,0,0,-9999.0,0.5,1,P89_CV0,2,1,1,0,2,0,2,0,2
69,-9557.570169,-718452.4035,E69_F25_m84f84_P68_Y6_UO3922,I84_F8_m25f25_P36_Y2_UO1250,ID84_F36_m65f65_P8_Y4_UO3115,MXY,1,0.0,1,1,0.0,0,0,0,-9999.0,0.75,1,P93_CV0,2,1,1,1,1,0,2,0,2
69,-9557.570169,-718452.4035,E69_F65_m65f65_P28_Y6_UO3191,I65_F8_m31f31_P8_Y0_UO1560,I65_F98_m94f94_P98_Y2_UO4419,FXX,1,0.0,1,1,1.0,0,0,0,-9999.0,0.5,1,P93_CV0,2,1,1,0,2,0,2,0,2
69,-9557.570169,-718452.4035,E69_F63_m84f84_P8_Y5_UO3903,I84_F8_m63f63_P68_Y0_UO3322,ID84_F8_m94f94_P91_Y2_UO4450,FXX,2,0.0,1,0,1.0,0,0,0,-9999.0,0.375,1,P93_CV0,2,1,1,1,1,0,2,0,2
69,-9557.570169,-718452.4035,E69_F85_m85f85_P36_Y3_UO3960,I85_F68_m-1f-1_P85_Y-1_U8,I85_F36_m94f94_P98_Y1_UO4204,FXX,4,0.0,1,0,1.0,0,0,0,-9999.0,0.0,1,P93_CV0,2,0,2,1,1,0,2,0,2
69,-9557.570169,-718452.4035,E69_F85_m94f94_P69_Y3_UO4410,I94_F81_m-1f-1_P94_Y-1_U23,ID94_F81_m-1f-1_P58_Y-1_U14,MXY,4,0.0,1,0,0.0,0,0,0,-9999.0,0.5,1,P93_CV0,2,2,0,0,2,0,2,0,2
69,-9557.570169,-718452.4035,E69_F65_m94f94_P91_Y2_UO4402,I94_F81_m-1f-1_P94_Y-1_U131,I94_F99_m-1f-1_P94_Y-1_U165,MXY,5,0.0,1,0,0.0,0,0,0,-9999.0,0.5,1,P93_CV0,2,1,1,1,1,0,2,0,2
69,-9557.570169,-718452.4035,E69_F85_m94f94_P91_Y2_UO4398,I94_F99_m-1f-1_P94_Y-1_U248,I94_F98_m-1f-1_P94_Y-1_U123,MXY,5,0.0,1,0,0.0,0,0,0,-9999.0,0.5,1,P93_CV0,2,1,1,0,2,0,2,0,2
69,-9557.570169,-718452.4035,E69_F85_m94f94_P98_Y2_UO4422,I94_F81_m-1f-1_P94_Y-1_U235,I94_F81_m-1f-1_P94_Y-1_U43,MXY,5,0.0,1,0,0.0,0,0,0,-9999.0,0.25,1,P93_CV0,2,1,1,0,2,0,2,0,2
69,-9557.570169,-718452.4035,Age0_F69_m85f85_P69_Y7_UO3978,I85_F69_m65f65_P98_Y5_UO3169,I85_F69_m85f85_P2_Y4_UO3965,MXY,0,0.0,0,0,0.0,0,0,0,0.0,0.3125,1,P94_CV0,2,0,2,0,2,0,2,0,2
69,-9557.570169,-718452.4035,E69_F85_m95f95_P91_Y6_UO4567,ID95_F91_m-1f-1_P95_Y-1_U10,I95_F64_m17f17_P64_Y4_UO986,FXX,1,0.0,1,1,1.0,0,0,0,-9999.0,0.5625,1,P94_CV0,2,1,1,0,2,0,2,0,2
69,-9557.570169,-718452.4035,E69_F85_m65f65_P98_Y5_UO3169,I65_F8_m95f95_P28_Y0_UO4862,I65_F98_m63f63_P8_Y3_UO3019,FXX,2,0.0,1,0,1.0,0,0,0,-9999.0,0.5,1,P94_CV0,2,0,2,0,2,0,2,0,2
69,-9557.570169,-718452.4035,Age0_F69_m63f63_P69_Y7_UO3041,ID63_F6_m42f42_P99_Y4_UO1974,I63_F69_m-1f-1_P100_Y-1_U212,FXX,0,0.0,0,0,0.0,0,0,0,0.0,0.875,1,P99_CV0,2,1,1,1,1,0,2,0,2
69,-9557.570169,-718452.4035,Age0_F69_m84f84_P69_Y7_UO3860,I84_F36_m31f31_P8_Y5_UO1496,I84_F8_m100f100_P68_Y5_UO4620,MXY,0,0.0,0,0,0.0,0,0,0,0.0,0.5625,1,P99_CV0,2,2,0,1,1,0,2,0,2
69,-9557.570169,-718452.4035,Age0_F69_m85f85_P69_Y7_UO4006,I85_F98_m100f100_P8_Y4_UO4593,ID85_F36_m63f63_P69_Y1_UO2891,FXX,0,0.0,0,0,0.0,0,0,0,0.0,0.375,1,P99_CV0,2,1,1,1,1,0,2,0,2
69,-9557.570169,-718452.4035,E69_F25_m84f84_P68_Y6_UO3911,I84_F8_m100f100_P68_Y3_UO4548,I84_F68_m-1f-1_P63_Y-1_U0,FXX,1,0.0,1,1,1.0,0,0,0,-9999.0,0.25,1,P99_CV0,2,0,2,0,2,0,2,0,2
69,-9557.570169,-718452.4035,E69_F63_m25f25_P68_Y6_UO1333,I25_F2_m85f85_P28_Y0_UO4246,I25_F8_m-1f-1_P100_Y-1_U242,MXY,1,0.0,1,1,0.0,0,0,0,-9999.0,0.375,1,P99_CV0,2,2,0,0,2,0,2,0,2
69,-9557.570169,-718452.4035,E69_F63_m100f100_P68_Y6_UO4589,I100_F48_m100f100_P48_Y4_UO4564,ID100_F49_m-1f-1_P43_Y-1_U98,FXX,1,0.0,1,1,1.0,0,0,0,-9999.0,0.875,1,P99_CV0,2,2,0,0,2,0,2,0,2
69,-9557.570169,-718452.4035,E69_F84_m63f63_P68_Y6_UO3072,ID63_F98_m42f42_P6_Y0_UO2078,I63_F8_m100f100_P8_Y2_UO4626,MXY,1,0.0,1,1,0.0,0,0,0,-9999.0,0.75,1,P99_CV0,2,2,0,2,0,0,2,0,2
69,-9557.570169,-718452.4035,E69_F85_m63f63_P36_Y6_UO3027,I63_F68_m63f63_P8_Y3_UO2977,I63_F69_m65f65_P98_Y1_UO3011,FXX,1,0.0,1,1,1.0,0,0,0,-9999.0,0.375,1,P99_CV0,2,0,2,1,1,0,2,0,2
69,-9557.570169,-718452.4035,E69_F85_m63f63_P69_Y6_UO3053,ID63_F68_m65f65_P8_Y2_UO3092,ID63_F68_m84f84_P68_Y3_UO3893,MXY,1,0.0,1,1,0.0,0,0,0,-9999.0,0.4375,1,P99_CV0,2,1,1,1,1,0,2,0,2
69,-9557.570169,-718452.4035,E69_F85_m25f25_P36_Y6_UO1332,I25_F69_m63f63_P8_Y0_UO3313,ID25_F8_m-1f-1_P100_Y-1_U153,FXX,1,0.0,1,1,1.0,0,0,0,-9999.0,0.625,1,P99_CV0,2,1,1,2,0,0,2,0,2
69,-9557.570169,-718452.4035,E69_F84_m63f63_P69_Y5_UO3004,I63_F8_m25f25_P68_Y2_UO1303,I63_F69_m-1f-1_P100_Y-1_U212,FXX,2,0.0,1,0,1.0,0,0,0,-9999.0,0.8125,1,P99_CV0,2,1,1,2,0,0,2,0,2
69,-9557.570169,-718452.4035,E69_F85_m85f85_P69_Y5_UO3961,I85_F8_m11f11_P2_Y3_UO632,I85_F68_m100f100_P68_Y0_UO4972,MXY,2,0.0,1,0,0.0,0,0,0,-9999.0,0.625,1,P99_CV0,2,2,0,2,0,0,2,0,2
69,-9557.570169,-718452.4035,E69_F25_m63f63_P68_Y4_UO3011,ID63_F48_m40f40_P8_Y0_UO1929,I63_F68_m-1f-1_P100_Y-1_U212,MXY,3,0.0,1,0,0.0,0,0,0,-9999.0,0.75,1,P99_CV0,2,2,0,2,0,0,2,0,2
69,-9557.570169,-718452.4035,E69_F84_m100f100_P68_Y4_UO4597,I100_F8_m-1f-1_P100_Y-1_U121,I100_F48_m43f43_P48_Y0_UO2126,MXY,3,0.0,1,0,0.0,0,0,0,-9999.0,0.625,1,P99_CV0,2,1,1,0,2,0,2,0,2
69,-9557.570169,-718452.4035,E69_F85_m100f100_P8_Y4_UO4593,I100_F48_m-1f-1_P100_Y-1_U243,I100_F48_m-1f-1_P100_Y-1_U73,FXX,3,0.0,1,0,1.0,0,0,0,-9999.0,0.5,1,P99_CV0,2,2,0,0,2,0,2,0,2
69,-9557.570169,-718452.4035,E69_F25_m-1f-1_P100_Y-1_U153,-9999,-9999,MXY,8,0.0,1,0,0.0,0,0,0,-9999.0,0.5,1,P99_CV0,2,1,1,1,1,0,2,0,2
69,-9557.570169,-718452.4035,E69_F25_m-1f-1_P100_Y-1_U88,-9999,-9999,MXY,14,0.0,1,0,0.0,0,0,0,-9999.0,1.0,1,P99_CV0,2,2,0,2,0,0,2,0,2
71,-1100543.768,-791387.9899,Age0_F71_m22f22_P71_Y7_UO1025,I22_F71_m22f22_P71_Y5_UO1089,I22_F71_m-1f-1_P22_Y-1_U153,MXY,0,0.0,0,0,0.0,0,0,0,0.0,0.8125,1,P21_CV0,2,1,1,1,1,0,2,0,2
71,-1100543.768,-791387.9899,Age0_F71_m22f22_P71_Y7_UO1026,I22_F71_m22f22_P71_Y5_UO1125,I22_F71_m22f22_P71_Y4_UO1049,MXY,0,0.0,0,0,0.0,0,0,0,0.0,0.375,1,P21_CV0,2,0,2,0,2,0,2,0,2
71,-1100543.768,-791387.9899,Age0_F71_m22f22_P71_Y7_UO1027,I22_F71_m22f22_P71_Y5_UO1052,I22_F71_m22f22_P71_Y4_UO1092,FXX,0,0.0,0,0,0.0,0,0,0,0.0,0.40625,1,P21_CV0,2,0,2,1,1,0,2,0,2
71,-1100543.768,-791387.9899,Age0_F71_m22f22_P71_Y7_UO1028,I22_F71_m22f22_P71_Y5_UO1049,I22_F71_m22f22_P71_Y2_UO1064,FXX,0,0.0,0,0,0.0,0,0,0,0.0,0.375,1,P21_CV0,2,1,1,1,1,0,2,0,2
71,-1100543.768,-791387.9899,Age0_F71_m22f22_P71_Y7_UO1029,I22_F71_m22f22_P71_Y5_UO1103,ID22_F71_m22f22_P71_Y1_UO1068,FXX,0,0.0,0,0,0.0,0,0,0,0.0,0.25,1,P21_CV0,2,1,1,0,2,0,2,0,2
71,-1100543.768,-791387.9899,Age0_F71_m22f22_P71_Y7_UO1030,I22_F71_m22f22_P71_Y5_UO1040,ID22_F71_m22f22_P71_Y5_UO1067,MXY,0,0.0,0,0,0.0,0,0,0,0.0,0.5,1,P21_CV0,2,0,2,1,1,0,2,0,2
71,-1100543.768,-791387.9899,Age0_F71_m22f22_P71_Y7_UO1031,I22_F71_m22f22_P71_Y5_UO1057,I22_F71_m22f22_P71_Y2_UO1084,MXY,0,0.0,0,0,0.0,0,0,0,0.0,0.71875,1,P21_CV0,2,1,1,1,1,0,2,0,2
71,-1100543.768,-791387.9899,Age0_F71_m22f22_P71_Y7_UO1032,ID22_F71_m22f22_P71_Y5_UO1076,ID22_F71_m22f22_P71_Y1_UO989,MXY,0,0.0,0,0,0.0,0,0,0,0.0,0.5,1,P21_CV0,2,1,1,2,0,0,2,0,2
71,-1100543.768,-791387.9899,Age0_F71_m22f22_P71_Y7_UO1033,ID22_F71_m22f22_P71_Y5_UO1041,I22_F71_m-1f-1_P22_Y-1_U107,FXX,0,0.0,0,0,0.0,0,0,0,0.0,0.1875,1,P21_CV0,2,1,1,1,1,0,2,0,2
71,-1100543.768,-791387.9899,Age0_F71_m22f22_P71_Y7_UO1034,I22_F71_m22f22_P71_Y5_UO1111,I22_F71_m22f22_P71_Y3_UO1079,MXY,0,0.0,0,0,0.0,0,0,0,0.0,0.6875,1,P21_CV0,2,0,2,0,2,0,2,0,2
71,-1100543.768,-791387.9899,Age0_F71_m22f22_P71_Y7_UO1035,I22_F71_m22f22_P71_Y5_UO1080,ID22_F71_m22f22_P71_Y5_UO1067,FXX,0,0.0,0,0,0.0,0,0,0,0.0,0.5625,1,P21_CV0,2,1,1,0,2,0,2,0,2
71,-1100543.768,-791387.9899,Age0_F71_m22f22_P71_Y7_UO1036,I22_F71_m22f22_P71_Y5_UO1114,ID22_F71_m22f22_P71_Y5_UO1123,MXY,0,0.0,0,0,0.0,0,0,0,0.0,0.5,1,P21_CV0,2,1,1,1,1,0,2,0,2
71,-1100543.768,-791387.9899,Age0_F71_m22f22_P71_Y7_UO1037,I22_F71_m22f22_P71_Y5_UO1048,I22_F71_m-1f-1_P22_Y-1_U79,FXX,0,0.0,0,0,0.0,0,0,0,0.0,0.78125,1,P21_CV0,2,1,1,1,1,0,2,0,2
71,-1100543.768,-791387.9899,Age0_F71_m22f22_P71_Y7_UO1038,I22_F71_m22f22_P71_Y5_UO1070,I22_F71_m-1f-1_P22_Y-1_U88,MXY,0,0.0,0,0,0.0,0,0,0,0.0,0.5,1,P21_CV0,2,1,1,2,0,0,2,0,2
71,-1100543.768,-791387.9899,Age0_F71_m22f22_P71_Y7_UO1039,I22_F71_m22f22_P71_Y5_UO1051,I22_F71_m22f22_P71_Y3_UO1098,FXX,0,0.0,0,0,0.0,0,0,0,0.0,0.5,1,P21_CV0,2,1,1,1,1,0,2,0,2
71,-1100543.768,-791387.9899,Age0_F71_m22f22_P71_Y7_UO1040,I22_F71_m22f22_P71_Y5_UO1108,I22_F71_m22f22_P71_Y5_UO1056,MXY,0,0.0,0,0,0.0,0,0,0,0.0,0.21875,1,P21_CV0,2,1,1,2,0,0,2,0,2
71,-1100543.768,-791387.9899,Age0_F71_m22f22_P71_Y7_UO1041,I22_F71_m22f22_P71_Y5_UO1105,I22_F71_m-1f-1_P22_Y-1_U179,MXY,0,0.0,0,0,0.0,0,0,0,0.0,0.78125,1,P21_CV0,2,1,1,1,1,0,2,0,2
71,-1100543.768,-791387.9899,Age0_F71_m22f22_P71_Y7_UO1042,ID22_F71_m22f22_P71_Y5_UO1073,I22_F71_m22f22_P71_Y5_UO1062,MXY,0,0.0,0,0,0.0,0,0,0,0.0,0.78125,1,P21_CV0,2,0,2,2,0,0,2,0,2
71,-1100543.768,-791387.9899,Age0_F71_m22f22_P71_Y7_UO1043,I22_F71_m22f22_P71_Y5_UO1081,I22_F71_m22f22_P71_Y3_UO1111,MXY,0,0.0,0,0,0.0,0,0,0,0.0,0.5625,1,P21_CV0,2,1,1,2,0,0,2,0,2
71,-1100543.768,-791387.9899,Age0_F71_m22f22_P71_Y7_UO1044,I22_F71_m22f22_P71_Y5_UO1099,I22_F71_m22f22_P71_Y5_UO1104,FXX,0,0.0,0,0,0.0,0,0,0,0.0,0.6875,1,P21_CV0,2,2,0,0,2,0,2,0,2
71,-1100543.768,-791387.9899,Age0_F71_m22f22_P71_Y7_UO1045,ID22_F71_m22f22_P71_Y5_UO1055,ID22_F71_m22f22_P71_Y2_UO1085,FXX,0,0.0,0,0,0.0,0,0,0,0.0,0.46875,1,P21_CV0,2,1,1,1,1,0,2,0,2
71,-1100543.768,-791387.9899,Age0_F71_m22f22_P71_Y7_UO1046,I22_F71_m22f22_P71_Y5_UO1100,I22_F71_m22f22_P71_Y0_UO1141,FXX,0,0.0,0,0,0.0,0,0,0,0.0,0.3125,1,P21_CV0,2,1,1,0,2,0,2,0,2
71,-1100543.768,-791387.9899,Age0_F71_m22f22_P71_Y7_UO1047,ID22_F71_m22f22_P71_Y5_UO1116,ID22_F71_m22f22_P71_Y3_UO1065,MXY,0,0.0,0,0,0.0,0,0,0,0.0,0.625,1,P21_CV0,2,1,1,2,0,0,2,0,2
71,-1100543.768,-791387.9899,Age0_F71_m22f22_P71_Y7_UO1048,ID22_F71_m22f22_P71_Y4_UO1128,I22_F71_m22f22_P71_Y4_UO1066,MXY,0,0.0,0,0,0.0,0,0,0,0.0,0.5,1,P21_CV0,2,0,2,0,2,0,2,0,2
71,-1100543.768,-791387.9899,Age0_F71_m22f22_P71_Y7_UO1049,I22_F71_m22f22_P71_Y4_UO1044,ID22_F71_m22f22_P71_Y2_UO1124,MXY,0,0.0,0,0,0.0,0,0,0,0.0,0.75,1,P21_CV0,2,1,1,1,1,0,2,0,2
71,-1100543.768,-791387.9899,Age0_F71_m22f22_P71_Y7_UO1050,I22_F71_m22f22_P71_Y4_UO1115,I22_F71_m22f22_P71_Y4_UO1049,MXY,0,0.0,0,0,0.0,0,0,0,0.0,0.5,1,P21_CV0,2,0,2,1,1,0,2,0,2
71,-1100543.768,-791387.9899,Age0_F71_m22f22_P71_Y7_UO1051,I22_F71_m22f22_P71_Y4_UO1051,I22_F71_m22f22_P71_Y4_UO1049,MXY,0,0.0,0,0,0.0,0,0,0,0.0,0.5,1,P21_CV0,2,1,1,1,1,0,2,0,2
71,-1100543.768,-791387.9899,Age0_F71_m22f22_P71_Y7_UO1052,I22_F71_m22f22_P71_Y4_UO1109,ID22_F71_m22f22_P71_Y5_UO1095,FXX,0,0.0,0,0,0.0,0,0,0,0.0,0.75,1,P21_CV0,2,0,2,1,1,0,2,0,2
71,-1100543.768,-791387.9899,Age0_F71_m22f22_P71_Y7_UO1053,I22_F71_m22f22_P71_Y4_UO1111,I22_F71_m22f22_P71_Y4_UO1121,MXY,0,0.0,0,0,0.0,0,0,0,0.0,0.4375,1,P21_CV0,2,1,1,2,0,0,2,0,2
71,-1100543.768,-791387.9899,Age0_F71_m22f22_P71_Y7_UO1054,I22_F71_m22f22_P71_Y4_UO1055,I22_F71_m22f22_P71_Y5_UO1082,MXY,0,0.0,0,0,0.0,0,0,0,0.0,0.53125,1,P21_CV0,2,2,0,2,0,0,2,0,2
71,-1100543.768,-791387.9899,Age0_F71_m22f22_P71_Y7_UO1055,I22_F71_m22f22_P71_Y4_UO1090,ID22_F71_m22f22_P71_Y4_UO1042,MXY,0,0.0,0,0,0.0,0,0,0,0.0,0.5,1,P21_CV0,2,2,0,1,1,0,2,0,2
71,-1100543.768,-791387.9899,Age0_F71_m22f22_P71_Y7_UO1056,I22_F71_m22f22_P71_Y4_UO1085,I22_F71_m22f22_P71_Y0_UO1188,MXY,0,0.0,0,0,0.0,0,0,0,0.0,0.625,1,P21_CV0,2,1,1,1,1,0,2,0,2
71,-1100543.768,-791387.9899,Age0_F71_m22f22_P71_Y7_UO1057,I22_F71_m22f22_P71_Y4_UO1077,I22_F71_m22f22_P71_Y0_UO1171,FXX,0,0.0,0,0,0.0,0,0,0,0.0,0.625,1,P21_CV0,2,2,0,1,1,0,2,0,2
71,-1100543.768,-791387.9899,Age0_F71_m22f22_P71_Y7_UO1058,ID22_F71_m22f22_P71_Y4_UO1096,I22_F71_m22f22_P71_Y5_UO1062,MXY,0,0.0,0,0,0.0,0,0,0,0.0,0.75,1,P21_CV0,2,2,0,2,0,0,2,0,2
71,-1100543.768,-791387.9899,Age0_F71_m22f22_P71_Y7_UO1059,I22_F71_m22f22_P71_Y4_UO1083,I22_F71_m22f22_P71_Y4_UO1087,MXY,0,0.0,0,0,0.0,0,0,0,0.0,0.375,1,P21_CV0,2,2,0,2,0,0,2,0,2
71,-1100543.768,-791387.9899,Age0_F71_m22f22_P71_Y7_UO1060,ID22_F71_m22f22_P71_Y3_UO1055,ID22_F76_m22f22_P71_Y5_UO1078,MXY,0,0.0,0,0,0.0,0,0,0,0.0,0.6875,1,P21_CV0,2,1,1,1,1,0,2,0,2
71,-1100543.768,-791387.9899,Age0_F71_m22f22_P71_Y7_UO1061,ID22_F71_m22f22_P71_Y3_UO1044,I22_F71_m22f22_P71_Y0_UO1188,FXX,0,0.0,0,0,0.0,0,0,0,0.0,0.5625,1,P21_CV0,2,0,2,1,1,0,2,0,2
71,-1100543.768,-791387.9899,Age0_F71_m22f22_P71_Y7_UO1062,I22_F71_m22f22_P71_Y3_UO1041,I22_F71_m-1f-1_P22_Y-1_U120,FXX,0,0.0,0,0,0.0,0,0,0,0.0,0.5,1,P21_CV0,2,2,0,0,2,0,2,0,2
71,-1100543.768,-791387.9899,Age0_F71_m22f22_P71_Y7_UO1063,I22_F71_m22f22_P71_Y3_UO1122,I22_F71_m22f22_P71_Y4_UO1049,MXY,0,0.0,0,0,0.0,0,0,0,0.0,0.5625,1,P21_CV0,2,1,1,1,1,0,2,0,2
71,-1100543.768,-791387.9899,Age0_F71_m22f22_P71_Y7_UO1064,ID22_F71_m22f22_P71_Y3_UO1048,ID22_F71_m-1f-1_P22_Y-1_U77,FXX,0,0.0,0,0,0.0,0,0,0,0.0,0.9375,1,P21_CV0,2,2,0,1,1,0,2,0,2
71,-1100543.768,-791387.9899,Age0_F71_m22f22_P71_Y7_UO1065,ID22_F71_m22f22_P71_Y3_UO1043,ID22_F71_m22f22_P71_Y5_UO1095,MXY,0,0.0,0,0,0.0,0,0,0,0.0,0.625,1,P21_CV0,2,1,1,1,1,0,2,0,2
71,-1100543.768,-791387.9899,Age0_F71_m22f22_P71_Y7_UO1066,I22_F71_m22f22_P71_Y3_UO1052,I22_F71_m22f22_P71_Y4_UO1057,MXY,0,0.0,0,0,0.0,0,0,0,0.0,0.375,1,P21_CV0,2,1,1,1,1,0,2,0,2
71,-1100543.768,-791387.9899,Age0_F71_m22f22_P71_Y7_UO1067,I22_F71_m22f22_P71_Y3_UO1078,ID22_F71_m22f22_P71_Y2_UO1090,MXY,0,0.0,0,0,0.0,0,0,0,0.0,0.375,1,P21_CV0,2,1,1,0,2,0,2,0,2
71,-1100543.768,-791387.9899,Age0_F71_m22f22_P71_Y7_UO1068,I22_F71_m22f22_P71_Y3_UO1086,I22_F71_m22f22_P71_Y3_UO1123,MXY,0,0.0,0,0,0.0,0,0,0,0.0,0.25,1,P21_CV0,2,1,1,1,1,0,2,0,2
71,-1100543.768,-791387.9899,Age0_F71_m22f22_P71_Y7_UO1069,I22_F71_m22f22_P71_Y2_UO1121,ID22_F71_m22f22_P71_Y5_UO1095,FXX,0,0.0,0,0,0.0,0,0,0,0.0,0.5625,1,P21_CV0,2,2,0,0,2,0,2,0,2
71,-1100543.768,-791387.9899,Age0_F71_m22f22_P71_Y7_UO1070,I22_F71_m22f22_P71_Y2_UO1101,I22_F71_m22f22_P71_Y2_UO1105,MXY,0,0.0,0,0,0.0,0,0,0,0.0,0.375,1,P21_CV0,2,0,2,0,2,0,2,0,2
71,-1100543.768,-791387.9899,Age0_F71_m22f22_P71_Y7_UO1071,I22_F71_m22f22_P71_Y2_UO1102,I22_F71_m-1f-1_P22_Y-1_U147,FXX,0,0.0,0,0,0.0,0,0,0,0.0,0.125,1,P21_CV0,2,0,2,2,0,0,2,0,2
71,-1100543.768,-791387.9899,Age0_F71_m22f22_P71_Y7_UO1072,I22_F71_m22f22_P71_Y2_UO1120,ID22_F71_m-1f-1_P22_Y-1_U21,MXY,0,0.0,0,0,0.0,0,0,0,0.0,0.5,1,P21_CV0,2,2,0,1,1,0,2,0,2
71,-1100543.768,-791387.9899,Age0_F71_m22f22_P71_Y7_UO1073,I22_F71_m22f22_P71_Y2_UO1056,I22_F71_m22f22_P71_Y5_UO1077,MXY,0,0.0,0,0,0.0,0,0,0,0.0,0.6875,1,P21_CV0,2,2,0,0,2,0,2,0,2
71,-1100543.768,-791387.9899,Age0_F71_m22f22_P71_Y7_UO1074,I22_F71_m22f22_P71_Y2_UO1048,I22_F71_m22f22_P71_Y2_UO1065,FXX,0,0.0,0,0,0.0,0,0,0,0.0,0.6875,1,P21_CV0,2,0,2,1,1,0,2,0,2
71,-1100543.768,-791387.9899,Age0_F71_m22f22_P71_Y7_UO1075,ID22_F71_m22f22_P71_Y2_UO1070,ID22_F71_m22f22_P71_Y1_UO989,MXY,0,0.0,0,0,0.0,0,0,0,0.0,0.625,1,P21_CV0,2,1,1,2,0,0,2,0,2
71,-1100543.768,-791387.9899,Age0_F71_m22f22_P71_Y7_UO1076,ID22_F71_m22f22_P71_Y1_UO1021,I22_F71_m22f22_P71_Y4_UO1057,MXY,0,0.0,0,0,0.0,0,0,0,0.0,0.625,1,P21_CV0,2,1,1,2,0,0,2,0,2
71,-1100543.768,-791387.9899,Age0_F71_m22f22_P71_Y7_UO1077,I22_F71_m22f22_P71_Y1_UO1039,ID22_F71_m22f22_P71_Y5_UO1095,MXY,0,0.0,0,0,0.0,0,0,0,0.0,0.5625,1,P21_CV0,2,2,0,1,1,0,2,0,2
71,-1100543.768,-791387.9899,Age0_F71_m22f22_P71_Y7_UO1078,ID22_F71_m22f22_P71_Y1_UO1048,I22_F71_m-1f-1_P22_Y-1_U120,FXX,0,0.0,0,0,0.0,0,0,0,0.0,0.625,1,P21_CV0,2,2,0,0,2,0,2,0,2
71,-1100543.768,-791387.9899,Age0_F71_m22f22_P71_Y7_UO1079,ID22_F71_m22f22_P71_Y1_UO1062,ID22_F71_m22f22_P71_Y3_UO1065,FXX,0,0.0,0,0,0.0,0,0,0,0.0,0.375,1,P21_CV0,2,0,2,2,0,0,2,0,2
71,-1100543.768,-791387.9899,Age0_F71_m22f22_P71_Y7_UO1080,I22_F71_m22f22_P71_Y1_UO1072,I22_F71_m22f22_P71_Y0_UO1141,MXY,0,0.0,0,0,0.0,0,0,0,0.0,0.25,1,P21_CV0,2,0,2,1,1,0,2,0,2
71,-1100543.768,-791387.9899,Age0_F71_m22f22_P71_Y7_UO1081,I22_F71_m22f22_P71_Y1_UO1046,I22_F71_m22f22_P71_Y5_UO1087,FXX,0,0.0,0,0,0.0,0,0,0,0.0,0.5625,1,P21_CV0,2,1,1,1,1,0,2,0,2
71,-1100543.768,-791387.9899,Age0_F71_m22f22_P71_Y7_UO1082,I22_F71_m22f22_P71_Y1_UO1024,I22_F71_m22f22_P71_Y5_UO1066,FXX,0,0.0,0,0,0.0,0,0,0,0.0,0.46875,1,P21_CV0,2,1,1,1,1,0,2,0,2
71,-1100543.768,-791387.9899,Age0_F71_m22f22_P71_Y7_UO1083,I22_F71_m22f22_P71_Y1_UO1029,I22_F71_m-1f-1_P22_Y-1_U224,MXY,0,0.0,0,0,0.0,0,0,0,0.0,0.25,1,P21_CV0,2,0,2,0,2,0,2,0,2
71,-1100543.768,-791387.9899,Age0_F71_m22f22_P71_Y7_UO1084,I22_F71_m22f22_P71_Y1_UO1055,ID22_F71_m22f22_P71_Y5_UO1067,MXY,0,0.0,0,0,0.0,0,0,0,0.0,0.5625,1,P21_CV0,2,2,0,2,0,0,2,0,2
71,-1100543.768,-791387.9899,Age0_F71_m22f22_P71_Y7_UO1085,I22_F71_m22f22_P71_Y1_UO1017,ID22_F71_m22f22_P71_Y3_UO1121,FXX,0,0.0,0,0,0.0,0,0,0,0.0,0.9375,1,P21_CV0,2,2,0,1,1,0,2,0,2
71,-1100543.768,-791387.9899,Age0_F71_m22f22_P71_Y7_UO1086,I22_F71_m22f22_P71_Y0_UO1202,ID22_F71_m22f22_P71_Y4_UO1091,MXY,0,0.0,0,0,0.0,0,0,0,0.0,0.75,1,P21_CV0,2,2,0,1,1,0,2,0,2
71,-1100543.768,-791387.9899,Age0_F71_m22f22_P71_Y7_UO1087,ID22_F71_m22f22_P71_Y0_UO1133,I22_F71_m22f22_P71_Y2_UO1105,MXY,0,0.0,0,0,0.0,0,0,0,0.0,0.625,1,P21_CV0,2,1,1,1,1,0,2,0,2
71,-1100543.768,-791387.9899,Age0_F71_m22f22_P71_Y7_UO1088,I22_F71_m22f22_P71_Y0_UO1197,I22_F71_m22f22_P71_Y5_UO1120,MXY,0,0.0,0,0,0.0,0,0,0,0.0,0.71875,1,P21_CV0,2,2,0,0,2,0,2,0,2
71,-1100543.768,-791387.9899,Age0_F71_m22f22_P71_Y7_UO1089,I22_F71_m22f22_P71_Y0_UO1121,I22_F71_m22f22_P71_Y5_UO1091,MXY,0,0.0,0,0,0.0,0,0,0,0.0,0.4375,1,P21_CV0,2,1,1,1,1,0,2,0,2
71,-1100543.768,-791387.9899,Age0_F71_m22f22_P71_Y7_UO1090,I22_F71_m22f22_P71_Y0_UO1181,I22_F71_m22f22_P71_Y3_UO1063,FXX,0,0.0,0,0,0.0,0,0,0,0.0,0.5625,1,P21_CV0,2,1,1,0,2,0,2,0,2
71,-1100543.768,-791387.9899,Age0_F71_m22f22_P71_Y7_UO1091,I22_F71_m-1f-1_P22_Y-1_U90,I22_F71_m22f22_P71_Y5_UO1082,FXX,0,0.0,0,0,0.0,0,0,0,0.0,0.25,1,P21_CV0,2,0,2,1,1,0,2,0,2
71,-1100543.768,-791387.9899,Age0_F71_m22f22_P71_Y7_UO1092,I22_F71_m-1f-1_P22_Y-1_U168,ID22_F71_m22f22_P71_Y3_UO1038,MXY,0,0.0,0,0,0.0,0,0,0,0.0,0.5625,1,P21_CV0,2,2,0,1,1,0,2,0,2
71,-1100543.768,-791387.9899,Age0_F71_m22f22_P71_Y7_UO1093,I22_F71_m-1f-1_P22_Y-1_U123,I22_F71_m-1f-1_P22_Y-1_U87,MXY,0,0.0,0,0,0.0,0,0,0,0.0,0.75,1,P21_CV0,2,1,1,1,1,0,2,0,2
71,-1100543.768,-791387.9899,Age0_F71_m22f22_P71_Y7_UO1094,I22_F71_m-1f-1_P22_Y-1_U48,I22_F71_m22f22_P71_Y5_UO1106,FXX,0,0.0,0,0,0.0,0,0,0,0.0,0.875,1,P21_CV0,2,2,0,2,0,0,2,0,2
71,-1100543.768,-791387.9899,Age0_F71_m22f22_P71_Y7_UO1095,I22_F71_m-1f-1_P22_Y-1_U217,I22_F71_m22f22_P71_Y5_UO1106,MXY,0,0.0,0,0,0.0,0,0,0,0.0,0.625,1,P21_CV0,2,1,1,1,1,0,2,0,2
71,-1100543.768,-791387.9899,Age0_F71_m22f22_P71_Y7_UO1096,I22_F71_m-1f-1_P22_Y-1_U202,I22_F71_m22f22_P71_Y5_UO1062,FXX,0,0.0,0,0,0.0,0,0,0,0.0,0.3125,1,P21_CV0,2,1,1,1,1,0,2,0,2
71,-1100543.768,-791387.9899,Age0_F71_m22f22_P71_Y7_UO1097,I22_F71_m-1f-1_P22_Y-1_U118,I22_F71_m22f22_P71_Y5_UO1086,MXY,0,0.0,0,0,0.0,0,0,0,0.0,0.71875,1,P21_CV0,2,2,0,2,0,0,2,0,2
71,-1100543.768,-791387.9899,Age0_F71_m22f22_P71_Y7_UO1098,I22_F71_m-1f-1_P22_Y-1_U61,I22_F71_m-1f-1_P22_Y-1_U153,FXX,0,0.0,0,0,0.0,0,0,0,0.0,0.75,1,P21_CV0,2,1,1,0,2,0,2,0,2
71,-1100543.768,-791387.9899,Age0_F71_m22f22_P71_Y7_UO1099,I22_F71_m-1f-1_P22_Y-1_U172,I22_F71_m22f22_P71_Y4_UO1107,MXY,0,0.0,0,0,0.0,0,0,0,0.0,0.5,1,P21_CV0,2,1,1,1,1,0,2,0,2
71,-1100543.768,-791387.9899,Age0_F71_m22f22_P71_Y7_UO1100,I22_F71_m-1f-1_P22_Y-1_U126,I22_F71_m22f22_P71_Y3_UO1119,MXY,0,0.0,0,0,0.0,0,0,0,0.0,0.3125,1,P21_CV0,2,1,1,1,1,0,2,0,2
71,-1100543.768,-791387.9899,Age0_F71_m22f22_P71_Y7_UO1101,I22_F71_m-1f-1_P22_Y-1_U132,I22_F71_m22f22_P71_Y0_UO1188,MXY,0,0.0,0,0,0.0,0,0,0,0.0,0.5,1,P21_CV0,2,0,2,1,1,0,2,0,2
71,-1100543.768,-791387.9899,Age0_F71_m22f22_P71_Y7_UO1102,I22_F71_m-1f-1_P22_Y-1_U64,ID22_F71_m-1f-1_P22_Y-1_U204,FXX,0,0.0,0,0,0.0,0,0,0,0.0,0.5,1,P21_CV0,2,1,1,0,2,0,2,0,2
71,-1100543.768,-791387.9899,Age0_F71_m22f22_P71_Y7_UO1103,ID22_F71_m-1f-1_P22_Y-1_U22,ID22_F71_m22f22_P71_Y3_UO1038,FXX,0,0.0,0,0,0.0,0,0,0,0.0,0.5625,1,P21_CV0,2,2,0,1,1,0,2,0,2
71,-1100543.768,-791387.9899,Age0_F71_m22f22_P71_Y7_UO1104,ID22_F71_m-1f-1_P22_Y-1_U193,I22_F71_m22f22_P71_Y4_UO1121,MXY,0,0.0,0,0,0.0,0,0,0,0.0,0.5625,1,P21_CV0,2,1,1,1,1,0,2,0,2
71,-1100543.768,-791387.9899,Age0_F71_m22f22_P71_Y7_UO1105,ID22_F71_m-1f-1_P22_Y-1_U214,I22_F71_m22f22_P71_Y4_UO1087,FXX,0,0.0,0,0,0.0,0,0,0,0.0,0.5,1,P21_CV0,2,1,1,2,0,0,2,0,2
71,-1100543.768,-791387.9899,Age0_F71_m22f22_P71_Y7_UO1106,I22_F71_m-1f-1_P22_Y-1_U232,I22_F71_m22f22_P71_Y5_UO1066,FXX,0,0.0,0,0,0.0,0,0,0,0.0,0.71875,1,P21_CV0,2,1,1,1,1,0,2,0,2
71,-1100543.768,-791387.9899,Age0_F71_m22f22_P71_Y7_UO1107,I22_F71_m-1f-1_P22_Y-1_U52,I22_F71_m22f22_P71_Y3_UO1079,FXX,0,0.0,0,0,0.0,0,0,0,0.0,0.875,1,P21_CV0,2,1,1,0,2,0,2,0,2
71,-1100543.768,-791387.9899,Age0_F71_m22f22_P71_Y7_UO1108,ID22_F71_m-1f-1_P22_Y-1_U50,I22_F71_m-1f-1_P22_Y-1_U88,MXY,0,0.0,0,0,0.0,0,0,0,0.0,0.5,1,P21_CV0,2,1,1,0,2,0,2,0,2
71,-1100543.768,-791387.9899,Age0_F71_m22f22_P71_Y7_UO1109,I22_F71_m-1f-1_P22_Y-1_U2,I22_F71_m-1f-1_P22_Y-1_U88,MXY,0,0.0,0,0,0.0,0,0,0,0.0,0.5,1,P21_CV0,2,1,1,2,0,0,2,0,2
71,-1100543.768,-791387.9899,E71_F22_m22f22_P71_Y6_UO1048,I22_F71_m22f22_P71_Y4_UO1063,I22_F71_m-1f-1_P22_Y-1_U224,FXX,1,0.0,1,1,1.0,0,0,0,-9999.0,0.3125,1,P21_CV0,2,1,1,1,1,0,2,0,2
71,-1100543.768,-791387.9899,E71_F22_m22f22_P71_Y6_UO1049,I22_F71_m22f22_P71_Y4_UO1051,I22_F71_m-1f-1_P22_Y-1_U179,MXY,1,0.0,1,1,0.0,0,0,0,-9999.0,0.75,1,P21_CV0,2,1,1,1,1,0,2,0,2
71,-1100543.768,-791387.9899,E71_F22_m22f22_P71_Y6_UO1050,ID22_F71_m22f22_P71_Y4_UO1083,ID22_F71_m22f22_P71_Y1_UO1030,MXY,1,0.0,1,1,0.0,0,0,0,-9999.0,0.375,1,P21_CV0,2,0,2,1,1,0,2,0,2
71,-1100543.768,-791387.9899,E71_F22_m22f22_P71_Y6_UO1051,ID22_F71_m22f22_P71_Y4_UO1109,I22_F71_m22f22_P71_Y4_UO1058,FXX,1,0.0,1,1,1.0,0,0,0,-9999.0,0.78125,1,P21_CV0,2,2,0,1,1,0,2,0,2
71,-1100543.768,-791387.9899,E71_F22_m22f22_P71_Y6_UO1052,I22_F71_m22f22_P71_Y4_UO1064,I22_F71_m22f22_P71_Y4_UO1105,MXY,1,0.0,1,1,0.0,0,0,0,-9999.0,0.6875,1,P21_CV0,2,1,1,2,0,0,2,0,2
71,-1100543.768,-791387.9899,E71_F22_m22f22_P71_Y6_UO1053,I22_F71_m22f22_P71_Y4_UO1085,I22_F71_m22f22_P71_Y3_UO1038,FXX,1,0.0,1,1,1.0,0,0,0,-9999.0,0.6875,1,P21_CV0,2,2,0,0,2,0,2,0,2
71,-1100543.768,-791387.9899,E71_F22_m22f22_P71_Y6_UO1054,I22_F71_m22f22_P71_Y4_UO1096,ID22_F71_m-1f-1_P22_Y-1_U144,FXX,1,0.0,1,1,1.0,0,0,0,-9999.0,0.4375,1,P21_CV0,2,1,1,1,1,0,2,0,2
71,-1100543.768,-791387.9899,E71_F22_m22f22_P71_Y6_UO1055,I22_F71_m22f22_P71_Y4_UO1055,I22_F71_m-1f-1_P22_Y-1_U19,MXY,1,0.0,1,1,0.0,0,0,0,-9999.0,0.53125,1,P21_CV0,2,1,1,1,1,0,2,0,2
71,-1100543.768,-791387.9899,E71_F22_m22f22_P71_Y6_UO1056,ID22_F71_m22f22_P71_Y4_UO1130,I22_F71_m22f22_P71_Y4_UO1121,FXX,1,0.0,1,1,1.0,0,0,0,-9999.0,0.5,1,P21_CV0,2,2,0,2,0,0,2,0,2
71,-1100543.768,-791387.9899,E71_F22_m22f22_P71_Y6_UO1057,I22_F71_m22f22_P71_Y4_UO1128,I22_F71_m22f22_P71_Y4_UO1091,MXY,1,0.0,1,1,0.0,0,0,0,-9999.0,0.625,1,P21_CV0,2,2,0,1,1,0,2,0,2
71,-1100543.768,-791387.9899,E71_F22_m22f22_P71_Y6_UO1058,ID22_F76_m22f22_P71_Y4_UO1111,I22_F71_m22f22_P71_Y3_UO1111,MXY,1,0.0,1,1,0.0,0,0,0,-9999.0,0.375,1,P21_CV0,2,2,0,1,1,0,2,0,2
71,-1100543.768,-791387.9899,E71_F22_m22f22_P71_Y6_UO1059,I22_F71_m22f22_P71_Y4_UO1104,I22_F71_m-1f-1_P22_Y-1_U119,MXY,1,0.0,1,1,0.0,0,0,0,-9999.0,0.625,1,P21_CV0,2,2,0,1,1,0,2,0,2
71,-1100543.768,-791387.9899,E71_F22_m22f22_P71_Y6_UO1060,I22_F71_m22f22_P71_Y4_UO1090,I22_F71_m22f22_P71_Y4_UO1094,MXY,1,0.0,1,1,0.0,0,0,0,-9999.0,0.3125,1,P21_CV0,2,1,1,1,1,0,2,0,2
71,-1100543.768,-791387.9899,E71_F22_m22f22_P71_Y6_UO1061,I22_F71_m22f22_P71_Y4_UO1067,I22_F71_m-1f-1_P22_Y-1_U216,MXY,1,0.0,1,1,0.0,0,0,0,-9999.0,0.625,1,P21_CV0,2,0,2,0,2,0,2,0,2
71,-1100543.768,-791387.9899,E71_F22_m22f22_P71_Y6_UO1062,ID22_F71_m22f22_P71_Y4_UO1044,I22_F71_m22f22_P71_Y4_UO1100,FXX,1,0.0,1,1,1.0,0,0,0,-9999.0,0.71875,1,P21_CV0,2,1,1,2,0,0,2,0,2
71,-1100543.768,-791387.9899,E71_F22_m22f22_P71_Y6_UO1063,I22_F71_m22f22_P71_Y4_UO1115,I22_F71_m22f22_P71_Y3_UO1058,MXY,1,0.0,1,1,0.0,0,0,0,-9999.0,0.625,1,P21_CV0,2,0,2,1,1,0,2,0,2
71,-1100543.768,-791387.9899,E71_F22_m22f22_P71_Y6_UO1064,I22_F71_m22f22_P71_Y4_UO1077,I22_F71_m-1f-1_P22_Y-1_U189,FXX,1,0.0,1,1,1.0,0,0,0,-9999.0,0.25,1,P21_CV0,2,1,1,1,1,0,2,0,2
71,-1100543.768,-791387.9899,E71_F22_m22f22_P71_Y6_UO1065,I22_F71_m22f22_P71_Y4_UO1069,I22_F71_m22f22_P71_Y4_UO1074,FXX,1,0.0,1,1,1.0,0,0,0,-9999.0,0.5625,1,P21_CV0,2,1,1,0,2,0,2,0,2
71,-1100543.768,-791387.9899,E71_F22_m22f22_P71_Y6_UO1066,ID22_F71_m22f22_P71_Y3_UO1124,ID22_F71_m22f22_P71_Y3_UO1079,FXX,1,0.0,1,1,1.0,0,0,0,-9999.0,0.8125,1,P21_CV0,2,2,0,0,2,0,2,0,2
71,-1100543.768,-791387.9899,E71_F22_m22f22_P71_Y6_UO1067,I22_F71_m22f22_P71_Y3_UO1048,ID22_F71_m-1f-1_P22_Y-1_U75,MXY,1,0.0,1,1,0.0,0,0,0,-9999.0,0.6875,1,P21_CV0,2,1,1,1,1,0,2,0,2
71,-1100543.768,-791387.9899,E71_F22_m22f22_P71_Y6_UO1068,I22_F71_m22f22_P71_Y3_UO1044,I22_F71_m22f22_P71_Y4_UO1094,MXY,1,0.0,1,1,0.0,0,0,0,-9999.0,0.4375,1,P21_CV0,2,1,1,0,2,0,2,0,2
71,-1100543.768,-791387.9899,E71_F22_m22f22_P71_Y6_UO1069,I22_F71_m22f22_P71_Y3_UO1095,I22_F71_m22f22_P71_Y4_UO1103,FXX,1,0.0,1,1,1.0,0,0,0,-9999.0,0.375,1,P21_CV0,2,0,2,0,2,0,2,0,2
71,-1100543.768,-791387.9899,E71_F22_m22f22_P71_Y6_UO1070,I22_F71_m22f22_P71_Y3_UO1050,I22_F71_m22f22_P71_Y4_UO1094,MXY,1,0.0,1,1,0.0,0,0,0,-9999.0,0.375,1,P21_CV0,2,0,2,1,1,0,2,0,2
71,-1100543.768,-791387.9899,E71_F22_m22f22_P71_Y6_UO1071,ID22_F71_m22f22_P71_Y3_UO1086,I22_F71_m22f22_P71_Y0_UO1188,FXX,1,0.0,1,1,1.0,0,0,0,-9999.0,0.5,1,P21_CV0,2,1,1,0,2,0,2,0,2
71,-1100543.768,-791387.9899,E71_F22_m22f22_P71_Y6_UO1072,I22_F71_m22f22_P71_Y3_UO1076,ID22_F71_m-1f-1_P22_Y-1_U144,MXY,1,0.0,1,1,0.0,0,0,0,-9999.0,0.25,1,P21_CV0,2,0,2,2,0,0,2,0,2
71,-1100543.768,-791387.9899,E71_F22_m22f22_P71_Y6_UO1073,ID22_F71_m22f22_P71_Y3_UO1122,ID22_F71_m22f22_P71_Y1_UO1030,FXX,1,0.0,1,1,1.0,0,0,0,-9999.0,0.5625,1,P21_CV0,2,1,1,1,1,0,2,0,2
71,-1100543.768,-791387.9899,E71_F22_m22f22_P71_Y6_UO1074,ID22_F71_m22f22_P71_Y3_UO1043,I22_F71_m22f22_P71_Y1_UO992,FXX,1,0.0,1,1,1.0,0,0,0,-9999.0,0.4375,1,P21_CV0,2,2,0,1,1,0,2,0,2
71,-1100543.768,-791387.9899,E71_F22_m22f22_P71_Y6_UO1075,ID22_F71_m22f22_P71_Y3_UO1051,I22_F71_m22f22_P71_Y3_UO1099,MXY,1,0.0,1,1,0.0,0,0,0,-9999.0,0.25,1,P21_CV0,2,0,2,2,0,0,2,0,2
71,-1100543.768,-791387.9899,E71_F22_m22f22_P71_Y6_UO1076,I22_F71_m22f22_P71_Y3_UO1052,I22_F71_m22f22_P71_Y4_UO1052,MXY,1,0.0,1,1,0.0,0,0,0,-9999.0,0.4375,1,P21_CV0,2,1,1,1,1,0,2,0,2
71,-1100543.768,-791387.9899,E71_F22_m22f22_P71_Y6_UO1077,I22_F71_m22f22_P71_Y3_UO1078,I22_F71_m22f22_P71_Y3_UO1113,FXX,1,0.0,1,1,1.0,0,0,0,-9999.0,0.375,1,P21_CV0,2,0,2,0,2,0,2,0,2
71,-1100543.768,-791387.9899,E71_F22_m22f22_P71_Y6_UO1078,I22_F71_m22f22_P71_Y3_UO1055,I22_F71_m22f22_P71_Y4_UO1073,MXY,1,0.0,1,1,0.0,0,0,0,-9999.0,0.75,1,P21_CV0,2,1,1,1,1,0,2,0,2
71,-1100543.768,-791387.9899,E71_F22_m22f22_P71_Y6_UO1079,I22_F71_m22f22_P71_Y3_UO1041,I22_F71_m22f22_P71_Y4_UO1094,FXX,1,0.0,1,1,1.0,0,0,0,-9999.0,0.375,1,P21_CV0,2,1,1,2,0,0,2,0,2
71,-1100543.768,-791387.9899,E71_F22_m22f22_P71_Y6_UO1080,I22_F71_m22f22_P71_Y2_UO1048,ID22_F71_m22f22_P71_Y4_UO1040,FXX,1,0.0,1,1,1.0,0,0,0,-9999.0,0.625,1,P21_CV0,2,1,1,1,1,0,2,0,2
71,-1100543.768,-791387.9899,E71_F22_m22f22_P71_Y6_UO1081,I22_F71_m22f22_P71_Y2_UO1059,I22_F71_m22f22_P71_Y4_UO1129,MXY,1,0.0,1,1,0.0,0,0,0,-9999.0,0.75,1,P21_CV0,2,2,0,1,1,0,2,0,2
71,-1100543.768,-791387.9899,E71_F22_m22f22_P71_Y6_UO1082,I22_F71_m22f22_P71_Y2_UO1070,ID22_F71_m-1f-1_P22_Y-1_U144,MXY,1,0.0,1,1,0.0,0,0,0,-9999.0,0.25,1,P21_CV0,2,0,2,2,0,0,2,0,2
71,-1100543.768,-791387.9899,E71_F22_m22f22_P71_Y6_UO1083,I22_F71_m22f22_P71_Y2_UO1121,I22_F71_m22f22_P71_Y2_UO1090,MXY,1,0.0,1,1,0.0,0,0,0,-9999.0,0.625,1,P21_CV0,2,1,1,1,1,0,2,0,2
71,-1100543.768,-791387.9899,E71_F22_m22f22_P71_Y6_UO1084,I22_F71_m22f22_P71_Y2_UO1120,I22_F71_m22f22_P71_Y0_UO1189,MXY,1,0.0,1,1,0.0,0,0,0,-9999.0,0.5,1,P21_CV0,2,1,1,0,2,0,2,0,2
71,-1100543.768,-791387.9899,E71_F22_m22f22_P71_Y6_UO1085,I22_F71_m22f22_P71_Y2_UO1044,I22_F71_m22f22_P71_Y0_UO1141,FXX,1,0.0,1,1,1.0,0,0,0,-9999.0,0.1875,1,P21_CV0,2,0,2,1,1,0,2,0,2
71,-1100543.768,-791387.9899,E71_F22_m22f22_P71_Y6_UO1086,I22_F71_m22f22_P71_Y2_UO1057,I22_F71_m22f22_P71_Y4_UO1129,MXY,1,0.0,1,1,0.0,0,0,0,-9999.0,0.5625,1,P21_CV0,2,2,0,0,2,0,2,0,2
71,-1100543.768,-791387.9899,E71_F22_m22f22_P71_Y6_UO1087,I22_F71_m22f22_P71_Y2_UO1101,I22_F71_m22f22_P71_Y0_UO1189,MXY,1,0.0,1,1,0.0,0,0,0,-9999.0,0.5,1,P21_CV0,2,2,0,0,2,0,2,0,2
71,-1100543.768,-791387.9899,E71_F22_m22f22_P71_Y6_UO1088,I22_F71_m22f22_P71_Y2_UO1056,I22_F71_m-1f-1_P22_Y-1_U0,FXX,1,0.0,1,1,1.0,0,0,0,-9999.0,0.5625,1,P21_CV0,2,1,1,2,0,0,2,0,2
71,-1100543.768,-791387.9899,E71_F22_m22f22_P71_Y6_UO1089,ID22_F71_m22f22_P71_Y2_UO1039,ID22_F71_m22f22_P71_Y1_UO990,FXX,1,0.0,1,1,1.0,0,0,0,-9999.0,0.25,1,P21_CV0,2,0,2,2,0,0,2,0,2
71,-1100543.768,-791387.9899,E71_F22_m22f22_P71_Y6_UO1090,ID22_F71_m22f22_P71_Y2_UO1102,I22_F71_m22f22_P71_Y4_UO1066,FXX,1,0.0,1,1,1.0,0,0,0,-9999.0,0.375,1,P21_CV0,2,1,1,0,2,0,2,0,2
71,-1100543.768,-791387.9899,E71_F22_m22f22_P71_Y6_UO1091,I22_F71_m22f22_P71_Y1_UO1039,I22_F71_m22f22_P71_Y4_UO1114,MXY,1,0.0,1,1,0.0,0,0,0,-9999.0,0.375,1,P21_CV0,2,2,0,1,1,0,2,0,2
71,-1100543.768,-791387.9899,E71_F22_m22f22_P71_Y6_UO1092,I22_F71_m22f22_P71_Y1_UO1045,I22_F71_m22f22_P71_Y3_UO1038,FXX,1,0.0,1,1,1.0,0,0,0,-9999.0,0.5625,1,P21_CV0,2,2,0,1,1,0,2,0,2
71,-1100543.768,-791387.9899,E71_F22_m22f22_P71_Y6_UO1093,I22_F71_m22f22_P71_Y1_UO1029,ID22_F71_m-1f-1_P22_Y-1_U75,FXX,1,0.0,1,1,1.0,0,0,0,-9999.0,0.25,1,P21_CV0,2,1,1,2,0,0,2,0,2
71,-1100543.768,-791387.9899,E71_F22_m22f22_P71_Y6_UO1094,I22_F71_m22f22_P71_Y1_UO1055,I22_F71_m22f22_P71_Y4_UO1114,FXX,1,0.0,1,1,1.0,0,0,0,-9999.0,0.5,1,P21_CV0,2,2,0,0,2,0,2,0,2
71,-1100543.768,-791387.9899,E71_F22_m22f22_P71_Y6_UO1095,I22_F71_m22f22_P71_Y1_UO1024,ID22_F71_m22f22_P71_Y3_UO1079,FXX,1,0.0,1,1,1.0,0,0,0,-9999.0,0.625,1,P21_CV0,2,1,1,0,2,0,2,0,2
71,-1100543.768,-791387.9899,E71_F22_m22f22_P71_Y6_UO1096,I22_F71_m22f22_P71_Y1_UO1062,I22_F71_m22f22_P71_Y0_UO1210,FXX,1,0.0,1,1,1.0,0,0,0,-9999.0,0.25,1,P21_CV0,2,1,1,1,1,0,2,0,2
71,-1100543.768,-791387.9899,E71_F22_m22f22_P71_Y6_UO1097,I22_F71_m22f22_P71_Y1_UO1072,I22_F71_m22f22_P71_Y4_UO1105,FXX,1,0.0,1,1,1.0,0,0,0,-9999.0,0.625,1,P21_CV0,2,1,1,1,1,0,2,0,2
71,-1100543.768,-791387.9899,E71_F22_m22f22_P71_Y6_UO1098,I22_F71_m22f22_P71_Y1_UO1048,ID22_F71_m22f22_P71_Y4_UO1049,MXY,1,0.0,1,1,0.0,0,0,0,-9999.0,0.625,1,P21_CV0,2,1,1,0,2,0,2,0,2
71,-1100543.768,-791387.9899,E71_F22_m22f22_P71_Y6_UO1099,I22_F71_m22f22_P71_Y1_UO1043,ID22_F71_m22f22_P71_Y0_UO1123,FXX,1,0.0,1,1,1.0,0,0,0,-9999.0,0.25,1,P21_CV0,2,0,2,2,0,0,2,0,2
71,-1100543.768,-791387.9899,E71_F22_m22f22_P71_Y6_UO1100,I22_F71_m22f22_P71_Y1_UO1046,I22_F71_m-1f-1_P22_Y-1_U0,FXX,1,0.0,1,1,1.0,0,0,0,-9999.0,0.5,1,P21_CV0,2,0,2,2,0,0,2,0,2
71,-1100543.768,-791387.9899,E71_F22_m22f22_P71_Y6_UO1101,ID22_F71_m22f22_P71_Y1_UO1017,I22_F71_m22f22_P71_Y4_UO1082,MXY,1,0.0,1,1,0.0,0,0,0,-9999.0,0.6875,1,P21_CV0,2,2,0,1,1,0,2,0,2
71,-1100543.768,-791387.9899,E71_F22_m22f22_P71_Y6_UO1102,I22_F71_m22f22_P71_Y1_UO1021,I22_F71_m22f22_P71_Y3_UO1112,FXX,1,0.0,1,1,1.0,0,0,0,-9999.0,0.5,1,P21_CV0,2,1,1,2,0,0,2,0,2
71,-1100543.768,-791387.9899,E71_F22_m22f22_P71_Y6_UO1103,I22_F71_m22f22_P71_Y0_UO1197,I22_F71_m22f22_P71_Y4_UO1094,FXX,1,0.0,1,1,1.0,0,0,0,-9999.0,0.5,1,P21_CV0,2,1,1,1,1,0,2,0,2
71,-1100543.768,-791387.9899,E71_F22_m22f22_P71_Y6_UO1104,I22_F71_m22f22_P71_Y0_UO1181,ID22_F71_m-1f-1_P22_Y-1_U95,FXX,1,0.0,1,1,1.0,0,0,0,-9999.0,0.375,1,P21_CV0,2,0,2,0,2,0,2,0,2
71,-1100543.768,-791387.9899,E71_F22_m22f22_P71_Y6_UO1106,I22_F71_m22f22_P71_Y0_UO1121,I22_F71_m22f22_P71_Y4_UO1114,FXX,1,0.0,1,1,1.0,0,0,0,-9999.0,0.375,1,P21_CV0,2,1,1,1,1,0,2,0,2
71,-1100543.768,-791387.9899,E71_F22_m22f22_P71_Y6_UO1107,I22_F71_m22f22_P71_Y0_UO1202,I22_F71_m22f22_P71_Y2_UO1084,FXX,1,0.0,1,1,1.0,0,0,0,-9999.0,0.75,1,P21_CV0,2,2,0,1,1,0,2,0,2
71,-1100543.768,-791387.9899,E71_F22_m22f22_P71_Y6_UO1108,I22_F71_m-1f-1_P22_Y-1_U90,I22_F71_m22f22_P71_Y0_UO1208,FXX,1,0.0,1,1,1.0,0,0,0,-9999.0,0.25,1,P21_CV0,2,0,2,0,2,0,2,0,2
71,-1100543.768,-791387.9899,E71_F22_m22f22_P71_Y6_UO1109,ID22_F71_m-1f-1_P22_Y-1_U145,I22_F71_m22f22_P71_Y0_UO1171,FXX,1,0.0,1,1,1.0,0,0,0,-9999.0,0.625,1,P21_CV0,2,2,0,1,1,0,2,0,2
71,-1100543.768,-791387.9899,E71_F22_m22f22_P71_Y6_UO1110,ID22_F71_m-1f-1_P22_Y-1_U202,I22_F71_m-1f-1_P22_Y-1_U115,MXY,1,0.0,1,1,0.0,0,0,0,-9999.0,0.5,1,P21_CV0,2,1,1,1,1,0,2,0,2
71,-1100543.768,-791387.9899,E71_F22_m22f22_P71_Y6_UO1111,I22_F71_m-1f-1_P22_Y-1_U217,I22_F71_m22f22_P71_Y1_UO989,FXX,1,0.0,1,1,1.0,0,0,0,-9999.0,0.625,1,P21_CV0,2,2,0,2,0,0,2,0,2
71,-1100543.768,-791387.9899,E71_F22_m22f22_P71_Y6_UO1112,ID22_F71_m-1f-1_P22_Y-1_U123,I22_F71_m22f22_P71_Y4_UO1082,FXX,1,0.0,1,1,1.0,0,0,0,-9999.0,0.6875,1,P21_CV0,2,2,0,1,1,0,2,0,2
71,-1100543.768,-791387.9899,E71_F22_m22f22_P71_Y6_UO1113,I22_F71_m-1f-1_P22_Y-1_U168,I22_F71_m-1f-1_P22_Y-1_U19,FXX,1,0.0,1,1,1.0,0,0,0,-9999.0,0.5,1,P21_CV0,2,2,0,2,0,0,2,0,2
71,-1100543.768,-791387.9899,E71_F22_m22f22_P71_Y6_UO1114,I22_F71_m-1f-1_P22_Y-1_U48,I22_F71_m-1f-1_P22_Y-1_U153,MXY,1,0.0,1,1,0.0,0,0,0,-9999.0,1.0,1,P21_CV0,2,2,0,1,1,0,2,0,2
71,-1100543.768,-791387.9899,E71_F22_m22f22_P71_Y6_UO1115,I22_F71_m-1f-1_P22_Y-1_U118,I22_F71_m22f22_P71_Y3_UO1121,FXX,1,0.0,1,1,1.0,0,0,0,-9999.0,0.9375,1,P21_CV0,2,2,0,1,1,0,2,0,2
71,-1100543.768,-791387.9899,E71_F22_m22f22_P71_Y6_UO1116,ID22_F71_m-1f-1_P22_Y-1_U172,I22_F71_m22f22_P71_Y2_UO1038,FXX,1,0.0,1,1,1.0,0,0,0,-9999.0,0.625,1,P21_CV0,2,1,1,2,0,0,2,0,2
71,-1100543.768,-791387.9899,E71_F22_m22f22_P71_Y6_UO1117,ID22_F71_m-1f-1_P22_Y-1_U22,I22_F71_m22f22_P71_Y4_UO1118,MXY,1,0.0,1,1,0.0,0,0,0,-9999.0,0.375,1,P21_CV0,2,0,2,2,0,0,2,0,2
71,-1100543.768,-791387.9899,E71_F22_m22f22_P71_Y6_UO1118,I22_F71_m-1f-1_P22_Y-1_U64,I22_F71_m22f22_P71_Y1_UO992,FXX,1,0.0,1,1,1.0,0,0,0,-9999.0,0.375,1,P21_CV0,2,1,1,1,1,0,2,0,2
71,-1100543.768,-791387.9899,E71_F22_m22f22_P71_Y6_UO1119,ID22_F71_m-1f-1_P22_Y-1_U132,I22_F71_m-1f-1_P22_Y-1_U81,FXX,1,0.0,1,1,1.0,0,0,0,-9999.0,0.5,1,P21_CV0,2,1,1,0,2,0,2,0,2
71,-1100543.768,-791387.9899,E71_F22_m22f22_P71_Y6_UO1120,I22_F71_m-1f-1_P22_Y-1_U126,I22_F71_m22f22_P71_Y4_UO1100,MXY,1,0.0,1,1,0.0,0,0,0,-9999.0,0.34375,1,P21_CV0,2,0,2,1,1,0,2,0,2
71,-1100543.768,-791387.9899,E71_F22_m22f22_P71_Y6_UO1121,I22_F71_m-1f-1_P22_Y-1_U61,I22_F71_m22f22_P71_Y3_UO1099,FXX,1,0.0,1,1,1.0,0,0,0,-9999.0,0.375,1,P21_CV0,2,0,2,1,1,0,2,0,2
71,-1100543.768,-791387.9899,E71_F22_m22f22_P71_Y6_UO1122,I22_F71_m-1f-1_P22_Y-1_U156,I22_F71_m22f22_P71_Y3_UO1066,FXX,1,0.0,1,1,1.0,0,0,0,-9999.0,0.625,1,P21_CV0,2,1,1,2,0,0,2,0,2
71,-1100543.768,-791387.9899,E71_F22_m22f22_P71_Y6_UO1123,I22_F71_m-1f-1_P22_Y-1_U55,ID22_F71_m22f22_P71_Y3_UO1119,MXY,1,0.0,1,1,0.0,0,0,0,-9999.0,0.5625,1,P21_CV0,2,1,1,1,1,0,2,0,2
71,-1100543.768,-791387.9899,E71_F22_m22f22_P71_Y6_UO1124,ID22_F71_m-1f-1_P22_Y-1_U214,I22_F71_m22f22_P71_Y2_UO1106,FXX,1,0.0,1,1,1.0,0,0,0,-9999.0,0.375,1,P21_CV0,2,1,1,1,1,0,2,0,2
71,-1100543.768,-791387.9899,E71_F22_m22f22_P71_Y6_UO1125,I22_F71_m-1f-1_P22_Y-1_U193,I22_F71_m-1f-1_P22_Y-1_U87,FXX,1,0.0,1,1,1.0,0,0,0,-9999.0,0.5,1,P21_CV0,2,2,0,0,2,0,2,0,2
71,-1100543.768,-791387.9899,E71_F22_m22f22_P71_Y6_UO1126,ID22_F71_m-1f-1_P22_Y-1_U232,ID22_F71_m22f22_P71_Y3_UO1119,MXY,1,0.0,1,1,0.0,0,0,0,-9999.0,0.8125,1,P21_CV0,2,2,0,1,1,0,2,0,2
71,-1100543.768,-791387.9899,E71_F22_m22f22_P71_Y6_UO1127,I22_F71_m-1f-1_P22_Y-1_U52,I22_F71_m22f22_P71_Y2_UO1064,MXY,1,0.0,1,1,0.0,0,0,0,-9999.0,0.75,1,P21_CV0,2,2,0,1,1,0,2,0,2
71,-1100543.768,-791387.9899,E71_F22_m22f22_P71_Y6_UO1128,ID22_F71_m-1f-1_P22_Y-1_U70,I22_F71_m22f22_P71_Y4_UO1095,FXX,1,0.0,1,1,1.0,0,0,0,-9999.0,0.5,1,P21_CV0,2,1,1,1,1,0,2,0,2
71,-1100543.768,-791387.9899,E71_F22_m22f22_P71_Y6_UO1129,I22_F71_m-1f-1_P22_Y-1_U50,I22_F71_m22f22_P71_Y2_UO1124,FXX,1,0.0,1,1,1.0,0,0,0,-9999.0,0.625,1,P21_CV0,2,2,0,0,2,0,2,0,2
71,-1100543.768,-791387.9899,E71_F22_m22f22_P71_Y6_UO1130,ID22_F71_m-1f-1_P22_Y-1_U2,I22_F71_m22f22_P71_Y2_UO1064,FXX,1,0.0,1,1,1.0,0,0,0,-9999.0,0.5,1,P21_CV0,2,2,0,2,0,0,2,0,2
71,-1100543.768,-791387.9899,E71_F22_m22f22_P71_Y6_UO1131,I22_F71_m-1f-1_P22_Y-1_U141,I22_F71_m22f22_P71_Y0_UO1141,MXY,1,0.0,1,1,0.0,0,0,0,-9999.0,0.0,1,P21_CV0,2,0,2,0,2,0,2,0,2
71,-1100543.768,-791387.9899,E71_F22_m22f22_P71_Y5_UO1089,ID22_F71_m22f22_P71_Y0_UO1121,I22_F71_m22f22_P71_Y2_UO1119,FXX,2,0.0,1,0,1.0,0,0,0,-9999.0,0.625,1,P21_CV0,2,1,1,1,1,0,2,0,2
71,-1100543.768,-791387.9899,E71_F22_m22f22_P71_Y5_UO1125,I22_F71_m-1f-1_P22_Y-1_U141,I22_F71_m-1f-1_P22_Y-1_U81,FXX,2,0.0,1,0,1.0,0,0,0,-9999.0,0.25,1,P21_CV0,2,1,1,1,1,0,2,0,2
71,-1100543.768,-791387.9899,E71_F22_m22f22_P71_Y5_UO1086,I22_F71_m22f22_P71_Y1_UO1045,I22_F71_m22f22_P71_Y3_UO1075,MXY,2,0.0,1,0,0.0,0,0,0,-9999.0,0.4375,1,P21_CV0,2,1,1,1,1,0,2,0,2
71,-1100543.768,-791387.9899,E71_F22_m22f22_P71_Y5_UO1075,I22_F71_m22f22_P71_Y1_UO1048,ID22_F71_m-1f-1_P22_Y-1_U120,MXY,2,0.0,1,0,0.0,0,0,0,-9999.0,0.625,1,P21_CV0,2,1,1,1,1,0,2,0,2
71,-1100543.768,-791387.9899,E71_F22_m22f22_P71_Y5_UO1052,I22_F71_m22f22_P71_Y3_UO1055,ID22_F71_m22f22_P71_Y3_UO1091,FXX,2,0.0,1,0,1.0,0,0,0,-9999.0,0.4375,1,P21_CV0,2,0,2,1,1,0,2,0,2
71,-1100543.768,-791387.9899,E71_F22_m22f22_P71_Y5_UO1049,ID22_F71_m22f22_P71_Y3_UO1078,I22_F71_m22f22_P71_Y2_UO1063,FXX,2,0.0,1,0,1.0,0,0,0,-9999.0,0.25,1,P21_CV0,2,1,1,0,2,0,2,0,2
71,-1100543.768,-791387.9899,E71_F22_m22f22_P71_Y5_UO1058,I22_F71_m22f22_P71_Y2_UO1059,I22_F71_m22f22_P71_Y3_UO1058,MXY,2,0.0,1,0,0.0,0,0,0,-9999.0,0.75,1,P21_CV0,2,1,1,2,0,0,2,0,2
71,-1100543.768,-791387.9899,E71_F22_m22f22_P71_Y5_UO1082,I22_F71_m22f22_P71_Y1_UO1059,ID22_F71_m22f22_P71_Y2_UO1072,MXY,2,0.0,1,0,0.0,0,0,0,-9999.0,0.5,1,P21_CV0,2,1,1,1,1,0,2,0,2
71,-1100543.768,-791387.9899,E71_F22_m22f22_P71_Y5_UO1103,I22_F71_m-1f-1_P22_Y-1_U202,I22_F71_m22f22_P71_Y0_UO1189,FXX,2,0.0,1,0,1.0,0,0,0,-9999.0,0.25,1,P21_CV0,2,0,2,0,2,0,2,0,2
71,-1100543.768,-791387.9899,E71_F22_m22f22_P71_Y5_UO1040,I22_F71_m22f22_P71_Y3_UO1114,ID22_F71_m-1f-1_P22_Y-1_U31,FXX,2,0.0,1,0,1.0,0,0,0,-9999.0,0.625,1,P21_CV0,2,1,1,0,2,0,2,0,2
71,-1100543.768,-791387.9899,E71_F22_m22f22_P71_Y5_UO1057,I22_F71_m22f22_P71_Y2_UO1044,I22_F71_m-1f-1_P22_Y-1_U179,FXX,2,0.0,1,0,1.0,0,0,0,-9999.0,0.6875,1,P21_CV0,2,1,1,0,2,0,2,0,2
71,-1100543.768,-791387.9899,E71_F22_m22f22_P71_Y5_UO1098,I22_F71_m-1f-1_P22_Y-1_U223,I22_F71_m22f22_P71_Y3_UO1112,MXY,2,0.0,1,0,0.0,0,0,0,-9999.0,0.375,1,P21_CV0,2,0,2,0,2,0,2,0,2
71,-1100543.768,-791387.9899,E71_F22_m22f22_P71_Y5_UO1076,ID22_F71_m22f22_P71_Y1_UO1043,I22_F71_m22f22_P71_Y0_UO1210,FXX,2,0.0,1,0,1.0,0,0,0,-9999.0,0.25,1,P21_CV0,2,0,2,2,0,0,2,0,2
71,-1100543.768,-791387.9899,E71_F22_m22f22_P71_Y5_UO1104,I22_F71_m-1f-1_P22_Y-1_U123,I22_F71_m-1f-1_P22_Y-1_U115,MXY,2,0.0,1,0,0.0,0,0,0,-9999.0,1.0,1,P21_CV0,2,2,0,1,1,0,2,0,2
71,-1100543.768,-791387.9899,E71_F22_m22f22_P71_Y5_UO1041,ID22_F71_m22f22_P71_Y3_UO1086,I22_F71_m22f22_P71_Y1_UO1068,FXX,2,0.0,1,0,1.0,0,0,0,-9999.0,0.375,1,P21_CV0,2,2,0,1,1,0,2,0,2
71,-1100543.768,-791387.9899,E71_F22_m22f22_P71_Y5_UO1111,I22_F71_m-1f-1_P22_Y-1_U64,I22_F71_m22f22_P71_Y2_UO1090,FXX,2,0.0,1,0,1.0,0,0,0,-9999.0,0.625,1,P21_CV0,2,0,2,1,1,0,2,0,2
71,-1100543.768,-791387.9899,E71_F22_m22f22_P71_Y5_UO1074,I22_F71_m22f22_P71_Y1_UO1072,I22_F71_m22f22_P71_Y3_UO1123,MXY,2,0.0,1,0,0.0,0,0,0,-9999.0,0.25,1,P21_CV0,2,1,1,2,0,0,2,0,2
71,-1100543.768,-791387.9899,E71_F22_m22f22_P71_Y5_UO1056,I22_F71_m22f22_P71_Y3_UO1107,ID22_F71_m22f22_P71_Y3_UO1070,MXY,2,0.0,1,0,0.0,0,0,0,-9999.0,0.4375,1,P21_CV0,2,1,1,2,0,0,2,0,2
71,-1100543.768,-791387.9899,E71_F22_m22f22_P71_Y5_UO1080,I22_F71_m22f22_P71_Y1_UO1046,I22_F71_m22f22_P71_Y3_UO1100,FXX,2,0.0,1,0,1.0,0,0,0,-9999.0,0.75,1,P21_CV0,2,1,1,0,2,0,2,0,2
71,-1100543.768,-791387.9899,E71_F22_m22f22_P71_Y5_UO1077,I22_F71_m22f22_P71_Y1_UO1039,I22_F71_m-1f-1_P22_Y-1_U179,MXY,2,0.0,1,0,0.0,0,0,0,-9999.0,0.75,1,P21_CV0,2,2,0,0,2,0,2,0,2
71,-1100543.768,-791387.9899,E71_F22_m22f22_P71_Y5_UO1092,ID22_F71_m22f22_P71_Y0_UO1181,I22_F71_m22f22_P71_Y2_UO1082,MXY,2,0.0,1,0,0.0,0,0,0,-9999.0,0.75,1,P21_CV0,2,1,1,2,0,0,2,0,2
71,-1100543.768,-791387.9899,E71_F22_m22f22_P71_Y5_UO1114,ID22_F71_m-1f-1_P22_Y-1_U196,I22_F71_m-1f-1_P22_Y-1_U216,FXX,2,0.0,1,0,1.0,0,0,0,-9999.0,0.5,1,P21_CV0,2,2,0,0,2,0,2,0,2
71,-1100543.768,-791387.9899,E71_F22_m22f22_P71_Y5_UO1123,I22_F71_m-1f-1_P22_Y-1_U2,I22_F71_m-1f-1_P22_Y-1_U87,MXY,2,0.0,1,0,0.0,0,0,0,-9999.0,0.5,1,P21_CV0,2,0,2,2,0,0,2,0,2
71,-1100543.768,-791387.9899,E71_F22_m22f22_P71_Y5_UO1059,ID22_F71_m22f22_P71_Y2_UO1109,I22_F71_m22f22_P71_Y3_UO1112,MXY,2,0.0,1,0,0.0,0,0,0,-9999.0,0.375,1,P21_CV0,2,1,1,1,1,0,2,0,2
71,-1100543.768,-791387.9899,E71_F22_m22f22_P71_Y5_UO1062,I22_F71_m22f22_P71_Y2_UO1120,I22_F71_m22f22_P71_Y3_UO1058,MXY,2,0.0,1,0,0.0,0,0,0,-9999.0,0.625,1,P21_CV0,2,1,1,2,0,0,2,0,2
71,-1100543.768,-791387.9899,E71_F22_m22f22_P71_Y5_UO1067,I22_F71_m22f22_P71_Y2_UO1117,I22_F71_m22f22_P71_Y3_UO1112,MXY,2,0.0,1,0,0.0,0,0,0,-9999.0,0.375,1,P21_CV0,2,1,1,1,1,0,2,0,2
71,-1100543.768,-791387.9899,E71_F22_m22f22_P71_Y5_UO1071,I22_F71_m22f22_P71_Y1_UO1052,I22_F71_m-1f-1_P22_Y-1_U216,MXY,2,0.0,1,0,0.0,0,0,0,-9999.0,0.375,1,P21_CV0,2,1,1,1,1,0,2,0,2
71,-1100543.768,-791387.9899,E71_F22_m22f22_P71_Y5_UO1048,I22_F71_m22f22_P71_Y3_UO1122,ID22_F71_m-1f-1_P22_Y-1_U224,FXX,2,0.0,1,0,1.0,0,0,0,-9999.0,0.5625,1,P21_CV0,2,0,2,1,1,0,2,0,2
71,-1100543.768,-791387.9899,E71_F22_m22f22_P71_Y5_UO1087,I22_F71_m22f22_P71_Y0_UO1197,I22_F71_m22f22_P71_Y0_UO1208,MXY,2,0.0,1,0,0.0,0,0,0,-9999.0,0.625,1,P21_CV0,2,1,1,1,1,0,2,0,2
71,-1100543.768,-791387.9899,E71_F22_m22f22_P71_Y5_UO1070,ID22_F71_m22f22_P71_Y2_UO1048,I22_F71_m22f22_P71_Y2_UO1063,FXX,2,0.0,1,0,1.0,0,0,0,-9999.0,0.5,1,P21_CV0,2,1,1,1,1,0,2,0,2
71,-1100543.768,-791387.9899,E71_F22_m22f22_P71_Y5_UO1069,I22_F71_m22f22_P71_Y2_UO1057,ID22_F71_m22f22_P71_Y0_UO1132,MXY,2,0.0,1,0,0.0,0,0,0,-9999.0,0.4375,1,P21_CV0,2,1,1,0,2,0,2,0,2
71,-1100543.768,-791387.9899,E71_F22_m22f22_P71_Y5_UO1051,I22_F71_m22f22_P71_Y3_UO1044,I22_F71_m22f22_P71_Y3_UO1075,FXX,2,0.0,1,0,1.0,0,0,0,-9999.0,0.5,1,P21_CV0,2,2,0,0,2,0,2,0,2
71,-1100543.768,-791387.9899,E71_F22_m22f22_P71_Y5_UO1124,I22_F71_m-1f-1_P22_Y-1_U244,ID22_F71_m22f22_P71_Y0_UO1203,MXY,2,0.0,1,0,0.0,0,0,0,-9999.0,0.75,1,P21_CV0,2,2,0,0,2,0,2,0,2
71,-1100543.768,-791387.9899,E71_F22_m22f22_P71_Y5_UO1095,I22_F71_m22f22_P71_Y0_UO1202,I22_F71_m-1f-1_P22_Y-1_U88,MXY,2,0.0,1,0,0.0,0,0,0,-9999.0,0.625,1,P21_CV0,2,1,1,0,2,0,2,0,2
71,-1100543.768,-791387.9899,E71_F22_m22f22_P71_Y5_UO1066,I22_F71_m22f22_P71_Y2_UO1101,I22_F71_m22f22_P71_Y3_UO1060,MXY,2,0.0,1,0,0.0,0,0,0,-9999.0,0.4375,1,P21_CV0,2,1,1,1,1,0,2,0,2
71,-1100543.768,-791387.9899,E71_F22_m22f22_P71_Y5_UO1108,I22_F71_m-1f-1_P22_Y-1_U126,I22_F71_m-1f-1_P22_Y-1_U89,FXX,2,0.0,1,0,1.0,0,0,0,-9999.0,0.0,1,P21_CV0,2,0,2,2,0,0,2,0,2
71,-1100543.768,-791387.9899,E71_F22_m22f22_P71_Y5_UO1105,I22_F71_m-1f-1_P22_Y-1_U168,I22_F71_m22f22_P71_Y3_UO1067,FXX,2,0.0,1,0,1.0,0,0,0,-9999.0,0.5625,1,P21_CV0,2,0,2,1,1,0,2,0,2
71,-1100543.768,-791387.9899,E71_F22_m22f22_P71_Y5_UO1073,I22_F71_m22f22_P71_Y1_UO1054,I22_F71_m22f22_P71_Y2_UO1065,FXX,2,0.0,1,0,1.0,0,0,0,-9999.0,0.9375,1,P21_CV0,2,1,1,2,0,0,2,0,2
71,-1100543.768,-791387.9899,E71_F22_m22f22_P71_Y5_UO1081,I22_F71_m22f22_P71_Y1_UO1021,I22_F71_m-1f-1_P22_Y-1_U0,FXX,2,0.0,1,0,1.0,0,0,0,-9999.0,0.625,1,P21_CV0,2,1,1,2,0,0,2,0,2
71,-1100543.768,-791387.9899,E71_F22_m22f22_P71_Y5_UO1099,ID22_F71_m-1f-1_P22_Y-1_U90,I22_F71_m22f22_P71_Y3_UO1079,FXX,2,0.0,1,0,1.0,0,0,0,-9999.0,0.375,1,P21_CV0,2,1,1,0,2,0,2,0,2
71,-1100543.768,-791387.9899,E71_F22_m22f22_P71_Y5_UO1055,I22_F71_m22f22_P71_Y3_UO1043,ID22_F71_m-1f-1_P22_Y-1_U120,FXX,2,0.0,1,0,1.0,0,0,0,-9999.0,0.5625,1,P21_CV0,2,1,1,1,1,0,2,0,2
71,-1100543.768,-791387.9899,E71_F22_m22f22_P71_Y5_UO1100,I22_F71_m-1f-1_P22_Y-1_U210,I22_F71_m22f22_P71_Y0_UO1171,FXX,2,0.0,1,0,1.0,0,0,0,-9999.0,0.625,1,P21_CV0,2,1,1,1,1,0,2,0,2
71,-1100543.768,-791387.9899,E71_F22_m22f22_P71_Y5_UO1120,I22_F71_m-1f-1_P22_Y-1_U52,I22_F71_m22f22_P71_Y3_UO1104,MXY,2,0.0,1,0,0.0,0,0,0,-9999.0,0.6875,1,P21_CV0,2,2,0,0,2,0,2,0,2
71,-1100543.768,-791387.9899,E71_F22_m22f22_P71_Y5_UO1078,ID22_F71_m22f22_P71_Y1_UO1055,I22_F71_m22f22_P71_Y2_UO1082,MXY,2,0.0,1,0,0.0,0,0,0,-9999.0,0.75,1,P21_CV0,2,2,0,0,2,0,2,0,2
71,-1100543.768,-791387.9899,E71_F22_m22f22_P71_Y5_UO1091,I22_F71_m22f22_P71_Y0_UO1137,ID22_F71_m-1f-1_P22_Y-1_U224,MXY,2,0.0,1,0,0.0,0,0,0,-9999.0,0.375,1,P21_CV0,2,0,2,0,2,0,2,0,2
71,-1100543.768,-791387.9899,E71_F22_m22f22_P71_Y5_UO1106,I22_F71_m-1f-1_P22_Y-1_U118,I22_F71_m-1f-1_P22_Y-1_U87,MXY,2,0.0,1,0,0.0,0,0,0,-9999.0,0.75,1,P21_CV0,2,2,0,2,0,0,2,0,2
71,-1100543.768,-791387.9899,E71_F22_m22f22_P71_Y5_UO1116,I22_F71_m-1f-1_P22_Y-1_U193,ID22_F71_m-1f-1_P22_Y-1_U239,FXX,2,0.0,1,0,1.0,0,0,0,-9999.0,0.75,1,P21_CV0,2,2,0,1,1,0,2,0,2
71,-1100543.768,-791387.9899,E71_F22_m22f22_P71_Y4_UO1073,I22_F71_m22f22_P71_Y1_UO1017,I22_F71_m22f22_P71_Y2_UO1111,MXY,3,0.0,1,0,0.0,0,0,0,-9999.0,0.875,1,P21_CV0,2,2,0,2,0,0,2,0,2
71,-1100543.768,-791387.9899,E71_F22_m22f22_P71_Y4_UO1118,I22_F71_m-1f-1_P22_Y-1_U55,I22_F71_m-1f-1_P22_Y-1_U71,MXY,3,0.0,1,0,0.0,0,0,0,-9999.0,0.25,1,P21_CV0,2,0,2,1,1,0,2,0,2
71,-1100543.768,-791387.9899,E71_F22_m22f22_P71_Y4_UO1084,I22_F71_m22f22_P71_Y0_UO1190,I22_F71_m22f22_P71_Y2_UO1106,MXY,3,0.0,1,0,0.0,0,0,0,-9999.0,0.375,1,P21_CV0,2,1,1,1,1,0,2,0,2
71,-1100543.768,-791387.9899,E71_F22_m22f22_P71_Y4_UO1128,I22_F71_m-1f-1_P22_Y-1_U2,I22_F71_m22f22_P71_Y0_UO1122,FXX,3,0.0,1,0,1.0,0,0,0,-9999.0,0.5,1,P21_CV0,2,1,1,1,1,0,2,0,2
71,-1100543.768,-791387.9899,E71_F22_m22f22_P71_Y4_UO1075,I22_F71_m22f22_P71_Y1_UO1029,I22_F71_m22f22_P71_Y2_UO1090,MXY,3,0.0,1,0,0.0,0,0,0,-9999.0,0.375,1,P21_CV0,2,1,1,0,2,0,2,0,2
71,-1100543.768,-791387.9899,E71_F22_m22f22_P71_Y4_UO1065,ID22_F71_m22f22_P71_Y1_UO987,I22_F71_m22f22_P71_Y0_UO1123,MXY,3,0.0,1,0,0.0,0,0,0,-9999.0,0.375,1,P21_CV0,2,0,2,0,2,0,2,0,2
71,-1100543.768,-791387.9899,E71_F22_m22f22_P71_Y4_UO1045,I22_F71_m22f22_P71_Y2_UO1056,I22_F71_m22f22_P71_Y2_UO1083,MXY,3,0.0,1,0,0.0,0,0,0,-9999.0,0.5,1,P21_CV0,2,2,0,1,1,0,2,0,2
71,-1100543.768,-791387.9899,E71_F22_m22f22_P71_Y4_UO1044,I22_F71_m22f22_P71_Y2_UO1123,I22_F71_m-1f-1_P22_Y-1_U170,FXX,3,0.0,1,0,1.0,0,0,0,-9999.0,0.75,1,P21_CV0,2,1,1,2,0,0,2,0,2
71,-1100543.768,-791387.9899,E71_F22_m22f22_P71_Y4_UO1091,I22_F71_m22f22_P71_Y0_UO1121,I22_F71_m22f22_P71_Y1_UO1002,MXY,3,0.0,1,0,0.0,0,0,0,-9999.0,0.75,1,P21_CV0,2,2,0,2,0,0,2,0,2
71,-1100543.768,-791387.9899,E71_F22_m22f22_P71_Y4_UO1066,ID22_F71_m22f22_P71_Y1_UO1072,ID22_F71_m-1f-1_P22_Y-1_U81,MXY,3,0.0,1,0,0.0,0,0,0,-9999.0,0.5,1,P21_CV0,2,1,1,0,2,0,2,0,2
71,-1100543.768,-791387.9899,E71_F22_m22f22_P71_Y4_UO1115,I22_F71_m-1f-1_P22_Y-1_U132,I22_F71_m-1f-1_P22_Y-1_U31,FXX,3,0.0,1,0,1.0,0,0,0,-9999.0,0.5,1,P21_CV0,2,1,1,0,2,0,2,0,2
71,-1100543.768,-791387.9899,E71_F22_m22f22_P71_Y4_UO1040,I22_F71_m22f22_P71_Y2_UO1042,I22_F71_m22f22_P71_Y2_UO1053,MXY,3,0.0,1,0,0.0,0,0,0,-9999.0,0.75,1,P21_CV0,2,2,0,2,0,0,2,0,2
71,-1100543.768,-791387.9899,E71_F22_m22f22_P71_Y4_UO1051,I22_F71_m22f22_P71_Y2_UO1101,ID22_F71_m22f22_P71_Y0_UO1189,FXX,3,0.0,1,0,1.0,0,0,0,-9999.0,0.5,1,P21_CV0,2,0,2,0,2,0,2,0,2
71,-1100543.768,-791387.9899,E71_F22_m22f22_P71_Y4_UO1058,I22_F71_m22f22_P71_Y2_UO1116,I22_F71_m22f22_P71_Y0_UO1188,MXY,3,0.0,1,0,0.0,0,0,0,-9999.0,0.6875,1,P21_CV0,2,2,0,0,2,0,2,0,2
71,-1100543.768,-791387.9899,E71_F22_m22f22_P71_Y4_UO1049,ID22_F71_m22f22_P71_Y2_UO1121,I22_F71_m22f22_P71_Y0_UO1122,MXY,3,0.0,1,0,0.0,0,0,0,-9999.0,0.5,1,P21_CV0,2,1,1,1,1,0,2,0,2
71,-1100543.768,-791387.9899,E71_F22_m22f22_P71_Y4_UO1109,ID22_F71_m-1f-1_P22_Y-1_U218,I22_F71_m22f22_P71_Y2_UO1090,FXX,3,0.0,1,0,1.0,0,0,0,-9999.0,0.875,1,P21_CV0,2,1,1,1,1,0,2,0,2
71,-1100543.768,-791387.9899,E71_F22_m22f22_P71_Y4_UO1111,ID22_F71_m-1f-1_P22_Y-1_U126,ID22_F71_m-1f-1_P22_Y-1_U44,FXX,3,0.0,1,0,1.0,0,0,0,-9999.0,0.25,1,P21_CV0,2,1,1,2,0,0,2,0,2
71,-1100543.768,-791387.9899,E71_F22_m22f22_P71_Y4_UO1052,I22_F71_m22f22_P71_Y2_UO1108,ID22_F71_m22f22_P71_Y2_UO1082,MXY,3,0.0,1,0,0.0,0,0,0,-9999.0,0.625,1,P21_CV0,2,2,0,2,0,0,2,0,2
71,-1100543.768,-791387.9899,E71_F22_m22f22_P71_Y4_UO1055,ID22_F71_m22f22_P71_Y2_UO1040,I22_F71_m22f22_P71_Y0_UO1123,FXX,3,0.0,1,0,1.0,0,0,0,-9999.0,0.5625,1,P21_CV0,2,2,0,2,0,0,2,0,2
71,-1100543.768,-791387.9899,E71_F22_m22f22_P71_Y4_UO1042,ID22_F71_m22f22_P71_Y2_UO1039,I22_F71_m-1f-1_P22_Y-1_U170,MXY,3,0.0,1,0,0.0,0,0,0,-9999.0,0.625,1,P21_CV0,2,2,0,2,0,0,2,0,2
71,-1100543.768,-791387.9899,E71_F22_m22f22_P71_Y4_UO1092,I22_F71_m22f22_P71_Y0_UO1198,ID22_F71_m-1f-1_P22_Y-1_U144,MXY,3,0.0,1,0,0.0,0,0,0,-9999.0,0.375,1,P21_CV0,2,1,1,1,1,0,2,0,2
71,-1100543.768,-791387.9899,E71_F22_m22f22_P71_Y4_UO1103,I22_F71_m-1f-1_P22_Y-1_U234,I22_F71_m-1f-1_P22_Y-1_U71,MXY,3,0.0,1,0,0.0,0,0,0,-9999.0,0.0,1,P21_CV0,2,0,2,0,2,0,2,0,2
71,-1100543.768,-791387.9899,E71_F22_m22f22_P71_Y4_UO1057,I22_F71_m22f22_P71_Y2_UO1117,ID22_F71_m-1f-1_P22_Y-1_U0,MXY,3,0.0,1,0,0.0,0,0,0,-9999.0,0.5,1,P21_CV0,2,2,0,1,1,0,2,0,2
71,-1100543.768,-791387.9899,E71_F22_m22f22_P71_Y4_UO1114,ID22_F71_m-1f-1_P22_Y-1_U64,I22_F71_m22f22_P71_Y0_UO1141,MXY,3,0.0,1,0,0.0,0,0,0,-9999.0,0.25,1,P21_CV0,2,1,1,1,1,0,2,0,2
71,-1100543.768,-791387.9899,E71_F22_m22f22_P71_Y4_UO1090,I22_F71_m22f22_P71_Y0_UO1211,I22_F71_m22f22_P71_Y1_UO1003,FXX,3,0.0,1,0,1.0,0,0,0,-9999.0,0.375,1,P21_CV0,2,1,1,1,1,0,2,0,2
71,-1100543.768,-791387.9899,E71_F22_m22f22_P71_Y4_UO1087,I22_F71_m22f22_P71_Y0_UO1181,I22_F71_m22f22_P71_Y2_UO1105,MXY,3,0.0,1,0,0.0,0,0,0,-9999.0,0.5,1,P21_CV0,2,1,1,1,1,0,2,0,2
71,-1100543.768,-791387.9899,E71_F22_m22f22_P71_Y4_UO1121,I22_F71_m-1f-1_P22_Y-1_U196,I22_F71_m22f22_P71_Y1_UO989,MXY,3,0.0,1,0,0.0,0,0,0,-9999.0,0.625,1,P21_CV0,2,1,1,2,0,0,2,0,2
71,-1100543.768,-791387.9899,E71_F22_m22f22_P71_Y4_UO1085,ID22_F71_m22f22_P71_Y0_UO1133,I22_F71_m-1f-1_P22_Y-1_U182,FXX,3,0.0,1,0,1.0,0,0,0,-9999.0,0.75,1,P21_CV0,2,1,1,0,2,0,2,0,2
71,-1100543.768,-791387.9899,E71_F22_m22f22_P71_Y4_UO1107,I22_F71_m-1f-1_P22_Y-1_U210,ID22_F71_m22f22_P71_Y0_UO1189,MXY,3,0.0,1,0,0.0,0,0,0,-9999.0,0.5,1,P21_CV0,2,0,2,0,2,0,2,0,2
71,-1100543.768,-791387.9899,E71_F22_m22f22_P71_Y4_UO1077,ID22_F71_m22f22_P71_Y1_UO1039,I22_F71_m22f22_P71_Y2_UO1063,FXX,3,0.0,1,0,1.0,0,0,0,-9999.0,0.5,1,P21_CV0,2,2,0,0,2,0,2,0,2
71,-1100543.768,-791387.9899,E71_F22_m22f22_P71_Y4_UO1081,I22_F71_m22f22_P71_Y1_UO1045,I22_F71_m22f22_P71_Y0_UO1123,MXY,3,0.0,1,0,0.0,0,0,0,-9999.0,0.375,1,P21_CV0,2,0,2,0,2,0,2,0,2
71,-1100543.768,-791387.9899,E71_F22_m22f22_P71_Y4_UO1105,I22_F71_m-1f-1_P22_Y-1_U168,I22_F71_m-1f-1_P22_Y-1_U153,MXY,3,0.0,1,0,0.0,0,0,0,-9999.0,0.75,1,P21_CV0,2,1,1,1,1,0,2,0,2
71,-1100543.768,-791387.9899,E71_F22_m22f22_P71_Y4_UO1096,I22_F71_m-1f-1_P22_Y-1_U191,ID22_F71_m22f22_P71_Y0_UO1164,FXX,3,0.0,1,0,1.0,0,0,0,-9999.0,0.875,1,P21_CV0,2,2,0,1,1,0,2,0,2
71,-1100543.768,-791387.9899,E71_F22_m22f22_P71_Y4_UO1082,I22_F71_m22f22_P71_Y1_UO1062,ID22_F71_m22f22_P71_Y0_UO1148,MXY,3,0.0,1,0,0.0,0,0,0,-9999.0,0.375,1,P21_CV0,2,2,0,0,2,0,2,0,2
71,-1100543.768,-791387.9899,E71_F22_m22f22_P71_Y4_UO1083,ID22_F71_m22f22_P71_Y0_UO1138,ID22_F71_m-1f-1_P22_Y-1_U147,FXX,3,0.0,1,0,1.0,0,0,0,-9999.0,0.25,1,P21_CV0,2,1,1,2,0,0,2,0,2
71,-1100543.768,-791387.9899,E71_F22_m22f22_P71_Y3_UO1121,I22_F71_m-1f-1_P22_Y-1_U244,I22_F71_m22f22_P71_Y0_UO1164,MXY,4,0.0,1,0,0.0,0,0,0,-9999.0,0.875,1,P21_CV0,2,2,0,1,1,0,2,0,2
71,-1100543.768,-791387.9899,E71_F22_m22f22_P71_Y3_UO1038,ID22_F71_m22f22_P71_Y1_UO1000,ID22_F71_m-1f-1_P22_Y-1_U224,MXY,4,0.0,1,0,0.0,0,0,0,-9999.0,0.625,1,P21_CV0,2,2,0,1,1,0,2,0,2
71,-1100543.768,-791387.9899,E71_F22_m22f22_P71_Y3_UO1055,ID22_F71_m22f22_P71_Y1_UO1045,I22_F71_m22f22_P71_Y0_UO1184,FXX,4,0.0,1,0,1.0,0,0,0,-9999.0,0.625,1,P21_CV0,2,1,1,1,1,0,2,0,2
71,-1100543.768,-791387.9899,E71_F22_m22f22_P71_Y3_UO1104,I22_F71_m-1f-1_P22_Y-1_U61,I22_F71_m22f22_P71_Y0_UO1179,MXY,4,0.0,1,0,0.0,0,0,0,-9999.0,0.375,1,P21_CV0,2,2,0,0,2,0,2,0,2
71,-1100543.768,-791387.9899,E71_F22_m22f22_P71_Y3_UO1044,I22_F71_m22f22_P71_Y1_UO1048,I22_F71_m22f22_P71_Y0_UO1132,FXX,4,0.0,1,0,1.0,0,0,0,-9999.0,0.625,1,P21_CV0,2,1,1,0,2,0,2,0,2
71,-1100543.768,-791387.9899,E71_F22_m22f22_P71_Y3_UO1041,I22_F71_m22f22_P71_Y1_UO1050,I22_F71_m-1f-1_P22_Y-1_U182,FXX,4,0.0,1,0,1.0,0,0,0,-9999.0,0.5,1,P21_CV0,2,2,0,1,1,0,2,0,2
71,-1100543.768,-791387.9899,E71_F22_m22f22_P71_Y3_UO1122,ID22_F71_m-1f-1_P22_Y-1_U103,ID22_F71_m22f22_P71_Y1_UO1020,FXX,4,0.0,1,0,1.0,0,0,0,-9999.0,0.625,1,P21_CV0,2,0,2,2,0,0,2,0,2
71,-1100543.768,-791387.9899,E71_F22_m22f22_P71_Y3_UO1048,I22_F71_m22f22_P71_Y1_UO1055,I22_F71_m-1f-1_P22_Y-1_U77,FXX,4,0.0,1,0,1.0,0,0,0,-9999.0,0.875,1,P21_CV0,2,2,0,0,2,0,2,0,2
71,-1100543.768,-791387.9899,E71_F22_m22f22_P71_Y3_UO1097,I22_F71_m-1f-1_P22_Y-1_U208,ID22_F76_m-1f-1_P22_Y-1_U239,MXY,4,0.0,1,0,0.0,0,0,0,-9999.0,0.75,1,P21_CV0,2,2,0,1,1,0,2,0,2
71,-1100543.768,-791387.9899,E71_F22_m22f22_P71_Y3_UO1113,I22_F71_m-1f-1_P22_Y-1_U211,I22_F71_m-1f-1_P22_Y-1_U178,MXY,4,0.0,1,0,0.0,0,0,0,-9999.0,0.75,1,P21_CV0,2,1,1,0,2,0,2,0,2
71,-1100543.768,-791387.9899,E71_F22_m22f22_P71_Y3_UO1084,I22_F71_m-1f-1_P22_Y-1_U100,I22_F71_m22f22_P71_Y0_UO1208,MXY,4,0.0,1,0,0.0,0,0,0,-9999.0,0.5,1,P21_CV0,2,1,1,1,1,0,2,0,2
71,-1100543.768,-791387.9899,E71_F22_m22f22_P71_Y3_UO1063,ID22_F71_m22f22_P71_Y0_UO1202,ID22_F71_m-1f-1_P22_Y-1_U189,MXY,4,0.0,1,0,0.0,0,0,0,-9999.0,0.375,1,P21_CV0,2,1,1,1,1,0,2,0,2
71,-1100543.768,-791387.9899,E71_F22_m22f22_P71_Y3_UO1043,I22_F71_m22f22_P71_Y1_UO1054,ID22_F71_m22f22_P71_Y0_UO1155,FXX,4,0.0,1,0,1.0,0,0,0,-9999.0,0.625,1,P21_CV0,2,1,1,2,0,0,2,0,2
71,-1100543.768,-791387.9899,E71_F22_m22f22_P71_Y3_UO1052,ID22_F71_m22f22_P71_Y1_UO1029,I22_F71_m-1f-1_P22_Y-1_U192,FXX,4,0.0,1,0,1.0,0,0,0,-9999.0,0.25,1,P21_CV0,2,0,2,0,2,0,2,0,2
71,-1100543.768,-791387.9899,E71_F22_m22f22_P71_Y3_UO1065,I22_F71_m22f22_P71_Y0_UO1190,ID22_F71_m-1f-1_P22_Y-1_U88,MXY,4,0.0,1,0,0.0,0,0,0,-9999.0,0.5,1,P21_CV0,2,1,1,2,0,0,2,0,2
71,-1100543.768,-791387.9899,E71_F22_m22f22_P71_Y3_UO1111,I22_F71_m-1f-1_P22_Y-1_U185,I22_F71_m-1f-1_P22_Y-1_U44,MXY,4,0.0,1,0,0.0,0,0,0,-9999.0,0.5,1,P21_CV0,2,1,1,1,1,0,2,0,2
71,-1100543.768,-791387.9899,E71_F22_m22f22_P71_Y3_UO1078,ID22_F71_m-1f-1_P22_Y-1_U90,I22_F71_m-1f-1_P22_Y-1_U71,FXX,4,0.0,1,0,1.0,0,0,0,-9999.0,0.0,1,P21_CV0,2,0,2,0,2,0,2,0,2
71,-1100543.768,-791387.9899,E71_F22_m22f22_P71_Y3_UO1098,I22_F71_m-1f-1_P22_Y-1_U156,I22_F71_m-1f-1_P22_Y-1_U0,MXY,4,0.0,1,0,0.0,0,0,0,-9999.0,0.5,1,P21_CV0,2,1,1,2,0,0,2,0,2
71,-1100543.768,-791387.9899,E71_F22_m22f22_P71_Y3_UO1123,I22_F71_m-1f-1_P22_Y-1_U141,ID22_F71_m-1f-1_P22_Y-1_U189,MXY,4,0.0,1,0,0.0,0,0,0,-9999.0,0.0,1,P21_CV0,2,0,2,2,0,0,2,0,2
71,-1100543.768,-791387.9899,E71_F22_m22f22_P71_Y3_UO1119,ID22_F71_m-1f-1_P22_Y-1_U50,I22_F71_m22f22_P71_Y1_UO1011,MXY,4,0.0,1,0,0.0,0,0,0,-9999.0,0.625,1,P21_CV0,2,2,0,0,2,0,2,0,2
71,-1100543.768,-791387.9899,E71_F22_m22f22_P71_Y3_UO1086,ID22_F71_m-1f-1_P22_Y-1_U67,I22_F71_m22f22_P71_Y0_UO1187,FXX,4,0.0,1,0,1.0,0,0,0,-9999.0,0.5,1,P21_CV0,2,1,1,1,1,0,2,0,2
71,-1100543.768,-791387.9899,E71_F22_m22f22_P71_Y3_UO1079,ID22_F71_m-1f-1_P22_Y-1_U223,I22_F71_m-1f-1_P22_Y-1_U119,MXY,4,0.0,1,0,0.0,0,0,0,-9999.0,0.75,1,P21_CV0,2,1,1,0,2,0,2,0,2
71,-1100543.768,-791387.9899,E71_F22_m22f22_P71_Y3_UO1058,I22_F71_m22f22_P71_Y1_UO1046,ID22_F71_m-1f-1_P22_Y-1_U180,MXY,4,0.0,1,0,0.0,0,0,0,-9999.0,0.75,1,P21_CV0,2,1,1,2,0,0,2,0,2
71,-1100543.768,-791387.9899,E71_F22_m22f22_P71_Y3_UO1096,ID22_F71_m-1f-1_P22_Y-1_U218,I22_F71_m-1f-1_P22_Y-1_U42,MXY,4,0.0,1,0,0.0,0,0,0,-9999.0,0.5,1,P21_CV0,2,1,1,2,0,0,2,0,2
71,-1100543.768,-791387.9899,E71_F22_m22f22_P71_Y3_UO1083,I22_F71_m-1f-1_P22_Y-1_U29,I22_F71_m-1f-1_P22_Y-1_U124,MXY,4,0.0,1,0,0.0,0,0,0,-9999.0,0.5,1,P21_CV0,2,1,1,1,1,0,2,0,2
71,-1100543.768,-791387.9899,E71_F22_m22f22_P71_Y2_UO1090,I22_F71_m-1f-1_P22_Y-1_U61,ID22_F71_m-1f-1_P22_Y-1_U143,MXY,5,0.0,1,0,0.0,0,0,0,-9999.0,0.75,1,P21_CV0,2,1,1,0,2,0,2,0,2
71,-1100543.768,-791387.9899,E71_F22_m22f22_P71_Y2_UO1053,I22_F71_m22f22_P71_Y0_UO1190,I22_F71_m-1f-1_P22_Y-1_U18,MXY,5,0.0,1,0,0.0,0,0,0,-9999.0,0.5,1,P21_CV0,2,2,0,1,1,0,2,0,2
71,-1100543.768,-791387.9899,E71_F22_m22f22_P71_Y2_UO1064,I22_F71_m-1f-1_P22_Y-1_U127,I22_F71_m-1f-1_P22_Y-1_U30,MXY,5,0.0,1,0,0.0,0,0,0,-9999.0,0.5,1,P21_CV0,2,2,0,2,0,0,2,0,2
71,-1100543.768,-791387.9899,E71_F22_m22f22_P71_Y2_UO1121,I22_F71_m-1f-1_P22_Y-1_U103,ID22_F71_m22f22_P71_Y0_UO1193,FXX,5,0.0,1,0,1.0,0,0,0,-9999.0,0.5,1,P21_CV0,2,2,0,1,1,0,2,0,2
71,-1100543.768,-791387.9899,E71_F22_m22f22_P71_Y2_UO1124,I22_F71_m-1f-1_P22_Y-1_U45,I22_F71_m22f22_P71_Y0_UO1132,MXY,5,0.0,1,0,0.0,0,0,0,-9999.0,0.75,1,P21_CV0,2,1,1,0,2,0,2,0,2
71,-1100543.768,-791387.9899,E71_F22_m22f22_P71_Y2_UO1085,I22_F71_m-1f-1_P22_Y-1_U202,I22_F71_m22f22_P71_Y0_UO1127,MXY,5,0.0,1,0,0.0,0,0,0,-9999.0,0.375,1,P21_CV0,2,1,1,2,0,0,2,0,2
71,-1100543.768,-791387.9899,E71_F22_m22f22_P71_Y2_UO1105,I22_F71_m-1f-1_P22_Y-1_U62,ID22_F71_m-1f-1_P22_Y-1_U81,MXY,5,0.0,1,0,0.0,0,0,0,-9999.0,0.25,1,P21_CV0,2,1,1,0,2,0,2,0,2
71,-1100543.768,-791387.9899,E71_F22_m22f22_P71_Y2_UO1083,I22_F71_m-1f-1_P22_Y-1_U168,I22_F71_m22f22_P71_Y0_UO1155,MXY,5,0.0,1,0,0.0,0,0,0,-9999.0,0.375,1,P21_CV0,2,2,0,1,1,0,2,0,2
71,-1100543.768,-791387.9899,E71_F22_m22f22_P71_Y2_UO1101,ID22_F71_m-1f-1_P22_Y-1_U83,ID22_F71_m-1f-1_P22_Y-1_U180,FXX,5,0.0,1,0,1.0,0,0,0,-9999.0,0.5,1,P21_CV0,2,1,1,0,2,0,2,0,2
71,-1100543.768,-791387.9899,E71_F22_m22f22_P71_Y2_UO1102,I22_F71_m-1f-1_P22_Y-1_U126,ID22_F71_m-1f-1_P22_Y-1_U216,FXX,5,0.0,1,0,1.0,0,0,0,-9999.0,0.25,1,P21_CV0,2,1,1,1,1,0,2,0,2
71,-1100543.768,-791387.9899,E71_F22_m22f22_P71_Y2_UO1038,I22_F71_m22f22_P71_Y0_UO1181,I22_F71_m22f22_P71_Y0_UO1117,MXY,5,0.0,1,0,0.0,0,0,0,-9999.0,0.75,1,P21_CV0,2,0,2,1,1,0,2,0,2
71,-1100543.768,-791387.9899,E71_F22_m22f22_P71_Y2_UO1111,I22_F71_m-1f-1_P22_Y-1_U232,ID22_F71_m-1f-1_P22_Y-1_U87,MXY,5,0.0,1,0,0.0,0,0,0,-9999.0,0.75,1,P21_CV0,2,2,0,2,0,0,2,0,2
71,-1100543.768,-791387.9899,E71_F22_m22f22_P71_Y2_UO1120,I22_F71_m-1f-1_P22_Y-1_U2,I22_F71_m-1f-1_P22_Y-1_U44,FXX,5,0.0,1,0,1.0,0,0,0,-9999.0,0.5,1,P21_CV0,2,2,0,1,1,0,2,0,2
71,-1100543.768,-791387.9899,E71_F22_m22f22_P71_Y2_UO1056,I22_F71_m22f22_P71_Y0_UO1150,I22_F71_m22f22_P71_Y0_UO1152,FXX,5,0.0,1,0,1.0,0,0,0,-9999.0,0.625,1,P21_CV0,2,2,0,1,1,0,2,0,2
71,-1100543.768,-791387.9899,E71_F22_m22f22_P71_Y2_UO1084,I22_F71_m-1f-1_P22_Y-1_U123,I22_F71_m-1f-1_P22_Y-1_U128,MXY,5,0.0,1,0,0.0,0,0,0,-9999.0,0.75,1,P21_CV0,2,2,0,1,1,0,2,0,2
71,-1100543.768,-791387.9899,E71_F22_m22f22_P71_Y2_UO1065,I22_F71_m-1f-1_P22_Y-1_U36,I22_F71_m22f22_P71_Y0_UO1171,MXY,5,0.0,1,0,0.0,0,0,0,-9999.0,0.875,1,P21_CV0,2,1,1,2,0,0,2,0,2
71,-1100543.768,-791387.9899,E71_F22_m22f22_P71_Y2_UO1048,I22_F71_m22f22_P71_Y0_UO1139,ID22_F71_m-1f-1_P22_Y-1_U81,FXX,5,0.0,1,0,1.0,0,0,0,-9999.0,0.5,1,P21_CV0,2,0,2,0,2,0,2,0,2
71,-1100543.768,-791387.9899,E71_F22_m22f22_P71_Y2_UO1070,I22_F71_m-1f-1_P22_Y-1_U221,ID22_F71_m-1f-1_P22_Y-1_U75,FXX,5,0.0,1,0,1.0,0,0,0,-9999.0,0.5,1,P21_CV0,2,0,2,2,0,0,2,0,2
71,-1100543.768,-791387.9899,E71_F22_m22f22_P71_Y1_UO1021,I22_F71_m-1f-1_P22_Y-1_U218,I22_F71_m-1f-1_P22_Y-1_U216,FXX,6,0.0,1,0,1.0,0,0,0,-9999.0,0.75,1,P21_CV0,2,1,1,1,1,0,2,0,2
71,-1100543.768,-791387.9899,E71_F22_m22f22_P71_Y1_UO1039,I22_F71_m-1f-1_P22_Y-1_U156,ID22_F71_m-1f-1_P22_Y-1_U43,FXX,6,0.0,1,0,1.0,0,0,0,-9999.0,0.5,1,P21_CV0,2,2,0,1,1,0,2,0,2
71,-1100543.768,-791387.9899,E71_F22_m22f22_P71_Y1_UO1003,I22_F71_m-1f-1_P22_Y-1_U247,I22_F71_m-1f-1_P22_Y-1_U173,MXY,6,0.0,1,0,0.0,0,0,0,-9999.0,0.25,1,P21_CV0,2,0,2,0,2,0,2,0,2
71,-1100543.768,-791387.9899,E71_F22_m22f22_P71_Y1_UO1048,ID22_F71_m-1f-1_P22_Y-1_U228,I22_F71_m-1f-1_P22_Y-1_U18,FXX,6,0.0,1,0,1.0,0,0,0,-9999.0,0.75,1,P21_CV0,2,2,0,1,1,0,2,0,2
71,-1100543.768,-791387.9899,E71_F22_m22f22_P71_Y1_UO1062,I22_F71_m-1f-1_P22_Y-1_U50,I22_F71_m-1f-1_P22_Y-1_U42,FXX,6,0.0,1,0,1.0,0,0,0,-9999.0,0.25,1,P21_CV0,2,1,1,1,1,0,2,0,2
71,-1100543.768,-791387.9899,E71_F22_m22f22_P71_Y1_UO1072,ID22_F71_m-1f-1_P22_Y-1_U235,I22_F71_m-1f-1_P22_Y-1_U115,FXX,6,0.0,1,0,1.0,0,0,0,-9999.0,0.5,1,P21_CV0,2,1,1,1,1,0,2,0,2
71,-1100543.768,-791387.9899,E71_F22_m22f22_P71_Y1_UO1046,I22_F71_m-1f-1_P22_Y-1_U55,I22_F71_m-1f-1_P22_Y-1_U15,FXX,6,0.0,1,0,1.0,0,0,0,-9999.0,0.5,1,P21_CV0,2,0,2,1,1,0,2,0,2
71,-1100543.768,-791387.9899,E71_F22_m22f22_P71_Y1_UO1024,I22_F71_m-1f-1_P22_Y-1_U78,I22_F71_m-1f-1_P22_Y-1_U14,FXX,6,0.0,1,0,1.0,0,0,0,-9999.0,0.5,1,P21_CV0,2,1,1,1,1,0,2,0,2
71,-1100543.768,-791387.9899,E71_F22_m22f22_P71_Y1_UO1029,I22_F71_m-1f-1_P22_Y-1_U65,I22_F71_m-1f-1_P22_Y-1_U27,FXX,6,0.0,1,0,1.0,0,0,0,-9999.0,0.0,1,P21_CV0,2,0,2,1,1,0,2,0,2
71,-1100543.768,-791387.9899,E71_F22_m22f22_P71_Y1_UO1055,I22_F71_m-1f-1_P22_Y-1_U232,ID22_F71_m-1f-1_P22_Y-1_U206,FXX,6,0.0,1,0,1.0,0,0,0,-9999.0,0.75,1,P21_CV0,2,2,0,1,1,0,2,0,2
71,-1100543.768,-791387.9899,E71_F22_m22f22_P71_Y1_UO989,I22_F71_m-1f-1_P22_Y-1_U127,I22_F71_m-1f-1_P22_Y-1_U109,MXY,6,0.0,1,0,0.0,0,0,0,-9999.0,0.75,1,P21_CV0,2,2,0,2,0,0,2,0,2
71,-1100543.768,-791387.9899,E71_F22_m22f22_P71_Y1_UO1017,I22_F71_m-1f-1_P22_Y-1_U123,I22_F71_m-1f-1_P22_Y-1_U6,FXX,6,0.0,1,0,1.0,0,0,0,-9999.0,1.0,1,P21_CV0,2,2,0,2,0,0,2,0,2
71,-1100543.768,-791387.9899,E71_F22_m22f22_P71_Y1_UO1068,I22_F71_m-1f-1_P22_Y-1_U141,I22_F71_m-1f-1_P22_Y-1_U194,MXY,6,0.0,1,0,0.0,0,0,0,-9999.0,0.25,1,P21_CV0,2,1,1,0,2,0,2,0,2
71,-1100543.768,-791387.9899,E71_F22_m22f22_P71_Y1_UO1030,I22_F71_m-1f-1_P22_Y-1_U129,I22_F71_m-1f-1_P22_Y-1_U201,MXY,6,0.0,1,0,0.0,0,0,0,-9999.0,0.5,1,P21_CV0,2,1,1,0,2,0,2,0,2
71,-1100543.768,-791387.9899,E71_F22_m22f22_P71_Y0_UO1164,R22_F22_m-1f-1_P22_Y-1_U118,R22_F22_m-1f-1_P22_Y-1_U0,MXY,7,0.0,1,0,0.0,0,0,0,-9999.0,0.75,1,P21_CV0,2,2,0,2,0,0,2,0,2
71,-1100543.768,-791387.9899,E71_F22_m22f22_P71_Y0_UO1202,R22_F22_m-1f-1_P22_Y-1_U231,R22_F22_m-1f-1_P22_Y-1_U87,FXX,7,0.0,1,0,1.0,0,0,0,-9999.0,0.75,1,P21_CV0,2,2,0,0,2,0,2,0,2
71,-1100543.768,-791387.9899,E71_F22_m22f22_P71_Y0_UO1132,R22_F22_m-1f-1_P22_Y-1_U50,R22_F22_m-1f-1_P22_Y-1_U124,MXY,7,0.0,1,0,0.0,0,0,0,-9999.0,0.5,1,P21_CV0,2,0,2,0,2,0,2,0,2
71,-1100543.768,-791387.9899,E71_F22_m22f22_P71_Y0_UO1133,R22_F22_m-1f-1_P22_Y-1_U52,R22_F22_m-1f-1_P22_Y-1_U114,FXX,7,0.0,1,0,1.0,0,0,0,-9999.0,1.0,1,P21_CV0,2,2,0,1,1,0,2,0,2
71,-1100543.768,-791387.9899,E71_F22_m22f22_P71_Y0_UO1208,R22_F22_m-1f-1_P22_Y-1_U243,R22_F22_m-1f-1_P22_Y-1_U16,MXY,7,0.0,1,0,0.0,0,0,0,-9999.0,0.5,1,P21_CV0,2,0,2,0,2,0,2,0,2
71,-1100543.768,-791387.9899,E71_F22_m22f22_P71_Y0_UO1189,R22_F22_m-1f-1_P22_Y-1_U200,R22_F22_m-1f-1_P22_Y-1_U88,MXY,7,0.0,1,0,0.0,0,0,0,-9999.0,0.5,1,P21_CV0,2,1,1,0,2,0,2,0,2
71,-1100543.768,-791387.9899,E71_F22_m22f22_P71_Y0_UO1188,R22_F22_m-1f-1_P22_Y-1_U197,R22_F22_m-1f-1_P22_Y-1_U40,MXY,7,0.0,1,0,0.0,0,0,0,-9999.0,0.5,1,P21_CV0,2,1,1,1,1,0,2,0,2
71,-1100543.768,-791387.9899,E71_F22_m22f22_P71_Y0_UO1197,R22_F22_m-1f-1_P22_Y-1_U217,R22_F22_m-1f-1_P22_Y-1_U215,FXX,7,0.0,1,0,1.0,0,0,0,-9999.0,0.75,1,P21_CV0,2,2,0,1,1,0,2,0,2
71,-1100543.768,-791387.9899,E71_F22_m22f22_P71_Y0_UO1121,R22_F22_m-1f-1_P22_Y-1_U11,R22_F22_m-1f-1_P22_Y-1_U177,FXX,7,0.0,1,0,1.0,0,0,0,-9999.0,0.5,1,P21_CV0,2,2,0,2,0,0,2,0,2
71,-1100543.768,-791387.9899,E71_F22_m22f22_P71_Y0_UO1181,R22_F22_m-1f-1_P22_Y-1_U172,R22_F22_m-1f-1_P22_Y-1_U143,FXX,7,0.0,1,0,1.0,0,0,0,-9999.0,0.75,1,P21_CV0,2,1,1,1,1,0,2,0,2
71,-1100543.768,-791387.9899,E71_F22_m22f22_P71_Y0_UO1141,R22_F22_m-1f-1_P22_Y-1_U65,R22_F22_m-1f-1_P22_Y-1_U7,MXY,7,0.0,1,0,0.0,0,0,0,-9999.0,0.0,1,P21_CV0,2,0,2,1,1,0,2,0,2
71,-1100543.768,-791387.9899,E71_F22_m22f22_P71_Y0_UO1171,R22_F22_m-1f-1_P22_Y-1_U139,R22_F22_m-1f-1_P22_Y-1_U102,MXY,7,0.0,1,0,0.0,0,0,0,-9999.0,0.75,1,P21_CV0,2,1,1,2,0,0,2,0,2
71,-1100543.768,-791387.9899,E71_F22_m22f22_P71_Y0_UO1123,R22_F22_m-1f-1_P22_Y-1_U28,R22_F22_m-1f-1_P22_Y-1_U147,MXY,7,0.0,1,0,0.0,0,0,0,-9999.0,0.25,1,P21_CV0,2,1,1,1,1,0,2,0,2
71,-1100543.768,-791387.9899,E71_F22_m-1f-1_P22_Y-1_U115,-9999,-9999,MXY,8,0.0,1,0,0.0,0,0,0,-9999.0,1.0,1,P21_CV0,2,2,0,1,1,0,2,0,2
71,-1100543.768,-791387.9899,E71_F22_m-1f-1_P22_Y-1_U179,-9999,-9999,MXY,8,0.0,1,0,0.0,0,0,0,-9999.0,1.0,1,P21_CV0,2,2,0,1,1,0,2,0,2
71,-1100543.768,-791387.9899,E71_F22_m-1f-1_P22_Y-1_U90,-9999,-9999,FXX,8,0.0,1,0,1.0,0,0,0,-9999.0,0.0,1,P21_CV0,2,0,2,0,2,0,2,0,2
71,-1100543.768,-791387.9899,E71_F22_m-1f-1_P22_Y-1_U107,-9999,-9999,MXY,8,0.0,1,0,0.0,0,0,0,-9999.0,0.0,1,P21_CV0,2,0,2,1,1,0,2,0,2
71,-1100543.768,-791387.9899,E71_F22_m-1f-1_P22_Y-1_U144,-9999,-9999,MXY,8,0.0,1,0,0.0,0,0,0,-9999.0,0.0,1,P21_CV0,2,0,2,2,0,0,2,0,2
71,-1100543.768,-791387.9899,E71_F22_m-1f-1_P22_Y-1_U204,-9999,-9999,MXY,9,0.0,1,0,0.0,0,0,0,-9999.0,0.5,1,P21_CV0,2,1,1,0,2,0,2,0,2
71,-1100543.768,-791387.9899,E71_F22_m-1f-1_P22_Y-1_U147,-9999,-9999,MXY,9,0.0,1,0,0.0,0,0,0,-9999.0,0.0,1,P21_CV0,2,0,2,2,0,0,2,0,2
71,-1100543.768,-791387.9899,E71_F22_m-1f-1_P22_Y-1_U168,-9999,-9999,FXX,9,0.0,1,0,1.0,0,0,0,-9999.0,0.5,1,P21_CV0,2,1,1,1,1,0,2,0,2
71,-1100543.768,-791387.9899,E71_F22_m-1f-1_P22_Y-1_U123,-9999,-9999,FXX,9,0.0,1,0,1.0,0,0,0,-9999.0,1.0,1,P21_CV0,2,2,0,2,0,0,2,0,2
71,-1100543.768,-791387.9899,E71_F22_m-1f-1_P22_Y-1_U48,-9999,-9999,FXX,9,0.0,1,0,1.0,0,0,0,-9999.0,1.0,1,P21_CV0,2,2,0,1,1,0,2,0,2
71,-1100543.768,-791387.9899,E71_F22_m-1f-1_P22_Y-1_U217,-9999,-9999,FXX,9,0.0,1,0,1.0,0,0,0,-9999.0,0.5,1,P21_CV0,2,1,1,1,1,0,2,0,2
71,-1100543.768,-791387.9899,E71_F22_m-1f-1_P22_Y-1_U202,-9999,-9999,FXX,9,0.0,1,0,1.0,0,0,0,-9999.0,0.0,1,P21_CV0,2,0,2,1,1,0,2,0,2
71,-1100543.768,-791387.9899,E71_F22_m-1f-1_P22_Y-1_U88,-9999,-9999,MXY,9,0.0,1,0,0.0,0,0,0,-9999.0,0.5,1,P21_CV0,2,1,1,1,1,0,2,0,2
71,-1100543.768,-791387.9899,E71_F22_m-1f-1_P22_Y-1_U153,-9999,-9999,MXY,10,0.0,1,0,0.0,0,0,0,-9999.0,1.0,1,P21_CV0,2,2,0,1,1,0,2,0,2
71,-1100543.768,-791387.9899,E71_F22_m-1f-1_P22_Y-1_U120,-9999,-9999,MXY,10,0.0,1,0,0.0,0,0,0,-9999.0,0.5,1,P21_CV0,2,1,1,0,2,0,2,0,2
71,-1100543.768,-791387.9899,E71_F22_m-1f-1_P22_Y-1_U118,-9999,-9999,FXX,10,0.0,1,0,1.0,0,0,0,-9999.0,1.0,1,P21_CV0,2,2,0,2,0,0,2,0,2
71,-1100543.768,-791387.9899,E71_F22_m-1f-1_P22_Y-1_U19,-9999,-9999,MXY,10,0.0,1,0,0.0,0,0,0,-9999.0,0.5,1,P21_CV0,2,1,1,1,1,0,2,0,2
71,-1100543.768,-791387.9899,E71_F22_m-1f-1_P22_Y-1_U21,-9999,-9999,MXY,10,0.0,1,0,0.0,0,0,0,-9999.0,0.5,1,P21_CV0,2,1,1,1,1,0,2,0,2
71,-1100543.768,-791387.9899,E71_F22_m-1f-1_P22_Y-1_U61,-9999,-9999,FXX,11,0.0,1,0,1.0,0,0,0,-9999.0,0.5,1,P21_CV0,2,1,1,0,2,0,2,0,2
71,-1100543.768,-791387.9899,E71_F22_m-1f-1_P22_Y-1_U87,-9999,-9999,MXY,11,0.0,1,0,0.0,0,0,0,-9999.0,0.5,1,P21_CV0,2,1,1,1,1,0,2,0,2
71,-1100543.768,-791387.9899,E71_F22_m-1f-1_P22_Y-1_U172,-9999,-9999,FXX,11,0.0,1,0,1.0,0,0,0,-9999.0,0.5,1,P21_CV0,2,1,1,2,0,0,2,0,2
71,-1100543.768,-791387.9899,E71_F22_m-1f-1_P22_Y-1_U126,-9999,-9999,FXX,11,0.0,1,0,1.0,0,0,0,-9999.0,0.0,1,P21_CV0,2,0,2,1,1,0,2,0,2
71,-1100543.768,-791387.9899,E71_F22_m-1f-1_P22_Y-1_U132,-9999,-9999,FXX,11,0.0,1,0,1.0,0,0,0,-9999.0,0.5,1,P21_CV0,2,1,1,0,2,0,2,0,2
71,-1100543.768,-791387.9899,E71_F22_m-1f-1_P22_Y-1_U64,-9999,-9999,FXX,11,0.0,1,0,1.0,0,0,0,-9999.0,0.5,1,P21_CV0,2,1,1,1,1,0,2,0,2
71,-1100543.768,-791387.9899,E71_F22_m-1f-1_P22_Y-1_U22,-9999,-9999,FXX,11,0.0,1,0,1.0,0,0,0,-9999.0,0.5,1,P21_CV0,2,1,1,2,0,0,2,0,2
71,-1100543.768,-791387.9899,E71_F22_m-1f-1_P22_Y-1_U77,-9999,-9999,MXY,11,0.0,1,0,0.0,0,0,0,-9999.0,1.0,1,P21_CV0,2,2,0,1,1,0,2,0,2
71,-1100543.768,-791387.9899,E71_F22_m-1f-1_P22_Y-1_U189,-9999,-9999,MXY,12,0.0,1,0,0.0,0,0,0,-9999.0,0.0,1,P21_CV0,2,0,2,2,0,0,2,0,2
71,-1100543.768,-791387.9899,E71_F22_m-1f-1_P22_Y-1_U193,-9999,-9999,FXX,12,0.0,1,0,1.0,0,0,0,-9999.0,0.5,1,P21_CV0,2,1,1,0,2,0,2,0,2
71,-1100543.768,-791387.9899,E71_F22_m-1f-1_P22_Y-1_U75,-9999,-9999,MXY,12,0.0,1,0,0.0,0,0,0,-9999.0,0.5,1,P21_CV0,2,1,1,2,0,0,2,0,2
71,-1100543.768,-791387.9899,E71_F22_m-1f-1_P22_Y-1_U214,-9999,-9999,FXX,12,0.0,1,0,1.0,0,0,0,-9999.0,0.5,1,P21_CV0,2,1,1,2,0,0,2,0,2
71,-1100543.768,-791387.9899,E71_F22_m-1f-1_P22_Y-1_U81,-9999,-9999,MXY,13,0.0,1,0,0.0,0,0,0,-9999.0,0.5,1,P21_CV0,2,1,1,0,2,0,2,0,2
71,-1100543.768,-791387.9899,E71_F22_m-1f-1_P22_Y-1_U95,-9999,-9999,MXY,13,0.0,1,0,0.0,0,0,0,-9999.0,0.0,1,P21_CV0,2,0,2,0,2,0,2,0,2
71,-1100543.768,-791387.9899,E71_F22_m-1f-1_P22_Y-1_U79,-9999,-9999,MXY,13,0.0,1,0,0.0,0,0,0,-9999.0,1.0,1,P21_CV0,2,2,0,1,1,0,2,0,2
71,-1100543.768,-791387.9899,E71_F22_m-1f-1_P22_Y-1_U232,-9999,-9999,FXX,13,0.0,1,0,1.0,0,0,0,-9999.0,1.0,1,P21_CV0,2,2,0,1,1,0,2,0,2
71,-1100543.768,-791387.9899,E71_F22_m-1f-1_P22_Y-1_U224,-9999,-9999,MXY,14,0.0,1,0,0.0,0,0,0,-9999.0,0.5,1,P21_CV0,2,1,1,0,2,0,2,0,2
71,-1100543.768,-791387.9899,E71_F22_m-1f-1_P22_Y-1_U216,-9999,-9999,MXY,14,0.0,1,0,0.0,0,0,0,-9999.0,0.5,1,P21_CV0,2,1,1,1,1,0,2,0,2
71,-1100543.768,-791387.9899,E71_F22_m-1f-1_P22_Y-1_U52,-9999,-9999,FXX,14,0.0,1,0,1.0,0,0,0,-9999.0,1.0,1,P21_CV0,2,2,0,0,2,0,2,0,2
71,-1100543.768,-791387.9899,E71_F22_m-1f-1_P22_Y-1_U50,-9999,-9999,FXX,15,0.0,1,0,1.0,0,0,0,-9999.0,0.5,1,P21_CV0,2,1,1,1,1,0,2,0,2
71,-1100543.768,-791387.9899,E71_F22_m-1f-1_P22_Y-1_U119,-9999,-9999,MXY,15,0.0,1,0,0.0,0,0,0,-9999.0,1.0,1,P21_CV0,2,2,0,0,2,0,2,0,2
71,-1100543.768,-791387.9899,E71_F22_m-1f-1_P22_Y-1_U2,-9999,-9999,FXX,16,0.0,1,0,1.0,0,0,0,-9999.0,0.5,1,P21_CV0,2,1,1,2,0,0,2,0,2
71,-1100543.768,-791387.9899,E71_F22_m23f23_P76_Y6_UO1204,I23_F27_m46f46_P52_Y1_UO2138,ID23_F35_m40f40_P57_Y2_UO1908,MXY,1,0.0,1,1,0.0,0,0,0,-9999.0,0.5,1,P45_CV0,2,2,0,1,1,0,2,0,2
72,-531060.8067,-1259715.42,E72_F80_m95f95_P81_Y4_UO4480,I95_F64_m16f16_P59_Y1_UO798,ID95_F91_m-1f-1_P95_Y-1_U160,MXY,3,0.0,1,0,0.0,0,0,0,-9999.0,0.5,1,P15_CV0,2,0,2,1,1,0,2,0,2
72,-531060.8067,-1259715.42,E72_F80_m5f5_P72_Y6_UO333,I5_F81_m47f47_P81_Y4_UO2298,I5_F81_m95f95_P81_Y4_UO4532,FXX,1,0.0,1,1,1.0,0,0,0,-9999.0,0.375,1,P16_CV0,2,0,2,2,0,0,2,0,2
72,-531060.8067,-1259715.42,E72_F80_m5f5_P72_Y6_UO397,I5_F81_m-1f-1_P80_Y-1_U67,I5_F81_m95f95_P81_Y4_UO4532,FXX,1,0.0,1,1,1.0,0,0,0,-9999.0,0.5,1,P16_CV0,2,1,1,2,0,0,2,0,2
72,-531060.8067,-1259715.42,E72_F80_m95f95_P81_Y4_UO4532,ID95_F64_m-1f-1_P17_Y-1_U50,I95_F91_m-1f-1_P95_Y-1_U103,MXY,3,0.0,1,0,0.0,0,0,0,-9999.0,0.5,1,P16_CV0,2,1,1,1,1,0,2,0,2
72,-531060.8067,-1259715.42,Age0_F72_m5f5_P72_Y7_UO333,ID5_F81_m58f58_P81_Y5_UO2748,I5_F72_m5f5_P72_Y5_UO368,MXY,0,0.0,0,0,0.0,0,0,0,0.0,0.6875,1,P39_CV0,2,0,2,1,1,0,2,0,2
72,-531060.8067,-1259715.42,Age0_F72_m5f5_P72_Y7_UO372,ID5_F81_m80f80_P81_Y3_UO3732,ID5_F72_m94f94_P81_Y4_UO4452,MXY,0,0.0,0,0,0.0,0,0,0,0.0,0.625,1,P39_CV0,2,2,0,2,0,0,2,0,2
72,-531060.8067,-1259715.42,Age0_F72_m94f94_P72_Y7_UO4478,I94_F81_m-1f-1_P94_Y-1_U143,I94_F98_m-1f-1_P40_Y-1_U242,MXY,0,0.0,0,0,0.0,0,0,0,0.0,1.0,1,P39_CV0,2,2,0,0,2,0,2,0,2
72,-531060.8067,-1259715.42,E72_F5_m94f94_P81_Y6_UO4492,ID94_F98_m-1f-1_P94_Y-1_U158,ID94_F27_m40f40_P6_Y2_UO1914,MXY,1,0.0,1,1,0.0,0,0,0,-9999.0,0.625,1,P39_CV0,2,1,1,0,2,0,2,0,2
72,-531060.8067,-1259715.42,E72_F80_m94f94_P81_Y6_UO4506,I94_F81_m-1f-1_P40_Y-1_U167,I94_F81_m5f5_P81_Y0_UO332,MXY,1,0.0,1,1,0.0,0,0,0,-9999.0,0.5,1,P39_CV0,2,2,0,2,0,0,2,0,2
72,-531060.8067,-1259715.42,E72_F5_m58f58_P81_Y5_UO2748,ID58_F99_m-1f-1_P40_Y-1_U158,I58_F99_m5f5_P81_Y3_UO277,FXX,2,0.0,1,0,1.0,0,0,0,-9999.0,0.875,1,P39_CV0,2,1,1,1,1,0,2,0,2
72,-531060.8067,-1259715.42,E72_F58_m-1f-1_P40_Y-1_U174,-9999,-9999,MXY,11,0.0,1,0,0.0,0,0,0,-9999.0,0.5,1,P39_CV0,2,1,1,1,1,0,2,0,2
72,-531060.8067,-1259715.42,E72_F5_m58f58_P81_Y6_UO2767,I58_F81_m-1f-1_P42_Y-1_U210,I58_F72_m80f80_P81_Y4_UO3681,FXX,1,0.0,1,1,1.0,0,0,0,-9999.0,0.4375,1,P41_CV0,2,1,1,0,2,0,2,0,2
72,-531060.8067,-1259715.42,E72_F80_m50f50_P72_Y6_UO2438,I50_F57_m50f50_P99_Y3_UO2372,I50_F99_m-1f-1_P42_Y-1_U160,FXX,1,0.0,1,1,1.0,0,0,0,-9999.0,0.375,1,P41_CV0,2,0,2,2,0,0,2,0,2
72,-531060.8067,-1259715.42,E72_F58_m42f42_P99_Y1_UO1865,ID42_F99_m-1f-1_P42_Y-1_U223,I42_F99_m-1f-1_P42_Y-1_U88,FXX,6,0.0,1,0,1.0,0,0,0,-9999.0,0.0,1,P41_CV0,2,0,2,0,2,0,2,0,2
72,-531060.8067,-1259715.42,Age0_F72_m58f58_P72_Y7_UO2746,ID58_F81_m58f58_P99_Y0_UO2947,ID58_F99_m92f92_P99_Y4_UO4294,MXY,0,0.0,0,0,0.0,0,0,0,0.0,0.375,1,P44_CV0,2,0,2,2,0,0,2,0,2
72,-531060.8067,-1259715.42,Age0_F72_m5f5_P72_Y7_UO386,ID5_F81_m5f5_P81_Y2_UO364,I5_F81_m47f47_P81_Y5_UO2324,MXY,0,0.0,0,0,0.0,0,0,0,0.0,0.25,1,P46_CV0,2,1,1,1,1,0,2,0,2
72,-531060.8067,-1259715.42,Age0_F72_m80f80_P72_Y7_UO3700,I80_F81_m80f80_P81_Y5_UO3682,I80_F81_m80f80_P72_Y5_UO3756,FXX,0,0.0,0,0,0.0,0,0,0,0.0,0.5625,1,P46_CV0,2,1,1,2,0,0,2,0,2
72,-531060.8067,-1259715.42,Age0_F72_m80f80_P72_Y7_UO3726,I80_F81_m80f80_P81_Y4_UO3644,I80_F81_m47f47_P81_Y2_UO2337,FXX,0,0.0,0,0,0.0,0,0,0,0.0,0.46875,1,P46_CV0,2,2,0,0,2,0,2,0,2
72,-531060.8067,-1259715.42,Age0_F72_m80f80_P72_Y7_UO3736,I80_F72_m5f5_P81_Y4_UO349,I80_F72_m80f80_P81_Y4_UO3688,FXX,0,0.0,0,0,0.0,0,0,0,0.0,0.40625,1,P46_CV0,2,0,2,0,2,0,2,0,2
72,-531060.8067,-1259715.42,Age0_F72_m80f80_P72_Y7_UO3771,ID80_F81_m58f58_P81_Y1_UO2604,I80_F72_m5f5_P81_Y3_UO350,FXX,0,0.0,0,0,0.0,0,0,0,0.0,0.4375,1,P46_CV0,2,2,0,1,1,0,2,0,2
72,-531060.8067,-1259715.42,Age0_F72_m80f80_P72_Y7_UO3775,I80_F81_m80f80_P72_Y1_UO3527,ID80_F81_m47f47_P81_Y4_UO2302,MXY,0,0.0,0,0,0.0,0,0,0,0.0,0.5,1,P46_CV0,2,0,2,0,2,0,2,0,2
72,-531060.8067,-1259715.42,Age0_F72_m80f80_P72_Y7_UO3800,I80_F72_m-1f-1_P5_Y-1_U16,I80_F81_m47f47_P81_Y4_UO2338,FXX,0,0.0,0,0,0.0,0,0,0,0.0,0.125,1,P46_CV0,2,0,2,1,1,0,2,0,2
72,-531060.8067,-1259715.42,E72_F5_m5f5_P81_Y6_UO345,I5_F81_m5f5_P81_Y3_UO345,I5_F81_m47f47_P81_Y0_UO2497,FXX,1,0.0,1,1,1.0,0,0,0,-9999.0,0.1875,1,P46_CV0,2,0,2,1,1,0,2,0,2
72,-531060.8067,-1259715.42,E72_F5_m47f47_P81_Y6_UO2377,I47_F81_m-1f-1_P47_Y-1_U153,ID47_F81_m47f47_P64_Y2_UO2351,MXY,1,0.0,1,1,0.0,0,0,0,-9999.0,0.625,1,P46_CV0,2,2,0,0,2,0,2,0,2
72,-531060.8067,-1259715.42,E72_F5_m47f47_P81_Y6_UO2400,I47_F81_m-1f-1_P47_Y-1_U27,I47_F81_m-1f-1_P47_Y-1_U184,FXX,1,0.0,1,1,1.0,0,0,0,-9999.0,0.5,1,P46_CV0,2,1,1,1,1,0,2,0,2
72,-531060.8067,-1259715.42,E72_F5_m47f47_P81_Y6_UO2402,ID47_F81_m-1f-1_P47_Y-1_U194,ID47_F64_m-1f-1_P47_Y-1_U199,MXY,1,0.0,1,1,0.0,0,0,0,-9999.0,0.0,1,P46_CV0,2,0,2,2,0,0,2,0,2
72,-531060.8067,-1259715.42,E72_F5_m80f80_P81_Y6_UO3734,I80_F81_m47f47_P81_Y3_UO2334,I80_F81_m47f47_P81_Y1_UO2215,FXX,1,0.0,1,1,1.0,0,0,0,-9999.0,0.375,1,P46_CV0,2,2,0,1,1,0,2,0,2
72,-531060.8067,-1259715.42,E72_F5_m80f80_P81_Y6_UO3767,ID80_F81_m47f47_P81_Y2_UO2320,I80_F72_m80f80_P72_Y3_UO3708,MXY,1,0.0,1,1,0.0,0,0,0,-9999.0,0.4375,1,P46_CV0,2,1,1,1,1,0,2,0,2
72,-531060.8067,-1259715.42,E72_F80_m5f5_P72_Y6_UO335,ID5_F72_m80f80_P81_Y4_UO3700,I5_F72_m47f47_P81_Y4_UO2335,MXY,1,0.0,1,1,0.0,0,0,0,-9999.0,0.5625,1,P46_CV0,2,1,1,1,1,0,2,0,2
72,-531060.8067,-1259715.42,E72_F80_m47f47_P72_Y6_UO2383,I47_F81_m-1f-1_P47_Y-1_U78,ID47_F64_m95f95_P64_Y1_UO4304,MXY,1,0.0,1,1,0.0,0,0,0,-9999.0,0.625,1,P46_CV0,2,2,0,1,1,0,2,0,2
72,-531060.8067,-1259715.42,E72_F80_m80f80_P72_Y6_UO3700,ID80_F72_m5f5_P72_Y4_UO289,ID80_F81_m5f5_P81_Y3_UO279,MXY,1,0.0,1,1,0.0,0,0,0,-9999.0,0.28125,1,P46_CV0,2,0,2,0,2,0,2,0,2
72,-531060.8067,-1259715.42,E72_F80_m80f80_P72_Y6_UO3787,ID80_F81_m58f58_P81_Y0_UO2965,I80_F81_m58f58_P81_Y4_UO2713,FXX,1,0.0,1,1,1.0,0,0,0,-9999.0,0.25,1,P46_CV0,2,1,1,1,1,0,2,0,2
72,-531060.8067,-1259715.42,E72_F80_m5f5_P81_Y6_UO298,I5_F81_m5f5_P81_Y4_UO359,I5_F81_m5f5_P81_Y4_UO341,MXY,1,0.0,1,1,0.0,0,0,0,-9999.0,0.5,1,P46_CV0,2,0,2,2,0,0,2,0,2
72,-531060.8067,-1259715.42,E72_F80_m5f5_P81_Y6_UO370,I5_F81_m80f80_P81_Y2_UO3656,I5_F81_m58f58_P81_Y3_UO2768,MXY,1,0.0,1,1,0.0,0,0,0,-9999.0,0.4375,1,P46_CV0,2,1,1,0,2,0,2,0,2
72,-531060.8067,-1259715.42,E72_F80_m47f47_P81_Y6_UO2379,I47_F64_m-1f-1_P47_Y-1_U217,I47_F64_m-1f-1_P47_Y-1_U56,MXY,1,0.0,1,1,0.0,0,0,0,-9999.0,0.25,1,P46_CV0,2,1,1,2,0,0,2,0,2
72,-531060.8067,-1259715.42,E72_F80_m47f47_P81_Y6_UO2388,I47_F81_m-1f-1_P47_Y-1_U38,I47_F64_m-1f-1_P47_Y-1_U81,MXY,1,0.0,1,1,0.0,0,0,0,-9999.0,0.25,1,P46_CV0,2,0,2,1,1,0,2,0,2
72,-531060.8067,-1259715.42,E72_F80_m47f47_P81_Y6_UO2391,I47_F64_m-1f-1_P47_Y-1_U212,I47_F59_m-1f-1_P47_Y-1_U99,FXX,1,0.0,1,1,1.0,0,0,0,-9999.0,0.5,1,P46_CV0,2,0,2,2,0,0,2,0,2
72,-531060.8067,-1259715.42,E72_F80_m47f47_P81_Y6_UO2392,I47_F81_m-1f-1_P47_Y-1_U157,ID47_F81_m-1f-1_P47_Y-1_U0,MXY,1,0.0,1,1,0.0,0,0,0,-9999.0,0.5,1,P46_CV0,2,0,2,1,1,0,2,0,2
72,-531060.8067,-1259715.42,E72_F80_m80f80_P81_Y6_UO3748,I80_F72_m58f58_P72_Y3_UO2747,I80_F81_m47f47_P81_Y1_UO2218,MXY,1,0.0,1,1,0.0,0,0,0,-9999.0,0.75,1,P46_CV0,2,1,1,2,0,0,2,0,2
72,-531060.8067,-1259715.42,E72_F80_m80f80_P81_Y6_UO3804,I80_F81_m-1f-1_P80_Y-1_U220,I80_F81_m80f80_P72_Y4_UO3639,MXY,1,0.0,1,1,0.0,0,0,0,-9999.0,0.75,1,P46_CV0,2,2,0,1,1,0,2,0,2
72,-531060.8067,-1259715.42,E72_F80_m80f80_P81_Y6_UO3808,I80_F81_m-1f-1_P80_Y-1_U14,I80_F81_m47f47_P81_Y1_UO2218,FXX,1,0.0,1,1,1.0,0,0,0,-9999.0,0.875,1,P46_CV0,2,2,0,1,1,0,2,0,2
72,-531060.8067,-1259715.42,E72_F5_m47f47_P81_Y5_UO2364,ID47_F64_m-1f-1_P17_Y-1_U219,I47_F81_m-1f-1_P47_Y-1_U123,FXX,2,0.0,1,0,1.0,0,0,0,-9999.0,0.0,1,P46_CV0,2,0,2,2,0,0,2,0,2
72,-531060.8067,-1259715.42,E72_F58_m80f80_P81_Y5_UO3730,I80_F72_m47f47_P81_Y1_UO2170,I80_F81_m80f80_P72_Y3_UO3650,MXY,2,0.0,1,0,0.0,0,0,0,-9999.0,0.5,1,P46_CV0,2,0,2,0,2,0,2,0,2
72,-531060.8067,-1259715.42,E72_F80_m80f80_P81_Y5_UO3682,I80_F72_m58f58_P81_Y3_UO2750,I80_F81_m47f47_P81_Y3_UO2327,FXX,2,0.0,1,0,1.0,0,0,0,-9999.0,0.625,1,P46_CV0,2,2,0,1,1,0,2,0,2
72,-531060.8067,-1259715.42,E72_F80_m80f80_P72_Y5_UO3692,ID80_F81_m80f80_P81_Y3_UO3679,I80_F81_m5f5_P81_Y3_UO378,MXY,2,0.0,1,0,0.0,0,0,0,-9999.0,0.5625,1,P46_CV0,2,2,0,1,1,0,2,0,2
72,-531060.8067,-1259715.42,E72_F80_m80f80_P81_Y5_UO3671,ID80_F81_m80f80_P81_Y3_UO3658,I80_F81_m47f47_P81_Y1_UO2218,FXX,2,0.0,1,0,1.0,0,0,0,-9999.0,0.625,1,P46_CV0,2,2,0,2,0,0,2,0,2
72,-531060.8067,-1259715.42,E72_F5_m5f5_P72_Y4_UO301,ID5_F81_m47f47_P81_Y2_UO2355,I5_F81_m58f58_P81_Y1_UO2683,MXY,3,0.0,1,0,0.0,0,0,0,-9999.0,0.375,1,P46_CV0,2,1,1,1,1,0,2,0,2
72,-531060.8067,-1259715.42,E72_F5_m47f47_P81_Y4_UO2293,I47_F81_m-1f-1_P47_Y-1_U84,ID47_F81_m47f47_P81_Y2_UO2377,MXY,3,0.0,1,0,0.0,0,0,0,-9999.0,0.375,1,P46_CV0,2,2,0,2,0,0,2,0,2
72,-531060.8067,-1259715.42,E72_F5_m5f5_P81_Y4_UO359,I5_F81_m-1f-1_P5_Y-1_U50,ID5_F81_m47f47_P81_Y2_UO2352,FXX,3,0.0,1,0,1.0,0,0,0,-9999.0,0.5,1,P46_CV0,2,0,2,2,0,0,2,0,2
72,-531060.8067,-1259715.42,E72_F58_m5f5_P81_Y4_UO322,ID5_F81_m94f94_P81_Y1_UO4252,ID5_F81_m47f47_P81_Y2_UO2323,MXY,3,0.0,1,0,0.0,0,0,0,-9999.0,0.375,1,P46_CV0,2,0,2,1,1,0,2,0,2
72,-531060.8067,-1259715.42,E72_F80_m80f80_P81_Y4_UO3644,ID80_F81_m47f47_P81_Y2_UO2315,ID80_F81_m5f5_P72_Y2_UO319,FXX,3,0.0,1,0,1.0,0,0,0,-9999.0,0.4375,1,P46_CV0,2,1,1,0,2,0,2,0,2
72,-531060.8067,-1259715.42,E72_F80_m58f58_P81_Y4_UO2713,I58_F99_m47f47_P81_Y0_UO2475,ID58_F81_m-1f-1_P5_Y-1_U12,MXY,3,0.0,1,0,0.0,0,0,0,-9999.0,0.25,1,P46_CV0,2,0,2,0,2,0,2,0,2
72,-531060.8067,-1259715.42,E72_F80_m47f47_P81_Y4_UO2302,ID47_F81_m-1f-1_P47_Y-1_U151,ID47_F64_m3f3_P59_Y1_UO113,MXY,3,0.0,1,0,0.0,0,0,0,-9999.0,0.5,1,P46_CV0,2,1,1,1,1,0,2,0,2
72,-531060.8067,-1259715.42,E72_F80_m5f5_P81_Y4_UO349,I5_F81_m80f80_P81_Y0_UO4016,I5_F81_m47f47_P81_Y1_UO2220,FXX,3,0.0,1,0,1.0,0,0,0,-9999.0,0.5,1,P46_CV0,2,0,2,0,2,0,2,0,2
72,-531060.8067,-1259715.42,E72_F80_m5f5_P81_Y3_UO350,I5_F81_m-1f-1_P5_Y-1_U8,I5_F81_m47f47_P81_Y1_UO2206,MXY,4,0.0,1,0,0.0,0,0,0,-9999.0,0.375,1,P46_CV0,2,1,1,0,2,0,2,0,2
72,-531060.8067,-1259715.42,E72_F80_m47f47_P81_Y3_UO2337,I47_F64_m-1f-1_P47_Y-1_U157,I47_F81_m-1f-1_P47_Y-1_U88,MXY,4,0.0,1,0,0.0,0,0,0,-9999.0,0.5,1,P46_CV0,2,2,0,2,0,0,2,0,2
72,-531060.8067,-1259715.42,E72_F5_m47f47_P81_Y2_UO2368,I47_F81_m-1f-1_P47_Y-1_U33,I47_F64_m-1f-1_P47_Y-1_U88,FXX,5,0.0,1,0,1.0,0,0,0,-9999.0,0.5,1,P46_CV0,2,2,0,1,1,0,2,0,2
72,-531060.8067,-1259715.42,E72_F80_m47f47_P81_Y1_UO2208,I47_F64_m-1f-1_P47_Y-1_U244,I47_F64_m-1f-1_P47_Y-1_U144,MXY,6,0.0,1,0,0.0,0,0,0,-9999.0,0.25,1,P46_CV0,2,1,1,2,0,0,2,0,2
72,-531060.8067,-1259715.42,Age0_F72_m80f80_P72_Y7_UO3685,ID80_F81_m50f50_P99_Y5_UO2444,I80_F81_m47f47_P81_Y4_UO2287,FXX,0,0.0,0,0,0.0,0,0,0,0.0,0.4375,1,P49_CV0,2,1,1,1,1,0,2,0,2
72,-531060.8067,-1259715.42,Age0_F72_m80f80_P72_Y7_UO3687,ID80_F81_m5f5_P81_Y5_UO384,ID80_F81_m58f58_P81_Y5_UO2766,MXY,0,0.0,0,0,0.0,0,0,0,0.0,0.625,1,P49_CV0,2,1,1,0,2,0,2,0,2
72,-531060.8067,-1259715.42,E72_F42_m42f42_P99_Y6_UO2036,ID42_F72_m42f42_P99_Y3_UO2006,I42_F57_m-1f-1_P58_Y-1_U215,FXX,1,0.0,1,1,1.0,0,0,0,-9999.0,0.75,1,P49_CV0,2,2,0,0,2,0,2,0,2
72,-531060.8067,-1259715.42,E72_F58_m50f50_P99_Y6_UO2473,I50_F6_m-1f-1_P50_Y-1_U82,I50_F99_m-1f-1_P42_Y-1_U160,FXX,1,0.0,1,1,1.0,0,0,0,-9999.0,0.25,1,P49_CV0,2,0,2,2,0,0,2,0,2
72,-531060.8067,-1259715.42,E72_F80_m50f50_P72_Y6_UO2419,I50_F99_m92f92_P99_Y4_UO4295,I50_F99_m-1f-1_P50_Y-1_U69,FXX,1,0.0,1,1,1.0,0,0,0,-9999.0,0.5625,1,P49_CV0,2,1,1,2,0,0,2,0,2
72,-531060.8067,-1259715.42,E72_F80_m58f58_P81_Y6_UO2758,I58_F81_m50f50_P99_Y0_UO2613,ID58_F81_m50f50_P99_Y2_UO2393,MXY,1,0.0,1,1,0.0,0,0,0,-9999.0,0.3125,1,P49_CV0,2,1,1,1,1,0,2,0,2
72,-531060.8067,-1259715.42,E72_F80_m58f58_P81_Y6_UO2786,I58_F81_m-1f-1_P50_Y-1_U183,I58_F81_m58f58_P99_Y2_UO2759,MXY,1,0.0,1,1,0.0,0,0,0,-9999.0,0.125,1,P49_CV0,2,1,1,1,1,0,2,0,2
72,-531060.8067,-1259715.42,E72_F80_m50f50_P99_Y5_UO2444,I50_F99_m-1f-1_P94_Y-1_U72,I50_F99_m50f50_P99_Y2_UO2385,FXX,2,0.0,1,0,1.0,0,0,0,-9999.0,0.5,1,P49_CV0,2,1,1,1,1,0,2,0,2
72,-531060.8067,-1259715.42,E72_F80_m94f94_P81_Y2_UO4399,ID94_F6_m-1f-1_P50_Y-1_U33,I94_F81_m-1f-1_P94_Y-1_U29,FXX,5,0.0,1,0,1.0,0,0,0,-9999.0,1.0,1,P49_CV0,2,2,0,0,2,0,2,0,2
72,-531060.8067,-1259715.42,E72_F58_m50f50_P99_Y0_UO2601,R50_F50_m-1f-1_P50_Y-1_U196,R50_F50_m-1f-1_P50_Y-1_U91,MXY,7,0.0,1,0,0.0,0,0,0,-9999.0,0.5,1,P49_CV0,2,0,2,0,2,0,2,0,2
72,-531060.8067,-1259715.42,Age0_F72_m5f5_P72_Y7_UO302,I5_F81_m80f80_P81_Y5_UO3718,I5_F81_m5f5_P81_Y3_UO355,FXX,0,0.0,0,0,0.0,0,0,0,0.0,0.5,1,P4_CV0,2,1,1,1,1,0,2,0,2
72,-531060.8067,-1259715.42,Age0_F72_m5f5_P72_Y7_UO308,ID5_F81_m5f5_P81_Y5_UO292,I5_F72_m-1f-1_P5_Y-1_U230,FXX,0,0.0,0,0,0.0,0,0,0,0.0,0.3125,1,P4_CV0,2,0,2,1,1,0,2,0,2
72,-531060.8067,-1259715.42,Age0_F72_m5f5_P72_Y7_UO328,I5_F72_m47f47_P81_Y5_UO2364,ID5_F81_m5f5_P72_Y5_UO376,FXX,0,0.0,0,0,0.0,0,0,0,0.0,0.375,1,P4_CV0,2,1,1,1,1,0,2,0,2
72,-531060.8067,-1259715.42,Age0_F72_m5f5_P72_Y7_UO330,I5_F81_m80f80_P81_Y5_UO3703,I5_F81_m5f5_P81_Y5_UO341,MXY,0,0.0,0,0,0.0,0,0,0,0.0,0.40625,1,P4_CV0,2,1,1,2,0,0,2,0,2
72,-531060.8067,-1259715.42,Age0_F72_m5f5_P72_Y7_UO350,I5_F81_m5f5_P81_Y4_UO359,ID5_F72_m80f80_P72_Y4_UO3648,MXY,0,0.0,0,0,0.0,0,0,0,0.0,0.5625,1,P4_CV0,2,0,2,1,1,0,2,0,2
72,-531060.8067,-1259715.42,Age0_F72_m5f5_P72_Y7_UO380,I5_F81_m47f47_P81_Y2_UO2368,ID5_F81_m5f5_P81_Y4_UO344,MXY,0,0.0,0,0,0.0,0,0,0,0.0,0.625,1,P4_CV0,2,2,0,2,0,0,2,0,2
72,-531060.8067,-1259715.42,Age0_F72_m5f5_P72_Y7_UO390,I5_F81_m58f58_P81_Y1_UO2651,ID5_F81_m5f5_P81_Y4_UO274,FXX,0,0.0,0,0,0.0,0,0,0,0.0,0.1875,1,P4_CV0,2,1,1,2,0,0,2,0,2
72,-531060.8067,-1259715.42,Age0_F72_m5f5_P72_Y7_UO402,I5_F81_m5f5_P81_Y0_UO355,I5_F72_m80f80_P72_Y3_UO3720,MXY,0,0.0,0,0,0.0,0,0,0,0.0,0.5625,1,P4_CV0,2,1,1,0,2,0,2,0,2
72,-531060.8067,-1259715.42,Age0_F72_m5f5_P72_Y7_UO407,I5_F81_m-1f-1_P5_Y-1_U207,I5_F81_m5f5_P81_Y5_UO341,FXX,0,0.0,0,0,0.0,0,0,0,0.0,0.15625,1,P4_CV0,2,0,2,2,0,0,2,0,2
72,-531060.8067,-1259715.42,Age0_F72_m5f5_P72_Y7_UO409,I5_F81_m-1f-1_P5_Y-1_U37,I5_F72_m47f47_P81_Y2_UO2319,MXY,0,0.0,0,0,0.0,0,0,0,0.0,0.5,1,P4_CV0,2,1,1,0,2,0,2,0,2
72,-531060.8067,-1259715.42,Age0_F72_m5f5_P72_Y7_UO411,I5_F81_m-1f-1_P58_Y-1_U185,I5_F81_m5f5_P81_Y5_UO341,MXY,0,0.0,0,0,0.0,0,0,0,0.0,0.65625,1,P4_CV0,2,1,1,1,1,0,2,0,2
72,-531060.8067,-1259715.42,Age0_F72_m5f5_P72_Y7_UO413,I5_F72_m-1f-1_P5_Y-1_U1,ID5_F81_m5f5_P81_Y5_UO398,MXY,0,0.0,0,0,0.0,0,0,0,0.0,0.5,1,P4_CV0,2,1,1,2,0,0,2,0,2
72,-531060.8067,-1259715.42,Age0_F72_m80f80_P72_Y7_UO3677,I80_F81_m5f5_P72_Y5_UO352,ID80_F81_m95f95_P81_Y5_UO4505,MXY,0,0.0,0,0,0.0,0,0,0,0.0,0.5,1,P4_CV0,2,1,1,2,0,0,2,0,2
72,-531060.8067,-1259715.42,Age0_F72_m80f80_P72_Y7_UO3694,I80_F81_m5f5_P81_Y5_UO405,I80_F81_m5f5_P81_Y1_UO343,FXX,0,0.0,0,0,0.0,0,0,0,0.0,0.75,1,P4_CV0,2,2,0,2,0,0,2,0,2
72,-531060.8067,-1259715.42,Age0_F72_m80f80_P72_Y7_UO3699,I80_F72_m5f5_P81_Y5_UO294,ID80_F81_m5f5_P81_Y1_UO283,MXY,0,0.0,0,0,0.0,0,0,0,0.0,0.46875,1,P4_CV0,2,1,1,2,0,0,2,0,2
72,-531060.8067,-1259715.42,Age0_F72_m80f80_P72_Y7_UO3710,I80_F72_m80f80_P81_Y5_UO3671,I80_F81_m5f5_P81_Y2_UO358,MXY,0,0.0,0,0,0.0,0,0,0,0.0,0.3125,1,P4_CV0,2,1,1,1,1,0,2,0,2
72,-531060.8067,-1259715.42,Age0_F72_m80f80_P72_Y7_UO3720,I80_F72_m5f5_P81_Y4_UO387,I80_F81_m80f80_P72_Y5_UO3692,MXY,0,0.0,0,0,0.0,0,0,0,0.0,0.53125,1,P4_CV0,2,2,0,1,1,0,2,0,2
72,-531060.8067,-1259715.42,Age0_F72_m80f80_P72_Y7_UO3725,ID80_F81_m5f5_P81_Y4_UO380,I80_F81_m47f47_P81_Y1_UO2215,MXY,0,0.0,0,0,0.0,0,0,0,0.0,0.5625,1,P4_CV0,2,0,2,2,0,0,2,0,2
72,-531060.8067,-1259715.42,Age0_F72_m80f80_P72_Y7_UO3732,I80_F72_m5f5_P81_Y4_UO384,ID80_F72_m80f80_P72_Y3_UO3695,FXX,0,0.0,0,0,0.0,0,0,0,0.0,0.8125,1,P4_CV0,2,2,0,0,2,0,2,0,2
72,-531060.8067,-1259715.42,Age0_F72_m80f80_P72_Y7_UO3738,I80_F81_m5f5_P81_Y3_UO313,I80_F72_m-1f-1_P5_Y-1_U190,MXY,0,0.0,0,0,0.0,0,0,0,0.0,0.3125,1,P4_CV0,2,1,1,1,1,0,2,0,2
72,-531060.8067,-1259715.42,Age0_F72_m80f80_P72_Y7_UO3750,I80_F72_m80f80_P81_Y3_UO3688,ID80_F72_m5f5_P81_Y0_UO358,MXY,0,0.0,0,0,0.0,0,0,0,0.0,0.6875,1,P4_CV0,2,1,1,2,0,0,2,0,2
72,-531060.8067,-1259715.42,Age0_F72_m80f80_P72_Y7_UO3757,I80_F81_m94f94_P81_Y2_UO4399,ID80_F81_m5f5_P81_Y1_UO283,FXX,0,0.0,0,0,0.0,0,0,0,0.0,0.875,1,P4_CV0,2,2,0,1,1,0,2,0,2
72,-531060.8067,-1259715.42,E72_F80_m5f5_P72_Y6_UO308,ID5_F81_m80f80_P81_Y4_UO3690,ID5_F81_m-1f-1_P5_Y-1_U230,MXY,1,0.0,1,1,0.0,0,0,0,-9999.0,0.5625,1,P4_CV0,2,1,1,0,2,0,2,0,2
72,-531060.8067,-1259715.42,E72_F80_m5f5_P72_Y6_UO311,I5_F72_m5f5_P81_Y4_UO351,ID5_F81_m-1f-1_P5_Y-1_U230,FXX,1,0.0,1,1,1.0,0,0,0,-9999.0,0.5625,1,P4_CV0,2,2,0,1,1,0,2,0,2
72,-531060.8067,-1259715.42,E72_F80_m5f5_P72_Y6_UO347,I5_F81_m80f80_P81_Y3_UO3669,ID5_F81_m5f5_P81_Y1_UO344,MXY,1,0.0,1,1,0.0,0,0,0,-9999.0,0.1875,1,P4_CV0,2,0,2,1,1,0,2,0,2
72,-531060.8067,-1259715.42,E72_F80_m5f5_P72_Y6_UO365,I5_F81_m80f80_P72_Y2_UO3703,I5_F81_m94f94_P81_Y2_UO4444,FXX,1,0.0,1,1,1.0,0,0,0,-9999.0,0.5625,1,P4_CV0,2,1,1,0,2,0,2,0,2
72,-531060.8067,-1259715.42,E72_F80_m80f80_P72_Y6_UO3702,I80_F81_m80f80_P72_Y4_UO3742,ID80_F81_m94f94_P81_Y4_UO4400,FXX,1,0.0,1,1,1.0,0,0,0,-9999.0,0.59375,1,P4_CV0,2,0,2,1,1,0,2,0,2
72,-531060.8067,-1259715.42,E72_F80_m80f80_P72_Y6_UO3744,I80_F72_m5f5_P81_Y3_UO295,I80_F81_m-1f-1_P5_Y-1_U120,MXY,1,0.0,1,1,0.0,0,0,0,-9999.0,0.3125,1,P4_CV0,2,1,1,1,1,0,2,0,2
72,-531060.8067,-1259715.42,E72_F80_m80f80_P81_Y6_UO3747,I80_F81_m80f80_P72_Y3_UO3672,ID80_F81_m5f5_P81_Y0_UO331,FXX,1,0.0,1,1,1.0,0,0,0,-9999.0,0.6875,1,P4_CV0,2,1,1,1,1,0,2,0,2
72,-531060.8067,-1259715.42,E72_F5_m80f80_P81_Y5_UO3718,ID80_F81_m5f5_P81_Y2_UO357,I80_F72_m-1f-1_P5_Y-1_U116,FXX,2,0.0,1,0,1.0,0,0,0,-9999.0,0.75,1,P4_CV0,2,2,0,0,2,0,2,0,2
72,-531060.8067,-1259715.42,E72_F5_m5f5_P81_Y5_UO292,I5_F81_m5f5_P81_Y3_UO307,I5_F81_m47f47_P81_Y0_UO2497,FXX,2,0.0,1,0,1.0,0,0,0,-9999.0,0.125,1,P4_CV0,2,0,2,1,1,0,2,0,2
72,-531060.8067,-1259715.42,E72_F5_m5f5_P81_Y5_UO411,I5_F72_m-1f-1_P5_Y-1_U171,I5_F81_m80f80_P81_Y2_UO3722,MXY,2,0.0,1,0,0.0,0,0,0,-9999.0,0.75,1,P4_CV0,2,1,1,0,2,0,2,0,2
72,-531060.8067,-1259715.42,E72_F80_m5f5_P72_Y5_UO352,I5_F81_m80f80_P72_Y1_UO3545,ID5_F81_m-1f-1_P5_Y-1_U94,FXX,2,0.0,1,0,1.0,0,0,0,-9999.0,0.25,1,P4_CV0,2,0,2,2,0,0,2,0,2
72,-531060.8067,-1259715.42,E72_F80_m5f5_P81_Y5_UO415,I5_F81_m-1f-1_P5_Y-1_U96,I5_F81_m5f5_P72_Y2_UO331,MXY,2,0.0,1,0,0.0,0,0,0,-9999.0,0.4375,1,P4_CV0,2,1,1,1,1,0,2,0,2
72,-531060.8067,-1259715.42,E72_F80_m5f5_P81_Y5_UO384,I5_F81_m-1f-1_P5_Y-1_U51,I5_F81_m58f58_P81_Y3_UO2768,FXX,2,0.0,1,0,1.0,0,0,0,-9999.0,0.75,1,P4_CV0,2,2,0,1,1,0,2,0,2
72,-531060.8067,-1259715.42,E72_F80_m80f80_P72_Y5_UO3768,I80_F81_m-1f-1_P5_Y-1_U16,I80_F81_m80f80_P81_Y2_UO3681,FXX,2,0.0,1,0,1.0,0,0,0,-9999.0,0.3125,1,P4_CV0,2,1,1,2,0,0,2,0,2
72,-531060.8067,-1259715.42,E72_F80_m80f80_P81_Y5_UO3755,I80_F81_m-1f-1_P80_Y-1_U8,I80_F72_m80f80_P72_Y3_UO3659,FXX,2,0.0,1,0,1.0,0,0,0,-9999.0,0.625,1,P4_CV0,2,2,0,0,2,0,2,0,2
72,-531060.8067,-1259715.42,E72_F5_m5f5_P81_Y4_UO344,I5_F81_m94f94_P81_Y0_UO4778,ID5_F72_m-1f-1_P5_Y-1_U26,MXY,3,0.0,1,0,0.0,0,0,0,-9999.0,0.75,1,P4_CV0,2,2,0,2,0,0,2,0,2
72,-531060.8067,-1259715.42,E72_F5_m5f5_P81_Y4_UO315,I5_F81_m58f58_P81_Y1_UO2651,I5_F81_m-1f-1_P5_Y-1_U13,MXY,3,0.0,1,0,0.0,0,0,0,-9999.0,0.25,1,P4_CV0,2,1,1,2,0,0,2,0,2
72,-531060.8067,-1259715.42,E72_F80_m5f5_P81_Y4_UO387,I5_F72_m-1f-1_P5_Y-1_U96,I5_F81_m47f47_P81_Y2_UO2319,FXX,3,0.0,1,0,1.0,0,0,0,-9999.0,0.5,1,P4_CV0,2,1,1,0,2,0,2,0,2
72,-531060.8067,-1259715.42,E72_F80_m80f80_P72_Y4_UO3729,I80_F72_m-1f-1_P5_Y-1_U236,I80_F81_m5f5_P72_Y2_UO297,MXY,3,0.0,1,0,0.0,0,0,0,-9999.0,0.8125,1,P4_CV0,2,1,1,0,2,0,2,0,2
72,-531060.8067,-1259715.42,E72_F80_m5f5_P81_Y4_UO380,ID5_F81_m-1f-1_P5_Y-1_U155,I5_F81_m80f80_P72_Y0_UO3967,FXX,3,0.0,1,0,1.0,0,0,0,-9999.0,0.625,1,P4_CV0,2,1,1,1,1,0,2,0,2
72,-531060.8067,-1259715.42,E72_F80_m80f80_P72_Y4_UO3655,I80_F72_m5f5_P81_Y2_UO295,I80_F81_m-1f-1_P80_Y-1_U48,MXY,3,0.0,1,0,0.0,0,0,0,-9999.0,0.375,1,P4_CV0,2,2,0,2,0,0,2,0,2
72,-531060.8067,-1259715.42,E72_F80_m80f80_P81_Y4_UO3716,ID80_F81_m-1f-1_P5_Y-1_U154,I80_F72_m-1f-1_P5_Y-1_U100,MXY,3,0.0,1,0,0.0,0,0,0,-9999.0,0.25,1,P4_CV0,2,1,1,1,1,0,2,0,2
72,-531060.8067,-1259715.42,E72_F80_m5f5_P81_Y4_UO384,I5_F81_m-1f-1_P5_Y-1_U139,I5_F81_m-1f-1_P5_Y-1_U197,FXX,3,0.0,1,0,1.0,0,0,0,-9999.0,1.0,1,P4_CV0,2,2,0,0,2,0,2,0,2
72,-531060.8067,-1259715.42,E72_F80_m5f5_P72_Y4_UO379,ID5_F81_m-1f-1_P5_Y-1_U171,I5_F81_m-1f-1_P5_Y-1_U230,MXY,3,0.0,1,0,0.0,0,0,0,-9999.0,0.5,1,P4_CV0,2,1,1,1,1,0,2,0,2
72,-531060.8067,-1259715.42,E72_F80_m5f5_P81_Y3_UO313,I5_F81_m5f5_P81_Y0_UO352,I5_F81_m-1f-1_P5_Y-1_U219,FXX,4,0.0,1,0,1.0,0,0,0,-9999.0,0.125,1,P4_CV0,2,1,1,2,0,0,2,0,2
72,-531060.8067,-1259715.42,E72_F80_m80f80_P81_Y3_UO3688,I80_F81_m80f80_P81_Y0_UO4001,I80_F72_m80f80_P81_Y1_UO3538,FXX,4,0.0,1,0,1.0,0,0,0,-9999.0,0.625,1,P4_CV0,2,1,1,1,1,0,2,0,2
72,-531060.8067,-1259715.42,E72_F5_m5f5_P81_Y2_UO346,I5_F81_m-1f-1_P5_Y-1_U152,I5_F81_m-1f-1_P5_Y-1_U232,MXY,5,0.0,1,0,0.0,0,0,0,-9999.0,0.0,1,P4_CV0,2,0,2,2,0,0,2,0,2
72,-531060.8067,-1259715.42,E72_F80_m5f5_P81_Y1_UO343,ID5_F64_m-1f-1_P95_Y-1_U66,I5_F81_m-1f-1_P5_Y-1_U230,MXY,6,0.0,1,0,0.0,0,0,0,-9999.0,0.75,1,P4_CV0,2,1,1,2,0,0,2,0,2
72,-531060.8067,-1259715.42,E72_F80_m5f5_P72_Y1_UO274,I5_F81_m-1f-1_P5_Y-1_U233,I5_F81_m-1f-1_P5_Y-1_U196,FXX,6,0.0,1,0,1.0,0,0,0,-9999.0,0.5,1,P4_CV0,2,1,1,0,2,0,2,0,2
72,-531060.8067,-1259715.42,E72_F5_m5f5_P81_Y0_UO355,R5_F5_m-1f-1_P5_Y-1_U154,R5_F5_m-1f-1_P5_Y-1_U3,FXX,7,0.0,1,0,1.0,0,0,0,-9999.0,0.25,1,P4_CV0,2,0,2,1,1,0,2,0,2
72,-531060.8067,-1259715.42,E72_F80_m5f5_P81_Y0_UO358,R5_F5_m-1f-1_P5_Y-1_U161,R5_F5_m-1f-1_P5_Y-1_U130,MXY,7,0.0,1,0,0.0,0,0,0,-9999.0,0.75,1,P4_CV0,2,2,0,1,1,0,2,0,2
72,-531060.8067,-1259715.42,E72_F5_m-1f-1_P5_Y-1_U207,-9999,-9999,FXX,9,0.0,1,0,1.0,0,0,0,-9999.0,0.0,1,P4_CV0,2,0,2,1,1,0,2,0,2
72,-531060.8067,-1259715.42,E72_F5_m-1f-1_P5_Y-1_U37,-9999,-9999,FXX,11,0.0,1,0,1.0,0,0,0,-9999.0,0.5,1,P4_CV0,2,1,1,1,1,0,2,0,2
72,-531060.8067,-1259715.42,E72_F80_m-1f-1_P5_Y-1_U236,-9999,-9999,FXX,12,0.0,1,0,1.0,0,0,0,-9999.0,1.0,1,P4_CV0,2,2,0,0,2,0,2,0,2
72,-531060.8067,-1259715.42,E72_F5_m-1f-1_P5_Y-1_U1,-9999,-9999,FXX,14,0.0,1,0,1.0,0,0,0,-9999.0,0.5,1,P4_CV0,2,1,1,2,0,0,2,0,2
72,-531060.8067,-1259715.42,E72_F80_m-1f-1_P5_Y-1_U108,-9999,-9999,FXX,14,0.0,1,0,1.0,0,0,0,-9999.0,0.5,1,P4_CV0,2,1,1,1,1,0,2,0,2
72,-531060.8067,-1259715.42,E72_F80_m-1f-1_P5_Y-1_U16,-9999,-9999,FXX,15,0.0,1,0,1.0,0,0,0,-9999.0,0.0,1,P4_CV0,2,0,2,1,1,0,2,0,2
72,-531060.8067,-1259715.42,Age0_F72_m5f5_P72_Y7_UO395,ID5_F81_m5f5_P81_Y1_UO331,I5_F72_m94f94_P81_Y5_UO4410,FXX,0,0.0,0,0,0.0,0,0,0,0.0,0.375,1,P57_CV0,2,1,1,2,0,0,2,0,2
72,-531060.8067,-1259715.42,Age0_F72_m5f5_P72_Y7_UO405,I5_F81_m-1f-1_P94_Y-1_U196,I5_F81_m5f5_P81_Y3_UO365,FXX,0,0.0,0,0,0.0,0,0,0,0.0,0.25,1,P57_CV0,2,0,2,1,1,0,2,0,2
72,-531060.8067,-1259715.42,Age0_F72_m58f58_P72_Y7_UO2737,I58_F81_m42f42_P99_Y1_UO1865,ID58_F99_m42f42_P99_Y3_UO2026,MXY,0,0.0,0,0,0.0,0,0,0,0.0,0.0,1,P57_CV0,2,0,2,0,2,0,2,0,2
72,-531060.8067,-1259715.42,Age0_F72_m58f58_P72_Y7_UO2754,ID58_F6_m-1f-1_P58_Y-1_U10,ID58_F99_m42f42_P99_Y3_UO2026,MXY,0,0.0,0,0,0.0,0,0,0,0.0,0.25,1,P57_CV0,2,0,2,0,2,0,2,0,2
72,-531060.8067,-1259715.42,Age0_F72_m80f80_P72_Y7_UO3711,I80_F81_m80f80_P81_Y5_UO3755,I80_F81_m94f94_P81_Y5_UO4443,FXX,0,0.0,0,0,0.0,0,0,0,0.0,0.5625,1,P57_CV0,2,2,0,0,2,0,2,0,2
72,-531060.8067,-1259715.42,Age0_F72_m80f80_P72_Y7_UO3740,I80_F81_m58f58_P72_Y3_UO2747,ID80_F81_m94f94_P81_Y4_UO4417,MXY,0,0.0,0,0,0.0,0,0,0,0.0,0.75,1,P57_CV0,2,2,0,2,0,0,2,0,2
72,-531060.8067,-1259715.42,Age0_F72_m80f80_P72_Y7_UO3759,ID80_F81_m58f58_P72_Y2_UO2761,I80_F72_m5f5_P81_Y4_UO372,MXY,0,0.0,0,0,0.0,0,0,0,0.0,0.40625,1,P57_CV0,2,1,1,1,1,0,2,0,2
72,-531060.8067,-1259715.42,Age0_F72_m80f80_P72_Y7_UO3763,I80_F81_m58f58_P81_Y2_UO2779,ID80_F81_m5f5_P81_Y4_UO358,FXX,0,0.0,0,0,0.0,0,0,0,0.0,0.65625,1,P57_CV0,2,2,0,1,1,0,2,0,2
72,-531060.8067,-1259715.42,Age0_F72_m80f80_P72_Y7_UO3798,I80_F81_m-1f-1_P5_Y-1_U108,ID80_F81_m80f80_P72_Y4_UO3642,MXY,0,0.0,0,0,0.0,0,0,0,0.0,0.375,1,P57_CV0,2,1,1,0,2,0,2,0,2
72,-531060.8067,-1259715.42,E72_F5_m5f5_P81_Y6_UO316,I5_F81_m5f5_P72_Y4_UO297,I5_F81_m-1f-1_P5_Y-1_U103,FXX,1,0.0,1,1,1.0,0,0,0,-9999.0,0.375,1,P57_CV0,2,1,1,1,1,0,2,0,2
72,-531060.8067,-1259715.42,E72_F5_m5f5_P81_Y6_UO349,ID5_F72_m58f58_P81_Y3_UO2728,I5_F72_m-1f-1_P80_Y-1_U27,FXX,1,0.0,1,1,1.0,0,0,0,-9999.0,0.625,1,P57_CV0,2,1,1,2,0,0,2,0,2
72,-531060.8067,-1259715.42,E72_F5_m5f5_P81_Y6_UO401,I5_F81_m-1f-1_P80_Y-1_U97,I5_F72_m58f58_P81_Y2_UO2739,MXY,1,0.0,1,1,0.0,0,0,0,-9999.0,0.5,1,P57_CV0,2,2,0,2,0,0,2,0,2
72,-531060.8067,-1259715.42,E72_F80_m5f5_P72_Y6_UO302,ID5_F72_m58f58_P81_Y4_UO2722,I5_F81_m94f94_P81_Y0_UO4730,MXY,1,0.0,1,1,0.0,0,0,0,-9999.0,0.5,1,P57_CV0,2,1,1,0,2,0,2,0,2
72,-531060.8067,-1259715.42,E72_F80_m5f5_P72_Y6_UO364,I5_F81_m58f58_P81_Y2_UO2722,I5_F72_m5f5_P81_Y4_UO285,FXX,1,0.0,1,1,1.0,0,0,0,-9999.0,0.53125,1,P57_CV0,2,0,2,1,1,0,2,0,2
72,-531060.8067,-1259715.42,E72_F80_m80f80_P72_Y6_UO3750,I80_F81_m47f47_P81_Y3_UO2332,I80_F81_m-1f-1_P58_Y-1_U3,MXY,1,0.0,1,1,0.0,0,0,0,-9999.0,0.25,1,P57_CV0,2,1,1,0,2,0,2,0,2
72,-531060.8067,-1259715.42,E72_F80_m5f5_P81_Y6_UO387,I5_F81_m47f47_P81_Y0_UO2474,ID5_F72_m80f80_P81_Y4_UO3635,MXY,1,0.0,1,1,0.0,0,0,0,-9999.0,0.46875,1,P57_CV0,2,1,1,1,1,0,2,0,2
72,-531060.8067,-1259715.42,E72_F80_m80f80_P81_Y6_UO3739,I80_F72_m58f58_P81_Y3_UO2720,I80_F72_m58f58_P81_Y3_UO2764,FXX,1,0.0,1,1,1.0,0,0,0,-9999.0,0.5,1,P57_CV0,2,1,1,1,1,0,2,0,2
72,-531060.8067,-1259715.42,E72_F80_m80f80_P81_Y6_UO3756,I80_F72_m5f5_P81_Y2_UO299,I80_F81_m58f58_P81_Y4_UO2713,MXY,1,0.0,1,1,0.0,0,0,0,-9999.0,0.3125,1,P57_CV0,2,0,2,1,1,0,2,0,2
72,-531060.8067,-1259715.42,E72_F5_m80f80_P81_Y5_UO3703,I80_F72_m5f5_P81_Y2_UO295,I80_F81_m58f58_P81_Y1_UO2665,FXX,2,0.0,1,0,1.0,0,0,0,-9999.0,0.5,1,P57_CV0,2,2,0,2,0,0,2,0,2
72,-531060.8067,-1259715.42,E72_F80_m5f5_P81_Y5_UO306,I5_F81_m58f58_P81_Y3_UO2743,I5_F81_m58f58_P81_Y3_UO2775,MXY,2,0.0,1,0,0.0,0,0,0,-9999.0,0.5,1,P57_CV0,2,1,1,0,2,0,2,0,2
72,-531060.8067,-1259715.42,E72_F80_m5f5_P81_Y5_UO366,ID5_F81_m94f94_P81_Y0_UO4716,I5_F81_m-1f-1_P58_Y-1_U69,MXY,2,0.0,1,0,0.0,0,0,0,-9999.0,0.0,1,P57_CV0,2,0,2,2,0,0,2,0,2
72,-531060.8067,-1259715.42,E72_F80_m5f5_P81_Y5_UO343,I5_F81_m58f58_P81_Y2_UO2722,I5_F81_m47f47_P81_Y0_UO2488,MXY,2,0.0,1,0,0.0,0,0,0,-9999.0,0.625,1,P57_CV0,2,1,1,0,2,0,2,0,2
72,-531060.8067,-1259715.42,E72_F80_m80f80_P81_Y5_UO3752,I80_F81_m-1f-1_P5_Y-1_U154,ID80_F81_m58f58_P81_Y1_UO2638,MXY,2,0.0,1,0,0.0,0,0,0,-9999.0,0.75,1,P57_CV0,2,2,0,0,2,0,2,0,2
72,-531060.8067,-1259715.42,E72_F80_m5f5_P81_Y4_UO308,I5_F81_m58f58_P81_Y1_UO2637,I5_F81_m5f5_P72_Y1_UO313,MXY,3,0.0,1,0,0.0,0,0,0,-9999.0,0.375,1,P57_CV0,2,1,1,2,0,0,2,0,2
72,-531060.8067,-1259715.42,E72_F5_m5f5_P81_Y3_UO365,I5_F72_m-1f-1_P5_Y-1_U166,I5_F81_m-1f-1_P58_Y-1_U21,MXY,4,0.0,1,0,0.0,0,0,0,-9999.0,0.5,1,P57_CV0,2,1,1,1,1,0,2,0,2
72,-531060.8067,-1259715.42,E72_F5_m58f58_P81_Y3_UO2728,I58_F99_m-1f-1_P42_Y-1_U66,ID58_F99_m-1f-1_P58_Y-1_U248,FXX,4,0.0,1,0,1.0,0,0,0,-9999.0,0.25,1,P57_CV0,2,0,2,2,0,0,2,0,2
72,-531060.8067,-1259715.42,E72_F80_m58f58_P72_Y3_UO2747,I58_F81_m-1f-1_P58_Y-1_U115,I58_F99_m-1f-1_P58_Y-1_U150,FXX,4,0.0,1,0,1.0,0,0,0,-9999.0,0.75,1,P57_CV0,2,1,1,1,1,0,2,0,2
72,-531060.8067,-1259715.42,E72_F80_m80f80_P81_Y3_UO3726,I80_F81_m-1f-1_P5_Y-1_U72,I80_F81_m58f58_P81_Y0_UO3007,MXY,4,0.0,1,0,0.0,0,0,0,-9999.0,0.625,1,P57_CV0,2,1,1,2,0,0,2,0,2
72,-531060.8067,-1259715.42,E72_F5_m5f5_P81_Y2_UO364,I5_F81_m-1f-1_P5_Y-1_U20,ID5_F81_m-1f-1_P58_Y-1_U21,FXX,5,0.0,1,0,1.0,0,0,0,-9999.0,0.0,1,P57_CV0,2,0,2,1,1,0,2,0,2
72,-531060.8067,-1259715.42,E72_F80_m58f58_P72_Y2_UO2761,I58_F99_m-1f-1_P58_Y-1_U5,I58_F81_m5f5_P81_Y0_UO317,FXX,5,0.0,1,0,1.0,0,0,0,-9999.0,0.125,1,P57_CV0,2,1,1,2,0,0,2,0,2
72,-531060.8067,-1259715.42,E72_F80_m58f58_P81_Y2_UO2779,I58_F81_m-1f-1_P58_Y-1_U120,I58_F81_m-1f-1_P58_Y-1_U19,FXX,5,0.0,1,0,1.0,0,0,0,-9999.0,0.75,1,P57_CV0,2,2,0,1,1,0,2,0,2
72,-531060.8067,-1259715.42,E72_F94_m58f58_P81_Y2_UO2749,I58_F81_m-1f-1_P58_Y-1_U12,ID58_F81_m5f5_P72_Y0_UO304,MXY,5,0.0,1,0,0.0,0,0,0,-9999.0,0.625,1,P57_CV0,2,1,1,1,1,0,2,0,2
72,-531060.8067,-1259715.42,E72_F5_m58f58_P81_Y1_UO2651,I58_F99_m-1f-1_P58_Y-1_U232,I58_F81_m-1f-1_P58_Y-1_U21,FXX,6,0.0,1,0,1.0,0,0,0,-9999.0,0.0,1,P57_CV0,2,0,2,2,0,0,2,0,2
72,-531060.8067,-1259715.42,E72_F5_m5f5_P81_Y1_UO331,ID5_F99_m-1f-1_P58_Y-1_U1,I5_F72_m-1f-1_P5_Y-1_U122,FXX,6,0.0,1,0,1.0,0,0,0,-9999.0,0.5,1,P57_CV0,2,1,1,2,0,0,2,0,2
72,-531060.8067,-1259715.42,E72_F80_m58f58_P81_Y1_UO2602,ID58_F91_m-1f-1_P94_Y-1_U222,I58_F27_m-1f-1_P58_Y-1_U50,MXY,6,0.0,1,0,0.0,0,0,0,-9999.0,0.75,1,P57_CV0,2,2,0,0,2,0,2,0,2
72,-531060.8067,-1259715.42,E72_F80_m58f58_P81_Y1_UO2604,I58_F99_m-1f-1_P58_Y-1_U35,I58_F99_m-1f-1_P58_Y-1_U164,FXX,6,0.0,1,0,1.0,0,0,0,-9999.0,0.5,1,P57_CV0,2,2,0,2,0,0,2,0,2
72,-531060.8067,-1259715.42,E72_F58_m58f58_P99_Y0_UO2947,R58_F58_m-1f-1_P58_Y-1_U42,R58_F58_m-1f-1_P58_Y-1_U45,FXX,7,0.0,1,0,1.0,0,0,0,-9999.0,0.25,1,P57_CV0,2,0,2,1,1,0,2,0,2
72,-531060.8067,-1259715.42,E72_F80_m58f58_P81_Y0_UO2965,R58_F58_m-1f-1_P58_Y-1_U90,R58_F58_m-1f-1_P58_Y-1_U126,FXX,7,0.0,1,0,1.0,0,0,0,-9999.0,0.25,1,P57_CV0,2,1,1,1,1,0,2,0,2
72,-531060.8067,-1259715.42,E72_F5_m-1f-1_P58_Y-1_U128,-9999,-9999,MXY,9,0.0,1,0,0.0,0,0,0,-9999.0,0.5,1,P57_CV0,2,1,1,1,1,0,2,0,2
72,-531060.8067,-1259715.42,E72_F58_m-1f-1_P58_Y-1_U10,-9999,-9999,FXX,9,0.0,1,0,1.0,0,0,0,-9999.0,0.5,1,P57_CV0,2,1,1,1,1,0,2,0,2
72,-531060.8067,-1259715.42,E72_F5_m-1f-1_P58_Y-1_U185,-9999,-9999,FXX,13,0.0,1,0,1.0,0,0,0,-9999.0,1.0,1,P57_CV0,2,2,0,1,1,0,2,0,2
72,-531060.8067,-1259715.42,Age0_F72_m5f5_P72_Y7_UO318,ID5_F81_m80f80_P81_Y5_UO3759,I5_F81_m80f80_P72_Y4_UO3668,FXX,0,0.0,0,0,0.0,0,0,0,0.0,0.65625,1,P79_CV0,2,2,0,1,1,0,2,0,2
72,-531060.8067,-1259715.42,Age0_F72_m5f5_P72_Y7_UO363,I5_F81_m58f58_P81_Y3_UO2728,I5_F81_m-1f-1_P80_Y-1_U130,FXX,0,0.0,0,0,0.0,0,0,0,0.0,0.125,1,P79_CV0,2,0,2,1,1,0,2,0,2
72,-531060.8067,-1259715.42,Age0_F72_m5f5_P72_Y7_UO412,I5_F81_m-1f-1_P80_Y-1_U239,I5_F81_m80f80_P72_Y0_UO3950,FXX,0,0.0,0,0,0.0,0,0,0,0.0,0.625,1,P79_CV0,2,2,0,0,2,0,2,0,2
72,-531060.8067,-1259715.42,Age0_F72_m80f80_P72_Y7_UO3679,I80_F72_m5f5_P81_Y5_UO375,I80_F81_m5f5_P81_Y4_UO353,FXX,0,0.0,0,0,0.0,0,0,0,0.0,0.375,1,P79_CV0,2,0,2,2,0,0,2,0,2
72,-531060.8067,-1259715.42,Age0_F72_m80f80_P72_Y7_UO3692,ID80_F81_m80f80_P72_Y5_UO3768,ID80_F81_m5f5_P81_Y4_UO358,FXX,0,0.0,0,0,0.0,0,0,0,0.0,0.4375,1,P79_CV0,2,1,1,1,1,0,2,0,2
72,-531060.8067,-1259715.42,Age0_F72_m80f80_P72_Y7_UO3696,I80_F81_m5f5_P81_Y5_UO299,I80_F72_m80f80_P81_Y3_UO3725,MXY,0,0.0,0,0,0.0,0,0,0,0.0,0.5625,1,P79_CV0,2,0,2,1,1,0,2,0,2
72,-531060.8067,-1259715.42,Age0_F72_m80f80_P72_Y7_UO3707,I80_F81_m5f5_P81_Y5_UO385,I80_F72_m94f94_P81_Y1_UO4241,FXX,0,0.0,0,0,0.0,0,0,0,0.0,0.5,1,P79_CV0,2,1,1,0,2,0,2,0,2
72,-531060.8067,-1259715.42,Age0_F72_m80f80_P72_Y7_UO3723,I80_F81_m5f5_P81_Y4_UO306,I80_F81_m80f80_P81_Y4_UO3669,FXX,0,0.0,0,0,0.0,0,0,0,0.0,0.625,1,P79_CV0,2,1,1,2,0,0,2,0,2
72,-531060.8067,-1259715.42,Age0_F72_m80f80_P72_Y7_UO3730,I80_F81_m5f5_P81_Y4_UO324,ID80_F81_m80f80_P72_Y4_UO3696,MXY,0,0.0,0,0,0.0,0,0,0,0.0,0.625,1,P79_CV0,2,1,1,0,2,0,2,0,2
72,-531060.8067,-1259715.42,Age0_F72_m80f80_P72_Y7_UO3734,I80_F72_m80f80_P72_Y4_UO3726,I80_F72_m80f80_P81_Y5_UO3763,FXX,0,0.0,0,0,0.0,0,0,0,0.0,0.75,1,P79_CV0,2,1,1,2,0,0,2,0,2
72,-531060.8067,-1259715.42,Age0_F72_m80f80_P72_Y7_UO3739,ID80_F81_m80f80_P81_Y3_UO3721,I80_F72_m5f5_P81_Y4_UO372,MXY,0,0.0,0,0,0.0,0,0,0,0.0,0.71875,1,P79_CV0,2,2,0,1,1,0,2,0,2
72,-531060.8067,-1259715.42,Age0_F72_m80f80_P72_Y7_UO3746,ID80_F72_m80f80_P72_Y3_UO3738,ID80_F81_m5f5_P81_Y5_UO360,MXY,0,0.0,0,0,0.0,0,0,0,0.0,0.875,1,P79_CV0,2,2,0,1,1,0,2,0,2
72,-531060.8067,-1259715.42,Age0_F72_m80f80_P72_Y7_UO3748,ID80_F72_m80f80_P81_Y3_UO3719,I80_F72_m5f5_P81_Y3_UO303,FXX,0,0.0,0,0,0.0,0,0,0,0.0,0.6875,1,P79_CV0,2,1,1,1,1,0,2,0,2
72,-531060.8067,-1259715.42,Age0_F72_m80f80_P72_Y7_UO3751,ID80_F81_m80f80_P81_Y3_UO3689,ID80_F81_m80f80_P72_Y4_UO3642,MXY,0,0.0,0,0,0.0,0,0,0,0.0,0.1875,1,P79_CV0,2,0,2,1,1,0,2,0,2
72,-531060.8067,-1259715.42,Age0_F72_m80f80_P72_Y7_UO3753,I80_F72_m5f5_P72_Y3_UO296,I80_F72_m80f80_P72_Y4_UO3729,FXX,0,0.0,0,0,0.0,0,0,0,0.0,0.65625,1,P79_CV0,2,1,1,1,1,0,2,0,2
72,-531060.8067,-1259715.42,Age0_F72_m80f80_P72_Y7_UO3758,I80_F72_m80f80_P81_Y2_UO3697,I80_F81_m94f94_P81_Y5_UO4455,MXY,0,0.0,0,0,0.0,0,0,0,0.0,0.5625,1,P79_CV0,2,0,2,2,0,0,2,0,2
72,-531060.8067,-1259715.42,Age0_F72_m80f80_P72_Y7_UO3764,I80_F81_m80f80_P81_Y2_UO3741,I80_F72_m47f47_P81_Y1_UO2218,FXX,0,0.0,0,0,0.0,0,0,0,0.0,0.5,1,P79_CV0,2,1,1,1,1,0,2,0,2
72,-531060.8067,-1259715.42,Age0_F72_m80f80_P72_Y7_UO3770,ID80_F81_m80f80_P72_Y1_UO3545,I80_F72_m80f80_P72_Y3_UO3664,MXY,0,0.0,0,0,0.0,0,0,0,0.0,0.4375,1,P79_CV0,2,0,2,2,0,0,2,0,2
72,-531060.8067,-1259715.42,Age0_F72_m80f80_P72_Y7_UO3778,ID80_F72_m80f80_P81_Y0_UO3945,ID80_F81_m5f5_P81_Y1_UO283,MXY,0,0.0,0,0,0.0,0,0,0,0.0,0.5,1,P79_CV0,2,2,0,2,0,0,2,0,2
72,-531060.8067,-1259715.42,Age0_F72_m80f80_P72_Y7_UO3779,I80_F72_m58f58_P81_Y0_UO2965,I80_F81_m80f80_P81_Y1_UO3539,MXY,0,0.0,0,0,0.0,0,0,0,0.0,0.25,1,P79_CV0,2,1,1,1,1,0,2,0,2
72,-531060.8067,-1259715.42,Age0_F72_m80f80_P72_Y7_UO3793,I80_F81_m-1f-1_P5_Y-1_U236,ID80_F81_m80f80_P72_Y3_UO3708,MXY,0,0.0,0,0,0.0,0,0,0,0.0,0.6875,1,P79_CV0,2,1,1,0,2,0,2,0,2
72,-531060.8067,-1259715.42,Age0_F72_m80f80_P72_Y7_UO3795,I80_F72_m-1f-1_P80_Y-1_U204,I80_F81_m47f47_P81_Y5_UO2331,FXX,0,0.0,0,0,0.0,0,0,0,0.0,0.75,1,P79_CV0,2,1,1,1,1,0,2,0,2
72,-531060.8067,-1259715.42,E72_F5_m5f5_P81_Y6_UO399,I5_F81_m-1f-1_P80_Y-1_U123,I5_F72_m-1f-1_P80_Y-1_U193,FXX,1,0.0,1,1,1.0,0,0,0,-9999.0,1.0,1,P79_CV0,2,2,0,1,1,0,2,0,2
72,-531060.8067,-1259715.42,E72_F5_m80f80_P81_Y6_UO3695,I80_F81_m5f5_P72_Y4_UO388,I80_F72_m-1f-1_P80_Y-1_U46,MXY,1,0.0,1,1,0.0,0,0,0,-9999.0,0.25,1,P79_CV0,2,0,2,0,2,0,2,0,2
72,-531060.8067,-1259715.42,E72_F58_m50f50_P99_Y6_UO2497,ID50_F99_m-1f-1_P80_Y-1_U113,I50_F99_m-1f-1_P92_Y-1_U177,MXY,1,0.0,1,1,0.0,0,0,0,-9999.0,0.5,1,P79_CV0,2,1,1,0,2,0,2,0,2
72,-531060.8067,-1259715.42,E72_F58_m92f92_P99_Y6_UO4444,I92_F57_m-1f-1_P90_Y-1_U228,I92_F99_m50f50_P27_Y3_UO2389,MXY,1,0.0,1,1,0.0,0,0,0,-9999.0,0.8125,1,P79_CV0,2,2,0,0,2,0,2,0,2
72,-531060.8067,-1259715.42,E72_F80_m5f5_P72_Y6_UO339,ID5_F81_m5f5_P81_Y3_UO294,I5_F81_m5f5_P81_Y0_UO343,MXY,1,0.0,1,1,0.0,0,0,0,-9999.0,0.375,1,P79_CV0,2,0,2,1,1,0,2,0,2
72,-531060.8067,-1259715.42,E72_F80_m5f5_P72_Y6_UO390,I5_F72_m80f80_P81_Y0_UO4008,I5_F81_m-1f-1_P5_Y-1_U35,FXX,1,0.0,1,1,1.0,0,0,0,-9999.0,0.75,1,P79_CV0,2,2,0,0,2,0,2,0,2
72,-531060.8067,-1259715.42,E72_F80_m5f5_P72_Y6_UO393,I5_F81_m58f58_P81_Y0_UO2943,I5_F72_m80f80_P72_Y0_UO4014,FXX,1,0.0,1,1,1.0,0,0,0,-9999.0,0.625,1,P79_CV0,2,2,0,0,2,0,2,0,2
72,-531060.8067,-1259715.42,E72_F80_m80f80_P72_Y6_UO3741,I80_F72_m80f80_P81_Y3_UO3719,I80_F81_m80f80_P72_Y4_UO3692,MXY,1,0.0,1,1,0.0,0,0,0,-9999.0,0.5,1,P79_CV0,2,0,2,1,1,0,2,0,2
72,-531060.8067,-1259715.42,E72_F80_m80f80_P72_Y6_UO3785,I80_F81_m80f80_P81_Y0_UO4006,I80_F81_m80f80_P72_Y1_UO3520,MXY,1,0.0,1,1,0.0,0,0,0,-9999.0,0.5,1,P79_CV0,2,2,0,2,0,0,2,0,2
72,-531060.8067,-1259715.42,E72_F80_m80f80_P72_Y6_UO3798,I80_F81_m-1f-1_P80_Y-1_U164,ID80_F81_m94f94_P81_Y4_UO4417,MXY,1,0.0,1,1,0.0,0,0,0,-9999.0,0.625,1,P79_CV0,2,1,1,1,1,0,2,0,2
72,-531060.8067,-1259715.42,E72_F80_m80f80_P72_Y6_UO3799,I80_F81_m-1f-1_P80_Y-1_U146,I80_F81_m5f5_P81_Y3_UO303,MXY,1,0.0,1,1,0.0,0,0,0,-9999.0,0.375,1,P79_CV0,2,1,1,1,1,0,2,0,2
72,-531060.8067,-1259715.42,E72_F80_m80f80_P72_Y6_UO3805,ID80_F81_m-1f-1_P80_Y-1_U204,I80_F81_m-1f-1_P5_Y-1_U116,FXX,1,0.0,1,1,1.0,0,0,0,-9999.0,0.75,1,P79_CV0,2,1,1,0,2,0,2,0,2
72,-531060.8067,-1259715.42,E72_F80_m5f5_P81_Y6_UO355,ID5_F72_m5f5_P81_Y3_UO349,ID5_F81_m58f58_P81_Y2_UO2795,FXX,1,0.0,1,1,1.0,0,0,0,-9999.0,0.5,1,P79_CV0,2,1,1,1,1,0,2,0,2
72,-531060.8067,-1259715.42,E72_F80_m5f5_P81_Y6_UO374,I5_F81_m80f80_P81_Y2_UO3685,ID5_F72_m80f80_P81_Y3_UO3730,FXX,1,0.0,1,1,1.0,0,0,0,-9999.0,0.6875,1,P79_CV0,2,2,0,2,0,0,2,0,2
72,-531060.8067,-1259715.42,E72_F80_m5f5_P81_Y6_UO392,I5_F81_m80f80_P81_Y0_UO3973,ID5_F81_m58f58_P81_Y3_UO2748,FXX,1,0.0,1,1,1.0,0,0,0,-9999.0,0.375,1,P79_CV0,2,0,2,2,0,0,2,0,2
72,-531060.8067,-1259715.42,E72_F80_m58f58_P81_Y6_UO2746,ID58_F72_m5f5_P81_Y2_UO305,I58_F81_m5f5_P81_Y4_UO314,MXY,1,0.0,1,1,0.0,0,0,0,-9999.0,0.53125,1,P79_CV0,2,1,1,2,0,0,2,0,2
72,-531060.8067,-1259715.42,E72_F80_m80f80_P81_Y6_UO3713,I80_F72_m80f80_P81_Y4_UO3647,I80_F72_m80f80_P72_Y4_UO3708,MXY,1,0.0,1,1,0.0,0,0,0,-9999.0,0.46875,1,P79_CV0,2,0,2,0,2,0,2,0,2
72,-531060.8067,-1259715.42,E72_F80_m80f80_P81_Y6_UO3730,ID80_F81_m5f5_P81_Y4_UO295,I80_F81_m47f47_P81_Y1_UO2215,FXX,1,0.0,1,1,1.0,0,0,0,-9999.0,0.5,1,P79_CV0,2,1,1,1,1,0,2,0,2
72,-531060.8067,-1259715.42,E72_F80_m80f80_P81_Y6_UO3760,I80_F72_m80f80_P81_Y2_UO3741,I80_F81_m5f5_P81_Y0_UO358,FXX,1,0.0,1,1,1.0,0,0,0,-9999.0,0.5,1,P79_CV0,2,1,1,0,2,0,2,0,2
72,-531060.8067,-1259715.42,E72_F80_m80f80_P81_Y6_UO3780,I80_F81_m80f80_P72_Y1_UO3527,I80_F72_m80f80_P72_Y4_UO3708,FXX,1,0.0,1,1,1.0,0,0,0,-9999.0,0.46875,1,P79_CV0,2,0,2,0,2,0,2,0,2
72,-531060.8067,-1259715.42,E72_F80_m80f80_P81_Y6_UO3810,ID80_F81_m-1f-1_P80_Y-1_U202,ID80_F81_m94f94_P81_Y2_UO4391,FXX,1,0.0,1,1,1.0,0,0,0,-9999.0,0.625,1,P79_CV0,2,1,1,0,2,0,2,0,2
72,-531060.8067,-1259715.42,E72_F5_m80f80_P81_Y5_UO3759,I80_F81_m-1f-1_P80_Y-1_U220,I80_F81_m-1f-1_P5_Y-1_U238,FXX,2,0.0,1,0,1.0,0,0,0,-9999.0,0.75,1,P79_CV0,2,1,1,2,0,0,2,0,2
72,-531060.8067,-1259715.42,E72_F5_m5f5_P81_Y5_UO338,I5_F81_m5f5_P81_Y2_UO326,I5_F81_m58f58_P81_Y2_UO2739,MXY,2,0.0,1,0,0.0,0,0,0,-9999.0,0.5,1,P79_CV0,2,1,1,2,0,0,2,0,2
72,-531060.8067,-1259715.42,E72_F80_m80f80_P72_Y5_UO3660,I80_F81_m80f80_P72_Y3_UO3738,ID80_F72_m80f80_P72_Y3_UO3704,MXY,2,0.0,1,0,0.0,0,0,0,-9999.0,0.9375,1,P79_CV0,2,2,0,0,2,0,2,0,2
72,-531060.8067,-1259715.42,E72_F80_m80f80_P81_Y5_UO3763,I80_F72_m-1f-1_P80_Y-1_U36,ID80_F81_m-1f-1_P17_Y-1_U6,MXY,2,0.0,1,0,0.0,0,0,0,-9999.0,0.75,1,P79_CV0,2,1,1,1,1,0,2,0,2
72,-531060.8067,-1259715.42,E72_F80_m5f5_P81_Y5_UO405,I5_F72_m-1f-1_P80_Y-1_U204,ID5_F72_m80f80_P81_Y2_UO3698,FXX,2,0.0,1,0,1.0,0,0,0,-9999.0,0.75,1,P79_CV0,2,2,0,1,1,0,2,0,2
72,-531060.8067,-1259715.42,E72_F80_m5f5_P81_Y5_UO294,I5_F81_m80f80_P81_Y3_UO3689,I5_F81_m5f5_P81_Y3_UO355,FXX,2,0.0,1,0,1.0,0,0,0,-9999.0,0.1875,1,P79_CV0,2,0,2,2,0,0,2,0,2
72,-531060.8067,-1259715.42,E72_F80_m5f5_P81_Y5_UO385,I5_F81_m-1f-1_P80_Y-1_U67,I5_F81_m5f5_P81_Y3_UO371,FXX,2,0.0,1,0,1.0,0,0,0,-9999.0,0.5,1,P79_CV0,2,1,1,1,1,0,2,0,2
72,-531060.8067,-1259715.42,E72_F80_m5f5_P72_Y4_UO291,I5_F81_m80f80_P81_Y2_UO3679,ID5_F81_m-1f-1_P80_Y-1_U130,MXY,3,0.0,1,0,0.0,0,0,0,-9999.0,0.1875,1,P79_CV0,2,0,2,1,1,0,2,0,2
72,-531060.8067,-1259715.42,E72_F80_m5f5_P81_Y4_UO305,I5_F81_m94f94_P81_Y2_UO4436,I5_F81_m-1f-1_P80_Y-1_U104,MXY,3,0.0,1,0,0.0,0,0,0,-9999.0,0.75,1,P79_CV0,2,2,0,1,1,0,2,0,2
72,-531060.8067,-1259715.42,E72_F80_m5f5_P81_Y4_UO324,I5_F72_m47f47_P81_Y1_UO2238,I5_F81_m80f80_P81_Y0_UO3941,FXX,3,0.0,1,0,1.0,0,0,0,-9999.0,0.5,1,P79_CV0,2,1,1,1,1,0,2,0,2
72,-531060.8067,-1259715.42,E72_F80_m80f80_P72_Y4_UO3726,I80_F81_m-1f-1_P80_Y-1_U203,I80_F81_m5f5_P81_Y1_UO325,FXX,3,0.0,1,0,1.0,0,0,0,-9999.0,0.75,1,P79_CV0,2,2,0,2,0,0,2,0,2
72,-531060.8067,-1259715.42,E72_F5_m5f5_P81_Y3_UO355,I5_F81_m-1f-1_P5_Y-1_U76,I5_F72_m-1f-1_P80_Y-1_U104,MXY,4,0.0,1,0,0.0,0,0,0,-9999.0,0.25,1,P79_CV0,2,0,2,2,0,0,2,0,2
72,-531060.8067,-1259715.42,E72_F5_m80f80_P81_Y3_UO3732,I80_F72_m-1f-1_P80_Y-1_U1,ID80_F81_m5f5_P81_Y1_UO325,FXX,4,0.0,1,0,1.0,0,0,0,-9999.0,0.75,1,P79_CV0,2,2,0,1,1,0,2,0,2
72,-531060.8067,-1259715.42,E72_F80_m80f80_P72_Y3_UO3714,ID80_F81_m-1f-1_P5_Y-1_U177,I80_F81_m-1f-1_P80_Y-1_U74,MXY,4,0.0,1,0,0.0,0,0,0,-9999.0,1.0,1,P79_CV0,2,2,0,0,2,0,2,0,2
72,-531060.8067,-1259715.42,E72_F80_m5f5_P81_Y3_UO341,I5_F81_m-1f-1_P80_Y-1_U11,I5_F72_m5f5_P81_Y1_UO327,MXY,4,0.0,1,0,0.0,0,0,0,-9999.0,0.5,1,P79_CV0,2,1,1,1,1,0,2,0,2
72,-531060.8067,-1259715.42,E72_F80_m80f80_P81_Y3_UO3721,I80_F81_m-1f-1_P80_Y-1_U220,I80_F81_m-1f-1_P80_Y-1_U173,FXX,4,0.0,1,0,1.0,0,0,0,-9999.0,0.75,1,P79_CV0,2,2,0,1,1,0,2,0,2
72,-531060.8067,-1259715.42,E72_F80_m80f80_P72_Y3_UO3708,I80_F81_m-1f-1_P80_Y-1_U146,I80_F72_m94f94_P81_Y1_UO4178,MXY,4,0.0,1,0,0.0,0,0,0,-9999.0,0.375,1,P79_CV0,2,0,2,1,1,0,2,0,2
72,-531060.8067,-1259715.42,E72_F80_m80f80_P81_Y3_UO3719,I80_F72_m-1f-1_P80_Y-1_U156,ID80_F81_m80f80_P72_Y0_UO3997,FXX,4,0.0,1,0,1.0,0,0,0,-9999.0,0.625,1,P79_CV0,2,1,1,1,1,0,2,0,2
72,-531060.8067,-1259715.42,E72_F80_m80f80_P81_Y3_UO3689,ID80_F81_m80f80_P81_Y0_UO3973,I80_F81_m-1f-1_P80_Y-1_U171,FXX,4,0.0,1,0,1.0,0,0,0,-9999.0,0.125,1,P79_CV0,2,0,2,1,1,0,2,0,2
72,-531060.8067,-1259715.42,E72_F80_m80f80_P81_Y3_UO3725,I80_F81_m-1f-1_P80_Y-1_U204,I80_F72_m47f47_P81_Y1_UO2190,MXY,4,0.0,1,0,0.0,0,0,0,-9999.0,0.625,1,P79_CV0,2,1,1,1,1,0,2,0,2
72,-531060.8067,-1259715.42,E72_F80_m5f5_P72_Y3_UO296,ID5_F72_m80f80_P81_Y1_UO3498,ID5_F81_m94f94_P81_Y0_UO4767,FXX,4,0.0,1,0,1.0,0,0,0,-9999.0,0.5,1,P79_CV0,2,2,0,1,1,0,2,0,2
72,-531060.8067,-1259715.42,E72_F80_m80f80_P81_Y3_UO3702,I80_F81_m-1f-1_P80_Y-1_U91,I80_F72_m-1f-1_P80_Y-1_U4,MXY,4,0.0,1,0,0.0,0,0,0,-9999.0,0.25,1,P79_CV0,2,0,2,2,0,0,2,0,2
72,-531060.8067,-1259715.42,E72_F80_m80f80_P81_Y2_UO3697,ID80_F81_m-1f-1_P80_Y-1_U232,I80_F81_m80f80_P72_Y0_UO3938,FXX,5,0.0,1,0,1.0,0,0,0,-9999.0,0.625,1,P79_CV0,2,1,1,1,1,0,2,0,2
72,-531060.8067,-1259715.42,E72_F80_m80f80_P81_Y2_UO3741,I80_F81_m-1f-1_P80_Y-1_U149,I80_F81_m-1f-1_P80_Y-1_U229,FXX,5,0.0,1,0,1.0,0,0,0,-9999.0,0.25,1,P79_CV0,2,0,2,1,1,0,2,0,2
72,-531060.8067,-1259715.42,E72_F80_m80f80_P81_Y1_UO3539,I80_F72_m-1f-1_P80_Y-1_U170,I80_F81_m-1f-1_P80_Y-1_U192,MXY,6,0.0,1,0,0.0,0,0,0,-9999.0,0.25,1,P79_CV0,2,0,2,2,0,0,2,0,2
72,-531060.8067,-1259715.42,E72_F80_m80f80_P72_Y1_UO3545,I80_F72_m-1f-1_P80_Y-1_U182,ID80_F72_m-1f-1_P80_Y-1_U84,FXX,6,0.0,1,0,1.0,0,0,0,-9999.0,0.5,1,P79_CV0,2,1,1,2,0,0,2,0,2
72,-531060.8067,-1259715.42,E72_F80_m80f80_P72_Y1_UO3527,I80_F81_m-1f-1_P80_Y-1_U131,I80_F72_m-1f-1_P80_Y-1_U175,FXX,6,0.0,1,0,1.0,0,0,0,-9999.0,0.5,1,P79_CV0,2,0,2,0,2,0,2,0,2
72,-531060.8067,-1259715.42,E72_F80_m80f80_P81_Y0_UO3945,R80_F80_m-1f-1_P80_Y-1_U45,R80_F80_m-1f-1_P80_Y-1_U66,FXX,7,0.0,1,0,1.0,0,0,0,-9999.0,0.25,1,P79_CV0,2,1,1,1,1,0,2,0,2
72,-531060.8067,-1259715.42,E72_F80_m-1f-1_P80_Y-1_U209,-9999,-9999,MXY,8,0.0,1,0,0.0,0,0,0,-9999.0,1.0,1,P79_CV0,2,2,0,1,1,0,2,0,2
72,-531060.8067,-1259715.42,E72_F5_m-1f-1_P80_Y-1_U24,-9999,-9999,MXY,10,0.0,1,0,0.0,0,0,0,-9999.0,0.0,1,P79_CV0,2,0,2,1,1,0,2,0,2
72,-531060.8067,-1259715.42,E72_F80_m-1f-1_P80_Y-1_U46,-9999,-9999,MXY,10,0.0,1,0,0.0,0,0,0,-9999.0,0.0,1,P79_CV0,2,0,2,1,1,0,2,0,2
72,-531060.8067,-1259715.42,E72_F80_m-1f-1_P80_Y-1_U204,-9999,-9999,FXX,12,0.0,1,0,1.0,0,0,0,-9999.0,1.0,1,P79_CV0,2,2,0,0,2,0,2,0,2
72,-531060.8067,-1259715.42,E72_F5_m-1f-1_P80_Y-1_U239,-9999,-9999,FXX,13,0.0,1,0,1.0,0,0,0,-9999.0,0.5,1,P79_CV0,2,1,1,0,2,0,2,0,2
72,-531060.8067,-1259715.42,E72_F58_m-1f-1_P92_Y-1_U97,-9999,-9999,MXY,10,0.0,1,0,0.0,0,0,0,-9999.0,0.0,1,P91_CV0,2,0,2,1,1,0,2,0,2
72,-531060.8067,-1259715.42,Age0_F72_m80f80_P72_Y7_UO3682,I80_F72_m5f5_P81_Y5_UO351,ID80_F81_m5f5_P72_Y2_UO335,MXY,0,0.0,0,0,0.0,0,0,0,0.0,0.09375,1,P93_CV0,2,0,2,1,1,0,2,0,2
72,-531060.8067,-1259715.42,Age0_F72_m80f80_P72_Y7_UO3689,I80_F81_m80f80_P81_Y5_UO3698,I80_F72_m47f47_P81_Y1_UO2218,MXY,0,0.0,0,0,0.0,0,0,0,0.0,0.71875,1,P93_CV0,2,2,0,1,1,0,2,0,2
72,-531060.8067,-1259715.42,Age0_F72_m80f80_P72_Y7_UO3743,ID80_F81_m94f94_P72_Y3_UO4414,I80_F81_m80f80_P72_Y0_UO3997,FXX,0,0.0,0,0,0.0,0,0,0,0.0,0.25,1,P93_CV0,2,1,1,1,1,0,2,0,2
72,-531060.8067,-1259715.42,Age0_F72_m80f80_P72_Y7_UO3755,I80_F72_m5f5_P81_Y3_UO295,ID80_F81_m95f95_P81_Y4_UO4532,MXY,0,0.0,0,0,0.0,0,0,0,0.0,0.5625,1,P93_CV0,2,0,2,1,1,0,2,0,2
72,-531060.8067,-1259715.42,Age0_F72_m80f80_P72_Y7_UO3774,ID80_F81_m5f5_P72_Y1_UO274,I80_F81_m80f80_P72_Y5_UO3756,FXX,0,0.0,0,0,0.0,0,0,0,0.0,0.5,1,P93_CV0,2,1,1,1,1,0,2,0,2
72,-531060.8067,-1259715.42,Age0_F72_m80f80_P72_Y7_UO3784,I80_F81_m94f94_P81_Y0_UO4769,I80_F81_m5f5_P81_Y5_UO303,FXX,0,0.0,0,0,0.0,0,0,0,0.0,0.875,1,P93_CV0,2,2,0,1,1,0,2,0,2
72,-531060.8067,-1259715.42,Age0_F72_m80f80_P72_Y7_UO3788,I80_F81_m-1f-1_P94_Y-1_U155,I80_F81_m5f5_P81_Y3_UO341,FXX,0,0.0,0,0,0.0,0,0,0,0.0,0.25,1,P93_CV0,2,1,1,2,0,0,2,0,2
72,-531060.8067,-1259715.42,E72_F5_m5f5_P72_Y6_UO353,I5_F81_m80f80_P81_Y3_UO3671,I5_F81_m94f94_P81_Y2_UO4429,MXY,1,0.0,1,1,0.0,0,0,0,-9999.0,0.5,1,P93_CV0,2,1,1,0,2,0,2,0,2
72,-531060.8067,-1259715.42,E72_F5_m5f5_P81_Y6_UO375,I5_F81_m5f5_P81_Y1_UO321,I5_F81_m94f94_P81_Y4_UO4419,FXX,1,0.0,1,1,1.0,0,0,0,-9999.0,0.5,1,P93_CV0,2,2,0,1,1,0,2,0,2
72,-531060.8067,-1259715.42,E72_F5_m94f94_P81_Y6_UO4496,I94_F81_m-1f-1_P94_Y-1_U205,ID94_F81_m-1f-1_P94_Y-1_U80,MXY,1,0.0,1,1,0.0,0,0,0,-9999.0,0.0,1,P93_CV0,2,0,2,0,2,0,2,0,2
72,-531060.8067,-1259715.42,E72_F5_m94f94_P81_Y6_UO4502,ID94_F99_m-1f-1_P94_Y-1_U74,I94_F98_m58f58_P81_Y1_UO2668,MXY,1,0.0,1,1,0.0,0,0,0,-9999.0,0.75,1,P93_CV0,2,2,0,0,2,0,2,0,2
72,-531060.8067,-1259715.42,E72_F80_m80f80_P72_Y6_UO3773,ID80_F81_m5f5_P72_Y2_UO344,I80_F81_m80f80_P72_Y3_UO3695,FXX,1,0.0,1,1,1.0,0,0,0,-9999.0,0.5625,1,P93_CV0,2,1,1,1,1,0,2,0,2
72,-531060.8067,-1259715.42,E72_F80_m80f80_P81_Y6_UO3737,I80_F81_m94f94_P72_Y3_UO4414,I80_F81_m5f5_P81_Y3_UO338,MXY,1,0.0,1,1,0.0,0,0,0,-9999.0,0.625,1,P93_CV0,2,1,1,0,2,0,2,0,2
72,-531060.8067,-1259715.42,E72_F80_m80f80_P81_Y6_UO3777,I80_F81_m94f94_P81_Y1_UO4235,I80_F72_m80f80_P72_Y3_UO3708,FXX,1,0.0,1,1,1.0,0,0,0,-9999.0,0.5625,1,P93_CV0,2,1,1,0,2,0,2,0,2
72,-531060.8067,-1259715.42,E72_F80_m80f80_P81_Y6_UO3784,I80_F72_m94f94_P81_Y0_UO4769,I80_F81_m80f80_P72_Y3_UO3695,FXX,1,0.0,1,1,1.0,0,0,0,-9999.0,0.8125,1,P93_CV0,2,2,0,0,2,0,2,0,2
72,-531060.8067,-1259715.42,E72_F80_m94f94_P81_Y6_UO4461,I94_F81_m95f95_P91_Y4_UO4486,ID94_F81_m-1f-1_P94_Y-1_U141,MXY,1,0.0,1,1,0.0,0,0,0,-9999.0,0.5625,1,P93_CV0,2,1,1,2,0,0,2,0,2
72,-531060.8067,-1259715.42,E72_F80_m94f94_P81_Y6_UO4480,I94_F81_m94f94_P81_Y1_UO4230,I94_F81_m94f94_P81_Y4_UO4450,MXY,1,0.0,1,1,0.0,0,0,0,-9999.0,0.59375,1,P93_CV0,2,2,0,0,2,0,2,0,2
72,-531060.8067,-1259715.42,E72_F80_m94f94_P81_Y6_UO4509,I94_F98_m-1f-1_P94_Y-1_U161,ID94_F81_m-1f-1_P94_Y-1_U80,FXX,1,0.0,1,1,1.0,0,0,0,-9999.0,0.25,1,P93_CV0,2,1,1,1,1,0,2,0,2
72,-531060.8067,-1259715.42,E72_F5_m5f5_P81_Y5_UO413,I5_F81_m-1f-1_P80_Y-1_U234,I5_F81_m94f94_P81_Y3_UO4406,MXY,2,0.0,1,0,0.0,0,0,0,-9999.0,0.375,1,P93_CV0,2,1,1,1,1,0,2,0,2
72,-531060.8067,-1259715.42,E72_F5_m5f5_P81_Y5_UO391,I5_F81_m-1f-1_P94_Y-1_U196,I5_F81_m-1f-1_P58_Y-1_U69,MXY,2,0.0,1,0,0.0,0,0,0,-9999.0,0.0,1,P93_CV0,2,0,2,2,0,0,2,0,2
72,-531060.8067,-1259715.42,E72_F5_m5f5_P81_Y5_UO370,I5_F81_m80f80_P81_Y0_UO3934,ID5_F81_m94f94_P81_Y0_UO4787,MXY,2,0.0,1,0,0.0,0,0,0,-9999.0,0.5,1,P93_CV0,2,1,1,1,1,0,2,0,2
72,-531060.8067,-1259715.42,E72_F80_m5f5_P81_Y5_UO375,I5_F81_m5f5_P81_Y0_UO388,I5_F81_m94f94_P81_Y2_UO4409,FXX,2,0.0,1,0,1.0,0,0,0,-9999.0,0.5,1,P93_CV0,2,1,1,2,0,0,2,0,2
72,-531060.8067,-1259715.42,E72_F80_m5f5_P81_Y5_UO351,ID5_F81_m94f94_P81_Y1_UO4224,I5_F81_m5f5_P81_Y2_UO314,FXX,2,0.0,1,0,1.0,0,0,0,-9999.0,0.1875,1,P93_CV0,2,0,2,1,1,0,2,0,2
72,-531060.8067,-1259715.42,E72_F80_m94f94_P81_Y5_UO4428,ID94_F81_m47f47_P81_Y1_UO2159,I94_F81_m94f94_P81_Y3_UO4409,MXY,2,0.0,1,0,0.0,0,0,0,-9999.0,0.5,1,P93_CV0,2,2,0,1,1,0,2,0,2
72,-531060.8067,-1259715.42,E72_F80_m80f80_P81_Y5_UO3698,I80_F81_m5f5_P72_Y2_UO359,I80_F81_m5f5_P81_Y3_UO347,FXX,2,0.0,1,0,1.0,0,0,0,-9999.0,0.6875,1,P93_CV0,2,2,0,2,0,0,2,0,2
72,-531060.8067,-1259715.42,E72_F80_m5f5_P81_Y5_UO299,I5_F81_m5f5_P81_Y3_UO337,I5_F81_m94f94_P81_Y0_UO4704,FXX,2,0.0,1,0,1.0,0,0,0,-9999.0,0.5,1,P93_CV0,2,0,2,2,0,0,2,0,2
72,-531060.8067,-1259715.42,E72_F80_m94f94_P81_Y5_UO4440,ID94_F99_m42f42_P99_Y0_UO2045,ID94_F81_m-1f-1_P94_Y-1_U141,MXY,2,0.0,1,0,0.0,0,0,0,-9999.0,0.375,1,P93_CV0,2,0,2,2,0,0,2,0,2
72,-531060.8067,-1259715.42,E72_F80_m5f5_P81_Y4_UO306,ID5_F72_m94f94_P81_Y2_UO4413,ID5_F81_m47f47_P81_Y1_UO2210,FXX,3,0.0,1,0,1.0,0,0,0,-9999.0,0.375,1,P93_CV0,2,1,1,2,0,0,2,0,2
72,-531060.8067,-1259715.42,E72_F80_m94f94_P72_Y3_UO4414,I94_F81_m-1f-1_P94_Y-1_U56,I94_F81_m-1f-1_P94_Y-1_U213,FXX,4,0.0,1,0,1.0,0,0,0,-9999.0,0.25,1,P93_CV0,2,0,2,0,2,0,2,0,2
72,-531060.8067,-1259715.42,E72_F80_m80f80_P72_Y3_UO3738,ID80_F81_m-1f-1_P94_Y-1_U186,ID80_F72_m-1f-1_P5_Y-1_U203,FXX,4,0.0,1,0,1.0,0,0,0,-9999.0,1.0,1,P93_CV0,2,2,0,0,2,0,2,0,2
72,-531060.8067,-1259715.42,E72_F80_m5f5_P81_Y3_UO295,I5_F81_m94f94_P81_Y1_UO4210,ID5_F81_m-1f-1_P80_Y-1_U27,FXX,4,0.0,1,0,1.0,0,0,0,-9999.0,0.625,1,P93_CV0,2,1,1,0,2,0,2,0,2
72,-531060.8067,-1259715.42,E72_F80_m94f94_P81_Y1_UO4241,I94_F81_m-1f-1_P94_Y-1_U194,I94_F81_m-1f-1_P94_Y-1_U237,MXY,6,0.0,1,0,0.0,0,0,0,-9999.0,0.5,1,P93_CV0,2,0,2,0,2,0,2,0,2
72,-531060.8067,-1259715.42,E72_F80_m94f94_P81_Y0_UO4769,R94_F94_m-1f-1_P94_Y-1_U186,R94_F94_m-1f-1_P94_Y-1_U29,FXX,7,0.0,1,0,1.0,0,0,0,-9999.0,1.0,1,P93_CV0,2,2,0,0,2,0,2,0,2
72,-531060.8067,-1259715.42,E72_F5_m-1f-1_P94_Y-1_U196,-9999,-9999,FXX,9,0.0,1,0,1.0,0,0,0,-9999.0,0.0,1,P93_CV0,2,0,2,2,0,0,2,0,2
72,-531060.8067,-1259715.42,E72_F80_m-1f-1_P94_Y-1_U155,-9999,-9999,FXX,10,0.0,1,0,1.0,0,0,0,-9999.0,0.0,1,P93_CV0,2,0,2,2,0,0,2,0,2
72,-531060.8067,-1259715.42,E72_F58_m-1f-1_P94_Y-1_U197,-9999,-9999,MXY,13,0.0,1,0,0.0,0,0,0,-9999.0,1.0,1,P93_CV0,2,2,0,1,1,0,2,0,2
72,-531060.8067,-1259715.42,E72_F94_m-1f-1_P94_Y-1_U143,-9999,-9999,FXX,14,0.0,1,0,1.0,0,0,0,-9999.0,1.0,1,P93_CV0,2,2,0,0,2,0,2,0,2
72,-531060.8067,-1259715.42,Age0_F72_m94f94_P72_Y7_UO4447,I94_F81_m94f94_P81_Y3_UO4397,I94_F81_m80f80_P81_Y4_UO3660,MXY,0,0.0,0,0,0.0,0,0,0,0.0,0.375,1,P94_CV0,2,0,2,2,0,0,2,0,2
72,-531060.8067,-1259715.42,E72_F80_m94f94_P81_Y6_UO4462,ID94_F72_m5f5_P81_Y4_UO346,I94_F28_m95f95_P91_Y3_UO4507,MXY,1,0.0,1,1,0.0,0,0,0,-9999.0,0.6875,1,P94_CV0,2,1,1,2,0,0,2,0,2
72,-531060.8067,-1259715.42,E72_F80_m94f94_P81_Y5_UO4412,I94_F91_m94f94_P81_Y3_UO4397,I94_F81_m-1f-1_P94_Y-1_U107,MXY,2,0.0,1,0,0.0,0,0,0,-9999.0,0.4375,1,P94_CV0,2,2,0,1,1,0,2,0,2
72,-531060.8067,-1259715.42,E72_F58_m58f58_P99_Y4_UO2740,ID58_F91_m-1f-1_P94_Y-1_U97,ID58_F81_m95f95_P91_Y2_UO4452,MXY,3,0.0,1,0,0.0,0,0,0,-9999.0,0.5625,1,P94_CV0,2,2,0,1,1,0,2,0,2
72,-531060.8067,-1259715.42,E72_F5_m95f95_P81_Y3_UO4475,I95_F64_m-1f-1_P95_Y-1_U99,I95_F64_m79f79_P64_Y1_UO3429,MXY,4,0.0,1,0,0.0,0,0,0,-9999.0,0.5,1,P94_CV0,2,1,1,1,1,0,2,0,2
72,-531060.8067,-1259715.42,E72_F94_m94f94_P81_Y3_UO4397,I94_F81_m-1f-1_P94_Y-1_U203,I94_F91_m95f95_P91_Y1_UO4291,FXX,4,0.0,1,0,1.0,0,0,0,-9999.0,0.375,1,P94_CV0,2,1,1,1,1,0,2,0,2
74,-870217.168,-352280.8003,Age0_F74_m37f37_P74_Y7_UO1697,ID37_F74_m46f46_P13_Y5_UO2304,ID37_F74_m12f12_P52_Y0_UO727,MXY,0,0.0,0,0,0.0,0,0,0,0.0,0.46875,1,P11_CV0,2,1,1,0,2,0,2,0,2
74,-870217.168,-352280.8003,Age0_F74_m37f37_P74_Y7_UO1739,I37_F74_m7f7_P29_Y4_UO426,ID37_F13_m90f90_P52_Y3_UO4193,MXY,0,0.0,0,0,0.0,0,0,0,0.0,0.3125,1,P11_CV0,2,1,1,0,2,0,2,0,2
74,-870217.168,-352280.8003,E74_F7_m46f46_P38_Y6_UO2324,ID46_F52_m30f30_P52_Y1_UO1313,I46_F52_m-1f-1_P12_Y-1_U139,FXX,1,0.0,1,1,1.0,0,0,0,-9999.0,0.5,1,P11_CV0,2,0,2,1,1,0,2,0,2
74,-870217.168,-352280.8003,E74_F7_m78f78_P38_Y6_UO3524,I78_F29_m46f46_P13_Y2_UO2279,I78_F13_m37f37_P13_Y4_UO1708,MXY,1,0.0,1,1,0.0,0,0,0,-9999.0,0.78125,1,P11_CV0,2,2,0,2,0,0,2,0,2
74,-870217.168,-352280.8003,E74_F7_m7f7_P74_Y6_UO480,I7_F74_m37f37_P74_Y2_UO1707,I7_F35_m45f45_P86_Y4_UO2167,FXX,1,0.0,1,1,1.0,0,0,0,-9999.0,0.625,1,P11_CV0,2,2,0,2,0,0,2,0,2
74,-870217.168,-352280.8003,E74_F30_m90f90_P86_Y6_UO4280,I90_F86_m12f12_P52_Y2_UO728,I90_F86_m-1f-1_P90_Y-1_U209,FXX,1,0.0,1,1,1.0,0,0,0,-9999.0,0.5,1,P11_CV0,2,1,1,0,2,0,2,0,2
74,-870217.168,-352280.8003,E74_F37_m30f30_P38_Y6_UO1413,I30_F52_m12f12_P52_Y3_UO747,ID30_F74_m-1f-1_P7_Y-1_U119,MXY,1,0.0,1,1,0.0,0,0,0,-9999.0,1.0,1,P11_CV0,2,2,0,1,1,0,2,0,2
74,-870217.168,-352280.8003,E74_F7_m12f12_P52_Y5_UO773,I12_F52_m-1f-1_P12_Y-1_U177,I12_F52_m90f90_P52_Y3_UO4245,FXX,2,0.0,1,0,1.0,0,0,0,-9999.0,0.5,1,P11_CV0,2,2,0,0,2,0,2,0,2
74,-870217.168,-352280.8003,E74_F30_m46f46_P52_Y5_UO2284,ID46_F19_m12f12_P86_Y0_UO786,I46_F86_m90f90_P35_Y3_UO4149,MXY,2,0.0,1,0,0.0,0,0,0,-9999.0,0.5625,1,P11_CV0,2,2,0,1,1,0,2,0,2
74,-870217.168,-352280.8003,E74_F30_m30f30_P13_Y4_UO1403,ID30_F38_m-1f-1_P37_Y-1_U174,I30_F52_m12f12_P52_Y2_UO730,FXX,3,0.0,1,0,1.0,0,0,0,-9999.0,0.625,1,P11_CV0,2,1,1,2,0,0,2,0,2
74,-870217.168,-352280.8003,E74_F7_m30f30_P38_Y3_UO1382,I30_F93_m12f12_P52_Y0_UO722,I30_F13_m-1f-1_P30_Y-1_U95,MXY,4,0.0,1,0,0.0,0,0,0,-9999.0,0.375,1,P11_CV0,2,0,2,2,0,0,2,0,2
74,-870217.168,-352280.8003,E74_F37_m90f90_P52_Y3_UO4193,I90_F86_m12f12_P86_Y0_UO768,I90_F76_m23f23_P57_Y1_UO1112,MXY,4,0.0,1,0,0.0,0,0,0,-9999.0,0.25,1,P11_CV0,2,1,1,0,2,0,2,0,2
74,-870217.168,-352280.8003,Age0_F74_m7f7_P74_Y7_UO465,I7_F38_m37f37_P38_Y3_UO1671,I7_F38_m23f23_P86_Y2_UO1230,MXY,0,0.0,0,0,0.0,0,0,0,0.0,0.3125,1,P22_CV0,2,0,2,2,0,0,2,0,2
74,-870217.168,-352280.8003,Age0_F74_m30f30_P74_Y7_UO1393,ID30_F52_m90f90_P35_Y4_UO4187,I30_F38_m46f46_P52_Y5_UO2257,MXY,0,0.0,0,0,0.0,0,0,0,0.0,0.53125,1,P22_CV0,2,0,2,1,1,0,2,0,2
74,-870217.168,-352280.8003,E74_F7_m46f46_P38_Y6_UO2361,I46_F52_m-1f-1_P23_Y-1_U36,ID46_F52_m-1f-1_P90_Y-1_U98,MXY,1,0.0,1,1,0.0,0,0,0,-9999.0,0.75,1,P22_CV0,2,2,0,1,1,0,2,0,2
74,-870217.168,-352280.8003,E74_F30_m46f46_P52_Y6_UO2292,ID46_F52_m90f90_P52_Y4_UO4209,I46_F86_m46f46_P52_Y3_UO2292,FXX,1,0.0,1,1,1.0,0,0,0,-9999.0,0.25,1,P22_CV0,2,1,1,2,0,0,2,0,2
74,-870217.168,-352280.8003,E74_F30_m90f90_P35_Y4_UO4187,I90_F27_m23f23_P57_Y2_UO1170,I90_F35_m30f30_P52_Y0_UO1528,FXX,3,0.0,1,0,1.0,0,0,0,-9999.0,0.5,1,P22_CV0,2,0,2,0,2,0,2,0,2
74,-870217.168,-352280.8003,E74_F7_m23f23_P86_Y2_UO1230,I23_F52_m-1f-1_P23_Y-1_U25,ID23_F57_m92f92_P6_Y0_UO4611,MXY,5,0.0,1,0,0.0,0,0,0,-9999.0,0.375,1,P22_CV0,2,0,2,2,0,0,2,0,2
74,-870217.168,-352280.8003,Age0_F74_m7f7_P74_Y7_UO417,ID7_F13_m78f78_P93_Y5_UO3480,I7_F29_m37f37_P74_Y5_UO1673,MXY,0,0.0,0,0,0.0,0,0,0,0.0,0.59375,1,P29_CV0,2,1,1,1,1,0,2,0,2
74,-870217.168,-352280.8003,Age0_F74_m7f7_P74_Y7_UO424,I7_F38_m37f37_P38_Y5_UO1779,I7_F74_m30f30_P93_Y5_UO1408,FXX,0,0.0,0,0,0.0,0,0,0,0.0,0.34375,1,P29_CV0,2,1,1,0,2,0,2,0,2
74,-870217.168,-352280.8003,Age0_F74_m7f7_P74_Y7_UO426,I7_F29_m7f7_P74_Y5_UO526,I7_F74_m-1f-1_P7_Y-1_U57,FXX,0,0.0,0,0,0.0,0,0,0,0.0,0.3125,1,P29_CV0,2,1,1,1,1,0,2,0,2
74,-870217.168,-352280.8003,Age0_F74_m7f7_P74_Y7_UO430,I7_F74_m30f30_P38_Y5_UO1422,ID7_F38_m-1f-1_P37_Y-1_U67,FXX,0,0.0,0,0,0.0,0,0,0,0.0,1.0,1,P29_CV0,2,2,0,1,1,0,2,0,2
74,-870217.168,-352280.8003,Age0_F74_m7f7_P74_Y7_UO442,I7_F74_m12f12_P52_Y5_UO773,I7_F74_m-1f-1_P30_Y-1_U6,FXX,0,0.0,0,0,0.0,0,0,0,0.0,0.5,1,P29_CV0,2,2,0,0,2,0,2,0,2
74,-870217.168,-352280.8003,Age0_F74_m7f7_P74_Y7_UO444,I7_F38_m7f7_P74_Y5_UO532,I7_F74_m-1f-1_P7_Y-1_U152,MXY,0,0.0,0,0,0.0,0,0,0,0.0,0.5,1,P29_CV0,2,1,1,0,2,0,2,0,2
74,-870217.168,-352280.8003,Age0_F74_m7f7_P74_Y7_UO445,I7_F74_m37f37_P74_Y5_UO1703,ID7_F38_m37f37_P38_Y5_UO1772,FXX,0,0.0,0,0,0.0,0,0,0,0.0,0.71875,1,P29_CV0,2,2,0,0,2,0,2,0,2
74,-870217.168,-352280.8003,Age0_F74_m7f7_P74_Y7_UO447,I7_F74_m78f78_P74_Y4_UO3427,I7_F74_m-1f-1_P30_Y-1_U6,FXX,0,0.0,0,0,0.0,0,0,0,0.0,0.5625,1,P29_CV0,2,1,1,2,0,0,2,0,2
74,-870217.168,-352280.8003,Age0_F74_m7f7_P74_Y7_UO491,I7_F38_m30f30_P38_Y1_UO1324,ID7_F52_m37f37_P13_Y3_UO1723,MXY,0,0.0,0,0,0.0,0,0,0,0.0,0.5,1,P29_CV0,2,1,1,1,1,0,2,0,2
74,-870217.168,-352280.8003,Age0_F74_m7f7_P74_Y7_UO494,ID7_F74_m30f30_P38_Y1_UO1346,I7_F74_m37f37_P74_Y5_UO1759,MXY,0,0.0,0,0,0.0,0,0,0,0.0,0.6875,1,P29_CV0,2,1,1,1,1,0,2,0,2
74,-870217.168,-352280.8003,Age0_F74_m30f30_P74_Y7_UO1372,I30_F38_m46f46_P52_Y5_UO2250,I30_F74_m-1f-1_P30_Y-1_U123,MXY,0,0.0,0,0,0.0,0,0,0,0.0,0.5,1,P29_CV0,2,1,1,0,2,0,2,0,2
74,-870217.168,-352280.8003,Age0_F74_m30f30_P74_Y7_UO1391,I30_F13_m37f37_P74_Y4_UO1698,ID30_F38_m-1f-1_P30_Y-1_U45,MXY,0,0.0,0,0,0.0,0,0,0,0.0,0.5625,1,P29_CV0,2,1,1,1,1,0,2,0,2
74,-870217.168,-352280.8003,Age0_F74_m30f30_P74_Y7_UO1422,I30_F93_m37f37_P38_Y2_UO1679,ID30_F38_m37f37_P38_Y5_UO1730,MXY,0,0.0,0,0,0.0,0,0,0,0.0,0.5625,1,P29_CV0,2,1,1,2,0,0,2,0,2
74,-870217.168,-352280.8003,Age0_F74_m37f37_P74_Y7_UO1698,I37_F74_m37f37_P74_Y5_UO1702,I37_F38_m-1f-1_P7_Y-1_U39,MXY,0,0.0,0,0,0.0,0,0,0,0.0,0.53125,1,P29_CV0,2,2,0,2,0,0,2,0,2
74,-870217.168,-352280.8003,Age0_F74_m37f37_P74_Y7_UO1712,I37_F74_m37f37_P74_Y5_UO1710,I37_F74_m37f37_P74_Y3_UO1685,MXY,0,0.0,0,0,0.0,0,0,0,0.0,0.25,1,P29_CV0,2,1,1,1,1,0,2,0,2
74,-870217.168,-352280.8003,Age0_F74_m37f37_P74_Y7_UO1733,ID37_F52_m37f37_P38_Y4_UO1746,I37_F74_m30f30_P38_Y4_UO1437,MXY,0,0.0,0,0,0.0,0,0,0,0.0,0.53125,1,P29_CV0,2,1,1,1,1,0,2,0,2
74,-870217.168,-352280.8003,Age0_F74_m37f37_P74_Y7_UO1750,ID37_F13_m90f90_P52_Y3_UO4182,I37_F38_m46f46_P38_Y5_UO2272,FXX,0,0.0,0,0,0.0,0,0,0,0.0,0.4375,1,P29_CV0,2,1,1,2,0,0,2,0,2
74,-870217.168,-352280.8003,Age0_F74_m37f37_P74_Y7_UO1752,ID37_F74_m37f37_P38_Y3_UO1769,I37_F74_m37f37_P38_Y5_UO1691,FXX,0,0.0,0,0,0.0,0,0,0,0.0,0.59375,1,P29_CV0,2,1,1,0,2,0,2,0,2
74,-870217.168,-352280.8003,Age0_F74_m37f37_P74_Y7_UO1780,ID37_F13_m30f30_P38_Y0_UO1472,ID37_F74_m46f46_P52_Y3_UO2241,FXX,0,0.0,0,0,0.0,0,0,0,0.0,0.625,1,P29_CV0,2,2,0,1,1,0,2,0,2
74,-870217.168,-352280.8003,Age0_F74_m37f37_P74_Y7_UO1785,I37_F74_m-1f-1_P30_Y-1_U187,I37_F29_m37f37_P74_Y4_UO1718,MXY,0,0.0,0,0,0.0,0,0,0,0.0,0.3125,1,P29_CV0,2,1,1,1,1,0,2,0,2
74,-870217.168,-352280.8003,E74_F7_m30f30_P13_Y6_UO1443,I30_F93_m30f30_P13_Y0_UO1429,ID30_F74_m-1f-1_P7_Y-1_U119,FXX,1,0.0,1,1,1.0,0,0,0,-9999.0,0.75,1,P29_CV0,2,2,0,2,0,0,2,0,2
74,-870217.168,-352280.8003,E74_F7_m7f7_P38_Y6_UO472,I7_F74_m30f30_P38_Y2_UO1409,I7_F74_m37f37_P38_Y3_UO1687,FXX,1,0.0,1,1,1.0,0,0,0,-9999.0,0.375,1,P29_CV0,2,2,0,1,1,0,2,0,2
74,-870217.168,-352280.8003,E74_F7_m7f7_P38_Y6_UO494,I7_F74_m30f30_P38_Y1_UO1350,I7_F29_m30f30_P74_Y1_UO1269,FXX,1,0.0,1,1,1.0,0,0,0,-9999.0,0.375,1,P29_CV0,2,0,2,1,1,0,2,0,2
74,-870217.168,-352280.8003,E74_F7_m30f30_P38_Y6_UO1395,I30_F13_m12f12_P52_Y3_UO689,ID30_F93_m-1f-1_P30_Y-1_U173,MXY,1,0.0,1,1,0.0,0,0,0,-9999.0,0.625,1,P29_CV0,2,1,1,1,1,0,2,0,2
74,-870217.168,-352280.8003,E74_F7_m37f37_P38_Y6_UO1698,I37_F74_m7f7_P74_Y4_UO494,I37_F38_m37f37_P38_Y2_UO1725,MXY,1,0.0,1,1,0.0,0,0,0,-9999.0,0.4375,1,P29_CV0,2,1,1,1,1,0,2,0,2
74,-870217.168,-352280.8003,E74_F7_m37f37_P38_Y6_UO1751,I37_F38_m37f37_P38_Y3_UO1783,I37_F38_m30f30_P38_Y1_UO1340,MXY,1,0.0,1,1,0.0,0,0,0,-9999.0,0.4375,1,P29_CV0,2,1,1,1,1,0,2,0,2
74,-870217.168,-352280.8003,E74_F7_m37f37_P38_Y6_UO1807,ID37_F29_m-1f-1_P7_Y-1_U91,I37_F38_m30f30_P38_Y2_UO1427,FXX,1,0.0,1,1,1.0,0,0,0,-9999.0,0.5625,1,P29_CV0,2,1,1,2,0,0,2,0,2
74,-870217.168,-352280.8003,E74_F7_m7f7_P74_Y6_UO515,ID7_F74_m-1f-1_P30_Y-1_U224,I7_F74_m37f37_P74_Y3_UO1773,FXX,1,0.0,1,1,1.0,0,0,0,-9999.0,0.375,1,P29_CV0,2,1,1,1,1,0,2,0,2
74,-870217.168,-352280.8003,E74_F7_m30f30_P74_Y6_UO1420,I30_F13_m12f12_P52_Y2_UO666,ID30_F93_m-1f-1_P30_Y-1_U233,FXX,1,0.0,1,1,1.0,0,0,0,-9999.0,0.6875,1,P29_CV0,2,1,1,1,1,0,2,0,2
74,-870217.168,-352280.8003,E74_F7_m37f37_P74_Y6_UO1727,I37_F74_m7f7_P38_Y4_UO478,ID37_F74_m78f78_P74_Y4_UO3450,MXY,1,0.0,1,1,0.0,0,0,0,-9999.0,0.5,1,P29_CV0,2,1,1,1,1,0,2,0,2
74,-870217.168,-352280.8003,E74_F7_m37f37_P74_Y6_UO1730,ID37_F38_m7f7_P74_Y4_UO457,I37_F38_m7f7_P74_Y3_UO462,FXX,1,0.0,1,1,1.0,0,0,0,-9999.0,0.4375,1,P29_CV0,2,0,2,1,1,0,2,0,2
74,-870217.168,-352280.8003,E74_F7_m37f37_P74_Y6_UO1740,I37_F13_m30f30_P38_Y3_UO1412,I37_F38_m78f78_P13_Y2_UO3519,MXY,1,0.0,1,1,0.0,0,0,0,-9999.0,0.625,1,P29_CV0,2,1,1,0,2,0,2,0,2
74,-870217.168,-352280.8003,E74_F7_m37f37_P74_Y6_UO1774,I37_F13_m7f7_P74_Y2_UO402,I37_F38_m-1f-1_P37_Y-1_U50,MXY,1,0.0,1,1,0.0,0,0,0,-9999.0,0.1875,1,P29_CV0,2,1,1,1,1,0,2,0,2
74,-870217.168,-352280.8003,E74_F30_m46f46_P52_Y6_UO2323,ID46_F52_m78f78_P13_Y1_UO3361,I46_F86_m-1f-1_P30_Y-1_U213,FXX,1,0.0,1,1,1.0,0,0,0,-9999.0,0.625,1,P29_CV0,2,1,1,1,1,0,2,0,2
74,-870217.168,-352280.8003,E74_F37_m30f30_P29_Y6_UO1442,I30_F13_m30f30_P93_Y0_UO1533,I30_F52_m23f23_P52_Y4_UO1163,FXX,1,0.0,1,1,1.0,0,0,0,-9999.0,0.46875,1,P29_CV0,2,2,0,2,0,0,2,0,2
74,-870217.168,-352280.8003,E74_F37_m37f37_P29_Y6_UO1699,I37_F74_m7f7_P74_Y4_UO431,I37_F13_m12f12_P52_Y0_UO727,FXX,1,0.0,1,1,1.0,0,0,0,-9999.0,0.4375,1,P29_CV0,2,1,1,0,2,0,2,0,2
74,-870217.168,-352280.8003,E74_F37_m30f30_P38_Y6_UO1390,I30_F74_m23f23_P35_Y4_UO1192,ID30_F52_m30f30_P38_Y2_UO1435,FXX,1,0.0,1,1,1.0,0,0,0,-9999.0,0.625,1,P29_CV0,2,1,1,1,1,0,2,0,2
74,-870217.168,-352280.8003,E74_F37_m30f30_P38_Y6_UO1456,I30_F38_m-1f-1_P30_Y-1_U199,ID30_F52_m46f46_P93_Y2_UO2247,FXX,1,0.0,1,1,1.0,0,0,0,-9999.0,0.625,1,P29_CV0,2,2,0,1,1,0,2,0,2
74,-870217.168,-352280.8003,E74_F37_m37f37_P38_Y6_UO1769,I37_F74_m30f30_P13_Y2_UO1342,I37_F29_m78f78_P29_Y4_UO3509,FXX,1,0.0,1,1,1.0,0,0,0,-9999.0,0.6875,1,P29_CV0,2,2,0,2,0,0,2,0,2
74,-870217.168,-352280.8003,E74_F37_m7f7_P74_Y6_UO491,ID7_F38_m30f30_P38_Y1_UO1346,I7_F74_m7f7_P74_Y4_UO455,MXY,1,0.0,1,1,0.0,0,0,0,-9999.0,0.75,1,P29_CV0,2,2,0,0,2,0,2,0,2
74,-870217.168,-352280.8003,E74_F37_m37f37_P74_Y6_UO1753,ID37_F38_m7f7_P74_Y3_UO403,I37_F38_m-1f-1_P30_Y-1_U119,FXX,1,0.0,1,1,1.0,0,0,0,-9999.0,0.375,1,P29_CV0,2,2,0,0,2,0,2,0,2
74,-870217.168,-352280.8003,E74_F37_m37f37_P74_Y6_UO1794,I37_F38_m30f30_P74_Y1_UO1295,I37_F38_m12f12_P93_Y2_UO744,MXY,1,0.0,1,1,0.0,0,0,0,-9999.0,0.5,1,P29_CV0,2,1,1,2,0,0,2,0,2
74,-870217.168,-352280.8003,E74_F7_m37f37_P74_Y5_UO1796,I37_F74_m-1f-1_P7_Y-1_U110,I37_F38_m-1f-1_P30_Y-1_U10,MXY,2,0.0,1,0,0.0,0,0,0,-9999.0,0.25,1,P29_CV0,2,1,1,0,2,0,2,0,2
74,-870217.168,-352280.8003,E74_F7_m37f37_P38_Y5_UO1779,I37_F74_m-1f-1_P37_Y-1_U129,I37_F38_m37f37_P74_Y3_UO1685,FXX,2,0.0,1,0,1.0,0,0,0,-9999.0,0.3125,1,P29_CV0,2,1,1,1,1,0,2,0,2
74,-870217.168,-352280.8003,E74_F7_m7f7_P74_Y5_UO526,ID7_F35_m-1f-1_P30_Y-1_U29,ID7_F74_m88f88_P29_Y2_UO4116,FXX,2,0.0,1,0,1.0,0,0,0,-9999.0,0.125,1,P29_CV0,2,1,1,0,2,0,2,0,2
74,-870217.168,-352280.8003,E74_F7_m30f30_P38_Y5_UO1422,I30_F93_m-1f-1_P30_Y-1_U124,I30_F93_m-1f-1_P46_Y-1_U18,FXX,2,0.0,1,0,1.0,0,0,0,-9999.0,1.0,1,P29_CV0,2,2,0,1,1,0,2,0,2
74,-870217.168,-352280.8003,E74_F7_m37f37_P38_Y5_UO1772,I37_F74_m-1f-1_P37_Y-1_U69,ID37_F74_m46f46_P52_Y3_UO2241,MXY,2,0.0,1,0,0.0,0,0,0,-9999.0,0.75,1,P29_CV0,2,2,0,1,1,0,2,0,2
74,-870217.168,-352280.8003,E74_F7_m30f30_P13_Y5_UO1429,ID30_F13_m-1f-1_P30_Y-1_U85,ID30_F52_m23f23_P86_Y2_UO1230,MXY,2,0.0,1,0,0.0,0,0,0,-9999.0,0.1875,1,P29_CV0,2,0,2,2,0,0,2,0,2
74,-870217.168,-352280.8003,E74_F7_m7f7_P74_Y5_UO532,I7_F38_m-1f-1_P30_Y-1_U194,I7_F13_m7f7_P74_Y1_UO402,FXX,2,0.0,1,0,1.0,0,0,0,-9999.0,0.5,1,P29_CV0,2,2,0,1,1,0,2,0,2
74,-870217.168,-352280.8003,E74_F37_m30f30_P13_Y5_UO1406,I30_F13_m12f12_P52_Y1_UO633,I30_F13_m-1f-1_P30_Y-1_U31,MXY,2,0.0,1,0,0.0,0,0,0,-9999.0,0.5,1,P29_CV0,2,1,1,1,1,0,2,0,2
74,-870217.168,-352280.8003,E74_F37_m37f37_P74_Y5_UO1702,I37_F38_m78f78_P13_Y3_UO3529,ID37_F74_m46f46_P52_Y3_UO2241,FXX,2,0.0,1,0,1.0,0,0,0,-9999.0,0.5625,1,P29_CV0,2,1,1,2,0,0,2,0,2
74,-870217.168,-352280.8003,E74_F37_m37f37_P74_Y5_UO1710,I37_F38_m7f7_P74_Y2_UO395,I37_F38_m78f78_P13_Y3_UO3518,FXX,2,0.0,1,0,1.0,0,0,0,-9999.0,0.375,1,P29_CV0,2,2,0,1,1,0,2,0,2
74,-870217.168,-352280.8003,E74_F7_m7f7_P74_Y4_UO397,I7_F74_m37f37_P74_Y2_UO1694,ID7_F74_m-1f-1_P46_Y-1_U81,FXX,3,0.0,1,0,1.0,0,0,0,-9999.0,0.5625,1,P29_CV0,2,1,1,1,1,0,2,0,2
74,-870217.168,-352280.8003,E74_F37_m30f30_P74_Y4_UO1379,I30_F52_m30f30_P13_Y1_UO1348,I30_F52_m7f7_P38_Y0_UO469,MXY,3,0.0,1,0,0.0,0,0,0,-9999.0,0.375,1,P29_CV0,2,2,0,2,0,0,2,0,2
74,-870217.168,-352280.8003,E74_F37_m23f23_P52_Y3_UO1205,I23_F86_m-1f-1_P90_Y-1_U189,I23_F6_m30f30_P35_Y0_UO1427,FXX,4,0.0,1,0,1.0,0,0,0,-9999.0,0.375,1,P29_CV0,2,0,2,2,0,0,2,0,2
74,-870217.168,-352280.8003,E74_F37_m46f46_P52_Y3_UO2241,I46_F52_m30f30_P38_Y0_UO1498,I46_F93_m90f90_P86_Y0_UO4595,MXY,4,0.0,1,0,0.0,0,0,0,-9999.0,0.5,1,P29_CV0,2,2,0,1,1,0,2,0,2
74,-870217.168,-352280.8003,E74_F37_m37f37_P38_Y3_UO1769,ID37_F29_m-1f-1_P30_Y-1_U99,ID37_F52_m12f12_P52_Y0_UO727,FXX,4,0.0,1,0,1.0,0,0,0,-9999.0,0.625,1,P29_CV0,2,1,1,1,1,0,2,0,2
74,-870217.168,-352280.8003,E74_F7_m37f37_P74_Y2_UO1707,I37_F13_m-1f-1_P30_Y-1_U186,I37_F74_m78f78_P38_Y0_UO3772,FXX,5,0.0,1,0,1.0,0,0,0,-9999.0,0.75,1,P29_CV0,2,2,0,2,0,0,2,0,2
74,-870217.168,-352280.8003,E74_F7_m30f30_P38_Y1_UO1324,I30_F13_m-1f-1_P30_Y-1_U105,I30_F93_m-1f-1_P30_Y-1_U151,FXX,6,0.0,1,0,1.0,0,0,0,-9999.0,0.25,1,P29_CV0,2,0,2,1,1,0,2,0,2
74,-870217.168,-352280.8003,E74_F7_m30f30_P38_Y1_UO1346,I30_F52_m-1f-1_P30_Y-1_U225,I30_F38_m-1f-1_P30_Y-1_U180,FXX,6,0.0,1,0,1.0,0,0,0,-9999.0,1.0,1,P29_CV0,2,2,0,0,2,0,2,0,2
74,-870217.168,-352280.8003,E74_F7_m30f30_P38_Y0_UO1455,R30_F30_m-1f-1_P30_Y-1_U87,R30_F30_m-1f-1_P30_Y-1_U95,MXY,7,0.0,1,0,0.0,0,0,0,-9999.0,0.5,1,P29_CV0,2,0,2,1,1,0,2,0,2
74,-870217.168,-352280.8003,E74_F37_m30f30_P38_Y0_UO1472,R30_F30_m-1f-1_P30_Y-1_U130,R30_F30_m-1f-1_P30_Y-1_U71,FXX,7,0.0,1,0,1.0,0,0,0,-9999.0,0.75,1,P29_CV0,2,1,1,1,1,0,2,0,2
74,-870217.168,-352280.8003,E74_F78_m30f30_P13_Y0_UO1504,R30_F30_m-1f-1_P30_Y-1_U192,R30_F30_m-1f-1_P30_Y-1_U121,MXY,7,0.0,1,0,0.0,0,0,0,-9999.0,0.25,1,P29_CV0,2,0,2,1,1,0,2,0,2
74,-870217.168,-352280.8003,E74_F37_m-1f-1_P30_Y-1_U87,-9999,-9999,FXX,9,0.0,1,0,1.0,0,0,0,-9999.0,0.5,1,P29_CV0,2,1,1,1,1,0,2,0,2
74,-870217.168,-352280.8003,E74_F37_m-1f-1_P30_Y-1_U187,-9999,-9999,FXX,9,0.0,1,0,1.0,0,0,0,-9999.0,0.5,1,P29_CV0,2,1,1,1,1,0,2,0,2
74,-870217.168,-352280.8003,E74_F7_m-1f-1_P30_Y-1_U141,-9999,-9999,FXX,10,0.0,1,0,1.0,0,0,0,-9999.0,0.0,1,P29_CV0,2,0,2,2,0,0,2,0,2
74,-870217.168,-352280.8003,E74_F30_m-1f-1_P30_Y-1_U45,-9999,-9999,MXY,10,0.0,1,0,0.0,0,0,0,-9999.0,0.5,1,P29_CV0,2,1,1,0,2,0,2,0,2
74,-870217.168,-352280.8003,E74_F7_m-1f-1_P30_Y-1_U194,-9999,-9999,FXX,11,0.0,1,0,1.0,0,0,0,-9999.0,0.5,1,P29_CV0,2,1,1,1,1,0,2,0,2
74,-870217.168,-352280.8003,E74_F7_m-1f-1_P30_Y-1_U6,-9999,-9999,MXY,11,0.0,1,0,0.0,0,0,0,-9999.0,0.5,1,P29_CV0,2,1,1,1,1,0,2,0,2
74,-870217.168,-352280.8003,E74_F37_m-1f-1_P30_Y-1_U10,-9999,-9999,MXY,15,0.0,1,0,0.0,0,0,0,-9999.0,0.0,1,P29_CV0,2,0,2,0,2,0,2,0,2
74,-870217.168,-352280.8003,E74_F37_m30f30_P93_Y6_UO1453,I30_F38_m-1f-1_P46_Y-1_U148,ID30_F52_m45f45_P86_Y3_UO2176,FXX,1,0.0,1,1,1.0,0,0,0,-9999.0,0.375,1,P30_CV0,2,2,0,1,1,0,2,0,2
74,-870217.168,-352280.8003,Age0_F74_m30f30_P74_Y7_UO1394,I30_F35_m37f37_P13_Y4_UO1682,I30_F38_m30f30_P13_Y5_UO1377,MXY,0,0.0,0,0,0.0,0,0,0,0.0,0.40625,1,P33_CV0,2,0,2,2,0,0,2,0,2
74,-870217.168,-352280.8003,E74_F7_m78f78_P74_Y6_UO3508,I78_F93_m34f34_P54_Y3_UO1629,ID78_F24_m39f39_P51_Y4_UO1858,MXY,1,0.0,1,1,0.0,0,0,0,-9999.0,0.5,1,P33_CV0,2,1,1,0,2,0,2,0,2
74,-870217.168,-352280.8003,E74_F37_m88f88_P29_Y6_UO4180,I88_F54_m34f34_P66_Y0_UO1697,I88_F54_m-1f-1_P88_Y-1_U238,MXY,1,0.0,1,1,0.0,0,0,0,-9999.0,0.0,1,P33_CV0,2,0,2,1,1,0,2,0,2
74,-870217.168,-352280.8003,E74_F88_m-1f-1_P34_Y-1_U101,-9999,-9999,MXY,10,0.0,1,0,0.0,0,0,0,-9999.0,0.5,1,P33_CV0,2,1,1,0,2,0,2,0,2
74,-870217.168,-352280.8003,Age0_F74_m7f7_P74_Y7_UO423,I7_F38_m7f7_P38_Y5_UO427,I7_F74_m-1f-1_P30_Y-1_U6,FXX,0,0.0,0,0,0.0,0,0,0,0.0,0.375,1,P36_CV0,2,2,0,1,1,0,2,0,2
74,-870217.168,-352280.8003,Age0_F74_m7f7_P74_Y7_UO428,ID7_F29_m37f37_P38_Y5_UO1762,I7_F74_m37f37_P74_Y3_UO1739,MXY,0,0.0,0,0,0.0,0,0,0,0.0,0.8125,1,P36_CV0,2,1,1,1,1,0,2,0,2
74,-870217.168,-352280.8003,Age0_F74_m7f7_P74_Y7_UO443,I7_F74_m30f30_P38_Y5_UO1359,I7_F35_m37f37_P74_Y4_UO1779,MXY,0,0.0,0,0,0.0,0,0,0,0.0,0.5,1,P36_CV0,2,1,1,1,1,0,2,0,2
74,-870217.168,-352280.8003,Age0_F74_m7f7_P74_Y7_UO452,ID7_F38_m37f37_P74_Y4_UO1776,I7_F38_m7f7_P74_Y2_UO490,FXX,0,0.0,0,0,0.0,0,0,0,0.0,0.65625,1,P36_CV0,2,2,0,2,0,0,2,0,2
74,-870217.168,-352280.8003,Age0_F74_m7f7_P74_Y7_UO455,I7_F13_m7f7_P74_Y4_UO397,I7_F38_m37f37_P38_Y2_UO1738,FXX,0,0.0,0,0,0.0,0,0,0,0.0,0.53125,1,P36_CV0,2,1,1,1,1,0,2,0,2
74,-870217.168,-352280.8003,Age0_F74_m7f7_P74_Y7_UO471,I7_F74_m7f7_P38_Y3_UO487,I7_F38_m7f7_P38_Y4_UO421,FXX,0,0.0,0,0,0.0,0,0,0,0.0,0.53125,1,P36_CV0,2,1,1,1,1,0,2,0,2
74,-870217.168,-352280.8003,Age0_F74_m7f7_P74_Y7_UO483,ID7_F74_m7f7_P38_Y2_UO414,I7_F74_m78f78_P38_Y4_UO3437,MXY,0,0.0,0,0,0.0,0,0,0,0.0,0.375,1,P36_CV0,2,1,1,1,1,0,2,0,2
74,-870217.168,-352280.8003,Age0_F74_m7f7_P74_Y7_UO496,I7_F74_m37f37_P38_Y1_UO1612,I7_F74_m88f88_P74_Y2_UO4158,FXX,0,0.0,0,0,0.0,0,0,0,0.0,0.5,1,P36_CV0,2,1,1,1,1,0,2,0,2
74,-870217.168,-352280.8003,Age0_F74_m7f7_P74_Y7_UO509,I7_F74_m-1f-1_P37_Y-1_U176,I7_F13_m88f88_P29_Y5_UO4151,MXY,0,0.0,0,0,0.0,0,0,0,0.0,0.875,1,P36_CV0,2,1,1,2,0,0,2,0,2
74,-870217.168,-352280.8003,Age0_F74_m7f7_P74_Y7_UO520,I7_F74_m-1f-1_P30_Y-1_U194,ID7_F38_m-1f-1_P37_Y-1_U67,FXX,0,0.0,0,0,0.0,0,0,0,0.0,0.75,1,P36_CV0,2,2,0,1,1,0,2,0,2
74,-870217.168,-352280.8003,Age0_F74_m30f30_P74_Y7_UO1436,ID30_F38_m37f37_P13_Y1_UO1599,I30_F74_m12f12_P52_Y2_UO730,MXY,0,0.0,0,0,0.0,0,0,0,0.0,0.625,1,P36_CV0,2,2,0,2,0,0,2,0,2
74,-870217.168,-352280.8003,Age0_F74_m37f37_P74_Y7_UO1674,I37_F38_m7f7_P38_Y5_UO430,ID37_F52_m37f37_P74_Y5_UO1683,MXY,0,0.0,0,0,0.0,0,0,0,0.0,0.40625,1,P36_CV0,2,2,0,2,0,0,2,0,2
74,-870217.168,-352280.8003,Age0_F74_m37f37_P74_Y7_UO1679,I37_F13_m7f7_P74_Y5_UO512,I37_F86_m-1f-1_P37_Y-1_U4,MXY,0,0.0,0,0,0.0,0,0,0,0.0,0.4375,1,P36_CV0,2,0,2,1,1,0,2,0,2
74,-870217.168,-352280.8003,Age0_F74_m37f37_P74_Y7_UO1688,I37_F74_m7f7_P38_Y5_UO441,I37_F29_m88f88_P29_Y5_UO4147,MXY,0,0.0,0,0,0.0,0,0,0,0.0,0.28125,1,P36_CV0,2,0,2,1,1,0,2,0,2
74,-870217.168,-352280.8003,Age0_F74_m37f37_P74_Y7_UO1692,ID37_F74_m7f7_P29_Y5_UO536,I37_F13_m30f30_P74_Y3_UO1433,MXY,0,0.0,0,0,0.0,0,0,0,0.0,0.40625,1,P36_CV0,2,1,1,0,2,0,2,0,2
74,-870217.168,-352280.8003,Age0_F74_m37f37_P74_Y7_UO1710,ID37_F74_m37f37_P38_Y5_UO1767,I37_F74_m37f37_P74_Y4_UO1747,MXY,0,0.0,0,0,0.0,0,0,0,0.0,0.6875,1,P36_CV0,2,1,1,0,2,0,2,0,2
74,-870217.168,-352280.8003,Age0_F74_m37f37_P74_Y7_UO1718,I37_F74_m90f90_P86_Y4_UO4198,I37_F74_m-1f-1_P37_Y-1_U225,MXY,0,0.0,0,0,0.0,0,0,0,0.0,0.5,1,P36_CV0,2,1,1,0,2,0,2,0,2
74,-870217.168,-352280.8003,Age0_F74_m37f37_P74_Y7_UO1772,I37_F74_m88f88_P29_Y1_UO3958,ID37_F38_m37f37_P38_Y4_UO1744,MXY,0,0.0,0,0,0.0,0,0,0,0.0,0.75,1,P36_CV0,2,2,0,0,2,0,2,0,2
74,-870217.168,-352280.8003,Age0_F74_m37f37_P74_Y7_UO1775,I37_F74_m88f88_P29_Y1_UO3944,I37_F38_m30f30_P38_Y5_UO1432,FXX,0,0.0,0,0,0.0,0,0,0,0.0,0.625,1,P36_CV0,2,1,1,1,1,0,2,0,2
74,-870217.168,-352280.8003,Age0_F74_m37f37_P74_Y7_UO1784,I37_F13_m-1f-1_P30_Y-1_U87,ID37_F38_m7f7_P29_Y5_UO523,FXX,0,0.0,0,0,0.0,0,0,0,0.0,0.5625,1,P36_CV0,2,1,1,1,1,0,2,0,2
74,-870217.168,-352280.8003,Age0_F74_m37f37_P74_Y7_UO1791,I37_F74_m-1f-1_P37_Y-1_U12,I37_F38_m-1f-1_P37_Y-1_U162,FXX,0,0.0,0,0,0.0,0,0,0,0.0,0.5,1,P36_CV0,2,1,1,1,1,0,2,0,2
74,-870217.168,-352280.8003,E74_F7_m7f7_P29_Y6_UO447,ID7_F38_m30f30_P38_Y3_UO1365,I7_F74_m37f37_P38_Y2_UO1689,FXX,1,0.0,1,1,1.0,0,0,0,-9999.0,0.5625,1,P36_CV0,2,1,1,1,1,0,2,0,2
74,-870217.168,-352280.8003,E74_F7_m37f37_P29_Y6_UO1712,I37_F35_m37f37_P13_Y4_UO1683,ID37_F52_m88f88_P74_Y4_UO4107,FXX,1,0.0,1,1,1.0,0,0,0,-9999.0,0.1875,1,P36_CV0,2,0,2,1,1,0,2,0,2
74,-870217.168,-352280.8003,E74_F7_m37f37_P29_Y6_UO1787,I37_F38_m37f37_P74_Y1_UO1573,I37_F74_m-1f-1_P37_Y-1_U4,MXY,1,0.0,1,1,0.0,0,0,0,-9999.0,0.375,1,P36_CV0,2,1,1,0,2,0,2,0,2
74,-870217.168,-352280.8003,E74_F7_m88f88_P29_Y6_UO4172,I88_F29_m37f37_P29_Y3_UO1678,I88_F74_m30f30_P74_Y1_UO1305,MXY,1,0.0,1,1,0.0,0,0,0,-9999.0,0.3125,1,P36_CV0,2,0,2,1,1,0,2,0,2
74,-870217.168,-352280.8003,E74_F7_m7f7_P38_Y6_UO501,ID7_F38_m37f37_P38_Y0_UO1762,ID7_F38_m37f37_P38_Y2_UO1738,MXY,1,0.0,1,1,0.0,0,0,0,-9999.0,0.625,1,P36_CV0,2,0,2,1,1,0,2,0,2
74,-870217.168,-352280.8003,E74_F7_m37f37_P38_Y6_UO1798,ID37_F38_m37f37_P38_Y0_UO1801,I37_F93_m78f78_P13_Y2_UO3482,MXY,1,0.0,1,1,0.0,0,0,0,-9999.0,0.5625,1,P36_CV0,2,2,0,0,2,0,2,0,2
74,-870217.168,-352280.8003,E74_F7_m30f30_P52_Y6_UO1367,I30_F38_m7f7_P38_Y4_UO425,I30_F52_m7f7_P38_Y0_UO499,FXX,1,0.0,1,1,1.0,0,0,0,-9999.0,0.4375,1,P36_CV0,2,1,1,1,1,0,2,0,2
74,-870217.168,-352280.8003,E74_F7_m7f7_P74_Y6_UO441,I7_F38_m78f78_P29_Y4_UO3453,I7_F74_m7f7_P74_Y4_UO490,MXY,1,0.0,1,1,0.0,0,0,0,-9999.0,0.5,1,P36_CV0,2,0,2,1,1,0,2,0,2
74,-870217.168,-352280.8003,E74_F7_m7f7_P74_Y6_UO465,I7_F38_m7f7_P38_Y3_UO487,I7_F74_m37f37_P38_Y3_UO1722,MXY,1,0.0,1,1,0.0,0,0,0,-9999.0,0.6875,1,P36_CV0,2,1,1,1,1,0,2,0,2
74,-870217.168,-352280.8003,E74_F7_m7f7_P74_Y6_UO474,I7_F38_m7f7_P38_Y2_UO456,ID7_F74_m-1f-1_P37_Y-1_U239,MXY,1,0.0,1,1,0.0,0,0,0,-9999.0,0.375,1,P36_CV0,2,0,2,2,0,0,2,0,2
74,-870217.168,-352280.8003,E74_F7_m7f7_P74_Y6_UO508,ID7_F38_m-1f-1_P37_Y-1_U176,I7_F74_m-1f-1_P7_Y-1_U19,FXX,1,0.0,1,1,1.0,0,0,0,-9999.0,0.75,1,P36_CV0,2,2,0,2,0,0,2,0,2
74,-870217.168,-352280.8003,E74_F7_m7f7_P74_Y6_UO516,ID7_F38_m-1f-1_P37_Y-1_U88,ID7_F74_m7f7_P38_Y4_UO421,FXX,1,0.0,1,1,1.0,0,0,0,-9999.0,0.46875,1,P36_CV0,2,1,1,1,1,0,2,0,2
74,-870217.168,-352280.8003,E74_F7_m7f7_P74_Y6_UO526,ID7_F38_m-1f-1_P30_Y-1_U102,ID7_F13_m-1f-1_P37_Y-1_U190,MXY,1,0.0,1,1,0.0,0,0,0,-9999.0,0.25,1,P36_CV0,2,0,2,1,1,0,2,0,2
74,-870217.168,-352280.8003,E74_F7_m7f7_P74_Y6_UO532,I7_F38_m-1f-1_P7_Y-1_U54,I7_F38_m37f37_P38_Y1_UO1574,MXY,1,0.0,1,1,0.0,0,0,0,-9999.0,0.125,1,P36_CV0,2,0,2,2,0,0,2,0,2
74,-870217.168,-352280.8003,E74_F7_m37f37_P74_Y6_UO1713,ID37_F35_m30f30_P38_Y4_UO1415,I37_F38_m37f37_P74_Y4_UO1729,MXY,1,0.0,1,1,0.0,0,0,0,-9999.0,0.375,1,P36_CV0,2,1,1,1,1,0,2,0,2
74,-870217.168,-352280.8003,E74_F7_m37f37_P74_Y6_UO1781,I37_F52_m7f7_P38_Y1_UO414,ID37_F74_m78f78_P13_Y1_UO3373,MXY,1,0.0,1,1,0.0,0,0,0,-9999.0,0.5,1,P36_CV0,2,1,1,1,1,0,2,0,2
74,-870217.168,-352280.8003,E74_F7_m37f37_P74_Y6_UO1815,I37_F35_m-1f-1_P37_Y-1_U59,I37_F74_m78f78_P13_Y4_UO3512,FXX,1,0.0,1,1,1.0,0,0,0,-9999.0,0.5,1,P36_CV0,2,0,2,1,1,0,2,0,2
74,-870217.168,-352280.8003,E74_F37_m30f30_P13_Y6_UO1449,I30_F35_m-1f-1_P37_Y-1_U163,I30_F38_m-1f-1_P7_Y-1_U165,MXY,1,0.0,1,1,0.0,0,0,0,-9999.0,0.5,1,P36_CV0,2,1,1,1,1,0,2,0,2
74,-870217.168,-352280.8003,E74_F37_m88f88_P29_Y6_UO4187,I88_F29_m-1f-1_P88_Y-1_U224,I88_F29_m37f37_P29_Y4_UO1681,FXX,1,0.0,1,1,1.0,0,0,0,-9999.0,0.5,1,P36_CV0,2,2,0,0,2,0,2,0,2
74,-870217.168,-352280.8003,E74_F37_m37f37_P38_Y6_UO1771,I37_F38_m37f37_P13_Y2_UO1696,I37_F38_m7f7_P74_Y4_UO503,FXX,1,0.0,1,1,1.0,0,0,0,-9999.0,0.625,1,P36_CV0,2,1,1,1,1,0,2,0,2
74,-870217.168,-352280.8003,E74_F37_m7f7_P74_Y6_UO449,I7_F38_m30f30_P38_Y3_UO1389,I7_F38_m37f37_P74_Y1_UO1619,MXY,1,0.0,1,1,0.0,0,0,0,-9999.0,0.3125,1,P36_CV0,2,0,2,0,2,0,2,0,2
74,-870217.168,-352280.8003,E74_F37_m30f30_P74_Y6_UO1372,I30_F38_m37f37_P38_Y4_UO1689,ID30_F74_m-1f-1_P37_Y-1_U80,MXY,1,0.0,1,1,0.0,0,0,0,-9999.0,0.5625,1,P36_CV0,2,2,0,1,1,0,2,0,2
74,-870217.168,-352280.8003,E74_F37_m37f37_P74_Y6_UO1775,I37_F74_m7f7_P74_Y2_UO395,I37_F38_m-1f-1_P37_Y-1_U155,FXX,1,0.0,1,1,1.0,0,0,0,-9999.0,0.25,1,P36_CV0,2,0,2,0,2,0,2,0,2
74,-870217.168,-352280.8003,E74_F7_m7f7_P74_Y5_UO507,I7_F74_m37f37_P38_Y0_UO1748,ID7_F38_m-1f-1_P7_Y-1_U168,FXX,2,0.0,1,0,1.0,0,0,0,-9999.0,0.875,1,P36_CV0,2,1,1,0,2,0,2,0,2
74,-870217.168,-352280.8003,E74_F7_m37f37_P38_Y5_UO1743,I37_F38_m37f37_P38_Y1_UO1554,ID37_F93_m30f30_P52_Y0_UO1452,FXX,2,0.0,1,0,1.0,0,0,0,-9999.0,0.625,1,P36_CV0,2,1,1,1,1,0,2,0,2
74,-870217.168,-352280.8003,E74_F7_m7f7_P38_Y5_UO427,I7_F38_m7f7_P74_Y3_UO403,I7_F74_m37f37_P38_Y1_UO1574,FXX,2,0.0,1,0,1.0,0,0,0,-9999.0,0.25,1,P36_CV0,2,1,1,0,2,0,2,0,2
74,-870217.168,-352280.8003,E74_F7_m37f37_P38_Y5_UO1762,I37_F74_m-1f-1_P37_Y-1_U111,I37_F38_m23f23_P52_Y2_UO1180,FXX,2,0.0,1,0,1.0,0,0,0,-9999.0,0.625,1,P36_CV0,2,1,1,1,1,0,2,0,2
74,-870217.168,-352280.8003,E74_F7_m37f37_P13_Y5_UO1674,I37_F38_m37f37_P74_Y3_UO1725,I37_F38_m-1f-1_P37_Y-1_U67,MXY,2,0.0,1,0,0.0,0,0,0,-9999.0,0.75,1,P36_CV0,2,2,0,0,2,0,2,0,2
74,-870217.168,-352280.8003,E74_F7_m37f37_P29_Y5_UO1776,I37_F13_m-1f-1_P37_Y-1_U18,I37_F38_m23f23_P52_Y0_UO1273,MXY,2,0.0,1,0,0.0,0,0,0,-9999.0,0.75,1,P36_CV0,2,2,0,1,1,0,2,0,2
74,-870217.168,-352280.8003,E74_F7_m37f37_P74_Y5_UO1703,ID37_F38_m30f30_P13_Y3_UO1413,ID37_F74_m37f37_P38_Y3_UO1720,FXX,2,0.0,1,0,1.0,0,0,0,-9999.0,0.6875,1,P36_CV0,2,1,1,0,2,0,2,0,2
74,-870217.168,-352280.8003,E74_F30_m37f37_P38_Y5_UO1763,I37_F13_m-1f-1_P37_Y-1_U176,ID37_F38_m78f78_P13_Y1_UO3373,FXX,2,0.0,1,0,1.0,0,0,0,-9999.0,0.75,1,P36_CV0,2,2,0,0,2,0,2,0,2
74,-870217.168,-352280.8003,E74_F37_m37f37_P74_Y5_UO1735,I37_F38_m37f37_P74_Y1_UO1536,ID37_F38_m-1f-1_P37_Y-1_U213,MXY,2,0.0,1,0,0.0,0,0,0,-9999.0,0.75,1,P36_CV0,2,1,1,1,1,0,2,0,2
74,-870217.168,-352280.8003,E74_F37_m7f7_P74_Y5_UO512,I7_F74_m-1f-1_P37_Y-1_U180,ID7_F13_m88f88_P29_Y2_UO4165,FXX,2,0.0,1,0,1.0,0,0,0,-9999.0,0.875,1,P36_CV0,2,1,1,1,1,0,2,0,2
74,-870217.168,-352280.8003,E74_F37_m30f30_P74_Y5_UO1418,I30_F74_m-1f-1_P37_Y-1_U97,ID30_F38_m78f78_P74_Y2_UO3497,MXY,2,0.0,1,0,0.0,0,0,0,-9999.0,0.5,1,P36_CV0,2,1,1,0,2,0,2,0,2
74,-870217.168,-352280.8003,E74_F37_m7f7_P38_Y5_UO441,I7_F38_m7f7_P74_Y3_UO384,I7_F74_m30f30_P38_Y0_UO1428,FXX,2,0.0,1,0,1.0,0,0,0,-9999.0,0.3125,1,P36_CV0,2,1,1,0,2,0,2,0,2
74,-870217.168,-352280.8003,E74_F37_m7f7_P29_Y5_UO536,ID7_F35_m-1f-1_P37_Y-1_U237,I7_F38_m37f37_P29_Y3_UO1690,FXX,2,0.0,1,0,1.0,0,0,0,-9999.0,0.5625,1,P36_CV0,2,1,1,0,2,0,2,0,2
74,-870217.168,-352280.8003,E74_F37_m46f46_P13_Y5_UO2304,I46_F86_m-1f-1_P12_Y-1_U128,I46_F52_m30f30_P13_Y3_UO1358,FXX,2,0.0,1,0,1.0,0,0,0,-9999.0,0.6875,1,P36_CV0,2,2,0,1,1,0,2,0,2
74,-870217.168,-352280.8003,E74_F37_m37f37_P74_Y5_UO1683,I37_F13_m7f7_P74_Y3_UO407,I37_F38_m7f7_P74_Y2_UO417,MXY,2,0.0,1,0,0.0,0,0,0,-9999.0,0.375,1,P36_CV0,2,1,1,1,1,0,2,0,2
74,-870217.168,-352280.8003,E74_F37_m7f7_P38_Y5_UO462,ID7_F13_m7f7_P74_Y2_UO412,ID7_F74_m37f37_P38_Y2_UO1689,MXY,2,0.0,1,0,0.0,0,0,0,-9999.0,0.375,1,P36_CV0,2,2,0,0,2,0,2,0,2
74,-870217.168,-352280.8003,E74_F7_m37f37_P74_Y4_UO1779,I37_F74_m-1f-1_P37_Y-1_U109,I37_F38_m7f7_P29_Y1_UO396,MXY,3,0.0,1,0,0.0,0,0,0,-9999.0,0.625,1,P36_CV0,2,2,0,2,0,0,2,0,2
74,-870217.168,-352280.8003,E74_F7_m37f37_P74_Y4_UO1776,ID37_F38_m-1f-1_P37_Y-1_U242,ID37_F74_m37f37_P13_Y2_UO1649,FXX,3,0.0,1,0,1.0,0,0,0,-9999.0,0.8125,1,P36_CV0,2,2,0,2,0,0,2,0,2
74,-870217.168,-352280.8003,E74_F7_m7f7_P38_Y4_UO471,I7_F74_m-1f-1_P37_Y-1_U74,ID7_F35_m-1f-1_P37_Y-1_U128,MXY,3,0.0,1,0,0.0,0,0,0,-9999.0,0.25,1,P36_CV0,2,1,1,0,2,0,2,0,2
74,-870217.168,-352280.8003,E74_F7_m37f37_P38_Y4_UO1772,I37_F74_m-1f-1_P37_Y-1_U130,I37_F29_m7f7_P74_Y2_UO481,FXX,3,0.0,1,0,1.0,0,0,0,-9999.0,0.75,1,P36_CV0,2,1,1,0,2,0,2,0,2
74,-870217.168,-352280.8003,E74_F30_m37f37_P13_Y4_UO1682,I37_F38_m37f37_P38_Y2_UO1665,I37_F52_m78f78_P13_Y0_UO3817,FXX,3,0.0,1,0,1.0,0,0,0,-9999.0,0.3125,1,P36_CV0,2,1,1,2,0,0,2,0,2
74,-870217.168,-352280.8003,E74_F37_m37f37_P74_Y4_UO1747,I37_F38_m-1f-1_P37_Y-1_U103,I37_F13_m37f37_P74_Y0_UO1777,MXY,3,0.0,1,0,0.0,0,0,0,-9999.0,0.375,1,P36_CV0,2,1,1,1,1,0,2,0,2
74,-870217.168,-352280.8003,E74_F37_m78f78_P93_Y4_UO3494,I78_F29_m-1f-1_P78_Y-1_U57,ID78_F13_m-1f-1_P37_Y-1_U169,FXX,3,0.0,1,0,1.0,0,0,0,-9999.0,0.25,1,P36_CV0,2,1,1,1,1,0,2,0,2
74,-870217.168,-352280.8003,E74_F37_m7f7_P74_Y4_UO474,ID7_F52_m-1f-1_P30_Y-1_U53,I7_F29_m-1f-1_P37_Y-1_U96,FXX,3,0.0,1,0,1.0,0,0,0,-9999.0,0.5,1,P36_CV0,2,1,1,1,1,0,2,0,2
74,-870217.168,-352280.8003,E74_F37_m37f37_P74_Y4_UO1729,I37_F13_m7f7_P74_Y0_UO456,ID37_F52_m7f7_P38_Y2_UO434,MXY,3,0.0,1,0,0.0,0,0,0,-9999.0,0.25,1,P36_CV0,2,0,2,1,1,0,2,0,2
74,-870217.168,-352280.8003,E74_F37_m7f7_P29_Y4_UO426,I7_F74_m30f30_P74_Y1_UO1331,I7_F52_m37f37_P74_Y0_UO1815,FXX,3,0.0,1,0,1.0,0,0,0,-9999.0,0.375,1,P36_CV0,2,1,1,1,1,0,2,0,2
74,-870217.168,-352280.8003,E74_F7_m7f7_P74_Y3_UO445,ID7_F13_m-1f-1_P37_Y-1_U74,I7_F74_m7f7_P74_Y1_UO402,FXX,4,0.0,1,0,1.0,0,0,0,-9999.0,0.5,1,P36_CV0,2,2,0,1,1,0,2,0,2
74,-870217.168,-352280.8003,E74_F7_m37f37_P38_Y3_UO1687,I37_F38_m37f37_P74_Y1_UO1543,I37_F38_m-1f-1_P37_Y-1_U27,MXY,4,0.0,1,0,0.0,0,0,0,-9999.0,0.5,1,P36_CV0,2,1,1,1,1,0,2,0,2
74,-870217.168,-352280.8003,E74_F7_m7f7_P38_Y3_UO487,I7_F38_m-1f-1_P37_Y-1_U194,ID7_F93_m7f7_P74_Y0_UO414,FXX,4,0.0,1,0,1.0,0,0,0,-9999.0,0.625,1,P36_CV0,2,2,0,1,1,0,2,0,2
74,-870217.168,-352280.8003,E74_F37_m30f30_P74_Y3_UO1388,I30_F13_m37f37_P74_Y0_UO1767,I30_F38_m78f78_P93_Y1_UO3375,MXY,4,0.0,1,0,0.0,0,0,0,-9999.0,0.5,1,P36_CV0,2,1,1,0,2,0,2,0,2
74,-870217.168,-352280.8003,E74_F37_m37f37_P38_Y3_UO1776,I37_F13_m-1f-1_P37_Y-1_U17,I37_F74_m-1f-1_P37_Y-1_U32,MXY,4,0.0,1,0,0.0,0,0,0,-9999.0,0.5,1,P36_CV0,2,0,2,2,0,0,2,0,2
74,-870217.168,-352280.8003,E74_F30_m37f37_P38_Y2_UO1679,I37_F74_m-1f-1_P37_Y-1_U105,ID37_F38_m-1f-1_P37_Y-1_U50,FXX,5,0.0,1,0,1.0,0,0,0,-9999.0,0.5,1,P36_CV0,2,1,1,2,0,0,2,0,2
74,-870217.168,-352280.8003,E74_F37_m7f7_P74_Y2_UO417,I7_F38_m37f37_P74_Y0_UO1742,I7_F38_m7f7_P38_Y0_UO429,MXY,5,0.0,1,0,0.0,0,0,0,-9999.0,0.375,1,P36_CV0,2,0,2,1,1,0,2,0,2
74,-870217.168,-352280.8003,E74_F7_m37f37_P38_Y1_UO1574,I37_F38_m-1f-1_P37_Y-1_U82,ID37_F38_m-1f-1_P7_Y-1_U238,MXY,6,0.0,1,0,0.0,0,0,0,-9999.0,0.25,1,P36_CV0,2,0,2,1,1,0,2,0,2
74,-870217.168,-352280.8003,E74_F7_m37f37_P38_Y1_UO1612,I37_F93_m-1f-1_P37_Y-1_U109,I37_F74_m-1f-1_P37_Y-1_U28,FXX,6,0.0,1,0,1.0,0,0,0,-9999.0,0.5,1,P36_CV0,2,1,1,1,1,0,2,0,2
74,-870217.168,-352280.8003,E74_F30_m37f37_P13_Y1_UO1599,I37_F13_m-1f-1_P37_Y-1_U237,I37_F38_m-1f-1_P37_Y-1_U222,FXX,6,0.0,1,0,1.0,0,0,0,-9999.0,0.5,1,P36_CV0,2,2,0,1,1,0,2,0,2
74,-870217.168,-352280.8003,E74_F37_m7f7_P38_Y1_UO414,ID7_F74_m-1f-1_P37_Y-1_U158,I7_F38_m-1f-1_P7_Y-1_U216,FXX,6,0.0,1,0,1.0,0,0,0,-9999.0,0.5,1,P36_CV0,2,1,1,1,1,0,2,0,2
74,-870217.168,-352280.8003,E74_F37_m7f7_P29_Y1_UO401,I7_F38_m-1f-1_P7_Y-1_U116,ID7_F13_m-1f-1_P37_Y-1_U164,MXY,6,0.0,1,0,0.0,0,0,0,-9999.0,1.0,1,P36_CV0,2,2,0,1,1,0,2,0,2
74,-870217.168,-352280.8003,E74_F7_m-1f-1_P37_Y-1_U176,-9999,-9999,FXX,8,0.0,1,0,1.0,0,0,0,-9999.0,1.0,1,P36_CV0,2,2,0,1,1,0,2,0,2
74,-870217.168,-352280.8003,E74_F37_m-1f-1_P37_Y-1_U155,-9999,-9999,MXY,9,0.0,1,0,0.0,0,0,0,-9999.0,0.0,1,P36_CV0,2,0,2,0,2,0,2,0,2
74,-870217.168,-352280.8003,E74_F7_m-1f-1_P37_Y-1_U37,-9999,-9999,FXX,11,0.0,1,0,1.0,0,0,0,-9999.0,0.5,1,P36_CV0,2,1,1,1,1,0,2,0,2
74,-870217.168,-352280.8003,E74_F7_m-1f-1_P37_Y-1_U67,-9999,-9999,MXY,11,0.0,1,0,0.0,0,0,0,-9999.0,1.0,1,P36_CV0,2,2,0,0,2,0,2,0,2
74,-870217.168,-352280.8003,E74_F37_m-1f-1_P37_Y-1_U12,-9999,-9999,FXX,11,0.0,1,0,1.0,0,0,0,-9999.0,0.5,1,P36_CV0,2,1,1,1,1,0,2,0,2
74,-870217.168,-352280.8003,E74_F7_m-1f-1_P37_Y-1_U239,-9999,-9999,MXY,12,0.0,1,0,0.0,0,0,0,-9999.0,0.5,1,P36_CV0,2,1,1,1,1,0,2,0,2
74,-870217.168,-352280.8003,E74_F37_m-1f-1_P37_Y-1_U96,-9999,-9999,MXY,13,0.0,1,0,0.0,0,0,0,-9999.0,0.0,1,P36_CV0,2,0,2,1,1,0,2,0,2
74,-870217.168,-352280.8003,E74_F7_m-1f-1_P37_Y-1_U128,-9999,-9999,MXY,14,0.0,1,0,0.0,0,0,0,-9999.0,0.0,1,P36_CV0,2,0,2,1,1,0,2,0,2
74,-870217.168,-352280.8003,E74_F7_m-1f-1_P37_Y-1_U118,-9999,-9999,MXY,15,0.0,1,0,0.0,0,0,0,-9999.0,0.5,1,P36_CV0,2,1,1,2,0,0,2,0,2
74,-870217.168,-352280.8003,E74_F7_m-1f-1_P37_Y-1_U109,-9999,-9999,FXX,15,0.0,1,0,1.0,0,0,0,-9999.0,0.5,1,P36_CV0,2,1,1,1,1,0,2,0,2
74,-870217.168,-352280.8003,E74_F37_m90f90_P35_Y6_UO4267,I90_F6_m46f46_P52_Y3_UO2231,I90_F99_m90f90_P86_Y4_UO4226,FXX,1,0.0,1,1,1.0,0,0,0,-9999.0,0.5,1,P38_CV0,2,1,1,0,2,0,2,0,2
74,-870217.168,-352280.8003,Age0_F74_m7f7_P74_Y7_UO427,ID7_F29_m23f23_P35_Y5_UO1148,I7_F74_m30f30_P74_Y3_UO1428,FXX,0,0.0,0,0,0.0,0,0,0,0.0,0.65625,1,P39_CV0,2,1,1,0,2,0,2,0,2
74,-870217.168,-352280.8003,E74_F7_m23f23_P35_Y5_UO1148,I23_F57_m7f7_P35_Y3_UO409,I23_F6_m40f40_P57_Y2_UO1908,FXX,2,0.0,1,0,1.0,0,0,0,-9999.0,0.5625,1,P39_CV0,2,1,1,0,2,0,2,0,2
74,-870217.168,-352280.8003,Age0_F74_m30f30_P74_Y7_UO1380,I30_F52_m30f30_P13_Y4_UO1403,I30_F38_m46f46_P93_Y5_UO2298,FXX,0,0.0,0,0,0.0,0,0,0,0.0,0.53125,1,P41_CV0,2,1,1,1,1,0,2,0,2
74,-870217.168,-352280.8003,Age0_F74_m7f7_P74_Y7_UO434,I7_F38_m37f37_P38_Y5_UO1749,I7_F38_m7f7_P74_Y5_UO428,MXY,0,0.0,0,0,0.0,0,0,0,0.0,0.53125,1,P45_CV0,2,1,1,0,2,0,2,0,2
74,-870217.168,-352280.8003,Age0_F74_m7f7_P74_Y7_UO470,I7_F38_m30f30_P74_Y3_UO1341,I7_F74_m-1f-1_P7_Y-1_U67,MXY,0,0.0,0,0,0.0,0,0,0,0.0,0.8125,1,P45_CV0,2,2,0,1,1,0,2,0,2
74,-870217.168,-352280.8003,Age0_F74_m7f7_P74_Y7_UO495,ID7_F38_m46f46_P38_Y1_UO2073,I7_F38_m37f37_P38_Y5_UO1782,MXY,0,0.0,0,0,0.0,0,0,0,0.0,0.625,1,P45_CV0,2,1,1,0,2,0,2,0,2
74,-870217.168,-352280.8003,Age0_F74_m37f37_P74_Y7_UO1678,I37_F38_m7f7_P13_Y5_UO433,I37_F38_m7f7_P38_Y1_UO400,MXY,0,0.0,0,0,0.0,0,0,0,0.0,0.8125,1,P45_CV0,2,2,0,1,1,0,2,0,2
74,-870217.168,-352280.8003,Age0_F74_m46f46_P74_Y7_UO2333,I46_F13_m46f46_P52_Y0_UO2417,I46_F52_m87f87_P13_Y2_UO4059,MXY,0,0.0,0,0,0.0,0,0,0,0.0,0.4375,1,P45_CV0,2,1,1,1,1,0,2,0,2
74,-870217.168,-352280.8003,E74_F7_m30f30_P38_Y6_UO1459,I30_F52_m-1f-1_P7_Y-1_U174,I30_F38_m-1f-1_P46_Y-1_U51,FXX,1,0.0,1,1,1.0,0,0,0,-9999.0,0.75,1,P45_CV0,2,2,0,1,1,0,2,0,2
74,-870217.168,-352280.8003,E74_F7_m7f7_P74_Y6_UO435,I7_F29_m30f30_P74_Y4_UO1400,I7_F29_m-1f-1_P46_Y-1_U224,FXX,1,0.0,1,1,1.0,0,0,0,-9999.0,0.5,1,P45_CV0,2,0,2,2,0,0,2,0,2
74,-870217.168,-352280.8003,E74_F7_m37f37_P74_Y6_UO1691,I37_F74_m37f37_P74_Y4_UO1751,I37_F74_m12f12_P13_Y1_UO623,FXX,1,0.0,1,1,1.0,0,0,0,-9999.0,0.625,1,P45_CV0,2,1,1,0,2,0,2,0,2
74,-870217.168,-352280.8003,E74_F7_m37f37_P74_Y6_UO1722,I37_F38_m37f37_P38_Y4_UO1763,I37_F38_m46f46_P93_Y3_UO2227,MXY,1,0.0,1,1,0.0,0,0,0,-9999.0,0.4375,1,P45_CV0,2,1,1,1,1,0,2,0,2
74,-870217.168,-352280.8003,E74_F37_m30f30_P38_Y6_UO1455,I30_F35_m-1f-1_P46_Y-1_U100,I30_F38_m30f30_P13_Y3_UO1436,FXX,1,0.0,1,1,1.0,0,0,0,-9999.0,0.5,1,P45_CV0,2,0,2,2,0,0,2,0,2
74,-870217.168,-352280.8003,E74_F37_m37f37_P38_Y6_UO1783,I37_F38_m23f23_P35_Y1_UO1114,I37_F38_m46f46_P93_Y3_UO2227,FXX,1,0.0,1,1,1.0,0,0,0,-9999.0,0.4375,1,P45_CV0,2,0,2,2,0,0,2,0,2
74,-870217.168,-352280.8003,E74_F37_m46f46_P52_Y6_UO2353,ID46_F52_m-1f-1_P46_Y-1_U78,I46_F52_m7f7_P38_Y0_UO469,MXY,1,0.0,1,1,0.0,0,0,0,-9999.0,0.625,1,P45_CV0,2,2,0,1,1,0,2,0,2
74,-870217.168,-352280.8003,E74_F37_m37f37_P74_Y6_UO1825,I37_F74_m-1f-1_P46_Y-1_U0,I37_F93_m-1f-1_P37_Y-1_U67,MXY,1,0.0,1,1,0.0,0,0,0,-9999.0,0.75,1,P45_CV0,2,1,1,0,2,0,2,0,2
74,-870217.168,-352280.8003,E74_F7_m78f78_P93_Y5_UO3480,ID78_F29_m46f46_P93_Y2_UO2263,I78_F13_m88f88_P29_Y3_UO4102,FXX,2,0.0,1,0,1.0,0,0,0,-9999.0,0.5625,1,P45_CV0,2,1,1,0,2,0,2,0,2
74,-870217.168,-352280.8003,E74_F7_m7f7_P74_Y5_UO428,I7_F74_m30f30_P74_Y3_UO1429,I7_F29_m7f7_P74_Y3_UO426,MXY,2,0.0,1,0,0.0,0,0,0,-9999.0,0.3125,1,P45_CV0,2,1,1,1,1,0,2,0,2
74,-870217.168,-352280.8003,E74_F7_m37f37_P38_Y5_UO1749,ID37_F13_m46f46_P13_Y1_UO2111,I37_F29_m7f7_P38_Y2_UO392,FXX,2,0.0,1,0,1.0,0,0,0,-9999.0,0.75,1,P45_CV0,2,2,0,0,2,0,2,0,2
74,-870217.168,-352280.8003,E74_F30_m46f46_P52_Y5_UO2250,I46_F35_m23f23_P86_Y2_UO1214,I46_F52_m-1f-1_P46_Y-1_U1,FXX,2,0.0,1,0,1.0,0,0,0,-9999.0,0.5,1,P45_CV0,2,1,1,1,1,0,2,0,2
74,-870217.168,-352280.8003,E74_F37_m7f7_P38_Y5_UO430,I7_F74_m30f30_P74_Y3_UO1341,I7_F74_m7f7_P74_Y0_UO414,FXX,2,0.0,1,0,1.0,0,0,0,-9999.0,0.4375,1,P45_CV0,2,1,1,1,1,0,2,0,2
74,-870217.168,-352280.8003,E74_F37_m7f7_P13_Y5_UO433,ID7_F74_m46f46_P52_Y3_UO2267,I7_F74_m37f37_P74_Y3_UO1728,FXX,2,0.0,1,0,1.0,0,0,0,-9999.0,0.625,1,P45_CV0,2,1,1,1,1,0,2,0,2
74,-870217.168,-352280.8003,E74_F37_m37f37_P74_Y5_UO1733,ID37_F38_m46f46_P38_Y1_UO2073,I37_F38_m-1f-1_P37_Y-1_U4,FXX,2,0.0,1,0,1.0,0,0,0,-9999.0,0.25,1,P45_CV0,2,1,1,0,2,0,2,0,2
74,-870217.168,-352280.8003,E74_F7_m30f30_P74_Y3_UO1341,I30_F38_m37f37_P38_Y1_UO1546,ID30_F52_m46f46_P52_Y1_UO2116,FXX,4,0.0,1,0,1.0,0,0,0,-9999.0,0.625,1,P45_CV0,2,2,0,0,2,0,2,0,2
74,-870217.168,-352280.8003,E74_F37_m30f30_P38_Y3_UO1402,I30_F74_m-1f-1_P30_Y-1_U234,I30_F38_m-1f-1_P46_Y-1_U188,FXX,4,0.0,1,0,1.0,0,0,0,-9999.0,0.75,1,P45_CV0,2,2,0,0,2,0,2,0,2
74,-870217.168,-352280.8003,E74_F7_m46f46_P38_Y1_UO2073,I46_F52_m-1f-1_P46_Y-1_U161,I46_F93_m-1f-1_P46_Y-1_U164,FXX,6,0.0,1,0,1.0,0,0,0,-9999.0,0.5,1,P45_CV0,2,1,1,0,2,0,2,0,2
74,-870217.168,-352280.8003,E74_F46_m46f46_P52_Y0_UO2417,R46_F46_m-1f-1_P46_Y-1_U228,R46_F46_m-1f-1_P46_Y-1_U178,FXX,7,0.0,1,0,1.0,0,0,0,-9999.0,0.75,1,P45_CV0,2,1,1,2,0,0,2,0,2
74,-870217.168,-352280.8003,E74_F7_m30f30_P13_Y6_UO1451,ID30_F74_m-1f-1_P37_Y-1_U186,I30_F52_m50f50_P86_Y2_UO2424,FXX,1,0.0,1,1,1.0,0,0,0,-9999.0,0.375,1,P49_CV0,2,1,1,0,2,0,2,0,2
74,-870217.168,-352280.8003,E74_F7_m7f7_P13_Y4_UO437,I7_F74_m30f30_P74_Y1_UO1311,ID7_F86_m50f50_P86_Y2_UO2424,MXY,3,0.0,1,0,0.0,0,0,0,-9999.0,0.5,1,P49_CV0,2,1,1,0,2,0,2,0,2
74,-870217.168,-352280.8003,E74_F37_m78f78_P38_Y5_UO3464,I78_F13_m34f34_P54_Y3_UO1563,I78_F93_m-1f-1_P78_Y-1_U119,MXY,2,0.0,1,0,0.0,0,0,0,-9999.0,0.125,1,P52_CV0,2,0,2,1,1,0,2,0,2
74,-870217.168,-352280.8003,Age0_F74_m37f37_P74_Y7_UO1728,ID37_F38_m39f39_P13_Y4_UO1829,I37_F35_m78f78_P13_Y2_UO3482,FXX,0,0.0,0,0,0.0,0,0,0,0.0,0.375,1,P59_CV0,2,0,2,1,1,0,2,0,2
74,-870217.168,-352280.8003,E74_F37_m39f39_P13_Y4_UO1829,ID39_F93_m60f60_P75_Y1_UO2759,ID39_F93_m-1f-1_P46_Y-1_U246,FXX,3,0.0,1,0,1.0,0,0,0,-9999.0,0.375,1,P59_CV0,2,0,2,2,0,0,2,0,2
74,-870217.168,-352280.8003,Age0_F74_m7f7_P74_Y7_UO416,I7_F74_m7f7_P74_Y5_UO507,I7_F38_m7f7_P74_Y4_UO490,MXY,0,0.0,0,0,0.0,0,0,0,0.0,0.6875,1,P6_CV0,2,1,1,0,2,0,2,0,2
74,-870217.168,-352280.8003,Age0_F74_m7f7_P74_Y7_UO420,I7_F74_m30f30_P38_Y5_UO1443,I7_F38_m37f37_P38_Y4_UO1690,MXY,0,0.0,0,0,0.0,0,0,0,0.0,0.21875,1,P6_CV0,2,0,2,0,2,0,2,0,2
74,-870217.168,-352280.8003,Age0_F74_m7f7_P74_Y7_UO449,I7_F74_m37f37_P74_Y4_UO1768,ID7_F38_m37f37_P38_Y4_UO1724,MXY,0,0.0,0,0,0.0,0,0,0,0.0,0.75,1,P6_CV0,2,1,1,1,1,0,2,0,2
74,-870217.168,-352280.8003,Age0_F74_m7f7_P74_Y7_UO454,I7_F74_m37f37_P38_Y4_UO1750,I7_F74_m-1f-1_P7_Y-1_U233,FXX,0,0.0,0,0,0.0,0,0,0,0.0,0.375,1,P6_CV0,2,1,1,1,1,0,2,0,2
74,-870217.168,-352280.8003,Age0_F74_m7f7_P74_Y7_UO466,I7_F29_m7f7_P74_Y3_UO445,I7_F29_m7f7_P38_Y4_UO440,MXY,0,0.0,0,0,0.0,0,0,0,0.0,0.5625,1,P6_CV0,2,1,1,1,1,0,2,0,2
74,-870217.168,-352280.8003,Age0_F74_m7f7_P74_Y7_UO468,ID7_F38_m37f37_P29_Y3_UO1765,I7_F29_m37f37_P74_Y5_UO1725,MXY,0,0.0,0,0,0.0,0,0,0,0.0,0.46875,1,P6_CV0,2,0,2,1,1,0,2,0,2
74,-870217.168,-352280.8003,Age0_F74_m7f7_P74_Y7_UO481,I7_F74_m37f37_P74_Y2_UO1707,I7_F74_m7f7_P29_Y5_UO524,MXY,0,0.0,0,0,0.0,0,0,0,0.0,0.6875,1,P6_CV0,2,1,1,2,0,0,2,0,2
74,-870217.168,-352280.8003,Age0_F74_m7f7_P74_Y7_UO486,I7_F74_m7f7_P74_Y2_UO430,I7_F38_m7f7_P13_Y4_UO437,FXX,0,0.0,0,0,0.0,0,0,0,0.0,0.625,1,P6_CV0,2,2,0,0,2,0,2,0,2
74,-870217.168,-352280.8003,Age0_F74_m7f7_P74_Y7_UO487,I7_F38_m30f30_P38_Y2_UO1440,I7_F38_m7f7_P38_Y4_UO421,FXX,0,0.0,0,0,0.0,0,0,0,0.0,0.34375,1,P6_CV0,2,1,1,1,1,0,2,0,2
74,-870217.168,-352280.8003,Age0_F74_m7f7_P74_Y7_UO514,ID7_F38_m-1f-1_P7_Y-1_U230,I7_F74_m37f37_P29_Y5_UO1706,FXX,0,0.0,0,0,0.0,0,0,0,0.0,0.25,1,P6_CV0,2,0,2,0,2,0,2,0,2
74,-870217.168,-352280.8003,Age0_F74_m7f7_P74_Y7_UO515,ID7_F29_m-1f-1_P30_Y-1_U141,I7_F38_m7f7_P74_Y4_UO453,MXY,0,0.0,0,0,0.0,0,0,0,0.0,0.15625,1,P6_CV0,2,0,2,2,0,0,2,0,2
74,-870217.168,-352280.8003,Age0_F74_m7f7_P74_Y7_UO519,ID7_F74_m-1f-1_P37_Y-1_U37,I7_F38_m-1f-1_P7_Y-1_U19,MXY,0,0.0,0,0,0.0,0,0,0,0.0,0.5,1,P6_CV0,2,1,1,1,1,0,2,0,2
74,-870217.168,-352280.8003,Age0_F74_m30f30_P74_Y7_UO1370,ID30_F38_m37f37_P74_Y5_UO1785,I30_F38_m39f39_P51_Y4_UO1815,MXY,0,0.0,0,0,0.0,0,0,0,0.0,0.5,1,P6_CV0,2,0,2,2,0,0,2,0,2
74,-870217.168,-352280.8003,Age0_F74_m30f30_P74_Y7_UO1395,I30_F38_m30f30_P13_Y4_UO1385,I30_F38_m46f46_P93_Y5_UO2298,FXX,0,0.0,0,0,0.0,0,0,0,0.0,0.3125,1,P6_CV0,2,1,1,0,2,0,2,0,2
74,-870217.168,-352280.8003,Age0_F74_m37f37_P74_Y7_UO1673,I37_F13_m7f7_P74_Y5_UO451,I37_F74_m7f7_P74_Y0_UO394,MXY,0,0.0,0,0,0.0,0,0,0,0.0,0.34375,1,P6_CV0,2,0,2,0,2,0,2,0,2
74,-870217.168,-352280.8003,Age0_F74_m37f37_P74_Y7_UO1677,ID37_F13_m37f37_P38_Y5_UO1712,I37_F38_m30f30_P74_Y5_UO1373,FXX,0,0.0,0,0,0.0,0,0,0,0.0,0.53125,1,P6_CV0,2,1,1,2,0,0,2,0,2
74,-870217.168,-352280.8003,Age0_F74_m37f37_P74_Y7_UO1694,I37_F13_m37f37_P74_Y5_UO1733,ID37_F13_m7f7_P74_Y0_UO403,FXX,0,0.0,0,0,0.0,0,0,0,0.0,0.125,1,P6_CV0,2,1,1,1,1,0,2,0,2
74,-870217.168,-352280.8003,Age0_F74_m37f37_P74_Y7_UO1696,I37_F29_m30f30_P13_Y5_UO1349,I37_F38_m7f7_P74_Y4_UO503,MXY,0,0.0,0,0,0.0,0,0,0,0.0,0.40625,1,P6_CV0,2,0,2,1,1,0,2,0,2
74,-870217.168,-352280.8003,Age0_F74_m37f37_P74_Y7_UO1726,ID37_F38_m78f78_P93_Y4_UO3494,I37_F38_m37f37_P38_Y5_UO1747,MXY,0,0.0,0,0,0.0,0,0,0,0.0,0.46875,1,P6_CV0,2,1,1,1,1,0,2,0,2
74,-870217.168,-352280.8003,Age0_F74_m37f37_P74_Y7_UO1731,I37_F38_m78f78_P29_Y4_UO3452,ID37_F74_m-1f-1_P7_Y-1_U196,MXY,0,0.0,0,0,0.0,0,0,0,0.0,0.5,1,P6_CV0,2,1,1,2,0,0,2,0,2
74,-870217.168,-352280.8003,Age0_F74_m37f37_P74_Y7_UO1736,I37_F74_m30f30_P29_Y4_UO1341,ID37_F74_m-1f-1_P7_Y-1_U196,MXY,0,0.0,0,0,0.0,0,0,0,0.0,0.5,1,P6_CV0,2,1,1,0,2,0,2,0,2
74,-870217.168,-352280.8003,Age0_F74_m37f37_P74_Y7_UO1755,ID37_F66_m34f34_P61_Y3_UO1597,ID37_F38_m7f7_P74_Y1_UO386,MXY,0,0.0,0,0,0.0,0,0,0,0.0,0.375,1,P6_CV0,2,1,1,1,1,0,2,0,2
74,-870217.168,-352280.8003,Age0_F74_m37f37_P74_Y7_UO1778,ID37_F52_m78f78_P93_Y1_UO3316,ID37_F52_m7f7_P74_Y5_UO444,MXY,0,0.0,0,0,0.0,0,0,0,0.0,0.6875,1,P6_CV0,2,2,0,1,1,0,2,0,2
74,-870217.168,-352280.8003,E74_F7_m78f78_P29_Y6_UO3526,ID78_F13_m78f78_P13_Y2_UO3498,I78_F38_m37f37_P29_Y2_UO1743,FXX,1,0.0,1,1,1.0,0,0,0,-9999.0,0.25,1,P6_CV0,2,1,1,2,0,0,2,0,2
74,-870217.168,-352280.8003,E74_F7_m78f78_P29_Y6_UO3539,I78_F54_m7f7_P29_Y0_UO410,I78_F29_m-1f-1_P78_Y-1_U45,MXY,1,0.0,1,1,0.0,0,0,0,-9999.0,0.25,1,P6_CV0,2,0,2,2,0,0,2,0,2
74,-870217.168,-352280.8003,E74_F7_m7f7_P38_Y6_UO436,I7_F74_m37f37_P74_Y4_UO1671,ID7_F38_m23f23_P86_Y2_UO1230,MXY,1,0.0,1,1,0.0,0,0,0,-9999.0,0.4375,1,P6_CV0,2,0,2,1,1,0,2,0,2
74,-870217.168,-352280.8003,E74_F7_m7f7_P38_Y6_UO455,I7_F74_m37f37_P74_Y3_UO1774,I7_F38_m7f7_P74_Y2_UO436,FXX,1,0.0,1,1,1.0,0,0,0,-9999.0,0.625,1,P6_CV0,2,1,1,0,2,0,2,0,2
74,-870217.168,-352280.8003,E74_F7_m7f7_P38_Y6_UO510,I7_F74_m-1f-1_P7_Y-1_U180,I7_F38_m-1f-1_P7_Y-1_U233,MXY,1,0.0,1,1,0.0,0,0,0,-9999.0,0.5,1,P6_CV0,2,0,2,2,0,0,2,0,2
74,-870217.168,-352280.8003,E74_F7_m7f7_P74_Y6_UO430,I7_F38_m78f78_P29_Y4_UO3472,ID7_F38_m78f78_P13_Y0_UO3817,FXX,1,0.0,1,1,1.0,0,0,0,-9999.0,0.625,1,P6_CV0,2,1,1,1,1,0,2,0,2
74,-870217.168,-352280.8003,E74_F7_m7f7_P74_Y6_UO468,I7_F38_m7f7_P74_Y3_UO472,I7_F38_m7f7_P74_Y4_UO479,MXY,1,0.0,1,1,0.0,0,0,0,-9999.0,0.1875,1,P6_CV0,2,0,2,1,1,0,2,0,2
74,-870217.168,-352280.8003,E74_F7_m7f7_P74_Y6_UO476,I7_F38_m7f7_P38_Y2_UO416,I7_F74_m37f37_P38_Y3_UO1687,FXX,1,0.0,1,1,1.0,0,0,0,-9999.0,0.5625,1,P6_CV0,2,2,0,0,2,0,2,0,2
74,-870217.168,-352280.8003,E74_F7_m7f7_P74_Y6_UO484,I7_F38_m37f37_P74_Y2_UO1727,I7_F74_m37f37_P13_Y2_UO1750,MXY,1,0.0,1,1,0.0,0,0,0,-9999.0,0.625,1,P6_CV0,2,0,2,2,0,0,2,0,2
74,-870217.168,-352280.8003,E74_F7_m7f7_P74_Y6_UO490,I7_F74_m37f37_P38_Y1_UO1617,ID7_F74_m-1f-1_P7_Y-1_U57,MXY,1,0.0,1,1,0.0,0,0,0,-9999.0,0.75,1,P6_CV0,2,1,1,0,2,0,2,0,2
74,-870217.168,-352280.8003,E74_F7_m7f7_P74_Y6_UO523,I7_F74_m-1f-1_P37_Y-1_U226,I7_F74_m-1f-1_P7_Y-1_U125,FXX,1,0.0,1,1,1.0,0,0,0,-9999.0,0.25,1,P6_CV0,2,0,2,1,1,0,2,0,2
74,-870217.168,-352280.8003,E74_F7_m37f37_P74_Y6_UO1696,I37_F13_m37f37_P38_Y4_UO1714,I37_F74_m37f37_P38_Y0_UO1797,MXY,1,0.0,1,1,0.0,0,0,0,-9999.0,0.40625,1,P6_CV0,2,0,2,0,2,0,2,0,2
74,-870217.168,-352280.8003,E74_F7_m37f37_P74_Y6_UO1697,I37_F38_m37f37_P74_Y4_UO1760,I37_F38_m78f78_P74_Y3_UO3444,FXX,1,0.0,1,1,1.0,0,0,0,-9999.0,0.6875,1,P6_CV0,2,0,2,0,2,0,2,0,2
74,-870217.168,-352280.8003,E74_F7_m37f37_P74_Y6_UO1721,I37_F29_m30f30_P29_Y4_UO1341,I37_F13_m7f7_P29_Y2_UO451,FXX,1,0.0,1,1,1.0,0,0,0,-9999.0,0.5,1,P6_CV0,2,0,2,1,1,0,2,0,2
74,-870217.168,-352280.8003,E74_F7_m37f37_P74_Y6_UO1764,ID37_F74_m7f7_P38_Y2_UO422,I37_F38_m-1f-1_P7_Y-1_U151,MXY,1,0.0,1,1,0.0,0,0,0,-9999.0,0.375,1,P6_CV0,2,1,1,2,0,0,2,0,2
74,-870217.168,-352280.8003,E74_F7_m37f37_P74_Y6_UO1786,ID37_F19_m7f7_P93_Y1_UO426,I37_F29_m7f7_P29_Y1_UO401,FXX,1,0.0,1,1,1.0,0,0,0,-9999.0,0.875,1,P6_CV0,2,2,0,1,1,0,2,0,2
74,-870217.168,-352280.8003,E74_F7_m37f37_P74_Y6_UO1804,I37_F38_m-1f-1_P30_Y-1_U187,ID37_F74_m7f7_P74_Y4_UO495,MXY,1,0.0,1,1,0.0,0,0,0,-9999.0,0.625,1,P6_CV0,2,1,1,0,2,0,2,0,2
74,-870217.168,-352280.8003,E74_F30_m30f30_P29_Y6_UO1365,I30_F35_m37f37_P38_Y4_UO1748,ID30_F93_m-1f-1_P30_Y-1_U233,MXY,1,0.0,1,1,0.0,0,0,0,-9999.0,0.625,1,P6_CV0,2,1,1,0,2,0,2,0,2
74,-870217.168,-352280.8003,E74_F30_m7f7_P38_Y6_UO517,ID7_F29_m-1f-1_P7_Y-1_U74,I7_F74_m30f30_P38_Y0_UO1428,MXY,1,0.0,1,1,0.0,0,0,0,-9999.0,0.625,1,P6_CV0,2,1,1,0,2,0,2,0,2
74,-870217.168,-352280.8003,E74_F30_m7f7_P38_Y6_UO533,I7_F38_m-1f-1_P7_Y-1_U11,I7_F38_m7f7_P38_Y3_UO485,FXX,1,0.0,1,1,1.0,0,0,0,-9999.0,0.75,1,P6_CV0,2,2,0,0,2,0,2,0,2
74,-870217.168,-352280.8003,E74_F30_m30f30_P38_Y6_UO1389,I30_F38_m30f30_P13_Y4_UO1385,I30_F52_m7f7_P74_Y4_UO482,FXX,1,0.0,1,1,1.0,0,0,0,-9999.0,0.46875,1,P6_CV0,2,1,1,1,1,0,2,0,2
74,-870217.168,-352280.8003,E74_F37_m30f30_P13_Y6_UO1377,I30_F52_m30f30_P38_Y4_UO1444,I30_F38_m7f7_P38_Y1_UO382,MXY,1,0.0,1,1,0.0,0,0,0,-9999.0,0.4375,1,P6_CV0,2,0,2,1,1,0,2,0,2
74,-870217.168,-352280.8003,E74_F37_m37f37_P29_Y6_UO1811,I37_F74_m-1f-1_P7_Y-1_U140,ID37_F52_m88f88_P74_Y4_UO4107,FXX,1,0.0,1,1,1.0,0,0,0,-9999.0,0.25,1,P6_CV0,2,1,1,1,1,0,2,0,2
74,-870217.168,-352280.8003,E74_F37_m78f78_P29_Y6_UO3541,I78_F13_m37f37_P93_Y0_UO1809,I78_F13_m37f37_P13_Y4_UO1708,MXY,1,0.0,1,1,0.0,0,0,0,-9999.0,0.53125,1,P6_CV0,2,2,0,1,1,0,2,0,2
74,-870217.168,-352280.8003,E74_F37_m7f7_P38_Y6_UO425,I7_F38_m30f30_P74_Y4_UO1338,I7_F38_m37f37_P74_Y3_UO1688,MXY,1,0.0,1,1,0.0,0,0,0,-9999.0,0.375,1,P6_CV0,2,1,1,1,1,0,2,0,2
74,-870217.168,-352280.8003,E74_F37_m7f7_P38_Y6_UO457,I7_F74_m37f37_P38_Y3_UO1671,I7_F29_m7f7_P38_Y4_UO440,MXY,1,0.0,1,1,0.0,0,0,0,-9999.0,0.4375,1,P6_CV0,2,0,2,2,0,0,2,0,2
74,-870217.168,-352280.8003,E74_F37_m7f7_P38_Y6_UO477,I7_F38_m30f30_P38_Y2_UO1440,ID7_F74_m7f7_P38_Y4_UO421,FXX,1,0.0,1,1,1.0,0,0,0,-9999.0,0.34375,1,P6_CV0,2,1,1,1,1,0,2,0,2
74,-870217.168,-352280.8003,E74_F37_m37f37_P38_Y6_UO1772,ID37_F13_m30f30_P38_Y2_UO1348,I37_F38_m7f7_P29_Y1_UO396,FXX,1,0.0,1,1,1.0,0,0,0,-9999.0,0.5,1,P6_CV0,2,1,1,1,1,0,2,0,2
74,-870217.168,-352280.8003,E74_F37_m7f7_P74_Y6_UO513,I7_F74_m-1f-1_P7_Y-1_U16,I7_F29_m7f7_P38_Y4_UO440,MXY,1,0.0,1,1,0.0,0,0,0,-9999.0,0.5625,1,P6_CV0,2,1,1,1,1,0,2,0,2
74,-870217.168,-352280.8003,E74_F37_m30f30_P74_Y6_UO1396,I30_F52_m7f7_P38_Y3_UO437,I30_F52_m30f30_P93_Y0_UO1436,MXY,1,0.0,1,1,0.0,0,0,0,-9999.0,0.375,1,P6_CV0,2,1,1,1,1,0,2,0,2
74,-870217.168,-352280.8003,E74_F37_m37f37_P74_Y6_UO1762,ID37_F93_m7f7_P74_Y2_UO408,ID37_F74_m7f7_P74_Y4_UO495,FXX,1,0.0,1,1,1.0,0,0,0,-9999.0,0.5625,1,P6_CV0,2,2,0,1,1,0,2,0,2
74,-870217.168,-352280.8003,E74_F78_m30f30_P93_Y6_UO1463,ID30_F38_m-1f-1_P7_Y-1_U105,ID30_F52_m-1f-1_P7_Y-1_U37,MXY,1,0.0,1,1,0.0,0,0,0,-9999.0,0.25,1,P6_CV0,2,1,1,0,2,0,2,0,2
74,-870217.168,-352280.8003,E74_F7_m30f30_P38_Y5_UO1443,I30_F38_m-1f-1_P7_Y-1_U36,I30_F35_m46f46_P93_Y3_UO2278,FXX,2,0.0,1,0,1.0,0,0,0,-9999.0,0.25,1,P6_CV0,2,1,1,1,1,0,2,0,2
74,-870217.168,-352280.8003,E74_F7_m37f37_P38_Y5_UO1773,ID37_F52_m-1f-1_P46_Y-1_U105,I37_F38_m78f78_P74_Y3_UO3444,MXY,2,0.0,1,0,0.0,0,0,0,-9999.0,0.5625,1,P6_CV0,2,0,2,0,2,0,2,0,2
74,-870217.168,-352280.8003,E74_F7_m37f37_P29_Y5_UO1696,I37_F38_m7f7_P38_Y3_UO468,I37_F13_m7f7_P38_Y1_UO400,MXY,2,0.0,1,0,0.0,0,0,0,-9999.0,0.875,1,P6_CV0,2,2,0,1,1,0,2,0,2
74,-870217.168,-352280.8003,E74_F30_m37f37_P74_Y5_UO1785,ID37_F74_m-1f-1_P7_Y-1_U132,I37_F13_m12f12_P52_Y0_UO727,FXX,2,0.0,1,0,1.0,0,0,0,-9999.0,0.375,1,P6_CV0,2,0,2,2,0,0,2,0,2
74,-870217.168,-352280.8003,E74_F37_m7f7_P74_Y5_UO451,I7_F38_m78f78_P29_Y3_UO3461,I7_F74_m37f37_P38_Y2_UO1646,FXX,2,0.0,1,0,1.0,0,0,0,-9999.0,0.4375,1,P6_CV0,2,1,1,1,1,0,2,0,2
74,-870217.168,-352280.8003,E74_F37_m37f37_P38_Y5_UO1712,I37_F38_m7f7_P38_Y2_UO464,I37_F93_m78f78_P13_Y2_UO3519,FXX,2,0.0,1,0,1.0,0,0,0,-9999.0,0.625,1,P6_CV0,2,1,1,2,0,0,2,0,2
74,-870217.168,-352280.8003,E74_F37_m7f7_P74_Y5_UO444,I7_F38_m7f7_P74_Y3_UO387,I7_F74_m37f37_P38_Y2_UO1646,MXY,2,0.0,1,0,0.0,0,0,0,-9999.0,0.375,1,P6_CV0,2,2,0,1,1,0,2,0,2
74,-870217.168,-352280.8003,E74_F37_m7f7_P38_Y5_UO543,I7_F38_m-1f-1_P7_Y-1_U11,I7_F74_m7f7_P74_Y2_UO492,MXY,2,0.0,1,0,0.0,0,0,0,-9999.0,0.375,1,P6_CV0,2,0,2,0,2,0,2,0,2
74,-870217.168,-352280.8003,E74_F37_m30f30_P38_Y5_UO1388,I30_F93_m7f7_P38_Y2_UO450,ID30_F86_m12f12_P52_Y1_UO653,MXY,2,0.0,1,0,0.0,0,0,0,-9999.0,0.75,1,P6_CV0,2,1,1,0,2,0,2,0,2
74,-870217.168,-352280.8003,E74_F37_m37f37_P38_Y5_UO1767,I37_F38_m-1f-1_P7_Y-1_U200,I37_F38_m-1f-1_P37_Y-1_U67,FXX,2,0.0,1,0,1.0,0,0,0,-9999.0,1.0,1,P6_CV0,2,2,0,0,2,0,2,0,2
74,-870217.168,-352280.8003,E74_F7_m37f37_P74_Y4_UO1725,ID37_F38_m7f7_P38_Y1_UO414,I37_F38_m7f7_P29_Y1_UO396,MXY,3,0.0,1,0,0.0,0,0,0,-9999.0,0.625,1,P6_CV0,2,1,1,0,2,0,2,0,2
74,-870217.168,-352280.8003,E74_F7_m7f7_P74_Y4_UO480,I7_F38_m-1f-1_P37_Y-1_U40,ID7_F52_m7f7_P74_Y1_UO386,MXY,3,0.0,1,0,0.0,0,0,0,-9999.0,0.5,1,P6_CV0,2,2,0,2,0,0,2,0,2
74,-870217.168,-352280.8003,E74_F7_m37f37_P74_Y4_UO1768,I37_F13_m-1f-1_P7_Y-1_U5,I37_F38_m7f7_P38_Y2_UO437,FXX,3,0.0,1,0,1.0,0,0,0,-9999.0,0.8125,1,P6_CV0,2,2,0,1,1,0,2,0,2
74,-870217.168,-352280.8003,E74_F7_m37f37_P38_Y4_UO1724,I37_F74_m7f7_P74_Y1_UO399,ID37_F38_m7f7_P74_Y2_UO415,MXY,3,0.0,1,0,0.0,0,0,0,-9999.0,0.6875,1,P6_CV0,2,1,1,2,0,0,2,0,2
74,-870217.168,-352280.8003,E74_F7_m37f37_P38_Y4_UO1750,I37_F74_m-1f-1_P7_Y-1_U3,ID37_F52_m-1f-1_P7_Y-1_U159,FXX,3,0.0,1,0,1.0,0,0,0,-9999.0,0.25,1,P6_CV0,2,1,1,1,1,0,2,0,2
74,-870217.168,-352280.8003,E74_F7_m7f7_P74_Y4_UO391,ID7_F74_m7f7_P38_Y2_UO459,I7_F38_m37f37_P38_Y2_UO1646,MXY,3,0.0,1,0,0.0,0,0,0,-9999.0,0.3125,1,P6_CV0,2,0,2,1,1,0,2,0,2
74,-870217.168,-352280.8003,E74_F7_m7f7_P74_Y4_UO490,I7_F29_m-1f-1_P7_Y-1_U134,ID7_F38_m37f37_P74_Y1_UO1595,MXY,3,0.0,1,0,0.0,0,0,0,-9999.0,0.5,1,P6_CV0,2,0,2,0,2,0,2,0,2
74,-870217.168,-352280.8003,E74_F7_m7f7_P74_Y4_UO479,I7_F38_m-1f-1_P7_Y-1_U63,I7_F74_m7f7_P74_Y2_UO492,MXY,3,0.0,1,0,0.0,0,0,0,-9999.0,0.375,1,P6_CV0,2,1,1,1,1,0,2,0,2
74,-870217.168,-352280.8003,E74_F7_m7f7_P38_Y4_UO487,I7_F74_m-1f-1_P7_Y-1_U27,I7_F29_m7f7_P38_Y2_UO449,MXY,3,0.0,1,0,0.0,0,0,0,-9999.0,0.375,1,P6_CV0,2,1,1,1,1,0,2,0,2
74,-870217.168,-352280.8003,E74_F7_m37f37_P74_Y4_UO1766,I37_F38_m-1f-1_P30_Y-1_U72,ID37_F38_m7f7_P74_Y2_UO415,MXY,3,0.0,1,0,0.0,0,0,0,-9999.0,0.4375,1,P6_CV0,2,0,2,2,0,0,2,0,2
74,-870217.168,-352280.8003,E74_F7_m37f37_P38_Y4_UO1723,I37_F38_m46f46_P93_Y1_UO2105,I37_F93_m-1f-1_P7_Y-1_U37,MXY,3,0.0,1,0,0.0,0,0,0,-9999.0,0.5,1,P6_CV0,2,1,1,1,1,0,2,0,2
74,-870217.168,-352280.8003,E74_F30_m30f30_P13_Y4_UO1385,I30_F13_m7f7_P74_Y0_UO445,ID30_F74_m88f88_P29_Y2_UO4096,FXX,3,0.0,1,0,1.0,0,0,0,-9999.0,0.1875,1,P6_CV0,2,0,2,0,2,0,2,0,2
74,-870217.168,-352280.8003,E74_F37_m7f7_P74_Y4_UO495,I7_F74_m-1f-1_P7_Y-1_U80,I7_F38_m-1f-1_P7_Y-1_U201,MXY,3,0.0,1,0,0.0,0,0,0,-9999.0,0.75,1,P6_CV0,2,2,0,0,2,0,2,0,2
74,-870217.168,-352280.8003,E74_F37_m90f90_P86_Y4_UO4198,I90_F6_m7f7_P29_Y1_UO408,I90_F57_m12f12_P35_Y1_UO628,FXX,3,0.0,1,0,1.0,0,0,0,-9999.0,0.5,1,P6_CV0,2,0,2,0,2,0,2,0,2
74,-870217.168,-352280.8003,E74_F37_m37f37_P74_Y4_UO1707,I37_F38_m88f88_P74_Y1_UO3969,I37_F93_m-1f-1_P7_Y-1_U37,MXY,3,0.0,1,0,0.0,0,0,0,-9999.0,0.5,1,P6_CV0,2,1,1,1,1,0,2,0,2
74,-870217.168,-352280.8003,E74_F37_m37f37_P38_Y4_UO1746,I37_F74_m-1f-1_P7_Y-1_U200,I37_F38_m7f7_P29_Y2_UO413,FXX,3,0.0,1,0,1.0,0,0,0,-9999.0,0.8125,1,P6_CV0,2,2,0,2,0,0,2,0,2
74,-870217.168,-352280.8003,E74_F37_m7f7_P74_Y4_UO503,ID7_F38_m-1f-1_P7_Y-1_U173,ID7_F29_m12f12_P52_Y1_UO645,MXY,3,0.0,1,0,0.0,0,0,0,-9999.0,0.5,1,P6_CV0,2,1,1,1,1,0,2,0,2
74,-870217.168,-352280.8003,E74_F37_m30f30_P29_Y4_UO1341,ID30_F29_m88f88_P29_Y2_UO4107,I30_F52_m7f7_P74_Y2_UO469,FXX,3,0.0,1,0,1.0,0,0,0,-9999.0,0.5,1,P6_CV0,2,0,2,0,2,0,2,0,2
74,-870217.168,-352280.8003,E74_F7_m37f37_P38_Y3_UO1671,I37_F38_m88f88_P74_Y1_UO3930,ID37_F38_m-1f-1_P7_Y-1_U171,FXX,4,0.0,1,0,1.0,0,0,0,-9999.0,0.25,1,P6_CV0,2,1,1,2,0,0,2,0,2
74,-870217.168,-352280.8003,E74_F7_m7f7_P74_Y3_UO426,I7_F74_m88f88_P29_Y0_UO4443,ID7_F74_m7f7_P74_Y0_UO425,MXY,4,0.0,1,0,0.0,0,0,0,-9999.0,0.375,1,P6_CV0,2,2,0,1,1,0,2,0,2
74,-870217.168,-352280.8003,E74_F7_m37f37_P29_Y3_UO1765,I37_F38_m-1f-1_P37_Y-1_U59,ID37_F74_m7f7_P74_Y0_UO427,FXX,4,0.0,1,0,1.0,0,0,0,-9999.0,0.5,1,P6_CV0,2,1,1,1,1,0,2,0,2
74,-870217.168,-352280.8003,E74_F7_m7f7_P38_Y3_UO457,ID7_F38_m-1f-1_P37_Y-1_U210,ID7_F74_m-1f-1_P7_Y-1_U183,MXY,4,0.0,1,0,0.0,0,0,0,-9999.0,0.25,1,P6_CV0,2,0,2,2,0,0,2,0,2
74,-870217.168,-352280.8003,E74_F7_m7f7_P74_Y3_UO441,I7_F38_m-1f-1_P7_Y-1_U180,I7_F38_m7f7_P38_Y0_UO431,MXY,4,0.0,1,0,0.0,0,0,0,-9999.0,0.5,1,P6_CV0,2,2,0,2,0,0,2,0,2
74,-870217.168,-352280.8003,E74_F7_m7f7_P38_Y2_UO414,I7_F38_m7f7_P38_Y0_UO480,I7_F38_m7f7_P38_Y0_UO429,FXX,5,0.0,1,0,1.0,0,0,0,-9999.0,0.375,1,P6_CV0,2,0,2,1,1,0,2,0,2
74,-870217.168,-352280.8003,E74_F7_m7f7_P74_Y2_UO430,I7_F38_m-1f-1_P7_Y-1_U75,ID7_F74_m-1f-1_P7_Y-1_U57,FXX,5,0.0,1,0,1.0,0,0,0,-9999.0,0.75,1,P6_CV0,2,2,0,0,2,0,2,0,2
74,-870217.168,-352280.8003,E74_F7_m30f30_P38_Y2_UO1440,ID30_F74_m-1f-1_P7_Y-1_U36,I30_F35_m46f46_P93_Y0_UO2369,FXX,5,0.0,1,0,1.0,0,0,0,-9999.0,0.25,1,P6_CV0,2,0,2,0,2,0,2,0,2
74,-870217.168,-352280.8003,E74_F7_m37f37_P38_Y1_UO1570,ID37_F38_m-1f-1_P7_Y-1_U204,I37_F74_m-1f-1_P37_Y-1_U239,MXY,6,0.0,1,0,0.0,0,0,0,-9999.0,0.5,1,P6_CV0,2,1,1,1,1,0,2,0,2
74,-870217.168,-352280.8003,E74_F37_m7f7_P38_Y1_UO400,ID7_F38_m-1f-1_P7_Y-1_U157,I7_F74_m-1f-1_P7_Y-1_U18,MXY,6,0.0,1,0,0.0,0,0,0,-9999.0,1.0,1,P6_CV0,2,2,0,2,0,0,2,0,2
74,-870217.168,-352280.8003,E74_F37_m7f7_P29_Y1_UO396,I7_F38_m-1f-1_P7_Y-1_U247,I7_F52_m-1f-1_P7_Y-1_U45,MXY,6,0.0,1,0,0.0,0,0,0,-9999.0,0.75,1,P6_CV0,2,2,0,1,1,0,2,0,2
74,-870217.168,-352280.8003,E74_F7_m7f7_P38_Y0_UO431,R7_F7_m-1f-1_P7_Y-1_U93,R7_F7_m-1f-1_P7_Y-1_U6,MXY,7,0.0,1,0,0.0,0,0,0,-9999.0,0.5,1,P6_CV0,2,1,1,1,1,0,2,0,2
74,-870217.168,-352280.8003,E74_F37_m7f7_P74_Y0_UO403,R7_F7_m-1f-1_P7_Y-1_U25,R7_F7_m-1f-1_P7_Y-1_U197,MXY,7,0.0,1,0,0.0,0,0,0,-9999.0,0.0,1,P6_CV0,2,0,2,1,1,0,2,0,2
74,-870217.168,-352280.8003,E74_F7_m-1f-1_P7_Y-1_U233,-9999,-9999,MXY,9,0.0,1,0,0.0,0,0,0,-9999.0,0.5,1,P6_CV0,2,1,1,1,1,0,2,0,2
74,-870217.168,-352280.8003,E74_F7_m-1f-1_P7_Y-1_U230,-9999,-9999,FXX,9,0.0,1,0,1.0,0,0,0,-9999.0,0.0,1,P6_CV0,2,0,2,0,2,0,2,0,2
74,-870217.168,-352280.8003,E74_F37_m-1f-1_P7_Y-1_U227,-9999,-9999,FXX,9,0.0,1,0,1.0,0,0,0,-9999.0,1.0,1,P6_CV0,2,2,0,2,0,0,2,0,2
74,-870217.168,-352280.8003,E74_F7_m-1f-1_P7_Y-1_U57,-9999,-9999,MXY,10,0.0,1,0,0.0,0,0,0,-9999.0,0.5,1,P6_CV0,2,1,1,1,1,0,2,0,2
74,-870217.168,-352280.8003,E74_F37_m-1f-1_P7_Y-1_U196,-9999,-9999,MXY,13,0.0,1,0,0.0,0,0,0,-9999.0,0.5,1,P6_CV0,2,1,1,1,1,0,2,0,2
74,-870217.168,-352280.8003,E74_F37_m-1f-1_P7_Y-1_U5,-9999,-9999,FXX,13,0.0,1,0,1.0,0,0,0,-9999.0,1.0,1,P6_CV0,2,2,0,1,1,0,2,0,2
74,-870217.168,-352280.8003,E74_F7_m-1f-1_P7_Y-1_U11,-9999,-9999,FXX,16,0.0,1,0,1.0,0,0,0,-9999.0,0.5,1,P6_CV0,2,1,1,0,2,0,2,0,2
74,-870217.168,-352280.8003,Age0_F74_m7f7_P74_Y7_UO422,I7_F74_m37f37_P38_Y5_UO1743,ID7_F38_m30f30_P74_Y4_UO1393,FXX,0,0.0,0,0,0.0,0,0,0,0.0,0.59375,1,P77_CV0,2,1,1,1,1,0,2,0,2
74,-870217.168,-352280.8003,Age0_F74_m7f7_P74_Y7_UO460,ID7_F93_m37f37_P38_Y4_UO1772,I7_F74_m78f78_P13_Y2_UO3520,FXX,0,0.0,0,0,0.0,0,0,0,0.0,0.625,1,P77_CV0,2,0,2,0,2,0,2,0,2
74,-870217.168,-352280.8003,Age0_F74_m7f7_P74_Y7_UO464,ID7_F13_m78f78_P93_Y3_UO3458,ID7_F38_m30f30_P74_Y4_UO1393,FXX,0,0.0,0,0,0.0,0,0,0,0.0,0.46875,1,P77_CV0,2,0,2,1,1,0,2,0,2
74,-870217.168,-352280.8003,Age0_F74_m7f7_P74_Y7_UO474,ID7_F74_m7f7_P74_Y3_UO439,ID7_F74_m30f30_P29_Y5_UO1367,MXY,0,0.0,0,0,0.0,0,0,0,0.0,0.71875,1,P77_CV0,2,1,1,1,1,0,2,0,2
74,-870217.168,-352280.8003,Age0_F74_m7f7_P74_Y7_UO526,ID7_F38_m-1f-1_P7_Y-1_U11,I7_F38_m78f78_P13_Y3_UO3497,FXX,0,0.0,0,0,0.0,0,0,0,0.0,0.375,1,P77_CV0,2,1,1,1,1,0,2,0,2
74,-870217.168,-352280.8003,Age0_F74_m30f30_P74_Y7_UO1353,ID30_F35_m39f39_P19_Y5_UO1878,ID30_F74_m88f88_P29_Y5_UO4169,FXX,0,0.0,0,0,0.0,0,0,0,0.0,0.4375,1,P77_CV0,2,0,2,2,0,0,2,0,2
74,-870217.168,-352280.8003,Age0_F74_m37f37_P74_Y7_UO1684,I37_F13_m88f88_P29_Y5_UO4140,I37_F35_m78f78_P13_Y2_UO3482,FXX,0,0.0,0,0,0.0,0,0,0,0.0,0.4375,1,P77_CV0,2,1,1,1,1,0,2,0,2
74,-870217.168,-352280.8003,Age0_F74_m37f37_P74_Y7_UO1686,I37_F38_m78f78_P74_Y5_UO3503,I37_F38_m7f7_P74_Y5_UO450,FXX,0,0.0,0,0,0.0,0,0,0,0.0,0.5,1,P77_CV0,2,2,0,2,0,0,2,0,2
74,-870217.168,-352280.8003,Age0_F74_m37f37_P74_Y7_UO1725,I37_F38_m78f78_P13_Y4_UO3476,ID37_F86_m-1f-1_P30_Y-1_U173,MXY,0,0.0,0,0,0.0,0,0,0,0.0,0.5,1,P77_CV0,2,1,1,1,1,0,2,0,2
74,-870217.168,-352280.8003,Age0_F74_m37f37_P74_Y7_UO1732,ID37_F38_m7f7_P74_Y4_UO474,I37_F52_m37f37_P38_Y3_UO1760,FXX,0,0.0,0,0,0.0,0,0,0,0.0,0.25,1,P77_CV0,2,0,2,0,2,0,2,0,2
74,-870217.168,-352280.8003,Age0_F74_m37f37_P74_Y7_UO1741,ID37_F38_m23f23_P52_Y3_UO1205,I37_F38_m-1f-1_P78_Y-1_U187,FXX,0,0.0,0,0,0.0,0,0,0,0.0,0.6875,1,P77_CV0,2,1,1,2,0,0,2,0,2
74,-870217.168,-352280.8003,Age0_F74_m37f37_P74_Y7_UO1754,I37_F74_m78f78_P38_Y3_UO3517,I37_F38_m30f30_P38_Y5_UO1432,MXY,0,0.0,0,0,0.0,0,0,0,0.0,0.625,1,P77_CV0,2,0,2,2,0,0,2,0,2
74,-870217.168,-352280.8003,Age0_F74_m37f37_P74_Y7_UO1771,I37_F38_m78f78_P13_Y1_UO3364,I37_F38_m-1f-1_P78_Y-1_U187,MXY,0,0.0,0,0,0.0,0,0,0,0.0,0.625,1,P77_CV0,2,2,0,2,0,0,2,0,2
74,-870217.168,-352280.8003,Age0_F74_m37f37_P74_Y7_UO1796,I37_F38_m-1f-1_P7_Y-1_U5,ID37_F29_m78f78_P29_Y0_UO3749,MXY,0,0.0,0,0,0.0,0,0,0,0.0,0.75,1,P77_CV0,2,1,1,1,1,0,2,0,2
74,-870217.168,-352280.8003,Age0_F74_m78f78_P74_Y7_UO3512,I78_F93_m78f78_P13_Y3_UO3446,I78_F13_m46f46_P93_Y5_UO2266,MXY,0,0.0,0,0,0.0,0,0,0,0.0,0.3125,1,P77_CV0,2,0,2,1,1,0,2,0,2
74,-870217.168,-352280.8003,E74_F7_m78f78_P13_Y6_UO3521,I78_F29_m46f46_P93_Y3_UO2244,I78_F93_m78f78_P19_Y1_UO3299,FXX,1,0.0,1,1,1.0,0,0,0,-9999.0,0.25,1,P77_CV0,2,0,2,0,2,0,2,0,2
74,-870217.168,-352280.8003,E74_F7_m88f88_P29_Y6_UO4171,I88_F74_m34f34_P54_Y3_UO1640,ID88_F29_m7f7_P29_Y4_UO442,MXY,1,0.0,1,1,0.0,0,0,0,-9999.0,0.5,1,P77_CV0,2,1,1,1,1,0,2,0,2
74,-870217.168,-352280.8003,E74_F7_m37f37_P38_Y6_UO1744,I37_F13_m87f87_P13_Y3_UO3986,I37_F74_m78f78_P13_Y1_UO3357,MXY,1,0.0,1,1,0.0,0,0,0,-9999.0,0.1875,1,P77_CV0,2,0,2,2,0,0,2,0,2
74,-870217.168,-352280.8003,E74_F7_m78f78_P38_Y6_UO3538,I78_F29_m78f78_P54_Y0_UO3755,I78_F13_m88f88_P29_Y2_UO4113,FXX,1,0.0,1,1,1.0,0,0,0,-9999.0,0.375,1,P77_CV0,2,1,1,0,2,0,2,0,2
74,-870217.168,-352280.8003,E74_F7_m7f7_P74_Y6_UO482,I7_F38_m78f78_P29_Y2_UO3461,I7_F29_m-1f-1_P46_Y-1_U224,MXY,1,0.0,1,1,0.0,0,0,0,-9999.0,0.625,1,P77_CV0,2,2,0,1,1,0,2,0,2
74,-870217.168,-352280.8003,E74_F7_m37f37_P74_Y6_UO1703,I37_F38_m7f7_P29_Y4_UO426,ID37_F74_m78f78_P29_Y0_UO3749,MXY,1,0.0,1,1,0.0,0,0,0,-9999.0,0.4375,1,P77_CV0,2,2,0,1,1,0,2,0,2
74,-870217.168,-352280.8003,E74_F37_m88f88_P29_Y6_UO4177,I88_F54_m78f78_P74_Y1_UO3318,ID88_F29_m7f7_P29_Y4_UO442,MXY,1,0.0,1,1,0.0,0,0,0,-9999.0,0.375,1,P77_CV0,2,1,1,2,0,0,2,0,2
74,-870217.168,-352280.8003,E74_F37_m78f78_P38_Y6_UO3547,ID78_F29_m-1f-1_P78_Y-1_U244,I78_F93_m78f78_P13_Y3_UO3502,FXX,1,0.0,1,1,1.0,0,0,0,-9999.0,0.75,1,P77_CV0,2,1,1,2,0,0,2,0,2
74,-870217.168,-352280.8003,E74_F37_m7f7_P74_Y6_UO505,I7_F38_m45f45_P86_Y0_UO2230,I7_F74_m78f78_P38_Y2_UO3475,MXY,1,0.0,1,1,0.0,0,0,0,-9999.0,0.5,1,P77_CV0,2,1,1,1,1,0,2,0,2
74,-870217.168,-352280.8003,E74_F37_m37f37_P74_Y6_UO1801,I37_F38_m78f78_P93_Y0_UO3766,I37_F13_m88f88_P29_Y4_UO4139,FXX,1,0.0,1,1,1.0,0,0,0,-9999.0,0.75,1,P77_CV0,2,1,1,0,2,0,2,0,2
74,-870217.168,-352280.8003,E74_F7_m30f30_P93_Y5_UO1408,I30_F38_m78f78_P93_Y1_UO3350,I30_F13_m30f30_P38_Y3_UO1379,MXY,2,0.0,1,0,0.0,0,0,0,-9999.0,0.375,1,P77_CV0,2,0,2,0,2,0,2,0,2
74,-870217.168,-352280.8003,E74_F7_m30f30_P38_Y5_UO1359,ID30_F52_m78f78_P93_Y3_UO3492,I30_F13_m78f78_P93_Y2_UO3467,FXX,2,0.0,1,0,1.0,0,0,0,-9999.0,0.375,1,P77_CV0,2,1,1,1,1,0,2,0,2
74,-870217.168,-352280.8003,E74_F30_m39f39_P19_Y5_UO1878,I39_F75_m-1f-1_P12_Y-1_U144,I39_F19_m39f39_P19_Y2_UO1774,FXX,2,0.0,1,0,1.0,0,0,0,-9999.0,0.5,1,P77_CV0,2,1,1,1,1,0,2,0,2
74,-870217.168,-352280.8003,E74_F30_m37f37_P74_Y5_UO1737,ID37_F74_m88f88_P29_Y1_UO3944,I37_F35_m37f37_P74_Y3_UO1691,MXY,2,0.0,1,0,0.0,0,0,0,-9999.0,0.5,1,P77_CV0,2,1,1,0,2,0,2,0,2
74,-870217.168,-352280.8003,E74_F30_m37f37_P13_Y5_UO1687,I37_F38_m37f37_P38_Y3_UO1769,I37_F38_m78f78_P13_Y2_UO3454,MXY,2,0.0,1,0,0.0,0,0,0,-9999.0,0.625,1,P77_CV0,2,1,1,1,1,0,2,0,2
74,-870217.168,-352280.8003,E74_F37_m78f78_P74_Y5_UO3503,I78_F13_m-1f-1_P78_Y-1_U93,I78_F54_m-1f-1_P78_Y-1_U54,FXX,2,0.0,1,0,1.0,0,0,0,-9999.0,0.5,1,P77_CV0,2,1,1,1,1,0,2,0,2
74,-870217.168,-352280.8003,E74_F37_m7f7_P74_Y5_UO489,I7_F74_m30f30_P74_Y1_UO1286,I7_F38_m78f78_P93_Y1_UO3348,MXY,2,0.0,1,0,0.0,0,0,0,-9999.0,0.5,1,P77_CV0,2,2,0,1,1,0,2,0,2
74,-870217.168,-352280.8003,E74_F37_m7f7_P74_Y5_UO450,I7_F52_m78f78_P29_Y3_UO3498,I7_F29_m37f37_P38_Y2_UO1724,MXY,2,0.0,1,0,0.0,0,0,0,-9999.0,0.5,1,P77_CV0,2,1,1,1,1,0,2,0,2
74,-870217.168,-352280.8003,E74_F37_m30f30_P13_Y5_UO1349,I30_F38_m46f46_P52_Y3_UO2219,I30_F38_m78f78_P13_Y2_UO3513,FXX,2,0.0,1,0,1.0,0,0,0,-9999.0,0.3125,1,P77_CV0,2,0,2,1,1,0,2,0,2
74,-870217.168,-352280.8003,E74_F37_m78f78_P13_Y5_UO3470,ID78_F93_m30f30_P13_Y2_UO1397,I78_F29_m37f37_P38_Y2_UO1726,MXY,2,0.0,1,0,0.0,0,0,0,-9999.0,0.375,1,P77_CV0,2,2,0,0,2,0,2,0,2
74,-870217.168,-352280.8003,E74_F37_m37f37_P38_Y5_UO1705,I37_F13_m78f78_P29_Y2_UO3525,I37_F13_m78f78_P29_Y2_UO3517,MXY,2,0.0,1,0,0.0,0,0,0,-9999.0,0.625,1,P77_CV0,2,2,0,1,1,0,2,0,2
74,-870217.168,-352280.8003,E74_F37_m37f37_P29_Y5_UO1755,I37_F38_m34f34_P54_Y0_UO1648,I37_F38_m78f78_P13_Y0_UO3817,FXX,2,0.0,1,0,1.0,0,0,0,-9999.0,0.5,1,P77_CV0,2,1,1,1,1,0,2,0,2
74,-870217.168,-352280.8003,E74_F7_m78f78_P74_Y4_UO3427,I78_F13_m78f78_P13_Y2_UO3491,I78_F54_m-1f-1_P78_Y-1_U131,FXX,3,0.0,1,0,1.0,0,0,0,-9999.0,0.625,1,P77_CV0,2,1,1,2,0,0,2,0,2
74,-870217.168,-352280.8003,E74_F7_m30f30_P74_Y4_UO1393,ID30_F29_m37f37_P38_Y0_UO1801,I30_F38_m78f78_P13_Y2_UO3521,MXY,3,0.0,1,0,0.0,0,0,0,-9999.0,0.5625,1,P77_CV0,2,0,2,0,2,0,2,0,2
74,-870217.168,-352280.8003,E74_F7_m88f88_P29_Y4_UO4139,I88_F29_m-1f-1_P88_Y-1_U94,ID88_F29_m-1f-1_P78_Y-1_U190,MXY,3,0.0,1,0,0.0,0,0,0,-9999.0,1.0,1,P77_CV0,2,2,0,0,2,0,2,0,2
74,-870217.168,-352280.8003,E74_F7_m78f78_P29_Y4_UO3483,I78_F54_m-1f-1_P34_Y-1_U128,I78_F38_m-1f-1_P78_Y-1_U174,MXY,3,0.0,1,0,0.0,0,0,0,-9999.0,0.25,1,P77_CV0,2,0,2,1,1,0,2,0,2
74,-870217.168,-352280.8003,E74_F30_m78f78_P29_Y4_UO3509,ID78_F13_m-1f-1_P78_Y-1_U162,I78_F93_m78f78_P29_Y1_UO3320,MXY,3,0.0,1,0,0.0,0,0,0,-9999.0,0.875,1,P77_CV0,2,2,0,2,0,0,2,0,2
74,-870217.168,-352280.8003,E74_F37_m78f78_P74_Y4_UO3450,I78_F13_m78f78_P13_Y1_UO3336,I78_F29_m-1f-1_P78_Y-1_U98,MXY,3,0.0,1,0,0.0,0,0,0,-9999.0,0.25,1,P77_CV0,2,0,2,0,2,0,2,0,2
74,-870217.168,-352280.8003,E74_F37_m78f78_P13_Y4_UO3476,ID78_F13_m-1f-1_P78_Y-1_U42,I78_F13_m78f78_P29_Y2_UO3514,FXX,3,0.0,1,0,1.0,0,0,0,-9999.0,0.5,1,P77_CV0,2,1,1,1,1,0,2,0,2
74,-870217.168,-352280.8003,E74_F7_m78f78_P93_Y3_UO3458,ID78_F54_m37f37_P13_Y0_UO1738,I78_F38_m-1f-1_P78_Y-1_U226,FXX,4,0.0,1,0,1.0,0,0,0,-9999.0,0.375,1,P77_CV0,2,0,2,2,0,0,2,0,2
74,-870217.168,-352280.8003,E74_F7_m78f78_P13_Y3_UO3497,ID78_F13_m-1f-1_P78_Y-1_U140,I78_F38_m-1f-1_P78_Y-1_U226,MXY,4,0.0,1,0,0.0,0,0,0,-9999.0,0.25,1,P77_CV0,2,0,2,2,0,0,2,0,2
74,-870217.168,-352280.8003,E74_F7_m7f7_P74_Y3_UO439,ID7_F38_m-1f-1_P37_Y-1_U180,ID7_F74_m78f78_P29_Y0_UO3787,FXX,4,0.0,1,0,1.0,0,0,0,-9999.0,0.875,1,P77_CV0,2,2,0,1,1,0,2,0,2
74,-870217.168,-352280.8003,E74_F37_m30f30_P93_Y3_UO1354,I30_F13_m23f23_P35_Y1_UO1114,I30_F13_m78f78_P93_Y0_UO3801,MXY,4,0.0,1,0,0.0,0,0,0,-9999.0,0.5,1,P77_CV0,2,1,1,1,1,0,2,0,2
74,-870217.168,-352280.8003,E74_F37_m78f78_P38_Y3_UO3517,I78_F13_m-1f-1_P78_Y-1_U214,ID78_F13_m-1f-1_P78_Y-1_U53,FXX,4,0.0,1,0,1.0,0,0,0,-9999.0,0.5,1,P77_CV0,2,0,2,1,1,0,2,0,2
74,-870217.168,-352280.8003,E74_F78_m78f78_P13_Y3_UO3446,I78_F29_m37f37_P29_Y1_UO1615,I78_F93_m-1f-1_P78_Y-1_U45,FXX,4,0.0,1,0,1.0,0,0,1,-9999.0,0.25,1,P77_CV0,2,0,2,1,1,0,2,0,2
74,-870217.168,-352280.8003,E74_F30_m7f7_P38_Y2_UO410,ID7_F74_m7f7_P74_Y0_UO492,I7_F74_m78f78_P29_Y0_UO3752,MXY,5,0.0,1,0,0.0,0,0,0,-9999.0,0.625,1,P77_CV0,2,2,0,1,1,0,2,0,2
74,-870217.168,-352280.8003,E74_F37_m78f78_P13_Y2_UO3482,I78_F29_m-1f-1_P78_Y-1_U42,ID78_F38_m34f34_P54_Y0_UO1654,MXY,5,0.0,1,0,0.0,0,0,0,-9999.0,0.375,1,P77_CV0,2,1,1,1,1,0,2,0,2
74,-870217.168,-352280.8003,E74_F7_m78f78_P93_Y1_UO3375,I78_F13_m-1f-1_P78_Y-1_U195,ID78_F29_m-1f-1_P78_Y-1_U169,MXY,6,0.0,1,0,0.0,0,0,0,-9999.0,0.5,1,P77_CV0,2,1,1,1,1,0,2,0,2
74,-870217.168,-352280.8003,E74_F37_m78f78_P13_Y1_UO3364,I78_F93_m-1f-1_P78_Y-1_U59,ID78_F24_m-1f-1_P78_Y-1_U137,FXX,6,0.0,1,0,1.0,0,0,0,-9999.0,0.25,1,P77_CV0,2,1,1,2,0,0,2,0,2
74,-870217.168,-352280.8003,E74_F37_m78f78_P13_Y1_UO3373,I78_F29_m-1f-1_P78_Y-1_U33,I78_F13_m-1f-1_P78_Y-1_U158,MXY,6,0.0,1,0,0.0,0,0,0,-9999.0,0.5,1,P77_CV0,2,1,1,1,1,0,2,0,2
74,-870217.168,-352280.8003,E74_F37_m78f78_P93_Y1_UO3316,I78_F13_m-1f-1_P78_Y-1_U64,I78_F29_m-1f-1_P78_Y-1_U101,FXX,6,0.0,1,0,1.0,0,0,0,-9999.0,1.0,1,P77_CV0,2,2,0,1,1,0,2,0,2
74,-870217.168,-352280.8003,E74_F37_m88f88_P29_Y5_UO4140,ID88_F29_m-1f-1_P88_Y-1_U224,I88_F29_m78f78_P29_Y2_UO3493,FXX,2,0.0,1,0,1.0,0,0,0,-9999.0,0.5,1,P86_CV0,2,0,2,1,1,0,2,0,2
74,-870217.168,-352280.8003,Age0_F74_m7f7_P74_Y7_UO506,I7_F74_m88f88_P29_Y0_UO4431,ID7_F13_m30f30_P13_Y5_UO1429,MXY,0,0.0,0,0,0.0,0,0,0,0.0,0.21875,1,P87_CV0,2,0,2,2,0,0,2,0,2
74,-870217.168,-352280.8003,Age0_F74_m7f7_P74_Y7_UO525,I7_F38_m-1f-1_P37_Y-1_U109,I7_F29_m88f88_P29_Y4_UO4096,FXX,0,0.0,0,0,0.0,0,0,0,0.0,0.5,1,P87_CV0,2,2,0,0,2,0,2,0,2
74,-870217.168,-352280.8003,Age0_F74_m37f37_P74_Y7_UO1682,I37_F74_m37f37_P38_Y5_UO1727,I37_F38_m-1f-1_P37_Y-1_U96,MXY,0,0.0,0,0,0.0,0,0,0,0.0,0.1875,1,P87_CV0,2,0,2,1,1,0,2,0,2
74,-870217.168,-352280.8003,Age0_F74_m37f37_P74_Y7_UO1707,ID37_F74_m37f37_P29_Y5_UO1755,ID37_F93_m88f88_P29_Y0_UO4422,FXX,0,0.0,0,0,0.0,0,0,0,0.0,0.5,1,P87_CV0,2,1,1,2,0,0,2,0,2
74,-870217.168,-352280.8003,Age0_F74_m37f37_P74_Y7_UO1715,I37_F74_m78f78_P13_Y4_UO3459,I37_F74_m37f37_P74_Y4_UO1785,FXX,0,0.0,0,0,0.0,0,0,0,0.0,0.3125,1,P87_CV0,2,0,2,1,1,0,2,0,2
74,-870217.168,-352280.8003,Age0_F74_m37f37_P74_Y7_UO1717,ID37_F38_m7f7_P38_Y4_UO461,ID37_F74_m12f12_P52_Y0_UO727,FXX,0,0.0,0,0,0.0,0,0,0,0.0,0.375,1,P87_CV0,2,1,1,0,2,0,2,0,2
74,-870217.168,-352280.8003,Age0_F74_m37f37_P74_Y7_UO1740,I37_F74_m30f30_P38_Y3_UO1402,ID37_F74_m88f88_P29_Y4_UO4118,MXY,0,0.0,0,0,0.0,0,0,0,0.0,0.625,1,P87_CV0,2,2,0,1,1,0,2,0,2
74,-870217.168,-352280.8003,Age0_F74_m37f37_P74_Y7_UO1768,I37_F74_m7f7_P38_Y1_UO414,I37_F74_m37f37_P74_Y4_UO1700,MXY,0,0.0,0,0,0.0,0,0,0,0.0,0.5,1,P87_CV0,2,2,0,1,1,0,2,0,2
74,-870217.168,-352280.8003,Age0_F74_m37f37_P74_Y7_UO1786,ID37_F38_m-1f-1_P7_Y-1_U227,I37_F74_m88f88_P29_Y5_UO4134,MXY,0,0.0,0,0,0.0,0,0,0,0.0,0.75,1,P87_CV0,2,2,0,2,0,0,2,0,2
74,-870217.168,-352280.8003,E74_F7_m88f88_P29_Y6_UO4183,I88_F54_m-1f-1_P88_Y-1_U172,I88_F29_m-1f-1_P88_Y-1_U228,FXX,1,0.0,1,1,1.0,0,0,0,-9999.0,0.25,1,P87_CV0,2,1,1,0,2,0,2,0,2
74,-870217.168,-352280.8003,E74_F7_m88f88_P29_Y6_UO4206,I88_F29_m-1f-1_P88_Y-1_U159,ID88_F29_m-1f-1_P88_Y-1_U41,MXY,1,0.0,1,1,0.0,0,0,0,-9999.0,0.5,1,P87_CV0,2,2,0,2,0,0,2,0,2
74,-870217.168,-352280.8003,E74_F7_m88f88_P29_Y6_UO4209,I88_F54_m-1f-1_P88_Y-1_U197,I88_F29_m78f78_P29_Y3_UO3512,FXX,1,0.0,1,1,1.0,0,0,0,-9999.0,0.625,1,P87_CV0,2,2,0,1,1,0,2,0,2
74,-870217.168,-352280.8003,E74_F7_m7f7_P38_Y6_UO453,I7_F74_m88f88_P29_Y3_UO4079,I7_F29_m-1f-1_P7_Y-1_U196,FXX,1,0.0,1,1,1.0,0,0,0,-9999.0,0.3125,1,P87_CV0,2,0,2,1,1,0,2,0,2
74,-870217.168,-352280.8003,E74_F7_m37f37_P38_Y6_UO1710,ID37_F29_m37f37_P74_Y4_UO1715,I37_F74_m88f88_P74_Y2_UO4105,FXX,1,0.0,1,1,1.0,0,0,0,-9999.0,0.5,1,P87_CV0,2,1,1,2,0,0,2,0,2
74,-870217.168,-352280.8003,E74_F7_m88f88_P38_Y6_UO4210,I88_F29_m-1f-1_P88_Y-1_U188,I88_F29_m-1f-1_P88_Y-1_U217,MXY,1,0.0,1,1,0.0,0,0,0,-9999.0,0.5,1,P87_CV0,2,2,0,1,1,0,2,0,2
74,-870217.168,-352280.8003,E74_F37_m78f78_P13_Y6_UO3523,I78_F13_m30f30_P13_Y2_UO1397,I78_F93_m88f88_P29_Y1_UO3938,MXY,1,0.0,1,1,0.0,0,0,0,-9999.0,0.375,1,P87_CV0,2,1,1,1,1,0,2,0,2
74,-870217.168,-352280.8003,E74_F37_m88f88_P29_Y6_UO4192,I88_F29_m-1f-1_P88_Y-1_U201,ID88_F54_m78f78_P29_Y2_UO3493,MXY,1,0.0,1,1,0.0,0,0,0,-9999.0,0.25,1,P87_CV0,2,0,2,1,1,0,2,0,2
74,-870217.168,-352280.8003,E74_F37_m37f37_P38_Y6_UO1768,I37_F29_m7f7_P74_Y2_UO421,I37_F29_m37f37_P74_Y1_UO1627,MXY,1,0.0,1,1,0.0,0,0,0,-9999.0,0.375,1,P87_CV0,2,0,2,1,1,0,2,0,2
74,-870217.168,-352280.8003,E74_F37_m7f7_P74_Y6_UO420,ID7_F29_m7f7_P74_Y4_UO409,I7_F74_m88f88_P74_Y3_UO4103,FXX,1,0.0,1,1,1.0,0,0,0,-9999.0,0.25,1,P87_CV0,2,1,1,0,2,0,2,0,2
74,-870217.168,-352280.8003,E74_F37_m37f37_P74_Y6_UO1788,I37_F74_m88f88_P29_Y1_UO3944,I37_F38_m78f78_P13_Y4_UO3458,MXY,1,0.0,1,1,0.0,0,0,0,-9999.0,0.5625,1,P87_CV0,2,1,1,1,1,0,2,0,2
74,-870217.168,-352280.8003,E74_F7_m37f37_P74_Y5_UO1719,ID37_F38_m37f37_P74_Y2_UO1686,ID37_F74_m-1f-1_P7_Y-1_U155,MXY,2,0.0,1,0,0.0,0,0,0,-9999.0,0.4375,1,P87_CV0,2,1,1,1,1,0,2,0,2
74,-870217.168,-352280.8003,E74_F7_m88f88_P29_Y5_UO4132,ID88_F74_m88f88_P29_Y0_UO4409,I88_F29_m-1f-1_P88_Y-1_U84,MXY,2,0.0,1,0,0.0,0,0,0,-9999.0,0.0,1,P87_CV0,2,0,2,1,1,0,2,0,2
74,-870217.168,-352280.8003,E74_F7_m88f88_P29_Y5_UO4148,I88_F29_m-1f-1_P88_Y-1_U86,ID88_F29_m-1f-1_P88_Y-1_U3,MXY,2,0.0,1,0,0.0,0,0,0,-9999.0,0.25,1,P87_CV0,2,1,1,1,1,0,2,0,2
74,-870217.168,-352280.8003,E74_F30_m30f30_P93_Y5_UO1380,ID30_F38_m88f88_P74_Y2_UO4106,I30_F93_m-1f-1_P46_Y-1_U18,MXY,2,0.0,1,0,0.0,0,0,0,-9999.0,0.75,1,P87_CV0,2,2,0,1,1,0,2,0,2
74,-870217.168,-352280.8003,E74_F37_m37f37_P38_Y5_UO1727,ID37_F74_m88f88_P29_Y2_UO4151,ID37_F38_m7f7_P74_Y0_UO394,FXX,2,0.0,1,0,1.0,0,0,0,-9999.0,0.375,1,P87_CV0,2,0,2,0,2,0,2,0,2
74,-870217.168,-352280.8003,E74_F37_m88f88_P29_Y5_UO4134,I88_F74_m-1f-1_P88_Y-1_U235,I88_F29_m88f88_P29_Y3_UO4097,MXY,2,0.0,1,0,0.0,0,0,0,-9999.0,0.5,1,P87_CV0,2,2,0,2,0,0,2,0,2
74,-870217.168,-352280.8003,E74_F30_m37f37_P74_Y4_UO1698,I37_F38_m88f88_P74_Y1_UO3942,I37_F74_m-1f-1_P30_Y-1_U108,FXX,3,0.0,1,0,1.0,0,0,0,-9999.0,0.625,1,P87_CV0,2,2,0,2,0,0,2,0,2
74,-870217.168,-352280.8003,E74_F37_m7f7_P38_Y4_UO436,I7_F74_m88f88_P29_Y1_UO3948,ID7_F86_m50f50_P86_Y2_UO2424,MXY,3,0.0,1,0,0.0,0,0,0,-9999.0,0.625,1,P87_CV0,2,2,0,1,1,0,2,0,2
74,-870217.168,-352280.8003,E74_F37_m78f78_P13_Y4_UO3459,I78_F29_m7f7_P29_Y0_UO410,I78_F29_m88f88_P54_Y0_UO4418,FXX,3,0.0,1,0,1.0,0,0,0,-9999.0,0.625,1,P87_CV0,2,1,1,2,0,0,2,0,2
74,-870217.168,-352280.8003,E74_F37_m7f7_P38_Y4_UO461,I7_F74_m88f88_P29_Y0_UO4431,I7_F74_m7f7_P38_Y1_UO394,FXX,3,0.0,1,0,1.0,0,0,0,-9999.0,0.5,1,P87_CV0,2,1,1,1,1,0,2,0,2
74,-870217.168,-352280.8003,E74_F37_m88f88_P29_Y4_UO4113,I88_F29_m-1f-1_P88_Y-1_U22,I88_F54_m-1f-1_P88_Y-1_U21,MXY,3,0.0,1,0,0.0,0,0,0,-9999.0,0.25,1,P87_CV0,2,1,1,1,1,0,2,0,2
74,-870217.168,-352280.8003,E74_F37_m78f78_P29_Y4_UO3452,ID78_F38_m88f88_P29_Y1_UO3974,ID78_F29_m-1f-1_P78_Y-1_U173,FXX,3,0.0,1,0,1.0,0,0,0,-9999.0,0.5,1,P87_CV0,2,2,0,2,0,0,2,0,2
74,-870217.168,-352280.8003,E74_F37_m88f88_P29_Y4_UO4118,I88_F74_m-1f-1_P88_Y-1_U224,I88_F29_m-1f-1_P88_Y-1_U193,MXY,3,0.0,1,0,0.0,0,0,0,-9999.0,0.5,1,P87_CV0,2,2,0,1,1,0,2,0,2
74,-870217.168,-352280.8003,E74_F7_m37f37_P13_Y3_UO1723,I37_F74_m88f88_P29_Y0_UO4453,ID37_F74_m7f7_P38_Y1_UO400,MXY,4,0.0,1,0,0.0,0,0,0,-9999.0,0.75,1,P87_CV0,2,1,1,2,0,0,2,0,2
74,-870217.168,-352280.8003,E74_F37_m7f7_P74_Y3_UO415,I7_F74_m88f88_P29_Y0_UO4472,I7_F74_m-1f-1_P7_Y-1_U47,MXY,4,0.0,1,0,0.0,0,0,0,-9999.0,0.375,1,P87_CV0,2,0,2,0,2,0,2,0,2
74,-870217.168,-352280.8003,E74_F37_m34f34_P61_Y3_UO1597,I34_F61_m34f34_P66_Y0_UO1697,ID34_F54_m88f88_P54_Y1_UO3926,FXX,4,0.0,1,0,1.0,0,0,0,-9999.0,0.25,1,P87_CV0,2,1,1,2,0,0,2,0,2
74,-870217.168,-352280.8003,E74_F7_m88f88_P74_Y2_UO4158,I88_F29_m-1f-1_P88_Y-1_U209,I88_F29_m-1f-1_P88_Y-1_U200,MXY,5,0.0,1,0,0.0,0,0,0,-9999.0,0.5,1,P87_CV0,2,1,1,0,2,0,2,0,2
74,-870217.168,-352280.8003,E74_F7_m88f88_P74_Y2_UO4150,I88_F74_m-1f-1_P34_Y-1_U185,I88_F29_m-1f-1_P88_Y-1_U246,MXY,5,0.0,1,0,0.0,0,0,0,-9999.0,0.25,1,P87_CV0,2,0,2,2,0,0,2,0,2
74,-870217.168,-352280.8003,E74_F78_m88f88_P29_Y2_UO4098,I88_F29_m-1f-1_P88_Y-1_U129,I88_F54_m-1f-1_P88_Y-1_U3,MXY,5,0.0,1,0,0.0,0,0,1,-9999.0,0.25,1,P87_CV0,2,1,1,0,2,0,2,0,2
74,-870217.168,-352280.8003,E74_F37_m88f88_P29_Y1_UO3958,I88_F29_m-1f-1_P88_Y-1_U163,I88_F66_m-1f-1_P88_Y-1_U182,FXX,6,0.0,1,0,1.0,0,0,0,-9999.0,0.5,1,P87_CV0,2,1,1,0,2,0,2,0,2
74,-870217.168,-352280.8003,E74_F37_m88f88_P29_Y1_UO3944,ID88_F54_m-1f-1_P88_Y-1_U107,I88_F54_m-1f-1_P88_Y-1_U21,FXX,6,0.0,1,0,1.0,0,0,0,-9999.0,0.5,1,P87_CV0,2,0,2,0,2,0,2,0,2
74,-870217.168,-352280.8003,E74_F7_m88f88_P29_Y0_UO4431,R88_F88_m-1f-1_P88_Y-1_U76,R88_F88_m-1f-1_P88_Y-1_U96,FXX,7,0.0,1,0,1.0,0,0,0,-9999.0,0.25,1,P87_CV0,2,0,2,2,0,0,2,0,2
74,-870217.168,-352280.8003,E74_F88_m-1f-1_P88_Y-1_U73,-9999,-9999,MXY,9,0.0,1,0,0.0,0,0,0,-9999.0,0.0,1,P87_CV0,2,0,2,2,0,0,2,0,2
74,-870217.168,-352280.8003,Age0_F74_m30f30_P74_Y7_UO1362,I30_F35_m37f37_P38_Y5_UO1763,I30_F13_m23f23_P35_Y5_UO1144,MXY,0,0.0,0,0,0.0,0,0,0,0.0,0.6875,1,P89_CV0,2,1,1,0,2,0,2,0,2
74,-870217.168,-352280.8003,E74_F7_m37f37_P38_Y6_UO1731,ID37_F93_m45f45_P52_Y4_UO2192,I37_F38_m88f88_P29_Y4_UO4099,FXX,1,0.0,1,1,1.0,0,0,0,-9999.0,0.6875,1,P89_CV0,2,1,1,2,0,0,2,0,2
74,-870217.168,-352280.8003,E74_F7_m7f7_P74_Y6_UO423,ID7_F13_m46f46_P52_Y4_UO2254,ID7_F38_m37f37_P38_Y2_UO1738,MXY,1,0.0,1,1,0.0,0,0,0,-9999.0,0.5,1,P89_CV0,2,1,1,0,2,0,2,0,2
74,-870217.168,-352280.8003,E74_F7_m37f37_P74_Y6_UO1708,I37_F74_m37f37_P29_Y4_UO1719,I37_F38_m90f90_P52_Y4_UO4218,MXY,1,0.0,1,1,0.0,0,0,0,-9999.0,0.5625,1,P89_CV0,2,1,1,1,1,0,2,0,2
74,-870217.168,-352280.8003,E74_F37_m23f23_P35_Y6_UO1146,I23_F6_m12f12_P57_Y4_UO742,I23_F57_m42f42_P99_Y3_UO2002,MXY,1,0.0,1,1,0.0,0,0,0,-9999.0,0.4375,1,P91_CV0,2,1,1,2,0,0,2,0,2
74,-870217.168,-352280.8003,E74_F37_m90f90_P52_Y3_UO4182,I90_F52_m12f12_P52_Y0_UO695,I90_F57_m-1f-1_P92_Y-1_U110,FXX,4,0.0,1,0,1.0,0,0,0,-9999.0,0.625,1,P91_CV0,2,1,1,2,0,0,2,0,2
74,-870217.168,-352280.8003,Age0_F74_m30f30_P74_Y7_UO1413,I30_F93_m23f23_P35_Y3_UO1185,ID30_F93_m7f7_P74_Y5_UO521,MXY,0,0.0,0,0,0.0,0,0,0,0.0,0.34375,1,P93_CV0,2,1,1,1,1,0,2,0,2
74,-870217.168,-352280.8003,E74_F7_m30f30_P93_Y6_UO1412,I30_F52_m23f23_P35_Y3_UO1185,I30_F52_m7f7_P74_Y4_UO482,MXY,1,0.0,1,1,0.0,0,0,0,-9999.0,0.4375,1,P93_CV0,2,1,1,2,0,0,2,0,2
74,-870217.168,-352280.8003,E74_F30_m23f23_P35_Y3_UO1185,I23_F52_m94f94_P99_Y0_UO4757,I23_F27_m42f42_P6_Y1_UO1845,FXX,4,0.0,1,0,1.0,0,0,0,-9999.0,0.125,1,P93_CV0,2,0,2,2,0,0,2,0,2
75,-299993.5193,-71281.93557,Age0_F75_m39f39_P75_Y7_UO1879,I39_F51_m11f11_P48_Y0_UO624,I39_F75_m60f60_P75_Y0_UO3119,MXY,0,0.0,0,0,0.0,0,0,0,0.0,0.375,1,P10_CV0,2,0,2,2,0,0,2,0,2
75,-299993.5193,-71281.93557,Age0_F75_m43f43_P75_Y7_UO2084,I43_F89_m73f73_P89_Y5_UO3319,I43_F41_m73f73_P89_Y4_UO3306,FXX,0,0.0,0,0,0.0,0,0,0,0.0,0.59375,1,P10_CV0,2,1,1,0,2,0,2,0,2
75,-299993.5193,-71281.93557,E75_F60_m100f100_P49_Y6_UO4633,I100_F49_m11f11_P49_Y2_UO655,I100_F48_m11f11_P48_Y3_UO623,FXX,1,0.0,1,1,1.0,0,0,0,-9999.0,0.5,1,P10_CV0,2,1,1,0,2,0,2,0,2
75,-299993.5193,-71281.93557,E75_F43_m73f73_P89_Y5_UO3319,I73_F89_m73f73_P89_Y2_UO3368,ID73_F48_m55f55_P41_Y2_UO2609,FXX,2,0.0,1,0,1.0,0,0,0,-9999.0,0.5625,1,P10_CV0,2,0,2,0,2,0,2,0,2
75,-299993.5193,-71281.93557,E75_F39_m11f11_P48_Y0_UO624,R11_F11_m-1f-1_P11_Y-1_U95,R11_F11_m-1f-1_P11_Y-1_U89,FXX,7,0.0,1,0,1.0,0,0,0,-9999.0,0.5,1,P10_CV0,2,1,1,1,1,0,2,0,2
75,-299993.5193,-71281.93557,Age0_F75_m39f39_P75_Y7_UO1854,I39_F19_m46f46_P93_Y3_UO2248,I39_F19_m39f39_P75_Y4_UO1800,MXY,0,0.0,0,0,0.0,0,0,0,0.0,0.53125,1,P11_CV0,2,2,0,2,0,0,2,0,2
75,-299993.5193,-71281.93557,E75_F39_m30f30_P93_Y6_UO1384,I30_F93_m12f12_P13_Y4_UO680,I30_F74_m7f7_P38_Y4_UO418,FXX,1,0.0,1,1,1.0,0,0,0,-9999.0,0.53125,1,P11_CV0,2,1,1,2,0,0,2,0,2
75,-299993.5193,-71281.93557,E75_F60_m60f60_P75_Y6_UO2827,I60_F75_m60f60_P75_Y2_UO2851,I60_F75_m39f39_P75_Y4_UO1866,MXY,1,0.0,1,1,0.0,0,0,0,-9999.0,0.5,1,P11_CV0,2,2,0,0,2,0,2,0,2
75,-299993.5193,-71281.93557,E75_F60_m60f60_P75_Y6_UO2856,I60_F75_m-1f-1_P60_Y-1_U29,I60_F75_m39f39_P75_Y4_UO1866,FXX,1,0.0,1,1,1.0,0,0,0,-9999.0,0.75,1,P11_CV0,2,2,0,1,1,0,2,0,2
75,-299993.5193,-71281.93557,Age0_F75_m60f60_P75_Y7_UO2794,I60_F49_m60f60_P75_Y4_UO2772,I60_F14_m60f60_P75_Y2_UO2820,FXX,0,0.0,0,0,0.0,0,0,0,0.0,0.125,1,P14_CV0,2,0,2,2,0,0,2,0,2
75,-299993.5193,-71281.93557,E75_F60_m43f43_P48_Y6_UO2164,I43_F49_m25f25_P48_Y0_UO1403,I43_F49_m11f11_P49_Y3_UO644,FXX,1,0.0,1,1,1.0,0,0,1,-9999.0,0.4375,1,P24_CV0,2,1,1,0,2,0,2,0,2
75,-299993.5193,-71281.93557,Age0_F75_m39f39_P75_Y7_UO1858,ID39_F19_m46f46_P19_Y3_UO2233,I39_F19_m46f46_P19_Y2_UO2214,MXY,0,0.0,0,0,0.0,0,0,0,0.0,0.6875,1,P36_CV0,2,1,1,1,1,0,2,0,2
75,-299993.5193,-71281.93557,E75_F39_m46f46_P19_Y3_UO2233,I46_F52_m37f37_P38_Y0_UO1729,I46_F86_m39f39_P93_Y1_UO1680,FXX,4,0.0,1,0,1.0,0,0,0,-9999.0,0.5,1,P36_CV0,2,0,2,1,1,0,2,0,2
75,-299993.5193,-71281.93557,Age0_F75_m39f39_P75_Y7_UO1803,I39_F19_m39f39_P19_Y5_UO1812,ID39_F51_m39f39_P19_Y0_UO1851,MXY,0,0.0,0,0,0.0,0,0,0,0.0,0.375,1,P38_CV0,2,1,1,0,2,0,2,0,2
75,-299993.5193,-71281.93557,Age0_F75_m39f39_P75_Y7_UO1820,I39_F19_m39f39_P19_Y5_UO1847,I39_F75_m39f39_P51_Y5_UO1857,MXY,0,0.0,0,0,0.0,0,0,0,0.0,0.5,1,P38_CV0,2,2,0,1,1,0,2,0,2
75,-299993.5193,-71281.93557,Age0_F75_m39f39_P75_Y7_UO1842,I39_F51_m87f87_P51_Y4_UO4008,I39_F19_m-1f-1_P39_Y-1_U160,FXX,0,0.0,0,0,0.0,0,0,0,0.0,0.625,1,P38_CV0,2,0,2,2,0,0,2,0,2
75,-299993.5193,-71281.93557,Age0_F75_m39f39_P75_Y7_UO1845,I39_F51_m39f39_P19_Y4_UO1851,I39_F51_m60f60_P75_Y5_UO2777,FXX,0,0.0,0,0,0.0,0,0,0,0.0,0.3125,1,P38_CV0,2,0,2,2,0,0,2,0,2
75,-299993.5193,-71281.93557,Age0_F75_m39f39_P75_Y7_UO1852,I39_F75_m46f46_P93_Y3_UO2262,I39_F19_m39f39_P19_Y3_UO1820,FXX,0,0.0,0,0,0.0,0,0,0,0.0,0.375,1,P38_CV0,2,1,1,1,1,0,2,0,2
75,-299993.5193,-71281.93557,Age0_F75_m39f39_P75_Y7_UO1872,I39_F93_m60f60_P75_Y1_UO2759,I39_F19_m-1f-1_P39_Y-1_U195,FXX,0,0.0,0,0,0.0,0,0,0,0.0,0.125,1,P38_CV0,2,0,2,0,2,0,2,0,2
75,-299993.5193,-71281.93557,Age0_F75_m39f39_P75_Y7_UO1878,I39_F19_m39f39_P19_Y0_UO1866,I39_F51_m39f39_P19_Y1_UO1659,MXY,0,0.0,0,0,0.0,0,0,0,0.0,0.375,1,P38_CV0,2,1,1,1,1,0,2,0,2
75,-299993.5193,-71281.93557,Age0_F75_m39f39_P75_Y7_UO1887,I39_F51_m-1f-1_P39_Y-1_U218,ID39_F49_m39f39_P19_Y2_UO1819,MXY,0,0.0,0,0,0.0,0,0,0,0.0,0.5,1,P38_CV0,2,0,2,1,1,0,2,0,2
75,-299993.5193,-71281.93557,Age0_F75_m39f39_P75_Y7_UO1888,ID39_F75_m-1f-1_P39_Y-1_U13,ID39_F19_m39f39_P75_Y3_UO1868,FXX,0,0.0,0,0,0.0,0,0,0,0.0,0.3125,1,P38_CV0,2,1,1,1,1,0,2,0,2
75,-299993.5193,-71281.93557,Age0_F75_m39f39_P75_Y7_UO1889,ID39_F51_m-1f-1_P39_Y-1_U122,I39_F19_m-1f-1_P39_Y-1_U136,FXX,0,0.0,0,0,0.0,0,0,0,0.0,0.5,1,P38_CV0,2,1,1,1,1,0,2,0,2
75,-299993.5193,-71281.93557,Age0_F75_m39f39_P75_Y7_UO1891,I39_F19_m-1f-1_P39_Y-1_U82,I39_F75_m39f39_P51_Y2_UO1809,MXY,0,0.0,0,0,0.0,0,0,0,0.0,0.625,1,P38_CV0,2,2,0,1,1,0,2,0,2
75,-299993.5193,-71281.93557,Age0_F75_m39f39_P75_Y7_UO1892,ID39_F19_m-1f-1_P39_Y-1_U180,I39_F75_m-1f-1_P39_Y-1_U205,MXY,0,0.0,0,0,0.0,0,0,0,0.0,0.5,1,P38_CV0,2,2,0,0,2,0,2,0,2
75,-299993.5193,-71281.93557,Age0_F75_m39f39_P75_Y7_UO1894,I39_F19_m-1f-1_P39_Y-1_U145,ID39_F19_m-1f-1_P39_Y-1_U162,FXX,0,0.0,0,0,0.0,0,0,0,0.0,0.25,1,P38_CV0,2,0,2,2,0,0,2,0,2
75,-299993.5193,-71281.93557,Age0_F75_m39f39_P75_Y7_UO1895,I39_F19_m-1f-1_P39_Y-1_U123,ID39_F19_m-1f-1_P60_Y-1_U8,MXY,0,0.0,0,0,0.0,0,0,0,0.0,0.75,1,P38_CV0,2,1,1,0,2,0,2,0,2
75,-299993.5193,-71281.93557,Age0_F75_m60f60_P75_Y7_UO2770,I60_F75_m60f60_P75_Y5_UO2853,I60_F19_m60f60_P75_Y4_UO2789,FXX,0,0.0,0,0,0.0,0,0,0,0.0,0.6875,1,P38_CV0,2,2,0,1,1,0,2,0,2
75,-299993.5193,-71281.93557,Age0_F75_m60f60_P75_Y7_UO2773,ID60_F75_m60f60_P75_Y5_UO2789,ID60_F51_m39f39_P75_Y0_UO1907,MXY,0,0.0,0,0,0.0,0,0,0,0.0,0.875,1,P38_CV0,2,2,0,2,0,0,2,0,2
75,-299993.5193,-71281.93557,Age0_F75_m60f60_P75_Y7_UO2776,ID60_F19_m39f39_P75_Y5_UO1799,I60_F75_m-1f-1_P39_Y-1_U163,FXX,0,0.0,0,0,0.0,0,0,0,0.0,0.53125,1,P38_CV0,2,2,0,1,1,0,2,0,2
75,-299993.5193,-71281.93557,Age0_F75_m60f60_P75_Y7_UO2778,I60_F75_m60f60_P75_Y5_UO2843,I60_F75_m60f60_P75_Y2_UO2804,MXY,0,0.0,0,0,0.0,0,0,0,0.0,0.875,1,P38_CV0,2,2,0,2,0,0,2,0,2
75,-299993.5193,-71281.93557,Age0_F75_m60f60_P75_Y7_UO2780,I60_F75_m39f39_P75_Y5_UO1829,ID60_F75_m39f39_P75_Y1_UO1710,FXX,0,0.0,0,0,0.0,0,0,0,0.0,0.40625,1,P38_CV0,2,0,2,0,2,0,2,0,2
75,-299993.5193,-71281.93557,Age0_F75_m60f60_P75_Y7_UO2782,ID60_F19_m39f39_P19_Y5_UO1813,I60_F19_m60f60_P75_Y5_UO2796,MXY,0,0.0,0,0,0.0,0,0,0,0.0,0.5,1,P38_CV0,2,1,1,1,1,0,2,0,2
75,-299993.5193,-71281.93557,Age0_F75_m60f60_P75_Y7_UO2786,I60_F75_m39f39_P19_Y4_UO1833,I60_F75_m87f87_P51_Y3_UO4007,FXX,0,0.0,0,0,0.0,0,0,0,0.0,0.75,1,P38_CV0,2,1,1,2,0,0,2,0,2
75,-299993.5193,-71281.93557,Age0_F75_m60f60_P75_Y7_UO2787,I60_F75_m39f39_P75_Y4_UO1871,I60_F51_m60f60_P75_Y5_UO2784,FXX,0,0.0,0,0,0.0,0,0,0,0.0,0.5,1,P38_CV0,2,0,2,1,1,0,2,0,2
75,-299993.5193,-71281.93557,Age0_F75_m60f60_P75_Y7_UO2792,ID60_F93_m60f60_P75_Y4_UO2839,I60_F75_m39f39_P75_Y5_UO1886,FXX,0,0.0,0,0,0.0,0,0,0,0.0,0.25,1,P38_CV0,2,0,2,2,0,0,2,0,2
75,-299993.5193,-71281.93557,Age0_F75_m60f60_P75_Y7_UO2797,ID60_F75_m60f60_P75_Y4_UO2844,I60_F19_m60f60_P75_Y4_UO2789,MXY,0,0.0,0,0,0.0,0,0,0,0.0,0.3125,1,P38_CV0,2,1,1,0,2,0,2,0,2
75,-299993.5193,-71281.93557,Age0_F75_m60f60_P75_Y7_UO2801,ID60_F75_m60f60_P75_Y3_UO2791,ID60_F75_m39f39_P75_Y1_UO1710,FXX,0,0.0,0,0,0.0,0,0,0,0.0,0.5,1,P38_CV0,2,0,2,1,1,0,2,0,2
75,-299993.5193,-71281.93557,Age0_F75_m60f60_P75_Y7_UO2804,I60_F19_m60f60_P75_Y3_UO2840,I60_F75_m-1f-1_P60_Y-1_U175,MXY,0,0.0,0,0,0.0,0,0,0,0.0,0.75,1,P38_CV0,2,1,1,1,1,0,2,0,2
75,-299993.5193,-71281.93557,Age0_F75_m60f60_P75_Y7_UO2805,ID60_F49_m55f55_P48_Y3_UO2536,I60_F75_m39f39_P75_Y5_UO1818,FXX,0,0.0,0,0,0.0,0,0,0,0.0,0.40625,1,P38_CV0,2,1,1,2,0,0,2,0,2
75,-299993.5193,-71281.93557,Age0_F75_m60f60_P75_Y7_UO2813,ID60_F19_m39f39_P51_Y2_UO1845,I60_F75_m87f87_P51_Y3_UO4007,MXY,0,0.0,0,0,0.0,0,0,0,0.0,0.6875,1,P38_CV0,2,1,1,1,1,0,2,0,2
75,-299993.5193,-71281.93557,Age0_F75_m60f60_P75_Y7_UO2814,ID60_F75_m39f39_P75_Y2_UO1826,ID60_F93_m39f39_P19_Y3_UO1856,MXY,0,0.0,0,0,0.0,0,0,0,0.0,0.75,1,P38_CV0,2,1,1,0,2,0,2,0,2
75,-299993.5193,-71281.93557,Age0_F75_m60f60_P75_Y7_UO2818,ID60_F75_m60f60_P75_Y2_UO2851,I60_F19_m39f39_P19_Y2_UO1804,MXY,0,0.0,0,0,0.0,0,0,0,0.0,0.375,1,P38_CV0,2,1,1,0,2,0,2,0,2
75,-299993.5193,-71281.93557,Age0_F75_m60f60_P75_Y7_UO2822,ID60_F75_m60f60_P75_Y1_UO2728,ID60_F75_m39f39_P75_Y1_UO1710,FXX,0,0.0,0,0,0.0,0,0,0,0.0,0.5,1,P38_CV0,2,1,1,1,1,0,2,0,2
75,-299993.5193,-71281.93557,Age0_F75_m60f60_P75_Y7_UO2823,I60_F14_m39f39_P75_Y1_UO1687,I60_F75_m-1f-1_P39_Y-1_U146,MXY,0,0.0,0,0,0.0,0,0,0,0.0,0.5,1,P38_CV0,2,1,1,1,1,0,2,0,2
75,-299993.5193,-71281.93557,Age0_F75_m60f60_P75_Y7_UO2833,I60_F19_m-1f-1_P39_Y-1_U169,ID60_F19_m39f39_P93_Y5_UO1808,FXX,0,0.0,0,0,0.0,0,0,0,0.0,0.4375,1,P38_CV0,2,0,2,1,1,0,2,0,2
75,-299993.5193,-71281.93557,Age0_F75_m60f60_P75_Y7_UO2839,ID60_F75_m-1f-1_P39_Y-1_U191,I60_F51_m-1f-1_P60_Y-1_U89,MXY,0,0.0,0,0,0.0,0,0,0,0.0,0.75,1,P38_CV0,2,1,1,1,1,0,2,0,2
75,-299993.5193,-71281.93557,Age0_F75_m60f60_P75_Y7_UO2840,I60_F75_m-1f-1_P39_Y-1_U18,I60_F75_m87f87_P51_Y3_UO4007,MXY,0,0.0,0,0,0.0,0,0,0,0.0,0.5625,1,P38_CV0,2,0,2,1,1,0,2,0,2
75,-299993.5193,-71281.93557,E75_F39_m39f39_P19_Y6_UO1895,I39_F19_m39f39_P75_Y0_UO1884,I39_F19_m39f39_P19_Y0_UO1927,MXY,1,0.0,1,1,0.0,0,0,0,-9999.0,0.5,1,P38_CV0,2,1,1,0,2,0,2,0,2
75,-299993.5193,-71281.93557,E75_F39_m39f39_P19_Y6_UO1898,I39_F51_m39f39_P19_Y0_UO1866,ID39_F19_m39f39_P19_Y2_UO1778,MXY,1,0.0,1,1,0.0,0,0,0,-9999.0,0.3125,1,P38_CV0,2,1,1,0,2,0,2,0,2
75,-299993.5193,-71281.93557,E75_F39_m60f60_P75_Y6_UO2821,I60_F75_m60f60_P75_Y2_UO2862,ID60_F19_m39f39_P19_Y2_UO1813,FXX,1,0.0,1,1,1.0,0,0,0,-9999.0,0.75,1,P38_CV0,2,1,1,1,1,0,2,0,2
75,-299993.5193,-71281.93557,E75_F39_m60f60_P75_Y6_UO2833,I60_F75_m60f60_P19_Y1_UO2724,I60_F75_m39f39_P75_Y4_UO1798,MXY,1,0.0,1,1,0.0,0,0,0,-9999.0,0.5,1,P38_CV0,2,2,0,1,1,0,2,0,2
75,-299993.5193,-71281.93557,E75_F60_m39f39_P75_Y6_UO1857,I39_F19_m39f39_P75_Y3_UO1849,I39_F51_m-1f-1_P39_Y-1_U111,FXX,1,0.0,1,1,1.0,0,0,1,-9999.0,0.375,1,P38_CV0,2,1,1,2,0,0,2,0,2
75,-299993.5193,-71281.93557,E75_F60_m39f39_P75_Y6_UO1879,I39_F19_m60f60_P75_Y2_UO2803,ID39_F75_m-1f-1_P60_Y-1_U23,FXX,1,0.0,1,1,1.0,0,0,0,-9999.0,0.9375,1,P38_CV0,2,2,0,0,2,0,2,0,2
75,-299993.5193,-71281.93557,E75_F60_m39f39_P75_Y6_UO1884,I39_F19_m39f39_P19_Y1_UO1651,ID39_F14_m-1f-1_P39_Y-1_U227,FXX,1,0.0,1,1,1.0,0,0,0,-9999.0,0.5,1,P38_CV0,2,1,1,2,0,0,2,0,2
75,-299993.5193,-71281.93557,E75_F60_m39f39_P75_Y6_UO1893,I39_F19_m39f39_P51_Y0_UO1859,ID39_F14_m60f60_P75_Y3_UO2862,FXX,1,0.0,1,1,1.0,0,0,0,-9999.0,0.5,1,P38_CV0,2,1,1,2,0,0,2,0,2
75,-299993.5193,-71281.93557,E75_F60_m39f39_P75_Y6_UO1903,ID39_F19_m-1f-1_P39_Y-1_U24,ID39_F51_m-1f-1_P39_Y-1_U25,FXX,1,0.0,1,1,1.0,0,0,0,-9999.0,0.75,1,P38_CV0,2,1,1,0,2,0,2,0,2
75,-299993.5193,-71281.93557,E75_F60_m39f39_P75_Y6_UO1913,I39_F19_m-1f-1_P39_Y-1_U241,I39_F19_m-1f-1_P39_Y-1_U50,FXX,1,0.0,1,1,1.0,0,0,0,-9999.0,0.25,1,P38_CV0,2,1,1,0,2,0,2,0,2
75,-299993.5193,-71281.93557,E75_F60_m60f60_P75_Y6_UO2793,I60_F75_m60f60_P75_Y4_UO2771,ID60_F19_m39f39_P19_Y2_UO1813,FXX,1,0.0,1,1,1.0,0,0,0,-9999.0,0.625,1,P38_CV0,2,2,0,0,2,0,2,0,2
75,-299993.5193,-71281.93557,E75_F60_m60f60_P75_Y6_UO2801,I60_F75_m60f60_P75_Y4_UO2805,I60_F75_m39f39_P51_Y4_UO1799,MXY,1,0.0,1,1,0.0,0,0,1,-9999.0,0.375,1,P38_CV0,2,1,1,2,0,0,2,0,2
75,-299993.5193,-71281.93557,E75_F60_m60f60_P75_Y6_UO2812,ID60_F75_m39f39_P75_Y3_UO1833,I60_F75_m87f87_P19_Y3_UO4041,FXX,1,0.0,1,1,1.0,0,0,0,-9999.0,0.5,1,P38_CV0,2,2,0,2,0,0,2,0,2
75,-299993.5193,-71281.93557,E75_F60_m60f60_P75_Y6_UO2824,I60_F75_m39f39_P75_Y2_UO1785,I60_F75_m39f39_P51_Y4_UO1799,FXX,1,0.0,1,1,1.0,0,0,0,-9999.0,0.0625,1,P38_CV0,2,0,2,2,0,0,2,0,2
75,-299993.5193,-71281.93557,E75_F60_m60f60_P75_Y6_UO2826,I60_F75_m39f39_P75_Y2_UO1826,I60_F49_m60f60_P75_Y2_UO2804,FXX,1,0.0,1,1,1.0,0,0,0,-9999.0,0.75,1,P38_CV0,2,2,0,1,1,0,2,0,2
75,-299993.5193,-71281.93557,E75_F39_m39f39_P75_Y5_UO1824,ID39_F51_m39f39_P51_Y2_UO1845,I39_F93_m-1f-1_P39_Y-1_U68,MXY,2,0.0,1,0,0.0,0,0,0,-9999.0,0.625,1,P38_CV0,2,1,1,0,2,0,2,0,2
75,-299993.5193,-71281.93557,E75_F39_m39f39_P19_Y5_UO1863,I39_F75_m-1f-1_P39_Y-1_U142,I39_F75_m39f39_P19_Y3_UO1874,MXY,2,0.0,1,0,0.0,0,0,0,-9999.0,0.625,1,P38_CV0,2,0,2,0,2,0,2,0,2
75,-299993.5193,-71281.93557,E75_F39_m39f39_P75_Y5_UO1882,I39_F19_m-1f-1_P39_Y-1_U178,I39_F19_m87f87_P51_Y0_UO4371,FXX,2,0.0,1,0,1.0,0,0,0,-9999.0,0.625,1,P38_CV0,2,1,1,2,0,0,2,0,2
75,-299993.5193,-71281.93557,E75_F39_m60f60_P75_Y5_UO2826,I60_F49_m39f39_P75_Y0_UO1834,I60_F75_m-1f-1_P60_Y-1_U246,MXY,2,0.0,1,0,0.0,0,0,0,-9999.0,0.625,1,P38_CV0,2,2,0,0,2,0,2,0,2
75,-299993.5193,-71281.93557,E75_F39_m39f39_P51_Y5_UO1848,I39_F13_m60f60_P75_Y1_UO2759,I39_F51_m60f60_P75_Y3_UO2788,FXX,2,0.0,1,0,1.0,0,0,0,-9999.0,0.3125,1,P38_CV0,2,0,2,1,1,0,2,0,2
75,-299993.5193,-71281.93557,E75_F39_m39f39_P19_Y5_UO1868,I39_F75_m-1f-1_P39_Y-1_U236,I39_F75_m-1f-1_P39_Y-1_U42,MXY,2,0.0,1,0,0.0,0,0,0,-9999.0,0.25,1,P38_CV0,2,0,2,2,0,0,2,0,2
75,-299993.5193,-71281.93557,E75_F39_m39f39_P19_Y5_UO1847,I39_F75_m60f60_P75_Y1_UO2695,I39_F75_m39f39_P51_Y0_UO1881,FXX,2,0.0,1,0,1.0,0,0,0,-9999.0,0.5,1,P38_CV0,2,2,0,1,1,0,2,0,2
75,-299993.5193,-71281.93557,E75_F60_m39f39_P75_Y5_UO1886,ID39_F19_m-1f-1_P39_Y-1_U145,I39_F19_m-1f-1_P39_Y-1_U174,MXY,2,0.0,1,0,0.0,0,0,0,-9999.0,0.0,1,P38_CV0,2,0,2,2,0,0,2,0,2
75,-299993.5193,-71281.93557,E75_F60_m39f39_P75_Y5_UO1884,ID39_F75_m-1f-1_P39_Y-1_U158,I39_F19_m-1f-1_P39_Y-1_U162,MXY,2,0.0,1,0,0.0,0,0,0,-9999.0,0.25,1,P38_CV0,2,0,2,2,0,0,2,0,2
75,-299993.5193,-71281.93557,E75_F60_m39f39_P75_Y5_UO1807,I39_F19_m60f60_P75_Y3_UO2802,I39_F75_m39f39_P19_Y3_UO1874,MXY,2,0.0,1,0,0.0,0,0,0,-9999.0,0.5625,1,P38_CV0,2,2,0,1,1,0,2,0,2
75,-299993.5193,-71281.93557,E75_F60_m39f39_P75_Y5_UO1819,I39_F19_m39f39_P19_Y3_UO1852,I39_F93_m39f39_P19_Y3_UO1856,FXX,2,0.0,1,0,1.0,0,0,0,-9999.0,0.5625,1,P38_CV0,2,1,1,0,2,0,2,0,2
75,-299993.5193,-71281.93557,E75_F60_m39f39_P19_Y5_UO1800,I39_F75_m39f39_P75_Y3_UO1849,ID39_F75_m-1f-1_P39_Y-1_U105,MXY,2,0.0,1,0,0.0,0,0,0,-9999.0,0.375,1,P38_CV0,2,1,1,1,1,0,2,0,2
75,-299993.5193,-71281.93557,E75_F60_m39f39_P75_Y5_UO1818,I39_F51_m46f46_P93_Y3_UO2248,ID39_F51_m-1f-1_P39_Y-1_U151,MXY,2,0.0,1,0,0.0,0,0,1,-9999.0,0.1875,1,P38_CV0,2,1,1,1,1,0,2,0,2
75,-299993.5193,-71281.93557,E75_F60_m39f39_P19_Y5_UO1813,I39_F51_m39f39_P19_Y3_UO1794,I39_F51_m60f60_P75_Y3_UO2788,FXX,2,0.0,1,0,1.0,0,0,0,-9999.0,0.5,1,P38_CV0,2,1,1,1,1,0,2,0,2
75,-299993.5193,-71281.93557,E75_F39_m60f60_P75_Y4_UO2782,I60_F75_m39f39_P75_Y2_UO1777,ID60_F19_m39f39_P75_Y2_UO1769,MXY,3,0.0,1,0,0.0,0,0,0,-9999.0,0.75,1,P38_CV0,2,2,0,2,0,0,2,0,2
75,-299993.5193,-71281.93557,E75_F39_m39f39_P19_Y4_UO1851,ID39_F19_m-1f-1_P39_Y-1_U95,I39_F93_m39f39_P19_Y2_UO1783,FXX,3,0.0,1,0,1.0,0,0,0,-9999.0,0.0625,1,P38_CV0,2,0,2,2,0,0,2,0,2
75,-299993.5193,-71281.93557,E75_F60_m39f39_P19_Y4_UO1833,ID39_F19_m87f87_P51_Y1_UO3837,ID39_F75_m-1f-1_P39_Y-1_U15,FXX,3,0.0,1,0,1.0,0,0,0,-9999.0,0.875,1,P38_CV0,2,2,0,1,1,0,2,0,2
75,-299993.5193,-71281.93557,E75_F60_m39f39_P75_Y4_UO1871,I39_F51_m-1f-1_P39_Y-1_U71,I39_F19_m60f60_P75_Y2_UO2882,FXX,3,0.0,1,0,1.0,0,0,1,-9999.0,0.5,1,P38_CV0,2,1,1,1,1,0,2,0,2
75,-299993.5193,-71281.93557,E75_F60_m39f39_P75_Y4_UO1840,I39_F93_m39f39_P75_Y0_UO1846,ID39_F19_m-1f-1_P39_Y-1_U151,MXY,3,0.0,1,0,0.0,0,0,0,-9999.0,0.375,1,P38_CV0,2,1,1,1,1,0,2,0,2
75,-299993.5193,-71281.93557,E75_F39_m39f39_P75_Y3_UO1868,I39_F19_m-1f-1_P39_Y-1_U241,I39_F51_m46f46_P93_Y1_UO2104,MXY,4,0.0,1,0,0.0,0,0,0,-9999.0,0.625,1,P38_CV0,2,2,0,0,2,0,2,0,2
75,-299993.5193,-71281.93557,E75_F39_m46f46_P93_Y3_UO2248,I46_F93_m39f39_P93_Y0_UO1917,I46_F52_m-1f-1_P39_Y-1_U197,FXX,4,0.0,1,0,1.0,0,0,0,-9999.0,0.375,1,P38_CV0,2,2,0,1,1,0,2,0,2
75,-299993.5193,-71281.93557,E75_F60_m60f60_P75_Y3_UO2791,ID60_F75_m87f87_P19_Y1_UO3875,I60_F75_m39f39_P19_Y0_UO1869,FXX,4,0.0,1,0,1.0,0,0,1,-9999.0,0.5,1,P38_CV0,2,0,2,1,1,0,2,0,2
75,-299993.5193,-71281.93557,E75_F60_m39f39_P75_Y3_UO1810,ID39_F51_m60f60_P75_Y1_UO2776,I39_F19_m-1f-1_P39_Y-1_U4,FXX,4,0.0,1,0,1.0,0,0,1,-9999.0,0.125,1,P38_CV0,2,1,1,2,0,0,2,0,2
75,-299993.5193,-71281.93557,E75_F60_m60f60_P75_Y3_UO2840,ID60_F75_m-1f-1_P39_Y-1_U191,ID60_F75_m-1f-1_P60_Y-1_U75,FXX,4,0.0,1,0,1.0,0,0,0,-9999.0,0.5,1,P38_CV0,2,1,1,1,1,0,2,0,2
75,-299993.5193,-71281.93557,E75_F60_m39f39_P75_Y3_UO1833,I39_F75_m87f87_P51_Y0_UO4343,I39_F75_m-1f-1_P39_Y-1_U42,FXX,4,0.0,1,0,1.0,0,0,1,-9999.0,0.5,1,P38_CV0,2,2,0,2,0,0,2,0,2
75,-299993.5193,-71281.93557,E75_F39_m39f39_P75_Y2_UO1818,I39_F19_m-1f-1_P39_Y-1_U20,I39_F19_m-1f-1_P39_Y-1_U134,MXY,5,0.0,1,0,0.0,0,0,0,-9999.0,0.5,1,P38_CV0,2,2,0,0,2,0,2,0,2
75,-299993.5193,-71281.93557,E75_F60_m39f39_P19_Y2_UO1804,I39_F75_m-1f-1_P39_Y-1_U114,I39_F51_m39f39_P19_Y0_UO1918,MXY,5,0.0,1,0,0.0,0,0,0,-9999.0,0.25,1,P38_CV0,2,0,2,1,1,0,2,0,2
75,-299993.5193,-71281.93557,E75_F60_m39f39_P51_Y2_UO1845,I39_F75_m-1f-1_P39_Y-1_U123,ID39_F19_m-1f-1_P39_Y-1_U246,FXX,5,0.0,1,0,1.0,0,0,0,-9999.0,0.75,1,P38_CV0,2,2,0,1,1,0,2,0,2
75,-299993.5193,-71281.93557,E75_F60_m39f39_P75_Y2_UO1826,I39_F19_m-1f-1_P39_Y-1_U47,I39_F75_m39f39_P19_Y0_UO1849,FXX,5,0.0,1,0,1.0,0,0,1,-9999.0,0.75,1,P38_CV0,2,1,1,1,1,0,2,0,2
75,-299993.5193,-71281.93557,E75_F60_m39f39_P75_Y2_UO1785,I39_F75_m39f39_P19_Y0_UO1856,I39_F93_m-1f-1_P39_Y-1_U56,FXX,5,0.0,1,0,1.0,0,0,0,-9999.0,0.0,1,P38_CV0,2,0,2,2,0,0,2,0,2
75,-299993.5193,-71281.93557,E75_F60_m39f39_P75_Y2_UO1775,ID39_F19_m39f39_P19_Y0_UO1916,ID39_F19_m60f60_P75_Y0_UO3072,MXY,5,0.0,1,0,0.0,0,0,0,-9999.0,0.75,1,P38_CV0,2,1,1,0,2,0,2,0,2
75,-299993.5193,-71281.93557,E75_F60_m39f39_P19_Y2_UO1793,I39_F19_m-1f-1_P39_Y-1_U169,I39_F19_m-1f-1_P46_Y-1_U155,MXY,5,0.0,1,0,0.0,0,0,0,-9999.0,0.75,1,P38_CV0,2,1,1,1,1,0,2,0,2
75,-299993.5193,-71281.93557,E75_F39_m39f39_P51_Y1_UO1660,ID39_F93_m-1f-1_P39_Y-1_U218,I39_F19_m-1f-1_P39_Y-1_U111,MXY,6,0.0,1,0,0.0,0,0,0,-9999.0,0.25,1,P38_CV0,2,1,1,1,1,0,2,0,2
75,-299993.5193,-71281.93557,E75_F39_m39f39_P19_Y1_UO1714,ID39_F19_m-1f-1_P39_Y-1_U225,ID39_F75_m-1f-1_P39_Y-1_U84,MXY,6,0.0,1,0,0.0,0,0,0,-9999.0,0.5,1,P38_CV0,2,1,1,0,2,0,2,0,2
75,-299993.5193,-71281.93557,E75_F39_m39f39_P19_Y1_UO1659,I39_F51_m-1f-1_P39_Y-1_U233,I39_F93_m-1f-1_P39_Y-1_U163,MXY,6,0.0,1,0,0.0,0,0,0,-9999.0,0.75,1,P38_CV0,2,2,0,1,1,0,2,0,2
75,-299993.5193,-71281.93557,E75_F39_m39f39_P51_Y1_UO1637,I39_F75_m-1f-1_P39_Y-1_U142,I39_F19_m-1f-1_P39_Y-1_U179,FXX,6,0.0,1,0,1.0,0,0,0,-9999.0,0.5,1,P38_CV0,2,1,1,1,1,0,2,0,2
75,-299993.5193,-71281.93557,E75_F60_m39f39_P75_Y1_UO1713,ID39_F19_m-1f-1_P39_Y-1_U113,I39_F75_m-1f-1_P39_Y-1_U74,FXX,6,0.0,1,0,1.0,0,0,0,-9999.0,0.0,1,P38_CV0,2,0,2,1,1,0,2,0,2
75,-299993.5193,-71281.93557,E75_F60_m39f39_P75_Y1_UO1687,I39_F19_m-1f-1_P39_Y-1_U86,ID39_F19_m-1f-1_P39_Y-1_U213,FXX,6,0.0,1,0,1.0,0,0,1,-9999.0,0.5,1,P38_CV0,2,1,1,1,1,0,2,0,2
75,-299993.5193,-71281.93557,E75_F60_m39f39_P75_Y1_UO1710,I39_F51_m-1f-1_P39_Y-1_U65,ID39_F51_m-1f-1_P39_Y-1_U50,MXY,6,0.0,1,0,0.0,0,0,1,-9999.0,0.5,1,P38_CV0,2,1,1,1,1,0,2,0,2
75,-299993.5193,-71281.93557,E75_F39_m39f39_P19_Y0_UO1866,R39_F39_m-1f-1_P39_Y-1_U79,R39_F39_m-1f-1_P39_Y-1_U203,FXX,7,0.0,1,0,1.0,0,0,0,-9999.0,0.0,1,P38_CV0,2,0,2,1,1,0,2,0,2
75,-299993.5193,-71281.93557,E75_F60_m39f39_P51_Y0_UO1842,R39_F39_m-1f-1_P39_Y-1_U21,R39_F39_m-1f-1_P39_Y-1_U126,MXY,7,0.0,1,0,0.0,0,0,0,-9999.0,0.75,1,P38_CV0,2,1,1,1,1,0,2,0,2
75,-299993.5193,-71281.93557,E75_F60_m39f39_P75_Y0_UO1907,R39_F39_m-1f-1_P39_Y-1_U191,R39_F39_m-1f-1_P39_Y-1_U141,MXY,7,0.0,1,0,0.0,0,0,0,-9999.0,1.0,1,P38_CV0,2,2,0,2,0,0,2,0,2
75,-299993.5193,-71281.93557,E75_F60_m-1f-1_P39_Y-1_U146,-9999,-9999,MXY,8,0.0,1,0,0.0,0,0,1,-9999.0,0.5,1,P38_CV0,2,1,1,1,1,0,2,0,2
75,-299993.5193,-71281.93557,E75_F60_m-1f-1_P39_Y-1_U169,-9999,-9999,FXX,8,0.0,1,0,1.0,0,0,0,-9999.0,0.5,1,P38_CV0,2,1,1,2,0,0,2,0,2
75,-299993.5193,-71281.93557,E75_F39_m-1f-1_P39_Y-1_U7,-9999,-9999,MXY,9,0.0,1,0,0.0,0,0,0,-9999.0,0.0,1,P38_CV0,2,0,2,1,1,0,2,0,2
75,-299993.5193,-71281.93557,E75_F60_m-1f-1_P39_Y-1_U163,-9999,-9999,MXY,9,0.0,1,0,0.0,0,0,1,-9999.0,0.5,1,P38_CV0,2,1,1,0,2,0,2,0,2
75,-299993.5193,-71281.93557,E75_F39_m-1f-1_P39_Y-1_U24,-9999,-9999,FXX,10,0.0,1,0,1.0,0,0,0,-9999.0,0.5,1,P38_CV0,2,1,1,1,1,0,2,0,2
75,-299993.5193,-71281.93557,E75_F39_m-1f-1_P39_Y-1_U218,-9999,-9999,FXX,10,0.0,1,0,1.0,0,0,0,-9999.0,0.5,1,P38_CV0,2,1,1,1,1,0,2,0,2
75,-299993.5193,-71281.93557,E75_F60_m-1f-1_P39_Y-1_U191,-9999,-9999,FXX,10,0.0,1,0,1.0,0,0,0,-9999.0,1.0,1,P38_CV0,2,2,0,2,0,0,2,0,2
75,-299993.5193,-71281.93557,E75_F60_m-1f-1_P39_Y-1_U18,-9999,-9999,FXX,10,0.0,1,0,1.0,0,0,0,-9999.0,0.5,1,P38_CV0,2,1,1,1,1,0,2,0,2
75,-299993.5193,-71281.93557,E75_F39_m-1f-1_P39_Y-1_U13,-9999,-9999,FXX,11,0.0,1,0,1.0,0,0,0,-9999.0,0.0,1,P38_CV0,2,0,2,2,0,0,2,0,2
75,-299993.5193,-71281.93557,E75_F39_m-1f-1_P39_Y-1_U136,-9999,-9999,MXY,11,0.0,1,0,0.0,0,0,0,-9999.0,0.5,1,P38_CV0,2,1,1,1,1,0,2,0,2
75,-299993.5193,-71281.93557,E75_F39_m-1f-1_P39_Y-1_U205,-9999,-9999,MXY,11,0.0,1,0,0.0,0,0,0,-9999.0,0.5,1,P38_CV0,2,1,1,0,2,0,2,0,2
75,-299993.5193,-71281.93557,E75_F39_m-1f-1_P39_Y-1_U122,-9999,-9999,FXX,11,0.0,1,0,1.0,0,0,0,-9999.0,0.5,1,P38_CV0,2,1,1,2,0,0,2,0,2
75,-299993.5193,-71281.93557,E75_F39_m-1f-1_P39_Y-1_U178,-9999,-9999,FXX,12,0.0,1,0,1.0,0,0,0,-9999.0,1.0,1,P38_CV0,2,2,0,2,0,0,2,0,2
75,-299993.5193,-71281.93557,E75_F39_m-1f-1_P39_Y-1_U82,-9999,-9999,FXX,12,0.0,1,0,1.0,0,0,0,-9999.0,0.5,1,P38_CV0,2,1,1,1,1,0,2,0,2
75,-299993.5193,-71281.93557,E75_F39_m-1f-1_P39_Y-1_U180,-9999,-9999,FXX,13,0.0,1,0,1.0,0,0,0,-9999.0,0.5,1,P38_CV0,2,1,1,1,1,0,2,0,2
75,-299993.5193,-71281.93557,E75_F60_m-1f-1_P39_Y-1_U133,-9999,-9999,FXX,13,0.0,1,0,1.0,0,0,0,-9999.0,0.5,1,P38_CV0,2,1,1,1,1,0,2,0,2
75,-299993.5193,-71281.93557,E75_F39_m-1f-1_P39_Y-1_U145,-9999,-9999,FXX,14,0.0,1,0,1.0,0,0,0,-9999.0,0.0,1,P38_CV0,2,0,2,1,1,0,2,0,2
75,-299993.5193,-71281.93557,E75_F39_m-1f-1_P39_Y-1_U174,-9999,-9999,MXY,14,0.0,1,0,0.0,0,0,0,-9999.0,0.0,1,P38_CV0,2,0,2,2,0,0,2,0,2
75,-299993.5193,-71281.93557,E75_F39_m-1f-1_P39_Y-1_U123,-9999,-9999,FXX,15,0.0,1,0,1.0,0,0,0,-9999.0,1.0,1,P38_CV0,2,2,0,0,2,0,2,0,2
75,-299993.5193,-71281.93557,Age0_F75_m39f39_P75_Y7_UO1818,I39_F19_m39f39_P51_Y5_UO1876,I39_F19_m87f87_P51_Y5_UO4071,FXX,0,0.0,0,0,0.0,0,0,0,0.0,0.25,1,P3_CV0,2,0,2,2,0,0,2,0,2
75,-299993.5193,-71281.93557,E75_F60_m4f4_P96_Y4_UO190,I4_F82_m4f4_P82_Y2_UO262,ID4_F67_m-1f-1_P4_Y-1_U175,MXY,3,0.0,1,0,0.0,0,0,0,-9999.0,0.75,1,P3_CV0,2,1,1,1,1,0,2,0,2
75,-299993.5193,-71281.93557,E75_F4_m4f4_P82_Y3_UO267,I4_F82_m-1f-1_P4_Y-1_U190,I4_F82_m-1f-1_P4_Y-1_U129,MXY,4,0.0,1,0,0.0,0,0,0,-9999.0,0.5,1,P3_CV0,2,0,2,0,2,0,2,0,2
75,-299993.5193,-71281.93557,E75_F4_m4f4_P82_Y1_UO210,I4_F67_m-1f-1_P4_Y-1_U16,ID4_F82_m-1f-1_P4_Y-1_U248,MXY,6,0.0,1,0,0.0,0,0,0,-9999.0,0.0,1,P3_CV0,2,0,2,0,2,0,2,0,2
75,-299993.5193,-71281.93557,Age0_F75_m39f39_P75_Y7_UO1840,I39_F75_m60f60_P75_Y4_UO2835,I39_F19_m39f39_P75_Y2_UO1818,FXX,0,0.0,0,0,0.0,0,0,0,0.0,0.6875,1,P42_CV0,2,2,0,1,1,0,2,0,2
75,-299993.5193,-71281.93557,Age0_F75_m60f60_P75_Y7_UO2790,I60_F75_m43f43_P48_Y4_UO2062,I60_F19_m60f60_P75_Y5_UO2796,MXY,0,0.0,0,0,0.0,0,0,0,0.0,0.6875,1,P42_CV0,2,1,1,1,1,0,2,0,2
75,-299993.5193,-71281.93557,E75_F39_m60f60_P75_Y4_UO2835,I60_F75_m-1f-1_P39_Y-1_U153,ID60_F48_m43f43_P14_Y1_UO1959,FXX,3,0.0,1,0,1.0,0,0,0,-9999.0,0.875,1,P42_CV0,2,2,0,2,0,0,2,0,2
75,-299993.5193,-71281.93557,E75_F60_m43f43_P48_Y4_UO2062,I43_F49_m43f43_P49_Y1_UO1937,I43_F48_m-1f-1_P43_Y-1_U11,FXX,3,0.0,1,0,1.0,0,0,1,-9999.0,0.875,1,P42_CV0,2,2,0,1,1,0,2,0,2
75,-299993.5193,-71281.93557,E75_F60_m55f55_P48_Y3_UO2536,I55_F89_m43f43_P41_Y1_UO1975,I55_F89_m55f55_P89_Y1_UO2487,FXX,4,0.0,1,0,1.0,0,0,0,-9999.0,0.625,1,P42_CV0,2,2,0,2,0,0,2,0,2
75,-299993.5193,-71281.93557,Age0_F75_m39f39_P75_Y7_UO1865,I39_F19_m39f39_P19_Y2_UO1758,I39_F19_m-1f-1_P39_Y-1_U235,MXY,0,0.0,0,0,0.0,0,0,0,0.0,0.4375,1,P45_CV0,2,1,1,0,2,0,2,0,2
75,-299993.5193,-71281.93557,Age0_F75_m39f39_P75_Y7_UO1871,I39_F19_m60f60_P75_Y1_UO2766,I39_F19_m46f46_P93_Y2_UO2217,MXY,0,0.0,0,0,0.0,0,0,0,0.0,0.6875,1,P45_CV0,2,1,1,2,0,0,2,0,2
75,-299993.5193,-71281.93557,Age0_F75_m60f60_P75_Y7_UO2806,I60_F75_m46f46_P13_Y3_UO2228,ID60_F75_m60f60_P75_Y1_UO2743,FXX,0,0.0,0,0,0.0,0,0,0,0.0,0.6875,1,P45_CV0,2,2,0,0,2,0,2,0,2
75,-299993.5193,-71281.93557,E75_F39_m39f39_P19_Y6_UO1871,I39_F75_m39f39_P19_Y2_UO1758,I39_F19_m-1f-1_P60_Y-1_U230,MXY,1,0.0,1,1,0.0,0,0,0,-9999.0,0.6875,1,P45_CV0,2,1,1,0,2,0,2,0,2
75,-299993.5193,-71281.93557,E75_F39_m39f39_P75_Y6_UO1896,I39_F51_m46f46_P19_Y0_UO2354,I39_F19_m39f39_P19_Y4_UO1839,MXY,1,0.0,1,1,0.0,0,0,0,-9999.0,0.375,1,P45_CV0,2,1,1,1,1,0,2,0,2
75,-299993.5193,-71281.93557,E75_F60_m60f60_P75_Y6_UO2807,ID60_F75_m46f46_P13_Y3_UO2228,I60_F75_m39f39_P75_Y1_UO1710,MXY,1,0.0,1,1,0.0,0,0,0,-9999.0,0.5625,1,P45_CV0,2,2,0,1,1,0,2,0,2
75,-299993.5193,-71281.93557,E75_F39_m39f39_P19_Y5_UO1812,I39_F19_m46f46_P93_Y3_UO2262,I39_F19_m87f87_P51_Y0_UO4371,FXX,2,0.0,1,0,1.0,0,0,0,-9999.0,0.25,1,P45_CV0,2,1,1,1,1,0,2,0,2
75,-299993.5193,-71281.93557,E75_F39_m46f46_P19_Y5_UO2314,I46_F52_m-1f-1_P46_Y-1_U16,I46_F52_m46f46_P52_Y1_UO2128,MXY,2,0.0,1,0,0.0,0,0,0,-9999.0,0.5,1,P45_CV0,2,2,0,1,1,0,2,0,2
75,-299993.5193,-71281.93557,E75_F39_m39f39_P19_Y4_UO1839,I39_F93_m46f46_P19_Y0_UO2354,ID39_F93_m39f39_P19_Y2_UO1794,MXY,3,0.0,1,0,0.0,0,0,0,-9999.0,0.5,1,P45_CV0,2,1,1,2,0,0,2,0,2
75,-299993.5193,-71281.93557,E75_F39_m39f39_P19_Y4_UO1817,I39_F19_m39f39_P19_Y2_UO1758,I39_F51_m39f39_P19_Y1_UO1672,FXX,3,0.0,1,0,1.0,0,0,0,-9999.0,0.3125,1,P45_CV0,2,0,2,0,2,0,2,0,2
75,-299993.5193,-71281.93557,E75_F39_m46f46_P93_Y3_UO2262,I46_F52_m-1f-1_P46_Y-1_U223,I46_F52_m-1f-1_P39_Y-1_U247,FXX,4,0.0,1,0,1.0,0,0,0,-9999.0,0.25,1,P45_CV0,2,0,2,2,0,0,2,0,2
75,-299993.5193,-71281.93557,E75_F60_m46f46_P13_Y3_UO2228,I46_F93_m12f12_P52_Y1_UO624,I46_F52_m-1f-1_P46_Y-1_U67,FXX,4,0.0,1,0,1.0,0,0,0,-9999.0,0.625,1,P45_CV0,2,2,0,0,2,0,2,0,2
75,-299993.5193,-71281.93557,E75_F39_m39f39_P19_Y2_UO1758,I39_F51_m46f46_P19_Y0_UO2354,ID39_F13_m39f39_P19_Y0_UO1854,FXX,5,0.0,1,0,1.0,0,0,0,-9999.0,0.375,1,P45_CV0,2,1,1,1,1,0,2,0,2
75,-299993.5193,-71281.93557,E75_F39_m46f46_P93_Y2_UO2217,I46_F52_m46f46_P52_Y0_UO2345,I46_F13_m-1f-1_P46_Y-1_U164,MXY,5,0.0,1,0,0.0,0,0,0,-9999.0,0.875,1,P45_CV0,2,1,1,2,0,0,2,0,2
75,-299993.5193,-71281.93557,E75_F39_m60f60_P75_Y6_UO2822,I60_F75_m55f55_P41_Y2_UO2582,I60_F75_m60f60_P75_Y3_UO2844,MXY,1,0.0,1,1,0.0,0,0,0,-9999.0,0.625,1,P54_CV0,2,1,1,0,2,0,2,0,2
75,-299993.5193,-71281.93557,Age0_F75_m39f39_P75_Y7_UO1800,I39_F19_m60f60_P75_Y5_UO2799,I39_F93_m60f60_P75_Y4_UO2811,FXX,0,0.0,0,0,0.0,0,0,0,0.0,0.6875,1,P59_CV0,2,0,2,2,0,0,2,0,2
75,-299993.5193,-71281.93557,Age0_F75_m39f39_P75_Y7_UO1805,I39_F19_m39f39_P75_Y5_UO1809,I39_F75_m39f39_P19_Y3_UO1812,MXY,0,0.0,0,0,0.0,0,0,0,0.0,0.28125,1,P59_CV0,2,0,2,1,1,0,2,0,2
75,-299993.5193,-71281.93557,Age0_F75_m39f39_P75_Y7_UO1812,ID39_F75_m39f39_P51_Y5_UO1848,ID39_F19_m-1f-1_P60_Y-1_U8,FXX,0,0.0,0,0,0.0,0,0,0,0.0,0.40625,1,P59_CV0,2,1,1,1,1,0,2,0,2
75,-299993.5193,-71281.93557,Age0_F75_m39f39_P75_Y7_UO1815,I39_F75_m60f60_P75_Y5_UO2805,I39_F51_m60f60_P75_Y5_UO2807,MXY,0,0.0,0,0,0.0,0,0,0,0.0,0.4375,1,P59_CV0,2,0,2,1,1,0,2,0,2
75,-299993.5193,-71281.93557,Age0_F75_m39f39_P75_Y7_UO1834,I39_F19_m39f39_P19_Y4_UO1797,I39_F75_m60f60_P75_Y2_UO2846,MXY,0,0.0,0,0,0.0,0,0,0,0.0,0.625,1,P59_CV0,2,0,2,1,1,0,2,0,2
75,-299993.5193,-71281.93557,Age0_F75_m39f39_P75_Y7_UO1835,I39_F75_m60f60_P75_Y4_UO2800,ID39_F19_m39f39_P19_Y5_UO1802,FXX,0,0.0,0,0,0.0,0,0,0,0.0,0.5,1,P59_CV0,2,2,0,2,0,0,2,0,2
75,-299993.5193,-71281.93557,Age0_F75_m39f39_P75_Y7_UO1837,I39_F19_m39f39_P19_Y4_UO1817,I39_F75_m60f60_P75_Y2_UO2846,MXY,0,0.0,0,0,0.0,0,0,0,0.0,0.40625,1,P59_CV0,2,1,1,1,1,0,2,0,2
75,-299993.5193,-71281.93557,Age0_F75_m39f39_P75_Y7_UO1863,I39_F75_m60f60_P75_Y2_UO2869,I39_F13_m-1f-1_P39_Y-1_U174,FXX,0,0.0,0,0,0.0,0,0,0,0.0,0.375,1,P59_CV0,2,1,1,1,1,0,2,0,2
75,-299993.5193,-71281.93557,Age0_F75_m39f39_P75_Y7_UO1876,I39_F75_m60f60_P75_Y0_UO3067,I39_F75_m60f60_P75_Y5_UO2829,FXX,0,0.0,0,0,0.0,0,0,0,0.0,0.5,1,P59_CV0,2,2,0,0,2,0,2,0,2
75,-299993.5193,-71281.93557,Age0_F75_m39f39_P75_Y7_UO1883,I39_F19_m-1f-1_P60_Y-1_U245,I39_F19_m39f39_P51_Y4_UO1806,FXX,0,0.0,0,0,0.0,0,0,0,0.0,0.15625,1,P59_CV0,2,1,1,0,2,0,2,0,2
75,-299993.5193,-71281.93557,Age0_F75_m39f39_P75_Y7_UO1890,I39_F93_m-1f-1_P39_Y-1_U178,ID39_F51_m60f60_P75_Y0_UO3082,FXX,0,0.0,0,0,0.0,0,0,0,0.0,0.875,1,P59_CV0,2,1,1,2,0,0,2,0,2
75,-299993.5193,-71281.93557,Age0_F75_m60f60_P75_Y7_UO2771,I60_F75_m60f60_P75_Y5_UO2810,I60_F75_m39f39_P75_Y1_UO1691,FXX,0,0.0,0,0,0.0,0,0,0,0.0,0.25,1,P59_CV0,2,0,2,1,1,0,2,0,2
75,-299993.5193,-71281.93557,Age0_F75_m60f60_P75_Y7_UO2772,I60_F75_m55f55_P41_Y5_UO2526,I60_F49_m60f60_P75_Y4_UO2790,MXY,0,0.0,0,0,0.0,0,0,0,0.0,0.5625,1,P59_CV0,2,2,0,0,2,0,2,0,2
75,-299993.5193,-71281.93557,Age0_F75_m60f60_P75_Y7_UO2774,I60_F14_m39f39_P75_Y5_UO1819,ID60_F75_m60f60_P75_Y5_UO2780,FXX,0,0.0,0,0,0.0,0,0,0,0.0,0.59375,1,P59_CV0,2,1,1,1,1,0,2,0,2
75,-299993.5193,-71281.93557,Age0_F75_m60f60_P75_Y7_UO2777,I60_F75_m39f39_P75_Y5_UO1836,I60_F75_m-1f-1_P60_Y-1_U38,FXX,0,0.0,0,0,0.0,0,0,0,0.0,0.78125,1,P59_CV0,2,1,1,0,2,0,2,0,2
75,-299993.5193,-71281.93557,Age0_F75_m60f60_P75_Y7_UO2781,I60_F75_m60f60_P75_Y5_UO2781,I60_F19_m12f12_P19_Y3_UO711,MXY,0,0.0,0,0,0.0,0,0,0,0.0,0.4375,1,P59_CV0,2,0,2,2,0,0,2,0,2
75,-299993.5193,-71281.93557,Age0_F75_m60f60_P75_Y7_UO2783,I60_F75_m39f39_P75_Y5_UO1850,ID60_F41_m60f60_P75_Y1_UO2731,FXX,0,0.0,0,0,0.0,0,0,0,0.0,0.4375,1,P59_CV0,2,0,2,1,1,0,2,0,2
75,-299993.5193,-71281.93557,Age0_F75_m60f60_P75_Y7_UO2791,I60_F75_m60f60_P75_Y4_UO2808,ID60_F75_m60f60_P75_Y1_UO2743,MXY,0,0.0,0,0,0.0,0,0,0,0.0,0.625,1,P59_CV0,2,1,1,0,2,0,2,0,2
75,-299993.5193,-71281.93557,Age0_F75_m60f60_P75_Y7_UO2793,I60_F75_m87f87_P51_Y4_UO4012,I60_F19_m-1f-1_P60_Y-1_U124,FXX,0,0.0,0,0,0.0,0,0,0,0.0,0.65625,1,P59_CV0,2,2,0,1,1,0,2,0,2
75,-299993.5193,-71281.93557,Age0_F75_m60f60_P75_Y7_UO2795,I60_F75_m60f60_P75_Y4_UO2771,I60_F75_m-1f-1_P60_Y-1_U54,MXY,0,0.0,0,0,0.0,0,0,0,0.0,0.75,1,P59_CV0,2,2,0,0,2,0,2,0,2
75,-299993.5193,-71281.93557,Age0_F75_m60f60_P75_Y7_UO2798,I60_F75_m60f60_P75_Y3_UO2857,ID60_F19_m60f60_P75_Y4_UO2841,FXX,0,0.0,0,0,0.0,0,0,0,0.0,0.5625,1,P59_CV0,2,0,2,1,1,0,2,0,2
75,-299993.5193,-71281.93557,Age0_F75_m60f60_P75_Y7_UO2799,I60_F48_m60f60_P75_Y3_UO2841,I60_F75_m-1f-1_P60_Y-1_U227,MXY,0,0.0,0,0,0.0,0,0,0,0.0,0.625,1,P59_CV0,2,1,1,2,0,0,2,0,2
75,-299993.5193,-71281.93557,Age0_F75_m60f60_P75_Y7_UO2800,ID60_F75_m60f60_P75_Y3_UO2851,I60_F75_m-1f-1_P60_Y-1_U227,FXX,0,0.0,0,0,0.0,0,0,0,0.0,0.5,1,P59_CV0,2,0,2,0,2,0,2,0,2
75,-299993.5193,-71281.93557,Age0_F75_m60f60_P75_Y7_UO2803,I60_F75_m39f39_P75_Y3_UO1810,I60_F75_m60f60_P75_Y5_UO2790,MXY,0,0.0,0,0,0.0,0,0,0,0.0,0.3125,1,P59_CV0,2,1,1,2,0,0,2,0,2
75,-299993.5193,-71281.93557,Age0_F75_m60f60_P75_Y7_UO2809,I60_F75_m39f39_P75_Y3_UO1833,I60_F19_m-1f-1_P60_Y-1_U124,FXX,0,0.0,0,0,0.0,0,0,0,0.0,0.75,1,P59_CV0,2,2,0,2,0,0,2,0,2
75,-299993.5193,-71281.93557,Age0_F75_m60f60_P75_Y7_UO2810,I60_F75_m60f60_P75_Y2_UO2815,I60_F75_m39f39_P19_Y4_UO1828,MXY,0,0.0,0,0,0.0,0,0,0,0.0,0.125,1,P59_CV0,2,0,2,1,1,0,2,0,2
75,-299993.5193,-71281.93557,Age0_F75_m60f60_P75_Y7_UO2811,I60_F51_m60f60_P75_Y2_UO2841,I60_F75_m39f39_P75_Y5_UO1865,MXY,0,0.0,0,0,0.0,0,0,0,0.0,0.4375,1,P59_CV0,2,2,0,2,0,0,2,0,2
75,-299993.5193,-71281.93557,Age0_F75_m60f60_P75_Y7_UO2815,I60_F75_m39f39_P75_Y2_UO1785,ID60_F75_m-1f-1_P60_Y-1_U240,MXY,0,0.0,0,0,0.0,0,0,0,0.0,0.25,1,P59_CV0,2,0,2,1,1,0,2,0,2
75,-299993.5193,-71281.93557,Age0_F75_m60f60_P75_Y7_UO2816,I60_F14_m60f60_P75_Y2_UO2859,I60_F75_m60f60_P75_Y4_UO2804,MXY,0,0.0,0,0,0.0,0,0,0,0.0,0.625,1,P59_CV0,2,1,1,1,1,0,2,0,2
75,-299993.5193,-71281.93557,Age0_F75_m60f60_P75_Y7_UO2817,I60_F75_m60f60_P75_Y2_UO2855,I60_F75_m39f39_P51_Y4_UO1799,MXY,0,0.0,0,0,0.0,0,0,0,0.0,0.4375,1,P59_CV0,2,1,1,2,0,0,2,0,2
75,-299993.5193,-71281.93557,Age0_F75_m60f60_P75_Y7_UO2820,I60_F75_m60f60_P75_Y2_UO2862,I60_F75_m-1f-1_P60_Y-1_U186,FXX,0,0.0,0,0,0.0,0,0,0,0.0,0.375,1,P59_CV0,2,1,1,1,1,0,2,0,2
75,-299993.5193,-71281.93557,Age0_F75_m60f60_P75_Y7_UO2821,I60_F75_m39f39_P75_Y1_UO1713,ID60_F75_m60f60_P75_Y5_UO2797,MXY,0,0.0,0,0,0.0,0,0,0,0.0,0.25,1,P59_CV0,2,0,2,2,0,0,2,0,2
75,-299993.5193,-71281.93557,Age0_F75_m60f60_P75_Y7_UO2824,I60_F75_m60f60_P19_Y1_UO2724,I60_F75_m-1f-1_P60_Y-1_U227,FXX,0,0.0,0,0,0.0,0,0,0,0.0,0.375,1,P59_CV0,2,1,1,2,0,0,2,0,2
75,-299993.5193,-71281.93557,Age0_F75_m60f60_P75_Y7_UO2825,ID60_F75_m60f60_P75_Y1_UO2697,I60_F75_m-1f-1_P60_Y-1_U229,MXY,0,0.0,0,0,0.0,0,0,0,0.0,0.25,1,P59_CV0,2,1,1,2,0,0,2,0,2
75,-299993.5193,-71281.93557,Age0_F75_m60f60_P75_Y7_UO2826,I60_F14_m60f60_P19_Y0_UO3117,I60_F75_m-1f-1_P60_Y-1_U186,MXY,0,0.0,0,0,0.0,0,0,0,0.0,0.25,1,P59_CV0,2,1,1,0,2,0,2,0,2
75,-299993.5193,-71281.93557,Age0_F75_m60f60_P75_Y7_UO2830,I60_F75_m60f60_P75_Y0_UO3069,I60_F19_m39f39_P19_Y5_UO1800,FXX,0,0.0,0,0,0.0,0,0,0,0.0,0.5625,1,P59_CV0,2,1,1,1,1,0,2,0,2
75,-299993.5193,-71281.93557,Age0_F75_m60f60_P75_Y7_UO2835,I60_F75_m-1f-1_P60_Y-1_U119,I60_F75_m60f60_P75_Y0_UO3098,FXX,0,0.0,0,0,0.0,0,0,0,0.0,0.375,1,P59_CV0,2,1,1,1,1,0,2,0,2
75,-299993.5193,-71281.93557,Age0_F75_m60f60_P75_Y7_UO2837,I60_F75_m-1f-1_P60_Y-1_U172,I60_F19_m-1f-1_P60_Y-1_U48,MXY,0,0.0,0,0,0.0,0,0,0,0.0,0.5,1,P59_CV0,2,1,1,1,1,0,2,0,2
75,-299993.5193,-71281.93557,Age0_F75_m60f60_P75_Y7_UO2838,I60_F75_m-1f-1_P60_Y-1_U139,I60_F75_m39f39_P51_Y4_UO1799,MXY,0,0.0,0,0,0.0,0,0,0,0.0,0.5625,1,P59_CV0,2,1,1,2,0,0,2,0,2
75,-299993.5193,-71281.93557,Age0_F75_m60f60_P75_Y7_UO2842,ID60_F19_m-1f-1_P60_Y-1_U56,ID60_F93_m39f39_P19_Y3_UO1856,FXX,0,0.0,0,0,0.0,0,0,0,0.0,0.625,1,P59_CV0,2,2,0,1,1,0,2,0,2
75,-299993.5193,-71281.93557,Age0_F75_m60f60_P75_Y7_UO2844,I60_F75_m-1f-1_P60_Y-1_U174,I60_F75_m39f39_P75_Y1_UO1691,MXY,0,0.0,0,0,0.0,0,0,0,0.0,0.375,1,P59_CV0,2,0,2,1,1,0,2,0,2
75,-299993.5193,-71281.93557,Age0_F75_m60f60_P75_Y7_UO2846,I60_F75_m-1f-1_P39_Y-1_U133,I60_F75_m60f60_P75_Y5_UO2811,FXX,0,0.0,0,0,0.0,0,0,0,0.0,0.53125,1,P59_CV0,2,0,2,1,1,0,2,0,2
75,-299993.5193,-71281.93557,E75_F39_m39f39_P19_Y6_UO1851,ID39_F51_m60f60_P19_Y3_UO2837,I39_F51_m39f39_P19_Y3_UO1812,MXY,1,0.0,1,1,0.0,0,0,0,-9999.0,0.3125,1,P59_CV0,2,0,2,1,1,0,2,0,2
75,-299993.5193,-71281.93557,E75_F39_m39f39_P19_Y6_UO1861,I39_F75_m46f46_P93_Y3_UO2248,I39_F51_m60f60_P75_Y3_UO2786,FXX,1,0.0,1,1,1.0,0,0,0,-9999.0,0.3125,1,P59_CV0,2,1,1,2,0,0,2,0,2
75,-299993.5193,-71281.93557,E75_F39_m39f39_P19_Y6_UO1864,ID39_F19_m87f87_P51_Y3_UO4034,I39_F19_m-1f-1_P60_Y-1_U230,FXX,1,0.0,1,1,1.0,0,0,0,-9999.0,0.9375,1,P59_CV0,2,2,0,0,2,0,2,0,2
75,-299993.5193,-71281.93557,E75_F39_m39f39_P19_Y6_UO1875,I39_F75_m39f39_P51_Y2_UO1845,I39_F75_m60f60_P75_Y1_UO2711,MXY,1,0.0,1,1,0.0,0,0,0,-9999.0,0.75,1,P59_CV0,2,2,0,1,1,0,2,0,2
75,-299993.5193,-71281.93557,E75_F39_m39f39_P19_Y6_UO1876,I39_F75_m60f60_P75_Y2_UO2883,I39_F75_m87f87_P51_Y0_UO4403,MXY,1,0.0,1,1,0.0,0,0,0,-9999.0,0.5,1,P59_CV0,2,0,2,1,1,0,2,0,2
75,-299993.5193,-71281.93557,E75_F39_m39f39_P51_Y6_UO1868,I39_F51_m39f39_P51_Y2_UO1808,I39_F19_m60f60_P75_Y2_UO2853,FXX,1,0.0,1,1,1.0,0,0,0,-9999.0,0.375,1,P59_CV0,2,0,2,2,0,0,2,0,2
75,-299993.5193,-71281.93557,E75_F39_m39f39_P51_Y6_UO1904,I39_F19_m-1f-1_P39_Y-1_U218,I39_F19_m60f60_P75_Y3_UO2853,MXY,1,0.0,1,1,0.0,0,0,0,-9999.0,0.5625,1,P59_CV0,2,1,1,2,0,0,2,0,2
75,-299993.5193,-71281.93557,E75_F39_m39f39_P51_Y6_UO1910,I39_F75_m-1f-1_P39_Y-1_U194,I39_F75_m60f60_P75_Y2_UO2811,MXY,1,0.0,1,1,0.0,0,0,0,-9999.0,0.3125,1,P59_CV0,2,1,1,0,2,0,2,0,2
75,-299993.5193,-71281.93557,E75_F39_m60f60_P51_Y6_UO2837,I60_F75_m60f60_P75_Y0_UO3103,I60_F75_m39f39_P75_Y4_UO1836,FXX,1,0.0,1,1,1.0,0,0,0,-9999.0,0.5,1,P59_CV0,2,1,1,0,2,0,2,0,2
75,-299993.5193,-71281.93557,E75_F39_m60f60_P75_Y6_UO2825,I60_F75_m60f60_P75_Y2_UO2855,ID60_F19_m39f39_P19_Y2_UO1804,MXY,1,0.0,1,1,0.0,0,0,0,-9999.0,0.5,1,P59_CV0,2,1,1,2,0,0,2,0,2
75,-299993.5193,-71281.93557,E75_F39_m60f60_P75_Y6_UO2836,I60_F75_m60f60_P75_Y0_UO3093,I60_F75_m60f60_P75_Y3_UO2866,FXX,1,0.0,1,1,1.0,0,0,0,-9999.0,0.4375,1,P59_CV0,2,1,1,0,2,0,2,0,2
75,-299993.5193,-71281.93557,E75_F39_m60f60_P75_Y6_UO2847,I60_F75_m-1f-1_P60_Y-1_U119,I60_F75_m-1f-1_P39_Y-1_U97,FXX,1,0.0,1,1,1.0,0,0,0,-9999.0,0.75,1,P59_CV0,2,1,1,2,0,0,2,0,2
75,-299993.5193,-71281.93557,E75_F60_m39f39_P51_Y6_UO1854,I39_F75_m60f60_P75_Y3_UO2793,I39_F19_m39f39_P19_Y0_UO1927,MXY,1,0.0,1,1,0.0,0,0,0,-9999.0,0.6875,1,P59_CV0,2,2,0,1,1,0,2,0,2
75,-299993.5193,-71281.93557,E75_F60_m39f39_P75_Y6_UO1826,I39_F19_m39f39_P19_Y4_UO1825,ID39_F75_m-1f-1_P60_Y-1_U23,MXY,1,0.0,1,1,0.0,0,0,1,-9999.0,0.8125,1,P59_CV0,2,2,0,2,0,0,2,0,2
75,-299993.5193,-71281.93557,E75_F60_m39f39_P75_Y6_UO1833,I39_F19_m60f60_P19_Y4_UO2786,ID39_F93_m-1f-1_P39_Y-1_U150,FXX,1,0.0,1,1,1.0,0,0,0,-9999.0,0.6875,1,P59_CV0,2,1,1,1,1,0,2,0,2
75,-299993.5193,-71281.93557,E75_F60_m39f39_P75_Y6_UO1839,ID39_F75_m60f60_P75_Y4_UO2799,I39_F75_m-1f-1_P39_Y-1_U7,MXY,1,0.0,1,1,0.0,0,0,1,-9999.0,0.4375,1,P59_CV0,2,1,1,1,1,0,2,0,2
75,-299993.5193,-71281.93557,E75_F60_m39f39_P75_Y6_UO1863,I39_F19_m46f46_P93_Y3_UO2262,ID39_F75_m-1f-1_P60_Y-1_U130,FXX,1,0.0,1,1,1.0,0,0,1,-9999.0,0.625,1,P59_CV0,2,1,1,1,1,0,2,0,2
75,-299993.5193,-71281.93557,E75_F60_m39f39_P75_Y6_UO1874,I39_F19_m39f39_P19_Y2_UO1799,I39_F75_m39f39_P19_Y2_UO1794,MXY,1,0.0,1,1,0.0,0,0,0,-9999.0,0.625,1,P59_CV0,2,1,1,2,0,0,2,0,2
75,-299993.5193,-71281.93557,E75_F60_m39f39_P75_Y6_UO1889,I39_F19_m60f60_P75_Y1_UO2695,I39_F51_m60f60_P75_Y3_UO2785,FXX,1,0.0,1,1,1.0,0,0,1,-9999.0,0.5,1,P59_CV0,2,1,1,1,1,0,2,0,2
75,-299993.5193,-71281.93557,E75_F60_m39f39_P75_Y6_UO1909,ID39_F51_m-1f-1_P39_Y-1_U13,ID39_F51_m60f60_P75_Y3_UO2865,FXX,1,0.0,1,1,1.0,0,0,1,-9999.0,0.375,1,P59_CV0,2,1,1,2,0,0,2,0,2
75,-299993.5193,-71281.93557,E75_F60_m60f60_P75_Y6_UO2789,I60_F75_m60f60_P75_Y4_UO2829,I60_F75_m60f60_P75_Y4_UO2789,MXY,1,0.0,1,1,0.0,0,0,1,-9999.0,0.5625,1,P59_CV0,2,2,0,0,2,0,2,0,2
75,-299993.5193,-71281.93557,E75_F60_m60f60_P75_Y6_UO2791,I60_F75_m60f60_P75_Y4_UO2822,ID60_F19_m60f60_P75_Y1_UO2686,FXX,1,0.0,1,1,1.0,0,0,1,-9999.0,0.625,1,P59_CV0,2,2,0,0,2,0,2,0,2
75,-299993.5193,-71281.93557,E75_F60_m60f60_P75_Y6_UO2794,I60_F75_m60f60_P75_Y4_UO2808,I60_F75_m60f60_P75_Y4_UO2841,FXX,1,0.0,1,1,1.0,0,0,0,-9999.0,0.6875,1,P59_CV0,2,2,0,0,2,0,2,0,2
75,-299993.5193,-71281.93557,E75_F60_m60f60_P75_Y6_UO2811,I60_F75_m39f39_P75_Y3_UO1810,ID60_F49_m60f60_P75_Y0_UO3072,MXY,1,0.0,1,1,0.0,0,0,0,-9999.0,0.4375,1,P59_CV0,2,0,2,2,0,0,2,0,2
75,-299993.5193,-71281.93557,E75_F60_m60f60_P75_Y6_UO2813,I60_F75_m15f15_P14_Y3_UO758,I60_F75_m-1f-1_P60_Y-1_U77,FXX,1,0.0,1,1,1.0,0,0,0,-9999.0,0.8125,1,P59_CV0,2,2,0,0,2,0,2,0,2
75,-299993.5193,-71281.93557,E75_F60_m60f60_P75_Y6_UO2816,I60_F75_m60f60_P75_Y3_UO2857,I60_F75_m60f60_P75_Y3_UO2783,MXY,1,0.0,1,1,0.0,0,0,0,-9999.0,0.5,1,P59_CV0,2,1,1,1,1,0,2,0,2
75,-299993.5193,-71281.93557,E75_F60_m60f60_P75_Y6_UO2818,ID60_F75_m39f39_P75_Y2_UO1777,I60_F75_m-1f-1_P60_Y-1_U186,FXX,1,0.0,1,1,1.0,0,0,0,-9999.0,0.375,1,P59_CV0,2,1,1,1,1,0,2,0,2
75,-299993.5193,-71281.93557,E75_F60_m60f60_P75_Y6_UO2820,I60_F75_m60f60_P75_Y2_UO2870,ID60_F51_m39f39_P51_Y0_UO1842,FXX,1,0.0,1,1,1.0,0,0,0,-9999.0,0.5,1,P59_CV0,2,0,2,2,0,0,2,0,2
75,-299993.5193,-71281.93557,E75_F60_m60f60_P75_Y6_UO2830,I60_F75_m60f60_P75_Y1_UO2728,I60_F75_m60f60_P75_Y3_UO2804,FXX,1,0.0,1,1,1.0,0,0,0,-9999.0,0.375,1,P59_CV0,2,0,2,1,1,0,2,0,2
75,-299993.5193,-71281.93557,E75_F60_m60f60_P75_Y6_UO2835,I60_F75_m60f60_P75_Y1_UO2697,ID60_F51_m39f39_P19_Y4_UO1828,MXY,1,0.0,1,1,0.0,0,0,1,-9999.0,0.0625,1,P59_CV0,2,0,2,1,1,0,2,0,2
75,-299993.5193,-71281.93557,E75_F60_m60f60_P75_Y6_UO2840,I60_F75_m60f60_P75_Y0_UO3069,ID60_F19_m-1f-1_P60_Y-1_U227,FXX,1,0.0,1,1,1.0,0,0,0,-9999.0,0.625,1,P59_CV0,2,2,0,1,1,0,2,0,2
75,-299993.5193,-71281.93557,E75_F60_m60f60_P75_Y6_UO2842,I60_F75_m-1f-1_P60_Y-1_U131,I60_F75_m60f60_P75_Y2_UO2826,MXY,1,0.0,1,1,0.0,0,0,0,-9999.0,0.75,1,P59_CV0,2,1,1,1,1,0,2,0,2
75,-299993.5193,-71281.93557,E75_F60_m60f60_P75_Y6_UO2848,I60_F75_m-1f-1_P39_Y-1_U191,I60_F75_m-1f-1_P60_Y-1_U215,FXX,1,0.0,1,1,1.0,0,0,0,-9999.0,1.0,1,P59_CV0,2,2,0,2,0,0,2,0,2
75,-299993.5193,-71281.93557,E75_F60_m60f60_P75_Y6_UO2849,ID60_F75_m-1f-1_P60_Y-1_U172,ID60_F19_m39f39_P19_Y2_UO1804,FXX,1,0.0,1,1,1.0,0,0,0,-9999.0,0.375,1,P59_CV0,2,1,1,0,2,0,2,0,2
75,-299993.5193,-71281.93557,E75_F60_m60f60_P75_Y6_UO2850,ID60_F75_m-1f-1_P60_Y-1_U19,I60_F75_m-1f-1_P60_Y-1_U229,FXX,1,0.0,1,1,1.0,0,0,0,-9999.0,0.75,1,P59_CV0,2,2,0,1,1,0,2,0,2
75,-299993.5193,-71281.93557,E75_F60_m60f60_P75_Y6_UO2852,I60_F48_m-1f-1_P60_Y-1_U87,I60_F51_m60f60_P75_Y2_UO2820,MXY,1,0.0,1,1,0.0,0,0,0,-9999.0,0.25,1,P59_CV0,2,1,1,2,0,0,2,0,2
75,-299993.5193,-71281.93557,E75_F60_m60f60_P75_Y6_UO2854,I60_F75_m-1f-1_P60_Y-1_U174,I60_F75_m60f60_P75_Y3_UO2844,FXX,1,0.0,1,1,1.0,0,0,0,-9999.0,0.5,1,P59_CV0,2,0,2,1,1,0,2,0,2
75,-299993.5193,-71281.93557,E75_F60_m60f60_P75_Y6_UO2861,ID60_F75_m-1f-1_P60_Y-1_U2,I60_F75_m60f60_P75_Y4_UO2804,MXY,1,0.0,1,1,0.0,0,0,0,-9999.0,0.875,1,P59_CV0,2,2,0,1,1,0,2,0,2
75,-299993.5193,-71281.93557,E75_F39_m60f60_P75_Y5_UO2799,I60_F75_m60f60_P75_Y2_UO2862,I60_F75_m39f39_P75_Y1_UO1710,FXX,2,0.0,1,0,1.0,0,0,0,-9999.0,0.625,1,P59_CV0,2,1,1,2,0,0,2,0,2
75,-299993.5193,-71281.93557,E75_F39_m39f39_P75_Y5_UO1809,ID39_F51_m39f39_P19_Y3_UO1797,I39_F51_m39f39_P19_Y2_UO1783,FXX,2,0.0,1,0,1.0,0,0,0,-9999.0,0.4375,1,P59_CV0,2,0,2,1,1,0,2,0,2
75,-299993.5193,-71281.93557,E75_F39_m60f60_P75_Y5_UO2805,I60_F75_m60f60_P75_Y2_UO2870,I60_F75_m-1f-1_P39_Y-1_U146,FXX,2,0.0,1,0,1.0,0,0,0,-9999.0,0.375,1,P59_CV0,2,1,1,2,0,0,2,0,2
75,-299993.5193,-71281.93557,E75_F39_m39f39_P19_Y5_UO1810,ID39_F75_m60f60_P75_Y3_UO2807,ID39_F93_m60f60_P75_Y3_UO2785,MXY,2,0.0,1,0,0.0,0,0,0,-9999.0,0.4375,1,P59_CV0,2,2,0,1,1,0,2,0,2
75,-299993.5193,-71281.93557,E75_F39_m39f39_P51_Y5_UO1806,ID39_F75_m39f39_P75_Y3_UO1878,ID39_F19_m-1f-1_P39_Y-1_U147,MXY,2,0.0,1,0,0.0,0,0,0,-9999.0,0.75,1,P59_CV0,2,2,0,0,2,0,2,0,2
75,-299993.5193,-71281.93557,E75_F60_m60f60_P75_Y5_UO2814,ID60_F75_m60f60_P75_Y1_UO2735,I60_F75_m39f39_P75_Y2_UO1775,MXY,2,0.0,1,0,0.0,0,0,1,-9999.0,0.75,1,P59_CV0,2,0,2,1,1,0,2,0,2
75,-299993.5193,-71281.93557,E75_F60_m60f60_P75_Y5_UO2853,I60_F75_m-1f-1_P60_Y-1_U2,ID60_F75_m-1f-1_P60_Y-1_U10,FXX,2,0.0,1,0,1.0,0,0,0,-9999.0,1.0,1,P59_CV0,2,2,0,2,0,0,2,0,2
75,-299993.5193,-71281.93557,E75_F60_m60f60_P75_Y5_UO2810,I60_F75_m39f39_P75_Y1_UO1713,I60_F75_m-1f-1_P60_Y-1_U163,FXX,2,0.0,1,0,1.0,0,0,0,-9999.0,0.25,1,P59_CV0,2,1,1,1,1,0,2,0,2
75,-299993.5193,-71281.93557,E75_F60_m60f60_P75_Y5_UO2789,I60_F51_m60f60_P75_Y3_UO2822,I60_F75_m-1f-1_P60_Y-1_U182,FXX,2,0.0,1,0,1.0,0,0,0,-9999.0,0.75,1,P59_CV0,2,1,1,2,0,0,2,0,2
75,-299993.5193,-71281.93557,E75_F60_m39f39_P75_Y5_UO1799,I39_F93_m39f39_P19_Y3_UO1877,I39_F19_m60f60_P75_Y2_UO2811,FXX,2,0.0,1,0,1.0,0,0,1,-9999.0,0.5625,1,P59_CV0,2,1,1,1,1,0,2,0,2
75,-299993.5193,-71281.93557,E75_F60_m60f60_P75_Y5_UO2811,I60_F75_m60f60_P75_Y1_UO2728,I60_F75_m87f87_P51_Y3_UO4007,MXY,2,0.0,1,0,0.0,0,0,1,-9999.0,0.5625,1,P59_CV0,2,0,2,1,1,0,2,0,2
75,-299993.5193,-71281.93557,E75_F60_m60f60_P75_Y5_UO2784,ID60_F19_m60f60_P75_Y3_UO2857,I60_F75_m39f39_P75_Y2_UO1775,MXY,2,0.0,1,0,0.0,0,0,1,-9999.0,0.5,1,P59_CV0,2,1,1,0,2,0,2,0,2
75,-299993.5193,-71281.93557,E75_F60_m60f60_P75_Y5_UO2843,I60_F75_m-1f-1_P60_Y-1_U29,I60_F75_m-1f-1_P39_Y-1_U227,FXX,2,0.0,1,0,1.0,0,0,0,-9999.0,1.0,1,P59_CV0,2,2,0,2,0,0,2,0,2
75,-299993.5193,-71281.93557,E75_F60_m60f60_P75_Y5_UO2842,I60_F75_m-1f-1_P60_Y-1_U236,I60_F14_m-1f-1_P60_Y-1_U226,MXY,2,0.0,1,0,0.0,0,0,0,-9999.0,0.25,1,P59_CV0,2,0,2,0,2,0,2,0,2
75,-299993.5193,-71281.93557,E75_F60_m60f60_P75_Y5_UO2796,I60_F75_m60f60_P75_Y2_UO2851,ID60_F93_m60f60_P75_Y3_UO2818,MXY,2,0.0,1,0,0.0,0,0,1,-9999.0,0.5,1,P59_CV0,2,1,1,1,1,0,2,0,2
75,-299993.5193,-71281.93557,E75_F60_m60f60_P75_Y5_UO2781,I60_F75_m60f60_P75_Y3_UO2816,I60_F89_m60f60_P75_Y1_UO2686,FXX,2,0.0,1,0,1.0,0,0,0,-9999.0,0.625,1,P59_CV0,2,1,1,2,0,0,2,0,2
75,-299993.5193,-71281.93557,E75_F60_m39f39_P75_Y5_UO1850,I39_F75_m60f60_P75_Y1_UO2766,I39_F19_m60f60_P75_Y3_UO2786,FXX,2,0.0,1,0,1.0,0,0,0,-9999.0,0.375,1,P59_CV0,2,1,1,1,1,0,2,0,2
75,-299993.5193,-71281.93557,E75_F39_m39f39_P19_Y4_UO1797,I39_F19_m39f39_P51_Y2_UO1823,I39_F19_m60f60_P75_Y1_UO2711,FXX,3,0.0,1,0,1.0,0,0,0,-9999.0,0.75,1,P59_CV0,2,1,1,0,2,0,2,0,2
75,-299993.5193,-71281.93557,E75_F39_m60f60_P75_Y4_UO2800,I60_F75_m60f60_P75_Y1_UO2726,I60_F51_m-1f-1_P60_Y-1_U189,FXX,3,0.0,1,0,1.0,0,0,0,-9999.0,0.5,1,P59_CV0,2,1,1,1,1,0,2,0,2
75,-299993.5193,-71281.93557,E75_F39_m60f60_P75_Y4_UO2785,I60_F75_m60f60_P75_Y2_UO2862,ID60_F75_m-1f-1_P60_Y-1_U115,MXY,3,0.0,1,0,0.0,0,0,0,-9999.0,0.875,1,P59_CV0,2,1,1,1,1,0,2,0,2
75,-299993.5193,-71281.93557,E75_F39_m39f39_P75_Y4_UO1863,I39_F19_m-1f-1_P60_Y-1_U69,I39_F19_m-1f-1_P60_Y-1_U230,FXX,3,0.0,1,0,1.0,0,0,0,-9999.0,0.5,1,P59_CV0,2,1,1,0,2,0,2,0,2
75,-299993.5193,-71281.93557,E75_F60_m60f60_P75_Y4_UO2808,I60_F14_m60f60_P75_Y0_UO3103,I60_F75_m-1f-1_P60_Y-1_U89,FXX,3,0.0,1,0,1.0,0,0,1,-9999.0,0.5,1,P59_CV0,2,1,1,0,2,0,2,0,2
75,-299993.5193,-71281.93557,E75_F60_m60f60_P75_Y4_UO2841,ID60_F75_m-1f-1_P60_Y-1_U165,I60_F75_m39f39_P75_Y1_UO1666,MXY,3,0.0,1,0,0.0,0,0,0,-9999.0,0.875,1,P59_CV0,2,1,1,1,1,0,2,0,2
75,-299993.5193,-71281.93557,E75_F60_m60f60_P75_Y4_UO2804,I60_F75_m60f60_P75_Y0_UO3069,I60_F75_m60f60_P75_Y1_UO2743,MXY,3,0.0,1,0,0.0,0,0,0,-9999.0,0.75,1,P59_CV0,2,2,0,0,2,0,2,0,2
75,-299993.5193,-71281.93557,E75_F60_m60f60_P75_Y4_UO2839,I60_F75_m-1f-1_P60_Y-1_U29,ID60_F75_m-1f-1_P60_Y-1_U102,FXX,3,0.0,1,0,1.0,0,0,1,-9999.0,0.5,1,P59_CV0,2,1,1,2,0,0,2,0,2
75,-299993.5193,-71281.93557,E75_F60_m60f60_P75_Y4_UO2772,ID60_F19_m60f60_P75_Y2_UO2851,ID60_F75_m-1f-1_P60_Y-1_U242,FXX,3,0.0,1,0,1.0,0,0,0,-9999.0,0.25,1,P59_CV0,2,0,2,1,1,0,2,0,2
75,-299993.5193,-71281.93557,E75_F60_m60f60_P75_Y4_UO2771,I60_F51_m60f60_P75_Y2_UO2799,I60_F75_m60f60_P75_Y1_UO2691,FXX,3,0.0,1,0,1.0,0,0,0,-9999.0,0.5,1,P59_CV0,2,2,0,0,2,0,2,0,2
75,-299993.5193,-71281.93557,E75_F60_m60f60_P75_Y4_UO2769,ID60_F75_m60f60_P75_Y2_UO2832,I60_F75_m60f60_P75_Y0_UO3098,MXY,3,0.0,1,0,0.0,0,0,1,-9999.0,0.5,1,P59_CV0,2,2,0,2,0,0,2,0,2
75,-299993.5193,-71281.93557,E75_F60_m60f60_P75_Y4_UO2844,I60_F75_m-1f-1_P60_Y-1_U17,ID60_F48_m-1f-1_P43_Y-1_U188,FXX,3,0.0,1,0,1.0,0,0,0,-9999.0,0.25,1,P59_CV0,2,1,1,1,1,0,2,0,2
75,-299993.5193,-71281.93557,E75_F39_m60f60_P75_Y3_UO2785,I60_F75_m60f60_P75_Y1_UO2728,I60_F75_m-1f-1_P60_Y-1_U240,MXY,4,0.0,1,0,0.0,0,0,0,-9999.0,0.5,1,P59_CV0,2,1,1,1,1,0,2,0,2
75,-299993.5193,-71281.93557,E75_F60_m60f60_P75_Y3_UO2857,I60_F19_m-1f-1_P60_Y-1_U195,I60_F75_m60f60_P75_Y1_UO2691,FXX,4,0.0,1,0,1.0,0,0,1,-9999.0,0.25,1,P59_CV0,2,0,2,0,2,0,2,0,2
75,-299993.5193,-71281.93557,E75_F60_m60f60_P75_Y3_UO2841,I60_F75_m-1f-1_P60_Y-1_U125,I60_F75_m-1f-1_P60_Y-1_U231,FXX,4,0.0,1,0,1.0,0,0,0,-9999.0,0.75,1,P59_CV0,2,2,0,2,0,0,2,0,2
75,-299993.5193,-71281.93557,E75_F60_m60f60_P75_Y3_UO2819,ID60_F75_m-1f-1_P60_Y-1_U5,ID60_F14_m60f60_P75_Y0_UO3051,MXY,4,0.0,1,0,0.0,0,0,0,-9999.0,0.625,1,P59_CV0,2,1,1,0,2,0,2,0,2
75,-299993.5193,-71281.93557,E75_F60_m60f60_P75_Y3_UO2851,ID60_F75_m-1f-1_P60_Y-1_U128,ID60_F75_m-1f-1_P60_Y-1_U10,FXX,4,0.0,1,0,1.0,0,0,0,-9999.0,0.5,1,P59_CV0,2,1,1,1,1,0,2,0,2
75,-299993.5193,-71281.93557,E75_F60_m60f60_P75_Y3_UO2816,ID60_F75_m-1f-1_P60_Y-1_U220,I60_F75_m-1f-1_P60_Y-1_U152,FXX,4,0.0,1,0,1.0,0,0,0,-9999.0,0.5,1,P59_CV0,2,1,1,2,0,0,2,0,2
75,-299993.5193,-71281.93557,E75_F39_m60f60_P75_Y2_UO2869,ID60_F75_m-1f-1_P60_Y-1_U47,I60_F75_m-1f-1_P60_Y-1_U100,FXX,5,0.0,1,0,1.0,0,0,0,-9999.0,0.75,1,P59_CV0,2,1,1,1,1,0,2,0,2
75,-299993.5193,-71281.93557,E75_F39_m60f60_P75_Y2_UO2882,ID60_F51_m-1f-1_P60_Y-1_U2,I60_F75_m-1f-1_P60_Y-1_U100,MXY,5,0.0,1,0,0.0,0,0,0,-9999.0,1.0,1,P59_CV0,2,2,0,1,1,0,2,0,2
75,-299993.5193,-71281.93557,E75_F60_m60f60_P75_Y2_UO2841,ID60_F75_m-1f-1_P60_Y-1_U198,ID60_F19_m-1f-1_P60_Y-1_U7,FXX,5,0.0,1,0,1.0,0,0,0,-9999.0,0.75,1,P59_CV0,2,2,0,2,0,0,2,0,2
75,-299993.5193,-71281.93557,E75_F60_m60f60_P75_Y2_UO2859,I60_F19_m-1f-1_P60_Y-1_U236,I60_F75_m-1f-1_P60_Y-1_U231,FXX,5,0.0,1,0,1.0,0,0,0,-9999.0,0.5,1,P59_CV0,2,0,2,1,1,0,2,0,2
75,-299993.5193,-71281.93557,E75_F60_m60f60_P75_Y2_UO2855,ID60_F75_m-1f-1_P60_Y-1_U117,I60_F75_m-1f-1_P60_Y-1_U84,FXX,5,0.0,1,0,1.0,0,0,1,-9999.0,0.75,1,P59_CV0,2,2,0,1,1,0,2,0,2
75,-299993.5193,-71281.93557,E75_F60_m60f60_P75_Y2_UO2851,ID60_F75_m-1f-1_P60_Y-1_U241,I60_F75_m-1f-1_P60_Y-1_U170,FXX,5,0.0,1,0,1.0,0,0,1,-9999.0,0.5,1,P59_CV0,2,1,1,0,2,0,2,0,2
75,-299993.5193,-71281.93557,E75_F60_m60f60_P75_Y2_UO2862,I60_F75_m-1f-1_P60_Y-1_U94,I60_F48_m-1f-1_P60_Y-1_U159,FXX,5,0.0,1,0,1.0,0,0,0,-9999.0,0.75,1,P59_CV0,2,1,1,2,0,0,2,0,2
75,-299993.5193,-71281.93557,E75_F39_m60f60_P75_Y1_UO2713,ID60_F75_m-1f-1_P60_Y-1_U86,I60_F48_m-1f-1_P60_Y-1_U44,FXX,6,0.0,1,0,1.0,0,0,0,-9999.0,0.0,1,P59_CV0,2,0,2,0,2,0,2,0,2
75,-299993.5193,-71281.93557,E75_F39_m60f60_P75_Y1_UO2766,I60_F96_m-1f-1_P60_Y-1_U76,I60_F75_m-1f-1_P60_Y-1_U235,FXX,6,0.0,1,0,1.0,0,0,0,-9999.0,0.5,1,P59_CV0,2,2,0,1,1,0,2,0,2
75,-299993.5193,-71281.93557,E75_F39_m60f60_P75_Y1_UO2759,I60_F75_m-1f-1_P60_Y-1_U187,I60_F19_m-1f-1_P60_Y-1_U48,FXX,6,0.0,1,0,1.0,0,0,0,-9999.0,0.25,1,P59_CV0,2,0,2,1,1,0,2,0,2
75,-299993.5193,-71281.93557,E75_F39_m60f60_P75_Y1_UO2711,I60_F75_m-1f-1_P60_Y-1_U169,I60_F19_m-1f-1_P60_Y-1_U48,MXY,6,0.0,1,0,0.0,0,0,0,-9999.0,0.75,1,P59_CV0,2,2,0,0,2,0,2,0,2
75,-299993.5193,-71281.93557,E75_F60_m60f60_P75_Y1_UO2731,ID60_F75_m-1f-1_P60_Y-1_U174,I60_F75_m-1f-1_P60_Y-1_U36,MXY,6,0.0,1,0,0.0,0,0,0,-9999.0,0.5,1,P59_CV0,2,1,1,1,1,0,2,0,2
75,-299993.5193,-71281.93557,E75_F60_m60f60_P75_Y1_UO2718,I60_F75_m-1f-1_P60_Y-1_U87,ID60_F75_m-1f-1_P60_Y-1_U229,MXY,6,0.0,1,0,0.0,0,0,1,-9999.0,0.5,1,P59_CV0,2,2,0,2,0,0,2,0,2
75,-299993.5193,-71281.93557,E75_F60_m60f60_P75_Y1_UO2720,I60_F75_m-1f-1_P60_Y-1_U19,I60_F75_m-1f-1_P60_Y-1_U7,MXY,6,0.0,1,0,0.0,0,0,1,-9999.0,1.0,1,P59_CV0,2,2,0,1,1,0,2,0,2
75,-299993.5193,-71281.93557,E75_F60_m60f60_P75_Y1_UO2728,I60_F51_m-1f-1_P60_Y-1_U241,I60_F14_m-1f-1_P60_Y-1_U246,FXX,6,0.0,1,0,1.0,0,0,1,-9999.0,0.5,1,P59_CV0,2,1,1,1,1,0,2,0,2
75,-299993.5193,-71281.93557,E75_F60_m39f39_P75_Y1_UO1691,I39_F13_m-1f-1_P39_Y-1_U158,ID39_F75_m-1f-1_P60_Y-1_U237,MXY,6,0.0,1,0,0.0,0,0,0,-9999.0,0.25,1,P59_CV0,2,0,2,2,0,0,2,0,2
75,-299993.5193,-71281.93557,E75_F60_m60f60_P75_Y1_UO2686,I60_F75_m-1f-1_P60_Y-1_U183,I60_F75_m-1f-1_P60_Y-1_U121,MXY,6,0.0,1,0,0.0,0,0,0,-9999.0,0.75,1,P59_CV0,2,1,1,1,1,0,2,0,2
75,-299993.5193,-71281.93557,E75_F60_m60f60_P19_Y1_UO2724,ID60_F75_m-1f-1_P60_Y-1_U172,I60_F75_m-1f-1_P60_Y-1_U242,FXX,6,0.0,1,0,1.0,0,0,0,-9999.0,0.25,1,P59_CV0,2,1,1,1,1,0,2,0,2
75,-299993.5193,-71281.93557,E75_F60_m60f60_P75_Y1_UO2697,I60_F75_m-1f-1_P60_Y-1_U220,ID60_F75_m-1f-1_P60_Y-1_U234,FXX,6,0.0,1,0,1.0,0,0,0,-9999.0,0.0,1,P59_CV0,2,0,2,1,1,0,2,0,2
75,-299993.5193,-71281.93557,E75_F39_m60f60_P75_Y0_UO3067,R60_F60_m-1f-1_P60_Y-1_U86,R60_F60_m-1f-1_P60_Y-1_U115,FXX,7,0.0,1,0,1.0,0,0,0,-9999.0,0.5,1,P59_CV0,2,1,1,0,2,0,2,0,2
75,-299993.5193,-71281.93557,E75_F39_m60f60_P75_Y0_UO3051,R60_F60_m-1f-1_P60_Y-1_U56,R60_F60_m-1f-1_P60_Y-1_U123,MXY,7,0.0,1,0,0.0,0,0,0,-9999.0,0.75,1,P59_CV0,2,1,1,0,2,0,2,0,2
75,-299993.5193,-71281.93557,E75_F60_m60f60_P19_Y0_UO3117,R60_F60_m-1f-1_P60_Y-1_U213,R60_F60_m-1f-1_P60_Y-1_U222,FXX,7,0.0,1,0,1.0,0,0,0,-9999.0,0.5,1,P59_CV0,2,2,0,1,1,0,2,0,2
75,-299993.5193,-71281.93557,E75_F60_m60f60_P75_Y0_UO3090,R60_F60_m-1f-1_P60_Y-1_U140,R60_F60_m-1f-1_P60_Y-1_U235,MXY,7,0.0,1,0,0.0,0,0,0,-9999.0,0.5,1,P59_CV0,2,1,1,0,2,0,2,0,2
75,-299993.5193,-71281.93557,E75_F60_m60f60_P75_Y0_UO3069,R60_F60_m-1f-1_P60_Y-1_U88,R60_F60_m-1f-1_P60_Y-1_U10,FXX,7,0.0,1,0,1.0,0,0,1,-9999.0,0.75,1,P59_CV0,2,2,0,0,2,0,2,0,2
75,-299993.5193,-71281.93557,E75_F60_m-1f-1_P60_Y-1_U124,-9999,-9999,MXY,8,0.0,1,0,0.0,0,0,0,-9999.0,1.0,1,P59_CV0,2,2,0,1,1,0,2,0,2
75,-299993.5193,-71281.93557,E75_F60_m-1f-1_P60_Y-1_U84,-9999,-9999,MXY,8,0.0,1,0,0.0,0,0,1,-9999.0,0.5,1,P59_CV0,2,1,1,1,1,0,2,0,2
75,-299993.5193,-71281.93557,E75_F60_m-1f-1_P60_Y-1_U229,-9999,-9999,MXY,8,0.0,1,0,0.0,0,0,0,-9999.0,0.5,1,P59_CV0,2,1,1,2,0,0,2,0,2
75,-299993.5193,-71281.93557,E75_F39_m-1f-1_P60_Y-1_U245,-9999,-9999,FXX,9,0.0,1,0,1.0,0,0,0,-9999.0,0.0,1,P59_CV0,2,0,2,0,2,0,2,0,2
75,-299993.5193,-71281.93557,E75_F60_m-1f-1_P60_Y-1_U177,-9999,-9999,FXX,9,0.0,1,0,1.0,0,0,1,-9999.0,0.0,1,P59_CV0,2,0,2,1,1,0,2,0,2
75,-299993.5193,-71281.93557,E75_F60_m-1f-1_P60_Y-1_U242,-9999,-9999,MXY,9,0.0,1,0,0.0,0,0,1,-9999.0,0.0,1,P59_CV0,2,0,2,2,0,0,2,0,2
75,-299993.5193,-71281.93557,E75_F60_m-1f-1_P60_Y-1_U240,-9999,-9999,MXY,9,0.0,1,0,0.0,0,0,0,-9999.0,0.5,1,P59_CV0,2,1,1,0,2,0,2,0,2
75,-299993.5193,-71281.93557,E75_F60_m-1f-1_P60_Y-1_U119,-9999,-9999,FXX,9,0.0,1,0,1.0,0,0,0,-9999.0,0.5,1,P59_CV0,2,1,1,1,1,0,2,0,2
75,-299993.5193,-71281.93557,E75_F60_m-1f-1_P60_Y-1_U115,-9999,-9999,MXY,10,0.0,1,0,0.0,0,0,1,-9999.0,1.0,1,P59_CV0,2,2,0,0,2,0,2,0,2
75,-299993.5193,-71281.93557,E75_F60_m-1f-1_P60_Y-1_U172,-9999,-9999,FXX,10,0.0,1,0,1.0,0,0,0,-9999.0,0.5,1,P59_CV0,2,1,1,1,1,0,2,0,2
75,-299993.5193,-71281.93557,E75_F60_m-1f-1_P60_Y-1_U139,-9999,-9999,FXX,10,0.0,1,0,1.0,0,0,1,-9999.0,1.0,1,P59_CV0,2,2,0,2,0,0,2,0,2
75,-299993.5193,-71281.93557,E75_F60_m-1f-1_P60_Y-1_U182,-9999,-9999,MXY,11,0.0,1,0,0.0,0,0,0,-9999.0,0.5,1,P59_CV0,2,1,1,2,0,0,2,0,2
75,-299993.5193,-71281.93557,E75_F60_m-1f-1_P60_Y-1_U186,-9999,-9999,MXY,11,0.0,1,0,0.0,0,0,0,-9999.0,0.0,1,P59_CV0,2,0,2,1,1,0,2,0,2
75,-299993.5193,-71281.93557,E75_F60_m-1f-1_P60_Y-1_U56,-9999,-9999,FXX,11,0.0,1,0,1.0,0,0,0,-9999.0,0.5,1,P59_CV0,2,1,1,1,1,0,2,0,2
75,-299993.5193,-71281.93557,E75_F60_m-1f-1_P60_Y-1_U174,-9999,-9999,FXX,11,0.0,1,0,1.0,0,0,1,-9999.0,0.5,1,P59_CV0,2,1,1,0,2,0,2,0,2
75,-299993.5193,-71281.93557,E75_F39_m-1f-1_P60_Y-1_U91,-9999,-9999,MXY,12,0.0,1,0,0.0,0,0,0,-9999.0,0.5,1,P59_CV0,2,1,1,0,2,0,2,0,2
75,-299993.5193,-71281.93557,E75_F60_m-1f-1_P60_Y-1_U227,-9999,-9999,MXY,12,0.0,1,0,0.0,0,0,0,-9999.0,0.5,1,P59_CV0,2,1,1,1,1,0,2,0,2
75,-299993.5193,-71281.93557,E75_F60_m-1f-1_P60_Y-1_U89,-9999,-9999,MXY,12,0.0,1,0,0.0,0,0,0,-9999.0,0.5,1,P59_CV0,2,1,1,0,2,0,2,0,2
75,-299993.5193,-71281.93557,E75_F60_m-1f-1_P60_Y-1_U54,-9999,-9999,MXY,13,0.0,1,0,0.0,0,0,0,-9999.0,1.0,1,P59_CV0,2,2,0,0,2,0,2,0,2
75,-299993.5193,-71281.93557,E75_F60_m-1f-1_P60_Y-1_U75,-9999,-9999,MXY,13,0.0,1,0,0.0,0,0,1,-9999.0,0.0,1,P59_CV0,2,0,2,1,1,0,2,0,2
75,-299993.5193,-71281.93557,E75_F60_m-1f-1_P60_Y-1_U85,-9999,-9999,MXY,13,0.0,1,0,0.0,0,0,1,-9999.0,1.0,1,P59_CV0,2,2,0,1,1,0,2,0,2
75,-299993.5193,-71281.93557,E75_F60_m-1f-1_P60_Y-1_U10,-9999,-9999,MXY,15,0.0,1,0,0.0,0,0,1,-9999.0,1.0,1,P59_CV0,2,2,0,1,1,0,2,0,2
75,-299993.5193,-71281.93557,E75_F60_m-1f-1_P60_Y-1_U38,-9999,-9999,MXY,15,0.0,1,0,0.0,0,0,1,-9999.0,1.0,1,P59_CV0,2,2,0,0,2,0,2,0,2
75,-299993.5193,-71281.93557,E75_F39_m-1f-1_P60_Y-1_U8,-9999,-9999,MXY,16,0.0,1,0,0.0,0,0,0,-9999.0,0.5,1,P59_CV0,2,1,1,0,2,0,2,0,2
75,-299993.5193,-71281.93557,E75_F39_m37f37_P93_Y5_UO1693,I37_F74_m37f37_P38_Y3_UO1721,I37_F38_m37f37_P13_Y2_UO1649,MXY,2,0.0,1,0,0.0,0,0,1,-9999.0,0.4375,1,P6_CV0,2,1,1,2,0,0,2,0,2
75,-299993.5193,-71281.93557,E75_F60_m43f43_P48_Y6_UO2147,I43_F48_m43f43_P48_Y2_UO2106,I43_F48_m73f73_P14_Y3_UO3342,MXY,1,0.0,1,1,0.0,0,0,0,-9999.0,0.625,1,P72_CV0,2,0,2,1,1,0,2,0,2
75,-299993.5193,-71281.93557,E75_F60_m55f55_P41_Y5_UO2526,I55_F89_m73f73_P41_Y3_UO3326,I55_F41_m-1f-1_P55_Y-1_U36,FXX,2,0.0,1,0,1.0,0,0,0,-9999.0,0.5,1,P72_CV0,2,1,1,1,1,0,2,0,2
75,-299993.5193,-71281.93557,Age0_F75_m39f39_P75_Y7_UO1856,I39_F19_m39f39_P19_Y3_UO1794,I39_F19_m39f39_P19_Y5_UO1811,FXX,0,0.0,0,0,0.0,0,0,0,0.0,0.5,1,P77_CV0,2,1,1,1,1,0,2,0,2
75,-299993.5193,-71281.93557,Age0_F75_m60f60_P75_Y7_UO2808,I60_F75_m39f39_P75_Y3_UO1846,I60_F75_m100f100_P48_Y4_UO4582,FXX,0,0.0,0,0,0.0,0,0,0,0.0,0.625,1,P77_CV0,2,1,1,1,1,0,2,0,2
75,-299993.5193,-71281.93557,E75_F39_m39f39_P19_Y6_UO1845,ID39_F19_m12f12_P93_Y4_UO752,I39_F75_m46f46_P93_Y2_UO2240,MXY,1,0.0,1,1,0.0,0,0,0,-9999.0,0.3125,1,P77_CV0,2,0,2,1,1,0,2,0,2
75,-299993.5193,-71281.93557,E75_F60_m78f78_P19_Y6_UO3557,ID78_F93_m-1f-1_P78_Y-1_U66,I78_F54_m37f37_P38_Y4_UO1739,MXY,1,0.0,1,1,0.0,0,0,0,-9999.0,0.1875,1,P77_CV0,2,1,1,0,2,0,2,0,2
75,-299993.5193,-71281.93557,E75_F39_m39f39_P19_Y3_UO1794,I39_F75_m60f60_P75_Y1_UO2766,ID39_F75_m78f78_P93_Y0_UO3751,FXX,4,0.0,1,0,1.0,0,0,0,-9999.0,0.625,1,P77_CV0,2,2,0,2,0,0,2,0,2
75,-299993.5193,-71281.93557,E75_F60_m39f39_P75_Y3_UO1846,I39_F51_m-1f-1_P39_Y-1_U245,ID39_F75_m78f78_P93_Y0_UO3751,FXX,4,0.0,1,0,1.0,0,0,0,-9999.0,0.625,1,P77_CV0,2,1,1,0,2,0,2,0,2
75,-299993.5193,-71281.93557,Age0_F75_m39f39_P75_Y7_UO1806,I39_F75_m39f39_P75_Y5_UO1882,I39_F75_m87f87_P51_Y2_UO4058,FXX,0,0.0,0,0,0.0,0,0,0,0.0,0.3125,1,P86_CV0,2,1,1,2,0,0,2,0,2
75,-299993.5193,-71281.93557,Age0_F75_m39f39_P75_Y7_UO1886,I39_F75_m-1f-1_P39_Y-1_U24,I39_F75_m87f87_P51_Y3_UO4019,MXY,0,0.0,0,0,0.0,0,0,0,0.0,0.625,1,P86_CV0,2,1,1,1,1,0,2,0,2
75,-299993.5193,-71281.93557,Age0_F75_m60f60_P75_Y7_UO2807,ID60_F75_m60f60_P75_Y3_UO2816,I60_F75_m39f39_P75_Y5_UO1865,FXX,0,0.0,0,0,0.0,0,0,0,0.0,0.3125,1,P86_CV0,2,0,2,2,0,0,2,0,2
75,-299993.5193,-71281.93557,Age0_F75_m60f60_P75_Y7_UO2834,I60_F75_m-1f-1_P60_Y-1_U177,ID60_F75_m87f87_P19_Y5_UO4082,FXX,0,0.0,0,0,0.0,0,0,0,0.0,0.25,1,P86_CV0,2,1,1,1,1,0,2,0,2
75,-299993.5193,-71281.93557,E75_F39_m39f39_P19_Y6_UO1878,I39_F51_m87f87_P51_Y2_UO4083,I39_F75_m39f39_P51_Y1_UO1660,FXX,1,0.0,1,1,1.0,0,0,0,-9999.0,0.5,1,P86_CV0,2,1,1,2,0,0,2,0,2
75,-299993.5193,-71281.93557,E75_F39_m39f39_P19_Y6_UO1897,I39_F75_m39f39_P19_Y0_UO1906,I39_F75_m87f87_P51_Y0_UO4403,MXY,1,0.0,1,1,0.0,0,0,0,-9999.0,0.375,1,P86_CV0,2,0,2,0,2,0,2,0,2
75,-299993.5193,-71281.93557,E75_F39_m39f39_P51_Y6_UO1842,ID39_F19_m39f39_P19_Y4_UO1851,I39_F75_m87f87_P51_Y0_UO4403,MXY,1,0.0,1,1,0.0,0,0,0,-9999.0,0.28125,1,P86_CV0,2,1,1,1,1,0,2,0,2
75,-299993.5193,-71281.93557,E75_F39_m87f87_P51_Y6_UO4127,I87_F24_m60f60_P51_Y1_UO2764,I87_F24_m87f87_P24_Y2_UO4032,FXX,1,0.0,1,1,1.0,0,0,0,-9999.0,0.5,1,P86_CV0,2,0,2,1,1,0,2,0,2
75,-299993.5193,-71281.93557,E75_F39_m87f87_P51_Y6_UO4139,ID87_F51_m87f87_P24_Y0_UO4330,I87_F51_m-1f-1_P87_Y-1_U147,MXY,1,0.0,1,1,0.0,0,0,0,-9999.0,0.625,1,P86_CV0,2,0,2,1,1,0,2,0,2
75,-299993.5193,-71281.93557,E75_F39_m39f39_P75_Y6_UO1827,ID39_F75_m60f60_P75_Y4_UO2800,I39_F75_m39f39_P19_Y4_UO1821,MXY,1,0.0,1,1,0.0,0,0,0,-9999.0,0.25,1,P86_CV0,2,1,1,0,2,0,2,0,2
75,-299993.5193,-71281.93557,E75_F39_m39f39_P75_Y6_UO1892,ID39_F75_m60f60_P75_Y0_UO3067,I39_F75_m87f87_P19_Y4_UO4011,MXY,1,0.0,1,1,0.0,0,0,0,-9999.0,0.40625,1,P86_CV0,2,0,2,0,2,0,2,0,2
75,-299993.5193,-71281.93557,E75_F60_m39f39_P19_Y6_UO1858,I39_F19_m39f39_P93_Y3_UO1811,ID39_F19_m87f87_P51_Y4_UO4094,FXX,1,0.0,1,1,1.0,0,0,0,-9999.0,0.5625,1,P86_CV0,2,1,1,1,1,0,2,0,2
75,-299993.5193,-71281.93557,E75_F60_m87f87_P51_Y6_UO4156,ID87_F24_m-1f-1_P87_Y-1_U40,I87_F24_m87f87_P24_Y3_UO4055,MXY,1,0.0,1,1,0.0,0,0,1,-9999.0,0.5625,1,P86_CV0,2,0,2,2,0,0,2,0,2
75,-299993.5193,-71281.93557,E75_F39_m87f87_P51_Y5_UO4085,ID87_F54_m46f46_P13_Y0_UO2403,ID87_F32_m87f87_P24_Y1_UO3818,MXY,2,0.0,1,0,0.0,0,0,0,-9999.0,0.75,1,P86_CV0,2,1,1,0,2,0,2,0,2
75,-299993.5193,-71281.93557,E75_F39_m39f39_P51_Y5_UO1876,I39_F19_m-1f-1_P39_Y-1_U13,I39_F75_m87f87_P19_Y3_UO4037,FXX,2,0.0,1,0,1.0,0,0,0,-9999.0,0.375,1,P86_CV0,2,0,2,2,0,0,2,0,2
75,-299993.5193,-71281.93557,E75_F60_m39f39_P93_Y5_UO1808,I39_F93_m87f87_P51_Y3_UO4065,I39_F19_m39f39_P19_Y2_UO1804,MXY,2,0.0,1,0,0.0,0,0,1,-9999.0,0.375,1,P86_CV0,2,1,1,1,1,0,2,0,2
75,-299993.5193,-71281.93557,E75_F60_m87f87_P19_Y5_UO4082,I87_F24_m87f87_P67_Y0_UO4367,ID87_F29_m-1f-1_P78_Y-1_U7,MXY,2,0.0,1,0,0.0,0,0,0,-9999.0,0.5,1,P86_CV0,2,2,0,0,2,0,2,0,2
75,-299993.5193,-71281.93557,E75_F60_m39f39_P75_Y5_UO1829,I39_F75_m39f39_P19_Y2_UO1822,I39_F13_m87f87_P51_Y3_UO4048,FXX,2,0.0,1,0,1.0,0,0,0,-9999.0,0.3125,1,P86_CV0,2,1,1,1,1,0,2,0,2
75,-299993.5193,-71281.93557,E75_F39_m87f87_P51_Y4_UO4008,ID87_F24_m87f87_P24_Y2_UO4072,I87_F24_m-1f-1_P87_Y-1_U120,FXX,3,0.0,1,0,1.0,0,0,0,-9999.0,0.75,1,P86_CV0,2,1,1,2,0,0,2,0,2
75,-299993.5193,-71281.93557,E75_F60_m87f87_P51_Y4_UO4012,I87_F24_m87f87_P24_Y2_UO4045,I87_F51_m87f87_P24_Y2_UO4089,FXX,3,0.0,1,0,1.0,0,0,1,-9999.0,0.3125,1,P86_CV0,2,1,1,0,2,0,2,0,2
75,-299993.5193,-71281.93557,E75_F39_m39f39_P19_Y3_UO1812,ID39_F19_m87f87_P51_Y1_UO3873,ID39_F51_m87f87_P51_Y1_UO3841,MXY,4,0.0,1,0,0.0,0,0,0,-9999.0,0.125,1,P86_CV0,2,0,2,1,1,0,2,0,2
75,-299993.5193,-71281.93557,E75_F60_m87f87_P19_Y3_UO4041,I87_F24_m-1f-1_P87_Y-1_U40,I87_F24_m-1f-1_P87_Y-1_U14,MXY,4,0.0,1,0,0.0,0,0,0,-9999.0,0.5,1,P86_CV0,2,1,1,2,0,0,2,0,2
75,-299993.5193,-71281.93557,E75_F39_m87f87_P51_Y2_UO4058,I87_F19_m-1f-1_P87_Y-1_U15,I87_F13_m-1f-1_P87_Y-1_U64,MXY,5,0.0,1,0,0.0,0,0,0,-9999.0,0.0,1,P86_CV0,2,0,2,1,1,0,2,0,2
75,-299993.5193,-71281.93557,E75_F60_m60f60_P75_Y2_UO2815,ID60_F19_m87f87_P19_Y0_UO4352,I60_F75_m-1f-1_P60_Y-1_U186,FXX,5,0.0,1,0,1.0,0,0,0,-9999.0,0.125,1,P86_CV0,2,0,2,2,0,0,2,0,2
75,-299993.5193,-71281.93557,E75_F60_m87f87_P51_Y0_UO4359,R87_F87_m-1f-1_P87_Y-1_U127,R87_F87_m-1f-1_P87_Y-1_U85,MXY,7,0.0,1,0,0.0,0,0,0,-9999.0,0.25,1,P86_CV0,2,1,1,0,2,0,2,0,2
75,-299993.5193,-71281.93557,Age0_F75_m39f39_P75_Y7_UO1813,I39_F19_m78f78_P93_Y5_UO3458,I39_F19_m39f39_P19_Y4_UO1789,MXY,0,0.0,0,0,0.0,0,0,0,0.0,0.3125,1,P87_CV0,2,0,2,0,2,0,2,0,2
75,-299993.5193,-71281.93557,E75_F39_m39f39_P75_Y6_UO1872,ID39_F75_m78f78_P93_Y2_UO3468,I39_F51_m87f87_P19_Y2_UO4051,MXY,1,0.0,1,1,0.0,0,0,0,-9999.0,0.5625,1,P87_CV0,2,2,0,1,1,0,2,0,2
75,-299993.5193,-71281.93557,E75_F39_m78f78_P93_Y5_UO3458,I78_F13_m88f88_P29_Y3_UO4082,I78_F13_m-1f-1_P78_Y-1_U233,FXX,2,0.0,1,0,1.0,0,0,0,-9999.0,0.25,1,P87_CV0,2,1,1,1,1,0,2,0,2
75,-299993.5193,-71281.93557,E75_F60_m39f39_P75_Y5_UO1836,I39_F75_m78f78_P93_Y2_UO3468,ID39_F13_m87f87_P51_Y0_UO4403,FXX,2,0.0,1,0,1.0,0,0,1,-9999.0,0.5625,1,P87_CV0,2,0,2,1,1,0,2,0,2
75,-299993.5193,-71281.93557,Age0_F75_m39f39_P75_Y7_UO1875,I39_F19_m39f39_P51_Y1_UO1637,I39_F19_m39f39_P19_Y5_UO1811,MXY,0,0.0,0,0,0.0,0,0,0,0.0,0.4375,1,P89_CV0,2,0,2,1,1,0,2,0,2
75,-299993.5193,-71281.93557,E75_F39_m39f39_P19_Y5_UO1811,I39_F19_m46f46_P19_Y3_UO2233,I39_F19_m12f12_P19_Y3_UO711,MXY,2,0.0,1,0,0.0,0,0,0,-9999.0,0.375,1,P89_CV0,2,0,2,0,2,0,2,0,2
75,-299993.5193,-71281.93557,E75_F60_m12f12_P19_Y3_UO711,I12_F52_m-1f-1_P90_Y-1_U100,I12_F52_m-1f-1_P12_Y-1_U20,MXY,4,0.0,1,0,0.0,0,0,1,-9999.0,0.25,1,P89_CV0,2,1,1,1,1,0,2,0,2
75,-299993.5193,-71281.93557,E75_F39_m12f12_P19_Y2_UO741,ID12_F52_m-1f-1_P12_Y-1_U165,ID12_F86_m-1f-1_P90_Y-1_U10,MXY,5,0.0,1,0,0.0,0,0,0,-9999.0,0.0,1,P89_CV0,2,0,2,1,1,0,2,0,2
75,-299993.5193,-71281.93557,Age0_F75_m39f39_P75_Y7_UO1839,I39_F19_m39f39_P75_Y4_UO1863,I39_F75_m39f39_P19_Y5_UO1832,MXY,0,0.0,0,0,0.0,0,0,0,0.0,0.5625,1,P99_CV0,2,2,0,1,1,0,2,0,2
75,-299993.5193,-71281.93557,Age0_F75_m39f39_P75_Y7_UO1867,I39_F75_m60f60_P75_Y1_UO2713,I39_F75_m39f39_P19_Y5_UO1832,FXX,0,0.0,0,0,0.0,0,0,0,0.0,0.3125,1,P99_CV0,2,1,1,1,1,0,2,0,2
75,-299993.5193,-71281.93557,Age0_F75_m60f60_P75_Y7_UO2828,ID60_F75_m100f100_P48_Y0_UO4959,I60_F75_m-1f-1_P60_Y-1_U175,MXY,0,0.0,0,0,0.0,0,0,0,0.0,0.75,1,P99_CV0,2,2,0,1,1,0,2,0,2
75,-299993.5193,-71281.93557,Age0_F75_m60f60_P75_Y7_UO2845,ID60_F41_m-1f-1_P100_Y-1_U64,I60_F75_m-1f-1_P60_Y-1_U10,FXX,0,0.0,0,0,0.0,0,0,0,0.0,0.75,1,P99_CV0,2,1,1,2,0,0,2,0,2
75,-299993.5193,-71281.93557,E75_F60_m43f43_P49_Y6_UO2142,I43_F49_m43f43_P49_Y3_UO2124,I43_F49_m100f100_P48_Y3_UO4519,MXY,1,0.0,1,1,0.0,0,0,1,-9999.0,0.625,1,P99_CV0,2,1,1,1,1,0,2,0,2
75,-299993.5193,-71281.93557,E75_F60_m60f60_P75_Y6_UO2838,I60_F14_m100f100_P48_Y0_UO4959,I60_F75_m60f60_P75_Y4_UO2850,MXY,1,0.0,1,1,0.0,0,0,0,-9999.0,0.3125,1,P99_CV0,2,1,1,2,0,0,2,0,2
75,-299993.5193,-71281.93557,E75_F60_m100f100_P48_Y4_UO4582,ID100_F49_m55f55_P49_Y0_UO2785,I100_F48_m100f100_P49_Y1_UO4388,MXY,3,0.0,1,0,0.0,0,0,1,-9999.0,0.625,1,P99_CV0,2,2,0,1,1,0,2,0,2
75,-299993.5193,-71281.93557,E75_F60_m100f100_P48_Y0_UO4959,R100_F100_m-1f-1_P100_Y-1_U141,R100_F100_m-1f-1_P100_Y-1_U174,FXX,7,0.0,1,0,1.0,0,0,0,-9999.0,0.5,1,P99_CV0,2,1,1,1,1,0,2,0,2
75,-299993.5193,-71281.93557,E75_F60_m-1f-1_P100_Y-1_U64,-9999,-9999,FXX,12,0.0,1,0,1.0,0,0,0,-9999.0,0.5,1,P99_CV0,2,1,1,2,0,0,2,0,2
76,-768886.7642,-761492.6416,Age0_F76_m23f23_P76_Y7_UO1133,I23_F52_m92f92_P86_Y5_UO4304,I23_F27_m90f90_P35_Y5_UO4274,FXX,0,0.0,0,0,0.0,0,0,0,0.0,0.34375,1,P11_CV0,2,2,0,0,2,0,2,0,2
76,-768886.7642,-761492.6416,Age0_F76_m23f23_P76_Y7_UO1156,I23_F86_m46f46_P52_Y4_UO2250,ID23_F76_m12f12_P86_Y5_UO732,MXY,0,0.0,0,0,0.0,0,0,0,0.0,0.4375,1,P11_CV0,2,1,1,1,1,0,2,0,2
76,-768886.7642,-761492.6416,E76_F92_m90f90_P35_Y4_UO4228,I90_F86_m12f12_P52_Y0_UO794,I90_F6_m-1f-1_P90_Y-1_U41,FXX,3,0.0,1,0,1.0,0,0,0,-9999.0,0.125,1,P11_CV0,2,1,1,1,1,0,2,0,2
76,-768886.7642,-761492.6416,E76_F22_m22f22_P71_Y6_UO1105,I22_F71_m22f22_P71_Y0_UO1133,ID22_F71_m22f22_P71_Y0_UO1163,MXY,1,0.0,1,1,0.0,0,0,0,-9999.0,0.875,1,P21_CV0,2,2,0,0,2,0,2,0,2
76,-768886.7642,-761492.6416,Age0_F76_m23f23_P76_Y7_UO1122,ID23_F52_m90f90_P52_Y5_UO4235,I23_F27_m23f23_P35_Y4_UO1140,FXX,0,0.0,0,0,0.0,0,0,0,0.0,0.4375,1,P22_CV0,2,1,1,1,1,0,2,0,2
76,-768886.7642,-761492.6416,Age0_F76_m23f23_P76_Y7_UO1132,I23_F6_m50f50_P99_Y5_UO2395,I23_F57_m-1f-1_P23_Y-1_U146,FXX,0,0.0,0,0,0.0,0,0,0,0.0,0.625,1,P22_CV0,2,1,1,2,0,0,2,0,2
76,-768886.7642,-761492.6416,Age0_F76_m23f23_P76_Y7_UO1223,ID23_F6_m-1f-1_P23_Y-1_U177,I23_F86_m23f23_P27_Y4_UO1201,MXY,0,0.0,0,0,0.0,0,0,0,0.0,0.5,1,P22_CV0,2,1,1,1,1,0,2,0,2
76,-768886.7642,-761492.6416,Age0_F76_m23f23_P76_Y7_UO1226,I23_F52_m-1f-1_P23_Y-1_U54,I23_F6_m23f23_P6_Y0_UO1216,MXY,0,0.0,0,0,0.0,0,0,0,0.0,0.375,1,P22_CV0,2,1,1,2,0,0,2,0,2
76,-768886.7642,-761492.6416,Age0_F76_m92f92_P76_Y7_UO4376,I92_F76_m90f90_P35_Y4_UO4228,ID92_F99_m23f23_P99_Y2_UO1202,MXY,0,0.0,0,0,0.0,0,0,0,0.0,0.3125,1,P22_CV0,2,2,0,1,1,0,2,0,2
76,-768886.7642,-761492.6416,E76_F23_m23f23_P6_Y5_UO1230,ID23_F86_m-1f-1_P90_Y-1_U162,I23_F52_m23f23_P86_Y0_UO1256,FXX,2,0.0,1,0,1.0,0,0,0,-9999.0,0.5,1,P22_CV0,2,0,2,2,0,0,2,0,2
76,-768886.7642,-761492.6416,E76_F23_m-1f-1_P23_Y-1_U177,-9999,-9999,FXX,11,0.0,1,0,1.0,0,0,0,-9999.0,0.5,1,P22_CV0,2,1,1,0,2,0,2,0,2
76,-768886.7642,-761492.6416,E76_F23_m-1f-1_P23_Y-1_U54,-9999,-9999,FXX,12,0.0,1,0,1.0,0,0,0,-9999.0,0.0,1,P22_CV0,2,0,2,1,1,0,2,0,2
76,-768886.7642,-761492.6416,E76_F23_m30f30_P35_Y2_UO1420,I30_F52_m-1f-1_P30_Y-1_U194,I30_F52_m78f78_P93_Y0_UO3768,FXX,5,0.0,1,0,1.0,0,0,0,-9999.0,0.5,1,P29_CV0,2,2,0,1,1,0,2,0,2
76,-768886.7642,-761492.6416,E76_F23_m92f92_P86_Y5_UO4304,I92_F6_m40f40_P57_Y3_UO1935,I92_F6_m45f45_P57_Y2_UO2204,FXX,2,0.0,1,0,1.0,0,0,0,-9999.0,0.4375,1,P30_CV0,2,2,0,0,2,0,2,0,2
76,-768886.7642,-761492.6416,E76_F23_m92f92_P6_Y6_UO4395,I92_F6_m40f40_P57_Y3_UO1897,I92_F6_m-1f-1_P58_Y-1_U67,FXX,1,0.0,1,1,1.0,0,0,0,-9999.0,0.125,1,P39_CV0,2,0,2,1,1,0,2,0,2
76,-768886.7642,-761492.6416,E76_F23_m42f42_P99_Y6_UO2007,I42_F99_m42f42_P99_Y4_UO1970,I42_F99_m-1f-1_P42_Y-1_U135,MXY,1,0.0,1,1,0.0,0,0,0,-9999.0,0.5,1,P41_CV0,2,1,1,1,1,0,2,0,2
76,-768886.7642,-761492.6416,E76_F90_m23f23_P35_Y5_UO1130,I23_F86_m40f40_P6_Y3_UO1911,I23_F99_m42f42_P6_Y1_UO1845,FXX,2,0.0,1,0,1.0,0,0,0,-9999.0,0.25,1,P41_CV0,2,1,1,1,1,0,2,0,2
76,-768886.7642,-761492.6416,E76_F90_m90f90_P86_Y5_UO4224,I90_F52_m50f50_P99_Y2_UO2412,I90_F86_m-1f-1_P90_Y-1_U164,FXX,2,0.0,1,0,1.0,0,0,0,-9999.0,0.375,1,P41_CV0,2,1,1,1,1,0,2,0,2
76,-768886.7642,-761492.6416,Age0_F76_m23f23_P76_Y7_UO1184,ID23_F86_m30f30_P35_Y2_UO1420,I23_F52_m90f90_P86_Y5_UO4237,FXX,0,0.0,0,0,0.0,0,0,0,0.0,0.4375,1,P44_CV0,2,2,0,0,2,0,2,0,2
76,-768886.7642,-761492.6416,E76_F90_m45f45_P6_Y0_UO2226,R45_F45_m-1f-1_P45_Y-1_U8,R45_F45_m-1f-1_P45_Y-1_U245,FXX,7,0.0,1,0,1.0,0,0,0,-9999.0,0.75,1,P44_CV0,2,1,1,2,0,0,2,0,2
76,-768886.7642,-761492.6416,E76_F40_m-1f-1_P45_Y-1_U45,-9999,-9999,MXY,11,0.0,1,0,0.0,0,0,0,-9999.0,0.5,1,P44_CV0,2,1,1,0,2,0,2,0,2
76,-768886.7642,-761492.6416,E76_F90_m12f12_P52_Y6_UO743,I12_F52_m46f46_P52_Y1_UO2079,I12_F52_m12f12_P86_Y3_UO744,FXX,1,0.0,1,1,1.0,0,0,0,-9999.0,0.625,1,P45_CV0,2,1,1,1,1,0,2,0,2
76,-768886.7642,-761492.6416,E76_F23_m90f90_P52_Y5_UO4235,I90_F6_m46f46_P52_Y1_UO2112,I90_F27_m12f12_P52_Y0_UO767,FXX,2,0.0,1,0,1.0,0,0,0,-9999.0,0.25,1,P45_CV0,2,0,2,2,0,0,2,0,2
76,-768886.7642,-761492.6416,E76_F23_m46f46_P52_Y4_UO2250,ID46_F35_m-1f-1_P46_Y-1_U126,I46_F52_m-1f-1_P46_Y-1_U160,FXX,3,0.0,1,0,1.0,0,0,0,-9999.0,0.5,1,P45_CV0,2,1,1,0,2,0,2,0,2
76,-768886.7642,-761492.6416,Age0_F76_m23f23_P76_Y7_UO1138,I23_F52_m23f23_P6_Y5_UO1230,I23_F86_m92f92_P6_Y4_UO4384,MXY,0,0.0,0,0,0.0,0,0,0,0.0,0.375,1,P49_CV0,2,0,2,1,1,0,2,0,2
76,-768886.7642,-761492.6416,Age0_F76_m90f90_P76_Y7_UO4299,I90_F86_m45f45_P6_Y0_UO2226,I90_F52_m40f40_P57_Y4_UO1921,MXY,0,0.0,0,0,0.0,0,0,0,0.0,0.75,1,P49_CV0,2,1,1,2,0,0,2,0,2
76,-768886.7642,-761492.6416,E76_F23_m50f50_P99_Y5_UO2395,ID50_F99_m42f42_P99_Y2_UO1975,I50_F99_m42f42_P99_Y3_UO2028,FXX,2,0.0,1,0,1.0,0,0,0,-9999.0,0.75,1,P49_CV0,2,1,1,2,0,0,2,0,2
76,-768886.7642,-761492.6416,E76_F23_m40f40_P6_Y5_UO1918,I40_F6_m50f50_P99_Y1_UO2270,I40_F6_m92f92_P6_Y3_UO4325,MXY,2,0.0,1,0,0.0,0,0,0,-9999.0,0.625,1,P49_CV0,2,2,0,0,2,0,2,0,2
76,-768886.7642,-761492.6416,Age0_F76_m23f23_P76_Y7_UO1222,ID23_F13_m-1f-1_P7_Y-1_U26,ID23_F86_m45f45_P52_Y3_UO2179,MXY,0,0.0,0,0,0.0,0,0,0,0.0,0.5,1,P6_CV0,2,1,1,2,0,0,2,0,2
76,-768886.7642,-761492.6416,E76_F23_m-1f-1_P7_Y-1_U26,-9999,-9999,FXX,11,0.0,1,0,1.0,0,0,0,-9999.0,0.0,1,P6_CV0,2,0,2,2,0,0,2,0,2
76,-768886.7642,-761492.6416,Age0_F76_m90f90_P76_Y7_UO4224,I90_F35_m23f23_P35_Y5_UO1130,I90_F52_m40f40_P6_Y4_UO1896,MXY,0,0.0,0,0,0.0,0,0,0,0.0,0.4375,1,P89_CV0,2,1,1,1,1,0,2,0,2
76,-768886.7642,-761492.6416,Age0_F76_m90f90_P76_Y7_UO4234,I90_F57_m90f90_P86_Y5_UO4224,I90_F86_m-1f-1_P90_Y-1_U104,FXX,0,0.0,0,0,0.0,0,0,0,0.0,0.6875,1,P89_CV0,2,2,0,1,1,0,2,0,2
76,-768886.7642,-761492.6416,Age0_F76_m90f90_P76_Y7_UO4286,I90_F86_m23f23_P6_Y2_UO1205,I90_F52_m40f40_P57_Y5_UO1942,MXY,0,0.0,0,0,0.0,0,0,0,0.0,0.25,1,P89_CV0,2,1,1,1,1,0,2,0,2
76,-768886.7642,-761492.6416,E76_F23_m23f23_P27_Y4_UO1222,I23_F57_m-1f-1_P23_Y-1_U71,I23_F6_m90f90_P27_Y1_UO4064,MXY,3,0.0,1,0,0.0,0,0,0,-9999.0,0.375,1,P89_CV0,2,1,1,1,1,0,2,0,2
76,-768886.7642,-761492.6416,E76_F23_m23f23_P27_Y3_UO1212,I23_F86_m-1f-1_P23_Y-1_U177,I23_F57_m90f90_P35_Y1_UO3995,MXY,4,0.0,1,0,0.0,0,0,0,-9999.0,0.375,1,P89_CV0,2,0,2,0,2,0,2,0,2
76,-768886.7642,-761492.6416,E76_F90_m23f23_P6_Y2_UO1205,I23_F57_m-1f-1_P23_Y-1_U197,I23_F57_m-1f-1_P90_Y-1_U140,FXX,5,0.0,1,0,1.0,0,0,0,-9999.0,0.0,1,P89_CV0,2,0,2,1,1,0,2,0,2
76,-768886.7642,-761492.6416,E76_F23_m92f92_P6_Y6_UO4436,I92_F6_m-1f-1_P92_Y-1_U150,I92_F99_m40f40_P99_Y0_UO2013,MXY,1,0.0,1,1,0.0,0,0,0,-9999.0,0.0,1,P91_CV0,2,0,2,0,2,0,2,0,2
76,-768886.7642,-761492.6416,E76_F90_m23f23_P35_Y6_UO1188,I23_F86_m92f92_P57_Y2_UO4309,ID23_F35_m90f90_P86_Y3_UO4184,FXX,1,0.0,1,1,1.0,0,0,0,-9999.0,0.4375,1,P91_CV0,2,0,2,0,2,0,2,0,2
76,-768886.7642,-761492.6416,E76_F90_m23f23_P86_Y6_UO1151,I23_F86_m92f92_P57_Y4_UO4352,I23_F27_m92f92_P27_Y2_UO4320,FXX,1,0.0,1,1,1.0,0,0,0,-9999.0,0.5,1,P91_CV0,2,1,1,1,1,0,2,0,2
76,-768886.7642,-761492.6416,E76_F23_m92f92_P76_Y4_UO4342,I92_F6_m92f92_P6_Y0_UO4621,ID92_F6_m-1f-1_P40_Y-1_U59,MXY,3,0.0,1,0,0.0,0,0,0,-9999.0,0.25,1,P91_CV0,2,1,1,0,2,0,2,0,2
81,-323068.7436,-1221387.185,E81_F5_m80f80_P81_Y6_UO3782,ID80_F81_m47f47_P81_Y1_UO2170,I80_F72_m95f95_P81_Y4_UO4480,FXX,1,0.0,1,1,1.0,0,0,0,-9999.0,0.5,1,P15_CV0,2,1,1,1,1,0,2,0,2
81,-323068.7436,-1221387.185,Age0_F81_m47f47_P81_Y7_UO2377,I47_F64_m-1f-1_P17_Y-1_U85,I47_F81_m-1f-1_P17_Y-1_U180,MXY,0,0.0,0,0,0.0,0,0,0,0.0,0.75,1,P16_CV0,2,1,1,1,1,0,2,0,2
81,-323068.7436,-1221387.185,Age0_F81_m47f47_P81_Y7_UO2385,ID47_F64_m-1f-1_P47_Y-1_U143,I47_F81_m-1f-1_P17_Y-1_U180,FXX,0,0.0,0,0,0.0,0,0,0,0.0,0.5,1,P16_CV0,2,1,1,2,0,0,2,0,2
81,-323068.7436,-1221387.185,Age0_F81_m80f80_P81_Y7_UO3731,I80_F81_m5f5_P81_Y4_UO360,ID80_F81_m95f95_P81_Y4_UO4532,MXY,0,0.0,0,0,0.0,0,0,0,0.0,0.625,1,P16_CV0,2,1,1,2,0,0,2,0,2
81,-323068.7436,-1221387.185,Age0_F81_m95f95_P81_Y7_UO4499,ID95_F64_m95f95_P91_Y4_UO4483,I95_F91_m17f17_P64_Y1_UO908,MXY,0,0.0,0,0,0.0,0,0,0,0.0,0.4375,1,P16_CV0,2,0,2,1,1,0,2,0,2
81,-323068.7436,-1221387.185,E81_F5_m47f47_P81_Y6_UO2384,I47_F81_m-1f-1_P17_Y-1_U189,I47_F64_m-1f-1_P47_Y-1_U5,FXX,1,0.0,1,1,1.0,0,0,0,-9999.0,0.5,1,P16_CV0,2,1,1,0,2,0,2,0,2
81,-323068.7436,-1221387.185,E81_F47_m95f95_P64_Y6_UO4542,I95_F91_m95f95_P64_Y2_UO4469,ID95_F91_m17f17_P64_Y0_UO1101,FXX,1,0.0,1,1,1.0,0,0,0,-9999.0,0.375,1,P16_CV0,2,0,2,0,2,0,2,0,2
81,-323068.7436,-1221387.185,E81_F80_m5f5_P72_Y6_UO405,I5_F81_m-1f-1_P5_Y-1_U76,I5_F72_m47f47_P81_Y4_UO2335,MXY,1,0.0,1,1,0.0,0,0,0,-9999.0,0.375,1,P16_CV0,2,1,1,0,2,0,2,0,2
81,-323068.7436,-1221387.185,E81_F80_m47f47_P81_Y6_UO2366,I47_F81_m95f95_P64_Y2_UO4531,I47_F64_m47f47_P81_Y2_UO2377,MXY,1,0.0,1,1,0.0,0,0,0,-9999.0,0.375,1,P16_CV0,2,2,0,1,1,0,2,0,2
81,-323068.7436,-1221387.185,E81_F80_m47f47_P81_Y6_UO2382,I47_F81_m-1f-1_P17_Y-1_U75,I47_F64_m47f47_P81_Y2_UO2377,FXX,1,0.0,1,1,1.0,0,0,0,-9999.0,0.625,1,P16_CV0,2,1,1,1,1,0,2,0,2
81,-323068.7436,-1221387.185,E81_F5_m17f17_P64_Y5_UO959,I17_F64_m17f17_P64_Y3_UO969,ID17_F64_m3f3_P64_Y3_UO181,FXX,2,0.0,1,0,1.0,0,0,0,-9999.0,0.6875,1,P16_CV0,2,2,0,0,2,0,2,0,2
81,-323068.7436,-1221387.185,E81_F5_m80f80_P72_Y5_UO3741,I80_F81_m5f5_P81_Y0_UO369,ID80_F81_m-1f-1_P17_Y-1_U6,MXY,2,0.0,1,0,0.0,0,0,0,-9999.0,0.5,1,P16_CV0,2,1,1,0,2,0,2,0,2
81,-323068.7436,-1221387.185,E81_F80_m47f47_P81_Y5_UO2325,ID47_F81_m17f17_P64_Y1_UO897,I47_F81_m-1f-1_P47_Y-1_U215,MXY,2,0.0,1,0,0.0,0,0,0,-9999.0,0.625,1,P16_CV0,2,2,0,1,1,0,2,0,2
81,-323068.7436,-1221387.185,E81_F80_m95f95_P81_Y5_UO4505,I95_F64_m17f17_P64_Y1_UO964,I95_F64_m79f79_P64_Y2_UO3604,MXY,2,0.0,1,0,0.0,0,0,0,-9999.0,0.75,1,P16_CV0,2,2,0,1,1,0,2,0,2
81,-323068.7436,-1221387.185,E81_F95_m79f79_P64_Y3_UO3554,ID79_F59_m17f17_P64_Y1_UO984,I79_F59_m3f3_P59_Y1_UO134,MXY,4,0.0,1,0,0.0,0,0,0,-9999.0,0.5,1,P16_CV0,2,1,1,1,1,0,2,0,2
81,-323068.7436,-1221387.185,E81_F47_m47f47_P81_Y2_UO2377,I47_F81_m-1f-1_P47_Y-1_U178,I47_F64_m-1f-1_P17_Y-1_U138,MXY,5,0.0,1,0,0.0,0,0,0,-9999.0,0.25,1,P16_CV0,2,1,1,2,0,0,2,0,2
81,-323068.7436,-1221387.185,E81_F95_m95f95_P91_Y2_UO4456,I95_F64_m17f17_P64_Y0_UO1072,I95_F64_m-1f-1_P17_Y-1_U241,MXY,5,0.0,1,0,0.0,0,0,0,-9999.0,0.625,1,P16_CV0,2,1,1,2,0,0,2,0,2
81,-323068.7436,-1221387.185,E81_F47_m17f17_P64_Y0_UO1082,R17_F17_m-1f-1_P17_Y-1_U154,R17_F17_m-1f-1_P17_Y-1_U133,FXX,7,0.0,1,0,1.0,0,0,0,-9999.0,0.75,1,P16_CV0,2,2,0,0,2,0,2,0,2
81,-323068.7436,-1221387.185,E81_F47_m-1f-1_P17_Y-1_U85,-9999,-9999,FXX,10,0.0,1,0,1.0,0,0,0,-9999.0,0.5,1,P16_CV0,2,1,1,0,2,0,2,0,2
81,-323068.7436,-1221387.185,E81_F47_m-1f-1_P17_Y-1_U180,-9999,-9999,MXY,10,0.0,1,0,0.0,0,0,0,-9999.0,1.0,1,P16_CV0,2,2,0,2,0,0,2,0,2
81,-323068.7436,-1221387.185,E81_F47_m-1f-1_P17_Y-1_U120,-9999,-9999,FXX,12,0.0,1,0,1.0,0,0,0,-9999.0,0.0,1,P16_CV0,2,0,2,1,1,0,2,0,2
81,-323068.7436,-1221387.185,Age0_F81_m58f58_P81_Y7_UO2709,ID58_F57_m42f42_P99_Y5_UO1963,I58_F81_m80f80_P81_Y4_UO3714,MXY,0,0.0,0,0,0.0,0,0,0,0.0,0.59375,1,P22_CV0,2,1,1,1,1,0,2,0,2
81,-323068.7436,-1221387.185,E81_F50_m40f40_P99_Y6_UO1922,I40_F57_m50f50_P99_Y4_UO2346,ID40_F99_m23f23_P27_Y3_UO1217,FXX,1,0.0,1,1,1.0,0,0,0,-9999.0,0.53125,1,P22_CV0,2,1,1,1,1,0,2,0,2
81,-323068.7436,-1221387.185,E81_F58_m42f42_P99_Y5_UO1963,I42_F99_m94f94_P99_Y3_UO4402,I42_F57_m80f80_P81_Y2_UO3668,FXX,2,0.0,1,0,1.0,0,0,0,-9999.0,0.4375,1,P22_CV0,2,1,1,1,1,0,2,0,2
81,-323068.7436,-1221387.185,E81_F58_m90f90_P35_Y2_UO4225,ID90_F86_m-1f-1_P90_Y-1_U226,I90_F35_m30f30_P52_Y0_UO1481,FXX,5,0.0,1,0,1.0,0,0,0,-9999.0,0.5,1,P29_CV0,2,1,1,1,1,0,2,0,2
81,-323068.7436,-1221387.185,Age0_F81_m47f47_P81_Y7_UO2360,ID47_F64_m17f17_P64_Y5_UO1012,I47_F64_m-1f-1_P47_Y-1_U174,FXX,0,0.0,0,0,0.0,0,0,0,0.0,0.5,1,P2_CV0,2,1,1,2,0,0,2,0,2
81,-323068.7436,-1221387.185,E81_F47_m17f17_P64_Y5_UO1012,I17_F64_m-1f-1_P17_Y-1_U64,I17_F59_m3f3_P64_Y2_UO181,FXX,2,0.0,1,0,1.0,0,0,0,-9999.0,1.0,1,P2_CV0,2,2,0,2,0,0,2,0,2
81,-323068.7436,-1221387.185,E81_F95_m95f95_P91_Y4_UO4483,ID95_F64_m3f3_P64_Y1_UO109,ID95_F91_m17f17_P64_Y1_UO985,FXX,3,0.0,1,0,1.0,0,0,0,-9999.0,0.625,1,P2_CV0,2,1,1,0,2,0,2,0,2
81,-323068.7436,-1221387.185,Age0_F81_m5f5_P81_Y7_UO317,ID5_F81_m94f94_P81_Y5_UO4465,ID5_F81_m-1f-1_P94_Y-1_U43,FXX,0,0.0,0,0,0.0,0,0,0,0.0,0.1875,1,P39_CV0,2,1,1,2,0,0,2,0,2
81,-323068.7436,-1221387.185,Age0_F81_m5f5_P81_Y7_UO385,ID5_F81_m5f5_P81_Y2_UO305,ID5_F72_m94f94_P81_Y4_UO4452,MXY,0,0.0,0,0,0.0,0,0,0,0.0,0.5,1,P39_CV0,2,2,0,2,0,0,2,0,2
81,-323068.7436,-1221387.185,Age0_F81_m94f94_P81_Y7_UO4460,I94_F81_m50f50_P99_Y1_UO2308,I94_F81_m-1f-1_P40_Y-1_U217,FXX,0,0.0,0,0,0.0,0,0,0,0.0,0.75,1,P39_CV0,2,2,0,1,1,0,2,0,2
81,-323068.7436,-1221387.185,Age0_F81_m94f94_P81_Y7_UO4465,I94_F28_m94f94_P81_Y0_UO4709,I94_F98_m-1f-1_P40_Y-1_U242,FXX,0,0.0,0,0,0.0,0,0,0,0.0,0.625,1,P39_CV0,2,1,1,1,1,0,2,0,2
81,-323068.7436,-1221387.185,E81_F5_m94f94_P81_Y6_UO4504,ID94_F81_m-1f-1_P40_Y-1_U146,I94_F81_m58f58_P81_Y3_UO2766,MXY,1,0.0,1,1,0.0,0,0,0,-9999.0,0.4375,1,P39_CV0,2,1,1,2,0,0,2,0,2
81,-323068.7436,-1221387.185,E81_F58_m50f50_P99_Y6_UO2455,I50_F99_m40f40_P99_Y1_UO1731,I50_F99_m50f50_P99_Y4_UO2415,MXY,1,0.0,1,1,0.0,0,0,0,-9999.0,0.625,1,P39_CV0,2,1,1,1,1,0,2,0,2
81,-323068.7436,-1221387.185,E81_F80_m58f58_P81_Y6_UO2772,ID58_F81_m-1f-1_P94_Y-1_U15,I58_F99_m-1f-1_P40_Y-1_U174,MXY,1,0.0,1,1,0.0,0,0,0,-9999.0,0.5,1,P39_CV0,2,2,0,1,1,0,2,0,2
81,-323068.7436,-1221387.185,E81_F5_m94f94_P81_Y5_UO4407,I94_F81_m42f42_P99_Y3_UO1992,ID94_F81_m-1f-1_P94_Y-1_U141,MXY,2,0.0,1,0,0.0,0,0,0,-9999.0,0.5,1,P39_CV0,2,1,1,0,2,0,2,0,2
81,-323068.7436,-1221387.185,E81_F5_m94f94_P81_Y5_UO4465,I94_F81_m-1f-1_P40_Y-1_U167,I94_F81_m5f5_P81_Y1_UO310,FXX,2,0.0,1,0,1.0,0,0,0,-9999.0,0.375,1,P39_CV0,2,1,1,1,1,0,2,0,2
81,-323068.7436,-1221387.185,E81_F5_m94f94_P81_Y4_UO4452,ID94_F99_m-1f-1_P40_Y-1_U167,I94_F81_m-1f-1_P40_Y-1_U174,MXY,3,0.0,1,0,0.0,0,0,0,-9999.0,0.5,1,P39_CV0,2,2,0,2,0,0,2,0,2
81,-323068.7436,-1221387.185,E81_F94_m42f42_P99_Y3_UO1992,I42_F99_m-1f-1_P40_Y-1_U158,I42_F6_m50f50_P99_Y0_UO2562,FXX,4,0.0,1,0,1.0,0,0,0,-9999.0,0.5,1,P39_CV0,2,1,1,0,2,0,2,0,2
81,-323068.7436,-1221387.185,E81_F94_m40f40_P6_Y2_UO1914,I40_F57_m-1f-1_P40_Y-1_U221,I40_F6_m-1f-1_P40_Y-1_U137,MXY,5,0.0,1,0,0.0,0,0,0,-9999.0,0.75,1,P39_CV0,2,1,1,0,2,0,2,0,2
81,-323068.7436,-1221387.185,E81_F94_m40f40_P57_Y0_UO2004,R40_F40_m-1f-1_P40_Y-1_U215,R40_F40_m-1f-1_P40_Y-1_U186,MXY,7,0.0,1,0,0.0,0,0,0,-9999.0,0.25,1,P39_CV0,2,1,1,2,0,0,2,0,2
81,-323068.7436,-1221387.185,E81_F94_m-1f-1_P40_Y-1_U242,-9999,-9999,MXY,12,0.0,1,0,0.0,0,0,0,-9999.0,1.0,1,P39_CV0,2,2,0,0,2,0,2,0,2
81,-323068.7436,-1221387.185,E81_F94_m-1f-1_P40_Y-1_U79,-9999,-9999,MXY,13,0.0,1,0,0.0,0,0,0,-9999.0,0.5,1,P39_CV0,2,1,1,0,2,0,2,0,2
81,-323068.7436,-1221387.185,E81_F94_m-1f-1_P40_Y-1_U146,-9999,-9999,FXX,14,0.0,1,0,1.0,0,0,0,-9999.0,0.5,1,P39_CV0,2,1,1,1,1,0,2,0,2
81,-323068.7436,-1221387.185,Age0_F81_m58f58_P81_Y7_UO2735,I58_F99_m42f42_P99_Y2_UO1950,I58_F72_m58f58_P99_Y5_UO2727,FXX,0,0.0,0,0,0.0,0,0,0,0.0,0.625,1,P41_CV0,2,1,1,2,0,0,2,0,2
81,-323068.7436,-1221387.185,Age0_F81_m58f58_P81_Y7_UO2739,ID58_F81_m58f58_P99_Y1_UO2614,I58_F99_m-1f-1_P42_Y-1_U69,FXX,0,0.0,0,0,0.0,0,0,0,0.0,0.375,1,P41_CV0,2,1,1,0,2,0,2,0,2
81,-323068.7436,-1221387.185,Age0_F81_m58f58_P81_Y7_UO2741,I58_F99_m42f42_P99_Y0_UO2060,I58_F99_m80f80_P81_Y3_UO3706,FXX,0,0.0,0,0,0.0,0,0,0,0.0,0.375,1,P41_CV0,2,1,1,2,0,0,2,0,2
81,-323068.7436,-1221387.185,Age0_F81_m80f80_P81_Y7_UO3680,I80_F81_m94f94_P81_Y5_UO4419,I80_F81_m80f80_P72_Y4_UO3736,FXX,0,0.0,0,0,0.0,0,0,0,0.0,0.4375,1,P41_CV0,2,1,1,1,1,0,2,0,2
81,-323068.7436,-1221387.185,Age0_F81_m94f94_P81_Y7_UO4431,ID94_F81_m58f58_P81_Y5_UO2721,I94_F81_m47f47_P81_Y5_UO2349,FXX,0,0.0,0,0,0.0,0,0,0,0.0,0.5625,1,P41_CV0,2,1,1,1,1,0,2,0,2
81,-323068.7436,-1221387.185,E81_F5_m58f58_P81_Y6_UO2751,I58_F99_m42f42_P99_Y1_UO1865,I58_F99_m42f42_P99_Y4_UO2021,MXY,1,0.0,1,1,0.0,0,0,0,-9999.0,0.25,1,P41_CV0,2,0,2,1,1,0,2,0,2
81,-323068.7436,-1221387.185,E81_F5_m58f58_P81_Y6_UO2787,I58_F99_m-1f-1_P42_Y-1_U100,ID58_F81_m50f50_P99_Y2_UO2393,MXY,1,0.0,1,1,0.0,0,0,0,-9999.0,0.4375,1,P41_CV0,2,1,1,1,1,0,2,0,2
81,-323068.7436,-1221387.185,E81_F80_m80f80_P81_Y6_UO3746,I80_F81_m94f94_P81_Y3_UO4411,ID80_F81_m94f94_P81_Y0_UO4795,FXX,1,0.0,1,1,1.0,0,0,0,-9999.0,0.5,1,P41_CV0,2,2,0,1,1,0,2,0,2
81,-323068.7436,-1221387.185,E81_F94_m23f23_P99_Y6_UO1240,I23_F99_m-1f-1_P90_Y-1_U244,ID23_F27_m42f42_P6_Y1_UO1845,FXX,1,0.0,1,1,1.0,0,0,0,-9999.0,0.5,1,P41_CV0,2,1,1,1,1,0,2,0,2
81,-323068.7436,-1221387.185,E81_F5_m50f50_P72_Y5_UO2379,I50_F99_m42f42_P99_Y3_UO2006,ID50_F81_m94f94_P81_Y3_UO4391,FXX,2,0.0,1,0,1.0,0,0,0,-9999.0,0.6875,1,P41_CV0,2,1,1,0,2,0,2,0,2
81,-323068.7436,-1221387.185,E81_F80_m94f94_P81_Y5_UO4419,I94_F81_m58f58_P99_Y2_UO2738,I94_F81_m-1f-1_P94_Y-1_U70,FXX,2,0.0,1,0,1.0,0,0,0,-9999.0,0.375,1,P41_CV0,2,1,1,1,1,0,2,0,2
81,-323068.7436,-1221387.185,E81_F80_m58f58_P72_Y5_UO2725,I58_F81_m5f5_P81_Y2_UO305,I58_F99_m42f42_P99_Y2_UO2015,FXX,2,0.0,1,0,1.0,0,0,0,-9999.0,0.25,1,P41_CV0,2,0,2,2,0,0,2,0,2
81,-323068.7436,-1221387.185,E81_F94_m58f58_P81_Y5_UO2721,I58_F99_m47f47_P81_Y2_UO2335,I58_F81_m-1f-1_P42_Y-1_U174,FXX,2,0.0,1,0,1.0,0,0,0,-9999.0,0.625,1,P41_CV0,2,1,1,0,2,0,2,0,2
81,-323068.7436,-1221387.185,E81_F94_m94f94_P81_Y5_UO4418,I94_F81_m42f42_P99_Y2_UO1987,I94_F99_m58f58_P99_Y0_UO3017,MXY,2,0.0,1,0,0.0,0,0,0,-9999.0,0.5,1,P41_CV0,2,1,1,0,2,0,2,0,2
81,-323068.7436,-1221387.185,E81_F5_m94f94_P81_Y3_UO4374,I94_F98_m5f5_P81_Y0_UO349,ID94_F99_m-1f-1_P42_Y-1_U57,MXY,4,0.0,1,0,0.0,0,0,0,-9999.0,0.75,1,P41_CV0,2,1,1,1,1,0,2,0,2
81,-323068.7436,-1221387.185,E81_F58_m92f92_P99_Y3_UO4290,I92_F99_m42f42_P27_Y0_UO2081,ID92_F99_m-1f-1_P50_Y-1_U219,MXY,4,0.0,1,0,0.0,0,0,0,-9999.0,0.5,1,P41_CV0,2,2,0,1,1,0,2,0,2
81,-323068.7436,-1221387.185,E81_F80_m94f94_P81_Y3_UO4411,I94_F91_m-1f-1_P42_Y-1_U75,I94_F81_m-1f-1_P58_Y-1_U193,FXX,4,0.0,1,0,1.0,0,0,0,-9999.0,0.5,1,P41_CV0,2,1,1,2,0,0,2,0,2
81,-323068.7436,-1221387.185,E81_F58_m42f42_P99_Y2_UO1950,ID42_F99_m92f92_P99_Y0_UO4619,I42_F99_m42f42_P99_Y0_UO2027,FXX,5,0.0,1,0,1.0,0,0,0,-9999.0,0.625,1,P41_CV0,2,1,1,2,0,0,2,0,2
81,-323068.7436,-1221387.185,E81_F95_m94f94_P91_Y2_UO4420,ID94_F99_m-1f-1_P42_Y-1_U75,ID94_F99_m-1f-1_P58_Y-1_U231,MXY,5,0.0,1,0,0.0,0,0,0,-9999.0,0.5,1,P41_CV0,2,0,2,2,0,0,2,0,2
81,-323068.7436,-1221387.185,E81_F42_m42f42_P99_Y1_UO1821,I42_F99_m-1f-1_P42_Y-1_U32,I42_F99_m-1f-1_P42_Y-1_U58,FXX,6,0.0,1,0,1.0,0,0,0,-9999.0,0.0,1,P41_CV0,2,0,2,2,0,0,2,0,2
81,-323068.7436,-1221387.185,E81_F58_m42f42_P99_Y0_UO2060,R42_F42_m-1f-1_P42_Y-1_U93,R42_F42_m-1f-1_P42_Y-1_U107,FXX,7,0.0,1,0,1.0,0,0,0,-9999.0,0.0,1,P41_CV0,2,0,2,1,1,0,2,0,2
81,-323068.7436,-1221387.185,E81_F58_m-1f-1_P42_Y-1_U106,-9999,-9999,FXX,12,0.0,1,0,1.0,0,0,0,-9999.0,1.0,1,P41_CV0,2,2,0,2,0,0,2,0,2
81,-323068.7436,-1221387.185,E81_F42_m-1f-1_P42_Y-1_U147,-9999,-9999,MXY,13,0.0,1,0,0.0,0,0,0,-9999.0,0.0,1,P41_CV0,2,0,2,1,1,0,2,0,2
81,-323068.7436,-1221387.185,Age0_F81_m58f58_P81_Y7_UO2727,ID58_F81_m94f94_P81_Y3_UO4360,I58_F99_m80f80_P81_Y3_UO3706,MXY,0,0.0,0,0,0.0,0,0,0,0.0,0.75,1,P44_CV0,2,0,2,1,1,0,2,0,2
81,-323068.7436,-1221387.185,Age0_F81_m58f58_P81_Y7_UO2730,I58_F81_m45f45_P6_Y2_UO2122,I58_F6_m58f58_P99_Y2_UO2777,MXY,0,0.0,0,0,0.0,0,0,0,0.0,0.6875,1,P44_CV0,2,2,0,1,1,0,2,0,2
81,-323068.7436,-1221387.185,Age0_F81_m94f94_P81_Y7_UO4461,I94_F81_m45f45_P6_Y1_UO1988,I94_F98_m95f95_P91_Y3_UO4461,MXY,0,0.0,0,0,0.0,0,0,0,0.0,0.25,1,P44_CV0,2,1,1,2,0,0,2,0,2
81,-323068.7436,-1221387.185,E81_F5_m58f58_P81_Y6_UO2739,I58_F99_m94f94_P81_Y3_UO4360,I58_F99_m58f58_P99_Y3_UO2763,MXY,1,0.0,1,1,0.0,0,0,0,-9999.0,0.625,1,P44_CV0,2,2,0,2,0,0,2,0,2
81,-323068.7436,-1221387.185,E81_F5_m58f58_P81_Y6_UO2750,I58_F99_m45f45_P6_Y2_UO2122,ID58_F81_m92f92_P99_Y3_UO4329,MXY,1,0.0,1,1,0.0,0,0,0,-9999.0,0.6875,1,P44_CV0,2,1,1,1,1,0,2,0,2
81,-323068.7436,-1221387.185,E81_F80_m50f50_P81_Y6_UO2472,I50_F99_m-1f-1_P58_Y-1_U101,I50_F6_m92f92_P27_Y3_UO4286,FXX,1,0.0,1,1,1.0,0,0,0,-9999.0,0.4375,1,P44_CV0,2,1,1,1,1,0,2,0,2
81,-323068.7436,-1221387.185,E81_F5_m80f80_P81_Y5_UO3712,I80_F81_m47f47_P81_Y2_UO2315,I80_F72_m58f58_P81_Y3_UO2760,FXX,2,0.0,1,0,1.0,0,0,0,-9999.0,0.5,1,P44_CV0,2,1,1,1,1,0,2,0,2
81,-323068.7436,-1221387.185,E81_F50_m40f40_P6_Y4_UO1878,I40_F57_m45f45_P6_Y2_UO2191,I40_F6_m-1f-1_P50_Y-1_U32,MXY,3,0.0,1,0,0.0,0,0,0,-9999.0,0.25,1,P44_CV0,2,1,1,1,1,0,2,0,2
81,-323068.7436,-1221387.185,E81_F58_m23f23_P57_Y4_UO1168,I23_F99_m45f45_P86_Y1_UO2061,I23_F6_m12f12_P52_Y2_UO753,MXY,3,0.0,1,0,0.0,0,0,0,-9999.0,0.6875,1,P44_CV0,2,1,1,1,1,0,2,0,2
81,-323068.7436,-1221387.185,E81_F58_m94f94_P81_Y3_UO4360,ID94_F99_m45f45_P6_Y1_UO1988,I94_F28_m-1f-1_P94_Y-1_U218,FXX,4,0.0,1,0,1.0,0,0,0,-9999.0,0.75,1,P44_CV0,2,1,1,2,0,0,2,0,2
81,-323068.7436,-1221387.185,E81_F58_m45f45_P6_Y2_UO2122,I45_F57_m42f42_P6_Y0_UO2078,I45_F86_m-1f-1_P45_Y-1_U245,FXX,5,0.0,1,0,1.0,0,0,0,-9999.0,0.875,1,P44_CV0,2,2,0,1,1,0,2,0,2
81,-323068.7436,-1221387.185,E81_F94_m45f45_P6_Y1_UO1988,ID45_F57_m-1f-1_P45_Y-1_U60,I45_F6_m-1f-1_P45_Y-1_U190,FXX,6,0.0,1,0,1.0,0,0,0,-9999.0,0.5,1,P44_CV0,2,1,1,2,0,0,2,0,2
81,-323068.7436,-1221387.185,Age0_F81_m5f5_P81_Y7_UO320,I5_F81_m47f47_P81_Y5_UO2347,I5_F81_m5f5_P81_Y2_UO303,MXY,0,0.0,0,0,0.0,0,0,0,0.0,0.6875,1,P46_CV0,2,1,1,2,0,0,2,0,2
81,-323068.7436,-1221387.185,Age0_F81_m5f5_P81_Y7_UO335,I5_F81_m47f47_P81_Y4_UO2336,I5_F81_m5f5_P81_Y5_UO322,MXY,0,0.0,0,0,0.0,0,0,0,0.0,0.65625,1,P46_CV0,2,1,1,1,1,0,2,0,2
81,-323068.7436,-1221387.185,Age0_F81_m5f5_P81_Y7_UO336,I5_F72_m80f80_P81_Y4_UO3700,ID5_F81_m5f5_P72_Y5_UO376,MXY,0,0.0,0,0,0.0,0,0,0,0.0,0.5625,1,P46_CV0,2,1,1,2,0,0,2,0,2
81,-323068.7436,-1221387.185,Age0_F81_m5f5_P81_Y7_UO353,I5_F72_m47f47_P81_Y4_UO2298,I5_F72_m5f5_P81_Y5_UO392,MXY,0,0.0,0,0,0.0,0,0,0,0.0,0.375,1,P46_CV0,2,0,2,2,0,0,2,0,2
81,-323068.7436,-1221387.185,Age0_F81_m5f5_P81_Y7_UO358,I5_F81_m47f47_P81_Y4_UO2317,ID5_F81_m5f5_P81_Y3_UO346,MXY,0,0.0,0,0,0.0,0,0,0,0.0,0.5,1,P46_CV0,2,1,1,0,2,0,2,0,2
81,-323068.7436,-1221387.185,Age0_F81_m5f5_P81_Y7_UO371,I5_F72_m94f94_P81_Y3_UO4370,ID5_F81_m47f47_P81_Y4_UO2297,MXY,0,0.0,0,0,0.0,0,0,0,0.0,0.625,1,P46_CV0,2,2,0,0,2,0,2,0,2
81,-323068.7436,-1221387.185,Age0_F81_m5f5_P81_Y7_UO376,I5_F81_m5f5_P81_Y3_UO349,I5_F81_m47f47_P81_Y5_UO2324,FXX,0,0.0,0,0,0.0,0,0,0,0.0,0.5,1,P46_CV0,2,2,0,1,1,0,2,0,2
81,-323068.7436,-1221387.185,Age0_F81_m5f5_P81_Y7_UO378,I5_F81_m80f80_P81_Y2_UO3656,I5_F81_m-1f-1_P80_Y-1_U27,FXX,0,0.0,0,0,0.0,0,0,0,0.0,0.6875,1,P46_CV0,2,1,1,2,0,0,2,0,2
81,-323068.7436,-1221387.185,Age0_F81_m5f5_P81_Y7_UO410,I5_F81_m-1f-1_P5_Y-1_U149,I5_F72_m47f47_P81_Y2_UO2319,MXY,0,0.0,0,0,0.0,0,0,0,0.0,0.5,1,P46_CV0,2,1,1,2,0,0,2,0,2
81,-323068.7436,-1221387.185,Age0_F81_m47f47_P81_Y7_UO2364,I47_F81_m95f95_P64_Y2_UO4531,ID47_F81_m47f47_P64_Y0_UO2507,FXX,0,0.0,0,0,0.0,0,0,0,0.0,0.375,1,P46_CV0,2,1,1,0,2,0,2,0,2
81,-323068.7436,-1221387.185,Age0_F81_m47f47_P81_Y7_UO2369,ID47_F91_m-1f-1_P47_Y-1_U22,I47_F64_m-1f-1_P47_Y-1_U174,FXX,0,0.0,0,0,0.0,0,0,0,0.0,0.0,1,P46_CV0,2,0,2,0,2,0,2,0,2
81,-323068.7436,-1221387.185,Age0_F81_m47f47_P81_Y7_UO2371,I47_F81_m-1f-1_P47_Y-1_U57,ID47_F81_m47f47_P64_Y0_UO2507,MXY,0,0.0,0,0,0.0,0,0,0,0.0,0.375,1,P46_CV0,2,0,2,0,2,0,2,0,2
81,-323068.7436,-1221387.185,Age0_F81_m47f47_P81_Y7_UO2372,I47_F81_m-1f-1_P47_Y-1_U62,I47_F81_m-1f-1_P47_Y-1_U199,FXX,0,0.0,0,0,0.0,0,0,0,0.0,0.25,1,P46_CV0,2,1,1,1,1,0,2,0,2
81,-323068.7436,-1221387.185,Age0_F81_m47f47_P81_Y7_UO2373,I47_F64_m-1f-1_P47_Y-1_U151,I47_F81_m-1f-1_P47_Y-1_U224,FXX,0,0.0,0,0,0.0,0,0,0,0.0,0.25,1,P46_CV0,2,0,2,2,0,0,2,0,2
81,-323068.7436,-1221387.185,Age0_F81_m47f47_P81_Y7_UO2378,I47_F64_m-1f-1_P47_Y-1_U171,I47_F64_m-1f-1_P47_Y-1_U5,MXY,0,0.0,0,0,0.0,0,0,0,0.0,0.75,1,P46_CV0,2,1,1,0,2,0,2,0,2
81,-323068.7436,-1221387.185,Age0_F81_m47f47_P81_Y7_UO2379,I47_F81_m-1f-1_P47_Y-1_U217,I47_F81_m-1f-1_P17_Y-1_U180,MXY,0,0.0,0,0,0.0,0,0,0,0.0,0.75,1,P46_CV0,2,1,1,2,0,0,2,0,2
81,-323068.7436,-1221387.185,Age0_F81_m47f47_P81_Y7_UO2380,I47_F72_m-1f-1_P47_Y-1_U78,I47_F64_m95f95_P64_Y1_UO4304,FXX,0,0.0,0,0,0.0,0,0,0,0.0,0.625,1,P46_CV0,2,0,2,0,2,0,2,0,2
81,-323068.7436,-1221387.185,Age0_F81_m47f47_P81_Y7_UO2382,I47_F81_m-1f-1_P47_Y-1_U16,I47_F81_m-1f-1_P47_Y-1_U145,MXY,0,0.0,0,0,0.0,0,0,0,0.0,0.75,1,P46_CV0,2,1,1,1,1,0,2,0,2
81,-323068.7436,-1221387.185,Age0_F81_m47f47_P81_Y7_UO2384,I47_F81_m-1f-1_P47_Y-1_U38,I47_F81_m47f47_P81_Y2_UO2377,FXX,0,0.0,0,0,0.0,0,0,0,0.0,0.375,1,P46_CV0,2,2,0,1,1,0,2,0,2
81,-323068.7436,-1221387.185,Age0_F81_m47f47_P81_Y7_UO2386,I47_F81_m-1f-1_P47_Y-1_U157,I47_F64_m-1f-1_P47_Y-1_U172,FXX,0,0.0,0,0,0.0,0,0,0,0.0,0.5,1,P46_CV0,2,1,1,1,1,0,2,0,2
81,-323068.7436,-1221387.185,Age0_F81_m47f47_P81_Y7_UO2388,ID47_F64_m-1f-1_P17_Y-1_U120,I47_F81_m-1f-1_P47_Y-1_U145,FXX,0,0.0,0,0,0.0,0,0,0,0.0,0.25,1,P46_CV0,2,0,2,1,1,0,2,0,2
81,-323068.7436,-1221387.185,Age0_F81_m47f47_P81_Y7_UO2389,I47_F81_m-1f-1_P47_Y-1_U220,I47_F81_m-1f-1_P47_Y-1_U215,MXY,0,0.0,0,0,0.0,0,0,0,0.0,0.5,1,P46_CV0,2,2,0,1,1,0,2,0,2
81,-323068.7436,-1221387.185,Age0_F81_m47f47_P81_Y7_UO2390,I47_F81_m-1f-1_P47_Y-1_U244,ID47_F64_m-1f-1_P47_Y-1_U55,FXX,0,0.0,0,0,0.0,0,0,0,0.0,0.5,1,P46_CV0,2,1,1,1,1,0,2,0,2
81,-323068.7436,-1221387.185,Age0_F81_m47f47_P81_Y7_UO2392,I47_F81_m-1f-1_P47_Y-1_U92,I47_F64_m-1f-1_P47_Y-1_U31,FXX,0,0.0,0,0,0.0,0,0,0,0.0,0.25,1,P46_CV0,2,0,2,1,1,0,2,0,2
81,-323068.7436,-1221387.185,Age0_F81_m47f47_P81_Y7_UO2393,I47_F81_m-1f-1_P47_Y-1_U161,I47_F81_m-1f-1_P47_Y-1_U215,MXY,0,0.0,0,0,0.0,0,0,0,0.0,0.5,1,P46_CV0,2,0,2,2,0,0,2,0,2
81,-323068.7436,-1221387.185,Age0_F81_m47f47_P81_Y7_UO2394,ID47_F64_m-1f-1_P47_Y-1_U140,I47_F81_m-1f-1_P47_Y-1_U197,FXX,0,0.0,0,0,0.0,0,0,0,0.0,0.5,1,P46_CV0,2,2,0,1,1,0,2,0,2
81,-323068.7436,-1221387.185,Age0_F81_m80f80_P81_Y7_UO3690,I80_F81_m47f47_P81_Y5_UO2356,I80_F72_m47f47_P81_Y1_UO2218,FXX,0,0.0,0,0,0.0,0,0,0,0.0,0.75,1,P46_CV0,2,1,1,0,2,0,2,0,2
81,-323068.7436,-1221387.185,Age0_F81_m80f80_P81_Y7_UO3698,ID80_F81_m58f58_P81_Y5_UO2734,ID80_F81_m58f58_P81_Y1_UO2638,MXY,0,0.0,0,0,0.0,0,0,0,0.0,0.875,1,P46_CV0,2,2,0,1,1,0,2,0,2
81,-323068.7436,-1221387.185,Age0_F81_m80f80_P81_Y7_UO3705,I80_F81_m5f5_P81_Y5_UO364,I80_F72_m5f5_P81_Y5_UO340,MXY,0,0.0,0,0,0.0,0,0,0,0.0,0.4375,1,P46_CV0,2,2,0,1,1,0,2,0,2
81,-323068.7436,-1221387.185,Age0_F81_m80f80_P81_Y7_UO3718,I80_F72_m47f47_P81_Y4_UO2327,I80_F81_m5f5_P81_Y5_UO366,MXY,0,0.0,0,0,0.0,0,0,0,0.0,0.125,1,P46_CV0,2,0,2,1,1,0,2,0,2
81,-323068.7436,-1221387.185,Age0_F81_m80f80_P81_Y7_UO3724,ID80_F81_m58f58_P81_Y4_UO2732,I80_F81_m47f47_P81_Y1_UO2215,FXX,0,0.0,0,0,0.0,0,0,0,0.0,0.5,1,P46_CV0,2,0,2,1,1,0,2,0,2
81,-323068.7436,-1221387.185,Age0_F81_m80f80_P81_Y7_UO3729,I80_F81_m5f5_P81_Y4_UO303,I80_F72_m-1f-1_P80_Y-1_U209,MXY,0,0.0,0,0,0.0,0,0,0,0.0,0.8125,1,P46_CV0,2,1,1,1,1,0,2,0,2
81,-323068.7436,-1221387.185,Age0_F81_m80f80_P81_Y7_UO3737,ID80_F81_m47f47_P81_Y3_UO2334,I80_F81_m-1f-1_P80_Y-1_U46,MXY,0,0.0,0,0,0.0,0,0,0,0.0,0.125,1,P46_CV0,2,1,1,0,2,0,2,0,2
81,-323068.7436,-1221387.185,Age0_F81_m80f80_P81_Y7_UO3742,ID80_F72_m47f47_P81_Y3_UO2312,ID80_F81_m80f80_P81_Y5_UO3752,FXX,0,0.0,0,0,0.0,0,0,0,0.0,0.5,1,P46_CV0,2,2,0,0,2,0,2,0,2
81,-323068.7436,-1221387.185,Age0_F81_m80f80_P81_Y7_UO3745,I80_F81_m47f47_P81_Y3_UO2322,I80_F81_m80f80_P72_Y5_UO3660,FXX,0,0.0,0,0,0.0,0,0,0,0.0,0.84375,1,P46_CV0,2,2,0,0,2,0,2,0,2
81,-323068.7436,-1221387.185,Age0_F81_m80f80_P81_Y7_UO3760,I80_F81_m5f5_P81_Y2_UO295,I80_F81_m47f47_P81_Y4_UO2287,FXX,0,0.0,0,0,0.0,0,0,0,0.0,0.3125,1,P46_CV0,2,1,1,2,0,0,2,0,2
81,-323068.7436,-1221387.185,Age0_F81_m80f80_P81_Y7_UO3765,I80_F81_m47f47_P81_Y2_UO2320,I80_F81_m47f47_P81_Y0_UO2504,FXX,0,0.0,0,0,0.0,0,0,0,0.0,0.625,1,P46_CV0,2,2,0,2,0,0,2,0,2
81,-323068.7436,-1221387.185,Age0_F81_m80f80_P81_Y7_UO3768,I80_F81_m47f47_P81_Y1_UO2170,I80_F72_m5f5_P81_Y5_UO340,MXY,0,0.0,0,0,0.0,0,0,0,0.0,0.5,1,P46_CV0,2,1,1,1,1,0,2,0,2
81,-323068.7436,-1221387.185,Age0_F81_m94f94_P81_Y7_UO4442,I94_F81_m47f47_P81_Y4_UO2339,ID94_F81_m58f58_P81_Y1_UO2683,FXX,0,0.0,0,0,0.0,0,0,0,0.0,0.375,1,P46_CV0,2,1,1,2,0,0,2,0,2
81,-323068.7436,-1221387.185,Age0_F81_m94f94_P81_Y7_UO4450,I94_F81_m5f5_P72_Y3_UO314,ID94_F99_m92f92_P99_Y3_UO4331,MXY,0,0.0,0,0,0.0,0,0,0,0.0,0.4375,1,P46_CV0,2,1,1,1,1,0,2,0,2
81,-323068.7436,-1221387.185,Age0_F81_m94f94_P81_Y7_UO4456,I94_F28_m47f47_P81_Y2_UO2378,ID94_F81_m47f47_P81_Y0_UO2488,MXY,0,0.0,0,0,0.0,0,0,0,0.0,0.75,1,P46_CV0,2,0,2,0,2,0,2,0,2
81,-323068.7436,-1221387.185,Age0_F81_m94f94_P81_Y7_UO4477,I94_F81_m-1f-1_P40_Y-1_U146,I94_F81_m47f47_P81_Y5_UO2349,MXY,0,0.0,0,0,0.0,0,0,0,0.0,0.5,1,P46_CV0,2,2,0,2,0,0,2,0,2
81,-323068.7436,-1221387.185,E81_F5_m5f5_P81_Y6_UO299,I5_F72_m80f80_P81_Y4_UO3662,I5_F81_m47f47_P81_Y4_UO2293,MXY,1,0.0,1,1,0.0,0,0,0,-9999.0,0.5,1,P46_CV0,2,2,0,1,1,0,2,0,2
81,-323068.7436,-1221387.185,E81_F5_m5f5_P81_Y6_UO306,I5_F81_m5f5_P81_Y4_UO288,I5_F72_m47f47_P81_Y4_UO2289,FXX,1,0.0,1,1,1.0,0,0,0,-9999.0,0.375,1,P46_CV0,2,1,1,1,1,0,2,0,2
81,-323068.7436,-1221387.185,E81_F5_m5f5_P81_Y6_UO329,I5_F81_m47f47_P81_Y4_UO2317,I5_F72_m94f94_P81_Y1_UO4180,FXX,1,0.0,1,1,1.0,0,0,0,-9999.0,0.3125,1,P46_CV0,2,0,2,0,2,0,2,0,2
81,-323068.7436,-1221387.185,E81_F5_m5f5_P81_Y6_UO348,I5_F81_m5f5_P81_Y3_UO292,I5_F81_m47f47_P81_Y2_UO2352,MXY,1,0.0,1,1,0.0,0,0,0,-9999.0,0.5,1,P46_CV0,2,1,1,2,0,0,2,0,2
81,-323068.7436,-1221387.185,E81_F5_m5f5_P81_Y6_UO371,I5_F81_m5f5_P81_Y2_UO326,I5_F81_m47f47_P81_Y2_UO2352,MXY,1,0.0,1,1,0.0,0,0,0,-9999.0,0.5,1,P46_CV0,2,2,0,2,0,0,2,0,2
81,-323068.7436,-1221387.185,E81_F5_m47f47_P81_Y6_UO2367,ID47_F81_m95f95_P64_Y1_UO4341,I47_F81_m-1f-1_P47_Y-1_U215,FXX,1,0.0,1,1,1.0,0,0,0,-9999.0,0.5,1,P46_CV0,2,1,1,1,1,0,2,0,2
81,-323068.7436,-1221387.185,E81_F5_m47f47_P81_Y6_UO2369,I47_F64_m94f94_P91_Y0_UO4694,I47_F81_m-1f-1_P47_Y-1_U246,FXX,1,0.0,1,1,1.0,0,0,0,-9999.0,0.375,1,P46_CV0,2,1,1,1,1,0,2,0,2
81,-323068.7436,-1221387.185,E81_F5_m47f47_P81_Y6_UO2371,I47_F64_m-1f-1_P47_Y-1_U84,I47_F81_m-1f-1_P47_Y-1_U215,MXY,1,0.0,1,1,0.0,0,0,0,-9999.0,0.5,1,P46_CV0,2,2,0,2,0,0,2,0,2
81,-323068.7436,-1221387.185,E81_F5_m47f47_P81_Y6_UO2375,I47_F81_m-1f-1_P47_Y-1_U62,I47_F64_m-1f-1_P47_Y-1_U56,MXY,1,0.0,1,1,0.0,0,0,0,-9999.0,0.25,1,P46_CV0,2,0,2,1,1,0,2,0,2
81,-323068.7436,-1221387.185,E81_F5_m47f47_P81_Y6_UO2385,I47_F81_m-1f-1_P47_Y-1_U16,ID47_F64_m17f17_P64_Y2_UO986,FXX,1,0.0,1,1,1.0,0,0,0,-9999.0,0.875,1,P46_CV0,2,1,1,1,1,0,2,0,2
81,-323068.7436,-1221387.185,E81_F5_m47f47_P81_Y6_UO2393,I47_F81_m-1f-1_P47_Y-1_U244,I47_F81_m-1f-1_P47_Y-1_U215,MXY,1,0.0,1,1,0.0,0,0,0,-9999.0,0.5,1,P46_CV0,2,2,0,2,0,0,2,0,2
81,-323068.7436,-1221387.185,E81_F5_m47f47_P81_Y6_UO2395,I47_F64_m-1f-1_P47_Y-1_U161,I47_F81_m-1f-1_P47_Y-1_U211,MXY,1,0.0,1,1,0.0,0,0,0,-9999.0,0.5,1,P46_CV0,2,1,1,2,0,0,2,0,2
81,-323068.7436,-1221387.185,E81_F5_m47f47_P81_Y6_UO2397,I47_F81_m-1f-1_P47_Y-1_U92,I47_F81_m16f16_P59_Y2_UO916,FXX,1,0.0,1,1,1.0,0,0,0,-9999.0,0.1875,1,P46_CV0,2,1,1,2,0,0,2,0,2
81,-323068.7436,-1221387.185,E81_F5_m47f47_P81_Y6_UO2399,ID47_F81_m-1f-1_P47_Y-1_U86,I47_F81_m-1f-1_P47_Y-1_U3,FXX,1,0.0,1,1,1.0,0,0,0,-9999.0,0.5,1,P46_CV0,2,1,1,1,1,0,2,0,2
81,-323068.7436,-1221387.185,E81_F5_m47f47_P81_Y6_UO2403,I47_F64_m-1f-1_P47_Y-1_U116,I47_F81_m-1f-1_P47_Y-1_U88,MXY,1,0.0,1,1,0.0,0,0,0,-9999.0,0.5,1,P46_CV0,2,1,1,2,0,0,2,0,2
81,-323068.7436,-1221387.185,E81_F5_m58f58_P81_Y6_UO2755,I58_F99_m47f47_P81_Y0_UO2510,ID58_F81_m-1f-1_P5_Y-1_U12,MXY,1,0.0,1,1,0.0,0,0,0,-9999.0,0.0,1,P46_CV0,2,0,2,0,2,0,2,0,2
81,-323068.7436,-1221387.185,E81_F5_m80f80_P81_Y6_UO3699,ID80_F81_m94f94_P81_Y4_UO4403,I80_F81_m47f47_P81_Y4_UO2287,MXY,1,0.0,1,1,0.0,0,0,0,-9999.0,0.5,1,P46_CV0,2,2,0,2,0,0,2,0,2
81,-323068.7436,-1221387.185,E81_F5_m80f80_P81_Y6_UO3701,I80_F81_m58f58_P81_Y4_UO2730,I80_F81_m80f80_P72_Y4_UO3639,MXY,1,0.0,1,1,0.0,0,0,0,-9999.0,0.5625,1,P46_CV0,2,1,1,1,1,0,2,0,2
81,-323068.7436,-1221387.185,E81_F5_m80f80_P81_Y6_UO3710,I80_F81_m94f94_P81_Y4_UO4448,I80_F81_m47f47_P81_Y2_UO2322,FXX,1,0.0,1,1,1.0,0,0,0,-9999.0,0.375,1,P46_CV0,2,1,1,2,0,0,2,0,2
81,-323068.7436,-1221387.185,E81_F5_m80f80_P81_Y6_UO3809,I80_F81_m-1f-1_P5_Y-1_U72,I80_F81_m5f5_P81_Y3_UO312,MXY,1,0.0,1,1,0.0,0,0,0,-9999.0,0.4375,1,P46_CV0,2,1,1,2,0,0,2,0,2
81,-323068.7436,-1221387.185,E81_F5_m94f94_P81_Y6_UO4463,I94_F81_m47f47_P81_Y4_UO2339,I94_F81_m-1f-1_P58_Y-1_U14,FXX,1,0.0,1,1,1.0,0,0,0,-9999.0,0.5,1,P46_CV0,2,2,0,1,1,0,2,0,2
81,-323068.7436,-1221387.185,E81_F5_m94f94_P81_Y6_UO4466,I94_F81_m5f5_P72_Y3_UO314,I94_F81_m-1f-1_P50_Y-1_U214,MXY,1,0.0,1,1,0.0,0,0,0,-9999.0,0.8125,1,P46_CV0,2,2,0,1,1,0,2,0,2
81,-323068.7436,-1221387.185,E81_F5_m94f94_P81_Y6_UO4467,I94_F81_m5f5_P81_Y3_UO326,ID94_F81_m-1f-1_P94_Y-1_U141,MXY,1,0.0,1,1,0.0,0,0,0,-9999.0,0.375,1,P46_CV0,2,1,1,1,1,0,2,0,2
81,-323068.7436,-1221387.185,E81_F5_m94f94_P81_Y6_UO4507,I94_F99_m-1f-1_P58_Y-1_U22,I94_F81_m47f47_P81_Y0_UO2434,MXY,1,0.0,1,1,0.0,0,0,0,-9999.0,0.375,1,P46_CV0,2,0,2,2,0,0,2,0,2
81,-323068.7436,-1221387.185,E81_F5_m95f95_P81_Y6_UO4577,I95_F64_m-1f-1_P95_Y-1_U208,I95_F64_m3f3_P64_Y3_UO100,FXX,1,0.0,1,1,1.0,0,0,0,-9999.0,0.1875,1,P46_CV0,2,0,2,2,0,0,2,0,2
81,-323068.7436,-1221387.185,E81_F58_m47f47_P81_Y6_UO2398,I47_F81_m-1f-1_P47_Y-1_U182,ID47_F64_m95f95_P64_Y1_UO4304,FXX,1,0.0,1,1,1.0,0,0,0,-9999.0,0.375,1,P46_CV0,2,0,2,1,1,0,2,0,2
81,-323068.7436,-1221387.185,E81_F80_m5f5_P72_Y6_UO377,I5_F81_m94f94_P81_Y1_UO4207,I5_F81_m80f80_P72_Y4_UO3730,MXY,1,0.0,1,1,0.0,0,0,0,-9999.0,0.5625,1,P46_CV0,2,1,1,2,0,0,2,0,2
81,-323068.7436,-1221387.185,E81_F80_m80f80_P72_Y6_UO3758,I80_F72_m47f47_P81_Y2_UO2338,I80_F81_m80f80_P72_Y1_UO3520,FXX,1,0.0,1,1,1.0,0,0,0,-9999.0,0.5,1,P46_CV0,2,1,1,2,0,0,2,0,2
81,-323068.7436,-1221387.185,E81_F80_m80f80_P72_Y6_UO3783,I80_F72_m80f80_P81_Y0_UO3945,ID80_F72_m47f47_P81_Y4_UO2338,MXY,1,0.0,1,1,0.0,0,0,0,-9999.0,0.25,1,P46_CV0,2,0,2,0,2,0,2,0,2
81,-323068.7436,-1221387.185,E81_F80_m5f5_P81_Y6_UO319,I5_F81_m5f5_P81_Y4_UO278,I5_F72_m47f47_P81_Y4_UO2307,MXY,1,0.0,1,1,0.0,0,0,0,-9999.0,0.6875,1,P46_CV0,2,1,1,1,1,0,2,0,2
81,-323068.7436,-1221387.185,E81_F80_m5f5_P81_Y6_UO320,ID5_F81_m58f58_P81_Y4_UO2732,I5_F81_m47f47_P81_Y0_UO2497,FXX,1,0.0,1,1,1.0,0,0,0,-9999.0,0.25,1,P46_CV0,2,0,2,0,2,0,2,0,2
81,-323068.7436,-1221387.185,E81_F80_m5f5_P81_Y6_UO322,I5_F81_m80f80_P81_Y4_UO3689,ID5_F81_m47f47_P81_Y4_UO2288,FXX,1,0.0,1,1,1.0,0,0,0,-9999.0,0.4375,1,P46_CV0,2,1,1,1,1,0,2,0,2
81,-323068.7436,-1221387.185,E81_F80_m5f5_P81_Y6_UO358,I5_F81_m80f80_P72_Y3_UO3647,I5_F81_m80f80_P72_Y4_UO3730,FXX,1,0.0,1,1,1.0,0,0,0,-9999.0,0.375,1,P46_CV0,2,0,2,1,1,0,2,0,2
81,-323068.7436,-1221387.185,E81_F80_m5f5_P81_Y6_UO388,I5_F72_m5f5_P81_Y0_UO318,I5_F81_m80f80_P72_Y4_UO3730,FXX,1,0.0,1,1,1.0,0,0,0,-9999.0,0.3125,1,P46_CV0,2,0,2,1,1,0,2,0,2
81,-323068.7436,-1221387.185,E81_F80_m47f47_P81_Y6_UO2365,I47_F81_m80f80_P81_Y3_UO3693,I47_F81_m-1f-1_P47_Y-1_U184,MXY,1,0.0,1,1,0.0,0,0,0,-9999.0,0.4375,1,P46_CV0,2,1,1,1,1,0,2,0,2
81,-323068.7436,-1221387.185,E81_F80_m47f47_P81_Y6_UO2372,I47_F64_m-1f-1_P47_Y-1_U57,I47_F81_m-1f-1_P17_Y-1_U180,FXX,1,0.0,1,1,1.0,0,0,0,-9999.0,0.75,1,P46_CV0,2,1,1,1,1,0,2,0,2
81,-323068.7436,-1221387.185,E81_F80_m47f47_P81_Y6_UO2394,I47_F81_m-1f-1_P47_Y-1_U220,I47_F81_m-1f-1_P47_Y-1_U197,MXY,1,0.0,1,1,0.0,0,0,0,-9999.0,0.5,1,P46_CV0,2,1,1,1,1,0,2,0,2
81,-323068.7436,-1221387.185,E81_F80_m47f47_P81_Y6_UO2401,I47_F64_m-1f-1_P47_Y-1_U53,I47_F81_m-1f-1_P47_Y-1_U215,MXY,1,0.0,1,1,0.0,0,0,0,-9999.0,0.5,1,P46_CV0,2,1,1,2,0,0,2,0,2
81,-323068.7436,-1221387.185,E81_F80_m58f58_P81_Y6_UO2745,I58_F81_m47f47_P81_Y2_UO2335,I58_F99_m-1f-1_P58_Y-1_U242,FXX,1,0.0,1,1,1.0,0,0,0,-9999.0,0.125,1,P46_CV0,2,0,2,1,1,0,2,0,2
81,-323068.7436,-1221387.185,E81_F80_m80f80_P81_Y6_UO3715,I80_F81_m80f80_P72_Y4_UO3679,ID80_F81_m47f47_P72_Y1_UO2213,FXX,1,0.0,1,1,1.0,0,0,0,-9999.0,0.5,1,P46_CV0,2,1,1,2,0,0,2,0,2
81,-323068.7436,-1221387.185,E81_F80_m80f80_P81_Y6_UO3727,I80_F72_m80f80_P81_Y4_UO3644,I80_F81_m-1f-1_P80_Y-1_U105,MXY,1,0.0,1,1,0.0,0,0,0,-9999.0,0.21875,1,P46_CV0,2,0,2,1,1,0,2,0,2
81,-323068.7436,-1221387.185,E81_F80_m80f80_P81_Y6_UO3775,I80_F81_m58f58_P81_Y1_UO2630,I80_F81_m5f5_P81_Y3_UO312,MXY,1,0.0,1,1,0.0,0,0,0,-9999.0,0.4375,1,P46_CV0,2,0,2,1,1,0,2,0,2
81,-323068.7436,-1221387.185,E81_F94_m80f80_P81_Y6_UO3697,ID80_F81_m5f5_P81_Y4_UO303,I80_F81_m5f5_P72_Y2_UO367,MXY,1,0.0,1,1,0.0,0,0,0,-9999.0,0.8125,1,P46_CV0,2,1,1,2,0,0,2,0,2
81,-323068.7436,-1221387.185,E81_F94_m80f80_P81_Y6_UO3749,I80_F72_m47f47_P81_Y3_UO2322,I80_F72_m80f80_P72_Y4_UO3708,MXY,1,0.0,1,1,0.0,0,0,0,-9999.0,0.59375,1,P46_CV0,2,1,1,1,1,0,2,0,2
81,-323068.7436,-1221387.185,E81_F95_m17f17_P64_Y6_UO1006,I17_F64_m95f95_P64_Y0_UO4894,I17_F59_m47f47_P64_Y3_UO2340,FXX,1,0.0,1,1,1.0,0,0,0,-9999.0,0.5,1,P46_CV0,2,2,0,1,1,0,2,0,2
81,-323068.7436,-1221387.185,E81_F95_m95f95_P91_Y6_UO4580,ID95_F64_m-1f-1_P17_Y-1_U63,I95_F64_m47f47_P64_Y2_UO2364,FXX,1,0.0,1,1,1.0,0,0,0,-9999.0,0.125,1,P46_CV0,2,0,2,1,1,0,2,0,2
81,-323068.7436,-1221387.185,E81_F5_m47f47_P81_Y5_UO2324,ID47_F64_m95f95_P64_Y2_UO4531,I47_F81_m-1f-1_P47_Y-1_U215,MXY,2,0.0,1,0,0.0,0,0,0,-9999.0,0.5,1,P46_CV0,2,2,0,1,1,0,2,0,2
81,-323068.7436,-1221387.185,E81_F5_m47f47_P81_Y5_UO2369,I47_F81_m-1f-1_P47_Y-1_U77,I47_F81_m-1f-1_P47_Y-1_U5,FXX,2,0.0,1,0,1.0,0,0,0,-9999.0,1.0,1,P46_CV0,2,2,0,1,1,0,2,0,2
81,-323068.7436,-1221387.185,E81_F5_m5f5_P81_Y5_UO347,ID5_F72_m80f80_P81_Y2_UO3656,ID5_F81_m47f47_P81_Y3_UO2338,MXY,2,0.0,1,0,0.0,0,0,0,-9999.0,0.6875,1,P46_CV0,2,1,1,2,0,0,2,0,2
81,-323068.7436,-1221387.185,E81_F5_m47f47_P81_Y5_UO2352,ID47_F81_m-1f-1_P47_Y-1_U16,I47_F81_m-1f-1_P47_Y-1_U56,FXX,2,0.0,1,0,1.0,0,0,0,-9999.0,0.5,1,P46_CV0,2,1,1,0,2,0,2,0,2
81,-323068.7436,-1221387.185,E81_F5_m47f47_P81_Y5_UO2347,I47_F81_m-1f-1_P17_Y-1_U75,I47_F81_m-1f-1_P47_Y-1_U226,FXX,2,0.0,1,0,1.0,0,0,0,-9999.0,0.75,1,P46_CV0,2,2,0,1,1,0,2,0,2
81,-323068.7436,-1221387.185,E81_F5_m5f5_P81_Y5_UO399,I5_F81_m-1f-1_P47_Y-1_U101,I5_F81_m5f5_P81_Y3_UO279,MXY,2,0.0,1,0,0.0,0,0,0,-9999.0,0.625,1,P46_CV0,2,1,1,1,1,0,2,0,2
81,-323068.7436,-1221387.185,E81_F80_m5f5_P81_Y5_UO340,I5_F81_m94f94_P81_Y2_UO4436,I5_F81_m47f47_P81_Y2_UO2344,MXY,2,0.0,1,0,0.0,0,0,0,-9999.0,0.5,1,P46_CV0,2,1,1,1,1,0,2,0,2
81,-323068.7436,-1221387.185,E81_F80_m47f47_P81_Y5_UO2356,I47_F81_m-1f-1_P47_Y-1_U220,I47_F81_m-1f-1_P47_Y-1_U5,FXX,2,0.0,1,0,1.0,0,0,0,-9999.0,0.75,1,P46_CV0,2,1,1,0,2,0,2,0,2
81,-323068.7436,-1221387.185,E81_F80_m47f47_P81_Y5_UO2338,I47_F64_m-1f-1_P47_Y-1_U193,I47_F81_m-1f-1_P47_Y-1_U172,FXX,2,0.0,1,0,1.0,0,0,0,-9999.0,0.75,1,P46_CV0,2,2,0,1,1,0,2,0,2
81,-323068.7436,-1221387.185,E81_F80_m58f58_P81_Y5_UO2734,ID58_F81_m47f47_P81_Y0_UO2475,I58_F81_m-1f-1_P80_Y-1_U30,FXX,2,0.0,1,0,1.0,0,0,0,-9999.0,0.75,1,P46_CV0,2,2,0,0,2,0,2,0,2
81,-323068.7436,-1221387.185,E81_F80_m94f94_P81_Y5_UO4420,ID94_F64_m17f17_P64_Y2_UO1032,ID94_F81_m-1f-1_P94_Y-1_U189,FXX,2,0.0,1,0,1.0,0,0,0,-9999.0,0.5625,1,P46_CV0,2,1,1,2,0,0,2,0,2
81,-323068.7436,-1221387.185,E81_F80_m5f5_P81_Y5_UO364,I5_F81_m47f47_P81_Y1_UO2247,I5_F81_m-1f-1_P5_Y-1_U172,FXX,2,0.0,1,0,1.0,0,0,0,-9999.0,0.375,1,P46_CV0,2,1,1,0,2,0,2,0,2
81,-323068.7436,-1221387.185,E81_F80_m47f47_P81_Y5_UO2331,ID47_F81_m-1f-1_P47_Y-1_U7,I47_F81_m-1f-1_P47_Y-1_U199,MXY,2,0.0,1,0,0.0,0,0,0,-9999.0,0.5,1,P46_CV0,2,1,1,2,0,0,2,0,2
81,-323068.7436,-1221387.185,E81_F94_m47f47_P81_Y5_UO2349,I47_F81_m-1f-1_P47_Y-1_U249,ID47_F81_m-1f-1_P47_Y-1_U211,MXY,2,0.0,1,0,0.0,0,0,0,-9999.0,0.5,1,P46_CV0,2,1,1,2,0,0,2,0,2
81,-323068.7436,-1221387.185,E81_F94_m47f47_P81_Y5_UO2355,I47_F64_m-1f-1_P47_Y-1_U244,I47_F81_m-1f-1_P47_Y-1_U197,FXX,2,0.0,1,0,1.0,0,0,0,-9999.0,0.5,1,P46_CV0,2,1,1,1,1,0,2,0,2
81,-323068.7436,-1221387.185,E81_F5_m47f47_P81_Y4_UO2336,I47_F64_m-1f-1_P47_Y-1_U17,I47_F81_m-1f-1_P47_Y-1_U247,FXX,3,0.0,1,0,1.0,0,0,0,-9999.0,0.75,1,P46_CV0,2,1,1,2,0,0,2,0,2
81,-323068.7436,-1221387.185,E81_F5_m80f80_P81_Y4_UO3700,I80_F81_m80f80_P81_Y0_UO3973,I80_F81_m47f47_P81_Y2_UO2322,FXX,3,0.0,1,0,1.0,0,0,0,-9999.0,0.375,1,P46_CV0,2,0,2,2,0,0,2,0,2
81,-323068.7436,-1221387.185,E81_F5_m47f47_P81_Y4_UO2297,I47_F81_m-1f-1_P47_Y-1_U13,I47_F81_m-1f-1_P47_Y-1_U119,MXY,3,0.0,1,0,0.0,0,0,0,-9999.0,0.75,1,P46_CV0,2,2,0,0,2,0,2,0,2
81,-323068.7436,-1221387.185,E81_F5_m47f47_P81_Y4_UO2298,I47_F81_m-1f-1_P47_Y-1_U221,I47_F64_m-1f-1_P47_Y-1_U88,FXX,3,0.0,1,0,1.0,0,0,0,-9999.0,0.25,1,P46_CV0,2,0,2,1,1,0,2,0,2
81,-323068.7436,-1221387.185,E81_F5_m80f80_P72_Y4_UO3672,ID80_F81_m47f47_P81_Y1_UO2194,ID80_F81_m94f94_P81_Y1_UO4217,FXX,3,0.0,1,0,1.0,0,0,0,-9999.0,0.375,1,P46_CV0,2,1,1,0,2,0,2,0,2
81,-323068.7436,-1221387.185,E81_F5_m47f47_P81_Y4_UO2317,I47_F81_m-1f-1_P47_Y-1_U212,ID47_F81_m47f47_P64_Y0_UO2507,FXX,3,0.0,1,0,1.0,0,0,0,-9999.0,0.375,1,P46_CV0,2,1,1,1,1,0,2,0,2
81,-323068.7436,-1221387.185,E81_F80_m47f47_P81_Y4_UO2287,I47_F81_m17f17_P64_Y1_UO897,I47_F81_m-1f-1_P47_Y-1_U201,MXY,3,0.0,1,0,0.0,0,0,0,-9999.0,0.375,1,P46_CV0,2,1,1,1,1,0,2,0,2
81,-323068.7436,-1221387.185,E81_F80_m47f47_P81_Y4_UO2327,I47_F81_m-1f-1_P47_Y-1_U24,I47_F81_m-1f-1_P47_Y-1_U121,FXX,3,0.0,1,0,1.0,0,0,0,-9999.0,0.25,1,P46_CV0,2,0,2,0,2,0,2,0,2
81,-323068.7436,-1221387.185,E81_F80_m5f5_P81_Y4_UO304,ID5_F72_m47f47_P81_Y2_UO2373,I5_F81_m94f94_P81_Y2_UO4393,MXY,3,0.0,1,0,0.0,0,0,0,-9999.0,0.25,1,P46_CV0,2,0,2,2,0,0,2,0,2
81,-323068.7436,-1221387.185,E81_F80_m47f47_P81_Y4_UO2338,I47_F64_m-1f-1_P47_Y-1_U178,ID47_F64_m95f95_P64_Y0_UO4887,MXY,3,0.0,1,0,0.0,0,0,0,-9999.0,0.25,1,P46_CV0,2,0,2,0,2,0,2,0,2
81,-323068.7436,-1221387.185,E81_F80_m5f5_P81_Y4_UO303,I5_F81_m5f5_P81_Y2_UO298,ID5_F81_m47f47_P81_Y2_UO2352,FXX,3,0.0,1,0,1.0,0,0,0,-9999.0,0.625,1,P46_CV0,2,0,2,2,0,0,2,0,2
81,-323068.7436,-1221387.185,E81_F94_m47f47_P81_Y4_UO2339,I47_F81_m-1f-1_P47_Y-1_U213,I47_F81_m-1f-1_P47_Y-1_U99,FXX,3,0.0,1,0,1.0,0,0,0,-9999.0,0.5,1,P46_CV0,2,2,0,2,0,0,2,0,2
81,-323068.7436,-1221387.185,E81_F5_m47f47_P81_Y3_UO2348,I47_F64_m-1f-1_P47_Y-1_U27,I47_F81_m-1f-1_P47_Y-1_U75,MXY,4,0.0,1,0,0.0,0,0,0,-9999.0,0.75,1,P46_CV0,2,2,0,0,2,0,2,0,2
81,-323068.7436,-1221387.185,E81_F80_m47f47_P81_Y3_UO2334,I47_F81_m-1f-1_P47_Y-1_U244,I47_F81_m-1f-1_P47_Y-1_U121,FXX,4,0.0,1,0,1.0,0,0,0,-9999.0,0.25,1,P46_CV0,2,1,1,1,1,0,2,0,2
81,-323068.7436,-1221387.185,E81_F80_m47f47_P81_Y3_UO2312,I47_F81_m-1f-1_P47_Y-1_U236,I47_F81_m-1f-1_P47_Y-1_U224,FXX,4,0.0,1,0,1.0,0,0,0,-9999.0,0.25,1,P46_CV0,2,1,1,0,2,0,2,0,2
81,-323068.7436,-1221387.185,E81_F80_m47f47_P81_Y3_UO2322,I47_F81_m-1f-1_P47_Y-1_U171,I47_F81_m-1f-1_P47_Y-1_U210,FXX,4,0.0,1,0,1.0,0,0,0,-9999.0,0.75,1,P46_CV0,2,2,0,1,1,0,2,0,2
81,-323068.7436,-1221387.185,E81_F94_m5f5_P72_Y3_UO314,I5_F81_m58f58_P81_Y0_UO2943,I5_F72_m47f47_P72_Y1_UO2213,FXX,4,0.0,1,0,1.0,0,0,0,-9999.0,0.625,1,P46_CV0,2,2,0,1,1,0,2,0,2
81,-323068.7436,-1221387.185,E81_F5_m80f80_P81_Y2_UO3656,ID80_F81_m47f47_P81_Y0_UO2499,I80_F81_m80f80_P72_Y0_UO4000,FXX,5,0.0,1,0,1.0,0,0,0,-9999.0,0.375,1,P46_CV0,2,1,1,1,1,0,2,0,2
81,-323068.7436,-1221387.185,E81_F5_m5f5_P81_Y2_UO321,I5_F81_m47f47_P81_Y0_UO2468,I5_F81_m80f80_P72_Y0_UO4014,MXY,5,0.0,1,0,0.0,0,0,0,-9999.0,0.375,1,P46_CV0,2,1,1,1,1,0,2,0,2
81,-323068.7436,-1221387.185,E81_F5_m47f47_P81_Y2_UO2319,I47_F81_m-1f-1_P47_Y-1_U36,I47_F81_m-1f-1_P47_Y-1_U199,MXY,5,0.0,1,0,0.0,0,0,0,-9999.0,0.5,1,P46_CV0,2,1,1,1,1,0,2,0,2
81,-323068.7436,-1221387.185,E81_F80_m47f47_P81_Y2_UO2337,I47_F81_m-1f-1_P47_Y-1_U38,I47_F59_m-1f-1_P47_Y-1_U2,MXY,5,0.0,1,0,0.0,0,0,0,-9999.0,0.5,1,P46_CV0,2,2,0,1,1,0,2,0,2
81,-323068.7436,-1221387.185,E81_F80_m47f47_P81_Y2_UO2320,I47_F64_m-1f-1_P47_Y-1_U185,I47_F81_m-1f-1_P47_Y-1_U224,FXX,5,0.0,1,0,1.0,0,0,0,-9999.0,0.5,1,P46_CV0,2,2,0,2,0,0,2,0,2
81,-323068.7436,-1221387.185,E81_F94_m47f47_P81_Y2_UO2378,I47_F64_m-1f-1_P47_Y-1_U213,I47_F81_m-1f-1_P47_Y-1_U68,FXX,5,0.0,1,0,1.0,0,0,0,-9999.0,0.75,1,P46_CV0,2,1,1,1,1,0,2,0,2
81,-323068.7436,-1221387.185,E81_F80_m47f47_P81_Y1_UO2170,I47_F81_m-1f-1_P47_Y-1_U153,I47_F81_m-1f-1_P47_Y-1_U195,FXX,6,0.0,1,0,1.0,0,0,0,-9999.0,0.5,1,P46_CV0,2,1,1,1,1,0,2,0,2
81,-323068.7436,-1221387.185,E81_F80_m47f47_P81_Y1_UO2218,I47_F64_m-1f-1_P47_Y-1_U52,I47_F81_m-1f-1_P47_Y-1_U111,MXY,6,0.0,1,0,0.0,0,0,0,-9999.0,0.75,1,P46_CV0,2,2,0,1,1,0,2,0,2
81,-323068.7436,-1221387.185,E81_F80_m47f47_P81_Y1_UO2215,ID47_F64_m-1f-1_P47_Y-1_U223,I47_F81_m-1f-1_P47_Y-1_U242,MXY,6,0.0,1,0,0.0,0,0,0,-9999.0,0.5,1,P46_CV0,2,1,1,2,0,0,2,0,2
81,-323068.7436,-1221387.185,E81_F5_m47f47_P81_Y0_UO2497,R47_F47_m-1f-1_P47_Y-1_U168,R47_F47_m-1f-1_P47_Y-1_U18,MXY,7,0.0,1,0,0.0,0,0,0,-9999.0,0.0,1,P46_CV0,2,0,2,0,2,0,2,0,2
81,-323068.7436,-1221387.185,E81_F58_m47f47_P81_Y0_UO2475,R47_F47_m-1f-1_P47_Y-1_U127,R47_F47_m-1f-1_P47_Y-1_U48,FXX,7,0.0,1,0,1.0,0,0,0,-9999.0,0.5,1,P46_CV0,2,1,1,0,2,0,2,0,2
81,-323068.7436,-1221387.185,E81_F80_m47f47_P81_Y0_UO2504,R47_F47_m-1f-1_P47_Y-1_U179,R47_F47_m-1f-1_P47_Y-1_U26,MXY,7,0.0,1,0,0.0,0,0,0,-9999.0,0.75,1,P46_CV0,2,1,1,2,0,0,2,0,2
81,-323068.7436,-1221387.185,E81_F94_m47f47_P81_Y0_UO2510,R47_F47_m-1f-1_P47_Y-1_U194,R47_F47_m-1f-1_P47_Y-1_U130,FXX,7,0.0,1,0,1.0,0,0,0,-9999.0,0.0,1,P46_CV0,2,0,2,1,1,0,2,0,2
81,-323068.7436,-1221387.185,E81_F47_m-1f-1_P47_Y-1_U22,-9999,-9999,FXX,8,0.0,1,0,1.0,0,0,0,-9999.0,0.0,1,P46_CV0,2,0,2,0,2,0,2,0,2
81,-323068.7436,-1221387.185,E81_F47_m-1f-1_P47_Y-1_U102,-9999,-9999,MXY,8,0.0,1,0,0.0,0,0,0,-9999.0,1.0,1,P46_CV0,2,2,0,1,1,0,2,0,2
81,-323068.7436,-1221387.185,E81_F47_m-1f-1_P47_Y-1_U57,-9999,-9999,FXX,8,0.0,1,0,1.0,0,0,0,-9999.0,0.5,1,P46_CV0,2,1,1,1,1,0,2,0,2
81,-323068.7436,-1221387.185,E81_F47_m-1f-1_P47_Y-1_U62,-9999,-9999,FXX,8,0.0,1,0,1.0,0,0,0,-9999.0,0.5,1,P46_CV0,2,1,1,0,2,0,2,0,2
81,-323068.7436,-1221387.185,E81_F47_m-1f-1_P47_Y-1_U151,-9999,-9999,FXX,9,0.0,1,0,1.0,0,0,0,-9999.0,0.0,1,P46_CV0,2,0,2,2,0,0,2,0,2
81,-323068.7436,-1221387.185,E81_F47_m-1f-1_P47_Y-1_U3,-9999,-9999,MXY,9,0.0,1,0,0.0,0,0,0,-9999.0,0.0,1,P46_CV0,2,0,2,1,1,0,2,0,2
81,-323068.7436,-1221387.185,E81_F47_m-1f-1_P47_Y-1_U171,-9999,-9999,FXX,10,0.0,1,0,1.0,0,0,0,-9999.0,0.5,1,P46_CV0,2,1,1,0,2,0,2,0,2
81,-323068.7436,-1221387.185,E81_F47_m-1f-1_P47_Y-1_U246,-9999,-9999,MXY,10,0.0,1,0,0.0,0,0,0,-9999.0,0.0,1,P46_CV0,2,0,2,1,1,0,2,0,2
81,-323068.7436,-1221387.185,E81_F47_m-1f-1_P47_Y-1_U123,-9999,-9999,MXY,10,0.0,1,0,0.0,0,0,0,-9999.0,0.0,1,P46_CV0,2,0,2,2,0,0,2,0,2
81,-323068.7436,-1221387.185,E81_F47_m-1f-1_P47_Y-1_U217,-9999,-9999,FXX,10,0.0,1,0,1.0,0,0,0,-9999.0,0.5,1,P46_CV0,2,1,1,2,0,0,2,0,2
81,-323068.7436,-1221387.185,E81_F47_m-1f-1_P47_Y-1_U56,-9999,-9999,MXY,10,0.0,1,0,0.0,0,0,0,-9999.0,0.0,1,P46_CV0,2,0,2,1,1,0,2,0,2
81,-323068.7436,-1221387.185,E81_F5_m-1f-1_P47_Y-1_U210,-9999,-9999,MXY,11,0.0,1,0,0.0,0,0,0,-9999.0,1.0,1,P46_CV0,2,2,0,2,0,0,2,0,2
81,-323068.7436,-1221387.185,E81_F47_m-1f-1_P47_Y-1_U78,-9999,-9999,FXX,11,0.0,1,0,1.0,0,0,0,-9999.0,0.5,1,P46_CV0,2,1,1,1,1,0,2,0,2
81,-323068.7436,-1221387.185,E81_F47_m-1f-1_P47_Y-1_U89,-9999,-9999,MXY,11,0.0,1,0,0.0,0,0,0,-9999.0,0.5,1,P46_CV0,2,1,1,1,1,0,2,0,2
81,-323068.7436,-1221387.185,E81_F47_m-1f-1_P47_Y-1_U16,-9999,-9999,FXX,11,0.0,1,0,1.0,0,0,0,-9999.0,1.0,1,P46_CV0,2,2,0,1,1,0,2,0,2
81,-323068.7436,-1221387.185,E81_F47_m-1f-1_P47_Y-1_U174,-9999,-9999,MXY,11,0.0,1,0,0.0,0,0,0,-9999.0,0.0,1,P46_CV0,2,0,2,1,1,0,2,0,2
81,-323068.7436,-1221387.185,E81_F47_m-1f-1_P47_Y-1_U38,-9999,-9999,FXX,11,0.0,1,0,1.0,0,0,0,-9999.0,0.5,1,P46_CV0,2,1,1,0,2,0,2,0,2
81,-323068.7436,-1221387.185,E81_F47_m-1f-1_P47_Y-1_U143,-9999,-9999,FXX,11,0.0,1,0,1.0,0,0,0,-9999.0,0.0,1,P46_CV0,2,0,2,2,0,0,2,0,2
81,-323068.7436,-1221387.185,E81_F47_m-1f-1_P47_Y-1_U23,-9999,-9999,MXY,11,0.0,1,0,0.0,0,0,0,-9999.0,0.0,1,P46_CV0,2,0,2,2,0,0,2,0,2
81,-323068.7436,-1221387.185,E81_F47_m-1f-1_P47_Y-1_U157,-9999,-9999,FXX,12,0.0,1,0,1.0,0,0,0,-9999.0,0.5,1,P46_CV0,2,1,1,2,0,0,2,0,2
81,-323068.7436,-1221387.185,E81_F47_m-1f-1_P47_Y-1_U184,-9999,-9999,MXY,12,0.0,1,0,0.0,0,0,0,-9999.0,0.5,1,P46_CV0,2,1,1,1,1,0,2,0,2
81,-323068.7436,-1221387.185,E81_F47_m-1f-1_P47_Y-1_U215,-9999,-9999,MXY,12,0.0,1,0,0.0,0,0,0,-9999.0,0.5,1,P46_CV0,2,1,1,2,0,0,2,0,2
81,-323068.7436,-1221387.185,E81_F47_m-1f-1_P47_Y-1_U220,-9999,-9999,FXX,12,0.0,1,0,1.0,0,0,0,-9999.0,0.5,1,P46_CV0,2,1,1,0,2,0,2,0,2
81,-323068.7436,-1221387.185,E81_F47_m-1f-1_P47_Y-1_U244,-9999,-9999,FXX,12,0.0,1,0,1.0,0,0,0,-9999.0,0.5,1,P46_CV0,2,1,1,2,0,0,2,0,2
81,-323068.7436,-1221387.185,E81_F47_m-1f-1_P47_Y-1_U5,-9999,-9999,MXY,12,0.0,1,0,0.0,0,0,0,-9999.0,1.0,1,P46_CV0,2,2,0,0,2,0,2,0,2
81,-323068.7436,-1221387.185,E81_F47_m-1f-1_P47_Y-1_U92,-9999,-9999,FXX,13,0.0,1,0,1.0,0,0,0,-9999.0,0.0,1,P46_CV0,2,0,2,2,0,0,2,0,2
81,-323068.7436,-1221387.185,E81_F47_m-1f-1_P47_Y-1_U161,-9999,-9999,FXX,13,0.0,1,0,1.0,0,0,0,-9999.0,0.5,1,P46_CV0,2,1,1,2,0,0,2,0,2
81,-323068.7436,-1221387.185,E81_F47_m-1f-1_P47_Y-1_U140,-9999,-9999,FXX,13,0.0,1,0,1.0,0,0,0,-9999.0,0.5,1,P46_CV0,2,1,1,2,0,0,2,0,2
81,-323068.7436,-1221387.185,E81_F47_m-1f-1_P47_Y-1_U172,-9999,-9999,MXY,14,0.0,1,0,0.0,0,0,0,-9999.0,0.5,1,P46_CV0,2,1,1,1,1,0,2,0,2
81,-323068.7436,-1221387.185,E81_F47_m-1f-1_P47_Y-1_U145,-9999,-9999,MXY,14,0.0,1,0,0.0,0,0,0,-9999.0,0.5,1,P46_CV0,2,1,1,1,1,0,2,0,2
81,-323068.7436,-1221387.185,E81_F47_m-1f-1_P47_Y-1_U0,-9999,-9999,MXY,16,0.0,1,0,0.0,0,0,0,-9999.0,0.5,1,P46_CV0,2,1,1,1,1,0,2,0,2
81,-323068.7436,-1221387.185,E81_F47_m-1f-1_P47_Y-1_U116,-9999,-9999,FXX,16,0.0,1,0,1.0,0,0,0,-9999.0,0.5,1,P46_CV0,2,1,1,1,1,0,2,0,2
81,-323068.7436,-1221387.185,Age0_F81_m50f50_P81_Y7_UO2429,I50_F99_m92f92_P99_Y4_UO4357,I50_F99_m-1f-1_P40_Y-1_U121,MXY,0,0.0,0,0,0.0,0,0,0,0.0,0.375,1,P49_CV0,2,1,1,0,2,0,2,0,2
81,-323068.7436,-1221387.185,Age0_F81_m58f58_P81_Y7_UO2733,ID58_F99_m50f50_P99_Y2_UO2453,ID58_F99_m42f42_P27_Y3_UO2003,MXY,0,0.0,0,0,0.0,0,0,0,0.0,0.5,1,P49_CV0,2,2,0,2,0,0,2,0,2
81,-323068.7436,-1221387.185,Age0_F81_m58f58_P81_Y7_UO2759,I58_F81_m-1f-1_P50_Y-1_U167,I58_F99_m-1f-1_P94_Y-1_U70,MXY,0,0.0,0,0,0.0,0,0,0,0.0,0.5,1,P49_CV0,2,1,1,0,2,0,2,0,2
81,-323068.7436,-1221387.185,Age0_F81_m80f80_P81_Y7_UO3702,I80_F81_m58f58_P72_Y5_UO2723,I80_F81_m94f94_P81_Y5_UO4455,MXY,0,0.0,0,0,0.0,0,0,0,0.0,0.40625,1,P49_CV0,2,1,1,1,1,0,2,0,2
81,-323068.7436,-1221387.185,Age0_F81_m80f80_P81_Y7_UO3790,ID80_F72_m-1f-1_P80_Y-1_U8,I80_F81_m94f94_P81_Y5_UO4455,FXX,0,0.0,0,0,0.0,0,0,0,0.0,0.5,1,P49_CV0,2,1,1,1,1,0,2,0,2
81,-323068.7436,-1221387.185,Age0_F81_m94f94_P81_Y7_UO4449,I94_F98_m50f50_P99_Y3_UO2379,I94_F81_m94f94_P81_Y5_UO4437,MXY,0,0.0,0,0,0.0,0,0,0,0.0,0.53125,1,P49_CV0,2,2,0,2,0,0,2,0,2
81,-323068.7436,-1221387.185,Age0_F81_m94f94_P81_Y7_UO4457,I94_F81_m50f50_P99_Y2_UO2403,ID94_F99_m50f50_P99_Y5_UO2378,MXY,0,0.0,0,0,0.0,0,0,0,0.0,0.5625,1,P49_CV0,2,2,0,1,1,0,2,0,2
81,-323068.7436,-1221387.185,Age0_F81_m94f94_P81_Y7_UO4462,I94_F98_m50f50_P99_Y1_UO2262,I94_F81_m-1f-1_P5_Y-1_U158,FXX,0,0.0,0,0,0.0,0,0,0,0.0,0.625,1,P49_CV0,2,0,2,1,1,0,2,0,2
81,-323068.7436,-1221387.185,E81_F5_m58f58_P81_Y6_UO2730,I58_F99_m80f80_P81_Y4_UO3724,I58_F98_m50f50_P99_Y3_UO2382,MXY,1,0.0,1,1,0.0,0,0,0,-9999.0,0.625,1,P49_CV0,2,1,1,1,1,0,2,0,2
81,-323068.7436,-1221387.185,E81_F5_m58f58_P81_Y6_UO2754,I58_F81_m50f50_P99_Y1_UO2292,I58_F99_m5f5_P81_Y2_UO345,FXX,1,0.0,1,1,1.0,0,0,0,-9999.0,1.0,1,P49_CV0,2,2,0,2,0,0,2,0,2
81,-323068.7436,-1221387.185,E81_F5_m58f58_P81_Y6_UO2775,ID58_F99_m-1f-1_P94_Y-1_U187,ID58_F99_m-1f-1_P50_Y-1_U97,MXY,1,0.0,1,1,0.0,0,0,0,-9999.0,0.25,1,P49_CV0,2,0,2,1,1,0,2,0,2
81,-323068.7436,-1221387.185,E81_F5_m94f94_P81_Y6_UO4499,I94_F81_m-1f-1_P50_Y-1_U247,I94_F81_m5f5_P81_Y0_UO332,MXY,1,0.0,1,1,0.0,0,0,0,-9999.0,0.5,1,P49_CV0,2,2,0,1,1,0,2,0,2
81,-323068.7436,-1221387.185,E81_F58_m42f42_P99_Y6_UO2072,I42_F99_m-1f-1_P50_Y-1_U160,I42_F6_m50f50_P99_Y4_UO2408,FXX,1,0.0,1,1,1.0,0,0,0,-9999.0,0.4375,1,P49_CV0,2,1,1,1,1,0,2,0,2
81,-323068.7436,-1221387.185,E81_F58_m50f50_P99_Y6_UO2416,ID50_F99_m45f45_P57_Y4_UO2157,I50_F99_m50f50_P99_Y2_UO2385,MXY,1,0.0,1,1,0.0,0,0,0,-9999.0,0.5625,1,P49_CV0,2,0,2,2,0,0,2,0,2
81,-323068.7436,-1221387.185,E81_F58_m50f50_P99_Y6_UO2421,I50_F57_m42f42_P99_Y4_UO1986,ID50_F99_m-1f-1_P50_Y-1_U175,FXX,1,0.0,1,1,1.0,0,0,0,-9999.0,0.3125,1,P49_CV0,2,1,1,2,0,0,2,0,2
81,-323068.7436,-1221387.185,E81_F80_m5f5_P81_Y6_UO313,I5_F72_m58f58_P81_Y4_UO2745,I5_F81_m-1f-1_P58_Y-1_U128,MXY,1,0.0,1,1,0.0,0,0,0,-9999.0,0.5,1,P49_CV0,2,0,2,0,2,0,2,0,2
81,-323068.7436,-1221387.185,E81_F80_m80f80_P81_Y6_UO3770,ID80_F81_m94f94_P81_Y2_UO4379,ID80_F72_m80f80_P72_Y4_UO3655,MXY,1,0.0,1,1,0.0,0,0,0,-9999.0,0.5625,1,P49_CV0,2,2,0,2,0,0,2,0,2
81,-323068.7436,-1221387.185,E81_F94_m5f5_P81_Y6_UO360,I5_F81_m80f80_P81_Y3_UO3727,I5_F81_m94f94_P81_Y2_UO4437,FXX,1,0.0,1,1,1.0,0,0,0,-9999.0,0.5,1,P49_CV0,2,1,1,0,2,0,2,0,2
81,-323068.7436,-1221387.185,E81_F58_m42f42_P99_Y5_UO2038,ID42_F81_m-1f-1_P50_Y-1_U28,ID42_F99_m50f50_P99_Y1_UO2309,MXY,2,0.0,1,0,0.0,0,0,0,-9999.0,0.625,1,P49_CV0,2,0,2,1,1,0,2,0,2
81,-323068.7436,-1221387.185,E81_F80_m58f58_P81_Y5_UO2766,I58_F99_m-1f-1_P40_Y-1_U146,I58_F99_m50f50_P99_Y3_UO2382,MXY,2,0.0,1,0,0.0,0,0,0,-9999.0,0.5,1,P49_CV0,2,1,1,0,2,0,2,0,2
81,-323068.7436,-1221387.185,E81_F80_m80f80_P81_Y5_UO3719,I80_F81_m58f58_P81_Y2_UO2717,I80_F81_m47f47_P81_Y0_UO2504,FXX,2,0.0,1,0,1.0,0,0,0,-9999.0,0.5625,1,P49_CV0,2,0,2,1,1,0,2,0,2
81,-323068.7436,-1221387.185,E81_F80_m58f58_P81_Y5_UO2757,I58_F98_m-1f-1_P50_Y-1_U139,I58_F81_m-1f-1_P58_Y-1_U126,FXX,2,0.0,1,0,1.0,0,0,0,-9999.0,0.75,1,P49_CV0,2,2,0,1,1,0,2,0,2
81,-323068.7436,-1221387.185,E81_F80_m50f50_P81_Y5_UO2380,I50_F99_m50f50_P99_Y3_UO2445,I50_F99_m50f50_P99_Y2_UO2385,MXY,2,0.0,1,0,0.0,0,0,0,-9999.0,0.5,1,P49_CV0,2,2,0,2,0,0,2,0,2
81,-323068.7436,-1221387.185,E81_F80_m94f94_P81_Y5_UO4455,I94_F81_m-1f-1_P50_Y-1_U247,I94_F81_m-1f-1_P94_Y-1_U46,MXY,2,0.0,1,0,0.0,0,0,0,-9999.0,0.5,1,P49_CV0,2,1,1,1,1,0,2,0,2
81,-323068.7436,-1221387.185,E81_F80_m58f58_P72_Y5_UO2723,I58_F99_m80f80_P81_Y2_UO3723,I58_F99_m50f50_P99_Y2_UO2393,FXX,2,0.0,1,0,1.0,0,0,0,-9999.0,0.3125,1,P49_CV0,2,2,0,1,1,0,2,0,2
81,-323068.7436,-1221387.185,E81_F50_m92f92_P99_Y4_UO4357,ID92_F57_m-1f-1_P50_Y-1_U100,I92_F57_m-1f-1_P50_Y-1_U134,FXX,3,0.0,1,0,1.0,0,0,0,-9999.0,0.75,1,P49_CV0,2,2,0,0,2,0,2,0,2
81,-323068.7436,-1221387.185,E81_F58_m42f42_P27_Y3_UO2003,I42_F99_m-1f-1_P42_Y-1_U245,I42_F99_m-1f-1_P50_Y-1_U141,MXY,4,0.0,1,0,0.0,0,0,0,-9999.0,0.5,1,P49_CV0,2,1,1,2,0,0,2,0,2
81,-323068.7436,-1221387.185,E81_F94_m50f50_P99_Y3_UO2379,I50_F99_m50f50_P99_Y0_UO2612,I50_F99_m-1f-1_P50_Y-1_U204,FXX,4,0.0,1,0,1.0,0,0,0,-9999.0,0.5,1,P49_CV0,2,1,1,2,0,0,2,0,2
81,-323068.7436,-1221387.185,E81_F5_m94f94_P81_Y2_UO4437,I94_F81_m-1f-1_P94_Y-1_U150,ID94_F81_m-1f-1_P50_Y-1_U86,MXY,5,0.0,1,0,0.0,0,0,0,-9999.0,0.75,1,P49_CV0,2,2,0,0,2,0,2,0,2
81,-323068.7436,-1221387.185,E81_F80_m58f58_P81_Y2_UO2717,I58_F99_m50f50_P99_Y0_UO2613,ID58_F99_m-1f-1_P42_Y-1_U137,FXX,5,0.0,1,0,1.0,0,0,0,-9999.0,0.375,1,P49_CV0,2,1,1,0,2,0,2,0,2
81,-323068.7436,-1221387.185,E81_F94_m50f50_P99_Y2_UO2403,I50_F99_m42f42_P99_Y0_UO2025,I50_F6_m50f50_P99_Y0_UO2573,FXX,5,0.0,1,0,1.0,0,0,0,-9999.0,0.5,1,P49_CV0,2,2,0,2,0,0,2,0,2
81,-323068.7436,-1221387.185,E81_F58_m50f50_P99_Y1_UO2292,I50_F99_m-1f-1_P50_Y-1_U75,I50_F27_m-1f-1_P50_Y-1_U4,FXX,6,0.0,1,0,1.0,0,0,0,-9999.0,1.0,1,P49_CV0,2,2,0,1,1,0,2,0,2
81,-323068.7436,-1221387.185,E81_F94_m50f50_P99_Y1_UO2262,I50_F99_m-1f-1_P50_Y-1_U226,ID50_F99_m-1f-1_P50_Y-1_U178,FXX,6,0.0,1,0,1.0,0,0,0,-9999.0,0.75,1,P49_CV0,2,1,1,0,2,0,2,0,2
81,-323068.7436,-1221387.185,E81_F94_m50f50_P99_Y1_UO2326,I50_F99_m-1f-1_P50_Y-1_U105,I50_F99_m-1f-1_P50_Y-1_U177,MXY,6,0.0,1,0,0.0,0,0,0,-9999.0,0.25,1,P49_CV0,2,1,1,1,1,0,2,0,2
81,-323068.7436,-1221387.185,E81_F58_m-1f-1_P50_Y-1_U159,-9999,-9999,MXY,11,0.0,1,0,0.0,0,0,0,-9999.0,0.5,1,P49_CV0,2,1,1,1,1,0,2,0,2
81,-323068.7436,-1221387.185,E81_F58_m-1f-1_P50_Y-1_U167,-9999,-9999,FXX,12,0.0,1,0,1.0,0,0,0,-9999.0,0.5,1,P49_CV0,2,1,1,1,1,0,2,0,2
81,-323068.7436,-1221387.185,E81_F94_m-1f-1_P50_Y-1_U143,-9999,-9999,FXX,14,0.0,1,0,1.0,0,0,0,-9999.0,1.0,1,P49_CV0,2,2,0,1,1,0,2,0,2
81,-323068.7436,-1221387.185,Age0_F81_m5f5_P81_Y7_UO305,I5_F72_m94f94_P81_Y5_UO4452,I5_F81_m58f58_P81_Y5_UO2738,FXX,0,0.0,0,0,0.0,0,0,0,0.0,0.375,1,P4_CV0,2,2,0,1,1,0,2,0,2
81,-323068.7436,-1221387.185,Age0_F81_m5f5_P81_Y7_UO306,I5_F81_m50f50_P72_Y5_UO2379,I5_F81_m5f5_P81_Y4_UO315,FXX,0,0.0,0,0,0.0,0,0,0,0.0,0.46875,1,P4_CV0,2,2,0,1,1,0,2,0,2
81,-323068.7436,-1221387.185,Age0_F81_m5f5_P81_Y7_UO312,I5_F81_m58f58_P81_Y5_UO2750,I5_F81_m5f5_P81_Y5_UO411,MXY,0,0.0,0,0,0.0,0,0,0,0.0,0.75,1,P4_CV0,2,2,0,0,2,0,2,0,2
81,-323068.7436,-1221387.185,Age0_F81_m5f5_P81_Y7_UO315,I5_F81_m80f80_P81_Y5_UO3761,ID5_F81_m80f80_P72_Y5_UO3670,MXY,0,0.0,0,0,0.0,0,0,0,0.0,0.53125,1,P4_CV0,2,0,2,2,0,0,2,0,2
81,-323068.7436,-1221387.185,Age0_F81_m5f5_P81_Y7_UO316,I5_F81_m5f5_P81_Y5_UO309,I5_F72_m5f5_P81_Y3_UO304,FXX,0,0.0,0,0,0.0,0,0,0,0.0,0.4375,1,P4_CV0,2,1,1,0,2,0,2,0,2
81,-323068.7436,-1221387.185,Age0_F81_m5f5_P81_Y7_UO321,I5_F81_m80f80_P81_Y5_UO3673,I5_F81_m94f94_P81_Y2_UO4437,FXX,0,0.0,0,0,0.0,0,0,0,0.0,0.625,1,P4_CV0,2,1,1,1,1,0,2,0,2
81,-323068.7436,-1221387.185,Age0_F81_m5f5_P81_Y7_UO324,I5_F72_m80f80_P81_Y5_UO3712,I5_F81_m5f5_P81_Y5_UO328,MXY,0,0.0,0,0,0.0,0,0,0,0.0,0.40625,1,P4_CV0,2,2,0,2,0,0,2,0,2
81,-323068.7436,-1221387.185,Age0_F81_m5f5_P81_Y7_UO325,ID5_F72_m5f5_P81_Y5_UO388,I5_F81_m80f80_P72_Y4_UO3668,FXX,0,0.0,0,0,0.0,0,0,0,0.0,0.53125,1,P4_CV0,2,1,1,1,1,0,2,0,2
81,-323068.7436,-1221387.185,Age0_F81_m5f5_P81_Y7_UO339,I5_F81_m80f80_P81_Y4_UO3662,I5_F81_m5f5_P81_Y3_UO364,FXX,0,0.0,0,0,0.0,0,0,0,0.0,0.5625,1,P4_CV0,2,1,1,1,1,0,2,0,2
81,-323068.7436,-1221387.185,Age0_F81_m5f5_P81_Y7_UO345,ID5_F81_m5f5_P81_Y4_UO378,I5_F81_m94f94_P81_Y4_UO4426,MXY,0,0.0,0,0,0.0,0,0,0,0.0,0.3125,1,P4_CV0,2,1,1,1,1,0,2,0,2
81,-323068.7436,-1221387.185,Age0_F81_m5f5_P81_Y7_UO346,I5_F81_m94f94_P81_Y4_UO4413,I5_F81_m-1f-1_P5_Y-1_U94,FXX,0,0.0,0,0,0.0,0,0,0,0.0,0.1875,1,P4_CV0,2,1,1,2,0,0,2,0,2
81,-323068.7436,-1221387.185,Age0_F81_m5f5_P81_Y7_UO347,I5_F72_m80f80_P81_Y4_UO3690,I5_F81_m5f5_P81_Y4_UO315,MXY,0,0.0,0,0,0.0,0,0,0,0.0,0.4375,1,P4_CV0,2,1,1,1,1,0,2,0,2
81,-323068.7436,-1221387.185,Age0_F81_m5f5_P81_Y7_UO357,I5_F81_m5f5_P81_Y4_UO279,I5_F72_m-1f-1_P5_Y-1_U230,FXX,0,0.0,0,0,0.0,0,0,0,0.0,0.3125,1,P4_CV0,2,1,1,1,1,0,2,0,2
81,-323068.7436,-1221387.185,Age0_F81_m5f5_P81_Y7_UO359,ID5_F72_m5f5_P81_Y3_UO325,I5_F81_m58f58_P81_Y2_UO2739,FXX,0,0.0,0,0,0.0,0,0,0,0.0,0.5625,1,P4_CV0,2,0,2,0,2,0,2,0,2
81,-323068.7436,-1221387.185,Age0_F81_m5f5_P81_Y7_UO360,I5_F81_m80f80_P81_Y3_UO3718,ID5_F81_m94f94_P81_Y4_UO4400,FXX,0,0.0,0,0,0.0,0,0,0,0.0,0.375,1,P4_CV0,2,1,1,1,1,0,2,0,2
81,-323068.7436,-1221387.185,Age0_F81_m5f5_P81_Y7_UO373,I5_F81_m80f80_P72_Y3_UO3647,I5_F81_m5f5_P81_Y5_UO411,MXY,0,0.0,0,0,0.0,0,0,0,0.0,0.5625,1,P4_CV0,2,0,2,0,2,0,2,0,2
81,-323068.7436,-1221387.185,Age0_F81_m5f5_P81_Y7_UO374,I5_F81_m5f5_P81_Y3_UO316,I5_F81_m5f5_P81_Y3_UO364,FXX,0,0.0,0,0,0.0,0,0,0,0.0,0.5,1,P4_CV0,2,1,1,2,0,0,2,0,2
81,-323068.7436,-1221387.185,Age0_F81_m5f5_P81_Y7_UO377,I5_F81_m5f5_P81_Y3_UO292,I5_F72_m80f80_P81_Y4_UO3713,FXX,0,0.0,0,0,0.0,0,0,0,0.0,0.375,1,P4_CV0,2,1,1,2,0,0,2,0,2
81,-323068.7436,-1221387.185,Age0_F81_m5f5_P81_Y7_UO391,I5_F81_m5f5_P81_Y1_UO303,ID5_F81_m5f5_P81_Y4_UO285,FXX,0,0.0,0,0,0.0,0,0,0,0.0,0.53125,1,P4_CV0,2,1,1,1,1,0,2,0,2
81,-323068.7436,-1221387.185,Age0_F81_m5f5_P81_Y7_UO397,I5_F81_m94f94_P81_Y1_UO4165,ID5_F81_m5f5_P81_Y3_UO346,FXX,0,0.0,0,0,0.0,0,0,0,0.0,0.6875,1,P4_CV0,2,2,0,1,1,0,2,0,2
81,-323068.7436,-1221387.185,Age0_F81_m5f5_P81_Y7_UO398,I5_F81_m80f80_P81_Y0_UO3973,I5_F81_m5f5_P81_Y5_UO395,MXY,0,0.0,0,0,0.0,0,0,0,0.0,0.3125,1,P4_CV0,2,0,2,2,0,0,2,0,2
81,-323068.7436,-1221387.185,Age0_F81_m5f5_P81_Y7_UO401,I5_F81_m5f5_P81_Y0_UO344,I5_F81_m5f5_P81_Y3_UO364,FXX,0,0.0,0,0,0.0,0,0,0,0.0,0.5,1,P4_CV0,2,2,0,0,2,0,2,0,2
81,-323068.7436,-1221387.185,Age0_F81_m5f5_P81_Y7_UO403,ID5_F81_m-1f-1_P5_Y-1_U111,I5_F72_m94f94_P81_Y5_UO4410,FXX,0,0.0,0,0,0.0,0,0,0,0.0,0.625,1,P4_CV0,2,1,1,1,1,0,2,0,2
81,-323068.7436,-1221387.185,Age0_F81_m5f5_P81_Y7_UO406,ID5_F81_m-1f-1_P5_Y-1_U8,ID5_F81_m47f47_P81_Y4_UO2297,FXX,0,0.0,0,0,0.0,0,0,0,0.0,0.625,1,P4_CV0,2,2,0,0,2,0,2,0,2
81,-323068.7436,-1221387.185,Age0_F81_m5f5_P81_Y7_UO408,I5_F72_m-1f-1_P5_Y-1_U76,ID5_F81_m47f47_P81_Y3_UO2348,MXY,0,0.0,0,0,0.0,0,0,0,0.0,0.375,1,P4_CV0,2,1,1,0,2,0,2,0,2
81,-323068.7436,-1221387.185,Age0_F81_m80f80_P81_Y7_UO3678,I80_F72_m5f5_P81_Y5_UO357,ID80_F72_m5f5_P81_Y0_UO358,FXX,0,0.0,0,0,0.0,0,0,0,0.0,0.4375,1,P4_CV0,2,1,1,2,0,0,2,0,2
81,-323068.7436,-1221387.185,Age0_F81_m80f80_P81_Y7_UO3693,ID80_F81_m80f80_P81_Y5_UO3713,I80_F72_m-1f-1_P80_Y-1_U209,MXY,0,0.0,0,0,0.0,0,0,0,0.0,0.75,1,P4_CV0,2,1,1,0,2,0,2,0,2
81,-323068.7436,-1221387.185,Age0_F81_m80f80_P81_Y7_UO3701,I80_F81_m5f5_P81_Y5_UO409,I80_F81_m80f80_P72_Y5_UO3756,MXY,0,0.0,0,0,0.0,0,0,0,0.0,0.34375,1,P4_CV0,2,0,2,1,1,0,2,0,2
81,-323068.7436,-1221387.185,Age0_F81_m80f80_P81_Y7_UO3708,I80_F81_m58f58_P72_Y5_UO2725,I80_F81_m80f80_P72_Y4_UO3655,FXX,0,0.0,0,0,0.0,0,0,0,0.0,0.3125,1,P4_CV0,2,1,1,2,0,0,2,0,2
81,-323068.7436,-1221387.185,Age0_F81_m80f80_P81_Y7_UO3709,I80_F72_m80f80_P72_Y5_UO3699,I80_F72_m5f5_P81_Y5_UO340,FXX,0,0.0,0,0,0.0,0,0,0,0.0,0.5625,1,P4_CV0,2,2,0,1,1,0,2,0,2
81,-323068.7436,-1221387.185,Age0_F81_m80f80_P81_Y7_UO3713,I80_F81_m5f5_P81_Y5_UO297,I80_F81_m5f5_P81_Y0_UO331,FXX,0,0.0,0,0,0.0,0,0,0,0.0,0.46875,1,P4_CV0,2,1,1,2,0,0,2,0,2
81,-323068.7436,-1221387.185,Age0_F81_m80f80_P81_Y7_UO3714,I80_F72_m94f94_P81_Y4_UO4424,I80_F81_m5f5_P81_Y0_UO314,FXX,0,0.0,0,0,0.0,0,0,0,0.0,0.375,1,P4_CV0,2,1,1,1,1,0,2,0,2
81,-323068.7436,-1221387.185,Age0_F81_m80f80_P81_Y7_UO3717,I80_F81_m80f80_P72_Y4_UO3638,I80_F81_m47f47_P81_Y1_UO2215,FXX,0,0.0,0,0,0.0,0,0,0,0.0,0.4375,1,P4_CV0,2,1,1,1,1,0,2,0,2
81,-323068.7436,-1221387.185,Age0_F81_m80f80_P81_Y7_UO3727,ID80_F81_m5f5_P81_Y4_UO298,I80_F81_m80f80_P72_Y1_UO3540,MXY,0,0.0,0,0,0.0,0,0,0,0.0,0.375,1,P4_CV0,2,1,1,1,1,0,2,0,2
81,-323068.7436,-1221387.185,Age0_F81_m80f80_P81_Y7_UO3728,I80_F81_m5f5_P72_Y4_UO388,I80_F81_m58f58_P81_Y5_UO2765,FXX,0,0.0,0,0,0.0,0,0,0,0.0,0.75,1,P4_CV0,2,1,1,1,1,0,2,0,2
81,-323068.7436,-1221387.185,Age0_F81_m80f80_P81_Y7_UO3741,I80_F72_m80f80_P81_Y3_UO3674,I80_F81_m80f80_P72_Y5_UO3683,FXX,0,0.0,0,0,0.0,0,0,0,0.0,0.5625,1,P4_CV0,2,1,1,1,1,0,2,0,2
81,-323068.7436,-1221387.185,Age0_F81_m80f80_P81_Y7_UO3747,I80_F81_m80f80_P81_Y3_UO3658,I80_F72_m5f5_P81_Y3_UO303,MXY,0,0.0,0,0,0.0,0,0,0,0.0,0.625,1,P4_CV0,2,1,1,0,2,0,2,0,2
81,-323068.7436,-1221387.185,Age0_F81_m80f80_P81_Y7_UO3749,I80_F81_m58f58_P81_Y3_UO2750,I80_F81_m80f80_P72_Y5_UO3683,MXY,0,0.0,0,0,0.0,0,0,0,0.0,0.6875,1,P4_CV0,2,2,0,1,1,0,2,0,2
81,-323068.7436,-1221387.185,Age0_F81_m80f80_P81_Y7_UO3754,ID80_F81_m5f5_P81_Y3_UO307,I80_F72_m80f80_P72_Y3_UO3664,FXX,0,0.0,0,0,0.0,0,0,0,0.0,0.3125,1,P4_CV0,2,1,1,2,0,0,2,0,2
81,-323068.7436,-1221387.185,Age0_F81_m80f80_P81_Y7_UO3761,I80_F72_m5f5_P81_Y2_UO350,I80_F81_m-1f-1_P5_Y-1_U238,FXX,0,0.0,0,0,0.0,0,0,0,0.0,0.25,1,P4_CV0,2,1,1,1,1,0,2,0,2
81,-323068.7436,-1221387.185,Age0_F81_m80f80_P81_Y7_UO3762,I80_F81_m58f58_P81_Y2_UO2717,I80_F72_m5f5_P81_Y4_UO372,FXX,0,0.0,0,0,0.0,0,0,0,0.0,0.53125,1,P4_CV0,2,0,2,0,2,0,2,0,2
81,-323068.7436,-1221387.185,Age0_F81_m80f80_P81_Y7_UO3769,ID80_F72_m5f5_P72_Y1_UO306,ID80_F81_m5f5_P81_Y5_UO314,MXY,0,0.0,0,0,0.0,0,0,0,0.0,0.4375,1,P4_CV0,2,2,0,2,0,0,2,0,2
81,-323068.7436,-1221387.185,Age0_F81_m80f80_P81_Y7_UO3777,I80_F72_m5f5_P72_Y0_UO313,I80_F81_m-1f-1_P5_Y-1_U238,MXY,0,0.0,0,0,0.0,0,0,0,0.0,0.5,1,P4_CV0,2,0,2,1,1,0,2,0,2
81,-323068.7436,-1221387.185,Age0_F81_m80f80_P81_Y7_UO3781,ID80_F81_m5f5_P81_Y0_UO318,ID80_F81_m5f5_P72_Y4_UO291,FXX,0,0.0,0,0,0.0,0,0,0,0.0,0.21875,1,P4_CV0,2,0,2,1,1,0,2,0,2
81,-323068.7436,-1221387.185,Age0_F81_m80f80_P81_Y7_UO3787,I80_F81_m-1f-1_P5_Y-1_U154,ID80_F81_m80f80_P81_Y5_UO3752,MXY,0,0.0,0,0,0.0,0,0,0,0.0,0.625,1,P4_CV0,2,1,1,0,2,0,2,0,2
81,-323068.7436,-1221387.185,Age0_F81_m80f80_P81_Y7_UO3791,I80_F81_m-1f-1_P5_Y-1_U67,ID80_F81_m80f80_P81_Y1_UO3492,FXX,0,0.0,0,0,0.0,0,0,0,0.0,0.75,1,P4_CV0,2,1,1,1,1,0,2,0,2
81,-323068.7436,-1221387.185,Age0_F81_m80f80_P81_Y7_UO3796,I80_F81_m-1f-1_P5_Y-1_U72,I80_F81_m47f47_P81_Y2_UO2337,FXX,0,0.0,0,0,0.0,0,0,0,0.0,0.5,1,P4_CV0,2,2,0,1,1,0,2,0,2
81,-323068.7436,-1221387.185,Age0_F81_m94f94_P81_Y7_UO4443,ID94_F81_m58f58_P81_Y4_UO2717,I94_F91_m-1f-1_P94_Y-1_U86,MXY,0,0.0,0,0,0.0,0,0,0,0.0,0.3125,1,P4_CV0,2,0,2,1,1,0,2,0,2
81,-323068.7436,-1221387.185,Age0_F81_m94f94_P81_Y7_UO4448,ID94_F98_m42f42_P99_Y3_UO1992,I94_F81_m5f5_P81_Y1_UO351,FXX,0,0.0,0,0,0.0,0,0,0,0.0,0.5,1,P4_CV0,2,0,2,0,2,0,2,0,2
81,-323068.7436,-1221387.185,Age0_F81_m94f94_P81_Y7_UO4463,I94_F81_m5f5_P81_Y1_UO330,I94_F98_m95f95_P91_Y3_UO4461,FXX,0,0.0,0,0,0.0,0,0,0,0.0,0.25,1,P4_CV0,2,0,2,0,2,0,2,0,2
81,-323068.7436,-1221387.185,Age0_F81_m94f94_P81_Y7_UO4467,ID94_F81_m47f47_P81_Y0_UO2510,I94_F81_m5f5_P81_Y1_UO351,MXY,0,0.0,0,0,0.0,0,0,0,0.0,0.25,1,P4_CV0,2,1,1,1,1,0,2,0,2
81,-323068.7436,-1221387.185,E81_F5_m5f5_P72_Y6_UO300,I5_F81_m80f80_P72_Y4_UO3672,I5_F81_m94f94_P81_Y4_UO4429,FXX,1,0.0,1,1,1.0,0,0,0,-9999.0,0.4375,1,P4_CV0,2,1,1,0,2,0,2,0,2
81,-323068.7436,-1221387.185,E81_F5_m5f5_P72_Y6_UO380,I5_F81_m58f58_P81_Y1_UO2637,I5_F81_m-1f-1_P5_Y-1_U43,FXX,1,0.0,1,1,1.0,0,0,0,-9999.0,0.625,1,P4_CV0,2,1,1,2,0,0,2,0,2
81,-323068.7436,-1221387.185,E81_F5_m5f5_P72_Y6_UO386,I5_F81_m94f94_P81_Y0_UO4716,I5_F81_m5f5_P81_Y4_UO367,FXX,1,0.0,1,1,1.0,0,0,0,-9999.0,0.0,1,P4_CV0,2,0,2,0,2,0,2,0,2
81,-323068.7436,-1221387.185,E81_F5_m5f5_P72_Y6_UO413,I5_F81_m-1f-1_P5_Y-1_U176,I5_F81_m42f42_P99_Y1_UO1828,MXY,1,0.0,1,1,0.0,0,0,0,-9999.0,0.25,1,P4_CV0,2,1,1,0,2,0,2,0,2
81,-323068.7436,-1221387.185,E81_F5_m58f58_P72_Y6_UO2783,ID58_F81_m-1f-1_P58_Y-1_U78,I58_F81_m5f5_P81_Y1_UO307,FXX,1,0.0,1,1,1.0,0,0,0,-9999.0,0.75,1,P4_CV0,2,1,1,2,0,0,2,0,2
81,-323068.7436,-1221387.185,E81_F5_m80f80_P72_Y6_UO3751,I80_F72_m5f5_P81_Y3_UO325,I80_F81_m5f5_P81_Y3_UO312,MXY,1,0.0,1,1,0.0,0,0,0,-9999.0,0.5,1,P4_CV0,2,2,0,1,1,0,2,0,2
81,-323068.7436,-1221387.185,E81_F5_m80f80_P72_Y6_UO3776,I80_F72_m5f5_P72_Y1_UO306,I80_F72_m5f5_P72_Y1_UO313,MXY,1,0.0,1,1,0.0,0,0,0,-9999.0,0.5,1,P4_CV0,2,1,1,1,1,0,2,0,2
81,-323068.7436,-1221387.185,E81_F5_m80f80_P72_Y6_UO3811,I80_F81_m-1f-1_P80_Y-1_U36,ID80_F81_m80f80_P72_Y4_UO3648,FXX,1,0.0,1,1,1.0,0,0,0,-9999.0,0.8125,1,P4_CV0,2,2,0,0,2,0,2,0,2
81,-323068.7436,-1221387.185,E81_F5_m5f5_P81_Y6_UO309,I5_F81_m47f47_P81_Y4_UO2336,ID5_F81_m5f5_P72_Y2_UO337,MXY,1,0.0,1,1,0.0,0,0,0,-9999.0,0.625,1,P4_CV0,2,1,1,2,0,0,2,0,2
81,-323068.7436,-1221387.185,E81_F5_m5f5_P81_Y6_UO323,I5_F81_m94f94_P81_Y4_UO4435,I5_F81_m5f5_P81_Y3_UO304,FXX,1,0.0,1,1,1.0,0,0,0,-9999.0,0.53125,1,P4_CV0,2,1,1,1,1,0,2,0,2
81,-323068.7436,-1221387.185,E81_F5_m5f5_P81_Y6_UO337,I5_F81_m94f94_P81_Y3_UO4366,I5_F81_m94f94_P81_Y4_UO4426,FXX,1,0.0,1,1,1.0,0,0,0,-9999.0,0.5,1,P4_CV0,2,1,1,0,2,0,2,0,2
81,-323068.7436,-1221387.185,E81_F5_m5f5_P81_Y6_UO338,I5_F81_m5f5_P81_Y3_UO359,I5_F81_m5f5_P81_Y4_UO367,FXX,1,0.0,1,1,1.0,0,0,0,-9999.0,0.3125,1,P4_CV0,2,1,1,1,1,0,2,0,2
81,-323068.7436,-1221387.185,E81_F5_m5f5_P81_Y6_UO342,I5_F81_m80f80_P72_Y3_UO3723,I5_F81_m-1f-1_P5_Y-1_U103,MXY,1,0.0,1,1,0.0,0,0,0,-9999.0,0.125,1,P4_CV0,2,0,2,2,0,0,2,0,2
81,-323068.7436,-1221387.185,E81_F5_m5f5_P81_Y6_UO362,I5_F81_m5f5_P81_Y3_UO307,I5_F81_m58f58_P81_Y1_UO2683,MXY,1,0.0,1,1,0.0,0,0,0,-9999.0,0.25,1,P4_CV0,2,0,2,1,1,0,2,0,2
81,-323068.7436,-1221387.185,E81_F5_m5f5_P81_Y6_UO367,I5_F81_m80f80_P81_Y2_UO3708,ID5_F81_m5f5_P72_Y2_UO337,FXX,1,0.0,1,1,1.0,0,0,0,-9999.0,0.625,1,P4_CV0,2,0,2,2,0,0,2,0,2
81,-323068.7436,-1221387.185,E81_F5_m5f5_P81_Y6_UO372,I5_F81_m47f47_P81_Y2_UO2368,I5_F81_m5f5_P81_Y3_UO320,FXX,1,0.0,1,1,1.0,0,0,0,-9999.0,0.5,1,P4_CV0,2,2,0,1,1,0,2,0,2
81,-323068.7436,-1221387.185,E81_F5_m5f5_P81_Y6_UO373,I5_F81_m58f58_P81_Y2_UO2783,I5_F81_m-1f-1_P5_Y-1_U35,FXX,1,0.0,1,1,1.0,0,0,0,-9999.0,0.625,1,P4_CV0,2,0,2,2,0,0,2,0,2
81,-323068.7436,-1221387.185,E81_F5_m5f5_P81_Y6_UO382,I5_F81_m5f5_P81_Y1_UO303,I5_F81_m5f5_P81_Y2_UO373,MXY,1,0.0,1,1,0.0,0,0,0,-9999.0,0.625,1,P4_CV0,2,1,1,1,1,0,2,0,2
81,-323068.7436,-1221387.185,E81_F5_m5f5_P81_Y6_UO384,I5_F72_m5f5_P72_Y1_UO274,ID5_F81_m5f5_P72_Y2_UO337,MXY,1,0.0,1,1,0.0,0,0,0,-9999.0,0.5,1,P4_CV0,2,0,2,1,1,0,2,0,2
81,-323068.7436,-1221387.185,E81_F5_m5f5_P81_Y6_UO395,I5_F72_m5f5_P81_Y0_UO355,I5_F81_m5f5_P81_Y0_UO305,FXX,1,0.0,1,1,1.0,0,0,0,-9999.0,0.25,1,P4_CV0,2,0,2,1,1,0,2,0,2
81,-323068.7436,-1221387.185,E81_F5_m5f5_P81_Y6_UO403,I5_F81_m-1f-1_P94_Y-1_U196,I5_F81_m80f80_P81_Y4_UO3711,MXY,1,0.0,1,1,0.0,0,0,0,-9999.0,0.28125,1,P4_CV0,2,1,1,1,1,0,2,0,2
81,-323068.7436,-1221387.185,E81_F5_m5f5_P81_Y6_UO409,I5_F81_m-1f-1_P5_Y-1_U149,I5_F81_m-1f-1_P5_Y-1_U35,FXX,1,0.0,1,1,1.0,0,0,0,-9999.0,0.5,1,P4_CV0,2,1,1,1,1,0,2,0,2
81,-323068.7436,-1221387.185,E81_F5_m58f58_P81_Y6_UO2732,I58_F81_m5f5_P81_Y4_UO352,I58_F57_m-1f-1_P58_Y-1_U236,MXY,1,0.0,1,1,0.0,0,0,0,-9999.0,0.6875,1,P4_CV0,2,1,1,2,0,0,2,0,2
81,-323068.7436,-1221387.185,E81_F5_m58f58_P81_Y6_UO2740,I58_F72_m92f92_P6_Y3_UO4338,ID58_F81_m-1f-1_P5_Y-1_U202,MXY,1,0.0,1,1,0.0,0,0,0,-9999.0,0.6875,1,P4_CV0,2,1,1,0,2,0,2,0,2
81,-323068.7436,-1221387.185,E81_F5_m58f58_P81_Y6_UO2776,I58_F99_m-1f-1_P50_Y-1_U167,ID58_F81_m-1f-1_P5_Y-1_U202,FXX,1,0.0,1,1,1.0,0,0,0,-9999.0,0.75,1,P4_CV0,2,2,0,1,1,0,2,0,2
81,-323068.7436,-1221387.185,E81_F5_m80f80_P81_Y6_UO3694,I80_F81_m80f80_P72_Y4_UO3638,I80_F81_m80f80_P72_Y1_UO3520,MXY,1,0.0,1,1,0.0,0,0,0,-9999.0,0.4375,1,P4_CV0,2,0,2,0,2,0,2,0,2
81,-323068.7436,-1221387.185,E81_F5_m80f80_P81_Y6_UO3704,I80_F81_m5f5_P81_Y4_UO276,ID80_F81_m5f5_P72_Y2_UO335,MXY,1,0.0,1,1,0.0,0,0,0,-9999.0,0.28125,1,P4_CV0,2,1,1,1,1,0,2,0,2
81,-323068.7436,-1221387.185,E81_F5_m80f80_P81_Y6_UO3712,I80_F81_m5f5_P81_Y4_UO338,I80_F72_m58f58_P81_Y3_UO2764,FXX,1,0.0,1,1,1.0,0,0,0,-9999.0,0.75,1,P4_CV0,2,2,0,2,0,0,2,0,2
81,-323068.7436,-1221387.185,E81_F5_m80f80_P81_Y6_UO3719,I80_F81_m80f80_P72_Y4_UO3723,I80_F81_m47f47_P81_Y1_UO2215,FXX,1,0.0,1,1,1.0,0,0,0,-9999.0,0.5,1,P4_CV0,2,1,1,2,0,0,2,0,2
81,-323068.7436,-1221387.185,E81_F5_m80f80_P81_Y6_UO3721,I80_F72_m5f5_P81_Y4_UO378,ID80_F81_m5f5_P81_Y0_UO331,FXX,1,0.0,1,1,1.0,0,0,0,-9999.0,0.4375,1,P4_CV0,2,1,1,1,1,0,2,0,2
81,-323068.7436,-1221387.185,E81_F5_m80f80_P81_Y6_UO3729,I80_F81_m5f5_P72_Y4_UO376,I80_F81_m5f5_P81_Y3_UO346,FXX,1,0.0,1,1,1.0,0,0,0,-9999.0,0.75,1,P4_CV0,2,2,0,0,2,0,2,0,2
81,-323068.7436,-1221387.185,E81_F5_m80f80_P81_Y6_UO3731,I80_F81_m80f80_P81_Y3_UO3683,I80_F81_m5f5_P72_Y4_UO379,MXY,1,0.0,1,1,0.0,0,0,0,-9999.0,0.5,1,P4_CV0,2,2,0,1,1,0,2,0,2
81,-323068.7436,-1221387.185,E81_F5_m80f80_P81_Y6_UO3733,I80_F81_m80f80_P81_Y3_UO3658,I80_F72_m80f80_P72_Y3_UO3664,FXX,1,0.0,1,1,1.0,0,0,0,-9999.0,0.4375,1,P4_CV0,2,2,0,1,1,0,2,0,2
81,-323068.7436,-1221387.185,E81_F5_m80f80_P81_Y6_UO3754,I80_F72_m5f5_P81_Y2_UO332,I80_F72_m80f80_P81_Y3_UO3702,MXY,1,0.0,1,1,0.0,0,0,0,-9999.0,0.4375,1,P4_CV0,2,0,2,1,1,0,2,0,2
81,-323068.7436,-1221387.185,E81_F5_m80f80_P81_Y6_UO3755,ID80_F81_m5f5_P72_Y2_UO294,ID80_F91_m58f58_P81_Y3_UO2733,MXY,1,0.0,1,1,0.0,0,0,0,-9999.0,0.5625,1,P4_CV0,2,2,0,1,1,0,2,0,2
81,-323068.7436,-1221387.185,E81_F5_m80f80_P81_Y6_UO3771,I80_F81_m5f5_P81_Y2_UO295,ID80_F81_m5f5_P72_Y2_UO335,FXX,1,0.0,1,1,1.0,0,0,0,-9999.0,0.125,1,P4_CV0,2,0,2,2,0,0,2,0,2
81,-323068.7436,-1221387.185,E81_F5_m80f80_P81_Y6_UO3774,I80_F81_m5f5_P81_Y1_UO347,I80_F81_m5f5_P81_Y3_UO338,FXX,1,0.0,1,1,1.0,0,0,0,-9999.0,0.875,1,P4_CV0,2,1,1,1,1,0,2,0,2
81,-323068.7436,-1221387.185,E81_F5_m80f80_P81_Y6_UO3802,I80_F72_m-1f-1_P5_Y-1_U67,I80_F81_m58f58_P81_Y2_UO2744,MXY,1,0.0,1,1,0.0,0,0,0,-9999.0,0.5,1,P4_CV0,2,0,2,2,0,0,2,0,2
81,-323068.7436,-1221387.185,E81_F5_m80f80_P81_Y6_UO3807,I80_F72_m-1f-1_P5_Y-1_U236,ID80_F81_m5f5_P72_Y2_UO335,FXX,1,0.0,1,1,1.0,0,0,0,-9999.0,0.5,1,P4_CV0,2,1,1,1,1,0,2,0,2
81,-323068.7436,-1221387.185,E81_F5_m80f80_P81_Y6_UO3812,I80_F72_m-1f-1_P5_Y-1_U108,ID80_F81_m5f5_P81_Y3_UO279,FXX,1,0.0,1,1,1.0,0,0,0,-9999.0,0.375,1,P4_CV0,2,1,1,0,2,0,2,0,2
81,-323068.7436,-1221387.185,E81_F5_m94f94_P81_Y6_UO4474,ID94_F72_m80f80_P81_Y2_UO3723,ID94_F99_m50f50_P99_Y4_UO2411,MXY,1,0.0,1,1,0.0,0,0,0,-9999.0,0.25,1,P4_CV0,2,0,2,1,1,0,2,0,2
81,-323068.7436,-1221387.185,E81_F5_m94f94_P81_Y6_UO4482,ID94_F98_m5f5_P81_Y1_UO330,ID94_F99_m50f50_P99_Y4_UO2411,MXY,1,0.0,1,1,0.0,0,0,0,-9999.0,0.375,1,P4_CV0,2,0,2,0,2,0,2,0,2
81,-323068.7436,-1221387.185,E81_F58_m5f5_P81_Y6_UO368,I5_F81_m80f80_P81_Y2_UO3679,ID5_F81_m80f80_P81_Y1_UO3492,FXX,1,0.0,1,1,1.0,0,0,0,-9999.0,0.6875,1,P4_CV0,2,1,1,1,1,0,2,0,2
81,-323068.7436,-1221387.185,E81_F58_m5f5_P81_Y6_UO389,ID5_F81_m5f5_P81_Y0_UO344,ID5_F81_m80f80_P81_Y1_UO3536,MXY,1,0.0,1,1,0.0,0,0,0,-9999.0,0.375,1,P4_CV0,2,1,1,1,1,0,2,0,2
81,-323068.7436,-1221387.185,E81_F80_m5f5_P72_Y6_UO402,I5_F81_m-1f-1_P5_Y-1_U118,I5_F81_m5f5_P81_Y3_UO364,FXX,1,0.0,1,1,1.0,0,0,0,-9999.0,0.25,1,P4_CV0,2,0,2,1,1,0,2,0,2
81,-323068.7436,-1221387.185,E81_F80_m80f80_P72_Y6_UO3711,I80_F72_m5f5_P81_Y4_UO331,I80_F72_m80f80_P72_Y3_UO3664,MXY,1,0.0,1,1,0.0,0,0,0,-9999.0,0.5625,1,P4_CV0,2,0,2,1,1,0,2,0,2
81,-323068.7436,-1221387.185,E81_F80_m80f80_P72_Y6_UO3714,I80_F81_m47f47_P81_Y4_UO2327,I80_F81_m5f5_P81_Y0_UO358,MXY,1,0.0,1,1,0.0,0,0,0,-9999.0,0.5,1,P4_CV0,2,1,1,0,2,0,2,0,2
81,-323068.7436,-1221387.185,E81_F80_m80f80_P72_Y6_UO3723,I80_F72_m80f80_P72_Y4_UO3701,ID80_F81_m5f5_P81_Y0_UO331,MXY,1,0.0,1,1,0.0,0,0,0,-9999.0,0.5,1,P4_CV0,2,1,1,1,1,0,2,0,2
81,-323068.7436,-1221387.185,E81_F80_m80f80_P72_Y6_UO3724,I80_F72_m5f5_P81_Y4_UO387,I80_F81_m80f80_P81_Y3_UO3725,MXY,1,0.0,1,1,0.0,0,0,0,-9999.0,0.5625,1,P4_CV0,2,1,1,0,2,0,2,0,2
81,-323068.7436,-1221387.185,E81_F80_m80f80_P72_Y6_UO3735,I80_F72_m80f80_P81_Y3_UO3674,I80_F81_m80f80_P81_Y4_UO3716,MXY,1,0.0,1,1,0.0,0,0,0,-9999.0,0.375,1,P4_CV0,2,1,1,1,1,0,2,0,2
81,-323068.7436,-1221387.185,E81_F80_m80f80_P72_Y6_UO3743,I80_F81_m80f80_P81_Y3_UO3688,ID80_F81_m5f5_P81_Y4_UO304,FXX,1,0.0,1,1,1.0,0,0,0,-9999.0,0.4375,1,P4_CV0,2,0,2,2,0,0,2,0,2
81,-323068.7436,-1221387.185,E81_F80_m80f80_P72_Y6_UO3753,I80_F81_m5f5_P81_Y2_UO350,I80_F81_m5f5_P81_Y3_UO303,FXX,1,0.0,1,1,1.0,0,0,0,-9999.0,0.375,1,P4_CV0,2,1,1,0,2,0,2,0,2
81,-323068.7436,-1221387.185,E81_F80_m80f80_P72_Y6_UO3766,ID80_F81_m80f80_P72_Y2_UO3745,I80_F72_m94f94_P81_Y3_UO4359,MXY,1,0.0,1,1,0.0,0,0,0,-9999.0,0.5625,1,P4_CV0,2,1,1,0,2,0,2,0,2
81,-323068.7436,-1221387.185,E81_F80_m80f80_P72_Y6_UO3786,ID80_F72_m5f5_P81_Y0_UO336,ID80_F81_m80f80_P72_Y3_UO3659,MXY,1,0.0,1,1,0.0,0,0,0,-9999.0,0.5,1,P4_CV0,2,0,2,0,2,0,2,0,2
81,-323068.7436,-1221387.185,E81_F80_m80f80_P72_Y6_UO3793,I80_F72_m5f5_P81_Y0_UO315,I80_F81_m80f80_P72_Y4_UO3639,FXX,1,0.0,1,1,1.0,0,0,0,-9999.0,0.75,1,P4_CV0,2,1,1,1,1,0,2,0,2
81,-323068.7436,-1221387.185,E81_F80_m80f80_P72_Y6_UO3806,ID80_F72_m-1f-1_P5_Y-1_U210,I80_F81_m5f5_P81_Y3_UO338,FXX,1,0.0,1,1,1.0,0,0,0,-9999.0,0.5,1,P4_CV0,2,1,1,1,1,0,2,0,2
81,-323068.7436,-1221387.185,E81_F80_m80f80_P72_Y6_UO3813,I80_F72_m-1f-1_P5_Y-1_U16,ID80_F81_m80f80_P72_Y4_UO3736,FXX,1,0.0,1,1,1.0,0,0,0,-9999.0,0.25,1,P4_CV0,2,1,1,2,0,0,2,0,2
81,-323068.7436,-1221387.185,E81_F80_m5f5_P81_Y6_UO369,I5_F72_m94f94_P81_Y2_UO4427,ID5_F81_m80f80_P81_Y4_UO3659,MXY,1,0.0,1,1,0.0,0,0,0,-9999.0,0.28125,1,P4_CV0,2,1,1,2,0,0,2,0,2
81,-323068.7436,-1221387.185,E81_F80_m5f5_P81_Y6_UO404,I5_F81_m-1f-1_P5_Y-1_U8,I5_F72_m80f80_P72_Y0_UO4014,FXX,1,0.0,1,1,1.0,0,0,0,-9999.0,0.5,1,P4_CV0,2,2,0,0,2,0,2,0,2
81,-323068.7436,-1221387.185,E81_F80_m58f58_P81_Y6_UO2737,I58_F99_m42f42_P99_Y3_UO2010,I58_F99_m-1f-1_P5_Y-1_U130,FXX,1,0.0,1,1,1.0,0,0,0,-9999.0,0.8125,1,P4_CV0,2,2,0,1,1,0,2,0,2
81,-323068.7436,-1221387.185,E81_F80_m80f80_P81_Y6_UO3706,I80_F81_m5f5_P81_Y4_UO360,I80_F81_m47f47_P81_Y1_UO2215,MXY,1,0.0,1,1,0.0,0,0,0,-9999.0,0.625,1,P4_CV0,2,1,1,2,0,0,2,0,2
81,-323068.7436,-1221387.185,E81_F80_m80f80_P81_Y6_UO3732,I80_F72_m5f5_P81_Y3_UO313,I80_F72_m-1f-1_P5_Y-1_U190,FXX,1,0.0,1,1,1.0,0,0,0,-9999.0,0.3125,1,P4_CV0,2,1,1,1,1,0,2,0,2
81,-323068.7436,-1221387.185,E81_F80_m80f80_P81_Y6_UO3792,I80_F72_m80f80_P81_Y0_UO3940,ID80_F81_m80f80_P72_Y3_UO3659,MXY,1,0.0,1,1,0.0,0,0,0,-9999.0,0.625,1,P4_CV0,2,1,1,1,1,0,2,0,2
81,-323068.7436,-1221387.185,E81_F80_m80f80_P81_Y6_UO3814,I80_F81_m-1f-1_P5_Y-1_U139,I80_F81_m47f47_P81_Y1_UO2208,MXY,1,0.0,1,1,0.0,0,0,0,-9999.0,0.625,1,P4_CV0,2,1,1,1,1,0,2,0,2
81,-323068.7436,-1221387.185,E81_F80_m94f94_P81_Y6_UO4471,ID94_F81_m42f42_P99_Y2_UO1987,ID94_F81_m-1f-1_P5_Y-1_U158,MXY,1,0.0,1,1,0.0,0,0,0,-9999.0,0.5,1,P4_CV0,2,1,1,0,2,0,2,0,2
81,-323068.7436,-1221387.185,E81_F80_m94f94_P81_Y6_UO4472,ID94_F99_m50f50_P99_Y2_UO2403,I94_F81_m5f5_P81_Y1_UO310,FXX,1,0.0,1,1,1.0,0,0,0,-9999.0,0.375,1,P4_CV0,2,1,1,1,1,0,2,0,2
81,-323068.7436,-1221387.185,E81_F80_m94f94_P81_Y6_UO4478,I94_F98_m94f94_P81_Y1_UO4229,I94_F98_m5f5_P81_Y1_UO351,FXX,1,0.0,1,1,1.0,0,0,0,-9999.0,0.375,1,P4_CV0,2,1,1,1,1,0,2,0,2
81,-323068.7436,-1221387.185,E81_F94_m5f5_P81_Y6_UO326,I5_F81_m5f5_P81_Y4_UO313,I5_F81_m5f5_P81_Y2_UO386,FXX,1,0.0,1,1,1.0,0,0,0,-9999.0,0.46875,1,P4_CV0,2,1,1,0,2,0,2,0,2
81,-323068.7436,-1221387.185,E81_F94_m5f5_P81_Y6_UO361,I5_F81_m80f80_P81_Y3_UO3718,I5_F81_m94f94_P81_Y2_UO4393,MXY,1,0.0,1,1,0.0,0,0,0,-9999.0,0.4375,1,P4_CV0,2,1,1,2,0,0,2,0,2
81,-323068.7436,-1221387.185,E81_F94_m5f5_P81_Y6_UO381,I5_F81_m94f94_P81_Y1_UO4165,I5_F81_m80f80_P81_Y2_UO3698,MXY,1,0.0,1,1,0.0,0,0,0,-9999.0,0.625,1,P4_CV0,2,1,1,2,0,0,2,0,2
81,-323068.7436,-1221387.185,E81_F94_m58f58_P81_Y6_UO2777,I58_F99_m-1f-1_P92_Y-1_U212,I58_F72_m80f80_P81_Y4_UO3681,FXX,1,0.0,1,1,1.0,0,0,0,-9999.0,0.6875,1,P4_CV0,2,1,1,1,1,0,2,0,2
81,-323068.7436,-1221387.185,E81_F94_m80f80_P81_Y6_UO3815,ID80_F72_m-1f-1_P80_Y-1_U101,I80_F81_m5f5_P81_Y3_UO346,FXX,1,0.0,1,1,1.0,0,0,0,-9999.0,0.5625,1,P4_CV0,2,0,2,0,2,0,2,0,2
81,-323068.7436,-1221387.185,E81_F5_m5f5_P81_Y5_UO369,I5_F81_m5f5_P81_Y0_UO344,I5_F81_m5f5_P81_Y3_UO335,MXY,2,0.0,1,0,0.0,0,0,0,-9999.0,0.5625,1,P4_CV0,2,2,0,2,0,0,2,0,2
81,-323068.7436,-1221387.185,E81_F5_m80f80_P72_Y5_UO3685,I80_F81_m5f5_P81_Y3_UO325,I80_F81_m5f5_P81_Y2_UO341,MXY,2,0.0,1,0,0.0,0,0,0,-9999.0,0.5625,1,P4_CV0,2,1,1,1,1,0,2,0,2
81,-323068.7436,-1221387.185,E81_F5_m5f5_P81_Y5_UO395,ID5_F81_m-1f-1_P5_Y-1_U76,I5_F81_m80f80_P72_Y0_UO3950,MXY,2,0.0,1,0,0.0,0,0,0,-9999.0,0.375,1,P4_CV0,2,1,1,1,1,0,2,0,2
81,-323068.7436,-1221387.185,E81_F5_m80f80_P72_Y5_UO3695,ID80_F81_m5f5_P81_Y3_UO313,I80_F81_m5f5_P81_Y3_UO346,MXY,2,0.0,1,0,0.0,0,0,0,-9999.0,0.375,1,P4_CV0,2,1,1,1,1,0,2,0,2
81,-323068.7436,-1221387.185,E81_F5_m5f5_P81_Y5_UO362,I5_F81_m94f94_P81_Y1_UO4160,ID5_F81_m-1f-1_P5_Y-1_U244,MXY,2,0.0,1,0,0.0,0,0,0,-9999.0,0.625,1,P4_CV0,2,1,1,1,1,0,2,0,2
81,-323068.7436,-1221387.185,E81_F5_m5f5_P72_Y5_UO376,I5_F72_m80f80_P81_Y0_UO4008,ID5_F81_m-1f-1_P5_Y-1_U230,MXY,2,0.0,1,0,0.0,0,0,0,-9999.0,0.75,1,P4_CV0,2,2,0,1,1,0,2,0,2
81,-323068.7436,-1221387.185,E81_F5_m58f58_P81_Y5_UO2738,I58_F81_m50f50_P99_Y0_UO2613,I58_F99_m5f5_P81_Y3_UO277,MXY,2,0.0,1,0,0.0,0,0,0,-9999.0,0.5,1,P4_CV0,2,1,1,1,1,0,2,0,2
81,-323068.7436,-1221387.185,E81_F5_m80f80_P81_Y5_UO3761,I80_F81_m-1f-1_P5_Y-1_U72,I80_F72_m58f58_P81_Y3_UO2760,FXX,2,0.0,1,0,1.0,0,0,0,-9999.0,0.625,1,P4_CV0,2,0,2,2,0,0,2,0,2
81,-323068.7436,-1221387.185,E81_F5_m80f80_P81_Y5_UO3726,I80_F81_m5f5_P81_Y1_UO347,I80_F81_m-1f-1_P5_Y-1_U203,MXY,2,0.0,1,0,0.0,0,0,0,-9999.0,0.875,1,P4_CV0,2,1,1,1,1,0,2,0,2
81,-323068.7436,-1221387.185,E81_F5_m5f5_P81_Y5_UO392,I5_F81_m-1f-1_P5_Y-1_U221,ID5_F81_m-1f-1_P80_Y-1_U104,MXY,2,0.0,1,0,0.0,0,0,0,-9999.0,0.5,1,P4_CV0,2,1,1,2,0,0,2,0,2
81,-323068.7436,-1221387.185,E81_F5_m80f80_P81_Y5_UO3723,ID80_F81_m94f94_P81_Y1_UO4235,ID80_F72_m5f5_P81_Y3_UO303,MXY,2,0.0,1,0,0.0,0,0,0,-9999.0,0.75,1,P4_CV0,2,2,0,0,2,0,2,0,2
81,-323068.7436,-1221387.185,E81_F5_m80f80_P81_Y5_UO3673,I80_F81_m80f80_P81_Y3_UO3688,I80_F72_m80f80_P72_Y3_UO3664,FXX,2,0.0,1,0,1.0,0,0,0,-9999.0,0.5,1,P4_CV0,2,0,2,1,1,0,2,0,2
81,-323068.7436,-1221387.185,E81_F5_m5f5_P81_Y5_UO387,I5_F81_m-1f-1_P5_Y-1_U118,I5_F81_m47f47_P81_Y2_UO2344,MXY,2,0.0,1,0,0.0,0,0,0,-9999.0,0.0,1,P4_CV0,2,0,2,1,1,0,2,0,2
81,-323068.7436,-1221387.185,E81_F5_m5f5_P81_Y5_UO388,I5_F81_m-1f-1_P5_Y-1_U8,ID5_F81_m-1f-1_P5_Y-1_U230,FXX,2,0.0,1,0,1.0,0,0,0,-9999.0,0.5,1,P4_CV0,2,1,1,2,0,0,2,0,2
81,-323068.7436,-1221387.185,E81_F5_m80f80_P81_Y5_UO3694,I80_F72_m80f80_P72_Y3_UO3644,I80_F72_m-1f-1_P5_Y-1_U120,MXY,2,0.0,1,0,0.0,0,0,0,-9999.0,0.3125,1,P4_CV0,2,0,2,2,0,0,2,0,2
81,-323068.7436,-1221387.185,E81_F5_m5f5_P81_Y5_UO328,I5_F81_m80f80_P81_Y2_UO3685,ID5_F72_m5f5_P81_Y1_UO344,MXY,2,0.0,1,0,0.0,0,0,0,-9999.0,0.3125,1,P4_CV0,2,2,0,1,1,0,2,0,2
81,-323068.7436,-1221387.185,E81_F5_m5f5_P81_Y5_UO341,I5_F72_m80f80_P81_Y2_UO3679,I5_F81_m5f5_P81_Y0_UO305,MXY,2,0.0,1,0,0.0,0,0,0,-9999.0,0.3125,1,P4_CV0,2,0,2,1,1,0,2,0,2
81,-323068.7436,-1221387.185,E81_F5_m5f5_P81_Y5_UO398,I5_F81_m-1f-1_P5_Y-1_U149,I5_F81_m-1f-1_P5_Y-1_U110,MXY,2,0.0,1,0,0.0,0,0,0,-9999.0,0.5,1,P4_CV0,2,2,0,2,0,0,2,0,2
81,-323068.7436,-1221387.185,E81_F5_m5f5_P72_Y5_UO368,ID5_F72_m5f5_P81_Y0_UO318,ID5_F72_m58f58_P72_Y1_UO2620,MXY,2,0.0,1,0,0.0,0,0,0,-9999.0,0.5,1,P4_CV0,2,0,2,1,1,0,2,0,2
81,-323068.7436,-1221387.185,E81_F58_m80f80_P81_Y5_UO3745,I80_F81_m5f5_P81_Y0_UO384,I80_F81_m80f80_P72_Y1_UO3520,MXY,2,0.0,1,0,0.0,0,0,0,-9999.0,0.625,1,P4_CV0,2,1,1,1,1,0,2,0,2
81,-323068.7436,-1221387.185,E81_F80_m80f80_P72_Y5_UO3691,I80_F81_m94f94_P81_Y3_UO4373,I80_F81_m5f5_P81_Y3_UO356,MXY,2,0.0,1,0,0.0,0,0,0,-9999.0,0.75,1,P4_CV0,2,2,0,0,2,0,2,0,2
81,-323068.7436,-1221387.185,E81_F80_m5f5_P81_Y5_UO295,I5_F81_m5f5_P81_Y3_UO377,I5_F81_m5f5_P81_Y0_UO305,FXX,2,0.0,1,0,1.0,0,0,0,-9999.0,0.25,1,P4_CV0,2,0,2,1,1,0,2,0,2
81,-323068.7436,-1221387.185,E81_F80_m80f80_P72_Y5_UO3683,I80_F81_m5f5_P81_Y3_UO373,I80_F72_m80f80_P72_Y3_UO3659,MXY,2,0.0,1,0,0.0,0,0,0,-9999.0,0.625,1,P4_CV0,2,1,1,1,1,0,2,0,2
81,-323068.7436,-1221387.185,E81_F80_m5f5_P81_Y5_UO334,I5_F72_m47f47_P81_Y2_UO2368,I5_F81_m5f5_P81_Y3_UO371,FXX,2,0.0,1,0,1.0,0,0,0,-9999.0,0.5,1,P4_CV0,2,2,0,0,2,0,2,0,2
81,-323068.7436,-1221387.185,E81_F80_m5f5_P72_Y5_UO374,ID5_F81_m5f5_P81_Y0_UO355,I5_F81_m94f94_P81_Y2_UO4437,MXY,2,0.0,1,0,0.0,0,0,0,-9999.0,0.5,1,P4_CV0,2,1,1,1,1,0,2,0,2
81,-323068.7436,-1221387.185,E81_F80_m80f80_P81_Y5_UO3713,I80_F81_m80f80_P72_Y2_UO3713,I80_F81_m5f5_P81_Y3_UO347,FXX,2,0.0,1,0,1.0,0,0,0,-9999.0,0.5,1,P4_CV0,2,1,1,0,2,0,2,0,2
81,-323068.7436,-1221387.185,E81_F80_m5f5_P81_Y5_UO409,I5_F81_m-1f-1_P80_Y-1_U62,I5_F81_m5f5_P72_Y2_UO331,FXX,2,0.0,1,0,1.0,0,0,0,-9999.0,0.1875,1,P4_CV0,2,0,2,0,2,0,2,0,2
81,-323068.7436,-1221387.185,E81_F80_m80f80_P72_Y5_UO3699,I80_F72_m58f58_P81_Y2_UO2733,ID80_F81_m5f5_P72_Y2_UO367,FXX,2,0.0,1,0,1.0,0,0,0,-9999.0,0.625,1,P4_CV0,2,1,1,2,0,0,2,0,2
81,-323068.7436,-1221387.185,E81_F5_m5f5_P81_Y4_UO371,I5_F81_m-1f-1_P5_Y-1_U49,I5_F81_m80f80_P81_Y1_UO3492,FXX,3,0.0,1,0,1.0,0,0,0,-9999.0,0.5,1,P4_CV0,2,1,1,1,1,0,2,0,2
81,-323068.7436,-1221387.185,E81_F5_m80f80_P81_Y4_UO3662,I80_F72_m5f5_P72_Y2_UO387,I80_F72_m5f5_P81_Y0_UO338,FXX,3,0.0,1,0,1.0,0,0,0,-9999.0,0.625,1,P4_CV0,2,2,0,0,2,0,2,0,2
81,-323068.7436,-1221387.185,E81_F5_m80f80_P72_Y4_UO3648,I80_F81_m80f80_P72_Y2_UO3653,ID80_F81_m5f5_P72_Y2_UO319,MXY,3,0.0,1,0,0.0,0,0,0,-9999.0,0.625,1,P4_CV0,2,1,1,0,2,0,2,0,2
81,-323068.7436,-1221387.185,E81_F5_m80f80_P81_Y4_UO3659,I80_F72_m5f5_P81_Y2_UO340,I80_F72_m5f5_P81_Y2_UO308,MXY,3,0.0,1,0,0.0,0,0,0,-9999.0,0.3125,1,P4_CV0,2,1,1,1,1,0,2,0,2
81,-323068.7436,-1221387.185,E81_F5_m5f5_P81_Y4_UO367,I5_F81_m-1f-1_P5_Y-1_U76,I5_F72_m-1f-1_P5_Y-1_U22,MXY,3,0.0,1,0,0.0,0,0,0,-9999.0,0.0,1,P4_CV0,2,0,2,1,1,0,2,0,2
81,-323068.7436,-1221387.185,E81_F5_m5f5_P81_Y4_UO378,I5_F81_m-1f-1_P5_Y-1_U20,I5_F81_m58f58_P81_Y2_UO2753,FXX,3,0.0,1,0,1.0,0,0,0,-9999.0,0.125,1,P4_CV0,2,1,1,1,1,0,2,0,2
81,-323068.7436,-1221387.185,E81_F5_m80f80_P81_Y4_UO3697,I80_F81_m58f58_P81_Y0_UO2965,I80_F72_m-1f-1_P5_Y-1_U120,MXY,3,0.0,1,0,0.0,0,0,0,-9999.0,0.125,1,P4_CV0,2,1,1,1,1,0,2,0,2
81,-323068.7436,-1221387.185,E81_F5_m5f5_P81_Y4_UO274,I5_F81_m47f47_P81_Y2_UO2379,I5_F81_m80f80_P81_Y2_UO3698,MXY,3,0.0,1,0,0.0,0,0,0,-9999.0,0.375,1,P4_CV0,2,1,1,1,1,0,2,0,2
81,-323068.7436,-1221387.185,E81_F5_m80f80_P81_Y4_UO3713,I80_F81_m-1f-1_P80_Y-1_U91,ID80_F81_m5f5_P81_Y0_UO377,MXY,3,0.0,1,0,0.0,0,0,0,-9999.0,0.25,1,P4_CV0,2,1,1,1,1,0,2,0,2
81,-323068.7436,-1221387.185,E81_F58_m5f5_P81_Y4_UO363,I5_F81_m-1f-1_P5_Y-1_U118,I5_F72_m5f5_P81_Y0_UO361,MXY,3,0.0,1,0,0.0,0,0,0,-9999.0,0.125,1,P4_CV0,2,1,1,1,1,0,2,0,2
81,-323068.7436,-1221387.185,E81_F80_m80f80_P72_Y4_UO3638,I80_F81_m80f80_P81_Y2_UO3695,I80_F72_m-1f-1_P5_Y-1_U116,FXX,3,0.0,1,0,1.0,0,0,0,-9999.0,0.375,1,P4_CV0,2,0,2,1,1,0,2,0,2
81,-323068.7436,-1221387.185,E81_F80_m5f5_P81_Y4_UO372,I5_F81_m-1f-1_P5_Y-1_U47,I5_F81_m5f5_P72_Y2_UO331,MXY,3,0.0,1,0,0.0,0,0,0,-9999.0,0.6875,1,P4_CV0,2,1,1,1,1,0,2,0,2
81,-323068.7436,-1221387.185,E81_F80_m5f5_P81_Y4_UO298,I5_F81_m5f5_P72_Y2_UO294,I5_F81_m5f5_P81_Y0_UO305,FXX,3,0.0,1,0,1.0,0,0,0,-9999.0,0.25,1,P4_CV0,2,1,1,1,1,0,2,0,2
81,-323068.7436,-1221387.185,E81_F80_m5f5_P72_Y4_UO388,I5_F81_m-1f-1_P5_Y-1_U241,I5_F81_m-1f-1_P5_Y-1_U13,FXX,3,0.0,1,0,1.0,0,0,0,-9999.0,0.5,1,P4_CV0,2,0,2,1,1,0,2,0,2
81,-323068.7436,-1221387.185,E81_F80_m5f5_P81_Y4_UO360,I5_F81_m-1f-1_P5_Y-1_U221,I5_F81_m5f5_P81_Y0_UO353,FXX,3,0.0,1,0,1.0,0,0,0,-9999.0,0.75,1,P4_CV0,2,1,1,1,1,0,2,0,2
81,-323068.7436,-1221387.185,E81_F80_m80f80_P81_Y4_UO3682,I80_F81_m5f5_P81_Y1_UO347,I80_F81_m-1f-1_P5_Y-1_U203,MXY,3,0.0,1,0,0.0,0,0,0,-9999.0,0.875,1,P4_CV0,2,2,0,0,2,0,2,0,2
81,-323068.7436,-1221387.185,E81_F80_m80f80_P81_Y4_UO3688,I80_F81_m5f5_P72_Y1_UO270,ID80_F81_m80f80_P72_Y2_UO3670,MXY,3,0.0,1,0,0.0,0,0,0,-9999.0,0.3125,1,P4_CV0,2,0,2,1,1,0,2,0,2
81,-323068.7436,-1221387.185,E81_F94_m58f58_P81_Y4_UO2717,I58_F99_m50f50_P99_Y0_UO2613,ID58_F81_m-1f-1_P5_Y-1_U12,FXX,3,0.0,1,0,1.0,0,0,0,-9999.0,0.125,1,P4_CV0,2,1,1,0,2,0,2,0,2
81,-323068.7436,-1221387.185,E81_F94_m5f5_P81_Y4_UO346,I5_F81_m80f80_P81_Y0_UO3971,I5_F81_m94f94_P81_Y2_UO4393,FXX,3,0.0,1,0,1.0,0,0,0,-9999.0,0.625,1,P4_CV0,2,1,1,2,0,0,2,0,2
81,-323068.7436,-1221387.185,E81_F5_m5f5_P81_Y3_UO325,ID5_F81_m5f5_P81_Y0_UO369,I5_F81_m58f58_P81_Y1_UO2602,FXX,4,0.0,1,0,1.0,0,0,0,-9999.0,0.625,1,P4_CV0,2,1,1,0,2,0,2,0,2
81,-323068.7436,-1221387.185,E81_F5_m5f5_P81_Y3_UO364,I5_F81_m-1f-1_P5_Y-1_U149,I5_F81_m-1f-1_P80_Y-1_U66,MXY,4,0.0,1,0,0.0,0,0,0,-9999.0,0.5,1,P4_CV0,2,1,1,1,1,0,2,0,2
81,-323068.7436,-1221387.185,E81_F5_m80f80_P81_Y3_UO3718,ID80_F81_m-1f-1_P5_Y-1_U67,I80_F81_m80f80_P81_Y1_UO3480,FXX,4,0.0,1,0,1.0,0,0,0,-9999.0,0.375,1,P4_CV0,2,2,0,2,0,0,2,0,2
81,-323068.7436,-1221387.185,E81_F5_m5f5_P81_Y3_UO346,I5_F81_m-1f-1_P5_Y-1_U150,I5_F81_m47f47_P81_Y1_UO2210,MXY,4,0.0,1,0,0.0,0,0,0,-9999.0,0.625,1,P4_CV0,2,1,1,0,2,0,2,0,2
81,-323068.7436,-1221387.185,E81_F5_m5f5_P81_Y3_UO371,I5_F72_m-1f-1_P5_Y-1_U171,ID5_F81_m47f47_P81_Y0_UO2469,MXY,4,0.0,1,0,0.0,0,0,0,-9999.0,0.5,1,P4_CV0,2,1,1,0,2,0,2,0,2
81,-323068.7436,-1221387.185,E81_F5_m80f80_P81_Y3_UO3670,I80_F72_m94f94_P81_Y1_UO4229,I80_F81_m-1f-1_P80_Y-1_U171,MXY,4,0.0,1,0,0.0,0,0,0,-9999.0,0.125,1,P4_CV0,2,0,2,1,1,0,2,0,2
81,-323068.7436,-1221387.185,E81_F5_m5f5_P81_Y3_UO316,I5_F81_m5f5_P81_Y0_UO344,ID5_F81_m-1f-1_P80_Y-1_U186,FXX,4,0.0,1,0,1.0,0,0,0,-9999.0,0.5,1,P4_CV0,2,2,0,2,0,0,2,0,2
81,-323068.7436,-1221387.185,E81_F5_m80f80_P72_Y3_UO3723,I80_F81_m-1f-1_P5_Y-1_U210,I80_F72_m94f94_P81_Y0_UO4795,FXX,4,0.0,1,0,1.0,0,0,0,-9999.0,0.25,1,P4_CV0,2,0,2,2,0,0,2,0,2
81,-323068.7436,-1221387.185,E81_F5_m5f5_P81_Y3_UO304,ID5_F72_m47f47_P81_Y1_UO2236,I5_F81_m-1f-1_P5_Y-1_U110,MXY,4,0.0,1,0,0.0,0,0,0,-9999.0,0.375,1,P4_CV0,2,0,2,1,1,0,2,0,2
81,-323068.7436,-1221387.185,E81_F5_m80f80_P72_Y3_UO3720,I80_F81_m-1f-1_P5_Y-1_U236,I80_F72_m94f94_P81_Y1_UO4225,MXY,4,0.0,1,0,0.0,0,0,0,-9999.0,0.875,1,P4_CV0,2,1,1,1,1,0,2,0,2
81,-323068.7436,-1221387.185,E81_F5_m5f5_P81_Y3_UO292,I5_F81_m5f5_P81_Y1_UO316,ID5_F81_m-1f-1_P80_Y-1_U165,FXX,4,0.0,1,0,1.0,0,0,0,-9999.0,0.5,1,P4_CV0,2,1,1,2,0,0,2,0,2
81,-323068.7436,-1221387.185,E81_F80_m80f80_P81_Y3_UO3674,ID80_F72_m5f5_P72_Y0_UO313,ID80_F81_m-1f-1_P50_Y-1_U122,FXX,4,0.0,1,0,1.0,0,0,0,-9999.0,0.5,1,P4_CV0,2,1,1,1,1,0,2,0,2
81,-323068.7436,-1221387.185,E81_F80_m5f5_P81_Y3_UO303,ID5_F81_m5f5_P72_Y1_UO274,ID5_F81_m5f5_P81_Y0_UO353,MXY,4,0.0,1,0,0.0,0,0,0,-9999.0,0.75,1,P4_CV0,2,2,0,0,2,0,2,0,2
81,-323068.7436,-1221387.185,E81_F80_m80f80_P72_Y3_UO3659,ID80_F81_m5f5_P72_Y1_UO315,I80_F81_m5f5_P81_Y1_UO305,MXY,4,0.0,1,0,0.0,0,0,0,-9999.0,0.75,1,P4_CV0,2,1,1,1,1,0,2,0,2
81,-323068.7436,-1221387.185,E81_F80_m5f5_P81_Y3_UO307,I5_F81_m5f5_P81_Y1_UO303,I5_F72_m-1f-1_P5_Y-1_U122,FXX,4,0.0,1,0,1.0,0,0,0,-9999.0,0.25,1,P4_CV0,2,0,2,2,0,0,2,0,2
81,-323068.7436,-1221387.185,E81_F80_m80f80_P72_Y3_UO3664,I80_F81_m5f5_P81_Y1_UO286,I80_F81_m-1f-1_P5_Y-1_U238,MXY,4,0.0,1,0,0.0,0,0,0,-9999.0,0.375,1,P4_CV0,2,1,1,2,0,0,2,0,2
81,-323068.7436,-1221387.185,E81_F5_m5f5_P81_Y2_UO370,I5_F81_m-1f-1_P5_Y-1_U46,I5_F72_m47f47_P81_Y0_UO2430,MXY,5,0.0,1,0,0.0,0,0,0,-9999.0,0.5,1,P4_CV0,2,2,0,1,1,0,2,0,2
81,-323068.7436,-1221387.185,E81_F5_m5f5_P81_Y2_UO373,I5_F81_m-1f-1_P5_Y-1_U60,I5_F81_m-1f-1_P5_Y-1_U203,MXY,5,0.0,1,0,0.0,0,0,0,-9999.0,0.75,1,P4_CV0,2,1,1,2,0,0,2,0,2
81,-323068.7436,-1221387.185,E81_F5_m5f5_P81_Y2_UO386,ID5_F98_m-1f-1_P94_Y-1_U186,I5_F81_m-1f-1_P5_Y-1_U120,MXY,5,0.0,1,0,0.0,0,0,0,-9999.0,0.5,1,P4_CV0,2,1,1,1,1,0,2,0,2
81,-323068.7436,-1221387.185,E81_F5_m5f5_P81_Y2_UO303,I5_F81_m5f5_P72_Y0_UO321,I5_F72_m-1f-1_P5_Y-1_U125,MXY,5,0.0,1,0,0.0,0,0,0,-9999.0,0.625,1,P4_CV0,2,0,2,1,1,0,2,0,2
81,-323068.7436,-1221387.185,E81_F5_m5f5_P81_Y2_UO372,I5_F81_m-1f-1_P5_Y-1_U108,I5_F72_m-1f-1_P80_Y-1_U30,MXY,5,0.0,1,0,0.0,0,0,0,-9999.0,0.75,1,P4_CV0,2,2,0,1,1,0,2,0,2
81,-323068.7436,-1221387.185,E81_F5_m80f80_P81_Y2_UO3679,ID80_F81_m80f80_P81_Y0_UO3945,I80_F72_m5f5_P81_Y0_UO360,FXX,5,0.0,1,0,1.0,0,0,0,-9999.0,0.375,1,P4_CV0,2,0,2,1,1,0,2,0,2
81,-323068.7436,-1221387.185,E81_F5_m80f80_P72_Y2_UO3703,I80_F81_m-1f-1_P80_Y-1_U164,I80_F81_m5f5_P81_Y0_UO314,FXX,5,0.0,1,0,1.0,0,0,0,-9999.0,0.625,1,P4_CV0,2,1,1,1,1,0,2,0,2
81,-323068.7436,-1221387.185,E81_F58_m5f5_P81_Y2_UO345,ID5_F81_m-1f-1_P94_Y-1_U7,ID5_F81_m-1f-1_P5_Y-1_U7,MXY,5,0.0,1,0,0.0,0,0,0,-9999.0,1.0,1,P4_CV0,2,2,0,2,0,0,2,0,2
81,-323068.7436,-1221387.185,E81_F80_m5f5_P72_Y2_UO335,I5_F81_m-1f-1_P5_Y-1_U186,I5_F81_m-1f-1_P5_Y-1_U172,MXY,5,0.0,1,0,0.0,0,0,0,-9999.0,0.0,1,P4_CV0,2,0,2,1,1,0,2,0,2
81,-323068.7436,-1221387.185,E81_F80_m5f5_P81_Y2_UO295,I5_F81_m5f5_P81_Y0_UO352,I5_F81_m47f47_P81_Y0_UO2434,FXX,5,0.0,1,0,1.0,0,0,0,-9999.0,0.25,1,P4_CV0,2,1,1,2,0,0,2,0,2
81,-323068.7436,-1221387.185,E81_F80_m5f5_P81_Y2_UO350,I5_F81_m-1f-1_P5_Y-1_U183,I5_F81_m-1f-1_P5_Y-1_U172,FXX,5,0.0,1,0,1.0,0,0,0,-9999.0,0.0,1,P4_CV0,2,0,2,0,2,0,2,0,2
81,-323068.7436,-1221387.185,E81_F80_m5f5_P72_Y2_UO367,I5_F81_m-1f-1_P5_Y-1_U155,I5_F81_m-1f-1_P5_Y-1_U226,MXY,5,0.0,1,0,0.0,0,0,0,-9999.0,1.0,1,P4_CV0,2,2,0,2,0,0,2,0,2
81,-323068.7436,-1221387.185,E81_F80_m5f5_P81_Y2_UO358,ID5_F72_m-1f-1_P5_Y-1_U49,I5_F81_m-1f-1_P5_Y-1_U219,MXY,5,0.0,1,0,0.0,0,0,0,-9999.0,0.0,1,P4_CV0,2,0,2,1,1,0,2,0,2
81,-323068.7436,-1221387.185,E81_F94_m80f80_P81_Y2_UO3723,ID80_F81_m-1f-1_P5_Y-1_U210,ID80_F81_m-1f-1_P5_Y-1_U190,FXX,5,0.0,1,0,1.0,0,0,0,-9999.0,0.25,1,P4_CV0,2,1,1,1,1,0,2,0,2
81,-323068.7436,-1221387.185,E81_F5_m5f5_P81_Y1_UO303,I5_F81_m-1f-1_P5_Y-1_U152,I5_F81_m-1f-1_P5_Y-1_U215,FXX,6,0.0,1,0,1.0,0,0,0,-9999.0,0.5,1,P4_CV0,2,1,1,1,1,0,2,0,2
81,-323068.7436,-1221387.185,E81_F5_m5f5_P72_Y1_UO270,I5_F81_m-1f-1_P5_Y-1_U137,ID5_F81_m-1f-1_P5_Y-1_U101,FXX,6,0.0,1,0,1.0,0,0,0,-9999.0,0.25,1,P4_CV0,2,0,2,0,2,0,2,0,2
81,-323068.7436,-1221387.185,E81_F58_m5f5_P81_Y1_UO307,ID5_F6_m-1f-1_P58_Y-1_U226,I5_F81_m-1f-1_P5_Y-1_U61,MXY,6,0.0,1,0,0.0,0,0,0,-9999.0,0.5,1,P4_CV0,2,1,1,2,0,0,2,0,2
81,-323068.7436,-1221387.185,E81_F80_m5f5_P72_Y1_UO306,I5_F81_m-1f-1_P5_Y-1_U199,I5_F81_m-1f-1_P5_Y-1_U92,FXX,6,0.0,1,0,1.0,0,0,0,-9999.0,0.5,1,P4_CV0,2,1,1,1,1,0,2,0,2
81,-323068.7436,-1221387.185,E81_F80_m5f5_P81_Y1_UO283,I5_F81_m-1f-1_P5_Y-1_U8,I5_F81_m-1f-1_P5_Y-1_U249,MXY,6,0.0,1,0,0.0,0,0,0,-9999.0,0.75,1,P4_CV0,2,2,0,1,1,0,2,0,2
81,-323068.7436,-1221387.185,E81_F94_m94f94_P81_Y1_UO4229,ID94_F81_m-1f-1_P5_Y-1_U127,I94_F91_m-1f-1_P94_Y-1_U135,FXX,6,0.0,1,0,1.0,0,0,0,-9999.0,0.25,1,P4_CV0,2,1,1,2,0,0,2,0,2
81,-323068.7436,-1221387.185,E81_F94_m5f5_P81_Y1_UO351,ID5_F81_m-1f-1_P5_Y-1_U168,ID5_F81_m-1f-1_P94_Y-1_U171,MXY,6,0.0,1,0,0.0,0,0,0,-9999.0,0.5,1,P4_CV0,2,1,1,0,2,0,2,0,2
81,-323068.7436,-1221387.185,E81_F94_m5f5_P81_Y1_UO330,I5_F81_m-1f-1_P5_Y-1_U69,I5_F81_m-1f-1_P5_Y-1_U172,FXX,6,0.0,1,0,1.0,0,0,0,-9999.0,0.5,1,P4_CV0,2,1,1,0,2,0,2,0,2
81,-323068.7436,-1221387.185,E81_F5_m5f5_P81_Y0_UO343,R5_F5_m-1f-1_P5_Y-1_U123,R5_F5_m-1f-1_P5_Y-1_U95,MXY,7,0.0,1,0,0.0,0,0,0,-9999.0,0.5,1,P4_CV0,2,0,2,1,1,0,2,0,2
81,-323068.7436,-1221387.185,E81_F5_m5f5_P81_Y0_UO344,R5_F5_m-1f-1_P5_Y-1_U124,R5_F5_m-1f-1_P5_Y-1_U216,FXX,7,0.0,1,0,1.0,0,0,0,-9999.0,0.5,1,P4_CV0,2,2,0,1,1,0,2,0,2
81,-323068.7436,-1221387.185,E81_F5_m5f5_P81_Y0_UO305,R5_F5_m-1f-1_P5_Y-1_U24,R5_F5_m-1f-1_P5_Y-1_U23,MXY,7,0.0,1,0,0.0,0,0,0,-9999.0,0.25,1,P4_CV0,2,0,2,2,0,0,2,0,2
81,-323068.7436,-1221387.185,E81_F80_m5f5_P72_Y0_UO313,R5_F5_m-1f-1_P5_Y-1_U50,R5_F5_m-1f-1_P5_Y-1_U216,FXX,7,0.0,1,0,1.0,0,0,0,-9999.0,0.5,1,P4_CV0,2,1,1,0,2,0,2,0,2
81,-323068.7436,-1221387.185,E81_F80_m5f5_P81_Y0_UO314,R5_F5_m-1f-1_P5_Y-1_U52,R5_F5_m-1f-1_P5_Y-1_U157,MXY,7,0.0,1,0,0.0,0,0,0,-9999.0,0.75,1,P4_CV0,2,1,1,1,1,0,2,0,2
81,-323068.7436,-1221387.185,E81_F80_m5f5_P81_Y0_UO318,R5_F5_m-1f-1_P5_Y-1_U63,R5_F5_m-1f-1_P5_Y-1_U74,FXX,7,0.0,1,0,1.0,0,0,0,-9999.0,0.25,1,P4_CV0,2,0,2,0,2,0,2,0,2
81,-323068.7436,-1221387.185,E81_F80_m5f5_P81_Y0_UO331,R5_F5_m-1f-1_P5_Y-1_U96,R5_F5_m-1f-1_P5_Y-1_U130,MXY,7,0.0,1,0,0.0,0,0,0,-9999.0,0.75,1,P4_CV0,2,2,0,1,1,0,2,0,2
81,-323068.7436,-1221387.185,E81_F5_m-1f-1_P5_Y-1_U111,-9999,-9999,FXX,8,0.0,1,0,1.0,0,0,0,-9999.0,1.0,1,P4_CV0,2,2,0,1,1,0,2,0,2
81,-323068.7436,-1221387.185,E81_F5_m-1f-1_P5_Y-1_U110,-9999,-9999,MXY,8,0.0,1,0,0.0,0,0,0,-9999.0,0.5,1,P4_CV0,2,1,1,1,1,0,2,0,2
81,-323068.7436,-1221387.185,E81_F80_m-1f-1_P5_Y-1_U120,-9999,-9999,MXY,8,0.0,1,0,0.0,0,0,0,-9999.0,0.0,1,P4_CV0,2,0,2,2,0,0,2,0,2
81,-323068.7436,-1221387.185,E81_F5_m-1f-1_P5_Y-1_U8,-9999,-9999,FXX,9,0.0,1,0,1.0,0,0,0,-9999.0,0.5,1,P4_CV0,2,1,1,1,1,0,2,0,2
81,-323068.7436,-1221387.185,E81_F5_m-1f-1_P5_Y-1_U86,-9999,-9999,MXY,9,0.0,1,0,0.0,0,0,0,-9999.0,0.5,1,P4_CV0,2,1,1,1,1,0,2,0,2
81,-323068.7436,-1221387.185,E81_F80_m-1f-1_P5_Y-1_U238,-9999,-9999,MXY,9,0.0,1,0,0.0,0,0,0,-9999.0,0.5,1,P4_CV0,2,1,1,2,0,0,2,0,2
81,-323068.7436,-1221387.185,E81_F5_m-1f-1_P5_Y-1_U76,-9999,-9999,FXX,10,0.0,1,0,1.0,0,0,0,-9999.0,0.0,1,P4_CV0,2,0,2,1,1,0,2,0,2
81,-323068.7436,-1221387.185,E81_F80_m-1f-1_P5_Y-1_U154,-9999,-9999,FXX,10,0.0,1,0,1.0,0,0,0,-9999.0,0.5,1,P4_CV0,2,1,1,1,1,0,2,0,2
81,-323068.7436,-1221387.185,E81_F5_m-1f-1_P5_Y-1_U100,-9999,-9999,MXY,11,0.0,1,0,0.0,0,0,0,-9999.0,0.0,1,P4_CV0,2,0,2,2,0,0,2,0,2
81,-323068.7436,-1221387.185,E81_F5_m-1f-1_P5_Y-1_U149,-9999,-9999,FXX,11,0.0,1,0,1.0,0,0,0,-9999.0,0.5,1,P4_CV0,2,1,1,2,0,0,2,0,2
81,-323068.7436,-1221387.185,E81_F80_m-1f-1_P5_Y-1_U67,-9999,-9999,FXX,11,0.0,1,0,1.0,0,0,0,-9999.0,0.5,1,P4_CV0,2,1,1,1,1,0,2,0,2
81,-323068.7436,-1221387.185,E81_F94_m-1f-1_P5_Y-1_U49,-9999,-9999,FXX,11,0.0,1,0,1.0,0,0,0,-9999.0,0.0,1,P4_CV0,2,0,2,1,1,0,2,0,2
81,-323068.7436,-1221387.185,E81_F5_m-1f-1_P5_Y-1_U230,-9999,-9999,MXY,12,0.0,1,0,0.0,0,0,0,-9999.0,0.5,1,P4_CV0,2,1,1,1,1,0,2,0,2
81,-323068.7436,-1221387.185,E81_F5_m-1f-1_P5_Y-1_U35,-9999,-9999,MXY,12,0.0,1,0,0.0,0,0,0,-9999.0,0.5,1,P4_CV0,2,1,1,1,1,0,2,0,2
81,-323068.7436,-1221387.185,E81_F5_m-1f-1_P5_Y-1_U103,-9999,-9999,MXY,12,0.0,1,0,0.0,0,0,0,-9999.0,0.0,1,P4_CV0,2,0,2,1,1,0,2,0,2
81,-323068.7436,-1221387.185,E81_F80_m-1f-1_P5_Y-1_U116,-9999,-9999,MXY,12,0.0,1,0,0.0,0,0,0,-9999.0,0.5,1,P4_CV0,2,1,1,0,2,0,2,0,2
81,-323068.7436,-1221387.185,E81_F5_m-1f-1_P5_Y-1_U94,-9999,-9999,MXY,13,0.0,1,0,0.0,0,0,0,-9999.0,0.0,1,P4_CV0,2,0,2,2,0,0,2,0,2
81,-323068.7436,-1221387.185,E81_F58_m-1f-1_P5_Y-1_U130,-9999,-9999,MXY,13,0.0,1,0,0.0,0,0,0,-9999.0,1.0,1,P4_CV0,2,2,0,1,1,0,2,0,2
81,-323068.7436,-1221387.185,E81_F80_m-1f-1_P5_Y-1_U72,-9999,-9999,FXX,13,0.0,1,0,1.0,0,0,0,-9999.0,0.5,1,P4_CV0,2,1,1,2,0,0,2,0,2
81,-323068.7436,-1221387.185,E81_F80_m-1f-1_P5_Y-1_U190,-9999,-9999,MXY,13,0.0,1,0,0.0,0,0,0,-9999.0,0.5,1,P4_CV0,2,1,1,1,1,0,2,0,2
81,-323068.7436,-1221387.185,E81_F5_m-1f-1_P5_Y-1_U9,-9999,-9999,MXY,15,0.0,1,0,0.0,0,0,0,-9999.0,1.0,1,P4_CV0,2,2,0,1,1,0,2,0,2
81,-323068.7436,-1221387.185,E81_F5_m17f17_P81_Y6_UO1012,I17_F64_m56f56_P59_Y0_UO2840,ID17_F64_m56f56_P59_Y4_UO2670,MXY,1,0.0,1,1,0.0,0,0,0,-9999.0,0.375,1,P55_CV0,2,1,1,2,0,0,2,0,2
81,-323068.7436,-1221387.185,E81_F95_m79f79_P64_Y4_UO3554,I79_F64_m56f56_P59_Y1_UO2569,I79_F59_m17f17_P64_Y2_UO940,MXY,3,0.0,1,0,0.0,0,0,0,-9999.0,0.4375,1,P55_CV0,2,1,1,1,1,0,2,0,2
81,-323068.7436,-1221387.185,Age0_F81_m5f5_P81_Y7_UO309,ID5_F64_m17f17_P64_Y5_UO959,I5_F81_m58f58_P81_Y2_UO2739,FXX,0,0.0,0,0,0.0,0,0,0,0.0,0.59375,1,P57_CV0,2,1,1,0,2,0,2,0,2
81,-323068.7436,-1221387.185,Age0_F81_m5f5_P81_Y7_UO326,I5_F81_m58f58_P72_Y5_UO2746,I5_F81_m58f58_P81_Y2_UO2795,MXY,0,0.0,0,0,0.0,0,0,0,0.0,0.25,1,P57_CV0,2,0,2,2,0,0,2,0,2
81,-323068.7436,-1221387.185,Age0_F81_m5f5_P81_Y7_UO327,I5_F81_m80f80_P81_Y5_UO3678,I5_F81_m-1f-1_P5_Y-1_U94,FXX,0,0.0,0,0,0.0,0,0,0,0.0,0.125,1,P57_CV0,2,1,1,2,0,0,2,0,2
81,-323068.7436,-1221387.185,Age0_F81_m5f5_P81_Y7_UO329,I5_F81_m5f5_P81_Y5_UO300,I5_F81_m5f5_P81_Y5_UO411,FXX,0,0.0,0,0,0.0,0,0,0,0.0,0.75,1,P57_CV0,2,1,1,0,2,0,2,0,2
81,-323068.7436,-1221387.185,Age0_F81_m5f5_P81_Y7_UO338,ID5_F81_m5f5_P81_Y4_UO292,I5_F81_m5f5_P81_Y5_UO363,FXX,0,0.0,0,0,0.0,0,0,0,0.0,0.4375,1,P57_CV0,2,0,2,1,1,0,2,0,2
81,-323068.7436,-1221387.185,Age0_F81_m5f5_P81_Y7_UO340,I5_F81_m5f5_P81_Y4_UO364,I5_F81_m80f80_P81_Y5_UO3701,FXX,0,0.0,0,0,0.0,0,0,0,0.0,0.5625,1,P57_CV0,2,2,0,2,0,0,2,0,2
81,-323068.7436,-1221387.185,Age0_F81_m5f5_P81_Y7_UO348,ID5_F81_m5f5_P72_Y4_UO297,I5_F81_m-1f-1_P58_Y-1_U128,MXY,0,0.0,0,0,0.0,0,0,0,0.0,0.625,1,P57_CV0,2,1,1,1,1,0,2,0,2
81,-323068.7436,-1221387.185,Age0_F81_m5f5_P81_Y7_UO352,I5_F81_m5f5_P81_Y4_UO334,I5_F81_m58f58_P81_Y2_UO2739,FXX,0,0.0,0,0,0.0,0,0,0,0.0,0.625,1,P57_CV0,2,2,0,0,2,0,2,0,2
81,-323068.7436,-1221387.185,Age0_F81_m5f5_P81_Y7_UO355,ID5_F81_m94f94_P81_Y4_UO4406,ID5_F72_m80f80_P72_Y5_UO3741,FXX,0,0.0,0,0,0.0,0,0,0,0.0,0.5,1,P57_CV0,2,1,1,0,2,0,2,0,2
81,-323068.7436,-1221387.185,Age0_F81_m5f5_P81_Y7_UO366,ID5_F81_m58f58_P81_Y3_UO2720,I5_F81_m80f80_P72_Y5_UO3685,MXY,0,0.0,0,0,0.0,0,0,0,0.0,0.53125,1,P57_CV0,2,1,1,2,0,0,2,0,2
81,-323068.7436,-1221387.185,Age0_F81_m5f5_P81_Y7_UO367,ID5_F81_m5f5_P81_Y3_UO359,I5_F81_m58f58_P81_Y2_UO2736,MXY,0,0.0,0,0,0.0,0,0,0,0.0,0.8125,1,P57_CV0,2,2,0,0,2,0,2,0,2
81,-323068.7436,-1221387.185,Age0_F81_m5f5_P81_Y7_UO369,I5_F81_m5f5_P81_Y3_UO337,ID5_F81_m-1f-1_P5_Y-1_U86,MXY,0,0.0,0,0,0.0,0,0,0,0.0,0.625,1,P57_CV0,2,0,2,0,2,0,2,0,2
81,-323068.7436,-1221387.185,Age0_F81_m5f5_P81_Y7_UO379,ID5_F81_m58f58_P81_Y2_UO2783,ID5_F81_m-1f-1_P5_Y-1_U86,FXX,0,0.0,0,0,0.0,0,0,0,0.0,0.625,1,P57_CV0,2,0,2,1,1,0,2,0,2
81,-323068.7436,-1221387.185,Age0_F81_m5f5_P81_Y7_UO384,ID5_F81_m80f80_P81_Y2_UO3679,I5_F81_m58f58_P81_Y2_UO2739,MXY,0,0.0,0,0,0.0,0,0,0,0.0,0.4375,1,P57_CV0,2,1,1,1,1,0,2,0,2
81,-323068.7436,-1221387.185,Age0_F81_m5f5_P81_Y7_UO393,I5_F81_m5f5_P72_Y1_UO270,I5_F81_m-1f-1_P58_Y-1_U128,MXY,0,0.0,0,0,0.0,0,0,0,0.0,0.375,1,P57_CV0,2,0,2,1,1,0,2,0,2
81,-323068.7436,-1221387.185,Age0_F81_m5f5_P81_Y7_UO394,I5_F81_m58f58_P81_Y1_UO2684,I5_F81_m-1f-1_P80_Y-1_U109,FXX,0,0.0,0,0,0.0,0,0,0,0.0,0.375,1,P57_CV0,2,0,2,0,2,0,2,0,2
81,-323068.7436,-1221387.185,Age0_F81_m5f5_P81_Y7_UO399,I5_F72_m58f58_P81_Y0_UO2943,I5_F72_m58f58_P81_Y4_UO2698,FXX,0,0.0,0,0,0.0,0,0,0,0.0,0.6875,1,P57_CV0,2,2,0,2,0,0,2,0,2
81,-323068.7436,-1221387.185,Age0_F81_m5f5_P81_Y7_UO400,I5_F72_m80f80_P72_Y0_UO3959,I5_F81_m80f80_P81_Y5_UO3701,MXY,0,0.0,0,0,0.0,0,0,0,0.0,0.5625,1,P57_CV0,2,0,2,1,1,0,2,0,2
81,-323068.7436,-1221387.185,Age0_F81_m50f50_P81_Y7_UO2468,I50_F99_m58f58_P99_Y0_UO2954,I50_F99_m40f40_P6_Y2_UO1873,FXX,0,0.0,0,0,0.0,0,0,0,0.0,0.625,1,P57_CV0,2,1,1,1,1,0,2,0,2
81,-323068.7436,-1221387.185,Age0_F81_m58f58_P81_Y7_UO2725,I58_F99_m58f58_P99_Y3_UO2736,ID58_F99_m42f42_P99_Y3_UO1962,MXY,0,0.0,0,0,0.0,0,0,0,0.0,0.4375,1,P57_CV0,2,1,1,2,0,0,2,0,2
81,-323068.7436,-1221387.185,Age0_F81_m58f58_P81_Y7_UO2731,ID58_F99_m90f90_P35_Y2_UO4225,I58_F81_m-1f-1_P58_Y-1_U92,FXX,0,0.0,0,0,0.0,0,0,0,0.0,0.75,1,P57_CV0,2,1,1,2,0,0,2,0,2
81,-323068.7436,-1221387.185,Age0_F81_m58f58_P81_Y7_UO2736,I58_F81_m50f50_P99_Y1_UO2292,ID58_F99_m42f42_P99_Y3_UO1962,MXY,0,0.0,0,0,0.0,0,0,0,0.0,0.6875,1,P57_CV0,2,1,1,1,1,0,2,0,2
81,-323068.7436,-1221387.185,Age0_F81_m58f58_P81_Y7_UO2755,ID58_F99_m-1f-1_P58_Y-1_U141,I58_F99_m80f80_P72_Y1_UO3548,FXX,0,0.0,0,0,0.0,0,0,0,0.0,0.5,1,P57_CV0,2,1,1,1,1,0,2,0,2
81,-323068.7436,-1221387.185,Age0_F81_m58f58_P81_Y7_UO2767,I58_F81_m-1f-1_P58_Y-1_U237,I58_F81_m-1f-1_P58_Y-1_U92,FXX,0,0.0,0,0,0.0,0,0,0,0.0,1.0,1,P57_CV0,2,2,0,0,2,0,2,0,2
81,-323068.7436,-1221387.185,Age0_F81_m80f80_P81_Y7_UO3691,I80_F81_m47f47_P81_Y5_UO2338,I80_F81_m58f58_P81_Y1_UO2602,FXX,0,0.0,0,0,0.0,0,0,0,0.0,0.75,1,P57_CV0,2,2,0,1,1,0,2,0,2
81,-323068.7436,-1221387.185,Age0_F81_m80f80_P81_Y7_UO3704,I80_F72_m94f94_P81_Y5_UO4420,I80_F81_m58f58_P81_Y3_UO2764,FXX,0,0.0,0,0,0.0,0,0,0,0.0,0.53125,1,P57_CV0,2,1,1,1,1,0,2,0,2
81,-323068.7436,-1221387.185,Age0_F81_m80f80_P81_Y7_UO3715,I80_F72_m80f80_P72_Y4_UO3701,I80_F81_m5f5_P81_Y0_UO331,FXX,0,0.0,0,0,0.0,0,0,0,0.0,0.5,1,P57_CV0,2,1,1,0,2,0,2,0,2
81,-323068.7436,-1221387.185,Age0_F81_m80f80_P81_Y7_UO3733,ID80_F81_m50f50_P81_Y4_UO2422,I80_F81_m80f80_P72_Y3_UO3714,MXY,0,0.0,0,0,0.0,0,0,0,0.0,0.75,1,P57_CV0,2,2,0,1,1,0,2,0,2
81,-323068.7436,-1221387.185,Age0_F81_m80f80_P81_Y7_UO3752,I80_F81_m94f94_P81_Y3_UO4411,ID80_F81_m58f58_P81_Y1_UO2638,FXX,0,0.0,0,0,0.0,0,0,0,0.0,0.75,1,P57_CV0,2,1,1,2,0,0,2,0,2
81,-323068.7436,-1221387.185,Age0_F81_m80f80_P81_Y7_UO3772,I80_F81_m80f80_P81_Y1_UO3475,ID80_F81_m5f5_P81_Y5_UO306,FXX,0,0.0,0,0,0.0,0,0,0,0.0,0.75,1,P57_CV0,2,2,0,0,2,0,2,0,2
81,-323068.7436,-1221387.185,Age0_F81_m80f80_P81_Y7_UO3776,I80_F81_m58f58_P81_Y0_UO2993,I80_F81_m5f5_P72_Y5_UO315,MXY,0,0.0,0,0,0.0,0,0,0,0.0,0.625,1,P57_CV0,2,1,1,0,2,0,2,0,2
81,-323068.7436,-1221387.185,Age0_F81_m80f80_P81_Y7_UO3789,I80_F72_m-1f-1_P58_Y-1_U226,I80_F81_m58f58_P81_Y1_UO2602,MXY,0,0.0,0,0,0.0,0,0,0,0.0,0.625,1,P57_CV0,2,1,1,0,2,0,2,0,2
81,-323068.7436,-1221387.185,Age0_F81_m94f94_P81_Y7_UO4432,I94_F98_m58f58_P81_Y5_UO2726,I94_F81_m-1f-1_P58_Y-1_U14,FXX,0,0.0,0,0,0.0,0,0,0,0.0,0.625,1,P57_CV0,2,2,0,1,1,0,2,0,2
81,-323068.7436,-1221387.185,Age0_F81_m94f94_P81_Y7_UO4464,I94_F98_m58f58_P99_Y0_UO2963,I94_F81_m47f47_P81_Y4_UO2323,MXY,0,0.0,0,0,0.0,0,0,0,0.0,0.5,1,P57_CV0,2,0,2,0,2,0,2,0,2
81,-323068.7436,-1221387.185,Age0_F81_m94f94_P81_Y7_UO4469,ID94_F6_m-1f-1_P58_Y-1_U37,I94_F81_m80f80_P81_Y4_UO3660,FXX,0,0.0,0,0,0.0,0,0,0,0.0,0.4375,1,P57_CV0,2,1,1,1,1,0,2,0,2
81,-323068.7436,-1221387.185,Age0_F81_m94f94_P81_Y7_UO4470,I94_F91_m-1f-1_P58_Y-1_U145,I94_F81_m94f94_P81_Y5_UO4437,FXX,0,0.0,0,0,0.0,0,0,0,0.0,0.28125,1,P57_CV0,2,1,1,1,1,0,2,0,2
81,-323068.7436,-1221387.185,E81_F5_m5f5_P72_Y6_UO351,I5_F81_m5f5_P81_Y3_UO340,I5_F81_m5f5_P81_Y3_UO355,MXY,1,0.0,1,1,0.0,0,0,0,-9999.0,0.5,1,P57_CV0,2,1,1,2,0,0,2,0,2
81,-323068.7436,-1221387.185,E81_F5_m80f80_P72_Y6_UO3738,I80_F81_m47f47_P81_Y3_UO2312,I80_F72_m58f58_P81_Y2_UO2792,MXY,1,0.0,1,1,0.0,0,0,0,-9999.0,0.375,1,P57_CV0,2,2,0,1,1,0,2,0,2
81,-323068.7436,-1221387.185,E81_F5_m80f80_P72_Y6_UO3742,I80_F72_m58f58_P81_Y3_UO2758,ID80_F81_m80f80_P72_Y4_UO3736,FXX,1,0.0,1,1,1.0,0,0,0,-9999.0,0.625,1,P57_CV0,2,1,1,1,1,0,2,0,2
81,-323068.7436,-1221387.185,E81_F5_m80f80_P72_Y6_UO3788,I80_F72_m5f5_P72_Y0_UO313,I80_F72_m58f58_P81_Y3_UO2764,MXY,1,0.0,1,1,0.0,0,0,0,-9999.0,0.5,1,P57_CV0,2,1,1,1,1,0,2,0,2
81,-323068.7436,-1221387.185,E81_F5_m80f80_P72_Y6_UO3816,I80_F81_m-1f-1_P5_Y-1_U131,I80_F72_m58f58_P81_Y2_UO2792,FXX,1,0.0,1,1,1.0,0,0,0,-9999.0,0.75,1,P57_CV0,2,1,1,1,1,0,2,0,2
81,-323068.7436,-1221387.185,E81_F5_m5f5_P81_Y6_UO315,I5_F81_m5f5_P81_Y4_UO281,I5_F72_m5f5_P81_Y4_UO285,MXY,1,0.0,1,1,0.0,0,0,0,-9999.0,0.46875,1,P57_CV0,2,0,2,2,0,0,2,0,2
81,-323068.7436,-1221387.185,E81_F5_m5f5_P81_Y6_UO325,I5_F81_m5f5_P81_Y4_UO298,I5_F81_m80f80_P81_Y4_UO3658,MXY,1,0.0,1,1,0.0,0,0,0,-9999.0,0.4375,1,P57_CV0,2,1,1,2,0,0,2,0,2
81,-323068.7436,-1221387.185,E81_F5_m5f5_P81_Y6_UO327,I5_F81_m50f50_P81_Y4_UO2422,ID5_F81_m5f5_P81_Y4_UO358,MXY,1,0.0,1,1,0.0,0,0,0,-9999.0,0.53125,1,P57_CV0,2,2,0,1,1,0,2,0,2
81,-323068.7436,-1221387.185,E81_F5_m5f5_P81_Y6_UO354,I5_F81_m5f5_P81_Y3_UO316,I5_F72_m58f58_P99_Y3_UO2771,MXY,1,0.0,1,1,0.0,0,0,0,-9999.0,0.5,1,P57_CV0,2,2,0,1,1,0,2,0,2
81,-323068.7436,-1221387.185,E81_F5_m5f5_P81_Y6_UO359,I5_F72_m80f80_P81_Y3_UO3673,I5_F81_m80f80_P81_Y4_UO3658,FXX,1,0.0,1,1,1.0,0,0,0,-9999.0,0.5625,1,P57_CV0,2,2,0,2,0,0,2,0,2
81,-323068.7436,-1221387.185,E81_F5_m5f5_P81_Y6_UO378,I5_F72_m58f58_P81_Y1_UO2684,ID5_F81_m80f80_P81_Y4_UO3682,MXY,1,0.0,1,1,0.0,0,0,0,-9999.0,0.5625,1,P57_CV0,2,2,0,0,2,0,2,0,2
81,-323068.7436,-1221387.185,E81_F5_m5f5_P81_Y6_UO410,I5_F81_m-1f-1_P58_Y-1_U185,I5_F81_m80f80_P72_Y3_UO3720,MXY,1,0.0,1,1,0.0,0,0,0,-9999.0,0.9375,1,P57_CV0,2,2,0,2,0,0,2,0,2
81,-323068.7436,-1221387.185,E81_F5_m58f58_P81_Y6_UO2752,I58_F99_m58f58_P99_Y1_UO2614,ID58_F99_m40f40_P57_Y0_UO2004,MXY,1,0.0,1,1,0.0,0,0,0,-9999.0,0.25,1,P57_CV0,2,0,2,1,1,0,2,0,2
81,-323068.7436,-1221387.185,E81_F5_m58f58_P81_Y6_UO2778,I58_F99_m-1f-1_P58_Y-1_U24,I58_F99_m-1f-1_P42_Y-1_U174,FXX,1,0.0,1,1,1.0,0,0,0,-9999.0,1.0,1,P57_CV0,2,2,0,1,1,0,2,0,2
81,-323068.7436,-1221387.185,E81_F5_m80f80_P81_Y6_UO3698,I80_F72_m94f94_P81_Y4_UO4406,I80_F81_m5f5_P81_Y0_UO358,MXY,1,0.0,1,1,0.0,0,0,0,-9999.0,0.625,1,P57_CV0,2,2,0,1,1,0,2,0,2
81,-323068.7436,-1221387.185,E81_F5_m80f80_P81_Y6_UO3707,I80_F81_m80f80_P81_Y4_UO3676,ID80_F91_m58f58_P81_Y3_UO2733,FXX,1,0.0,1,1,1.0,0,0,0,-9999.0,0.4375,1,P57_CV0,2,1,1,0,2,0,2,0,2
81,-323068.7436,-1221387.185,E81_F5_m80f80_P81_Y6_UO3725,I80_F81_m58f58_P81_Y4_UO2761,I80_F81_m5f5_P81_Y3_UO346,FXX,1,0.0,1,1,1.0,0,0,0,-9999.0,0.5625,1,P57_CV0,2,2,0,0,2,0,2,0,2
81,-323068.7436,-1221387.185,E81_F5_m80f80_P81_Y6_UO3778,I80_F72_m5f5_P81_Y1_UO331,ID80_F81_m94f94_P81_Y4_UO4400,FXX,1,0.0,1,1,1.0,0,0,0,-9999.0,0.4375,1,P57_CV0,2,1,1,2,0,0,2,0,2
81,-323068.7436,-1221387.185,E81_F5_m94f94_P81_Y6_UO4460,ID94_F81_m42f42_P99_Y4_UO1951,I94_F81_m58f58_P81_Y4_UO2731,FXX,1,0.0,1,1,1.0,0,0,0,-9999.0,0.28125,1,P57_CV0,2,0,2,2,0,0,2,0,2
81,-323068.7436,-1221387.185,E81_F5_m94f94_P81_Y6_UO4469,I94_F81_m47f47_P81_Y3_UO2352,I94_F81_m-1f-1_P58_Y-1_U228,MXY,1,0.0,1,1,0.0,0,0,0,-9999.0,0.625,1,P57_CV0,2,2,0,1,1,0,2,0,2
81,-323068.7436,-1221387.185,E81_F5_m94f94_P81_Y6_UO4483,I94_F81_m58f58_P81_Y1_UO2604,I94_F81_m80f80_P81_Y4_UO3660,FXX,1,0.0,1,1,1.0,0,0,0,-9999.0,0.4375,1,P57_CV0,2,1,1,2,0,0,2,0,2
81,-323068.7436,-1221387.185,E81_F58_m94f94_P81_Y6_UO4501,I94_F81_m-1f-1_P58_Y-1_U182,I94_F91_m-1f-1_P40_Y-1_U155,FXX,1,0.0,1,1,1.0,0,0,0,-9999.0,0.5,1,P57_CV0,2,1,1,1,1,0,2,0,2
81,-323068.7436,-1221387.185,E81_F58_m92f92_P99_Y6_UO4431,I92_F99_m58f58_P99_Y0_UO2962,I92_F99_m23f23_P57_Y4_UO1162,FXX,1,0.0,1,1,1.0,0,0,0,-9999.0,0.375,1,P57_CV0,2,1,1,1,1,0,2,0,2
81,-323068.7436,-1221387.185,E81_F80_m80f80_P72_Y6_UO3703,I80_F72_m5f5_P81_Y4_UO384,I80_F72_m58f58_P81_Y3_UO2764,FXX,1,0.0,1,1,1.0,0,0,0,-9999.0,0.75,1,P57_CV0,2,2,0,1,1,0,2,0,2
81,-323068.7436,-1221387.185,E81_F80_m80f80_P72_Y6_UO3752,I80_F72_m80f80_P72_Y3_UO3738,I80_F81_m58f58_P81_Y1_UO2638,MXY,1,0.0,1,1,0.0,0,0,0,-9999.0,1.0,1,P57_CV0,2,2,0,1,1,0,2,0,2
81,-323068.7436,-1221387.185,E81_F80_m80f80_P72_Y6_UO3759,I80_F81_m80f80_P81_Y2_UO3697,I80_F72_m58f58_P81_Y1_UO2665,MXY,1,0.0,1,1,0.0,0,0,0,-9999.0,0.6875,1,P57_CV0,2,1,1,1,1,0,2,0,2
81,-323068.7436,-1221387.185,E81_F80_m80f80_P72_Y6_UO3790,I80_F81_m80f80_P81_Y0_UO4001,ID80_F91_m58f58_P81_Y3_UO2733,FXX,1,0.0,1,1,1.0,0,0,0,-9999.0,0.6875,1,P57_CV0,2,2,0,1,1,0,2,0,2
81,-323068.7436,-1221387.185,E81_F80_m5f5_P81_Y6_UO314,ID5_F81_m5f5_P81_Y4_UO334,I5_F81_m-1f-1_P80_Y-1_U109,FXX,1,0.0,1,1,1.0,0,0,0,-9999.0,0.625,1,P57_CV0,2,1,1,0,2,0,2,0,2
81,-323068.7436,-1221387.185,E81_F80_m5f5_P81_Y6_UO324,I5_F81_m58f58_P81_Y4_UO2742,I5_F81_m94f94_P81_Y2_UO4393,FXX,1,0.0,1,1,1.0,0,0,0,-9999.0,0.375,1,P57_CV0,2,0,2,2,0,0,2,0,2
81,-323068.7436,-1221387.185,E81_F80_m5f5_P81_Y6_UO344,I5_F81_m94f94_P81_Y3_UO4412,ID5_F81_m-1f-1_P5_Y-1_U230,FXX,1,0.0,1,1,1.0,0,0,0,-9999.0,0.625,1,P57_CV0,2,2,0,1,1,0,2,0,2
81,-323068.7436,-1221387.185,E81_F80_m5f5_P81_Y6_UO346,I5_F81_m5f5_P81_Y3_UO337,ID5_F81_m-1f-1_P94_Y-1_U165,FXX,1,0.0,1,1,1.0,0,0,0,-9999.0,0.625,1,P57_CV0,2,1,1,2,0,0,2,0,2
81,-323068.7436,-1221387.185,E81_F80_m5f5_P81_Y6_UO400,I5_F81_m-1f-1_P5_Y-1_U207,I5_F72_m5f5_P81_Y4_UO285,MXY,1,0.0,1,1,0.0,0,0,0,-9999.0,0.28125,1,P57_CV0,2,0,2,0,2,0,2,0,2
81,-323068.7436,-1221387.185,E81_F80_m58f58_P81_Y6_UO2782,I58_F81_m-1f-1_P58_Y-1_U237,ID58_F99_m-1f-1_P50_Y-1_U97,MXY,1,0.0,1,1,0.0,0,0,0,-9999.0,0.5,1,P57_CV0,2,1,1,0,2,0,2,0,2
81,-323068.7436,-1221387.185,E81_F80_m80f80_P81_Y6_UO3745,I80_F81_m58f58_P81_Y3_UO2750,I80_F81_m5f5_P72_Y4_UO379,MXY,1,0.0,1,1,0.0,0,0,0,-9999.0,0.625,1,P57_CV0,2,1,1,1,1,0,2,0,2
81,-323068.7436,-1221387.185,E81_F80_m80f80_P81_Y6_UO3791,I80_F72_m58f58_P81_Y0_UO2993,I80_F81_m80f80_P72_Y1_UO3540,MXY,1,0.0,1,1,0.0,0,0,0,-9999.0,0.625,1,P57_CV0,2,1,1,0,2,0,2,0,2
81,-323068.7436,-1221387.185,E81_F80_m80f80_P81_Y6_UO3797,I80_F81_m-1f-1_P5_Y-1_U154,I80_F81_m5f5_P81_Y4_UO308,FXX,1,0.0,1,1,1.0,0,0,0,-9999.0,0.4375,1,P57_CV0,2,0,2,2,0,0,2,0,2
81,-323068.7436,-1221387.185,E81_F80_m80f80_P81_Y6_UO3803,I80_F81_m-1f-1_P80_Y-1_U94,I80_F81_m58f58_P81_Y1_UO2638,FXX,1,0.0,1,1,1.0,0,0,0,-9999.0,1.0,1,P57_CV0,2,2,0,1,1,0,2,0,2
81,-323068.7436,-1221387.185,E81_F94_m5f5_P81_Y6_UO330,I5_F72_m94f94_P81_Y4_UO4391,I5_F72_m5f5_P81_Y4_UO315,MXY,1,0.0,1,1,0.0,0,0,0,-9999.0,0.28125,1,P57_CV0,2,0,2,1,1,0,2,0,2
81,-323068.7436,-1221387.185,E81_F94_m5f5_P81_Y6_UO363,ID5_F72_m94f94_P81_Y2_UO4435,ID5_F72_m80f80_P81_Y4_UO3635,FXX,1,0.0,1,1,1.0,0,0,0,-9999.0,0.53125,1,P57_CV0,2,1,1,0,2,0,2,0,2
81,-323068.7436,-1221387.185,E81_F94_m80f80_P81_Y6_UO3757,I80_F72_m58f58_P81_Y2_UO2779,I80_F81_m-1f-1_P80_Y-1_U209,MXY,1,0.0,1,1,0.0,0,0,0,-9999.0,0.875,1,P57_CV0,2,2,0,0,2,0,2,0,2
81,-323068.7436,-1221387.185,E81_F94_m42f42_P99_Y6_UO2059,I42_F99_m5f5_P81_Y1_UO268,I42_F99_m58f58_P99_Y2_UO2784,FXX,1,0.0,1,1,1.0,0,0,0,-9999.0,0.5,1,P57_CV0,2,1,1,2,0,0,2,0,2
81,-323068.7436,-1221387.185,E81_F94_m50f50_P99_Y6_UO2436,I50_F99_m42f42_P99_Y3_UO2009,I50_F99_m50f50_P6_Y4_UO2373,MXY,1,0.0,1,1,0.0,0,0,0,-9999.0,0.625,1,P57_CV0,2,2,0,2,0,0,2,0,2
81,-323068.7436,-1221387.185,E81_F5_m5f5_P81_Y5_UO311,I5_F81_m58f58_P81_Y3_UO2745,I5_F81_m58f58_P81_Y0_UO2989,MXY,2,0.0,1,0,0.0,0,0,0,-9999.0,0.75,1,P57_CV0,2,2,0,2,0,0,2,0,2
81,-323068.7436,-1221387.185,E81_F5_m94f94_P81_Y5_UO4426,I94_F81_m58f58_P81_Y1_UO2604,I94_F81_m-1f-1_P92_Y-1_U44,MXY,2,0.0,1,0,0.0,0,0,0,-9999.0,0.5,1,P57_CV0,2,2,0,2,0,0,2,0,2
81,-323068.7436,-1221387.185,E81_F5_m58f58_P81_Y5_UO2768,I58_F57_m-1f-1_P58_Y-1_U224,I58_F81_m45f45_P99_Y1_UO2054,MXY,2,0.0,1,0,0.0,0,0,0,-9999.0,0.75,1,P57_CV0,2,1,1,1,1,0,2,0,2
81,-323068.7436,-1221387.185,E81_F5_m58f58_P81_Y5_UO2741,I58_F81_m-1f-1_P58_Y-1_U80,I58_F81_m5f5_P81_Y1_UO307,MXY,2,0.0,1,0,0.0,0,0,0,-9999.0,0.5,1,P57_CV0,2,1,1,1,1,0,2,0,2
81,-323068.7436,-1221387.185,E81_F5_m80f80_P72_Y5_UO3670,I80_F81_m80f80_P81_Y3_UO3719,I80_F81_m58f58_P81_Y2_UO2730,MXY,2,0.0,1,0,0.0,0,0,0,-9999.0,0.4375,1,P57_CV0,2,1,1,2,0,0,2,0,2
81,-323068.7436,-1221387.185,E81_F5_m58f58_P81_Y5_UO2750,I58_F72_m-1f-1_P58_Y-1_U117,I58_F91_m58f58_P99_Y2_UO2777,FXX,2,0.0,1,0,1.0,0,0,0,-9999.0,0.75,1,P57_CV0,2,1,1,1,1,0,2,0,2
81,-323068.7436,-1221387.185,E81_F5_m80f80_P72_Y5_UO3680,I80_F72_m58f58_P81_Y3_UO2728,I80_F81_m80f80_P81_Y3_UO3699,MXY,2,0.0,1,0,0.0,0,0,0,-9999.0,0.125,1,P57_CV0,2,0,2,1,1,0,2,0,2
81,-323068.7436,-1221387.185,E81_F5_m5f5_P81_Y5_UO322,ID5_F72_m5f5_P81_Y3_UO340,I5_F81_m58f58_P81_Y2_UO2715,MXY,2,0.0,1,0,0.0,0,0,0,-9999.0,0.5625,1,P57_CV0,2,1,1,1,1,0,2,0,2
81,-323068.7436,-1221387.185,E81_F5_m80f80_P81_Y5_UO3701,I80_F81_m5f5_P81_Y2_UO350,I80_F81_m58f58_P81_Y1_UO2665,MXY,2,0.0,1,0,0.0,0,0,0,-9999.0,0.375,1,P57_CV0,2,1,1,1,1,0,2,0,2
81,-323068.7436,-1221387.185,E81_F5_m58f58_P72_Y5_UO2746,I58_F81_m-1f-1_P58_Y-1_U129,ID58_F91_m-1f-1_P94_Y-1_U82,FXX,2,0.0,1,0,1.0,0,0,0,-9999.0,0.0,1,P57_CV0,2,0,2,1,1,0,2,0,2
81,-323068.7436,-1221387.185,E81_F5_m80f80_P81_Y5_UO3678,I80_F72_m80f80_P81_Y3_UO3683,I80_F81_m-1f-1_P58_Y-1_U3,FXX,2,0.0,1,0,1.0,0,0,0,-9999.0,0.25,1,P57_CV0,2,1,1,2,0,0,2,0,2
81,-323068.7436,-1221387.185,E81_F5_m5f5_P81_Y5_UO300,ID5_F81_m80f80_P72_Y3_UO3729,I5_F81_m58f58_P81_Y2_UO2736,FXX,2,0.0,1,0,1.0,0,0,0,-9999.0,0.75,1,P57_CV0,2,2,0,0,2,0,2,0,2
81,-323068.7436,-1221387.185,E81_F5_m5f5_P81_Y5_UO317,I5_F81_m5f5_P81_Y3_UO294,I5_F81_m58f58_P81_Y2_UO2736,FXX,2,0.0,1,0,1.0,0,0,0,-9999.0,0.625,1,P57_CV0,2,1,1,0,2,0,2,0,2
81,-323068.7436,-1221387.185,E81_F80_m5f5_P81_Y5_UO357,I5_F81_m58f58_P81_Y1_UO2651,I5_F81_m94f94_P81_Y1_UO4180,FXX,2,0.0,1,0,1.0,0,0,0,-9999.0,0.125,1,P57_CV0,2,0,2,2,0,0,2,0,2
81,-323068.7436,-1221387.185,E81_F80_m94f94_P81_Y5_UO4443,I94_F98_m-1f-1_P94_Y-1_U114,I94_F81_m58f58_P81_Y1_UO2668,MXY,2,0.0,1,0,0.0,0,0,0,-9999.0,0.5,1,P57_CV0,2,2,0,1,1,0,2,0,2
81,-323068.7436,-1221387.185,E81_F80_m5f5_P81_Y5_UO297,I5_F72_m80f80_P81_Y3_UO3669,I5_F81_m94f94_P81_Y3_UO4426,FXX,2,0.0,1,0,1.0,0,0,0,-9999.0,0.1875,1,P57_CV0,2,0,2,1,1,0,2,0,2
81,-323068.7436,-1221387.185,E81_F94_m50f50_P99_Y5_UO2378,I50_F99_m42f42_P99_Y3_UO2009,I50_F6_m42f42_P99_Y3_UO2032,MXY,2,0.0,1,0,0.0,0,0,0,-9999.0,0.625,1,P57_CV0,2,1,1,0,2,0,2,0,2
81,-323068.7436,-1221387.185,E81_F94_m42f42_P99_Y5_UO2022,I42_F99_m-1f-1_P58_Y-1_U62,I42_F57_m-1f-1_P50_Y-1_U2,FXX,2,0.0,1,0,1.0,0,0,0,-9999.0,0.5,1,P57_CV0,2,2,0,2,0,0,2,0,2
81,-323068.7436,-1221387.185,E81_F94_m80f80_P81_Y5_UO3721,I80_F72_m80f80_P72_Y2_UO3714,ID80_F81_m58f58_P81_Y3_UO2764,FXX,2,0.0,1,0,1.0,0,0,0,-9999.0,0.5625,1,P57_CV0,2,2,0,1,1,0,2,0,2
81,-323068.7436,-1221387.185,E81_F5_m5f5_P81_Y4_UO285,ID5_F81_m80f80_P81_Y2_UO3677,I5_F81_m58f58_P72_Y1_UO2620,MXY,3,0.0,1,0,0.0,0,0,0,-9999.0,0.5625,1,P57_CV0,2,0,2,1,1,0,2,0,2
81,-323068.7436,-1221387.185,E81_F5_m5f5_P81_Y4_UO292,ID5_F81_m58f58_P81_Y2_UO2722,I5_F81_m5f5_P81_Y0_UO305,FXX,3,0.0,1,0,1.0,0,0,0,-9999.0,0.375,1,P57_CV0,2,0,2,1,1,0,2,0,2
81,-323068.7436,-1221387.185,E81_F5_m58f58_P81_Y4_UO2722,I58_F99_m-1f-1_P58_Y-1_U118,ID58_F81_m-1f-1_P94_Y-1_U159,FXX,3,0.0,1,0,1.0,0,0,0,-9999.0,0.75,1,P57_CV0,2,2,0,0,2,0,2,0,2
81,-323068.7436,-1221387.185,E81_F5_m80f80_P81_Y4_UO3658,I80_F81_m80f80_P72_Y2_UO3713,I80_F72_m58f58_P81_Y1_UO2638,MXY,3,0.0,1,0,0.0,0,0,0,-9999.0,0.625,1,P57_CV0,2,1,1,2,0,0,2,0,2
81,-323068.7436,-1221387.185,E81_F5_m80f80_P81_Y4_UO3690,I80_F72_m58f58_P81_Y0_UO2993,I80_F72_m-1f-1_P80_Y-1_U175,FXX,3,0.0,1,0,1.0,0,0,0,-9999.0,0.625,1,P57_CV0,2,2,0,0,2,0,2,0,2
81,-323068.7436,-1221387.185,E81_F5_m80f80_P81_Y4_UO3635,ID80_F81_m58f58_P81_Y2_UO2779,I80_F72_m5f5_P81_Y2_UO308,MXY,3,0.0,1,0,0.0,0,0,0,-9999.0,0.6875,1,P57_CV0,2,2,0,0,2,0,2,0,2
81,-323068.7436,-1221387.185,E81_F5_m80f80_P81_Y4_UO3693,ID80_F72_m58f58_P81_Y0_UO2943,ID80_F81_m80f80_P72_Y1_UO3483,MXY,3,0.0,1,0,0.0,0,0,0,-9999.0,0.5,1,P57_CV0,2,2,0,1,1,0,2,0,2
81,-323068.7436,-1221387.185,E81_F5_m5f5_P72_Y4_UO297,I5_F81_m80f80_P81_Y2_UO3708,I5_F81_m94f94_P81_Y1_UO4237,FXX,3,0.0,1,0,1.0,0,0,0,-9999.0,0.75,1,P57_CV0,2,1,1,2,0,0,2,0,2
81,-323068.7436,-1221387.185,E81_F5_m5f5_P81_Y4_UO341,ID5_F81_m47f47_P81_Y0_UO2474,I5_F81_m94f94_P81_Y1_UO4237,MXY,3,0.0,1,0,0.0,0,0,0,-9999.0,0.5,1,P57_CV0,2,1,1,2,0,0,2,0,2
81,-323068.7436,-1221387.185,E81_F5_m5f5_P81_Y4_UO334,ID5_F81_m80f80_P72_Y0_UO3959,ID5_F72_m58f58_P81_Y1_UO2602,FXX,3,0.0,1,0,1.0,0,0,0,-9999.0,0.75,1,P57_CV0,2,2,0,0,2,0,2,0,2
81,-323068.7436,-1221387.185,E81_F5_m94f94_P81_Y4_UO4406,I94_F81_m5f5_P81_Y1_UO330,I94_F81_m-1f-1_P58_Y-1_U193,FXX,3,0.0,1,0,1.0,0,0,0,-9999.0,0.5,1,P57_CV0,2,2,0,1,1,0,2,0,2
81,-323068.7436,-1221387.185,E81_F42_m50f50_P99_Y4_UO2392,ID50_F99_m-1f-1_P58_Y-1_U101,ID50_F99_m-1f-1_P58_Y-1_U54,MXY,3,0.0,1,0,0.0,0,0,0,-9999.0,0.25,1,P57_CV0,2,0,2,2,0,0,2,0,2
81,-323068.7436,-1221387.185,E81_F80_m80f80_P72_Y4_UO3701,ID80_F81_m5f5_P81_Y0_UO318,I80_F81_m58f58_P81_Y2_UO2730,FXX,3,0.0,1,0,1.0,0,0,0,-9999.0,0.25,1,P57_CV0,2,0,2,1,1,0,2,0,2
81,-323068.7436,-1221387.185,E81_F80_m94f94_P81_Y4_UO4448,I94_F6_m-1f-1_P5_Y-1_U127,I94_F81_m-1f-1_P58_Y-1_U193,FXX,3,0.0,1,0,1.0,0,0,0,-9999.0,0.25,1,P57_CV0,2,1,1,2,0,0,2,0,2
81,-323068.7436,-1221387.185,E81_F80_m58f58_P81_Y4_UO2732,I58_F99_m-1f-1_P58_Y-1_U219,I58_F99_m-1f-1_P58_Y-1_U19,FXX,3,0.0,1,0,1.0,0,0,0,-9999.0,0.5,1,P57_CV0,2,0,2,1,1,0,2,0,2
81,-323068.7436,-1221387.185,E81_F80_m80f80_P72_Y4_UO3642,I80_F81_m5f5_P81_Y2_UO364,ID80_F81_m5f5_P81_Y2_UO341,MXY,3,0.0,1,0,0.0,0,0,0,-9999.0,0.25,1,P57_CV0,2,0,2,0,2,0,2,0,2
81,-323068.7436,-1221387.185,E81_F80_m50f50_P81_Y4_UO2422,I50_F99_m-1f-1_P50_Y-1_U28,ID50_F99_m-1f-1_P58_Y-1_U64,FXX,3,0.0,1,0,1.0,0,0,0,-9999.0,0.5,1,P57_CV0,2,2,0,1,1,0,2,0,2
81,-323068.7436,-1221387.185,E81_F5_m58f58_P81_Y3_UO2720,ID58_F81_m-1f-1_P58_Y-1_U11,I58_F81_m-1f-1_P58_Y-1_U122,FXX,4,0.0,1,0,1.0,0,0,0,-9999.0,0.5,1,P57_CV0,2,0,2,1,1,0,2,0,2
81,-323068.7436,-1221387.185,E81_F5_m5f5_P81_Y3_UO359,ID5_F81_m-1f-1_P5_Y-1_U154,ID5_F81_m58f58_P72_Y0_UO3028,FXX,4,0.0,1,0,1.0,0,0,0,-9999.0,0.625,1,P57_CV0,2,2,0,1,1,0,2,0,2
81,-323068.7436,-1221387.185,E81_F5_m5f5_P81_Y3_UO337,ID5_F81_m-1f-1_P5_Y-1_U111,I5_F81_m58f58_P81_Y0_UO2989,FXX,4,0.0,1,0,1.0,0,0,0,-9999.0,0.75,1,P57_CV0,2,1,1,1,1,0,2,0,2
81,-323068.7436,-1221387.185,E81_F58_m58f58_P99_Y3_UO2736,I58_F99_m-1f-1_P58_Y-1_U76,I58_F99_m42f42_P99_Y0_UO2102,FXX,4,0.0,1,0,1.0,0,0,0,-9999.0,0.5,1,P57_CV0,2,2,0,2,0,0,2,0,2
81,-323068.7436,-1221387.185,E81_F58_m42f42_P99_Y3_UO2026,I42_F99_m-1f-1_P58_Y-1_U174,I42_F99_m-1f-1_P92_Y-1_U97,MXY,4,0.0,1,0,0.0,0,0,0,-9999.0,0.0,1,P57_CV0,2,0,2,1,1,0,2,0,2
81,-323068.7436,-1221387.185,E81_F80_m58f58_P81_Y3_UO2750,I58_F99_m-1f-1_P50_Y-1_U139,I58_F99_m-1f-1_P58_Y-1_U57,FXX,4,0.0,1,0,1.0,0,0,0,-9999.0,0.75,1,P57_CV0,2,2,0,1,1,0,2,0,2
81,-323068.7436,-1221387.185,E81_F80_m58f58_P81_Y3_UO2764,I58_F99_m-1f-1_P58_Y-1_U168,I58_F81_m-1f-1_P58_Y-1_U126,MXY,4,0.0,1,0,0.0,0,0,0,-9999.0,0.5,1,P57_CV0,2,2,0,1,1,0,2,0,2
81,-323068.7436,-1221387.185,E81_F80_m80f80_P72_Y3_UO3695,ID80_F81_m58f58_P81_Y0_UO2993,I80_F81_m-1f-1_P80_Y-1_U216,MXY,4,0.0,1,0,0.0,0,0,0,-9999.0,0.625,1,P57_CV0,2,2,0,0,2,0,2,0,2
81,-323068.7436,-1221387.185,E81_F94_m58f58_P81_Y3_UO2766,I58_F72_m-1f-1_P58_Y-1_U187,I58_F81_m5f5_P72_Y0_UO304,MXY,4,0.0,1,0,0.0,0,0,0,-9999.0,0.375,1,P57_CV0,2,0,2,2,0,0,2,0,2
81,-323068.7436,-1221387.185,E81_F5_m58f58_P81_Y2_UO2736,I58_F72_m-1f-1_P58_Y-1_U225,ID58_F72_m-1f-1_P5_Y-1_U202,MXY,5,0.0,1,0,0.0,0,0,0,-9999.0,1.0,1,P57_CV0,2,2,0,1,1,0,2,0,2
81,-323068.7436,-1221387.185,E81_F5_m58f58_P81_Y2_UO2783,I58_F81_m-1f-1_P58_Y-1_U224,ID58_F99_m-1f-1_P50_Y-1_U27,FXX,5,0.0,1,0,1.0,0,0,0,-9999.0,0.75,1,P57_CV0,2,1,1,1,1,0,2,0,2
81,-323068.7436,-1221387.185,E81_F5_m58f58_P81_Y2_UO2722,I58_F99_m58f58_P99_Y0_UO3006,ID58_F6_m-1f-1_P58_Y-1_U33,FXX,5,0.0,1,0,1.0,0,0,0,-9999.0,0.5,1,P57_CV0,2,1,1,0,2,0,2,0,2
81,-323068.7436,-1221387.185,E81_F5_m58f58_P81_Y2_UO2739,I58_F81_m-1f-1_P58_Y-1_U129,I58_F81_m-1f-1_P58_Y-1_U181,MXY,5,0.0,1,0,0.0,0,0,0,-9999.0,0.5,1,P57_CV0,2,1,1,1,1,0,2,0,2
81,-323068.7436,-1221387.185,E81_F5_m58f58_P81_Y2_UO2795,I58_F99_m-1f-1_P58_Y-1_U102,ID58_F99_m-1f-1_P58_Y-1_U55,MXY,5,0.0,1,0,0.0,0,0,0,-9999.0,0.5,1,P57_CV0,2,0,2,2,0,0,2,0,2
81,-323068.7436,-1221387.185,E81_F58_m58f58_P99_Y2_UO2777,ID58_F6_m-1f-1_P42_Y-1_U63,I58_F81_m-1f-1_P58_Y-1_U218,MXY,5,0.0,1,0,0.0,0,0,0,-9999.0,0.5,1,P57_CV0,2,1,1,2,0,0,2,0,2
81,-323068.7436,-1221387.185,E81_F80_m5f5_P81_Y2_UO299,I5_F81_m58f58_P81_Y0_UO3002,I5_F81_m94f94_P81_Y0_UO4704,FXX,5,0.0,1,0,1.0,0,0,0,-9999.0,0.375,1,P57_CV0,2,1,1,2,0,0,2,0,2
81,-323068.7436,-1221387.185,E81_F80_m58f58_P81_Y2_UO2792,I58_F81_m-1f-1_P58_Y-1_U89,I58_F99_m-1f-1_P58_Y-1_U183,MXY,5,0.0,1,0,0.0,0,0,0,-9999.0,0.5,1,P57_CV0,2,1,1,1,1,0,2,0,2
81,-323068.7436,-1221387.185,E81_F94_m58f58_P99_Y2_UO2728,I58_F81_m-1f-1_P58_Y-1_U37,I58_F81_m-1f-1_P58_Y-1_U164,MXY,5,0.0,1,0,0.0,0,0,0,-9999.0,0.5,1,P57_CV0,2,0,2,2,0,0,2,0,2
81,-323068.7436,-1221387.185,E81_F5_m94f94_P81_Y1_UO4180,ID94_F99_m-1f-1_P58_Y-1_U178,I94_F81_m-1f-1_P94_Y-1_U79,MXY,6,0.0,1,0,0.0,0,0,0,-9999.0,0.25,1,P57_CV0,2,0,2,1,1,0,2,0,2
81,-323068.7436,-1221387.185,E81_F5_m58f58_P81_Y1_UO2684,I58_F99_m-1f-1_P58_Y-1_U197,I58_F99_m-1f-1_P58_Y-1_U14,FXX,6,0.0,1,0,1.0,0,0,0,-9999.0,0.25,1,P57_CV0,2,1,1,0,2,0,2,0,2
81,-323068.7436,-1221387.185,E81_F5_m58f58_P81_Y1_UO2637,I58_F81_m-1f-1_P58_Y-1_U114,ID58_F81_m-1f-1_P5_Y-1_U109,FXX,6,0.0,1,0,1.0,0,0,0,-9999.0,0.25,1,P57_CV0,2,1,1,1,1,0,2,0,2
81,-323068.7436,-1221387.185,E81_F58_m58f58_P99_Y1_UO2614,I58_F81_m-1f-1_P58_Y-1_U61,I58_F72_m-1f-1_P58_Y-1_U198,FXX,6,0.0,1,0,1.0,0,0,0,-9999.0,0.25,1,P57_CV0,2,0,2,1,1,0,2,0,2
81,-323068.7436,-1221387.185,E81_F80_m58f58_P81_Y1_UO2638,I58_F81_m-1f-1_P58_Y-1_U111,I58_F81_m-1f-1_P58_Y-1_U53,MXY,6,0.0,1,0,0.0,0,0,0,-9999.0,1.0,1,P57_CV0,2,2,0,1,1,0,2,0,2
81,-323068.7436,-1221387.185,E81_F94_m58f58_P81_Y1_UO2683,I58_F99_m-1f-1_P58_Y-1_U32,I58_F6_m-1f-1_P58_Y-1_U191,MXY,6,0.0,1,0,0.0,0,0,0,-9999.0,0.25,1,P57_CV0,2,0,2,1,1,0,2,0,2
81,-323068.7436,-1221387.185,E81_F5_m58f58_P81_Y0_UO2943,R58_F58_m-1f-1_P58_Y-1_U30,R58_F58_m-1f-1_P58_Y-1_U64,FXX,7,0.0,1,0,1.0,0,0,0,-9999.0,0.75,1,P57_CV0,2,2,0,1,1,0,2,0,2
81,-323068.7436,-1221387.185,E81_F50_m58f58_P99_Y0_UO2954,R58_F58_m-1f-1_P58_Y-1_U63,R58_F58_m-1f-1_P58_Y-1_U151,FXX,7,0.0,1,0,1.0,0,0,0,-9999.0,0.75,1,P57_CV0,2,2,0,2,0,0,2,0,2
81,-323068.7436,-1221387.185,E81_F80_m58f58_P81_Y0_UO2993,R58_F58_m-1f-1_P58_Y-1_U149,R58_F58_m-1f-1_P58_Y-1_U138,FXX,7,0.0,1,0,1.0,0,0,0,-9999.0,0.75,1,P57_CV0,2,2,0,0,2,0,2,0,2
81,-323068.7436,-1221387.185,E81_F94_m58f58_P99_Y0_UO2963,R58_F58_m-1f-1_P58_Y-1_U88,R58_F58_m-1f-1_P58_Y-1_U55,FXX,7,0.0,1,0,1.0,0,0,0,-9999.0,0.25,1,P57_CV0,2,0,2,1,1,0,2,0,2
81,-323068.7436,-1221387.185,E81_F58_m-1f-1_P58_Y-1_U33,-9999,-9999,MXY,8,0.0,1,0,0.0,0,0,0,-9999.0,0.5,1,P57_CV0,2,1,1,1,1,0,2,0,2
81,-323068.7436,-1221387.185,E81_F94_m-1f-1_P58_Y-1_U37,-9999,-9999,FXX,8,0.0,1,0,1.0,0,0,0,-9999.0,0.5,1,P57_CV0,2,1,1,1,1,0,2,0,2
81,-323068.7436,-1221387.185,E81_F94_m-1f-1_P58_Y-1_U228,-9999,-9999,MXY,9,0.0,1,0,0.0,0,0,0,-9999.0,1.0,1,P57_CV0,2,2,0,1,1,0,2,0,2
81,-323068.7436,-1221387.185,E81_F94_m-1f-1_P58_Y-1_U145,-9999,-9999,FXX,9,0.0,1,0,1.0,0,0,0,-9999.0,0.0,1,P57_CV0,2,0,2,1,1,0,2,0,2
81,-323068.7436,-1221387.185,E81_F58_m-1f-1_P58_Y-1_U141,-9999,-9999,FXX,10,0.0,1,0,1.0,0,0,0,-9999.0,1.0,1,P57_CV0,2,2,0,1,1,0,2,0,2
81,-323068.7436,-1221387.185,E81_F58_m-1f-1_P58_Y-1_U92,-9999,-9999,MXY,10,0.0,1,0,0.0,0,0,0,-9999.0,1.0,1,P57_CV0,2,2,0,1,1,0,2,0,2
81,-323068.7436,-1221387.185,E81_F80_m-1f-1_P58_Y-1_U226,-9999,-9999,FXX,10,0.0,1,0,1.0,0,0,0,-9999.0,0.5,1,P57_CV0,2,1,1,1,1,0,2,0,2
81,-323068.7436,-1221387.185,E81_F58_m-1f-1_P58_Y-1_U237,-9999,-9999,FXX,14,0.0,1,0,1.0,0,0,0,-9999.0,1.0,1,P57_CV0,2,2,0,1,1,0,2,0,2
81,-323068.7436,-1221387.185,E81_F94_m65f65_P98_Y5_UO3183,I65_F68_m-1f-1_P85_Y-1_U212,I65_F8_m63f63_P8_Y0_UO3299,MXY,2,0.0,1,0,0.0,0,0,0,-9999.0,0.625,1,P62_CV0,2,1,1,0,2,0,2,0,2
81,-323068.7436,-1221387.185,Age0_F81_m94f94_P81_Y7_UO4441,I94_F81_m94f94_P81_Y5_UO4431,I94_F81_m65f65_P91_Y2_UO3131,MXY,0,0.0,0,0,0.0,0,0,0,0.0,0.5,1,P64_CV0,2,0,2,1,1,0,2,0,2
81,-323068.7436,-1221387.185,Age0_F81_m94f94_P81_Y7_UO4473,I94_F99_m-1f-1_P5_Y-1_U49,I94_F81_m65f65_P91_Y2_UO3131,FXX,0,0.0,0,0,0.0,0,0,0,0.0,0.25,1,P64_CV0,2,1,1,0,2,0,2,0,2
81,-323068.7436,-1221387.185,E81_F94_m95f95_P91_Y6_UO4529,I95_F64_m65f65_P91_Y4_UO3069,I95_F64_m95f95_P64_Y1_UO4325,MXY,1,0.0,1,1,0.0,0,0,0,-9999.0,0.3125,1,P64_CV0,2,0,2,1,1,0,2,0,2
81,-323068.7436,-1221387.185,Age0_F81_m47f47_P81_Y7_UO2362,I47_F64_m80f80_P81_Y4_UO3654,I47_F81_m-1f-1_P79_Y-1_U182,MXY,0,0.0,0,0,0.0,0,0,0,0.0,0.78125,1,P78_CV0,2,2,0,0,2,0,2,0,2
81,-323068.7436,-1221387.185,Age0_F81_m47f47_P81_Y7_UO2368,ID47_F64_m17f17_P64_Y0_UO1082,ID47_F64_m17f17_P64_Y2_UO950,FXX,0,0.0,0,0,0.0,0,0,0,0.0,0.625,1,P78_CV0,2,1,1,0,2,0,2,0,2
81,-323068.7436,-1221387.185,Age0_F81_m94f94_P81_Y7_UO4459,I94_F81_m94f94_P81_Y1_UO4229,ID94_F91_m95f95_P91_Y5_UO4523,MXY,0,0.0,0,0,0.0,0,0,0,0.0,0.3125,1,P78_CV0,2,0,2,2,0,0,2,0,2
81,-323068.7436,-1221387.185,E81_F94_m95f95_P91_Y5_UO4523,I95_F91_m-1f-1_P95_Y-1_U13,I95_F91_m17f17_P64_Y2_UO974,MXY,2,0.0,1,0,0.0,0,0,0,-9999.0,0.375,1,P78_CV0,2,0,2,1,1,0,2,0,2
81,-323068.7436,-1221387.185,E81_F47_m-1f-1_P79_Y-1_U182,-9999,-9999,MXY,14,0.0,1,0,0.0,0,0,0,-9999.0,1.0,1,P78_CV0,2,2,0,1,1,0,2,0,2
81,-323068.7436,-1221387.185,Age0_F81_m5f5_P81_Y7_UO301,ID5_F81_m80f80_P81_Y5_UO3725,I5_F81_m94f94_P81_Y5_UO4448,FXX,0,0.0,0,0,0.0,0,0,0,0.0,0.375,1,P79_CV0,2,1,1,1,1,0,2,0,2
81,-323068.7436,-1221387.185,Age0_F81_m5f5_P81_Y7_UO303,I5_F81_m80f80_P81_Y5_UO3762,I5_F81_m5f5_P81_Y5_UO362,MXY,0,0.0,0,0,0.0,0,0,0,0.0,0.75,1,P79_CV0,2,2,0,1,1,0,2,0,2
81,-323068.7436,-1221387.185,Age0_F81_m5f5_P81_Y7_UO307,I5_F81_m5f5_P72_Y5_UO355,I5_F81_m5f5_P81_Y4_UO328,MXY,0,0.0,0,0,0.0,0,0,0,0.0,0.5625,1,P79_CV0,2,1,1,2,0,0,2,0,2
81,-323068.7436,-1221387.185,Age0_F81_m5f5_P81_Y7_UO310,I5_F81_m80f80_P72_Y5_UO3715,ID5_F81_m5f5_P81_Y5_UO338,FXX,0,0.0,0,0,0.0,0,0,0,0.0,0.4375,1,P79_CV0,2,1,1,1,1,0,2,0,2
81,-323068.7436,-1221387.185,Age0_F81_m5f5_P81_Y7_UO311,ID5_F72_m94f94_P81_Y5_UO4425,ID5_F81_m5f5_P81_Y5_UO344,MXY,0,0.0,0,0,0.0,0,0,0,0.0,0.5625,1,P79_CV0,2,1,1,2,0,0,2,0,2
81,-323068.7436,-1221387.185,Age0_F81_m5f5_P81_Y7_UO313,I5_F81_m80f80_P81_Y5_UO3738,I5_F81_m80f80_P72_Y5_UO3680,MXY,0,0.0,0,0,0.0,0,0,0,0.0,0.3125,1,P79_CV0,2,1,1,0,2,0,2,0,2
81,-323068.7436,-1221387.185,Age0_F81_m5f5_P81_Y7_UO314,I5_F81_m80f80_P81_Y5_UO3736,I5_F81_m94f94_P81_Y0_UO4787,MXY,0,0.0,0,0,0.0,0,0,0,0.0,0.25,1,P79_CV0,2,0,2,2,0,0,2,0,2
81,-323068.7436,-1221387.185,Age0_F81_m5f5_P81_Y7_UO319,I5_F81_m47f47_P81_Y5_UO2352,I5_F81_m-1f-1_P80_Y-1_U130,FXX,0,0.0,0,0,0.0,0,0,0,0.0,0.25,1,P79_CV0,2,1,1,0,2,0,2,0,2
81,-323068.7436,-1221387.185,Age0_F81_m5f5_P81_Y7_UO322,I5_F72_m94f94_P81_Y5_UO4422,ID5_F81_m5f5_P81_Y5_UO338,FXX,0,0.0,0,0,0.0,0,0,0,0.0,0.5,1,P79_CV0,2,0,2,2,0,0,2,0,2
81,-323068.7436,-1221387.185,Age0_F81_m5f5_P81_Y7_UO331,I5_F72_m5f5_P81_Y5_UO317,I5_F81_m-1f-1_P80_Y-1_U24,MXY,0,0.0,0,0,0.0,0,0,0,0.0,0.3125,1,P79_CV0,2,1,1,1,1,0,2,0,2
81,-323068.7436,-1221387.185,Age0_F81_m5f5_P81_Y7_UO334,I5_F72_m5f5_P81_Y4_UO371,ID5_F81_m5f5_P81_Y5_UO344,FXX,0,0.0,0,0,0.0,0,0,0,0.0,0.5625,1,P79_CV0,2,1,1,1,1,0,2,0,2
81,-323068.7436,-1221387.185,Age0_F81_m5f5_P81_Y7_UO341,I5_F81_m58f58_P81_Y4_UO2737,I5_F81_m5f5_P81_Y5_UO399,MXY,0,0.0,0,0,0.0,0,0,0,0.0,0.8125,1,P79_CV0,2,1,1,1,1,0,2,0,2
81,-323068.7436,-1221387.185,Age0_F81_m5f5_P81_Y7_UO344,I5_F72_m94f94_P81_Y4_UO4449,I5_F72_m80f80_P81_Y5_UO3764,MXY,0,0.0,0,0,0.0,0,0,0,0.0,0.5625,1,P79_CV0,2,0,2,2,0,0,2,0,2
81,-323068.7436,-1221387.185,Age0_F81_m5f5_P81_Y7_UO351,I5_F81_m5f5_P81_Y4_UO281,I5_F81_m80f80_P72_Y5_UO3695,FXX,0,0.0,0,0,0.0,0,0,0,0.0,0.375,1,P79_CV0,2,1,1,2,0,0,2,0,2
81,-323068.7436,-1221387.185,Age0_F81_m5f5_P81_Y7_UO354,I5_F81_m80f80_P72_Y4_UO3677,ID5_F81_m80f80_P72_Y5_UO3754,FXX,0,0.0,0,0,0.0,0,0,0,0.0,0.625,1,P79_CV0,2,1,1,0,2,0,2,0,2
81,-323068.7436,-1221387.185,Age0_F81_m5f5_P81_Y7_UO361,I5_F72_m80f80_P81_Y3_UO3669,I5_F81_m5f5_P81_Y3_UO364,MXY,0,0.0,0,0,0.0,0,0,0,0.0,0.3125,1,P79_CV0,2,1,1,2,0,0,2,0,2
81,-323068.7436,-1221387.185,Age0_F81_m5f5_P81_Y7_UO362,ID5_F81_m80f80_P72_Y3_UO3672,I5_F81_m5f5_P81_Y5_UO413,FXX,0,0.0,0,0,0.0,0,0,0,0.0,0.5,1,P79_CV0,2,1,1,1,1,0,2,0,2
81,-323068.7436,-1221387.185,Age0_F81_m5f5_P81_Y7_UO364,I5_F81_m80f80_P81_Y3_UO3691,I5_F81_m5f5_P81_Y3_UO365,MXY,0,0.0,0,0,0.0,0,0,0,0.0,0.3125,1,P79_CV0,2,1,1,0,2,0,2,0,2
81,-323068.7436,-1221387.185,Age0_F81_m5f5_P81_Y7_UO365,ID5_F72_m5f5_P81_Y3_UO294,I5_F81_m5f5_P81_Y5_UO362,MXY,0,0.0,0,0,0.0,0,0,0,0.0,0.4375,1,P79_CV0,2,1,1,1,1,0,2,0,2
81,-323068.7436,-1221387.185,Age0_F81_m5f5_P81_Y7_UO370,I5_F81_m94f94_P81_Y3_UO4408,I5_F81_m94f94_P81_Y2_UO4437,FXX,0,0.0,0,0,0.0,0,0,0,0.0,0.75,1,P79_CV0,2,2,0,1,1,0,2,0,2
81,-323068.7436,-1221387.185,Age0_F81_m5f5_P81_Y7_UO375,ID5_F81_m80f80_P72_Y3_UO3723,I5_F81_m80f80_P72_Y0_UO4014,MXY,0,0.0,0,0,0.0,0,0,0,0.0,0.375,1,P79_CV0,2,1,1,1,1,0,2,0,2
81,-323068.7436,-1221387.185,Age0_F81_m5f5_P81_Y7_UO383,ID5_F81_m80f80_P72_Y2_UO3714,I5_F72_m80f80_P81_Y5_UO3764,MXY,0,0.0,0,0,0.0,0,0,0,0.0,0.5,1,P79_CV0,2,1,1,1,1,0,2,0,2
81,-323068.7436,-1221387.185,Age0_F81_m5f5_P81_Y7_UO387,I5_F72_m80f80_P72_Y2_UO3703,I5_F81_m80f80_P72_Y2_UO3670,MXY,0,0.0,0,0,0.0,0,0,0,0.0,0.5,1,P79_CV0,2,0,2,1,1,0,2,0,2
81,-323068.7436,-1221387.185,Age0_F81_m5f5_P81_Y7_UO388,I5_F81_m5f5_P81_Y2_UO326,I5_F81_m5f5_P81_Y0_UO343,MXY,0,0.0,0,0,0.0,0,0,0,0.0,0.5,1,P79_CV0,2,1,1,1,1,0,2,0,2
81,-323068.7436,-1221387.185,Age0_F81_m5f5_P81_Y7_UO389,I5_F81_m94f94_P81_Y2_UO4435,I5_F72_m5f5_P81_Y5_UO392,MXY,0,0.0,0,0,0.0,0,0,0,0.0,0.4375,1,P79_CV0,2,1,1,1,1,0,2,0,2
81,-323068.7436,-1221387.185,Age0_F81_m5f5_P81_Y7_UO404,I5_F81_m-1f-1_P80_Y-1_U123,I5_F72_m5f5_P81_Y5_UO392,FXX,0,0.0,0,0,0.0,0,0,0,0.0,0.75,1,P79_CV0,2,1,1,2,0,0,2,0,2
81,-323068.7436,-1221387.185,Age0_F81_m5f5_P81_Y7_UO414,I5_F81_m-1f-1_P80_Y-1_U234,I5_F81_m80f80_P72_Y5_UO3680,MXY,0,0.0,0,0,0.0,0,0,0,0.0,0.0625,1,P79_CV0,2,0,2,0,2,0,2,0,2
81,-323068.7436,-1221387.185,Age0_F81_m58f58_P81_Y7_UO2740,I58_F99_m47f47_P81_Y0_UO2475,I58_F81_m5f5_P81_Y4_UO356,FXX,0,0.0,0,0,0.0,0,0,0,0.0,0.5625,1,P79_CV0,2,1,1,1,1,0,2,0,2
81,-323068.7436,-1221387.185,Age0_F81_m80f80_P81_Y7_UO3681,I80_F72_m5f5_P81_Y5_UO295,I80_F81_m5f5_P81_Y4_UO353,FXX,0,0.0,0,0,0.0,0,0,0,0.0,0.25,1,P79_CV0,2,1,1,1,1,0,2,0,2
81,-323068.7436,-1221387.185,Age0_F81_m80f80_P81_Y7_UO3683,ID80_F81_m80f80_P81_Y5_UO3732,ID80_F72_m5f5_P81_Y5_UO343,MXY,0,0.0,0,0,0.0,0,0,0,0.0,0.5,1,P79_CV0,2,1,1,0,2,0,2,0,2
81,-323068.7436,-1221387.185,Age0_F81_m80f80_P81_Y7_UO3684,I80_F81_m80f80_P72_Y5_UO3696,ID80_F81_m5f5_P81_Y4_UO358,FXX,0,0.0,0,0,0.0,0,0,0,0.0,0.53125,1,P79_CV0,2,2,0,1,1,0,2,0,2
81,-323068.7436,-1221387.185,Age0_F81_m80f80_P81_Y7_UO3688,ID80_F72_m5f5_P81_Y5_UO334,I80_F81_m80f80_P81_Y1_UO3539,MXY,0,0.0,0,0,0.0,0,0,0,0.0,0.375,1,P79_CV0,2,1,1,1,1,0,2,0,2
81,-323068.7436,-1221387.185,Age0_F81_m80f80_P81_Y7_UO3695,I80_F81_m58f58_P81_Y5_UO2757,ID80_F81_m80f80_P72_Y4_UO3696,FXX,0,0.0,0,0,0.0,0,0,0,0.0,0.75,1,P79_CV0,2,2,0,1,1,0,2,0,2
81,-323068.7436,-1221387.185,Age0_F81_m80f80_P81_Y7_UO3706,I80_F72_m80f80_P72_Y5_UO3728,ID80_F81_m80f80_P72_Y4_UO3696,FXX,0,0.0,0,0,0.0,0,0,0,0.0,0.4375,1,P79_CV0,2,1,1,0,2,0,2,0,2
81,-323068.7436,-1221387.185,Age0_F81_m80f80_P81_Y7_UO3712,I80_F72_m80f80_P81_Y5_UO3751,I80_F81_m80f80_P72_Y2_UO3684,MXY,0,0.0,0,0,0.0,0,0,0,0.0,0.625,1,P79_CV0,2,1,1,0,2,0,2,0,2
81,-323068.7436,-1221387.185,Age0_F81_m80f80_P81_Y7_UO3719,I80_F81_m94f94_P81_Y4_UO4448,I80_F72_m80f80_P81_Y3_UO3725,MXY,0,0.0,0,0,0.0,0,0,0,0.0,0.4375,1,P79_CV0,2,2,0,2,0,0,2,0,2
81,-323068.7436,-1221387.185,Age0_F81_m80f80_P81_Y7_UO3721,I80_F81_m5f5_P81_Y4_UO295,I80_F81_m-1f-1_P80_Y-1_U46,FXX,0,0.0,0,0,0.0,0,0,0,0.0,0.25,1,P79_CV0,2,0,2,0,2,0,2,0,2
81,-323068.7436,-1221387.185,Age0_F81_m80f80_P81_Y7_UO3722,I80_F81_m58f58_P81_Y4_UO2730,ID80_F72_m94f94_P81_Y4_UO4402,MXY,0,0.0,0,0,0.0,0,0,0,0.0,0.5625,1,P79_CV0,2,0,2,0,2,0,2,0,2
81,-323068.7436,-1221387.185,Age0_F81_m80f80_P81_Y7_UO3735,I80_F72_m5f5_P81_Y4_UO331,ID80_F81_m58f58_P81_Y1_UO2638,FXX,0,0.0,0,0,0.0,0,0,0,0.0,0.875,1,P79_CV0,2,1,1,2,0,0,2,0,2
81,-323068.7436,-1221387.185,Age0_F81_m80f80_P81_Y7_UO3756,ID80_F81_m5f5_P81_Y2_UO299,I80_F81_m80f80_P81_Y1_UO3539,MXY,0,0.0,0,0,0.0,0,0,0,0.0,0.3125,1,P79_CV0,2,1,1,2,0,0,2,0,2
81,-323068.7436,-1221387.185,Age0_F81_m80f80_P81_Y7_UO3767,I80_F72_m80f80_P72_Y2_UO3745,I80_F81_m5f5_P72_Y5_UO374,FXX,0,0.0,0,0,0.0,0,0,0,0.0,0.75,1,P79_CV0,2,2,0,1,1,0,2,0,2
81,-323068.7436,-1221387.185,Age0_F81_m80f80_P81_Y7_UO3773,ID80_F81_m80f80_P81_Y1_UO3496,I80_F81_m47f47_P81_Y4_UO2338,MXY,0,0.0,0,0,0.0,0,0,0,0.0,0.375,1,P79_CV0,2,1,1,1,1,0,2,0,2
81,-323068.7436,-1221387.185,Age0_F81_m80f80_P81_Y7_UO3780,I80_F72_m80f80_P81_Y0_UO4006,I80_F72_m-1f-1_P5_Y-1_U190,FXX,0,0.0,0,0,0.0,0,0,0,0.0,0.5,1,P79_CV0,2,1,1,2,0,0,2,0,2
81,-323068.7436,-1221387.185,Age0_F81_m80f80_P81_Y7_UO3782,ID80_F72_m80f80_P81_Y0_UO3971,ID80_F81_m58f58_P81_Y5_UO2766,FXX,0,0.0,0,0,0.0,0,0,0,0.0,0.625,1,P79_CV0,2,1,1,0,2,0,2,0,2
81,-323068.7436,-1221387.185,Age0_F81_m80f80_P81_Y7_UO3783,I80_F72_m80f80_P81_Y0_UO4001,I80_F72_m80f80_P81_Y4_UO3688,MXY,0,0.0,0,0,0.0,0,0,0,0.0,0.40625,1,P79_CV0,2,1,1,0,2,0,2,0,2
81,-323068.7436,-1221387.185,Age0_F81_m80f80_P81_Y7_UO3786,I80_F72_m-1f-1_P80_Y-1_U233,ID80_F81_m95f95_P81_Y4_UO4532,FXX,0,0.0,0,0,0.0,0,0,0,0.0,0.5,1,P79_CV0,2,1,1,1,1,0,2,0,2
81,-323068.7436,-1221387.185,Age0_F81_m80f80_P81_Y7_UO3792,I80_F81_m-1f-1_P80_Y-1_U94,I80_F81_m58f58_P81_Y5_UO2765,FXX,0,0.0,0,0,0.0,0,0,0,0.0,1.0,1,P79_CV0,2,2,0,1,1,0,2,0,2
81,-323068.7436,-1221387.185,Age0_F81_m80f80_P81_Y7_UO3794,I80_F81_m-1f-1_P80_Y-1_U220,I80_F72_m5f5_P72_Y4_UO379,MXY,0,0.0,0,0,0.0,0,0,0,0.0,0.75,1,P79_CV0,2,1,1,1,1,0,2,0,2
81,-323068.7436,-1221387.185,Age0_F81_m80f80_P81_Y7_UO3799,ID80_F81_m-1f-1_P80_Y-1_U62,I80_F81_m80f80_P72_Y3_UO3714,FXX,0,0.0,0,0,0.0,0,0,0,0.0,0.5,1,P79_CV0,2,1,1,1,1,0,2,0,2
81,-323068.7436,-1221387.185,Age0_F81_m94f94_P81_Y7_UO4437,I94_F91_m80f80_P81_Y5_UO3721,ID94_F81_m-1f-1_P80_Y-1_U96,FXX,0,0.0,0,0,0.0,0,0,0,0.0,0.78125,1,P79_CV0,2,2,0,1,1,0,2,0,2
81,-323068.7436,-1221387.185,Age0_F81_m94f94_P81_Y7_UO4439,ID94_F81_m5f5_P81_Y5_UO371,I94_F81_m47f47_P81_Y5_UO2349,FXX,0,0.0,0,0,0.0,0,0,0,0.0,0.3125,1,P79_CV0,2,1,1,1,1,0,2,0,2
81,-323068.7436,-1221387.185,Age0_F81_m94f94_P81_Y7_UO4445,I94_F81_m5f5_P81_Y4_UO346,ID94_F81_m-1f-1_P80_Y-1_U96,FXX,0,0.0,0,0,0.0,0,0,0,0.0,0.8125,1,P79_CV0,2,1,1,1,1,0,2,0,2
81,-323068.7436,-1221387.185,Age0_F81_m94f94_P81_Y7_UO4455,I94_F81_m80f80_P81_Y2_UO3723,I94_F98_m80f80_P81_Y0_UO3954,FXX,0,0.0,0,0,0.0,0,0,0,0.0,0.375,1,P79_CV0,2,2,0,2,0,0,2,0,2
81,-323068.7436,-1221387.185,E81_F5_m5f5_P72_Y6_UO296,ID5_F81_m94f94_P81_Y4_UO4433,I5_F72_m-1f-1_P80_Y-1_U27,FXX,1,0.0,1,1,1.0,0,0,0,-9999.0,0.625,1,P79_CV0,2,1,1,1,1,0,2,0,2
81,-323068.7436,-1221387.185,E81_F5_m5f5_P72_Y6_UO366,I5_F81_m80f80_P72_Y2_UO3667,I5_F81_m80f80_P81_Y4_UO3711,FXX,1,0.0,1,1,1.0,0,0,0,-9999.0,0.59375,1,P79_CV0,2,2,0,2,0,0,2,0,2
81,-323068.7436,-1221387.185,E81_F5_m5f5_P72_Y6_UO391,I5_F81_m80f80_P72_Y0_UO3959,I5_F81_m94f94_P81_Y0_UO4699,MXY,1,0.0,1,1,0.0,0,0,0,-9999.0,0.75,1,P79_CV0,2,1,1,1,1,0,2,0,2
81,-323068.7436,-1221387.185,E81_F5_m80f80_P72_Y6_UO3789,ID80_F81_m80f80_P81_Y0_UO3971,ID80_F91_m58f58_P81_Y3_UO2733,FXX,1,0.0,1,1,1.0,0,0,0,-9999.0,0.8125,1,P79_CV0,2,2,0,1,1,0,2,0,2
81,-323068.7436,-1221387.185,E81_F5_m80f80_P72_Y6_UO3794,ID80_F81_m-1f-1_P80_Y-1_U233,ID80_F72_m-1f-1_P5_Y-1_U238,MXY,1,0.0,1,1,0.0,0,0,0,-9999.0,0.5,1,P79_CV0,2,2,0,2,0,0,2,0,2
81,-323068.7436,-1221387.185,E81_F5_m80f80_P72_Y6_UO3795,I80_F81_m-1f-1_P80_Y-1_U244,I80_F72_m95f95_P81_Y4_UO4480,MXY,1,0.0,1,1,0.0,0,0,0,-9999.0,0.25,1,P79_CV0,2,0,2,2,0,0,2,0,2
81,-323068.7436,-1221387.185,E81_F5_m80f80_P72_Y6_UO3796,ID80_F81_m-1f-1_P58_Y-1_U226,I80_F72_m80f80_P72_Y4_UO3696,FXX,1,0.0,1,1,1.0,0,0,0,-9999.0,0.625,1,P79_CV0,2,1,1,0,2,0,2,0,2
81,-323068.7436,-1221387.185,E81_F5_m5f5_P81_Y6_UO301,I5_F72_m5f5_P81_Y4_UO380,I5_F72_m-1f-1_P80_Y-1_U72,FXX,1,0.0,1,1,1.0,0,0,0,-9999.0,0.3125,1,P79_CV0,2,1,1,0,2,0,2,0,2
81,-323068.7436,-1221387.185,E81_F5_m5f5_P81_Y6_UO312,I5_F72_m5f5_P81_Y4_UO364,I5_F72_m47f47_P81_Y4_UO2335,FXX,1,0.0,1,1,1.0,0,0,0,-9999.0,0.75,1,P79_CV0,2,2,0,1,1,0,2,0,2
81,-323068.7436,-1221387.185,E81_F5_m5f5_P81_Y6_UO331,I5_F81_m80f80_P72_Y4_UO3677,I5_F81_m5f5_P81_Y4_UO307,MXY,1,0.0,1,1,0.0,0,0,0,-9999.0,0.625,1,P79_CV0,2,1,1,0,2,0,2,0,2
81,-323068.7436,-1221387.185,E81_F5_m5f5_P81_Y6_UO356,I5_F81_m80f80_P81_Y3_UO3689,I5_F81_m-1f-1_P5_Y-1_U103,FXX,1,0.0,1,1,1.0,0,0,0,-9999.0,0.0625,1,P79_CV0,2,0,2,0,2,0,2,0,2
81,-323068.7436,-1221387.185,E81_F5_m5f5_P81_Y6_UO376,I5_F81_m58f58_P81_Y1_UO2651,I5_F81_m-1f-1_P80_Y-1_U89,FXX,1,0.0,1,1,1.0,0,0,0,-9999.0,0.25,1,P79_CV0,2,0,2,2,0,0,2,0,2
81,-323068.7436,-1221387.185,E81_F5_m5f5_P81_Y6_UO379,I5_F72_m80f80_P81_Y1_UO3496,ID5_F72_m80f80_P72_Y4_UO3668,FXX,1,0.0,1,1,1.0,0,0,0,-9999.0,0.53125,1,P79_CV0,2,2,0,0,2,0,2,0,2
81,-323068.7436,-1221387.185,E81_F5_m5f5_P81_Y6_UO383,I5_F72_m80f80_P72_Y1_UO3545,I5_F81_m-1f-1_P80_Y-1_U172,MXY,1,0.0,1,1,0.0,0,0,0,-9999.0,0.25,1,P79_CV0,2,0,2,1,1,0,2,0,2
81,-323068.7436,-1221387.185,E81_F5_m5f5_P81_Y6_UO394,ID5_F81_m80f80_P81_Y0_UO3934,ID5_F81_m-1f-1_P80_Y-1_U96,FXX,1,0.0,1,1,1.0,0,0,0,-9999.0,1.0,1,P79_CV0,2,2,0,0,2,0,2,0,2
81,-323068.7436,-1221387.185,E81_F5_m5f5_P81_Y6_UO408,I5_F81_m-1f-1_P5_Y-1_U37,ID5_F72_m80f80_P81_Y3_UO3730,MXY,1,0.0,1,1,0.0,0,0,0,-9999.0,0.75,1,P79_CV0,2,2,0,1,1,0,2,0,2
81,-323068.7436,-1221387.185,E81_F5_m5f5_P81_Y6_UO411,I5_F72_m-1f-1_P80_Y-1_U239,ID5_F81_m94f94_P81_Y2_UO4409,FXX,1,0.0,1,1,1.0,0,0,0,-9999.0,0.5,1,P79_CV0,2,2,0,1,1,0,2,0,2
81,-323068.7436,-1221387.185,E81_F5_m5f5_P81_Y6_UO412,I5_F81_m-1f-1_P80_Y-1_U62,I5_F72_m-1f-1_P80_Y-1_U27,MXY,1,0.0,1,1,0.0,0,0,0,-9999.0,0.5,1,P79_CV0,2,1,1,2,0,0,2,0,2
81,-323068.7436,-1221387.185,E81_F5_m5f5_P81_Y6_UO415,I5_F81_m-1f-1_P80_Y-1_U234,ID5_F81_m-1f-1_P5_Y-1_U9,FXX,1,0.0,1,1,1.0,0,0,0,-9999.0,0.5,1,P79_CV0,2,1,1,0,2,0,2,0,2
81,-323068.7436,-1221387.185,E81_F5_m80f80_P81_Y6_UO3705,ID80_F81_m5f5_P81_Y4_UO292,I80_F72_m5f5_P81_Y4_UO305,MXY,1,0.0,1,1,0.0,0,0,0,-9999.0,0.5625,1,P79_CV0,2,1,1,0,2,0,2,0,2
81,-323068.7436,-1221387.185,E81_F5_m80f80_P81_Y6_UO3718,ID80_F72_m95f95_P81_Y4_UO4516,I80_F81_m80f80_P81_Y3_UO3699,MXY,1,0.0,1,1,0.0,0,0,0,-9999.0,0.3125,1,P79_CV0,2,1,1,1,1,0,2,0,2
81,-323068.7436,-1221387.185,E81_F5_m80f80_P81_Y6_UO3720,I80_F81_m80f80_P72_Y4_UO3698,I80_F81_m-1f-1_P5_Y-1_U116,MXY,1,0.0,1,1,0.0,0,0,0,-9999.0,0.3125,1,P79_CV0,2,0,2,1,1,0,2,0,2
81,-323068.7436,-1221387.185,E81_F5_m80f80_P81_Y6_UO3728,I80_F81_m94f94_P81_Y4_UO4408,ID80_F81_m80f80_P81_Y1_UO3539,FXX,1,0.0,1,1,1.0,0,0,0,-9999.0,0.3125,1,P79_CV0,2,0,2,1,1,0,2,0,2
81,-323068.7436,-1221387.185,E81_F5_m80f80_P81_Y6_UO3736,ID80_F72_m80f80_P81_Y3_UO3721,ID80_F81_m94f94_P81_Y4_UO4417,MXY,1,0.0,1,1,0.0,0,0,0,-9999.0,0.75,1,P79_CV0,2,2,0,1,1,0,2,0,2
81,-323068.7436,-1221387.185,E81_F5_m80f80_P81_Y6_UO3761,I80_F81_m94f94_P81_Y2_UO4399,I80_F72_m-1f-1_P80_Y-1_U46,MXY,1,0.0,1,1,0.0,0,0,0,-9999.0,0.5,1,P79_CV0,2,1,1,1,1,0,2,0,2
81,-323068.7436,-1221387.185,E81_F5_m80f80_P81_Y6_UO3779,I80_F72_m80f80_P81_Y1_UO3528,ID80_F72_m47f47_P81_Y4_UO2338,MXY,1,0.0,1,1,0.0,0,0,0,-9999.0,0.125,1,P79_CV0,2,0,2,1,1,0,2,0,2
81,-323068.7436,-1221387.185,E81_F5_m94f94_P81_Y6_UO4464,I94_F81_m94f94_P81_Y4_UO4405,I94_F81_m-1f-1_P80_Y-1_U95,MXY,1,0.0,1,1,0.0,0,0,0,-9999.0,0.25,1,P79_CV0,2,1,1,1,1,0,2,0,2
81,-323068.7436,-1221387.185,E81_F5_m94f94_P81_Y6_UO4465,I94_F81_m94f94_P81_Y3_UO4397,I94_F99_m80f80_P81_Y3_UO3690,FXX,1,0.0,1,1,1.0,0,0,0,-9999.0,0.5,1,P79_CV0,2,0,2,0,2,0,2,0,2
81,-323068.7436,-1221387.185,E81_F5_m94f94_P81_Y6_UO4500,I94_F81_m-1f-1_P94_Y-1_U163,I94_F99_m80f80_P81_Y3_UO3690,MXY,1,0.0,1,1,0.0,0,0,0,-9999.0,0.5625,1,P79_CV0,2,1,1,1,1,0,2,0,2
81,-323068.7436,-1221387.185,E81_F42_m42f42_P99_Y6_UO2046,ID42_F99_m80f80_P72_Y2_UO3740,I42_F57_m58f58_P99_Y0_UO3025,MXY,1,0.0,1,1,0.0,0,0,0,-9999.0,0.5,1,P79_CV0,2,0,2,1,1,0,2,0,2
81,-323068.7436,-1221387.185,E81_F80_m5f5_P72_Y6_UO334,I5_F81_m5f5_P81_Y4_UO371,I5_F72_m-1f-1_P80_Y-1_U104,MXY,1,0.0,1,1,0.0,0,0,0,-9999.0,0.5,1,P79_CV0,2,1,1,2,0,0,2,0,2
81,-323068.7436,-1221387.185,E81_F80_m80f80_P72_Y6_UO3716,I80_F81_m5f5_P81_Y4_UO349,I80_F72_m5f5_P81_Y4_UO353,FXX,1,0.0,1,1,1.0,0,0,0,-9999.0,0.375,1,P79_CV0,2,1,1,1,1,0,2,0,2
81,-323068.7436,-1221387.185,E81_F80_m80f80_P72_Y6_UO3726,I80_F81_m80f80_P72_Y4_UO3726,I80_F72_m58f58_P81_Y2_UO2792,MXY,1,0.0,1,1,0.0,0,0,0,-9999.0,0.625,1,P79_CV0,2,1,1,2,0,0,2,0,2
81,-323068.7436,-1221387.185,E81_F80_m80f80_P72_Y6_UO3740,I80_F81_m5f5_P72_Y3_UO296,I80_F81_m80f80_P81_Y3_UO3725,MXY,1,0.0,1,1,0.0,0,0,0,-9999.0,0.5625,1,P79_CV0,2,1,1,2,0,0,2,0,2
81,-323068.7436,-1221387.185,E81_F80_m5f5_P81_Y6_UO305,I5_F81_m5f5_P81_Y4_UO370,ID5_F72_m80f80_P81_Y3_UO3730,MXY,1,0.0,1,1,0.0,0,0,0,-9999.0,0.75,1,P79_CV0,2,2,0,2,0,0,2,0,2
81,-323068.7436,-1221387.185,E81_F80_m5f5_P81_Y6_UO307,I5_F81_m58f58_P81_Y4_UO2737,ID5_F72_m80f80_P81_Y3_UO3730,MXY,1,0.0,1,1,0.0,0,0,0,-9999.0,1.0,1,P79_CV0,2,2,0,2,0,0,2,0,2
81,-323068.7436,-1221387.185,E81_F80_m5f5_P81_Y6_UO321,I5_F81_m94f94_P81_Y4_UO4423,ID5_F81_m5f5_P81_Y4_UO358,FXX,1,0.0,1,1,1.0,0,0,0,-9999.0,0.65625,1,P79_CV0,2,0,2,1,1,0,2,0,2
81,-323068.7436,-1221387.185,E81_F80_m5f5_P81_Y6_UO328,I5_F81_m80f80_P81_Y4_UO3725,I5_F81_m94f94_P81_Y2_UO4393,FXX,1,0.0,1,1,1.0,0,0,0,-9999.0,0.625,1,P79_CV0,2,1,1,1,1,0,2,0,2
81,-323068.7436,-1221387.185,E81_F80_m5f5_P81_Y6_UO341,I5_F81_m58f58_P81_Y3_UO2745,I5_F72_m80f80_P72_Y0_UO4014,FXX,1,0.0,1,1,1.0,0,0,0,-9999.0,0.75,1,P79_CV0,2,2,0,1,1,0,2,0,2
81,-323068.7436,-1221387.185,E81_F80_m5f5_P81_Y6_UO343,I5_F81_m80f80_P81_Y3_UO3691,I5_F72_m-1f-1_P80_Y-1_U104,FXX,1,0.0,1,1,1.0,0,0,0,-9999.0,0.3125,1,P79_CV0,2,1,1,1,1,0,2,0,2
81,-323068.7436,-1221387.185,E81_F80_m80f80_P81_Y6_UO3708,I80_F81_m5f5_P81_Y4_UO324,I80_F81_m5f5_P72_Y4_UO291,MXY,1,0.0,1,1,0.0,0,0,0,-9999.0,0.34375,1,P79_CV0,2,0,2,1,1,0,2,0,2
81,-323068.7436,-1221387.185,E81_F80_m80f80_P81_Y6_UO3763,ID80_F81_m80f80_P72_Y2_UO3713,I80_F72_m5f5_P81_Y0_UO314,MXY,1,0.0,1,1,0.0,0,0,0,-9999.0,0.5,1,P79_CV0,2,0,2,1,1,0,2,0,2
81,-323068.7436,-1221387.185,E81_F80_m80f80_P81_Y6_UO3769,I80_F81_m80f80_P72_Y2_UO3714,I80_F81_m5f5_P72_Y2_UO367,FXX,1,0.0,1,1,1.0,0,0,0,-9999.0,0.8125,1,P79_CV0,2,2,0,1,1,0,2,0,2
81,-323068.7436,-1221387.185,E81_F80_m80f80_P81_Y6_UO3781,I80_F81_m80f80_P81_Y1_UO3475,I80_F81_m80f80_P81_Y4_UO3669,FXX,1,0.0,1,1,1.0,0,0,0,-9999.0,0.9375,1,P79_CV0,2,2,0,1,1,0,2,0,2
81,-323068.7436,-1221387.185,E81_F5_m80f80_P81_Y5_UO3725,ID80_F81_m80f80_P81_Y1_UO3475,I80_F81_m-1f-1_P58_Y-1_U3,FXX,2,0.0,1,0,1.0,0,0,0,-9999.0,0.5,1,P79_CV0,2,1,1,1,1,0,2,0,2
81,-323068.7436,-1221387.185,E81_F5_m80f80_P81_Y5_UO3706,I80_F72_m80f80_P81_Y2_UO3697,I80_F81_m80f80_P72_Y1_UO3479,MXY,2,0.0,1,0,0.0,0,0,0,-9999.0,0.8125,1,P79_CV0,2,2,0,0,2,0,2,0,2
81,-323068.7436,-1221387.185,E81_F5_m80f80_P81_Y5_UO3762,I80_F81_m-1f-1_P80_Y-1_U14,I80_F81_m58f58_P81_Y1_UO2665,FXX,2,0.0,1,0,1.0,0,0,0,-9999.0,0.875,1,P79_CV0,2,2,0,2,0,0,2,0,2
81,-323068.7436,-1221387.185,E81_F5_m5f5_P72_Y5_UO355,ID5_F81_m80f80_P81_Y1_UO3496,I5_F81_m5f5_P81_Y3_UO371,FXX,2,0.0,1,0,1.0,0,0,0,-9999.0,0.5,1,P79_CV0,2,2,0,1,1,0,2,0,2
81,-323068.7436,-1221387.185,E81_F5_m5f5_P72_Y5_UO403,ID5_F72_m-1f-1_P5_Y-1_U210,I5_F81_m-1f-1_P80_Y-1_U72,MXY,2,0.0,1,0,0.0,0,0,0,-9999.0,0.0,1,P79_CV0,2,0,2,2,0,0,2,0,2
81,-323068.7436,-1221387.185,E81_F5_m5f5_P81_Y5_UO344,I5_F81_m5f5_P72_Y2_UO294,I5_F81_m80f80_P81_Y3_UO3730,MXY,2,0.0,1,0,0.0,0,0,0,-9999.0,0.625,1,P79_CV0,2,2,0,2,0,0,2,0,2
81,-323068.7436,-1221387.185,E81_F5_m80f80_P81_Y5_UO3738,I80_F72_m80f80_P81_Y0_UO4001,I80_F72_m80f80_P81_Y1_UO3512,FXX,2,0.0,1,0,1.0,0,0,0,-9999.0,0.5,1,P79_CV0,2,1,1,1,1,0,2,0,2
81,-323068.7436,-1221387.185,E81_F5_m80f80_P81_Y5_UO3736,ID80_F72_m80f80_P81_Y0_UO4006,I80_F81_m80f80_P72_Y1_UO3520,FXX,2,0.0,1,0,1.0,0,0,0,-9999.0,0.5,1,P79_CV0,2,1,1,1,1,0,2,0,2
81,-323068.7436,-1221387.185,E81_F5_m5f5_P81_Y5_UO309,I5_F81_m80f80_P81_Y3_UO3643,ID5_F28_m80f80_P81_Y1_UO3550,FXX,2,0.0,1,0,1.0,0,0,0,-9999.0,0.5,1,P79_CV0,2,1,1,1,1,0,2,0,2
81,-323068.7436,-1221387.185,E81_F5_m80f80_P81_Y5_UO3764,I80_F81_m-1f-1_P80_Y-1_U198,I80_F81_m5f5_P81_Y3_UO347,MXY,2,0.0,1,0,0.0,0,0,0,-9999.0,0.375,1,P79_CV0,2,1,1,2,0,0,2,0,2
81,-323068.7436,-1221387.185,E81_F5_m80f80_P72_Y5_UO3709,I80_F72_m80f80_P72_Y2_UO3652,I80_F81_m80f80_P81_Y0_UO4013,MXY,2,0.0,1,0,0.0,0,0,0,-9999.0,0.4375,1,P79_CV0,2,0,2,1,1,0,2,0,2
81,-323068.7436,-1221387.185,E81_F5_m5f5_P81_Y5_UO363,I5_F81_m5f5_P81_Y1_UO280,ID5_F81_m-1f-1_P80_Y-1_U243,MXY,2,0.0,1,0,0.0,0,0,0,-9999.0,0.5,1,P79_CV0,2,1,1,1,1,0,2,0,2
81,-323068.7436,-1221387.185,E81_F80_m80f80_P81_Y5_UO3732,I80_F81_m94f94_P81_Y1_UO4214,I80_F72_m80f80_P81_Y1_UO3512,FXX,2,0.0,1,0,1.0,0,0,0,-9999.0,0.375,1,P79_CV0,2,1,1,0,2,0,2,0,2
81,-323068.7436,-1221387.185,E81_F80_m80f80_P72_Y5_UO3696,I80_F81_m80f80_P72_Y2_UO3676,I80_F72_m80f80_P81_Y3_UO3702,FXX,2,0.0,1,0,1.0,0,0,0,-9999.0,0.5,1,P79_CV0,2,1,1,1,1,0,2,0,2
81,-323068.7436,-1221387.185,E81_F80_m5f5_P81_Y5_UO379,I5_F81_m94f94_P81_Y0_UO4789,ID5_F72_m-1f-1_P80_Y-1_U89,MXY,2,0.0,1,0,0.0,0,0,0,-9999.0,0.5,1,P79_CV0,2,1,1,2,0,0,2,0,2
81,-323068.7436,-1221387.185,E81_F80_m5f5_P81_Y5_UO314,ID5_F81_m80f80_P81_Y3_UO3727,ID5_F81_m-1f-1_P80_Y-1_U104,MXY,2,0.0,1,0,0.0,0,0,0,-9999.0,0.375,1,P79_CV0,2,1,1,2,0,0,2,0,2
81,-323068.7436,-1221387.185,E81_F80_m5f5_P81_Y5_UO360,I5_F81_m94f94_P81_Y1_UO4165,I5_F72_m80f80_P81_Y0_UO3941,MXY,2,0.0,1,0,0.0,0,0,0,-9999.0,0.75,1,P79_CV0,2,1,1,2,0,0,2,0,2
81,-323068.7436,-1221387.185,E81_F80_m80f80_P72_Y5_UO3728,ID80_F72_m80f80_P81_Y1_UO3528,ID80_F81_m47f47_P81_Y1_UO2210,FXX,2,0.0,1,0,1.0,0,0,0,-9999.0,0.125,1,P79_CV0,2,0,2,0,2,0,2,0,2
81,-323068.7436,-1221387.185,E81_F94_m5f5_P81_Y5_UO371,ID5_F81_m80f80_P81_Y0_UO3973,I5_F81_m-1f-1_P80_Y-1_U72,FXX,2,0.0,1,0,1.0,0,0,0,-9999.0,0.125,1,P79_CV0,2,0,2,1,1,0,2,0,2
81,-323068.7436,-1221387.185,E81_F5_m80f80_P81_Y4_UO3640,I80_F81_m5f5_P81_Y2_UO357,I80_F81_m-1f-1_P80_Y-1_U152,MXY,3,0.0,1,0,0.0,0,0,0,-9999.0,1.0,1,P79_CV0,2,2,0,1,1,0,2,0,2
81,-323068.7436,-1221387.185,E81_F5_m5f5_P72_Y4_UO296,I5_F81_m47f47_P81_Y2_UO2368,I5_F72_m-1f-1_P80_Y-1_U172,MXY,3,0.0,1,0,0.0,0,0,0,-9999.0,0.25,1,P79_CV0,2,1,1,1,1,0,2,0,2
81,-323068.7436,-1221387.185,E81_F5_m5f5_P81_Y4_UO364,I5_F81_m-1f-1_P80_Y-1_U57,ID5_F81_m-1f-1_P47_Y-1_U210,FXX,3,0.0,1,0,1.0,0,0,0,-9999.0,0.75,1,P79_CV0,2,2,0,2,0,0,2,0,2
81,-323068.7436,-1221387.185,E81_F5_m58f58_P81_Y4_UO2737,ID58_F81_m-1f-1_P23_Y-1_U87,I58_F99_m-1f-1_P80_Y-1_U55,FXX,3,0.0,1,0,1.0,0,0,0,-9999.0,1.0,1,P79_CV0,2,2,0,2,0,0,2,0,2
81,-323068.7436,-1221387.185,E81_F5_m80f80_P72_Y4_UO3668,I80_F81_m5f5_P81_Y2_UO299,ID80_F81_m80f80_P72_Y2_UO3717,MXY,3,0.0,1,0,0.0,0,0,0,-9999.0,0.5625,1,P79_CV0,2,2,0,1,1,0,2,0,2
81,-323068.7436,-1221387.185,E81_F5_m94f94_P81_Y4_UO4400,I94_F91_m5f5_P81_Y1_UO348,I94_F81_m-1f-1_P94_Y-1_U165,MXY,3,0.0,1,0,0.0,0,0,0,-9999.0,0.375,1,P79_CV0,2,1,1,1,1,0,2,0,2
81,-323068.7436,-1221387.185,E81_F5_m94f94_P81_Y4_UO4449,I94_F81_m-1f-1_P58_Y-1_U78,I94_F81_m80f80_P81_Y2_UO3751,FXX,3,0.0,1,0,1.0,0,0,0,-9999.0,0.75,1,P79_CV0,2,1,1,1,1,0,2,0,2
81,-323068.7436,-1221387.185,E81_F5_m5f5_P81_Y4_UO281,I5_F81_m58f58_P72_Y2_UO2718,I5_F81_m-1f-1_P80_Y-1_U72,FXX,3,0.0,1,0,1.0,0,0,0,-9999.0,0.375,1,P79_CV0,2,1,1,1,1,0,2,0,2
81,-323068.7436,-1221387.185,E81_F5_m80f80_P72_Y4_UO3643,I80_F81_m80f80_P72_Y2_UO3714,I80_F81_m-1f-1_P80_Y-1_U4,MXY,3,0.0,1,0,0.0,0,0,0,-9999.0,0.3125,1,P79_CV0,2,1,1,1,1,0,2,0,2
81,-323068.7436,-1221387.185,E81_F5_m80f80_P72_Y4_UO3677,ID80_F81_m5f5_P81_Y1_UO331,I80_F72_m-1f-1_P80_Y-1_U225,FXX,3,0.0,1,0,1.0,0,0,0,-9999.0,0.5,1,P79_CV0,2,0,2,1,1,0,2,0,2
81,-323068.7436,-1221387.185,E81_F5_m5f5_P81_Y4_UO279,I5_F81_m94f94_P81_Y2_UO4427,I5_F81_m-1f-1_P80_Y-1_U72,FXX,3,0.0,1,0,1.0,0,0,0,-9999.0,0.125,1,P79_CV0,2,0,2,1,1,0,2,0,2
81,-323068.7436,-1221387.185,E81_F47_m80f80_P81_Y4_UO3654,I80_F72_m5f5_P72_Y2_UO359,I80_F72_m80f80_P81_Y0_UO4013,FXX,3,0.0,1,0,1.0,0,0,0,-9999.0,0.5625,1,P79_CV0,2,1,1,1,1,0,2,0,2
81,-323068.7436,-1221387.185,E81_F80_m80f80_P72_Y4_UO3698,I80_F81_m80f80_P81_Y0_UO3945,I80_F72_m-1f-1_P5_Y-1_U120,FXX,3,0.0,1,0,1.0,0,0,0,-9999.0,0.125,1,P79_CV0,2,0,2,2,0,0,2,0,2
81,-323068.7436,-1221387.185,E81_F80_m94f94_P81_Y4_UO4402,ID94_F72_m94f94_P81_Y1_UO4230,I94_F81_m80f80_P81_Y2_UO3751,MXY,3,0.0,1,0,0.0,0,0,0,-9999.0,0.5,1,P79_CV0,2,1,1,0,2,0,2,0,2
81,-323068.7436,-1221387.185,E81_F80_m80f80_P72_Y4_UO3736,I80_F81_m-1f-1_P80_Y-1_U178,ID80_F81_m47f47_P81_Y0_UO2469,MXY,3,0.0,1,0,0.0,0,0,0,-9999.0,0.5,1,P79_CV0,2,2,0,2,0,0,2,0,2
81,-323068.7436,-1221387.185,E81_F80_m5f5_P81_Y4_UO295,I5_F81_m5f5_P81_Y2_UO369,ID5_F72_m80f80_P72_Y0_UO3950,FXX,3,0.0,1,0,1.0,0,0,0,-9999.0,0.5,1,P79_CV0,2,0,2,1,1,0,2,0,2
81,-323068.7436,-1221387.185,E81_F80_m58f58_P81_Y4_UO2730,I58_F81_m-1f-1_P42_Y-1_U210,I58_F99_m80f80_P72_Y2_UO3728,FXX,3,0.0,1,0,1.0,0,0,0,-9999.0,0.625,1,P79_CV0,2,0,2,1,1,0,2,0,2
81,-323068.7436,-1221387.185,E81_F80_m5f5_P81_Y4_UO358,I5_F81_m-1f-1_P80_Y-1_U97,I5_F81_m5f5_P81_Y2_UO303,MXY,3,0.0,1,0,0.0,0,0,0,-9999.0,0.5625,1,P79_CV0,2,1,1,1,1,0,2,0,2
81,-323068.7436,-1221387.185,E81_F80_m5f5_P81_Y4_UO353,ID5_F72_m-1f-1_P80_Y-1_U67,I5_F81_m-1f-1_P80_Y-1_U208,MXY,3,0.0,1,0,0.0,0,0,0,-9999.0,0.25,1,P79_CV0,2,1,1,2,0,0,2,0,2
81,-323068.7436,-1221387.185,E81_F80_m80f80_P72_Y4_UO3696,I80_F72_m5f5_P72_Y0_UO365,I80_F72_m80f80_P81_Y1_UO3512,MXY,3,0.0,1,0,0.0,0,0,0,-9999.0,0.75,1,P79_CV0,2,1,1,0,2,0,2,0,2
81,-323068.7436,-1221387.185,E81_F80_m80f80_P81_Y4_UO3669,I80_F81_m80f80_P81_Y2_UO3731,I80_F72_m-1f-1_P80_Y-1_U193,MXY,3,0.0,1,0,0.0,0,0,0,-9999.0,0.875,1,P79_CV0,2,2,0,2,0,0,2,0,2
81,-323068.7436,-1221387.185,E81_F80_m5f5_P81_Y4_UO331,ID5_F81_m5f5_P72_Y1_UO282,ID5_F72_m5f5_P81_Y1_UO285,FXX,3,0.0,1,0,1.0,0,0,0,-9999.0,0.75,1,P79_CV0,2,1,1,1,1,0,2,0,2
81,-323068.7436,-1221387.185,E81_F94_m5f5_P81_Y4_UO339,I5_F81_m80f80_P81_Y0_UO3934,I5_F81_m80f80_P81_Y0_UO3941,MXY,3,0.0,1,0,0.0,0,0,0,-9999.0,0.875,1,P79_CV0,2,2,0,1,1,0,2,0,2
81,-323068.7436,-1221387.185,E81_F5_m80f80_P81_Y3_UO3669,ID80_F81_m80f80_P81_Y1_UO3493,I80_F72_m-1f-1_P80_Y-1_U4,FXX,4,0.0,1,0,1.0,0,0,0,-9999.0,0.125,1,P79_CV0,2,0,2,2,0,0,2,0,2
81,-323068.7436,-1221387.185,E81_F5_m80f80_P72_Y3_UO3672,I80_F72_m80f80_P72_Y0_UO3966,ID80_F81_m-1f-1_P5_Y-1_U153,FXX,4,0.0,1,0,1.0,0,0,0,-9999.0,0.625,1,P79_CV0,2,1,1,1,1,0,2,0,2
81,-323068.7436,-1221387.185,E81_F5_m80f80_P81_Y3_UO3691,I80_F81_m80f80_P81_Y0_UO3945,ID80_F81_m-1f-1_P5_Y-1_U12,FXX,4,0.0,1,0,1.0,0,0,0,-9999.0,0.125,1,P79_CV0,2,1,1,1,1,0,2,0,2
81,-323068.7436,-1221387.185,E81_F5_m5f5_P81_Y3_UO294,I5_F81_m80f80_P72_Y1_UO3544,ID5_F81_m-1f-1_P5_Y-1_U172,FXX,4,0.0,1,0,1.0,0,0,0,-9999.0,0.25,1,P79_CV0,2,0,2,0,2,0,2,0,2
81,-323068.7436,-1221387.185,E81_F5_m94f94_P81_Y3_UO4408,I94_F81_m-1f-1_P94_Y-1_U15,I94_F91_m-1f-1_P80_Y-1_U51,FXX,4,0.0,1,0,1.0,0,0,0,-9999.0,0.75,1,P79_CV0,2,2,0,2,0,0,2,0,2
81,-323068.7436,-1221387.185,E81_F5_m5f5_P81_Y3_UO349,ID5_F81_m-1f-1_P80_Y-1_U97,I5_F72_m5f5_P81_Y1_UO327,FXX,4,0.0,1,0,1.0,0,0,0,-9999.0,0.5,1,P79_CV0,2,1,1,1,1,0,2,0,2
81,-323068.7436,-1221387.185,E81_F94_m80f80_P81_Y3_UO3690,ID80_F81_m80f80_P81_Y0_UO3952,I80_F81_m47f47_P81_Y0_UO2504,MXY,4,0.0,1,0,0.0,0,0,0,-9999.0,0.625,1,P79_CV0,2,0,2,1,1,0,2,0,2
81,-323068.7436,-1221387.185,E81_F5_m80f80_P81_Y2_UO3681,I80_F72_m80f80_P81_Y0_UO4001,I80_F81_m58f58_P81_Y0_UO3007,MXY,5,0.0,1,0,0.0,0,0,0,-9999.0,0.625,1,P79_CV0,2,1,1,1,1,0,2,0,2
81,-323068.7436,-1221387.185,E81_F5_m80f80_P72_Y2_UO3714,I80_F72_m-1f-1_P80_Y-1_U8,I80_F81_m47f47_P81_Y0_UO2442,FXX,5,0.0,1,0,1.0,0,0,0,-9999.0,0.625,1,P79_CV0,2,2,0,0,2,0,2,0,2
81,-323068.7436,-1221387.185,E81_F5_m5f5_P81_Y2_UO305,I5_F81_m80f80_P81_Y0_UO4006,I5_F72_m-1f-1_P5_Y-1_U160,FXX,5,0.0,1,0,1.0,0,0,0,-9999.0,0.5,1,P79_CV0,2,1,1,2,0,0,2,0,2
81,-323068.7436,-1221387.185,E81_F5_m80f80_P72_Y2_UO3670,I80_F72_m5f5_P81_Y0_UO336,ID80_F81_m-1f-1_P80_Y-1_U175,MXY,5,0.0,1,0,0.0,0,0,0,-9999.0,0.375,1,P79_CV0,2,0,2,1,1,0,2,0,2
81,-323068.7436,-1221387.185,E81_F5_m5f5_P81_Y2_UO326,ID5_F81_m-1f-1_P80_Y-1_U123,I5_F81_m-1f-1_P58_Y-1_U3,FXX,5,0.0,1,0,1.0,0,0,0,-9999.0,0.5,1,P79_CV0,2,1,1,2,0,0,2,0,2
81,-323068.7436,-1221387.185,E81_F5_m94f94_P81_Y2_UO4435,I94_F81_m-1f-1_P40_Y-1_U146,I94_F81_m80f80_P81_Y0_UO3946,FXX,5,0.0,1,0,1.0,0,0,0,-9999.0,0.375,1,P79_CV0,2,1,1,0,2,0,2,0,2
81,-323068.7436,-1221387.185,E81_F58_m80f80_P81_Y2_UO3751,I80_F72_m-1f-1_P80_Y-1_U10,ID80_F72_m-1f-1_P5_Y-1_U68,MXY,5,0.0,1,0,0.0,0,0,0,-9999.0,0.5,1,P79_CV0,2,1,1,0,2,0,2,0,2
81,-323068.7436,-1221387.185,E81_F80_m80f80_P81_Y2_UO3734,I80_F81_m-1f-1_P80_Y-1_U239,I80_F81_m80f80_P72_Y0_UO4000,MXY,5,0.0,1,0,0.0,0,0,0,-9999.0,0.375,1,P79_CV0,2,1,1,1,1,0,2,0,2
81,-323068.7436,-1221387.185,E81_F80_m80f80_P72_Y2_UO3684,I80_F72_m80f80_P72_Y0_UO3936,ID80_F81_m-1f-1_P80_Y-1_U175,MXY,5,0.0,1,0,0.0,0,0,0,-9999.0,0.75,1,P79_CV0,2,1,1,0,2,0,2,0,2
81,-323068.7436,-1221387.185,E81_F80_m80f80_P72_Y2_UO3745,I80_F81_m-1f-1_P80_Y-1_U23,I80_F81_m-1f-1_P80_Y-1_U140,FXX,5,0.0,1,0,1.0,0,0,0,-9999.0,1.0,1,P79_CV0,2,2,0,0,2,0,2,0,2
81,-323068.7436,-1221387.185,E81_F5_m80f80_P81_Y1_UO3536,I80_F72_m-1f-1_P80_Y-1_U117,I80_F81_m-1f-1_P80_Y-1_U103,MXY,6,0.0,1,0,0.0,0,0,0,-9999.0,0.25,1,P79_CV0,2,1,1,2,0,0,2,0,2
81,-323068.7436,-1221387.185,E81_F58_m80f80_P72_Y1_UO3548,I80_F81_m-1f-1_P80_Y-1_U227,ID80_F81_m-1f-1_P80_Y-1_U4,MXY,6,0.0,1,0,0.0,0,0,0,-9999.0,0.0,1,P79_CV0,2,0,2,2,0,0,2,0,2
81,-323068.7436,-1221387.185,E81_F80_m80f80_P72_Y1_UO3540,I80_F72_m-1f-1_P80_Y-1_U86,I80_F81_m-1f-1_P80_Y-1_U237,MXY,6,0.0,1,0,0.0,0,0,0,-9999.0,0.5,1,P79_CV0,2,0,2,0,2,0,2,0,2
81,-323068.7436,-1221387.185,E81_F80_m80f80_P81_Y1_UO3475,I80_F81_m-1f-1_P80_Y-1_U44,ID80_F81_m-1f-1_P80_Y-1_U74,FXX,6,0.0,1,0,1.0,0,0,0,-9999.0,1.0,1,P79_CV0,2,2,0,0,2,0,2,0,2
81,-323068.7436,-1221387.185,E81_F80_m80f80_P81_Y1_UO3496,I80_F72_m-1f-1_P80_Y-1_U164,I80_F81_m-1f-1_P80_Y-1_U64,FXX,6,0.0,1,0,1.0,0,0,0,-9999.0,0.5,1,P79_CV0,2,2,0,1,1,0,2,0,2
81,-323068.7436,-1221387.185,E81_F80_m80f80_P81_Y1_UO3492,I80_F81_m-1f-1_P80_Y-1_U125,I80_F81_m-1f-1_P80_Y-1_U118,MXY,6,0.0,1,0,0.0,0,0,0,-9999.0,1.0,1,P79_CV0,2,2,0,1,1,0,2,0,2
81,-323068.7436,-1221387.185,E81_F5_m80f80_P81_Y0_UO3973,R80_F80_m-1f-1_P80_Y-1_U127,R80_F80_m-1f-1_P80_Y-1_U235,FXX,7,0.0,1,0,1.0,0,0,0,-9999.0,0.25,1,P79_CV0,2,0,2,2,0,0,2,0,2
81,-323068.7436,-1221387.185,E81_F5_m80f80_P72_Y0_UO3959,R80_F80_m-1f-1_P80_Y-1_U94,R80_F80_m-1f-1_P80_Y-1_U235,FXX,7,0.0,1,0,1.0,0,0,0,-9999.0,0.75,1,P79_CV0,2,1,1,1,1,0,2,0,2
81,-323068.7436,-1221387.185,E81_F5_m80f80_P72_Y0_UO3950,R80_F80_m-1f-1_P80_Y-1_U61,R80_F80_m-1f-1_P80_Y-1_U141,MXY,7,0.0,1,0,0.0,0,0,0,-9999.0,0.75,1,P79_CV0,2,1,1,0,2,0,2,0,2
81,-323068.7436,-1221387.185,E81_F5_m80f80_P72_Y0_UO4014,R80_F80_m-1f-1_P80_Y-1_U239,R80_F80_m-1f-1_P80_Y-1_U179,MXY,7,0.0,1,0,0.0,0,0,0,-9999.0,0.5,1,P79_CV0,2,2,0,1,1,0,2,0,2
81,-323068.7436,-1221387.185,E81_F80_m80f80_P81_Y0_UO4006,R80_F80_m-1f-1_P80_Y-1_U210,R80_F80_m-1f-1_P80_Y-1_U188,FXX,7,0.0,1,0,1.0,0,0,0,-9999.0,0.5,1,P79_CV0,2,1,1,2,0,0,2,0,2
81,-323068.7436,-1221387.185,E81_F80_m80f80_P81_Y0_UO3971,R80_F80_m-1f-1_P80_Y-1_U125,R80_F80_m-1f-1_P80_Y-1_U92,FXX,7,0.0,1,0,1.0,0,0,0,-9999.0,0.75,1,P79_CV0,2,2,0,1,1,0,2,0,2
81,-323068.7436,-1221387.185,E81_F80_m80f80_P81_Y0_UO4001,R80_F80_m-1f-1_P80_Y-1_U201,R80_F80_m-1f-1_P80_Y-1_U179,FXX,7,0.0,1,0,1.0,0,0,0,-9999.0,0.5,1,P79_CV0,2,1,1,1,1,0,2,0,2
81,-323068.7436,-1221387.185,E81_F80_m80f80_P72_Y0_UO3997,R80_F80_m-1f-1_P80_Y-1_U195,R80_F80_m-1f-1_P80_Y-1_U218,MXY,7,0.0,1,0,0.0,0,0,0,-9999.0,0.25,1,P79_CV0,2,1,1,2,0,0,2,0,2
81,-323068.7436,-1221387.185,E81_F94_m80f80_P81_Y0_UO3954,R80_F80_m-1f-1_P80_Y-1_U75,R80_F80_m-1f-1_P80_Y-1_U230,MXY,7,0.0,1,0,0.0,0,0,0,-9999.0,0.5,1,P79_CV0,2,1,1,2,0,0,2,0,2
81,-323068.7436,-1221387.185,E81_F94_m80f80_P81_Y0_UO3935,R80_F80_m-1f-1_P80_Y-1_U22,R80_F80_m-1f-1_P80_Y-1_U42,FXX,7,0.0,1,0,1.0,0,0,0,-9999.0,0.75,1,P79_CV0,2,2,0,2,0,0,2,0,2
81,-323068.7436,-1221387.185,E81_F5_m-1f-1_P80_Y-1_U123,-9999,-9999,FXX,8,0.0,1,0,1.0,0,0,0,-9999.0,1.0,1,P79_CV0,2,2,0,2,0,0,2,0,2
81,-323068.7436,-1221387.185,E81_F80_m-1f-1_P80_Y-1_U233,-9999,-9999,FXX,8,0.0,1,0,1.0,0,0,0,-9999.0,0.5,1,P79_CV0,2,1,1,1,1,0,2,0,2
81,-323068.7436,-1221387.185,E81_F5_m-1f-1_P80_Y-1_U173,-9999,-9999,MXY,9,0.0,1,0,0.0,0,0,0,-9999.0,0.5,1,P79_CV0,2,1,1,2,0,0,2,0,2
81,-323068.7436,-1221387.185,E81_F5_m-1f-1_P80_Y-1_U130,-9999,-9999,MXY,9,0.0,1,0,0.0,0,0,0,-9999.0,0.0,1,P79_CV0,2,0,2,1,1,0,2,0,2
81,-323068.7436,-1221387.185,E81_F80_m-1f-1_P80_Y-1_U105,-9999,-9999,MXY,9,0.0,1,0,0.0,0,0,0,-9999.0,0.0,1,P79_CV0,2,0,2,1,1,0,2,0,2
81,-323068.7436,-1221387.185,E81_F5_m-1f-1_P80_Y-1_U193,-9999,-9999,MXY,10,0.0,1,0,0.0,0,0,0,-9999.0,1.0,1,P79_CV0,2,2,0,1,1,0,2,0,2
81,-323068.7436,-1221387.185,E81_F5_m-1f-1_P80_Y-1_U27,-9999,-9999,MXY,10,0.0,1,0,0.0,0,0,0,-9999.0,1.0,1,P79_CV0,2,2,0,1,1,0,2,0,2
81,-323068.7436,-1221387.185,E81_F94_m-1f-1_P80_Y-1_U96,-9999,-9999,MXY,10,0.0,1,0,0.0,0,0,0,-9999.0,1.0,1,P79_CV0,2,2,0,1,1,0,2,0,2
81,-323068.7436,-1221387.185,E81_F5_m-1f-1_P80_Y-1_U109,-9999,-9999,MXY,11,0.0,1,0,0.0,0,0,0,-9999.0,0.5,1,P79_CV0,2,1,1,0,2,0,2,0,2
81,-323068.7436,-1221387.185,E81_F80_m-1f-1_P80_Y-1_U8,-9999,-9999,FXX,11,0.0,1,0,1.0,0,0,0,-9999.0,0.5,1,P79_CV0,2,1,1,0,2,0,2,0,2
81,-323068.7436,-1221387.185,E81_F80_m-1f-1_P80_Y-1_U243,-9999,-9999,MXY,11,0.0,1,0,0.0,0,0,0,-9999.0,0.0,1,P79_CV0,2,0,2,2,0,0,2,0,2
81,-323068.7436,-1221387.185,E81_F80_m-1f-1_P80_Y-1_U94,-9999,-9999,FXX,11,0.0,1,0,1.0,0,0,0,-9999.0,1.0,1,P79_CV0,2,2,0,0,2,0,2,0,2
81,-323068.7436,-1221387.185,E81_F80_m-1f-1_P80_Y-1_U220,-9999,-9999,FXX,12,0.0,1,0,1.0,0,0,0,-9999.0,1.0,1,P79_CV0,2,2,0,1,1,0,2,0,2
81,-323068.7436,-1221387.185,E81_F80_m-1f-1_P80_Y-1_U36,-9999,-9999,FXX,13,0.0,1,0,1.0,0,0,0,-9999.0,1.0,1,P79_CV0,2,2,0,1,1,0,2,0,2
81,-323068.7436,-1221387.185,E81_F5_m-1f-1_P80_Y-1_U89,-9999,-9999,MXY,14,0.0,1,0,0.0,0,0,0,-9999.0,0.5,1,P79_CV0,2,1,1,1,1,0,2,0,2
81,-323068.7436,-1221387.185,E81_F80_m-1f-1_P80_Y-1_U62,-9999,-9999,FXX,14,0.0,1,0,1.0,0,0,0,-9999.0,0.0,1,P79_CV0,2,0,2,1,1,0,2,0,2
81,-323068.7436,-1221387.185,E81_F5_m-1f-1_P80_Y-1_U225,-9999,-9999,MXY,16,0.0,1,0,0.0,0,0,0,-9999.0,0.5,1,P79_CV0,2,1,1,1,1,0,2,0,2
81,-323068.7436,-1221387.185,E81_F5_m-1f-1_P80_Y-1_U234,-9999,-9999,FXX,16,0.0,1,0,1.0,0,0,0,-9999.0,0.0,1,P79_CV0,2,0,2,1,1,0,2,0,2
81,-323068.7436,-1221387.185,E81_F80_m58f58_P81_Y5_UO2765,I58_F99_m-1f-1_P58_Y-1_U237,ID58_F99_m-1f-1_P84_Y-1_U43,MXY,2,0.0,1,0,0.0,0,0,0,-9999.0,1.0,1,P83_CV0,2,2,0,2,0,0,2,0,2
81,-323068.7436,-1221387.185,Age0_F81_m58f58_P81_Y7_UO2713,I58_F99_m23f23_P99_Y5_UO1226,I58_F72_m58f58_P99_Y5_UO2727,FXX,0,0.0,0,0,0.0,0,0,0,0.0,0.6875,1,P89_CV0,2,2,0,2,0,0,2,0,2
81,-323068.7436,-1221387.185,E81_F80_m58f58_P81_Y6_UO2771,I58_F6_m-1f-1_P23_Y-1_U87,I58_F81_m90f90_P99_Y0_UO4531,FXX,1,0.0,1,1,1.0,0,0,0,-9999.0,0.75,1,P89_CV0,2,2,0,1,1,0,2,0,2
81,-323068.7436,-1221387.185,E81_F58_m90f90_P57_Y5_UO4216,I90_F35_m30f30_P86_Y2_UO1448,ID90_F86_m90f90_P86_Y3_UO4170,MXY,2,0.0,1,0,0.0,0,0,0,-9999.0,0.8125,1,P89_CV0,2,2,0,2,0,0,2,0,2
81,-323068.7436,-1221387.185,E81_F58_m23f23_P99_Y5_UO1226,ID23_F38_m-1f-1_P90_Y-1_U244,I23_F6_m23f23_P76_Y1_UO1146,FXX,2,0.0,1,0,1.0,0,0,0,-9999.0,0.75,1,P89_CV0,2,2,0,1,1,0,2,0,2
81,-323068.7436,-1221387.185,E81_F94_m58f58_P81_Y5_UO2726,I58_F81_m90f90_P6_Y2_UO4267,I58_F81_m80f80_P72_Y2_UO3733,FXX,2,0.0,1,0,1.0,0,0,0,-9999.0,0.75,1,P89_CV0,2,2,0,1,1,0,2,0,2
81,-323068.7436,-1221387.185,E81_F5_m58f58_P81_Y4_UO2698,ID58_F8_m90f90_P6_Y2_UO4267,ID58_F81_m-1f-1_P5_Y-1_U158,MXY,3,0.0,1,0,0.0,0,0,0,-9999.0,0.625,1,P89_CV0,2,1,1,1,1,0,2,0,2
81,-323068.7436,-1221387.185,Age0_F81_m58f58_P81_Y7_UO2722,I58_F99_m58f58_P81_Y3_UO2708,ID58_F99_m42f42_P27_Y3_UO2003,FXX,0,0.0,0,0,0.0,0,0,0,0.0,0.4375,1,P91_CV0,2,2,0,2,0,0,2,0,2
81,-323068.7436,-1221387.185,Age0_F81_m58f58_P81_Y7_UO2734,I58_F99_m92f92_P99_Y2_UO4325,I58_F6_m50f50_P99_Y5_UO2419,FXX,0,0.0,0,0,0.0,0,0,0,0.0,0.53125,1,P91_CV0,2,0,2,1,1,0,2,0,2
81,-323068.7436,-1221387.185,Age0_F81_m58f58_P81_Y7_UO2761,I58_F99_m-1f-1_P42_Y-1_U106,ID58_F99_m42f42_P99_Y5_UO1969,MXY,0,0.0,0,0,0.0,0,0,0,0.0,0.625,1,P91_CV0,2,2,0,1,1,0,2,0,2
81,-323068.7436,-1221387.185,E81_F5_m94f94_P81_Y6_UO4484,I94_F81_m50f50_P99_Y1_UO2308,I94_F91_m-1f-1_P94_Y-1_U140,FXX,1,0.0,1,1,1.0,0,0,0,-9999.0,0.5,1,P91_CV0,2,1,1,2,0,0,2,0,2
81,-323068.7436,-1221387.185,E81_F58_m5f5_P81_Y6_UO407,I5_F81_m-1f-1_P5_Y-1_U47,I5_F81_m42f42_P99_Y1_UO1828,FXX,1,0.0,1,1,1.0,0,0,0,-9999.0,0.75,1,P91_CV0,2,1,1,0,2,0,2,0,2
81,-323068.7436,-1221387.185,E81_F80_m5f5_P72_Y6_UO414,I5_F81_m-1f-1_P5_Y-1_U1,I5_F81_m42f42_P99_Y1_UO1828,MXY,1,0.0,1,1,0.0,0,0,0,-9999.0,0.5,1,P91_CV0,2,0,2,1,1,0,2,0,2
81,-323068.7436,-1221387.185,E81_F94_m94f94_P81_Y6_UO4485,I94_F81_m45f45_P6_Y1_UO1988,ID94_F99_m50f50_P99_Y4_UO2411,FXX,1,0.0,1,1,1.0,0,0,0,-9999.0,0.375,1,P91_CV0,2,1,1,1,1,0,2,0,2
81,-323068.7436,-1221387.185,E81_F5_m94f94_P81_Y5_UO4425,I94_F81_m50f50_P99_Y1_UO2308,I94_F98_m-1f-1_P94_Y-1_U60,FXX,2,0.0,1,0,1.0,0,0,0,-9999.0,0.5,1,P91_CV0,2,0,2,2,0,0,2,0,2
81,-323068.7436,-1221387.185,E81_F58_m58f58_P99_Y5_UO2728,I58_F81_m50f50_P99_Y1_UO2294,I58_F72_m92f92_P99_Y3_UO4329,MXY,2,0.0,1,0,0.0,0,0,0,-9999.0,0.375,1,P91_CV0,2,2,0,1,1,0,2,0,2
81,-323068.7436,-1221387.185,E81_F94_m50f50_P99_Y4_UO2411,ID50_F6_m-1f-1_P92_Y-1_U167,I50_F99_m-1f-1_P50_Y-1_U41,MXY,3,0.0,1,0,0.0,0,0,0,-9999.0,0.25,1,P91_CV0,2,0,2,1,1,0,2,0,2
81,-323068.7436,-1221387.185,E81_F58_m58f58_P81_Y3_UO2708,ID58_F99_m50f50_P99_Y1_UO2308,ID58_F99_m92f92_P99_Y0_UO4667,FXX,4,0.0,1,0,1.0,0,0,0,-9999.0,0.375,1,P91_CV0,2,1,1,2,0,0,2,0,2
81,-323068.7436,-1221387.185,E81_F58_m50f50_P99_Y2_UO2453,I50_F99_m-1f-1_P50_Y-1_U199,ID50_F99_m-1f-1_P92_Y-1_U99,FXX,5,0.0,1,0,1.0,0,0,0,-9999.0,0.5,1,P91_CV0,2,2,0,1,1,0,2,0,2
81,-323068.7436,-1221387.185,E81_F58_m92f92_P99_Y2_UO4325,I92_F57_m-1f-1_P92_Y-1_U167,I92_F6_m-1f-1_P92_Y-1_U5,FXX,5,0.0,1,0,1.0,0,0,0,-9999.0,0.5,1,P91_CV0,2,1,1,1,1,0,2,0,2
81,-323068.7436,-1221387.185,E81_F5_m42f42_P99_Y1_UO1828,ID42_F99_m-1f-1_P42_Y-1_U232,ID42_F99_m-1f-1_P92_Y-1_U97,MXY,6,0.0,1,0,0.0,0,0,0,-9999.0,0.5,1,P91_CV0,2,1,1,0,2,0,2,0,2
81,-323068.7436,-1221387.185,E81_F94_m50f50_P99_Y1_UO2308,ID50_F6_m-1f-1_P92_Y-1_U58,ID50_F6_m-1f-1_P92_Y-1_U117,FXX,6,0.0,1,0,1.0,0,0,0,-9999.0,0.5,1,P91_CV0,2,1,1,2,0,0,2,0,2
81,-323068.7436,-1221387.185,Age0_F81_m5f5_P81_Y7_UO332,I5_F72_m95f95_P81_Y5_UO4477,I5_F81_m94f94_P81_Y4_UO4457,FXX,0,0.0,0,0,0.0,0,0,0,0.0,0.5,1,P93_CV0,2,2,0,1,1,0,2,0,2
81,-323068.7436,-1221387.185,Age0_F81_m5f5_P81_Y7_UO337,I5_F81_m94f94_P81_Y4_UO4435,I5_F81_m-1f-1_P80_Y-1_U27,FXX,0,0.0,0,0,0.0,0,0,0,0.0,0.84375,1,P93_CV0,2,1,1,0,2,0,2,0,2
81,-323068.7436,-1221387.185,Age0_F81_m5f5_P81_Y7_UO343,I5_F72_m58f58_P81_Y4_UO2722,ID5_F81_m80f80_P81_Y5_UO3716,FXX,0,0.0,0,0,0.0,0,0,0,0.0,0.5,1,P93_CV0,2,1,1,1,1,0,2,0,2
81,-323068.7436,-1221387.185,Age0_F81_m5f5_P81_Y7_UO349,I5_F72_m5f5_P81_Y4_UO351,I5_F81_m80f80_P72_Y5_UO3680,FXX,0,0.0,0,0,0.0,0,0,0,0.0,0.375,1,P93_CV0,2,0,2,0,2,0,2,0,2
81,-323068.7436,-1221387.185,Age0_F81_m5f5_P81_Y7_UO368,I5_F81_m80f80_P81_Y3_UO3661,I5_F81_m94f94_P81_Y2_UO4437,MXY,0,0.0,0,0,0.0,0,0,0,0.0,0.625,1,P93_CV0,2,2,0,0,2,0,2,0,2
81,-323068.7436,-1221387.185,Age0_F81_m5f5_P81_Y7_UO381,I5_F72_m58f58_P81_Y2_UO2722,ID5_F81_m5f5_P81_Y5_UO391,MXY,0,0.0,0,0,0.0,0,0,0,0.0,0.25,1,P93_CV0,2,1,1,1,1,0,2,0,2
81,-323068.7436,-1221387.185,Age0_F81_m5f5_P81_Y7_UO382,ID5_F72_m5f5_P72_Y2_UO344,ID5_F81_m80f80_P72_Y5_UO3670,MXY,0,0.0,0,0,0.0,0,0,0,0.0,0.46875,1,P93_CV0,2,1,1,2,0,0,2,0,2
81,-323068.7436,-1221387.185,Age0_F81_m5f5_P81_Y7_UO392,ID5_F72_m94f94_P81_Y1_UO4207,I5_F72_m5f5_P72_Y5_UO368,MXY,0,0.0,0,0,0.0,0,0,0,0.0,0.625,1,P93_CV0,2,1,1,1,1,0,2,0,2
81,-323068.7436,-1221387.185,Age0_F81_m5f5_P81_Y7_UO396,I5_F72_m58f58_P81_Y1_UO2637,ID5_F81_m94f94_P81_Y4_UO4436,FXX,0,0.0,0,0,0.0,0,0,0,0.0,0.1875,1,P93_CV0,2,0,2,1,1,0,2,0,2
81,-323068.7436,-1221387.185,Age0_F81_m42f42_P81_Y7_UO2042,I42_F99_m42f42_P99_Y1_UO1821,ID42_F99_m42f42_P99_Y3_UO1997,MXY,0,0.0,0,0,0.0,0,0,0,0.0,0.125,1,P93_CV0,2,0,2,2,0,0,2,0,2
81,-323068.7436,-1221387.185,Age0_F81_m50f50_P81_Y7_UO2484,I50_F99_m-1f-1_P94_Y-1_U93,I50_F99_m-1f-1_P50_Y-1_U175,MXY,0,0.0,0,0,0.0,0,0,0,0.0,0.25,1,P93_CV0,2,0,2,1,1,0,2,0,2
81,-323068.7436,-1221387.185,Age0_F81_m58f58_P81_Y7_UO2704,ID58_F98_m50f50_P99_Y5_UO2417,ID58_F99_m-1f-1_P94_Y-1_U60,FXX,0,0.0,0,0,0.0,0,0,0,0.0,0.6875,1,P93_CV0,2,0,2,0,2,0,2,0,2
81,-323068.7436,-1221387.185,Age0_F81_m58f58_P81_Y7_UO2760,I58_F81_m-1f-1_P94_Y-1_U15,I58_F81_m-1f-1_P58_Y-1_U135,MXY,0,0.0,0,0,0.0,0,0,0,0.0,0.75,1,P93_CV0,2,2,0,2,0,0,2,0,2
81,-323068.7436,-1221387.185,Age0_F81_m80f80_P81_Y7_UO3686,I80_F72_m80f80_P81_Y5_UO3719,I80_F72_m94f94_P81_Y1_UO4241,MXY,0,0.0,0,0,0.0,0,0,0,0.0,0.53125,1,P93_CV0,2,0,2,1,1,0,2,0,2
81,-323068.7436,-1221387.185,Age0_F81_m80f80_P81_Y7_UO3703,ID80_F81_m94f94_P81_Y5_UO4429,I80_F81_m-1f-1_P80_Y-1_U46,FXX,0,0.0,0,0,0.0,0,0,0,0.0,0.25,1,P93_CV0,2,0,2,1,1,0,2,0,2
81,-323068.7436,-1221387.185,Age0_F81_m80f80_P81_Y7_UO3744,I80_F81_m80f80_P81_Y3_UO3683,I80_F81_m47f47_P81_Y1_UO2215,FXX,0,0.0,0,0,0.0,0,0,0,0.0,0.5,1,P93_CV0,2,1,1,2,0,0,2,0,2
81,-323068.7436,-1221387.185,Age0_F81_m80f80_P81_Y7_UO3766,I80_F81_m94f94_P81_Y2_UO4413,I80_F72_m-1f-1_P80_Y-1_U209,MXY,0,0.0,0,0,0.0,0,0,0,0.0,0.75,1,P93_CV0,2,2,0,2,0,0,2,0,2
81,-323068.7436,-1221387.185,Age0_F81_m80f80_P81_Y7_UO3785,ID80_F81_m94f94_P81_Y0_UO4778,ID80_F72_m94f94_P81_Y4_UO4402,FXX,0,0.0,0,0,0.0,0,0,0,0.0,0.5,1,P93_CV0,2,1,1,1,1,0,2,0,2
81,-323068.7436,-1221387.185,Age0_F81_m80f80_P81_Y7_UO3797,ID80_F72_m-1f-1_P80_Y-1_U36,I80_F72_m94f94_P81_Y1_UO4241,FXX,0,0.0,0,0,0.0,0,0,0,0.0,0.75,1,P93_CV0,2,1,1,0,2,0,2,0,2
81,-323068.7436,-1221387.185,Age0_F81_m94f94_P81_Y7_UO4433,I94_F81_m47f47_P81_Y5_UO2355,I94_F81_m-1f-1_P94_Y-1_U107,FXX,0,0.0,0,0,0.0,0,0,0,0.0,0.5,1,P93_CV0,2,0,2,1,1,0,2,0,2
81,-323068.7436,-1221387.185,Age0_F81_m94f94_P81_Y7_UO4435,ID94_F81_m42f42_P99_Y5_UO2022,I94_F91_m-1f-1_P94_Y-1_U29,FXX,0,0.0,0,0,0.0,0,0,0,0.0,0.75,1,P93_CV0,2,2,0,2,0,0,2,0,2
81,-323068.7436,-1221387.185,Age0_F81_m94f94_P81_Y7_UO4440,ID94_F81_m94f94_P81_Y5_UO4451,I94_F81_m58f58_P99_Y4_UO2757,MXY,0,0.0,0,0,0.0,0,0,0,0.0,0.5625,1,P93_CV0,2,2,0,1,1,0,2,0,2
81,-323068.7436,-1221387.185,Age0_F81_m94f94_P81_Y7_UO4446,I94_F81_m5f5_P81_Y4_UO365,ID94_F81_m-1f-1_P50_Y-1_U114,FXX,0,0.0,0,0,0.0,0,0,0,0.0,0.375,1,P93_CV0,2,1,1,0,2,0,2,0,2
81,-323068.7436,-1221387.185,Age0_F81_m94f94_P81_Y7_UO4454,I94_F81_m94f94_P81_Y2_UO4380,ID94_F99_m50f50_P99_Y5_UO2378,FXX,0,0.0,0,0,0.0,0,0,0,0.0,0.5625,1,P93_CV0,2,2,0,1,1,0,2,0,2
81,-323068.7436,-1221387.185,Age0_F81_m94f94_P81_Y7_UO4468,I94_F28_m80f80_P81_Y0_UO3935,I94_F81_m58f58_P99_Y4_UO2757,FXX,0,0.0,0,0,0.0,0,0,0,0.0,0.75,1,P93_CV0,2,2,0,1,1,0,2,0,2
81,-323068.7436,-1221387.185,Age0_F81_m94f94_P81_Y7_UO4474,I94_F81_m-1f-1_P94_Y-1_U119,I94_F81_m58f58_P99_Y4_UO2757,FXX,0,0.0,0,0,0.0,0,0,0,0.0,0.375,1,P93_CV0,2,1,1,0,2,0,2,0,2
81,-323068.7436,-1221387.185,E81_F5_m5f5_P72_Y6_UO340,I5_F81_m94f94_P81_Y3_UO4370,I5_F81_m80f80_P81_Y4_UO3697,MXY,1,0.0,1,1,0.0,0,0,0,-9999.0,0.3125,1,P93_CV0,2,1,1,1,1,0,2,0,2
81,-323068.7436,-1221387.185,E81_F5_m80f80_P72_Y6_UO3801,I80_F81_m-1f-1_P80_Y-1_U8,I80_F72_m5f5_P81_Y3_UO378,MXY,1,0.0,1,1,0.0,0,0,0,-9999.0,0.625,1,P93_CV0,2,0,2,0,2,0,2,0,2
81,-323068.7436,-1221387.185,E81_F5_m5f5_P81_Y6_UO317,I5_F81_m94f94_P81_Y4_UO4413,ID5_F81_m-1f-1_P5_Y-1_U86,MXY,1,0.0,1,1,0.0,0,0,0,-9999.0,0.4375,1,P93_CV0,2,1,1,1,1,0,2,0,2
81,-323068.7436,-1221387.185,E81_F5_m42f42_P81_Y6_UO2025,ID42_F6_m45f45_P6_Y3_UO2136,I42_F99_m42f42_P99_Y4_UO2001,MXY,1,0.0,1,1,0.0,0,0,0,-9999.0,0.4375,1,P93_CV0,2,0,2,2,0,0,2,0,2
81,-323068.7436,-1221387.185,E81_F5_m58f58_P81_Y6_UO2757,ID58_F99_m50f50_P99_Y0_UO2574,I58_F81_m-1f-1_P94_Y-1_U197,FXX,1,0.0,1,1,1.0,0,0,0,-9999.0,0.5,1,P93_CV0,2,1,1,1,1,0,2,0,2
81,-323068.7436,-1221387.185,E81_F5_m58f58_P81_Y6_UO2763,I58_F99_m-1f-1_P94_Y-1_U160,ID58_F99_m-1f-1_P50_Y-1_U239,FXX,1,0.0,1,1,1.0,0,0,0,-9999.0,0.75,1,P93_CV0,2,2,0,1,1,0,2,0,2
81,-323068.7436,-1221387.185,E81_F5_m80f80_P81_Y6_UO3696,ID80_F81_m5f5_P81_Y4_UO306,ID80_F72_m-1f-1_P5_Y-1_U238,MXY,1,0.0,1,1,0.0,0,0,0,-9999.0,0.4375,1,P93_CV0,2,0,2,2,0,0,2,0,2
81,-323068.7436,-1221387.185,E81_F5_m80f80_P81_Y6_UO3722,I80_F72_m80f80_P72_Y4_UO3706,I80_F81_m80f80_P72_Y4_UO3692,MXY,1,0.0,1,1,0.0,0,0,0,-9999.0,0.4375,1,P93_CV0,2,2,0,1,1,0,2,0,2
81,-323068.7436,-1221387.185,E81_F5_m94f94_P81_Y6_UO4495,I94_F81_m-1f-1_P94_Y-1_U38,I94_F81_m-1f-1_P94_Y-1_U29,MXY,1,0.0,1,1,0.0,0,0,0,-9999.0,0.5,1,P93_CV0,2,1,1,1,1,0,2,0,2
81,-323068.7436,-1221387.185,E81_F58_m5f5_P81_Y6_UO357,I5_F81_m80f80_P81_Y3_UO3661,ID5_F81_m5f5_P72_Y2_UO337,FXX,1,0.0,1,1,1.0,0,0,0,-9999.0,0.5,1,P93_CV0,2,1,1,1,1,0,2,0,2
81,-323068.7436,-1221387.185,E81_F80_m5f5_P72_Y6_UO297,I5_F81_m94f94_P81_Y4_UO4449,I5_F81_m94f94_P81_Y4_UO4436,FXX,1,0.0,1,1,1.0,0,0,0,-9999.0,0.4375,1,P93_CV0,2,1,1,0,2,0,2,0,2
81,-323068.7436,-1221387.185,E81_F80_m5f5_P72_Y6_UO332,I5_F81_m58f58_P81_Y4_UO2726,I5_F81_m94f94_P81_Y4_UO4418,MXY,1,0.0,1,1,0.0,0,0,0,-9999.0,0.5625,1,P93_CV0,2,2,0,2,0,0,2,0,2
81,-323068.7436,-1221387.185,E81_F80_m80f80_P72_Y6_UO3717,ID80_F81_m94f94_P81_Y4_UO4424,I80_F81_m80f80_P81_Y3_UO3725,FXX,1,0.0,1,1,1.0,0,0,0,-9999.0,0.3125,1,P93_CV0,2,0,2,1,1,0,2,0,2
81,-323068.7436,-1221387.185,E81_F80_m5f5_P81_Y6_UO303,I5_F81_m5f5_P81_Y4_UO279,I5_F81_m94f94_P81_Y0_UO4730,FXX,1,0.0,1,1,1.0,0,0,0,-9999.0,0.1875,1,P93_CV0,2,1,1,1,1,0,2,0,2
81,-323068.7436,-1221387.185,E81_F80_m5f5_P81_Y6_UO336,ID5_F81_m47f47_P81_Y4_UO2334,I5_F81_m94f94_P81_Y3_UO4406,MXY,1,0.0,1,1,0.0,0,0,0,-9999.0,0.625,1,P93_CV0,2,0,2,1,1,0,2,0,2
81,-323068.7436,-1221387.185,E81_F80_m5f5_P81_Y6_UO350,I5_F81_m94f94_P81_Y3_UO4408,ID5_F81_m-1f-1_P94_Y-1_U165,MXY,1,0.0,1,1,0.0,0,0,0,-9999.0,0.625,1,P93_CV0,2,1,1,2,0,0,2,0,2
81,-323068.7436,-1221387.185,E81_F80_m58f58_P81_Y6_UO2781,I58_F72_m-1f-1_P94_Y-1_U192,ID58_F81_m92f92_P99_Y3_UO4329,MXY,1,0.0,1,1,0.0,0,0,0,-9999.0,0.5,1,P93_CV0,2,1,1,0,2,0,2,0,2
81,-323068.7436,-1221387.185,E81_F80_m80f80_P81_Y6_UO3762,ID80_F81_m94f94_P81_Y2_UO4413,ID80_F81_m80f80_P72_Y3_UO3659,MXY,1,0.0,1,1,0.0,0,0,0,-9999.0,0.625,1,P93_CV0,2,2,0,1,1,0,2,0,2
81,-323068.7436,-1221387.185,E81_F80_m80f80_P81_Y6_UO3800,ID80_F81_m-1f-1_P94_Y-1_U155,I80_F72_m5f5_P81_Y3_UO353,FXX,1,0.0,1,1,1.0,0,0,0,-9999.0,0.25,1,P93_CV0,2,0,2,2,0,0,2,0,2
81,-323068.7436,-1221387.185,E81_F80_m94f94_P81_Y6_UO4459,I94_F81_m5f5_P81_Y4_UO365,I94_F81_m-1f-1_P94_Y-1_U29,FXX,1,0.0,1,1,1.0,0,0,0,-9999.0,0.875,1,P93_CV0,2,2,0,2,0,0,2,0,2
81,-323068.7436,-1221387.185,E81_F80_m94f94_P81_Y6_UO4481,I94_F81_m47f47_P81_Y1_UO2159,I94_F81_m80f80_P81_Y4_UO3660,FXX,1,0.0,1,1,1.0,0,0,0,-9999.0,0.4375,1,P93_CV0,2,0,2,2,0,0,2,0,2
81,-323068.7436,-1221387.185,E81_F80_m94f94_P81_Y6_UO4487,I94_F98_m58f58_P99_Y0_UO2947,I94_F99_m94f94_P81_Y4_UO4434,FXX,1,0.0,1,1,1.0,0,0,0,-9999.0,0.25,1,P93_CV0,2,1,1,0,2,0,2,0,2
81,-323068.7436,-1221387.185,E81_F94_m94f94_P81_Y6_UO4497,I94_F81_m-1f-1_P94_Y-1_U119,I94_F91_m-1f-1_P94_Y-1_U140,MXY,1,0.0,1,1,0.0,0,0,0,-9999.0,0.25,1,P93_CV0,2,1,1,2,0,0,2,0,2
81,-323068.7436,-1221387.185,E81_F95_m94f94_P81_Y6_UO4476,ID94_F81_m94f94_P81_Y2_UO4380,I94_F81_m94f94_P81_Y4_UO4446,MXY,1,0.0,1,1,0.0,0,0,0,-9999.0,0.34375,1,P93_CV0,2,0,2,2,0,0,2,0,2
81,-323068.7436,-1221387.185,E81_F5_m94f94_P81_Y5_UO4448,I94_F81_m-1f-1_P94_Y-1_U190,I94_F99_m58f58_P99_Y0_UO3017,MXY,2,0.0,1,0,0.0,0,0,0,-9999.0,0.25,1,P93_CV0,2,0,2,1,1,0,2,0,2
81,-323068.7436,-1221387.185,E81_F5_m80f80_P81_Y5_UO3716,I80_F81_m5f5_P72_Y2_UO344,I80_F81_m-1f-1_P80_Y-1_U4,MXY,2,0.0,1,0,0.0,0,0,0,-9999.0,0.25,1,P93_CV0,2,0,2,2,0,0,2,0,2
81,-323068.7436,-1221387.185,E81_F5_m94f94_P81_Y5_UO4452,I94_F81_m-1f-1_P94_Y-1_U205,ID94_F81_m-1f-1_P94_Y-1_U141,FXX,2,0.0,1,0,1.0,0,0,0,-9999.0,0.25,1,P93_CV0,2,1,1,0,2,0,2,0,2
81,-323068.7436,-1221387.185,E81_F5_m80f80_P72_Y5_UO3715,I80_F72_m80f80_P81_Y2_UO3741,I80_F81_m94f94_P81_Y1_UO4241,FXX,2,0.0,1,0,1.0,0,0,0,-9999.0,0.375,1,P93_CV0,2,0,2,0,2,0,2,0,2
81,-323068.7436,-1221387.185,E81_F5_m80f80_P72_Y5_UO3754,I80_F81_m-1f-1_P80_Y-1_U19,I80_F72_m58f58_P72_Y3_UO2739,MXY,2,0.0,1,0,0.0,0,0,0,-9999.0,0.75,1,P93_CV0,2,2,0,0,2,0,2,0,2
81,-323068.7436,-1221387.185,E81_F5_m94f94_P81_Y5_UO4413,ID94_F57_m50f50_P99_Y3_UO2379,I94_F91_m-1f-1_P94_Y-1_U136,MXY,2,0.0,1,0,0.0,0,0,0,-9999.0,0.5,1,P93_CV0,2,2,0,2,0,0,2,0,2
81,-323068.7436,-1221387.185,E81_F5_m94f94_P81_Y5_UO4458,I94_F91_m-1f-1_P42_Y-1_U75,ID94_F6_m58f58_P99_Y1_UO2653,MXY,2,0.0,1,0,0.0,0,0,0,-9999.0,0.625,1,P93_CV0,2,1,1,2,0,0,2,0,2
81,-323068.7436,-1221387.185,E81_F5_m5f5_P81_Y5_UO336,I5_F81_m5f5_P81_Y2_UO298,ID5_F72_m5f5_P72_Y2_UO319,MXY,2,0.0,1,0,0.0,0,0,0,-9999.0,0.6875,1,P93_CV0,2,1,1,0,2,0,2,0,2
81,-323068.7436,-1221387.185,E81_F58_m50f50_P99_Y5_UO2417,I50_F99_m94f94_P99_Y1_UO4202,I50_F99_m58f58_P99_Y3_UO2731,FXX,2,0.0,1,0,1.0,0,0,0,-9999.0,0.875,1,P93_CV0,2,1,1,0,2,0,2,0,2
81,-323068.7436,-1221387.185,E81_F80_m5f5_P72_Y5_UO315,I5_F81_m80f80_P81_Y3_UO3673,I5_F81_m58f58_P81_Y3_UO2748,MXY,2,0.0,1,0,0.0,0,0,0,-9999.0,0.5,1,P93_CV0,2,0,2,1,1,0,2,0,2
81,-323068.7436,-1221387.185,E81_F80_m5f5_P81_Y5_UO303,I5_F81_m94f94_P81_Y3_UO4432,ID5_F72_m-1f-1_P80_Y-1_U193,MXY,2,0.0,1,0,0.0,0,0,0,-9999.0,0.75,1,P93_CV0,2,2,0,2,0,0,2,0,2
81,-323068.7436,-1221387.185,E81_F80_m5f5_P81_Y5_UO331,I5_F81_m94f94_P81_Y2_UO4413,ID5_F81_m-1f-1_P5_Y-1_U100,FXX,2,0.0,1,0,1.0,0,0,0,-9999.0,0.25,1,P93_CV0,2,1,1,2,0,0,2,0,2
81,-323068.7436,-1221387.185,E81_F80_m94f94_P81_Y5_UO4429,ID94_F81_m45f45_P6_Y1_UO1988,I94_F91_m-1f-1_P94_Y-1_U136,FXX,2,0.0,1,0,1.0,0,0,0,-9999.0,0.5,1,P93_CV0,2,1,1,2,0,0,2,0,2
81,-323068.7436,-1221387.185,E81_F80_m80f80_P72_Y5_UO3756,I80_F72_m-1f-1_P58_Y-1_U153,ID80_F81_m80f80_P81_Y2_UO3687,MXY,2,0.0,1,0,0.0,0,0,0,-9999.0,0.5,1,P93_CV0,2,0,2,1,1,0,2,0,2
81,-323068.7436,-1221387.185,E81_F80_m80f80_P81_Y5_UO3751,I80_F72_m-1f-1_P80_Y-1_U164,I80_F81_m80f80_P81_Y2_UO3675,FXX,2,0.0,1,0,1.0,0,0,0,-9999.0,0.5,1,P93_CV0,2,1,1,1,1,0,2,0,2
81,-323068.7436,-1221387.185,E81_F94_m80f80_P81_Y5_UO3714,I80_F81_m94f94_P81_Y2_UO4396,I80_F72_m-1f-1_P5_Y-1_U9,FXX,2,0.0,1,0,1.0,0,0,0,-9999.0,0.625,1,P93_CV0,2,1,1,1,1,0,2,0,2
81,-323068.7436,-1221387.185,E81_F94_m94f94_P81_Y5_UO4451,I94_F81_m-1f-1_P94_Y-1_U38,I94_F81_m95f95_P91_Y3_UO4507,FXX,2,0.0,1,0,1.0,0,0,0,-9999.0,0.375,1,P93_CV0,2,1,1,2,0,0,2,0,2
81,-323068.7436,-1221387.185,E81_F94_m94f94_P81_Y5_UO4431,I94_F81_m94f94_P81_Y1_UO4230,ID94_F81_m5f5_P81_Y3_UO278,FXX,2,0.0,1,0,1.0,0,0,0,-9999.0,0.5,1,P93_CV0,2,1,1,0,2,0,2,0,2
81,-323068.7436,-1221387.185,E81_F5_m94f94_P81_Y4_UO4435,ID94_F91_m-1f-1_P94_Y-1_U210,I94_F99_m5f5_P81_Y2_UO286,FXX,3,0.0,1,0,1.0,0,0,0,-9999.0,0.6875,1,P93_CV0,2,1,1,1,1,0,2,0,2
81,-323068.7436,-1221387.185,E81_F5_m94f94_P81_Y4_UO4419,I94_F81_m5f5_P81_Y0_UO349,I94_F99_m-1f-1_P94_Y-1_U91,MXY,3,0.0,1,0,0.0,0,0,0,-9999.0,0.5,1,P93_CV0,2,1,1,0,2,0,2,0,2
81,-323068.7436,-1221387.185,E81_F5_m94f94_P81_Y4_UO4426,I94_F81_m-1f-1_P58_Y-1_U178,I94_F91_m-1f-1_P94_Y-1_U29,MXY,3,0.0,1,0,0.0,0,0,0,-9999.0,0.5,1,P93_CV0,2,1,1,1,1,0,2,0,2
81,-323068.7436,-1221387.185,E81_F5_m94f94_P81_Y4_UO4436,I94_F81_m-1f-1_P94_Y-1_U62,I94_F91_m5f5_P81_Y1_UO310,MXY,3,0.0,1,0,0.0,0,0,0,-9999.0,0.125,1,P93_CV0,2,0,2,0,2,0,2,0,2
81,-323068.7436,-1221387.185,E81_F5_m94f94_P81_Y4_UO4457,ID94_F81_m-1f-1_P94_Y-1_U117,ID94_F81_m58f58_P81_Y1_UO2668,MXY,3,0.0,1,0,0.0,0,0,0,-9999.0,0.5,1,P93_CV0,2,1,1,1,1,0,2,0,2
81,-323068.7436,-1221387.185,E81_F5_m94f94_P81_Y4_UO4413,ID94_F99_m94f94_P81_Y0_UO4709,I94_F81_m-1f-1_P40_Y-1_U155,FXX,3,0.0,1,0,1.0,0,0,0,-9999.0,0.375,1,P93_CV0,2,1,1,1,1,0,2,0,2
81,-323068.7436,-1221387.185,E81_F5_m94f94_P81_Y4_UO4432,I94_F99_m-1f-1_P94_Y-1_U249,I94_F81_m58f58_P81_Y2_UO2749,MXY,3,0.0,1,0,0.0,0,0,0,-9999.0,0.5625,1,P93_CV0,2,0,2,0,2,0,2,0,2
81,-323068.7436,-1221387.185,E81_F5_m5f5_P81_Y4_UO351,I5_F81_m94f94_P81_Y0_UO4725,I5_F81_m58f58_P72_Y1_UO2620,FXX,3,0.0,1,0,1.0,0,0,0,-9999.0,0.625,1,P93_CV0,2,1,1,1,1,0,2,0,2
81,-323068.7436,-1221387.185,E81_F5_m5f5_P81_Y4_UO328,ID5_F81_m94f94_P81_Y1_UO4165,I5_F81_m-1f-1_P80_Y-1_U165,MXY,3,0.0,1,0,0.0,0,0,0,-9999.0,0.625,1,P93_CV0,2,1,1,2,0,0,2,0,2
81,-323068.7436,-1221387.185,E81_F80_m5f5_P81_Y4_UO282,I5_F72_m5f5_P81_Y2_UO326,I5_F81_m94f94_P81_Y2_UO4403,MXY,3,0.0,1,0,0.0,0,0,0,-9999.0,0.375,1,P93_CV0,2,1,1,2,0,0,2,0,2
81,-323068.7436,-1221387.185,E81_F80_m94f94_P81_Y4_UO4424,I94_F81_m-1f-1_P94_Y-1_U147,I94_F99_m-1f-1_P94_Y-1_U80,FXX,3,0.0,1,0,1.0,0,0,0,-9999.0,0.0,1,P93_CV0,2,0,2,1,1,0,2,0,2
81,-323068.7436,-1221387.185,E81_F94_m94f94_P81_Y4_UO4446,I94_F81_m-1f-1_P94_Y-1_U225,I94_F99_m5f5_P81_Y2_UO286,MXY,3,0.0,1,0,0.0,0,0,0,-9999.0,0.1875,1,P93_CV0,2,0,2,2,0,0,2,0,2
81,-323068.7436,-1221387.185,E81_F94_m94f94_P81_Y4_UO4450,I94_F81_m-1f-1_P94_Y-1_U143,I94_F99_m5f5_P81_Y2_UO286,MXY,3,0.0,1,0,0.0,0,0,0,-9999.0,0.6875,1,P93_CV0,2,2,0,1,1,0,2,0,2
81,-323068.7436,-1221387.185,E81_F94_m58f58_P99_Y4_UO2757,ID58_F81_m-1f-1_P94_Y-1_U192,ID58_F81_m-1f-1_P40_Y-1_U122,MXY,3,0.0,1,0,0.0,0,0,0,-9999.0,0.75,1,P93_CV0,2,2,0,0,2,0,2,0,2
81,-323068.7436,-1221387.185,E81_F94_m80f80_P81_Y4_UO3660,I80_F81_m94f94_P81_Y2_UO4396,I80_F81_m80f80_P81_Y2_UO3675,MXY,3,0.0,1,0,0.0,0,0,0,-9999.0,0.375,1,P93_CV0,2,0,2,2,0,0,2,0,2
81,-323068.7436,-1221387.185,E81_F94_m5f5_P81_Y4_UO365,I5_F81_m-1f-1_P94_Y-1_U7,I5_F81_m-1f-1_P5_Y-1_U125,FXX,3,0.0,1,0,1.0,0,0,0,-9999.0,0.75,1,P93_CV0,2,2,0,1,1,0,2,0,2
81,-323068.7436,-1221387.185,E81_F5_m5f5_P81_Y3_UO274,I5_F81_m94f94_P81_Y1_UO4160,I5_F81_m-1f-1_P80_Y-1_U121,MXY,4,0.0,1,0,0.0,0,0,0,-9999.0,0.625,1,P93_CV0,2,1,1,0,2,0,2,0,2
81,-323068.7436,-1221387.185,E81_F5_m80f80_P81_Y3_UO3661,ID80_F72_m94f94_P81_Y1_UO4187,I80_F81_m-1f-1_P80_Y-1_U48,FXX,4,0.0,1,0,1.0,0,0,0,-9999.0,0.5,1,P93_CV0,2,2,0,1,1,0,2,0,2
81,-323068.7436,-1221387.185,E81_F5_m94f94_P81_Y3_UO4370,I94_F81_m94f94_P81_Y0_UO4777,ID94_F99_m-1f-1_P42_Y-1_U57,FXX,4,0.0,1,0,1.0,0,0,0,-9999.0,0.5,1,P93_CV0,2,1,1,0,2,0,2,0,2
81,-323068.7436,-1221387.185,E81_F5_m80f80_P72_Y3_UO3647,I80_F81_m94f94_P81_Y1_UO4161,I80_F72_m94f94_P81_Y0_UO4774,FXX,4,0.0,1,0,1.0,0,0,0,-9999.0,0.375,1,P93_CV0,2,0,2,0,2,0,2,0,2
81,-323068.7436,-1221387.185,E81_F58_m5f5_P72_Y3_UO343,I5_F81_m-1f-1_P5_Y-1_U207,ID5_F72_m94f94_P81_Y0_UO4794,MXY,4,0.0,1,0,0.0,0,0,0,-9999.0,0.125,1,P93_CV0,2,1,1,1,1,0,2,0,2
81,-323068.7436,-1221387.185,E81_F80_m80f80_P81_Y3_UO3683,ID80_F72_m94f94_P81_Y0_UO4769,I80_F81_m-1f-1_P5_Y-1_U100,FXX,4,0.0,1,0,1.0,0,0,0,-9999.0,0.5,1,P93_CV0,2,1,1,1,1,0,2,0,2
81,-323068.7436,-1221387.185,E81_F80_m80f80_P81_Y3_UO3658,I80_F72_m94f94_P81_Y1_UO4184,I80_F81_m94f94_P81_Y1_UO4241,FXX,4,0.0,1,0,1.0,0,0,0,-9999.0,0.5,1,P93_CV0,2,1,1,1,1,0,2,0,2
81,-323068.7436,-1221387.185,E81_F5_m5f5_P72_Y2_UO344,ID5_F99_m-1f-1_P94_Y-1_U155,I5_F72_m-1f-1_P5_Y-1_U197,FXX,5,0.0,1,0,1.0,0,0,0,-9999.0,0.5,1,P93_CV0,2,1,1,2,0,0,2,0,2
81,-323068.7436,-1221387.185,E81_F5_m94f94_P81_Y2_UO4444,I94_F81_m-1f-1_P94_Y-1_U194,I94_F81_m-1f-1_P94_Y-1_U139,MXY,5,0.0,1,0,0.0,0,0,0,-9999.0,0.5,1,P93_CV0,2,1,1,1,1,0,2,0,2
81,-323068.7436,-1221387.185,E81_F80_m94f94_P81_Y2_UO4413,I94_F81_m-1f-1_P94_Y-1_U97,I94_F28_m-1f-1_P94_Y-1_U86,FXX,5,0.0,1,0,1.0,0,0,0,-9999.0,0.5,1,P93_CV0,2,2,0,1,1,0,2,0,2
81,-323068.7436,-1221387.185,E81_F94_m94f94_P81_Y2_UO4380,I94_F81_m-1f-1_P94_Y-1_U114,I94_F81_m-1f-1_P5_Y-1_U55,FXX,5,0.0,1,0,1.0,0,0,0,-9999.0,0.5,1,P93_CV0,2,1,1,2,0,0,2,0,2
81,-323068.7436,-1221387.185,E81_F5_m94f94_P81_Y1_UO4207,I94_F91_m-1f-1_P94_Y-1_U97,I94_F98_m-1f-1_P94_Y-1_U29,FXX,6,0.0,1,0,1.0,0,0,0,-9999.0,0.75,1,P93_CV0,2,1,1,2,0,0,2,0,2
81,-323068.7436,-1221387.185,E81_F5_m94f94_P81_Y1_UO4165,ID94_F98_m-1f-1_P94_Y-1_U54,ID94_F72_m-1f-1_P5_Y-1_U55,FXX,6,0.0,1,0,1.0,0,0,0,-9999.0,0.75,1,P93_CV0,2,2,0,2,0,0,2,0,2
81,-323068.7436,-1221387.185,E81_F5_m94f94_P81_Y0_UO4787,R94_F94_m-1f-1_P94_Y-1_U228,R94_F94_m-1f-1_P94_Y-1_U0,MXY,7,0.0,1,0,0.0,0,0,0,-9999.0,0.0,1,P93_CV0,2,0,2,1,1,0,2,0,2
81,-323068.7436,-1221387.185,E81_F80_m94f94_P81_Y0_UO4699,R94_F94_m-1f-1_P94_Y-1_U10,R94_F94_m-1f-1_P94_Y-1_U106,MXY,7,0.0,1,0,0.0,0,0,0,-9999.0,0.75,1,P93_CV0,2,2,0,2,0,0,2,0,2
81,-323068.7436,-1221387.185,E81_F80_m94f94_P81_Y0_UO4704,R94_F94_m-1f-1_P94_Y-1_U34,R94_F94_m-1f-1_P94_Y-1_U80,MXY,7,0.0,1,0,0.0,0,0,0,-9999.0,0.25,1,P93_CV0,2,0,2,2,0,0,2,0,2
81,-323068.7436,-1221387.185,E81_F80_m94f94_P81_Y0_UO4778,R94_F94_m-1f-1_P94_Y-1_U200,R94_F94_m-1f-1_P94_Y-1_U29,FXX,7,0.0,1,0,1.0,0,0,0,-9999.0,0.5,1,P93_CV0,2,1,1,2,0,0,2,0,2
81,-323068.7436,-1221387.185,E81_F80_m94f94_P81_Y0_UO4795,R94_F94_m-1f-1_P94_Y-1_U244,R94_F94_m-1f-1_P94_Y-1_U141,MXY,7,0.0,1,0,0.0,0,0,0,-9999.0,0.5,1,P93_CV0,2,1,1,1,1,0,2,0,2
81,-323068.7436,-1221387.185,E81_F94_m94f94_P81_Y0_UO4709,R94_F94_m-1f-1_P94_Y-1_U44,R94_F94_m-1f-1_P94_Y-1_U224,FXX,7,0.0,1,0,1.0,0,0,0,-9999.0,0.25,1,P93_CV0,2,1,1,2,0,0,2,0,2
81,-323068.7436,-1221387.185,E81_F5_m-1f-1_P94_Y-1_U165,-9999,-9999,MXY,8,0.0,1,0,0.0,0,0,0,-9999.0,0.5,1,P93_CV0,2,1,1,1,1,0,2,0,2
81,-323068.7436,-1221387.185,E81_F58_m-1f-1_P94_Y-1_U70,-9999,-9999,MXY,8,0.0,1,0,0.0,0,0,0,-9999.0,0.5,1,P93_CV0,2,1,1,0,2,0,2,0,2
81,-323068.7436,-1221387.185,E81_F58_m-1f-1_P94_Y-1_U171,-9999,-9999,MXY,8,0.0,1,0,0.0,0,0,0,-9999.0,1.0,1,P93_CV0,2,2,0,1,1,0,2,0,2
81,-323068.7436,-1221387.185,E81_F58_m-1f-1_P94_Y-1_U60,-9999,-9999,MXY,9,0.0,1,0,0.0,0,0,0,-9999.0,0.5,1,P93_CV0,2,1,1,1,1,0,2,0,2
81,-323068.7436,-1221387.185,E81_F94_m-1f-1_P94_Y-1_U141,-9999,-9999,MXY,9,0.0,1,0,0.0,0,0,0,-9999.0,0.5,1,P93_CV0,2,1,1,1,1,0,2,0,2
81,-323068.7436,-1221387.185,E81_F94_m-1f-1_P94_Y-1_U136,-9999,-9999,MXY,9,0.0,1,0,0.0,0,0,0,-9999.0,0.5,1,P93_CV0,2,1,1,1,1,0,2,0,2
81,-323068.7436,-1221387.185,E81_F94_m-1f-1_P94_Y-1_U29,-9999,-9999,MXY,10,0.0,1,0,0.0,0,0,0,-9999.0,1.0,1,P93_CV0,2,2,0,1,1,0,2,0,2
81,-323068.7436,-1221387.185,E81_F80_m-1f-1_P94_Y-1_U50,-9999,-9999,MXY,11,0.0,1,0,0.0,0,0,0,-9999.0,1.0,1,P93_CV0,2,2,0,2,0,0,2,0,2
81,-323068.7436,-1221387.185,E81_F94_m-1f-1_P94_Y-1_U119,-9999,-9999,FXX,11,0.0,1,0,1.0,0,0,0,-9999.0,0.0,1,P93_CV0,2,0,2,1,1,0,2,0,2
81,-323068.7436,-1221387.185,E81_F58_m-1f-1_P94_Y-1_U15,-9999,-9999,FXX,12,0.0,1,0,1.0,0,0,0,-9999.0,0.5,1,P93_CV0,2,1,1,1,1,0,2,0,2
81,-323068.7436,-1221387.185,E81_F94_m-1f-1_P94_Y-1_U32,-9999,-9999,MXY,12,0.0,1,0,0.0,0,0,0,-9999.0,0.0,1,P93_CV0,2,0,2,1,1,0,2,0,2
81,-323068.7436,-1221387.185,E81_F94_m-1f-1_P94_Y-1_U80,-9999,-9999,MXY,12,0.0,1,0,0.0,0,0,0,-9999.0,0.0,1,P93_CV0,2,0,2,1,1,0,2,0,2
81,-323068.7436,-1221387.185,E81_F5_m-1f-1_P94_Y-1_U43,-9999,-9999,MXY,13,0.0,1,0,0.0,0,0,0,-9999.0,0.0,1,P93_CV0,2,0,2,1,1,0,2,0,2
81,-323068.7436,-1221387.185,E81_F50_m-1f-1_P94_Y-1_U93,-9999,-9999,FXX,13,0.0,1,0,1.0,0,0,0,-9999.0,0.5,1,P93_CV0,2,1,1,2,0,0,2,0,2
81,-323068.7436,-1221387.185,E81_F94_m-1f-1_P94_Y-1_U123,-9999,-9999,MXY,13,0.0,1,0,0.0,0,0,0,-9999.0,0.5,1,P93_CV0,2,1,1,0,2,0,2,0,2
81,-323068.7436,-1221387.185,E81_F94_m-1f-1_P94_Y-1_U107,-9999,-9999,MXY,15,0.0,1,0,0.0,0,0,0,-9999.0,0.5,1,P93_CV0,2,1,1,2,0,0,2,0,2
81,-323068.7436,-1221387.185,Age0_F81_m5f5_P81_Y7_UO304,ID5_F81_m47f47_P81_Y5_UO2369,I5_F72_m5f5_P81_Y3_UO273,MXY,0,0.0,0,0,0.0,0,0,0,0.0,0.625,1,P94_CV0,2,1,1,2,0,0,2,0,2
81,-323068.7436,-1221387.185,Age0_F81_m5f5_P81_Y7_UO323,I5_F81_m47f47_P81_Y5_UO2326,ID5_F81_m80f80_P81_Y5_UO3706,FXX,0,0.0,0,0,0.0,0,0,0,0.0,0.53125,1,P94_CV0,2,2,0,1,1,0,2,0,2
81,-323068.7436,-1221387.185,Age0_F81_m5f5_P81_Y7_UO342,I5_F81_m47f47_P81_Y4_UO2334,I5_F72_m58f58_P81_Y4_UO2698,MXY,0,0.0,0,0,0.0,0,0,0,0.0,0.5625,1,P94_CV0,2,1,1,1,1,0,2,0,2
81,-323068.7436,-1221387.185,Age0_F81_m5f5_P81_Y7_UO356,I5_F72_m80f80_P72_Y4_UO3672,I5_F72_m94f94_P81_Y5_UO4410,FXX,0,0.0,0,0,0.0,0,0,0,0.0,0.3125,1,P94_CV0,2,1,1,0,2,0,2,0,2
81,-323068.7436,-1221387.185,Age0_F81_m47f47_P81_Y7_UO2365,I47_F81_m95f95_P64_Y1_UO4341,ID47_F64_m17f17_P64_Y2_UO950,FXX,0,0.0,0,0,0.0,0,0,0,0.0,0.5,1,P94_CV0,2,1,1,1,1,0,2,0,2
81,-323068.7436,-1221387.185,Age0_F81_m47f47_P81_Y7_UO2397,I47_F81_m-1f-1_P47_Y-1_U116,I47_F81_m-1f-1_P95_Y-1_U63,MXY,0,0.0,0,0,0.0,0,0,0,0.0,0.5,1,P94_CV0,2,1,1,0,2,0,2,0,2
81,-323068.7436,-1221387.185,Age0_F81_m80f80_P81_Y7_UO3697,I80_F81_m5f5_P81_Y5_UO331,ID80_F81_m94f94_P81_Y4_UO4417,FXX,0,0.0,0,0,0.0,0,0,0,0.0,0.5,1,P94_CV0,2,2,0,1,1,0,2,0,2
81,-323068.7436,-1221387.185,Age0_F81_m80f80_P81_Y7_UO3716,ID80_F81_m80f80_P72_Y4_UO3698,ID80_F72_m94f94_P81_Y5_UO4412,FXX,0,0.0,0,0,0.0,0,0,0,0.0,0.28125,1,P94_CV0,2,1,1,2,0,0,2,0,2
81,-323068.7436,-1221387.185,Age0_F81_m94f94_P81_Y7_UO4438,I94_F81_m80f80_P81_Y5_UO3714,I94_F91_m95f95_P91_Y3_UO4507,MXY,0,0.0,0,0,0.0,0,0,0,0.0,0.6875,1,P94_CV0,2,1,1,1,1,0,2,0,2
81,-323068.7436,-1221387.185,Age0_F81_m94f94_P81_Y7_UO4479,I94_F98_m-1f-1_P50_Y-1_U143,I94_F98_m95f95_P91_Y3_UO4461,FXX,0,0.0,0,0,0.0,0,0,0,0.0,0.5,1,P94_CV0,2,1,1,0,2,0,2,0,2
81,-323068.7436,-1221387.185,Age0_F81_m95f95_P81_Y7_UO4541,ID95_F64_m-1f-1_P95_Y-1_U231,ID95_F59_m79f79_P64_Y2_UO3627,MXY,0,0.0,0,0,0.0,0,0,0,0.0,0.75,1,P94_CV0,2,1,1,0,2,0,2,0,2
81,-323068.7436,-1221387.185,Age0_F81_m95f95_P81_Y7_UO4548,I95_F64_m-1f-1_P95_Y-1_U186,I95_F64_m95f95_P91_Y2_UO4456,FXX,0,0.0,0,0,0.0,0,0,0,0.0,0.5625,1,P94_CV0,2,0,2,1,1,0,2,0,2
81,-323068.7436,-1221387.185,E81_F5_m94f94_P81_Y6_UO4505,I94_F81_m-1f-1_P94_Y-1_U143,I94_F28_m95f95_P91_Y3_UO4507,FXX,1,0.0,1,1,1.0,0,0,0,-9999.0,0.875,1,P94_CV0,2,2,0,1,1,0,2,0,2
81,-323068.7436,-1221387.185,E81_F5_m95f95_P81_Y6_UO4553,I95_F81_m17f17_P64_Y1_UO964,I95_F91_m-1f-1_P95_Y-1_U73,MXY,1,0.0,1,1,0.0,0,0,0,-9999.0,0.625,1,P94_CV0,2,2,0,2,0,0,2,0,2
81,-323068.7436,-1221387.185,E81_F94_m95f95_P91_Y6_UO4561,I95_F91_m-1f-1_P47_Y-1_U22,I95_F64_m95f95_P64_Y2_UO4462,MXY,1,0.0,1,1,0.0,0,0,0,-9999.0,0.25,1,P94_CV0,2,1,1,0,2,0,2,0,2
81,-323068.7436,-1221387.185,E81_F5_m94f94_P81_Y5_UO4410,I94_F81_m47f47_P81_Y3_UO2352,I94_F81_m95f95_P91_Y1_UO4291,MXY,2,0.0,1,0,0.0,0,0,0,-9999.0,0.25,1,P94_CV0,2,0,2,1,1,0,2,0,2
81,-323068.7436,-1221387.185,E81_F5_m94f94_P81_Y5_UO4422,I94_F81_m94f94_P81_Y2_UO4380,I94_F81_m95f95_P91_Y3_UO4500,FXX,2,0.0,1,0,1.0,0,0,0,-9999.0,0.5,1,P94_CV0,2,1,1,2,0,0,2,0,2
81,-323068.7436,-1221387.185,E81_F5_m47f47_P81_Y5_UO2326,I47_F81_m95f95_P64_Y1_UO4341,I47_F64_m-1f-1_P47_Y-1_U23,FXX,2,0.0,1,0,1.0,0,0,0,-9999.0,0.25,1,P94_CV0,2,1,1,2,0,0,2,0,2
81,-323068.7436,-1221387.185,E81_F5_m47f47_P81_Y5_UO2351,ID47_F64_m-1f-1_P17_Y-1_U189,I47_F81_m-1f-1_P95_Y-1_U190,MXY,2,0.0,1,0,0.0,0,0,0,-9999.0,0.5,1,P94_CV0,2,1,1,0,2,0,2,0,2
81,-323068.7436,-1221387.185,E81_F5_m95f95_P81_Y5_UO4477,I95_F91_m95f95_P64_Y3_UO4460,ID95_F64_m-1f-1_P95_Y-1_U150,FXX,2,0.0,1,0,1.0,0,0,0,-9999.0,0.5,1,P94_CV0,2,1,1,0,2,0,2,0,2
81,-323068.7436,-1221387.185,E81_F80_m5f5_P81_Y5_UO326,I5_F81_m94f94_P81_Y3_UO4412,I5_F81_m95f95_P81_Y0_UO4857,MXY,2,0.0,1,0,0.0,0,0,0,-9999.0,0.375,1,P94_CV0,2,1,1,0,2,0,2,0,2
81,-323068.7436,-1221387.185,E81_F5_m47f47_P81_Y4_UO2334,I47_F81_m-1f-1_P47_Y-1_U116,ID47_F64_m95f95_P64_Y0_UO4887,FXX,3,0.0,1,0,1.0,0,0,0,-9999.0,0.5,1,P94_CV0,2,0,2,2,0,0,2,0,2
81,-323068.7436,-1221387.185,E81_F80_m94f94_P81_Y4_UO4417,I94_F81_m95f95_P91_Y0_UO4844,ID94_F57_m-1f-1_P40_Y-1_U217,MXY,3,0.0,1,0,0.0,0,0,0,-9999.0,0.75,1,P94_CV0,2,2,0,1,1,0,2,0,2
81,-323068.7436,-1221387.185,E81_F94_m95f95_P91_Y4_UO4505,I95_F64_m-1f-1_P95_Y-1_U13,ID95_F64_m17f17_P64_Y1_UO909,MXY,3,0.0,1,0,0.0,0,0,0,-9999.0,0.375,1,P94_CV0,2,0,2,1,1,0,2,0,2
81,-323068.7436,-1221387.185,E81_F5_m5f5_P81_Y3_UO273,ID5_F81_m58f58_P81_Y1_UO2634,I5_F81_m95f95_P81_Y0_UO4857,MXY,4,0.0,1,0,0.0,0,0,0,-9999.0,0.25,1,P94_CV0,2,1,1,2,0,0,2,0,2
81,-323068.7436,-1221387.185,E81_F94_m95f95_P91_Y3_UO4507,I95_F64_m-1f-1_P95_Y-1_U79,I95_F64_m-1f-1_P95_Y-1_U135,MXY,4,0.0,1,0,0.0,0,0,0,-9999.0,0.75,1,P94_CV0,2,2,0,2,0,0,2,0,2
81,-323068.7436,-1221387.185,E81_F47_m95f95_P64_Y2_UO4531,I95_F64_m-1f-1_P95_Y-1_U61,I95_F64_m-1f-1_P95_Y-1_U15,FXX,5,0.0,1,0,1.0,0,0,0,-9999.0,0.5,1,P94_CV0,2,2,0,0,2,0,2,0,2
81,-323068.7436,-1221387.185,E81_F47_m95f95_P64_Y1_UO4341,I95_F64_m-1f-1_P95_Y-1_U134,I95_F91_m-1f-1_P95_Y-1_U166,FXX,6,0.0,1,0,1.0,0,0,0,-9999.0,0.5,1,P94_CV0,2,1,1,1,1,0,2,0,2
81,-323068.7436,-1221387.185,E81_F94_m95f95_P91_Y1_UO4291,I95_F64_m-1f-1_P95_Y-1_U244,I95_F28_m-1f-1_P95_Y-1_U5,MXY,6,0.0,1,0,0.0,0,0,0,-9999.0,0.25,1,P94_CV0,2,0,2,0,2,0,2,0,2
81,-323068.7436,-1221387.185,E81_F95_m-1f-1_P95_Y-1_U231,-9999,-9999,FXX,9,0.0,1,0,1.0,0,0,0,-9999.0,1.0,1,P94_CV0,2,2,0,0,2,0,2,0,2
81,-323068.7436,-1221387.185,E81_F95_m-1f-1_P95_Y-1_U186,-9999,-9999,FXX,13,0.0,1,0,1.0,0,0,0,-9999.0,0.5,1,P94_CV0,2,1,1,0,2,0,2,0,2
81,-323068.7436,-1221387.185,E81_F58_m40f40_P98_Y6_UO1940,ID40_F8_m31f31_P8_Y3_UO1518,I40_F6_m85f85_P98_Y1_UO3738,MXY,1,0.0,1,1,0.0,0,0,0,-9999.0,0.75,1,P99_CV0,2,2,0,2,0,0,2,0,2
82,-334730.441,333939.6593,Age0_F82_m4f4_P82_Y7_UO298,I4_F82_m-1f-1_P77_Y-1_U117,I4_F67_m-1f-1_P1_Y-1_U85,MXY,0,0.0,0,0,0.0,0,0,0,0.0,1.0,1,P0_CV0,2,2,0,1,1,0,2,0,2
82,-334730.441,333939.6593,Age0_F82_m77f77_P82_Y7_UO3418,I77_F10_m9f9_P10_Y5_UO611,I77_F33_m-1f-1_P77_Y-1_U130,MXY,0,0.0,0,0,0.0,0,0,0,0.0,0.4375,1,P0_CV0,2,1,1,1,1,0,2,0,2
82,-334730.441,333939.6593,Age0_F82_m77f77_P82_Y7_UO3451,ID77_F82_m1f1_P96_Y0_UO46,I77_F10_m-1f-1_P9_Y-1_U215,MXY,0,0.0,0,0,0.0,0,0,0,0.0,0.375,1,P0_CV0,2,2,0,0,2,0,2,0,2
82,-334730.441,333939.6593,E82_F4_m4f4_P67_Y6_UO222,I4_F82_m4f4_P67_Y4_UO261,I4_F82_m4f4_P82_Y4_UO227,FXX,1,0.0,1,1,1.0,0,0,0,-9999.0,0.5,1,P0_CV0,2,0,2,2,0,0,2,0,2
82,-334730.441,333939.6593,E82_F4_m77f77_P82_Y6_UO3434,I77_F33_m9f9_P10_Y4_UO587,I77_F10_m1f1_P10_Y0_UO28,MXY,1,0.0,1,1,0.0,0,0,0,-9999.0,0.375,1,P0_CV0,2,0,2,2,0,0,2,0,2
82,-334730.441,333939.6593,E82_F4_m77f77_P82_Y6_UO3440,I77_F33_m9f9_P33_Y3_UO583,ID77_F10_m77f77_P10_Y1_UO3223,FXX,1,0.0,1,1,1.0,0,0,0,-9999.0,0.625,1,P0_CV0,2,1,1,0,2,0,2,0,2
82,-334730.441,333939.6593,E82_F4_m1f1_P96_Y6_UO32,I1_F44_m1f1_P44_Y3_UO33,I1_F18_m-1f-1_P1_Y-1_U23,MXY,1,0.0,1,1,0.0,0,0,0,-9999.0,0.6875,1,P0_CV0,2,1,1,0,2,0,2,0,2
82,-334730.441,333939.6593,E82_F4_m1f1_P96_Y6_UO93,I1_F33_m-1f-1_P1_Y-1_U196,I1_F33_m4f4_P96_Y4_UO223,FXX,1,0.0,1,1,1.0,0,0,0,-9999.0,0.1875,1,P0_CV0,2,0,2,2,0,0,2,0,2
82,-334730.441,333939.6593,E82_F77_m77f77_P10_Y6_UO3464,I77_F10_m77f77_P10_Y0_UO3639,I77_F10_m9f9_P10_Y4_UO606,FXX,1,0.0,1,1,1.0,0,0,0,-9999.0,0.625,1,P0_CV0,2,1,1,2,0,0,2,0,2
82,-334730.441,333939.6593,E82_F77_m1f1_P33_Y6_UO23,I1_F10_m77f77_P33_Y4_UO3426,I1_F33_m77f77_P33_Y4_UO3420,MXY,1,0.0,1,1,0.0,0,0,0,-9999.0,0.5,1,P0_CV0,2,0,2,1,1,0,2,0,2
82,-334730.441,333939.6593,E82_F4_m1f1_P96_Y5_UO20,ID1_F33_m1f1_P33_Y3_UO54,I1_F10_m-1f-1_P1_Y-1_U131,FXX,2,0.0,1,0,1.0,0,0,0,-9999.0,0.375,1,P0_CV0,2,0,2,2,0,0,2,0,2
82,-334730.441,333939.6593,E82_F4_m9f9_P33_Y5_UO597,I9_F33_m9f9_P10_Y1_UO503,ID9_F44_m1f1_P33_Y0_UO19,MXY,2,0.0,1,0,0.0,0,0,0,-9999.0,0.875,1,P0_CV0,2,1,1,1,1,0,2,0,2
82,-334730.441,333939.6593,E82_F77_m9f9_P10_Y5_UO611,ID9_F44_m1f1_P10_Y0_UO0,I9_F33_m4f4_P10_Y2_UO276,FXX,2,0.0,1,0,1.0,0,0,0,-9999.0,0.375,1,P0_CV0,2,1,1,1,1,0,2,0,2
82,-334730.441,333939.6593,E82_F77_m77f77_P82_Y5_UO3442,ID77_F18_m-1f-1_P1_Y-1_U246,I77_F82_m4f4_P82_Y2_UO213,MXY,2,0.0,1,0,0.0,0,0,0,-9999.0,0.4375,1,P0_CV0,2,0,2,2,0,0,2,0,2
82,-334730.441,333939.6593,E82_F4_m1f1_P96_Y4_UO45,I1_F33_m77f77_P33_Y0_UO3659,I1_F33_m-1f-1_P1_Y-1_U206,MXY,3,0.0,1,0,0.0,0,0,0,-9999.0,0.625,1,P0_CV0,2,2,0,2,0,0,2,0,2
82,-334730.441,333939.6593,E82_F77_m1f1_P10_Y3_UO69,I1_F44_m-1f-1_P1_Y-1_U14,ID1_F33_m-1f-1_P9_Y-1_U78,MXY,4,0.0,1,0,0.0,0,0,0,-9999.0,0.25,1,P0_CV0,2,1,1,2,0,0,2,0,2
82,-334730.441,333939.6593,E82_F4_m77f77_P82_Y2_UO3408,ID77_F82_m-1f-1_P77_Y-1_U18,ID77_F82_m1f1_P10_Y0_UO28,FXX,5,0.0,1,0,1.0,0,0,1,-9999.0,0.375,1,P0_CV0,2,0,2,0,2,0,2,0,2
82,-334730.441,333939.6593,E82_F4_m9f9_P44_Y1_UO459,ID9_F10_m-1f-1_P1_Y-1_U200,I9_F33_m-1f-1_P9_Y-1_U62,MXY,6,0.0,1,0,0.0,0,0,0,-9999.0,0.25,1,P0_CV0,2,0,2,0,2,0,2,0,2
82,-334730.441,333939.6593,E82_F77_m1f1_P96_Y0_UO27,R1_F1_m-1f-1_P1_Y-1_U97,R1_F1_m-1f-1_P1_Y-1_U61,MXY,7,0.0,1,0,0.0,0,0,0,-9999.0,0.5,1,P0_CV0,2,0,2,0,2,0,2,0,2
82,-334730.441,333939.6593,E82_F77_m1f1_P96_Y0_UO46,R1_F1_m-1f-1_P1_Y-1_U149,R1_F1_m-1f-1_P1_Y-1_U211,FXX,7,0.0,1,0,1.0,0,0,0,-9999.0,0.25,1,P0_CV0,2,1,1,1,1,0,2,0,2
82,-334730.441,333939.6593,E82_F77_m1f1_P10_Y0_UO28,R1_F1_m-1f-1_P1_Y-1_U98,R1_F1_m-1f-1_P1_Y-1_U20,MXY,7,0.0,1,0,0.0,0,0,0,-9999.0,0.25,1,P0_CV0,2,0,2,1,1,0,2,0,2
82,-334730.441,333939.6593,E82_F4_m-1f-1_P1_Y-1_U85,-9999,-9999,MXY,13,0.0,1,0,0.0,0,0,1,-9999.0,1.0,1,P0_CV0,2,2,0,2,0,0,2,0,2
82,-334730.441,333939.6593,E82_F77_m-1f-1_P1_Y-1_U246,-9999,-9999,FXX,13,0.0,1,0,1.0,0,0,0,-9999.0,0.0,1,P0_CV0,2,0,2,2,0,0,2,0,2
82,-334730.441,333939.6593,Age0_F82_m4f4_P82_Y7_UO214,I4_F67_m4f4_P82_Y5_UO257,I4_F33_m4f4_P67_Y1_UO190,FXX,0,0.0,0,0,0.0,0,0,0,0.0,0.5,1,P3_CV0,2,2,0,0,2,0,2,0,2
82,-334730.441,333939.6593,Age0_F82_m4f4_P82_Y7_UO215,ID4_F82_m4f4_P82_Y5_UO255,I4_F82_m-1f-1_P4_Y-1_U172,FXX,0,0.0,0,0,0.0,0,0,0,0.0,0.6875,1,P3_CV0,2,2,0,0,2,0,2,0,2
82,-334730.441,333939.6593,Age0_F82_m4f4_P82_Y7_UO216,I4_F82_m4f4_P67_Y5_UO225,I4_F82_m-1f-1_P4_Y-1_U130,FXX,0,0.0,0,0,0.0,0,0,0,0.0,0.84375,1,P3_CV0,2,1,1,1,1,0,2,0,2
82,-334730.441,333939.6593,Age0_F82_m4f4_P82_Y7_UO218,I4_F82_m1f1_P96_Y5_UO20,I4_F82_m4f4_P82_Y2_UO260,FXX,0,0.0,0,0,0.0,0,0,0,0.0,0.4375,1,P3_CV0,2,0,2,1,1,0,2,0,2
82,-334730.441,333939.6593,Age0_F82_m4f4_P82_Y7_UO220,I4_F67_m4f4_P82_Y5_UO210,ID4_F67_m4f4_P82_Y2_UO248,MXY,0,0.0,0,0,0.0,0,0,0,0.0,0.8125,1,P3_CV0,2,2,0,0,2,0,2,0,2
82,-334730.441,333939.6593,Age0_F82_m4f4_P82_Y7_UO221,I4_F82_m4f4_P82_Y5_UO242,I4_F82_m9f9_P33_Y0_UO569,FXX,0,0.0,0,0,0.0,0,0,0,0.0,0.65625,1,P3_CV0,2,2,0,1,1,0,2,0,2
82,-334730.441,333939.6593,Age0_F82_m4f4_P82_Y7_UO224,I4_F82_m4f4_P82_Y5_UO246,ID4_F82_m87f87_P67_Y5_UO4046,MXY,0,0.0,0,0,0.0,0,0,0,0.0,0.375,1,P3_CV0,2,0,2,1,1,0,2,0,2
82,-334730.441,333939.6593,Age0_F82_m4f4_P82_Y7_UO225,I4_F82_m4f4_P82_Y5_UO267,I4_F82_m-1f-1_P4_Y-1_U53,MXY,0,0.0,0,0,0.0,0,0,0,0.0,0.625,1,P3_CV0,2,1,1,1,1,0,2,0,2
82,-334730.441,333939.6593,Age0_F82_m4f4_P82_Y7_UO226,I4_F67_m4f4_P82_Y5_UO219,ID4_F82_m4f4_P82_Y3_UO206,MXY,0,0.0,0,0,0.0,0,0,0,0.0,0.21875,1,P3_CV0,2,0,2,0,2,0,2,0,2
82,-334730.441,333939.6593,Age0_F82_m4f4_P82_Y7_UO228,ID4_F67_m4f4_P67_Y5_UO273,I4_F82_m4f4_P82_Y0_UO208,MXY,0,0.0,0,0,0.0,0,0,0,0.0,0.625,1,P3_CV0,2,1,1,1,1,0,2,0,2
82,-334730.441,333939.6593,Age0_F82_m4f4_P82_Y7_UO230,ID4_F82_m4f4_P82_Y5_UO248,ID4_F82_m4f4_P82_Y4_UO215,MXY,0,0.0,0,0,0.0,0,0,0,0.0,0.8125,1,P3_CV0,2,2,0,2,0,0,2,0,2
82,-334730.441,333939.6593,Age0_F82_m4f4_P82_Y7_UO232,I4_F67_m4f4_P82_Y5_UO229,I4_F82_m4f4_P82_Y0_UO208,FXX,0,0.0,0,0,0.0,0,0,0,0.0,0.4375,1,P3_CV0,2,0,2,2,0,0,2,0,2
82,-334730.441,333939.6593,Age0_F82_m4f4_P82_Y7_UO234,ID4_F67_m4f4_P82_Y5_UO279,I4_F82_m-1f-1_P4_Y-1_U215,FXX,0,0.0,0,0,0.0,0,0,0,0.0,0.75,1,P3_CV0,2,1,1,0,2,0,2,0,2
82,-334730.441,333939.6593,Age0_F82_m4f4_P82_Y7_UO235,ID4_F82_m4f4_P82_Y5_UO264,ID4_F10_m4f4_P67_Y4_UO246,MXY,0,0.0,0,0,0.0,0,0,0,0.0,0.6875,1,P3_CV0,2,2,0,2,0,0,2,0,2
82,-334730.441,333939.6593,Age0_F82_m4f4_P82_Y7_UO239,I4_F82_m77f77_P82_Y4_UO3408,I4_F67_m-1f-1_P4_Y-1_U82,MXY,0,0.0,0,0,0.0,0,0,0,0.0,0.375,1,P3_CV0,2,1,1,1,1,0,2,0,2
82,-334730.441,333939.6593,Age0_F82_m4f4_P82_Y7_UO243,I4_F82_m4f4_P82_Y4_UO254,I4_F67_m4f4_P82_Y1_UO210,FXX,0,0.0,0,0,0.0,0,0,0,0.0,0.375,1,P3_CV0,2,1,1,1,1,0,2,0,2
82,-334730.441,333939.6593,Age0_F82_m4f4_P82_Y7_UO246,ID4_F82_m4f4_P82_Y4_UO221,I4_F82_m4f4_P82_Y2_UO260,MXY,0,0.0,0,0,0.0,0,0,0,0.0,0.4375,1,P3_CV0,2,1,1,1,1,0,2,0,2
82,-334730.441,333939.6593,Age0_F82_m4f4_P82_Y7_UO247,I4_F82_m4f4_P82_Y4_UO255,ID4_F82_m4f4_P82_Y5_UO268,MXY,0,0.0,0,0,0.0,0,0,0,0.0,0.375,1,P3_CV0,2,1,1,0,2,0,2,0,2
82,-334730.441,333939.6593,Age0_F82_m4f4_P82_Y7_UO250,I4_F82_m4f4_P82_Y4_UO237,I4_F82_m4f4_P82_Y3_UO226,MXY,0,0.0,0,0,0.0,0,0,0,0.0,0.8125,1,P3_CV0,2,2,0,2,0,0,2,0,2
82,-334730.441,333939.6593,Age0_F82_m4f4_P82_Y7_UO256,I4_F67_m4f4_P96_Y3_UO251,I4_F82_m-1f-1_P4_Y-1_U53,FXX,0,0.0,0,0,0.0,0,0,0,0.0,0.625,1,P3_CV0,2,2,0,0,2,0,2,0,2
82,-334730.441,333939.6593,Age0_F82_m4f4_P82_Y7_UO259,I4_F82_m4f4_P82_Y3_UO238,I4_F82_m4f4_P82_Y5_UO254,FXX,0,0.0,0,0,0.0,0,0,0,0.0,0.5625,1,P3_CV0,2,1,1,1,1,0,2,0,2
82,-334730.441,333939.6593,Age0_F82_m4f4_P82_Y7_UO261,I4_F82_m4f4_P96_Y3_UO214,ID4_F10_m4f4_P82_Y4_UO234,FXX,0,0.0,0,0,0.0,0,0,0,0.0,0.875,1,P3_CV0,2,2,0,1,1,0,2,0,2
82,-334730.441,333939.6593,Age0_F82_m4f4_P82_Y7_UO262,ID4_F82_m87f87_P24_Y3_UO4047,I4_F67_m4f4_P82_Y5_UO261,MXY,0,0.0,0,0,0.0,0,0,0,0.0,0.625,1,P3_CV0,2,1,1,1,1,0,2,0,2
82,-334730.441,333939.6593,Age0_F82_m4f4_P82_Y7_UO266,I4_F82_m4f4_P67_Y2_UO267,I4_F67_m-1f-1_P1_Y-1_U85,MXY,0,0.0,0,0,0.0,0,0,0,0.0,0.625,1,P3_CV0,2,1,1,2,0,0,2,0,2
82,-334730.441,333939.6593,Age0_F82_m4f4_P82_Y7_UO268,I4_F82_m87f87_P24_Y2_UO4087,ID4_F82_m4f4_P82_Y2_UO285,FXX,0,0.0,0,0,0.0,0,0,0,0.0,0.75,1,P3_CV0,2,2,0,0,2,0,2,0,2
82,-334730.441,333939.6593,Age0_F82_m4f4_P82_Y7_UO270,ID4_F67_m4f4_P82_Y2_UO277,I4_F96_m4f4_P82_Y4_UO231,FXX,0,0.0,0,0,0.0,0,0,0,0.0,0.5,1,P3_CV0,2,0,2,2,0,0,2,0,2
82,-334730.441,333939.6593,Age0_F82_m4f4_P82_Y7_UO271,I4_F82_m77f77_P82_Y2_UO3408,I4_F82_m4f4_P82_Y2_UO260,MXY,0,0.0,0,0,0.0,0,0,0,0.0,0.4375,1,P3_CV0,2,0,2,0,2,0,2,0,2
82,-334730.441,333939.6593,Age0_F82_m4f4_P82_Y7_UO277,I4_F82_m4f4_P82_Y1_UO261,I4_F82_m4f4_P96_Y0_UO199,MXY,0,0.0,0,0,0.0,0,0,0,0.0,0.5,1,P3_CV0,2,1,1,1,1,0,2,0,2
82,-334730.441,333939.6593,Age0_F82_m4f4_P82_Y7_UO290,I4_F82_m-1f-1_P4_Y-1_U211,I4_F82_m-1f-1_P4_Y-1_U53,MXY,0,0.0,0,0,0.0,0,0,0,0.0,0.75,1,P3_CV0,2,2,0,1,1,0,2,0,2
82,-334730.441,333939.6593,Age0_F82_m4f4_P82_Y7_UO291,I4_F82_m-1f-1_P4_Y-1_U164,I4_F67_m77f77_P67_Y5_UO3431,MXY,0,0.0,0,0,0.0,0,0,0,0.0,0.3125,1,P3_CV0,2,0,2,1,1,0,2,0,2
82,-334730.441,333939.6593,Age0_F82_m4f4_P82_Y7_UO293,I4_F67_m-1f-1_P4_Y-1_U152,ID4_F82_m-1f-1_P4_Y-1_U95,FXX,0,0.0,0,0,0.0,0,0,0,0.0,0.5,1,P3_CV0,2,1,1,2,0,0,2,0,2
82,-334730.441,333939.6593,Age0_F82_m4f4_P82_Y7_UO294,I4_F82_m-1f-1_P4_Y-1_U122,ID4_F82_m4f4_P82_Y2_UO285,MXY,0,0.0,0,0,0.0,0,0,0,0.0,1.0,1,P3_CV0,2,2,0,1,1,0,2,0,2
82,-334730.441,333939.6593,Age0_F82_m4f4_P82_Y7_UO297,ID4_F82_m-1f-1_P4_Y-1_U17,ID4_F82_m77f77_P82_Y5_UO3440,FXX,0,0.0,0,0,0.0,0,0,0,0.0,0.3125,1,P3_CV0,2,1,1,1,1,0,2,0,2
82,-334730.441,333939.6593,Age0_F82_m4f4_P82_Y7_UO300,ID4_F67_m-1f-1_P4_Y-1_U57,I4_F96_m4f4_P67_Y3_UO218,MXY,0,0.0,0,0,0.0,0,0,0,0.0,0.875,1,P3_CV0,2,1,1,0,2,0,2,0,2
82,-334730.441,333939.6593,Age0_F82_m77f77_P82_Y7_UO3419,I77_F82_m9f9_P10_Y5_UO587,I77_F10_m77f77_P82_Y4_UO3365,FXX,0,0.0,0,0,0.0,0,0,0,0.0,0.53125,1,P3_CV0,2,1,1,0,2,0,2,0,2
82,-334730.441,333939.6593,Age0_F82_m77f77_P82_Y7_UO3430,I77_F10_m4f4_P82_Y4_UO220,I77_F10_m4f4_P82_Y2_UO224,FXX,0,0.0,0,0,0.0,0,0,0,0.0,0.46875,1,P3_CV0,2,1,1,2,0,0,2,0,2
82,-334730.441,333939.6593,Age0_F82_m77f77_P82_Y7_UO3436,I77_F10_m1f1_P10_Y3_UO19,ID77_F33_m1f1_P44_Y4_UO76,FXX,0,0.0,0,0,0.0,0,0,0,0.0,0.375,1,P3_CV0,2,0,2,0,2,0,2,0,2
82,-334730.441,333939.6593,Age0_F82_m77f77_P82_Y7_UO3470,I77_F82_m-1f-1_P77_Y-1_U27,ID77_F82_m-1f-1_P4_Y-1_U220,FXX,0,0.0,0,0,0.0,0,0,0,0.0,0.75,1,P3_CV0,2,1,1,0,2,0,2,0,2
82,-334730.441,333939.6593,E82_F4_m4f4_P67_Y6_UO237,ID4_F82_m4f4_P96_Y3_UO251,I4_F82_m4f4_P82_Y4_UO234,MXY,1,0.0,1,1,0.0,0,0,1,-9999.0,0.75,1,P3_CV0,2,2,0,0,2,0,2,0,2
82,-334730.441,333939.6593,E82_F4_m4f4_P67_Y6_UO240,I4_F67_m77f77_P82_Y3_UO3392,I4_F82_m77f77_P82_Y0_UO3682,FXX,1,0.0,1,1,1.0,0,0,0,-9999.0,0.5625,1,P3_CV0,2,0,2,1,1,0,2,0,2
82,-334730.441,333939.6593,E82_F4_m4f4_P67_Y6_UO245,I4_F82_m77f77_P10_Y3_UO3420,I4_F10_m-1f-1_P4_Y-1_U35,FXX,1,0.0,1,1,1.0,0,0,0,-9999.0,0.25,1,P3_CV0,2,1,1,1,1,0,2,0,2
82,-334730.441,333939.6593,E82_F4_m4f4_P67_Y6_UO253,I4_F67_m4f4_P67_Y2_UO255,I4_F82_m77f77_P67_Y3_UO3369,MXY,1,0.0,1,1,0.0,0,0,0,-9999.0,0.25,1,P3_CV0,2,1,1,1,1,0,2,0,2
82,-334730.441,333939.6593,E82_F4_m4f4_P82_Y6_UO213,ID4_F82_m77f77_P82_Y4_UO3360,I4_F82_m4f4_P82_Y3_UO243,FXX,1,0.0,1,1,1.0,0,0,0,-9999.0,0.5,1,P3_CV0,2,0,2,0,2,0,2,0,2
82,-334730.441,333939.6593,E82_F4_m4f4_P82_Y6_UO215,I4_F82_m4f4_P82_Y4_UO230,ID4_F82_m-1f-1_P4_Y-1_U51,MXY,1,0.0,1,1,0.0,0,0,0,-9999.0,0.40625,1,P3_CV0,2,0,2,1,1,0,2,0,2
82,-334730.441,333939.6593,E82_F4_m4f4_P82_Y6_UO218,I4_F67_m4f4_P82_Y4_UO210,I4_F82_m77f77_P82_Y4_UO3357,MXY,1,0.0,1,1,0.0,0,0,0,-9999.0,0.53125,1,P3_CV0,2,1,1,1,1,0,2,0,2
82,-334730.441,333939.6593,E82_F4_m4f4_P82_Y6_UO220,I4_F82_m4f4_P82_Y4_UO237,ID4_F67_m4f4_P67_Y4_UO246,FXX,1,0.0,1,1,1.0,0,0,0,-9999.0,0.6875,1,P3_CV0,2,1,1,2,0,0,2,0,2
82,-334730.441,333939.6593,E82_F4_m4f4_P82_Y6_UO223,I4_F96_m77f77_P82_Y4_UO3408,I4_F82_m-1f-1_P4_Y-1_U52,FXX,1,0.0,1,1,1.0,0,0,0,-9999.0,0.625,1,P3_CV0,2,2,0,2,0,0,2,0,2
82,-334730.441,333939.6593,E82_F4_m4f4_P82_Y6_UO225,I4_F82_m4f4_P82_Y4_UO196,I4_F82_m-1f-1_P4_Y-1_U172,FXX,1,0.0,1,1,1.0,0,0,0,-9999.0,0.65625,1,P3_CV0,2,2,0,1,1,0,2,0,2
82,-334730.441,333939.6593,E82_F4_m4f4_P82_Y6_UO226,I4_F82_m4f4_P82_Y4_UO194,ID4_F67_m4f4_P67_Y2_UO264,MXY,1,0.0,1,1,0.0,0,0,0,-9999.0,0.625,1,P3_CV0,2,1,1,2,0,0,2,0,2
82,-334730.441,333939.6593,E82_F4_m4f4_P82_Y6_UO230,I4_F96_m4f4_P82_Y4_UO203,I4_F82_m-1f-1_P4_Y-1_U95,FXX,1,0.0,1,1,1.0,0,0,0,-9999.0,0.4375,1,P3_CV0,2,1,1,2,0,0,2,0,2
82,-334730.441,333939.6593,E82_F4_m4f4_P82_Y6_UO232,ID4_F67_m4f4_P82_Y3_UO198,ID4_F67_m4f4_P67_Y4_UO246,FXX,1,0.0,1,1,1.0,0,0,0,-9999.0,0.4375,1,P3_CV0,2,2,0,2,0,0,2,0,2
82,-334730.441,333939.6593,E82_F4_m4f4_P82_Y6_UO235,I4_F82_m4f4_P82_Y3_UO238,I4_F67_m4f4_P82_Y2_UO285,MXY,1,0.0,1,1,0.0,0,0,0,-9999.0,0.875,1,P3_CV0,2,1,1,1,1,0,2,0,2
82,-334730.441,333939.6593,E82_F4_m4f4_P82_Y6_UO251,ID4_F82_m4f4_P82_Y2_UO275,I4_F82_m-1f-1_P4_Y-1_U215,FXX,1,0.0,1,1,1.0,0,0,0,-9999.0,0.875,1,P3_CV0,2,1,1,0,2,0,2,0,2
82,-334730.441,333939.6593,E82_F4_m4f4_P82_Y6_UO255,ID4_F67_m4f4_P82_Y2_UO216,ID4_F51_m4f4_P82_Y4_UO272,FXX,1,0.0,1,1,1.0,0,0,0,-9999.0,0.375,1,P3_CV0,2,1,1,0,2,0,2,0,2
82,-334730.441,333939.6593,E82_F4_m4f4_P82_Y6_UO262,ID4_F67_m4f4_P82_Y1_UO261,I4_F82_m-1f-1_P4_Y-1_U130,FXX,1,0.0,1,1,1.0,0,0,0,-9999.0,0.625,1,P3_CV0,2,1,1,1,1,0,2,0,2
82,-334730.441,333939.6593,E82_F4_m4f4_P82_Y6_UO266,ID4_F82_m4f4_P82_Y1_UO200,I4_F82_m-1f-1_P4_Y-1_U52,MXY,1,0.0,1,1,0.0,0,0,0,-9999.0,0.625,1,P3_CV0,2,0,2,0,2,0,2,0,2
82,-334730.441,333939.6593,E82_F4_m4f4_P82_Y6_UO280,ID4_F67_m-1f-1_P77_Y-1_U26,ID4_F82_m-1f-1_P4_Y-1_U222,FXX,1,0.0,1,1,1.0,0,0,0,-9999.0,0.75,1,P3_CV0,2,1,1,1,1,0,2,0,2
82,-334730.441,333939.6593,E82_F4_m4f4_P82_Y6_UO282,I4_F82_m-1f-1_P4_Y-1_U230,I4_F67_m-1f-1_P4_Y-1_U92,MXY,1,0.0,1,1,0.0,0,0,0,-9999.0,0.0,1,P3_CV0,2,0,2,1,1,0,2,0,2
82,-334730.441,333939.6593,E82_F4_m4f4_P82_Y6_UO283,I4_F82_m-1f-1_P4_Y-1_U164,ID4_F82_m4f4_P96_Y0_UO199,FXX,1,0.0,1,1,1.0,0,0,0,-9999.0,0.375,1,P3_CV0,2,0,2,2,0,0,2,0,2
82,-334730.441,333939.6593,E82_F4_m4f4_P82_Y6_UO289,I4_F82_m-1f-1_P4_Y-1_U17,I4_F82_m-1f-1_P4_Y-1_U172,MXY,1,0.0,1,1,0.0,0,0,0,-9999.0,0.5,1,P3_CV0,2,1,1,1,1,0,2,0,2
82,-334730.441,333939.6593,E82_F4_m77f77_P82_Y6_UO3438,I77_F10_m4f4_P82_Y3_UO235,I77_F10_m77f77_P10_Y4_UO3373,MXY,1,0.0,1,1,0.0,0,0,0,-9999.0,0.5,1,P3_CV0,2,1,1,0,2,0,2,0,2
82,-334730.441,333939.6593,E82_F4_m77f77_P82_Y6_UO3481,I77_F10_m-1f-1_P77_Y-1_U165,I77_F82_m4f4_P82_Y2_UO213,MXY,1,0.0,1,1,0.0,0,0,1,-9999.0,0.6875,1,P3_CV0,2,0,2,2,0,0,2,0,2
82,-334730.441,333939.6593,E82_F4_m4f4_P96_Y6_UO263,I4_F67_m4f4_P82_Y1_UO189,I4_F82_m4f4_P82_Y3_UO226,MXY,1,0.0,1,1,0.0,0,0,0,-9999.0,0.625,1,P3_CV0,2,1,1,2,0,0,2,0,2
82,-334730.441,333939.6593,E82_F4_m4f4_P96_Y6_UO273,I4_F24_m4f4_P82_Y0_UO240,ID4_F67_m4f4_P67_Y2_UO264,MXY,1,0.0,1,1,0.0,0,0,0,-9999.0,0.4375,1,P3_CV0,2,0,2,2,0,0,2,0,2
82,-334730.441,333939.6593,E82_F77_m4f4_P10_Y6_UO292,I4_F82_m-1f-1_P4_Y-1_U180,I4_F82_m4f4_P82_Y3_UO243,FXX,1,0.0,1,1,1.0,0,0,0,-9999.0,0.125,1,P3_CV0,2,0,2,2,0,0,2,0,2
82,-334730.441,333939.6593,E82_F4_m4f4_P67_Y5_UO265,I4_F67_m-1f-1_P4_Y-1_U58,I4_F82_m-1f-1_P4_Y-1_U199,MXY,2,0.0,1,0,0.0,0,0,0,-9999.0,0.5,1,P3_CV0,2,0,2,0,2,0,2,0,2
82,-334730.441,333939.6593,E82_F4_m4f4_P82_Y5_UO255,I4_F82_m1f1_P96_Y0_UO46,I4_F82_m-1f-1_P4_Y-1_U52,FXX,2,0.0,1,0,1.0,0,0,1,-9999.0,0.375,1,P3_CV0,2,2,0,1,1,0,2,0,2
82,-334730.441,333939.6593,E82_F4_m4f4_P67_Y5_UO225,I4_F82_m4f4_P82_Y3_UO198,I4_F96_m-1f-1_P4_Y-1_U130,FXX,2,0.0,1,0,1.0,0,0,0,-9999.0,0.6875,1,P3_CV0,2,1,1,2,0,0,2,0,2
82,-334730.441,333939.6593,E82_F4_m4f4_P82_Y5_UO266,I4_F67_m-1f-1_P4_Y-1_U8,I4_F82_m4f4_P82_Y3_UO228,MXY,2,0.0,1,0,0.0,0,0,1,-9999.0,0.6875,1,P3_CV0,2,1,1,2,0,0,2,0,2
82,-334730.441,333939.6593,E82_F4_m4f4_P67_Y5_UO232,I4_F82_m4f4_P82_Y2_UO199,I4_F67_m-1f-1_P4_Y-1_U175,MXY,2,0.0,1,0,0.0,0,0,0,-9999.0,0.875,1,P3_CV0,2,2,0,1,1,0,2,0,2
82,-334730.441,333939.6593,E82_F4_m4f4_P82_Y5_UO242,I4_F82_m77f77_P82_Y2_UO3408,I4_F67_m4f4_P82_Y3_UO226,FXX,2,0.0,1,0,1.0,0,0,0,-9999.0,0.5625,1,P3_CV0,2,1,1,1,1,0,2,0,2
82,-334730.441,333939.6593,E82_F4_m4f4_P67_Y5_UO245,I4_F82_m4f4_P82_Y1_UO230,I4_F96_m-1f-1_P4_Y-1_U40,MXY,2,0.0,1,0,0.0,0,0,0,-9999.0,0.375,1,P3_CV0,2,0,2,1,1,0,2,0,2
82,-334730.441,333939.6593,E82_F4_m77f77_P82_Y5_UO3399,I77_F10_m9f9_P10_Y2_UO512,I77_F82_m4f4_P82_Y2_UO207,FXX,2,0.0,1,0,1.0,0,0,0,-9999.0,0.5625,1,P3_CV0,2,2,0,0,2,0,2,0,2
82,-334730.441,333939.6593,E82_F4_m4f4_P82_Y5_UO237,I4_F82_m4f4_P67_Y2_UO267,I4_F67_m4f4_P82_Y1_UO265,MXY,2,0.0,1,0,0.0,0,0,0,-9999.0,0.5,1,P3_CV0,2,1,1,2,0,0,2,0,2
82,-334730.441,333939.6593,E82_F4_m4f4_P82_Y5_UO246,I4_F82_m4f4_P82_Y1_UO200,ID4_F10_m-1f-1_P4_Y-1_U66,FXX,2,0.0,1,0,1.0,0,0,0,-9999.0,0.625,1,P3_CV0,2,1,1,0,2,0,2,0,2
82,-334730.441,333939.6593,E82_F4_m4f4_P82_Y5_UO267,I4_F82_m-1f-1_P4_Y-1_U211,I4_F82_m-1f-1_P4_Y-1_U95,FXX,2,0.0,1,0,1.0,0,0,0,-9999.0,0.75,1,P3_CV0,2,1,1,2,0,0,2,0,2
82,-334730.441,333939.6593,E82_F4_m4f4_P67_Y5_UO273,I4_F82_m-1f-1_P77_Y-1_U26,I4_F82_m4f4_P82_Y3_UO269,FXX,2,0.0,1,0,1.0,0,0,0,-9999.0,0.75,1,P3_CV0,2,1,1,2,0,0,2,0,2
82,-334730.441,333939.6593,E82_F4_m4f4_P82_Y5_UO223,ID4_F67_m4f4_P82_Y3_UO238,I4_F82_m4f4_P82_Y2_UO235,MXY,2,0.0,1,0,0.0,0,0,0,-9999.0,0.5,1,P3_CV0,2,0,2,0,2,0,2,0,2
82,-334730.441,333939.6593,E82_F4_m4f4_P82_Y5_UO214,ID4_F82_m4f4_P96_Y3_UO251,I4_F82_m4f4_P82_Y3_UO269,MXY,2,0.0,1,0,0.0,0,0,1,-9999.0,0.625,1,P3_CV0,2,1,1,1,1,0,2,0,2
82,-334730.441,333939.6593,E82_F4_m4f4_P82_Y5_UO235,ID4_F82_m4f4_P82_Y2_UO277,I4_F96_m-1f-1_P4_Y-1_U130,MXY,2,0.0,1,0,0.0,0,0,0,-9999.0,0.6875,1,P3_CV0,2,2,0,2,0,0,2,0,2
82,-334730.441,333939.6593,E82_F4_m4f4_P82_Y5_UO261,I4_F82_m-1f-1_P4_Y-1_U213,I4_F82_m-1f-1_P77_Y-1_U154,MXY,2,0.0,1,0,0.0,0,0,0,-9999.0,0.75,1,P3_CV0,2,1,1,0,2,0,2,0,2
82,-334730.441,333939.6593,E82_F4_m4f4_P82_Y5_UO229,ID4_F67_m4f4_P82_Y2_UO275,I4_F82_m-1f-1_P4_Y-1_U217,FXX,2,0.0,1,0,1.0,0,0,0,-9999.0,0.375,1,P3_CV0,2,0,2,1,1,0,2,0,2
82,-334730.441,333939.6593,E82_F4_m4f4_P82_Y5_UO279,ID4_F67_m-1f-1_P4_Y-1_U17,I4_F82_m-1f-1_P4_Y-1_U172,FXX,2,0.0,1,0,1.0,0,0,0,-9999.0,0.5,1,P3_CV0,2,1,1,0,2,0,2,0,2
82,-334730.441,333939.6593,E82_F4_m4f4_P82_Y5_UO285,I4_F82_m-1f-1_P4_Y-1_U180,I4_F24_m-1f-1_P4_Y-1_U173,MXY,2,0.0,1,0,0.0,0,0,0,-9999.0,0.25,1,P3_CV0,2,1,1,1,1,0,2,0,2
82,-334730.441,333939.6593,E82_F4_m4f4_P82_Y5_UO287,I4_F82_m-1f-1_P4_Y-1_U57,I4_F67_m4f4_P82_Y1_UO210,MXY,2,0.0,1,0,0.0,0,0,0,-9999.0,0.5,1,P3_CV0,2,1,1,0,2,0,2,0,2
82,-334730.441,333939.6593,E82_F4_m4f4_P82_Y5_UO268,I4_F82_m-1f-1_P4_Y-1_U75,I4_F82_m4f4_P82_Y3_UO269,MXY,2,0.0,1,0,0.0,0,0,0,-9999.0,0.25,1,P3_CV0,2,0,2,0,2,0,2,0,2
82,-334730.441,333939.6593,E82_F4_m77f77_P82_Y5_UO3440,I77_F10_m-1f-1_P77_Y-1_U79,ID77_F10_m4f4_P82_Y1_UO264,MXY,2,0.0,1,0,0.0,0,0,0,-9999.0,0.625,1,P3_CV0,2,1,1,1,1,0,2,0,2
82,-334730.441,333939.6593,E82_F77_m4f4_P82_Y5_UO260,ID4_F82_m-1f-1_P4_Y-1_U146,I4_F82_m4f4_P82_Y3_UO206,MXY,2,0.0,1,0,0.0,0,0,0,-9999.0,0.5,1,P3_CV0,2,1,1,0,2,0,2,0,2
82,-334730.441,333939.6593,E82_F77_m4f4_P82_Y5_UO216,I4_F82_m87f87_P67_Y3_UO4028,I4_F24_m-1f-1_P4_Y-1_U173,MXY,2,0.0,1,0,0.0,0,0,0,-9999.0,0.375,1,P3_CV0,2,0,2,0,2,0,2,0,2
82,-334730.441,333939.6593,E82_F77_m9f9_P10_Y5_UO587,I9_F33_m9f9_P10_Y2_UO521,I9_F33_m9f9_P33_Y2_UO523,FXX,2,0.0,1,0,1.0,0,0,0,-9999.0,0.25,1,P3_CV0,2,0,2,1,1,0,2,0,2
82,-334730.441,333939.6593,E82_F77_m4f4_P82_Y5_UO276,ID4_F82_m-1f-1_P4_Y-1_U122,I4_F82_m-1f-1_P4_Y-1_U199,MXY,2,0.0,1,0,0.0,0,0,0,-9999.0,0.75,1,P3_CV0,2,1,1,1,1,0,2,0,2
82,-334730.441,333939.6593,E82_F4_m4f4_P67_Y4_UO195,I4_F82_m4f4_P67_Y2_UO281,I4_F82_m4f4_P82_Y2_UO235,MXY,3,0.0,1,0,0.0,0,0,0,-9999.0,0.375,1,P3_CV0,2,0,2,1,1,0,2,0,2
82,-334730.441,333939.6593,E82_F4_m77f77_P82_Y4_UO3408,ID77_F82_m-1f-1_P4_Y-1_U154,ID77_F10_m-1f-1_P77_Y-1_U134,FXX,3,0.0,1,0,1.0,0,0,0,-9999.0,0.75,1,P3_CV0,2,2,0,2,0,0,2,0,2
82,-334730.441,333939.6593,E82_F4_m4f4_P82_Y4_UO234,ID4_F82_m-1f-1_P4_Y-1_U77,ID4_F82_m9f9_P10_Y1_UO487,MXY,3,0.0,1,0,0.0,0,0,0,-9999.0,0.75,1,P3_CV0,2,2,0,0,2,0,2,0,2
82,-334730.441,333939.6593,E82_F4_m4f4_P82_Y4_UO264,I4_F10_m-1f-1_P4_Y-1_U225,I4_F24_m4f4_P67_Y1_UO190,MXY,3,0.0,1,0,0.0,0,0,1,-9999.0,0.125,1,P3_CV0,2,1,1,1,1,0,2,0,2
82,-334730.441,333939.6593,E82_F4_m4f4_P82_Y4_UO204,I4_F82_m4f4_P82_Y2_UO209,I4_F24_m4f4_P67_Y1_UO190,FXX,3,0.0,1,0,1.0,0,0,0,-9999.0,0.375,1,P3_CV0,2,1,1,0,2,0,2,0,2
82,-334730.441,333939.6593,E82_F4_m4f4_P82_Y4_UO254,I4_F82_m-1f-1_P4_Y-1_U152,ID4_F82_m77f77_P82_Y2_UO3399,FXX,3,0.0,1,0,1.0,0,0,1,-9999.0,0.75,1,P3_CV0,2,1,1,1,1,0,2,0,2
82,-334730.441,333939.6593,E82_F4_m4f4_P82_Y4_UO252,I4_F67_m-1f-1_P4_Y-1_U122,I4_F82_m-1f-1_P4_Y-1_U130,MXY,3,0.0,1,0,0.0,0,0,1,-9999.0,1.0,1,P3_CV0,2,2,0,0,2,0,2,0,2
82,-334730.441,333939.6593,E82_F4_m4f4_P82_Y4_UO217,I4_F82_m77f77_P82_Y1_UO3234,I4_F82_m-1f-1_P4_Y-1_U186,MXY,3,0.0,1,0,0.0,0,0,0,-9999.0,0.625,1,P3_CV0,2,2,0,2,0,0,2,0,2
82,-334730.441,333939.6593,E82_F4_m4f4_P82_Y4_UO221,I4_F10_m4f4_P82_Y1_UO261,I4_F82_m9f9_P10_Y0_UO504,FXX,3,0.0,1,0,1.0,0,0,0,-9999.0,0.375,1,P3_CV0,2,1,1,2,0,0,2,0,2
82,-334730.441,333939.6593,E82_F4_m4f4_P82_Y4_UO255,I4_F96_m-1f-1_P4_Y-1_U80,I4_F82_m4f4_P67_Y2_UO226,FXX,3,0.0,1,0,1.0,0,0,0,-9999.0,0.5,1,P3_CV0,2,1,1,1,1,0,2,0,2
82,-334730.441,333939.6593,E82_F4_m4f4_P67_Y4_UO246,I4_F82_m-1f-1_P4_Y-1_U164,ID4_F67_m-1f-1_P4_Y-1_U175,MXY,3,0.0,1,0,0.0,0,0,0,-9999.0,0.5,1,P3_CV0,2,1,1,2,0,0,2,0,2
82,-334730.441,333939.6593,E82_F4_m4f4_P82_Y4_UO237,I4_F67_m-1f-1_P4_Y-1_U213,I4_F82_m4f4_P82_Y0_UO238,FXX,3,0.0,1,0,1.0,0,0,0,-9999.0,0.875,1,P3_CV0,2,2,0,1,1,0,2,0,2
82,-334730.441,333939.6593,E82_F4_m4f4_P82_Y4_UO215,ID4_F82_m4f4_P82_Y1_UO187,I4_F82_m4f4_P82_Y2_UO285,MXY,3,0.0,1,0,0.0,0,0,0,-9999.0,0.875,1,P3_CV0,2,2,0,1,1,0,2,0,2
82,-334730.441,333939.6593,E82_F4_m4f4_P82_Y4_UO271,I4_F82_m-1f-1_P4_Y-1_U24,I4_F82_m9f9_P10_Y0_UO504,MXY,3,0.0,1,0,0.0,0,0,0,-9999.0,0.75,1,P3_CV0,2,1,1,1,1,0,2,0,2
82,-334730.441,333939.6593,E82_F77_m4f4_P82_Y4_UO220,I4_F10_m4f4_P82_Y1_UO189,I4_F82_m4f4_P82_Y2_UO212,FXX,3,0.0,1,0,1.0,0,0,0,-9999.0,0.4375,1,P3_CV0,2,0,2,1,1,0,2,0,2
82,-334730.441,333939.6593,E82_F4_m4f4_P82_Y3_UO236,I4_F82_m-1f-1_P4_Y-1_U27,I4_F82_m77f77_P82_Y0_UO3682,MXY,4,0.0,1,0,0.0,0,0,1,-9999.0,0.5,1,P3_CV0,2,1,1,1,1,0,2,0,2
82,-334730.441,333939.6593,E82_F4_m4f4_P96_Y3_UO251,I4_F67_m-1f-1_P4_Y-1_U117,ID4_F82_m-1f-1_P4_Y-1_U160,FXX,4,0.0,1,0,1.0,0,0,0,-9999.0,0.75,1,P3_CV0,2,1,1,0,2,0,2,0,2
82,-334730.441,333939.6593,E82_F4_m4f4_P82_Y3_UO226,I4_F82_m-1f-1_P4_Y-1_U218,I4_F67_m-1f-1_P4_Y-1_U121,MXY,4,0.0,1,0,0.0,0,0,0,-9999.0,0.75,1,P3_CV0,2,2,0,1,1,0,2,0,2
82,-334730.441,333939.6593,E82_F4_m4f4_P82_Y3_UO238,I4_F67_m-1f-1_P4_Y-1_U202,ID4_F82_m-1f-1_P4_Y-1_U160,FXX,4,0.0,1,0,1.0,0,0,0,-9999.0,0.75,1,P3_CV0,2,1,1,1,1,0,2,0,2
82,-334730.441,333939.6593,E82_F4_m4f4_P96_Y3_UO214,I4_F82_m-1f-1_P4_Y-1_U145,I4_F82_m-1f-1_P4_Y-1_U9,FXX,4,0.0,1,0,1.0,0,0,0,-9999.0,1.0,1,P3_CV0,2,2,0,1,1,0,2,0,2
82,-334730.441,333939.6593,E82_F4_m4f4_P82_Y3_UO206,ID4_F82_m1f1_P96_Y0_UO16,I4_F82_m-1f-1_P4_Y-1_U239,MXY,4,0.0,1,0,0.0,0,0,0,-9999.0,0.0,1,P3_CV0,2,0,2,0,2,0,2,0,2
82,-334730.441,333939.6593,E82_F4_m4f4_P67_Y3_UO218,I4_F24_m-1f-1_P4_Y-1_U213,I4_F96_m-1f-1_P4_Y-1_U199,MXY,4,0.0,1,0,0.0,0,0,0,-9999.0,0.75,1,P3_CV0,2,1,1,0,2,0,2,0,2
82,-334730.441,333939.6593,E82_F4_m4f4_P82_Y3_UO228,I4_F82_m-1f-1_P4_Y-1_U211,ID4_F82_m1f1_P96_Y1_UO57,MXY,4,0.0,1,0,0.0,0,0,0,-9999.0,0.875,1,P3_CV0,2,2,0,1,1,0,2,0,2
82,-334730.441,333939.6593,E82_F77_m1f1_P10_Y3_UO19,ID1_F33_m60f60_P96_Y0_UO3062,I1_F33_m4f4_P10_Y1_UO239,FXX,4,0.0,1,0,1.0,0,0,0,-9999.0,0.375,1,P3_CV0,2,0,2,0,2,0,2,0,2
82,-334730.441,333939.6593,E82_F77_m4f4_P67_Y3_UO219,I4_F82_m-1f-1_P4_Y-1_U146,I4_F82_m77f77_P67_Y1_UO3226,MXY,4,0.0,1,0,0.0,0,0,0,-9999.0,0.75,1,P3_CV0,2,1,1,2,0,0,2,0,2
82,-334730.441,333939.6593,E82_F4_m4f4_P82_Y2_UO280,ID4_F82_m-1f-1_P4_Y-1_U190,ID4_F67_m-1f-1_P4_Y-1_U175,MXY,5,0.0,1,0,0.0,0,0,1,-9999.0,0.75,1,P3_CV0,2,1,1,0,2,0,2,0,2
82,-334730.441,333939.6593,E82_F4_m4f4_P67_Y2_UO267,I4_F82_m-1f-1_P4_Y-1_U180,I4_F82_m-1f-1_P4_Y-1_U119,FXX,5,0.0,1,0,1.0,0,0,0,-9999.0,0.25,1,P3_CV0,2,0,2,2,0,0,2,0,2
82,-334730.441,333939.6593,E82_F4_m4f4_P82_Y2_UO277,ID4_F67_m-1f-1_P4_Y-1_U244,I4_F82_m77f77_P82_Y0_UO3688,FXX,5,0.0,1,0,1.0,0,0,0,-9999.0,0.375,1,P3_CV0,2,1,1,2,0,0,2,0,2
82,-334730.441,333939.6593,E82_F4_m4f4_P82_Y2_UO285,I4_F82_m-1f-1_P4_Y-1_U87,I4_F82_m-1f-1_P4_Y-1_U94,MXY,5,0.0,1,0,0.0,0,0,1,-9999.0,1.0,1,P3_CV0,2,2,0,1,1,0,2,0,2
82,-334730.441,333939.6593,E82_F4_m4f4_P82_Y2_UO191,I4_F82_m4f4_P82_Y0_UO256,I4_F82_m77f77_P82_Y0_UO3677,MXY,5,0.0,1,0,0.0,0,0,0,-9999.0,0.625,1,P3_CV0,2,1,1,2,0,0,2,0,2
82,-334730.441,333939.6593,E82_F4_m4f4_P67_Y2_UO264,ID4_F82_m-1f-1_P4_Y-1_U117,I4_F96_m4f4_P82_Y0_UO196,MXY,5,0.0,1,0,0.0,0,0,1,-9999.0,0.625,1,P3_CV0,2,1,1,2,0,0,2,0,2
82,-334730.441,333939.6593,E82_F4_m4f4_P67_Y2_UO226,I4_F82_m-1f-1_P4_Y-1_U235,I4_F10_m-1f-1_P4_Y-1_U92,MXY,5,0.0,1,0,0.0,0,0,1,-9999.0,0.0,1,P3_CV0,2,0,2,2,0,0,2,0,2
82,-334730.441,333939.6593,E82_F4_m4f4_P82_Y2_UO260,I4_F82_m-1f-1_P4_Y-1_U112,I4_F82_m4f4_P82_Y0_UO208,MXY,5,0.0,1,0,0.0,0,0,0,-9999.0,0.5,1,P3_CV0,2,0,2,1,1,0,2,0,2
82,-334730.441,333939.6593,E82_F77_m4f4_P10_Y2_UO276,I4_F10_m-1f-1_P4_Y-1_U45,I4_F82_m-1f-1_P4_Y-1_U26,MXY,5,0.0,1,0,0.0,0,0,0,-9999.0,0.25,1,P3_CV0,2,0,2,1,1,0,2,0,2
82,-334730.441,333939.6593,E82_F4_m4f4_P82_Y1_UO256,I4_F82_m-1f-1_P4_Y-1_U23,I4_F82_m-1f-1_P4_Y-1_U20,MXY,6,0.0,1,0,0.0,0,0,1,-9999.0,0.0,1,P3_CV0,2,0,2,1,1,0,2,0,2
82,-334730.441,333939.6593,E82_F4_m4f4_P82_Y1_UO249,I4_F82_m-1f-1_P4_Y-1_U31,I4_F82_m-1f-1_P4_Y-1_U126,MXY,6,0.0,1,0,0.0,0,0,1,-9999.0,0.25,1,P3_CV0,2,0,2,2,0,0,2,0,2
82,-334730.441,333939.6593,E82_F4_m4f4_P67_Y1_UO207,ID4_F67_m-1f-1_P4_Y-1_U144,I4_F82_m-1f-1_P4_Y-1_U85,MXY,6,0.0,1,0,0.0,0,0,0,-9999.0,0.75,1,P3_CV0,2,2,0,0,2,0,2,0,2
82,-334730.441,333939.6593,E82_F4_m4f4_P82_Y1_UO265,I4_F10_m-1f-1_P4_Y-1_U149,I4_F67_m-1f-1_P4_Y-1_U127,MXY,6,0.0,1,0,0.0,0,0,1,-9999.0,0.75,1,P3_CV0,2,1,1,1,1,0,2,0,2
82,-334730.441,333939.6593,E82_F4_m4f4_P67_Y1_UO190,I4_F82_m-1f-1_P4_Y-1_U201,ID4_F96_m-1f-1_P4_Y-1_U238,MXY,6,0.0,1,0,0.0,0,0,0,-9999.0,0.25,1,P3_CV0,2,1,1,1,1,0,2,0,2
82,-334730.441,333939.6593,E82_F4_m4f4_P82_Y1_UO261,ID4_F67_m-1f-1_P4_Y-1_U125,ID4_F96_m-1f-1_P4_Y-1_U239,FXX,6,0.0,1,0,1.0,0,0,1,-9999.0,0.25,1,P3_CV0,2,1,1,2,0,0,2,0,2
82,-334730.441,333939.6593,E82_F4_m4f4_P82_Y0_UO240,R4_F4_m-1f-1_P4_Y-1_U107,R4_F4_m-1f-1_P4_Y-1_U150,FXX,7,0.0,1,0,1.0,0,0,0,-9999.0,0.25,1,P3_CV0,2,1,1,2,0,0,2,0,2
82,-334730.441,333939.6593,E82_F4_m4f4_P96_Y0_UO199,R4_F4_m-1f-1_P4_Y-1_U15,R4_F4_m-1f-1_P4_Y-1_U130,MXY,7,0.0,1,0,0.0,0,0,0,-9999.0,0.75,1,P3_CV0,2,1,1,1,1,0,2,0,2
82,-334730.441,333939.6593,E82_F4_m4f4_P82_Y0_UO239,R4_F4_m-1f-1_P4_Y-1_U106,R4_F4_m-1f-1_P4_Y-1_U214,MXY,7,0.0,1,0,0.0,0,0,0,-9999.0,0.5,1,P3_CV0,2,1,1,2,0,0,2,0,2
82,-334730.441,333939.6593,E82_F4_m4f4_P82_Y0_UO238,R4_F4_m-1f-1_P4_Y-1_U104,R4_F4_m-1f-1_P4_Y-1_U28,MXY,7,0.0,1,0,0.0,0,0,0,-9999.0,0.75,1,P3_CV0,2,2,0,2,0,0,2,0,2
82,-334730.441,333939.6593,E82_F4_m-1f-1_P4_Y-1_U95,-9999,-9999,MXY,8,0.0,1,0,0.0,0,0,0,-9999.0,0.5,1,P3_CV0,2,1,1,2,0,0,2,0,2
82,-334730.441,333939.6593,E82_F4_m-1f-1_P4_Y-1_U145,-9999,-9999,FXX,8,0.0,1,0,1.0,0,0,0,-9999.0,1.0,1,P3_CV0,2,2,0,0,2,0,2,0,2
82,-334730.441,333939.6593,E82_F4_m-1f-1_P4_Y-1_U116,-9999,-9999,MXY,9,0.0,1,0,0.0,0,0,0,-9999.0,0.5,1,P3_CV0,2,1,1,1,1,0,2,0,2
82,-334730.441,333939.6593,E82_F4_m-1f-1_P4_Y-1_U8,-9999,-9999,FXX,9,0.0,1,0,1.0,0,0,0,-9999.0,0.5,1,P3_CV0,2,1,1,2,0,0,2,0,2
82,-334730.441,333939.6593,E82_F4_m-1f-1_P4_Y-1_U222,-9999,-9999,MXY,9,0.0,1,0,0.0,0,0,0,-9999.0,0.5,1,P3_CV0,2,1,1,2,0,0,2,0,2
82,-334730.441,333939.6593,E82_F4_m-1f-1_P4_Y-1_U211,-9999,-9999,FXX,10,0.0,1,0,1.0,0,0,0,-9999.0,1.0,1,P3_CV0,2,2,0,2,0,0,2,0,2
82,-334730.441,333939.6593,E82_F4_m-1f-1_P4_Y-1_U164,-9999,-9999,FXX,10,0.0,1,0,1.0,0,0,0,-9999.0,0.0,1,P3_CV0,2,0,2,1,1,0,2,0,2
82,-334730.441,333939.6593,E82_F4_m-1f-1_P4_Y-1_U215,-9999,-9999,MXY,11,0.0,1,0,0.0,0,0,0,-9999.0,1.0,1,P3_CV0,2,2,0,0,2,0,2,0,2
82,-334730.441,333939.6593,E82_F4_m-1f-1_P4_Y-1_U152,-9999,-9999,FXX,11,0.0,1,0,1.0,0,0,1,-9999.0,0.5,1,P3_CV0,2,1,1,1,1,0,2,0,2
82,-334730.441,333939.6593,E82_F4_m-1f-1_P4_Y-1_U122,-9999,-9999,FXX,11,0.0,1,0,1.0,0,0,0,-9999.0,1.0,1,P3_CV0,2,2,0,1,1,0,2,0,2
82,-334730.441,333939.6593,E82_F4_m-1f-1_P4_Y-1_U153,-9999,-9999,MXY,11,0.0,1,0,0.0,0,0,0,-9999.0,0.5,1,P3_CV0,2,1,1,1,1,0,2,0,2
82,-334730.441,333939.6593,E82_F4_m-1f-1_P4_Y-1_U119,-9999,-9999,MXY,11,0.0,1,0,0.0,0,0,1,-9999.0,0.5,1,P3_CV0,2,1,1,1,1,0,2,0,2
82,-334730.441,333939.6593,E82_F4_m-1f-1_P4_Y-1_U130,-9999,-9999,MXY,12,0.0,1,0,0.0,0,0,0,-9999.0,1.0,1,P3_CV0,2,2,0,1,1,0,2,0,2
82,-334730.441,333939.6593,E82_F4_m-1f-1_P4_Y-1_U17,-9999,-9999,FXX,12,0.0,1,0,1.0,0,0,1,-9999.0,0.0,1,P3_CV0,2,0,2,1,1,0,2,0,2
82,-334730.441,333939.6593,E82_F77_m-1f-1_P4_Y-1_U240,-9999,-9999,MXY,12,0.0,1,0,0.0,0,0,0,-9999.0,0.5,1,P3_CV0,2,1,1,1,1,0,2,0,2
82,-334730.441,333939.6593,E82_F77_m-1f-1_P4_Y-1_U81,-9999,-9999,MXY,12,0.0,1,0,0.0,0,0,0,-9999.0,0.0,1,P3_CV0,2,0,2,2,0,0,2,0,2
82,-334730.441,333939.6593,E82_F4_m-1f-1_P4_Y-1_U121,-9999,-9999,MXY,14,0.0,1,0,0.0,0,0,0,-9999.0,1.0,1,P3_CV0,2,2,0,0,2,0,2,0,2
82,-334730.441,333939.6593,E82_F4_m-1f-1_P4_Y-1_U66,-9999,-9999,MXY,15,0.0,1,0,0.0,0,0,0,-9999.0,0.5,1,P3_CV0,2,1,1,1,1,0,2,0,2
82,-334730.441,333939.6593,E82_F4_m-1f-1_P4_Y-1_U57,-9999,-9999,FXX,16,0.0,1,0,1.0,0,0,1,-9999.0,1.0,1,P3_CV0,2,2,0,0,2,0,2,0,2
82,-334730.441,333939.6593,Age0_F82_m4f4_P82_Y7_UO287,ID4_F82_m-1f-1_P4_Y-1_U8,I4_F82_m60f60_P96_Y5_UO2793,FXX,0,0.0,0,0,0.0,0,0,0,0.0,0.4375,1,P59_CV0,2,1,1,2,0,0,2,0,2
82,-334730.441,333939.6593,E82_F4_m60f60_P96_Y5_UO2793,ID60_F51_m60f60_P75_Y2_UO2815,I60_F75_m60f60_P75_Y2_UO2814,MXY,2,0.0,1,0,0.0,0,0,0,-9999.0,0.375,1,P59_CV0,2,1,1,2,0,0,2,0,2
82,-334730.441,333939.6593,Age0_F82_m4f4_P82_Y7_UO241,I4_F82_m4f4_P82_Y4_UO204,I4_F82_m77f77_P82_Y3_UO3407,FXX,0,0.0,0,0,0.0,0,0,0,0.0,0.4375,1,P76_CV0,2,2,0,1,1,0,2,0,2
82,-334730.441,333939.6593,Age0_F82_m4f4_P82_Y7_UO252,ID4_F67_m4f4_P67_Y4_UO261,ID4_F82_m-1f-1_P77_Y-1_U101,MXY,0,0.0,0,0,0.0,0,0,0,0.0,0.5625,1,P76_CV0,2,1,1,2,0,0,2,0,2
82,-334730.441,333939.6593,Age0_F82_m4f4_P82_Y7_UO272,I4_F82_m77f77_P82_Y2_UO3402,I4_F67_m4f4_P82_Y1_UO249,FXX,0,0.0,0,0,0.0,0,0,0,0.0,0.375,1,P76_CV0,2,1,1,2,0,0,2,0,2
82,-334730.441,333939.6593,Age0_F82_m4f4_P82_Y7_UO285,ID4_F10_m-1f-1_P4_Y-1_U145,I4_F67_m-1f-1_P77_Y-1_U1,FXX,0,0.0,0,0,0.0,0,0,0,0.0,0.75,1,P76_CV0,2,2,0,0,2,0,2,0,2
82,-334730.441,333939.6593,Age0_F82_m4f4_P82_Y7_UO288,ID4_F82_m-1f-1_P77_Y-1_U26,I4_F82_m-1f-1_P4_Y-1_U215,FXX,0,0.0,0,0,0.0,0,0,0,0.0,1.0,1,P76_CV0,2,2,0,0,2,0,2,0,2
82,-334730.441,333939.6593,Age0_F82_m77f77_P82_Y7_UO3442,I77_F10_m77f77_P82_Y2_UO3417,ID77_F10_m77f77_P10_Y4_UO3425,FXX,0,0.0,0,0,0.0,0,0,0,0.0,0.5,1,P76_CV0,2,0,2,2,0,0,2,0,2
82,-334730.441,333939.6593,Age0_F82_m77f77_P82_Y7_UO3457,ID77_F10_m-1f-1_P77_Y-1_U63,I77_F82_m1f1_P33_Y5_UO27,MXY,0,0.0,0,0,0.0,0,0,0,0.0,0.4375,1,P76_CV0,2,1,1,2,0,0,2,0,2
82,-334730.441,333939.6593,Age0_F82_m77f77_P82_Y7_UO3461,I77_F10_m-1f-1_P77_Y-1_U77,I77_F10_m9f9_P10_Y4_UO577,MXY,0,0.0,0,0,0.0,0,0,0,0.0,0.9375,1,P76_CV0,2,2,0,0,2,0,2,0,2
82,-334730.441,333939.6593,Age0_F82_m77f77_P82_Y7_UO3468,I77_F33_m-1f-1_P77_Y-1_U230,I77_F10_m77f77_P82_Y4_UO3405,FXX,0,0.0,0,0,0.0,0,0,0,0.0,0.5,1,P76_CV0,2,1,1,2,0,0,2,0,2
82,-334730.441,333939.6593,Age0_F82_m77f77_P82_Y7_UO3473,I77_F10_m-1f-1_P1_Y-1_U246,I77_F33_m-1f-1_P77_Y-1_U95,MXY,0,0.0,0,0,0.0,0,0,0,0.0,0.25,1,P76_CV0,2,1,1,2,0,0,2,0,2
82,-334730.441,333939.6593,E82_F4_m9f9_P10_Y6_UO598,I9_F10_m77f77_P33_Y2_UO3421,I9_F33_m-1f-1_P9_Y-1_U88,FXX,1,0.0,1,1,1.0,0,0,1,-9999.0,0.25,1,P76_CV0,2,1,1,0,2,0,2,0,2
82,-334730.441,333939.6593,E82_F4_m4f4_P67_Y6_UO278,I4_F82_m-1f-1_P4_Y-1_U232,I4_F82_m77f77_P67_Y3_UO3369,FXX,1,0.0,1,1,1.0,0,0,0,-9999.0,0.5,1,P76_CV0,2,1,1,2,0,0,2,0,2
82,-334730.441,333939.6593,E82_F4_m4f4_P82_Y6_UO229,I4_F82_m77f77_P82_Y4_UO3374,ID4_F96_m77f77_P82_Y4_UO3418,FXX,1,0.0,1,1,1.0,0,0,0,-9999.0,0.625,1,P76_CV0,2,2,0,2,0,0,2,0,2
82,-334730.441,333939.6593,E82_F4_m4f4_P82_Y6_UO233,I4_F96_m77f77_P82_Y3_UO3388,I4_F82_m4f4_P82_Y4_UO252,MXY,1,0.0,1,1,0.0,0,0,0,-9999.0,0.625,1,P76_CV0,2,1,1,1,1,0,2,0,2
82,-334730.441,333939.6593,E82_F4_m4f4_P82_Y6_UO264,I4_F82_m77f77_P10_Y1_UO3229,I4_F82_m77f77_P82_Y0_UO3682,FXX,1,0.0,1,1,1.0,0,0,0,-9999.0,0.75,1,P76_CV0,2,2,0,1,1,0,2,0,2
82,-334730.441,333939.6593,E82_F4_m4f4_P82_Y6_UO267,I4_F82_m77f77_P82_Y1_UO3234,I4_F67_m4f4_P82_Y4_UO229,MXY,1,0.0,1,1,0.0,0,0,0,-9999.0,0.5625,1,P76_CV0,2,2,0,1,1,0,2,0,2
82,-334730.441,333939.6593,E82_F4_m4f4_P82_Y6_UO274,ID4_F82_m77f77_P82_Y0_UO3686,I4_F82_m-1f-1_P4_Y-1_U20,FXX,1,0.0,1,1,1.0,0,0,0,-9999.0,0.375,1,P76_CV0,2,1,1,2,0,0,2,0,2
82,-334730.441,333939.6593,E82_F4_m4f4_P82_Y6_UO291,I4_F82_m-1f-1_P77_Y-1_U117,I4_F96_m77f77_P82_Y0_UO3688,FXX,1,0.0,1,1,1.0,0,0,1,-9999.0,0.875,1,P76_CV0,2,2,0,1,1,0,2,0,2
82,-334730.441,333939.6593,E82_F4_m77f77_P82_Y6_UO3449,ID77_F33_m9f9_P33_Y2_UO519,I77_F10_m-1f-1_P77_Y-1_U220,MXY,1,0.0,1,1,0.0,0,0,0,-9999.0,0.5625,1,P76_CV0,2,1,1,1,1,0,2,0,2
82,-334730.441,333939.6593,E82_F4_m77f77_P82_Y6_UO3455,ID77_F10_m9f9_P33_Y2_UO564,I77_F10_m-1f-1_P77_Y-1_U113,FXX,1,0.0,1,1,1.0,0,0,0,-9999.0,0.75,1,P76_CV0,2,1,1,2,0,0,2,0,2
82,-334730.441,333939.6593,E82_F4_m77f77_P82_Y6_UO3465,I77_F10_m77f77_P10_Y0_UO3710,I77_F33_m-1f-1_P77_Y-1_U93,FXX,1,0.0,1,1,1.0,0,0,0,-9999.0,0.375,1,P76_CV0,2,0,2,0,2,0,2,0,2
82,-334730.441,333939.6593,E82_F4_m1f1_P96_Y6_UO34,ID1_F10_m77f77_P10_Y3_UO3398,I1_F96_m1f1_P33_Y3_UO41,FXX,1,0.0,1,1,1.0,0,0,0,-9999.0,0.6875,1,P76_CV0,2,1,1,1,1,0,2,0,2
82,-334730.441,333939.6593,E82_F77_m77f77_P10_Y6_UO3478,I77_F67_m-1f-1_P77_Y-1_U24,ID77_F82_m77f77_P10_Y3_UO3385,FXX,1,0.0,1,1,1.0,0,0,0,-9999.0,0.75,1,P76_CV0,2,1,1,2,0,0,2,0,2
82,-334730.441,333939.6593,E82_F77_m9f9_P33_Y6_UO572,ID9_F33_m9f9_P10_Y3_UO592,I9_F10_m9f9_P10_Y3_UO534,MXY,1,0.0,1,1,0.0,0,0,0,-9999.0,0.5625,1,P76_CV0,2,1,1,2,0,0,2,0,2
82,-334730.441,333939.6593,E82_F77_m4f4_P82_Y6_UO276,I4_F82_m-1f-1_P4_Y-1_U203,I4_F82_m-1f-1_P77_Y-1_U1,FXX,1,0.0,1,1,1.0,0,0,0,-9999.0,0.25,1,P76_CV0,2,0,2,1,1,0,2,0,2
82,-334730.441,333939.6593,E82_F77_m77f77_P82_Y6_UO3446,ID77_F44_m9f9_P33_Y3_UO498,I77_F10_m-1f-1_P77_Y-1_U175,FXX,1,0.0,1,1,1.0,0,0,0,-9999.0,0.5625,1,P76_CV0,2,1,1,2,0,0,2,0,2
82,-334730.441,333939.6593,E82_F77_m77f77_P82_Y6_UO3460,I77_F33_m9f9_P10_Y1_UO480,I77_F33_m-1f-1_P77_Y-1_U93,MXY,1,0.0,1,1,0.0,0,0,0,-9999.0,0.375,1,P76_CV0,2,0,2,1,1,0,2,0,2
82,-334730.441,333939.6593,E82_F4_m77f77_P67_Y5_UO3431,I77_F10_m-1f-1_P77_Y-1_U24,ID77_F10_m9f9_P33_Y1_UO526,MXY,2,0.0,1,0,0.0,0,0,0,-9999.0,0.625,1,P76_CV0,2,1,1,1,1,0,2,0,2
82,-334730.441,333939.6593,E82_F4_m77f77_P82_Y5_UO3438,ID77_F82_m-1f-1_P77_Y-1_U92,I77_F82_m4f4_P82_Y2_UO229,MXY,2,0.0,1,0,0.0,0,0,0,-9999.0,0.625,1,P76_CV0,2,0,2,0,2,0,2,0,2
82,-334730.441,333939.6593,E82_F4_m77f77_P82_Y5_UO3420,I77_F10_m-1f-1_P77_Y-1_U63,ID77_F10_m1f1_P96_Y0_UO27,MXY,2,0.0,1,0,0.0,0,0,0,-9999.0,0.5,1,P76_CV0,2,0,2,1,1,0,2,0,2
82,-334730.441,333939.6593,E82_F4_m4f4_P82_Y5_UO248,I4_F82_m77f77_P10_Y1_UO3229,I4_F82_m77f77_P67_Y3_UO3369,FXX,2,0.0,1,0,1.0,0,0,0,-9999.0,0.75,1,P76_CV0,2,2,0,2,0,0,2,0,2
82,-334730.441,333939.6593,E82_F4_m4f4_P82_Y5_UO264,I4_F82_m-1f-1_P77_Y-1_U64,I4_F10_m9f9_P33_Y0_UO569,FXX,2,0.0,1,0,1.0,0,0,0,-9999.0,0.875,1,P76_CV0,2,2,0,1,1,0,2,0,2
82,-334730.441,333939.6593,E82_F77_m9f9_P10_Y5_UO636,ID9_F10_m-1f-1_P77_Y-1_U191,I9_F10_m77f77_P33_Y1_UO3245,MXY,2,0.0,1,0,0.0,0,0,0,-9999.0,0.875,1,P76_CV0,2,1,1,1,1,0,2,0,2
82,-334730.441,333939.6593,E82_F77_m77f77_P10_Y5_UO3447,I77_F10_m-1f-1_P77_Y-1_U246,ID77_F82_m1f1_P10_Y3_UO69,MXY,2,0.0,1,0,0.0,0,0,0,-9999.0,0.375,1,P76_CV0,2,2,0,1,1,0,2,0,2
82,-334730.441,333939.6593,E82_F4_m77f77_P82_Y3_UO3407,I77_F82_m-1f-1_P77_Y-1_U212,I77_F10_m-1f-1_P77_Y-1_U169,MXY,4,0.0,1,0,0.0,0,0,0,-9999.0,0.5,1,P76_CV0,2,1,1,1,1,0,2,0,2
82,-334730.441,333939.6593,E82_F4_m77f77_P67_Y3_UO3369,ID77_F10_m1f1_P10_Y1_UO50,I77_F82_m77f77_P10_Y1_UO3259,MXY,4,0.0,1,0,0.0,0,0,1,-9999.0,0.5,1,P76_CV0,2,1,1,2,0,0,2,0,2
82,-334730.441,333939.6593,E82_F77_m77f77_P10_Y3_UO3385,I77_F18_m1f1_P33_Y0_UO37,I77_F33_m-1f-1_P77_Y-1_U220,MXY,4,0.0,1,0,0.0,0,0,0,-9999.0,0.5,1,P76_CV0,2,0,2,2,0,0,2,0,2
82,-334730.441,333939.6593,E82_F4_m77f77_P82_Y2_UO3402,I77_F82_m-1f-1_P77_Y-1_U15,I77_F82_m-1f-1_P77_Y-1_U97,FXX,5,0.0,1,0,1.0,0,0,0,-9999.0,0.5,1,P76_CV0,2,1,1,1,1,0,2,0,2
82,-334730.441,333939.6593,E82_F77_m77f77_P82_Y2_UO3417,I77_F33_m-1f-1_P77_Y-1_U165,I77_F44_m-1f-1_P77_Y-1_U1,FXX,5,0.0,1,0,1.0,0,0,0,-9999.0,0.5,1,P76_CV0,2,1,1,1,1,0,2,0,2
82,-334730.441,333939.6593,E82_F4_m77f77_P82_Y0_UO3688,R77_F77_m-1f-1_P77_Y-1_U168,R77_F77_m-1f-1_P77_Y-1_U32,MXY,7,0.0,1,0,0.0,0,0,0,-9999.0,0.75,1,P76_CV0,2,2,0,1,1,0,2,0,2
82,-334730.441,333939.6593,E82_F4_m77f77_P82_Y0_UO3682,R77_F77_m-1f-1_P77_Y-1_U155,R77_F77_m-1f-1_P77_Y-1_U244,MXY,7,0.0,1,0,0.0,0,0,0,-9999.0,0.5,1,P76_CV0,2,1,1,0,2,0,2,0,2
82,-334730.441,333939.6593,E82_F77_m77f77_P10_Y0_UO3710,R77_F77_m-1f-1_P77_Y-1_U232,R77_F77_m-1f-1_P77_Y-1_U13,FXX,7,0.0,1,0,1.0,0,0,0,-9999.0,0.25,1,P76_CV0,2,1,1,0,2,0,2,0,2
82,-334730.441,333939.6593,E82_F77_m-1f-1_P77_Y-1_U130,-9999,-9999,MXY,8,0.0,1,0,0.0,0,0,0,-9999.0,0.5,1,P76_CV0,2,1,1,0,2,0,2,0,2
82,-334730.441,333939.6593,E82_F77_m-1f-1_P77_Y-1_U63,-9999,-9999,FXX,8,0.0,1,0,1.0,0,0,0,-9999.0,0.5,1,P76_CV0,2,1,1,1,1,0,2,0,2
82,-334730.441,333939.6593,E82_F77_m-1f-1_P77_Y-1_U156,-9999,-9999,MXY,9,0.0,1,0,0.0,0,0,0,-9999.0,1.0,1,P76_CV0,2,2,0,1,1,0,2,0,2
82,-334730.441,333939.6593,E82_F77_m-1f-1_P77_Y-1_U77,-9999,-9999,FXX,9,0.0,1,0,1.0,0,0,0,-9999.0,1.0,1,P76_CV0,2,2,0,0,2,0,2,0,2
82,-334730.441,333939.6593,E82_F77_m-1f-1_P77_Y-1_U95,-9999,-9999,MXY,9,0.0,1,0,0.0,0,0,0,-9999.0,0.5,1,P76_CV0,2,1,1,1,1,0,2,0,2
82,-334730.441,333939.6593,E82_F4_m-1f-1_P77_Y-1_U26,-9999,-9999,FXX,10,0.0,1,0,1.0,0,0,0,-9999.0,1.0,1,P76_CV0,2,2,0,1,1,0,2,0,2
82,-334730.441,333939.6593,E82_F77_m-1f-1_P77_Y-1_U16,-9999,-9999,MXY,10,0.0,1,0,0.0,0,0,0,-9999.0,0.5,1,P76_CV0,2,1,1,1,1,0,2,0,2
82,-334730.441,333939.6593,E82_F4_m-1f-1_P77_Y-1_U219,-9999,-9999,MXY,11,0.0,1,0,0.0,0,0,0,-9999.0,1.0,1,P76_CV0,2,2,0,1,1,0,2,0,2
82,-334730.441,333939.6593,E82_F77_m-1f-1_P77_Y-1_U230,-9999,-9999,FXX,11,0.0,1,0,1.0,0,0,0,-9999.0,0.5,1,P76_CV0,2,1,1,1,1,0,2,0,2
82,-334730.441,333939.6593,E82_F77_m-1f-1_P77_Y-1_U238,-9999,-9999,MXY,11,0.0,1,0,0.0,0,0,0,-9999.0,1.0,1,P76_CV0,2,2,0,1,1,0,2,0,2
82,-334730.441,333939.6593,E82_F77_m-1f-1_P77_Y-1_U175,-9999,-9999,MXY,11,0.0,1,0,0.0,0,0,0,-9999.0,0.5,1,P76_CV0,2,1,1,2,0,0,2,0,2
82,-334730.441,333939.6593,E82_F77_m-1f-1_P77_Y-1_U27,-9999,-9999,FXX,12,0.0,1,0,1.0,0,0,0,-9999.0,1.0,1,P76_CV0,2,2,0,0,2,0,2,0,2
82,-334730.441,333939.6593,E82_F4_m-1f-1_P77_Y-1_U117,-9999,-9999,FXX,13,0.0,1,0,1.0,0,0,0,-9999.0,1.0,1,P76_CV0,2,2,0,0,2,0,2,0,2
82,-334730.441,333939.6593,E82_F4_m-1f-1_P77_Y-1_U101,-9999,-9999,MXY,13,0.0,1,0,0.0,0,0,0,-9999.0,0.5,1,P76_CV0,2,1,1,2,0,0,2,0,2
82,-334730.441,333939.6593,E82_F4_m-1f-1_P77_Y-1_U1,-9999,-9999,MXY,13,0.0,1,0,0.0,0,0,0,-9999.0,0.5,1,P76_CV0,2,1,1,0,2,0,2,0,2
82,-334730.441,333939.6593,E82_F4_m-1f-1_P77_Y-1_U154,-9999,-9999,MXY,14,0.0,1,0,0.0,0,0,0,-9999.0,0.5,1,P76_CV0,2,1,1,1,1,0,2,0,2
82,-334730.441,333939.6593,Age0_F82_m4f4_P82_Y7_UO223,ID4_F82_m77f77_P82_Y5_UO3399,I4_F67_m87f87_P67_Y4_UO4031,MXY,0,0.0,0,0,0.0,0,0,0,0.0,0.46875,1,P86_CV0,2,2,0,1,1,0,2,0,2
82,-334730.441,333939.6593,E82_F4_m87f87_P24_Y6_UO4073,ID87_F67_m87f87_P24_Y4_UO4048,I87_F51_m87f87_P24_Y2_UO4067,MXY,1,0.0,1,1,0.0,0,0,1,-9999.0,0.5625,1,P86_CV0,2,1,1,0,2,0,2,0,2
82,-334730.441,333939.6593,E82_F4_m4f4_P67_Y6_UO269,I4_F67_m1f1_P96_Y0_UO73,I4_F82_m87f87_P67_Y1_UO3872,MXY,1,0.0,1,1,0.0,0,0,0,-9999.0,0.375,1,P86_CV0,2,1,1,1,1,0,2,0,2
82,-334730.441,333939.6593,E82_F4_m4f4_P67_Y6_UO272,ID4_F82_m87f87_P67_Y0_UO4361,I4_F67_m4f4_P82_Y2_UO191,MXY,1,0.0,1,1,0.0,0,0,0,-9999.0,0.4375,1,P86_CV0,2,1,1,1,1,0,2,0,2
82,-334730.441,333939.6593,E82_F4_m87f87_P67_Y6_UO4089,ID87_F24_m87f87_P24_Y4_UO4067,ID87_F24_m87f87_P67_Y4_UO4014,MXY,1,0.0,1,1,0.0,0,0,0,-9999.0,0.375,1,P86_CV0,2,1,1,2,0,0,2,0,2
82,-334730.441,333939.6593,E82_F4_m87f87_P67_Y6_UO4099,ID87_F24_m87f87_P24_Y3_UO3987,I87_F24_m-1f-1_P87_Y-1_U54,FXX,1,0.0,1,1,1.0,0,0,0,-9999.0,0.75,1,P86_CV0,2,2,0,0,2,0,2,0,2
82,-334730.441,333939.6593,E82_F4_m87f87_P67_Y6_UO4136,I87_F19_m87f87_P24_Y0_UO4386,ID87_F51_m-1f-1_P87_Y-1_U53,MXY,1,0.0,1,1,0.0,0,0,0,-9999.0,0.25,1,P86_CV0,2,1,1,0,2,0,2,0,2
82,-334730.441,333939.6593,E82_F4_m87f87_P67_Y6_UO4161,I87_F24_m-1f-1_P87_Y-1_U163,I87_F24_m87f87_P24_Y3_UO4055,FXX,1,0.0,1,1,1.0,0,0,0,-9999.0,0.3125,1,P86_CV0,2,0,2,2,0,0,2,0,2
82,-334730.441,333939.6593,E82_F4_m4f4_P82_Y6_UO219,I4_F67_m4f4_P82_Y4_UO191,I4_F67_m87f87_P24_Y1_UO3824,FXX,1,0.0,1,1,1.0,0,0,0,-9999.0,0.59375,1,P86_CV0,2,1,1,1,1,0,2,0,2
82,-334730.441,333939.6593,E82_F4_m4f4_P82_Y6_UO242,I4_F67_m87f87_P24_Y3_UO4047,I4_F82_m4f4_P82_Y4_UO215,MXY,1,0.0,1,1,0.0,0,0,1,-9999.0,0.6875,1,P86_CV0,2,1,1,2,0,0,2,0,2
82,-334730.441,333939.6593,E82_F4_m87f87_P67_Y5_UO4046,I87_F24_m87f87_P24_Y3_UO4049,I87_F24_m87f87_P24_Y2_UO4026,MXY,2,0.0,1,0,0.0,0,0,0,-9999.0,0.125,1,P86_CV0,2,0,2,1,1,0,2,0,2
82,-334730.441,333939.6593,E82_F4_m87f87_P67_Y4_UO4031,ID87_F24_m87f87_P24_Y1_UO3874,I87_F24_m87f87_P24_Y2_UO4056,MXY,3,0.0,1,0,0.0,0,0,0,-9999.0,0.375,1,P86_CV0,2,1,1,1,1,0,2,0,2
82,-334730.441,333939.6593,E82_F4_m4f4_P82_Y4_UO231,I4_F10_m87f87_P67_Y0_UO4318,ID4_F96_m4f4_P82_Y1_UO249,MXY,3,0.0,1,0,0.0,0,0,0,-9999.0,0.625,1,P86_CV0,2,1,1,2,0,0,2,0,2
82,-334730.441,333939.6593,E82_F4_m87f87_P24_Y3_UO4047,I87_F24_m-1f-1_P87_Y-1_U72,I87_F24_m78f78_P24_Y0_UO3769,FXX,4,0.0,1,0,1.0,0,0,0,-9999.0,0.5,1,P86_CV0,2,1,1,2,0,0,2,0,2
82,-334730.441,333939.6593,E82_F4_m87f87_P24_Y2_UO4087,I87_F24_m-1f-1_P87_Y-1_U214,I87_F24_m-1f-1_P87_Y-1_U194,FXX,5,0.0,1,0,1.0,0,0,1,-9999.0,0.5,1,P86_CV0,2,1,1,1,1,0,2,0,2
82,-334730.441,333939.6593,Age0_F82_m1f1_P82_Y7_UO105,I1_F33_m-1f-1_P9_Y-1_U239,ID1_F10_m77f77_P10_Y2_UO3400,FXX,0,0.0,0,0,0.0,0,0,0,0.0,0.875,1,P8_CV0,2,2,0,1,1,0,2,0,2
82,-334730.441,333939.6593,Age0_F82_m4f4_P82_Y7_UO217,I4_F82_m4f4_P82_Y5_UO207,I4_F82_m4f4_P82_Y0_UO208,FXX,0,0.0,0,0,0.0,0,0,0,0.0,0.5625,1,P8_CV0,2,1,1,1,1,0,2,0,2
82,-334730.441,333939.6593,Age0_F82_m4f4_P82_Y7_UO229,I4_F67_m77f77_P82_Y5_UO3395,I4_F67_m-1f-1_P9_Y-1_U113,MXY,0,0.0,0,0,0.0,0,0,0,0.0,0.625,1,P8_CV0,2,1,1,1,1,0,2,0,2
82,-334730.441,333939.6593,Age0_F82_m4f4_P82_Y7_UO279,I4_F96_m4f4_P82_Y0_UO240,I4_F82_m9f9_P33_Y0_UO569,FXX,0,0.0,0,0,0.0,0,0,0,0.0,0.5,1,P8_CV0,2,1,1,1,1,0,2,0,2
82,-334730.441,333939.6593,Age0_F82_m77f77_P82_Y7_UO3427,I77_F33_m9f9_P33_Y4_UO534,I77_F82_m77f77_P33_Y5_UO3388,FXX,0,0.0,0,0,0.0,0,0,0,0.0,0.5,1,P8_CV0,2,2,0,1,1,0,2,0,2
82,-334730.441,333939.6593,Age0_F82_m77f77_P82_Y7_UO3438,ID77_F10_m9f9_P10_Y3_UO567,ID77_F10_m-1f-1_P4_Y-1_U81,MXY,0,0.0,0,0,0.0,0,0,0,0.0,0.1875,1,P8_CV0,2,0,2,1,1,0,2,0,2
82,-334730.441,333939.6593,Age0_F82_m77f77_P82_Y7_UO3453,I77_F82_m77f77_P10_Y0_UO3710,I77_F10_m9f9_P33_Y1_UO514,FXX,0,0.0,0,0,0.0,0,0,0,0.0,0.375,1,P8_CV0,2,0,2,1,1,0,2,0,2
82,-334730.441,333939.6593,E82_F4_m4f4_P67_Y6_UO241,I4_F82_m4f4_P82_Y3_UO201,I4_F82_m77f77_P82_Y0_UO3682,MXY,1,0.0,1,1,0.0,0,0,0,-9999.0,0.625,1,P8_CV0,2,1,1,1,1,0,2,0,2
82,-334730.441,333939.6593,E82_F4_m4f4_P82_Y6_UO228,I4_F67_m4f4_P82_Y4_UO255,I4_F82_m77f77_P82_Y4_UO3357,MXY,1,0.0,1,1,0.0,0,0,0,-9999.0,0.5,1,P8_CV0,2,1,1,1,1,0,2,0,2
82,-334730.441,333939.6593,E82_F4_m4f4_P82_Y6_UO252,I4_F67_m87f87_P24_Y2_UO4087,ID4_F33_m9f9_P96_Y3_UO572,MXY,1,0.0,1,1,0.0,0,0,0,-9999.0,0.5,1,P8_CV0,2,1,1,2,0,0,2,0,2
82,-334730.441,333939.6593,E82_F77_m77f77_P10_Y6_UO3454,I77_F10_m1f1_P10_Y2_UO78,I77_F67_m-1f-1_P77_Y-1_U32,FXX,1,0.0,1,1,1.0,0,0,0,-9999.0,0.75,1,P8_CV0,2,1,1,2,0,0,2,0,2
82,-334730.441,333939.6593,E82_F4_m4f4_P82_Y5_UO257,I4_F82_m77f77_P82_Y0_UO3686,I4_F96_m4f4_P82_Y3_UO185,FXX,2,0.0,1,0,1.0,0,0,0,-9999.0,0.75,1,P8_CV0,2,2,0,1,1,0,2,0,2
82,-334730.441,333939.6593,E82_F4_m9f9_P10_Y5_UO603,I9_F10_m1f1_P33_Y1_UO13,I9_F33_m9f9_P33_Y1_UO489,MXY,2,0.0,1,0,0.0,0,0,0,-9999.0,0.25,1,P8_CV0,2,1,1,1,1,0,2,0,2
82,-334730.441,333939.6593,E82_F4_m4f4_P82_Y5_UO207,I4_F82_m4f4_P82_Y3_UO201,I4_F96_m-1f-1_P4_Y-1_U127,FXX,2,0.0,1,0,1.0,0,0,0,-9999.0,0.625,1,P8_CV0,2,2,0,2,0,0,2,0,2
82,-334730.441,333939.6593,E82_F4_m4f4_P82_Y5_UO210,I4_F96_m4f4_P67_Y3_UO240,I4_F96_m4f4_P82_Y3_UO185,FXX,2,0.0,1,0,1.0,0,0,0,-9999.0,0.75,1,P8_CV0,2,2,0,1,1,0,2,0,2
82,-334730.441,333939.6593,E82_F4_m4f4_P82_Y5_UO219,I4_F82_m77f77_P10_Y3_UO3405,I4_F82_m-1f-1_P77_Y-1_U1,FXX,2,0.0,1,0,1.0,0,0,0,-9999.0,0.4375,1,P8_CV0,2,0,2,0,2,0,2,0,2
82,-334730.441,333939.6593,E82_F4_m77f77_P82_Y5_UO3395,I77_F82_m9f9_P10_Y2_UO551,I77_F10_m77f77_P82_Y2_UO3386,FXX,2,0.0,1,0,1.0,0,0,0,-9999.0,0.75,1,P8_CV0,2,1,1,1,1,0,2,0,2
82,-334730.441,333939.6593,E82_F4_m4f4_P82_Y5_UO270,I4_F67_m-1f-1_P4_Y-1_U144,I4_F82_m9f9_P10_Y0_UO519,MXY,2,0.0,1,0,0.0,0,0,0,-9999.0,0.5,1,P8_CV0,2,2,0,1,1,0,2,0,2
82,-334730.441,333939.6593,E82_F4_m4f4_P67_Y4_UO261,I4_F82_m-1f-1_P4_Y-1_U104,I4_F82_m9f9_P10_Y0_UO574,FXX,3,0.0,1,0,1.0,0,0,0,-9999.0,0.625,1,P8_CV0,2,1,1,2,0,0,2,0,2
82,-334730.441,333939.6593,E82_F77_m9f9_P33_Y4_UO534,ID9_F33_m1f1_P10_Y2_UO82,I9_F10_m-1f-1_P9_Y-1_U171,FXX,3,0.0,1,0,1.0,0,0,0,-9999.0,0.375,1,P8_CV0,2,2,0,0,2,0,2,0,2
82,-334730.441,333939.6593,E82_F4_m9f9_P96_Y3_UO572,I9_F10_m-1f-1_P9_Y-1_U219,I9_F33_m1f1_P33_Y0_UO80,MXY,4,0.0,1,0,0.0,0,0,0,-9999.0,0.5,1,P8_CV0,2,0,2,1,1,0,2,0,2
82,-334730.441,333939.6593,E82_F77_m9f9_P10_Y3_UO567,I9_F33_m-1f-1_P9_Y-1_U165,I9_F18_m9f9_P33_Y1_UO510,FXX,4,0.0,1,0,1.0,0,0,0,-9999.0,0.375,1,P8_CV0,2,0,2,1,1,0,2,0,2
82,-334730.441,333939.6593,E82_F4_m9f9_P33_Y0_UO569,R9_F9_m-1f-1_P9_Y-1_U187,R9_F9_m-1f-1_P9_Y-1_U54,MXY,7,0.0,1,0,0.0,0,0,1,-9999.0,0.75,1,P8_CV0,2,2,0,0,2,0,2,0,2
82,-334730.441,333939.6593,E82_F4_m-1f-1_P9_Y-1_U113,-9999,-9999,MXY,8,0.0,1,0,0.0,0,0,0,-9999.0,0.5,1,P8_CV0,2,1,1,1,1,0,2,0,2
82,-334730.441,333939.6593,E82_F1_m-1f-1_P9_Y-1_U239,-9999,-9999,FXX,11,0.0,1,0,1.0,0,0,0,-9999.0,1.0,1,P8_CV0,2,2,0,1,1,0,2,0,2
82,-334730.441,333939.6593,E82_F4_m87f87_P67_Y6_UO4117,I87_F24_m60f60_P19_Y2_UO2810,I87_F24_m-1f-1_P87_Y-1_U54,FXX,1,0.0,1,1,1.0,0,0,1,-9999.0,0.5,1,P99_CV0,2,2,0,0,2,0,2,0,2
86,-523433.7551,-586632.5003,Age0_F86_m45f45_P86_Y7_UO2220,I45_F68_m63f63_P8_Y3_UO2980,I45_F6_m90f90_P6_Y4_UO4245,MXY,0,0.0,0,0,0.0,0,0,0,0.0,0.75,1,P10_CV0,2,2,0,1,1,0,2,0,2
86,-523433.7551,-586632.5003,E86_F45_m63f63_P8_Y3_UO2980,I63_F36_m11f11_P2_Y1_UO592,ID63_F69_m65f65_P98_Y0_UO3411,FXX,4,0.0,1,0,1.0,0,0,0,-9999.0,0.5,1,P10_CV0,2,1,1,0,2,0,2,0,2
86,-523433.7551,-586632.5003,Age0_F86_m12f12_P86_Y7_UO685,I12_F52_m46f46_P52_Y5_UO2282,I12_F52_m46f46_P13_Y2_UO2292,FXX,0,0.0,0,0,0.0,0,0,0,0.0,0.5625,1,P11_CV0,2,1,1,1,1,0,2,0,2
86,-523433.7551,-586632.5003,Age0_F86_m12f12_P86_Y7_UO698,I12_F52_m12f12_P52_Y5_UO706,I12_F86_m12f12_P52_Y1_UO671,MXY,0,0.0,0,0,0.0,0,0,0,0.0,0.6875,1,P11_CV0,2,1,1,1,1,0,2,0,2
86,-523433.7551,-586632.5003,Age0_F86_m12f12_P86_Y7_UO724,I12_F86_m12f12_P86_Y4_UO691,I12_F52_m90f90_P86_Y5_UO4189,FXX,0,0.0,0,0,0.0,0,0,0,0.0,0.46875,1,P11_CV0,2,0,2,1,1,0,2,0,2
86,-523433.7551,-586632.5003,Age0_F86_m12f12_P86_Y7_UO729,I12_F52_m90f90_P52_Y3_UO4243,I12_F52_m-1f-1_P12_Y-1_U72,FXX,0,0.0,0,0,0.0,0,0,0,0.0,0.125,1,P11_CV0,2,0,2,1,1,0,2,0,2
86,-523433.7551,-586632.5003,Age0_F86_m12f12_P86_Y7_UO736,I12_F86_m46f46_P52_Y2_UO2233,ID12_F86_m30f30_P93_Y4_UO1389,MXY,0,0.0,0,0,0.0,0,0,0,0.0,0.625,1,P11_CV0,2,1,1,1,1,0,2,0,2
86,-523433.7551,-586632.5003,Age0_F86_m12f12_P86_Y7_UO751,I12_F52_m12f12_P52_Y1_UO690,ID12_F52_m30f30_P52_Y3_UO1391,MXY,0,0.0,0,0,0.0,0,0,0,0.0,0.4375,1,P11_CV0,2,0,2,1,1,0,2,0,2
86,-523433.7551,-586632.5003,Age0_F86_m12f12_P86_Y7_UO764,I12_F86_m-1f-1_P12_Y-1_U156,ID12_F74_m37f37_P74_Y5_UO1742,FXX,0,0.0,0,0,0.0,0,0,0,0.0,0.40625,1,P11_CV0,2,1,1,1,1,0,2,0,2
86,-523433.7551,-586632.5003,Age0_F86_m12f12_P86_Y7_UO770,I12_F86_m-1f-1_P12_Y-1_U94,I12_F86_m-1f-1_P12_Y-1_U55,FXX,0,0.0,0,0,0.0,0,0,0,0.0,1.0,1,P11_CV0,2,2,0,1,1,0,2,0,2
86,-523433.7551,-586632.5003,Age0_F86_m12f12_P86_Y7_UO774,I12_F52_m-1f-1_P12_Y-1_U177,I12_F52_m12f12_P52_Y5_UO712,MXY,0,0.0,0,0,0.0,0,0,0,0.0,0.6875,1,P11_CV0,2,0,2,1,1,0,2,0,2
86,-523433.7551,-586632.5003,Age0_F86_m12f12_P86_Y7_UO778,ID12_F38_m-1f-1_P30_Y-1_U230,I12_F52_m46f46_P52_Y5_UO2318,MXY,0,0.0,0,0,0.0,0,0,0,0.0,0.5,1,P11_CV0,2,2,0,1,1,0,2,0,2
86,-523433.7551,-586632.5003,Age0_F86_m23f23_P86_Y7_UO1176,I23_F6_m65f65_P98_Y3_UO3173,I23_F6_m46f46_P52_Y5_UO2309,FXX,0,0.0,0,0,0.0,0,0,0,0.0,0.4375,1,P11_CV0,2,1,1,1,1,0,2,0,2
86,-523433.7551,-586632.5003,Age0_F86_m45f45_P86_Y7_UO2191,I45_F8_m12f12_P52_Y5_UO704,ID45_F86_m78f78_P93_Y0_UO3753,MXY,0,0.0,0,0,0.0,0,0,0,0.0,0.5,1,P11_CV0,2,1,1,1,1,0,2,0,2
86,-523433.7551,-586632.5003,Age0_F86_m46f46_P86_Y7_UO2319,I46_F52_m23f23_P27_Y2_UO1203,I46_F52_m-1f-1_P12_Y-1_U235,FXX,0,0.0,0,0,0.0,0,0,0,0.0,0.125,1,P11_CV0,2,0,2,0,2,0,2,0,2
86,-523433.7551,-586632.5003,Age0_F86_m90f90_P86_Y7_UO4217,I90_F35_m90f90_P27_Y5_UO4249,I90_F57_m23f23_P27_Y4_UO1212,MXY,0,0.0,0,0,0.0,0,0,0,0.0,0.375,1,P11_CV0,2,1,1,2,0,0,2,0,2
86,-523433.7551,-586632.5003,Age0_F86_m90f90_P86_Y7_UO4249,I90_F27_m90f90_P35_Y4_UO4157,ID90_F86_m40f40_P6_Y5_UO1893,MXY,0,0.0,0,0,0.0,0,0,0,0.0,0.59375,1,P11_CV0,2,2,0,1,1,0,2,0,2
86,-523433.7551,-586632.5003,Age0_F86_m90f90_P86_Y7_UO4275,I90_F86_m23f23_P86_Y3_UO1163,ID90_F35_m23f23_P57_Y4_UO1153,FXX,0,0.0,0,0,0.0,0,0,0,0.0,0.21875,1,P11_CV0,2,0,2,1,1,0,2,0,2
86,-523433.7551,-586632.5003,Age0_F86_m90f90_P86_Y7_UO4278,I90_F86_m12f12_P52_Y2_UO728,ID90_F27_m40f40_P6_Y5_UO1944,FXX,0,0.0,0,0,0.0,0,0,0,0.0,0.625,1,P11_CV0,2,2,0,1,1,0,2,0,2
86,-523433.7551,-586632.5003,Age0_F86_m90f90_P86_Y7_UO4285,I90_F57_m12f12_P52_Y2_UO674,I90_F6_m12f12_P86_Y5_UO771,MXY,0,0.0,0,0,0.0,0,0,0,0.0,0.40625,1,P11_CV0,2,1,1,0,2,0,2,0,2
86,-523433.7551,-586632.5003,Age0_F86_m90f90_P86_Y7_UO4287,I90_F86_m90f90_P86_Y2_UO4204,ID90_F86_m37f37_P13_Y2_UO1735,FXX,0,0.0,0,0,0.0,0,0,0,0.0,0.3125,1,P11_CV0,2,1,1,1,1,0,2,0,2
86,-523433.7551,-586632.5003,E86_F12_m46f46_P52_Y6_UO2286,I46_F19_m12f12_P52_Y4_UO750,I46_F52_m7f7_P38_Y0_UO469,MXY,1,0.0,1,1,0.0,0,0,0,-9999.0,0.625,1,P11_CV0,2,2,0,1,1,0,2,0,2
86,-523433.7551,-586632.5003,E86_F12_m46f46_P52_Y6_UO2349,ID46_F52_m-1f-1_P12_Y-1_U80,I46_F52_m46f46_P52_Y3_UO2243,MXY,1,0.0,1,1,0.0,0,0,0,-9999.0,0.125,1,P11_CV0,2,0,2,0,2,0,2,0,2
86,-523433.7551,-586632.5003,E86_F12_m46f46_P52_Y6_UO2352,I46_F93_m-1f-1_P46_Y-1_U158,ID46_F52_m12f12_P52_Y1_UO681,FXX,1,0.0,1,1,1.0,0,0,0,-9999.0,0.375,1,P11_CV0,2,0,2,1,1,0,2,0,2
86,-523433.7551,-586632.5003,E86_F12_m90f90_P86_Y6_UO4245,I90_F6_m12f12_P52_Y4_UO761,I90_F86_m46f46_P52_Y4_UO2220,FXX,1,0.0,1,1,1.0,0,0,0,-9999.0,0.40625,1,P11_CV0,2,0,2,1,1,0,2,0,2
86,-523433.7551,-586632.5003,E86_F23_m46f46_P86_Y6_UO2363,I46_F13_m-1f-1_P31_Y-1_U5,ID46_F52_m-1f-1_P12_Y-1_U166,FXX,1,0.0,1,1,1.0,0,0,0,-9999.0,0.75,1,P11_CV0,2,1,1,1,1,0,2,0,2
86,-523433.7551,-586632.5003,E86_F23_m90f90_P27_Y6_UO4221,ID90_F86_m90f90_P35_Y4_UO4157,I90_F57_m50f50_P57_Y4_UO2403,FXX,1,0.0,1,1,1.0,0,0,0,-9999.0,0.34375,1,P11_CV0,2,1,1,0,2,0,2,0,2
86,-523433.7551,-586632.5003,E86_F30_m46f46_P13_Y6_UO2308,I46_F13_m12f12_P52_Y2_UO694,I46_F52_m46f46_P52_Y4_UO2273,MXY,1,0.0,1,1,0.0,0,0,0,-9999.0,0.4375,1,P11_CV0,2,0,2,1,1,0,2,0,2
86,-523433.7551,-586632.5003,E86_F45_m45f45_P57_Y6_UO2226,I45_F57_m12f12_P52_Y2_UO681,I45_F6_m12f12_P52_Y2_UO677,FXX,1,0.0,1,1,1.0,0,0,0,-9999.0,0.625,1,P11_CV0,2,2,0,0,2,0,2,0,2
86,-523433.7551,-586632.5003,E86_F46_m46f46_P52_Y6_UO2327,I46_F13_m12f12_P52_Y1_UO624,ID46_F52_m-1f-1_P46_Y-1_U103,FXX,1,0.0,1,1,1.0,0,0,0,-9999.0,0.375,1,P11_CV0,2,1,1,0,2,0,2,0,2
86,-523433.7551,-586632.5003,E86_F90_m92f92_P6_Y6_UO4383,ID92_F57_m90f90_P86_Y3_UO4201,ID92_F57_m50f50_P99_Y2_UO2382,FXX,1,0.0,1,1,1.0,0,0,0,-9999.0,0.4375,1,P11_CV0,2,1,1,1,1,0,2,0,2
86,-523433.7551,-586632.5003,E86_F90_m12f12_P52_Y6_UO746,I12_F86_m12f12_P52_Y1_UO678,I12_F52_m-1f-1_P46_Y-1_U118,MXY,1,0.0,1,1,0.0,0,0,0,-9999.0,0.75,1,P11_CV0,2,2,0,0,2,0,2,0,2
86,-523433.7551,-586632.5003,E86_F90_m12f12_P52_Y6_UO754,I12_F52_m12f12_P52_Y0_UO787,I12_F52_m92f92_P57_Y2_UO4330,MXY,1,0.0,1,1,0.0,0,0,0,-9999.0,0.5,1,P11_CV0,2,1,1,1,1,0,2,0,2
86,-523433.7551,-586632.5003,E86_F90_m12f12_P52_Y6_UO756,I12_F52_m12f12_P52_Y0_UO777,I12_F86_m-1f-1_P12_Y-1_U130,MXY,1,0.0,1,1,0.0,0,0,0,-9999.0,0.625,1,P11_CV0,2,0,2,2,0,0,2,0,2
86,-523433.7551,-586632.5003,E86_F90_m46f46_P52_Y6_UO2272,I46_F52_m30f30_P93_Y4_UO1401,I46_F86_m-1f-1_P30_Y-1_U71,MXY,1,0.0,1,1,0.0,0,0,0,-9999.0,0.9375,1,P11_CV0,2,2,0,2,0,0,2,0,2
86,-523433.7551,-586632.5003,E86_F90_m12f12_P86_Y6_UO718,I12_F52_m30f30_P86_Y3_UO1384,I12_F52_m90f90_P52_Y2_UO4192,MXY,1,0.0,1,1,0.0,0,0,0,-9999.0,0.625,1,P11_CV0,2,1,1,0,2,0,2,0,2
86,-523433.7551,-586632.5003,E86_F90_m12f12_P86_Y6_UO729,I12_F52_m46f46_P52_Y3_UO2277,I12_F35_m-1f-1_P45_Y-1_U244,FXX,1,0.0,1,1,1.0,0,0,0,-9999.0,0.625,1,P11_CV0,2,2,0,0,2,0,2,0,2
86,-523433.7551,-586632.5003,E86_F90_m23f23_P86_Y6_UO1156,ID23_F57_m46f46_P52_Y4_UO2250,I23_F86_m90f90_P27_Y4_UO4262,MXY,1,0.0,1,1,0.0,0,0,0,-9999.0,0.46875,1,P11_CV0,2,1,1,0,2,0,2,0,2
86,-523433.7551,-586632.5003,E86_F90_m46f46_P86_Y6_UO2293,I46_F52_m12f12_P52_Y4_UO723,ID46_F52_m12f12_P52_Y3_UO681,MXY,1,0.0,1,1,0.0,0,0,0,-9999.0,0.3125,1,P11_CV0,2,1,1,2,0,0,2,0,2
86,-523433.7551,-586632.5003,E86_F12_m46f46_P52_Y5_UO2282,I46_F52_m30f30_P52_Y0_UO1438,ID46_F86_m-1f-1_P12_Y-1_U139,FXX,2,0.0,1,0,1.0,0,0,0,-9999.0,0.375,1,P11_CV0,2,0,2,1,1,0,2,0,2
86,-523433.7551,-586632.5003,E86_F12_m12f12_P52_Y5_UO706,I12_F52_m46f46_P52_Y3_UO2277,I12_F86_m-1f-1_P12_Y-1_U175,FXX,2,0.0,1,0,1.0,0,0,0,-9999.0,0.875,1,P11_CV0,2,2,0,1,1,0,2,0,2
86,-523433.7551,-586632.5003,E86_F12_m46f46_P52_Y5_UO2276,I46_F52_m12f12_P52_Y1_UO644,I46_F52_m12f12_P52_Y2_UO668,MXY,2,0.0,1,0,0.0,0,0,0,-9999.0,0.375,1,P11_CV0,2,1,1,2,0,0,2,0,2
86,-523433.7551,-586632.5003,E86_F45_m12f12_P52_Y5_UO704,I12_F52_m12f12_P52_Y3_UO736,I12_F52_m-1f-1_P12_Y-1_U101,FXX,2,0.0,1,0,1.0,0,0,0,-9999.0,0.5,1,P11_CV0,2,0,2,1,1,0,2,0,2
86,-523433.7551,-586632.5003,E86_F45_m12f12_P86_Y5_UO767,I12_F86_m-1f-1_P12_Y-1_U94,ID12_F52_m90f90_P86_Y3_UO4147,MXY,2,0.0,1,0,0.0,0,0,0,-9999.0,0.75,1,P11_CV0,2,1,1,0,2,0,2,0,2
86,-523433.7551,-586632.5003,E86_F90_m90f90_P86_Y5_UO4241,ID90_F35_m12f12_P52_Y1_UO637,I90_F52_m90f90_P27_Y3_UO4178,MXY,2,0.0,1,0,0.0,0,0,0,-9999.0,0.25,1,P11_CV0,2,1,1,1,1,0,2,0,2
86,-523433.7551,-586632.5003,E86_F90_m90f90_P27_Y5_UO4249,I90_F6_m12f12_P52_Y0_UO695,I90_F52_m90f90_P27_Y3_UO4178,FXX,2,0.0,1,0,1.0,0,0,0,-9999.0,0.25,1,P11_CV0,2,0,2,1,1,0,2,0,2
86,-523433.7551,-586632.5003,E86_F90_m12f12_P52_Y5_UO778,ID12_F86_m-1f-1_P45_Y-1_U191,I12_F52_m12f12_P52_Y2_UO721,FXX,2,0.0,1,0,1.0,0,0,0,-9999.0,0.75,1,P11_CV0,2,2,0,2,0,0,2,0,2
86,-523433.7551,-586632.5003,E86_F90_m12f12_P86_Y5_UO771,ID12_F52_m-1f-1_P12_Y-1_U216,I12_F86_m12f12_P86_Y3_UO696,MXY,2,0.0,1,0,0.0,0,0,0,-9999.0,0.6875,1,P11_CV0,2,1,1,1,1,0,2,0,2
86,-523433.7551,-586632.5003,E86_F90_m12f12_P86_Y5_UO702,ID12_F52_m78f78_P13_Y3_UO3500,I12_F52_m12f12_P52_Y3_UO681,MXY,2,0.0,1,0,0.0,0,0,0,-9999.0,0.5,1,P11_CV0,2,1,1,1,1,0,2,0,2
86,-523433.7551,-586632.5003,E86_F12_m46f46_P52_Y4_UO2203,ID46_F52_m78f78_P13_Y2_UO3500,ID46_F52_m12f12_P52_Y2_UO731,FXX,3,0.0,1,0,1.0,0,0,0,-9999.0,0.375,1,P11_CV0,2,0,2,2,0,0,2,0,2
86,-523433.7551,-586632.5003,E86_F12_m12f12_P86_Y4_UO691,I12_F13_m12f12_P52_Y1_UO618,ID12_F52_m12f12_P52_Y0_UO770,FXX,3,0.0,1,0,1.0,0,0,0,-9999.0,0.5,1,P11_CV0,2,1,1,0,2,0,2,0,2
86,-523433.7551,-586632.5003,E86_F23_m90f90_P27_Y4_UO4262,I90_F86_m-1f-1_P46_Y-1_U203,I90_F86_m12f12_P52_Y2_UO736,MXY,3,0.0,1,0,0.0,0,0,0,-9999.0,0.4375,1,P11_CV0,2,1,1,1,1,0,2,0,2
86,-523433.7551,-586632.5003,E86_F46_m12f12_P52_Y4_UO723,I12_F52_m-1f-1_P90_Y-1_U88,I12_F52_m12f12_P52_Y0_UO774,FXX,3,0.0,1,0,1.0,0,0,0,-9999.0,0.125,1,P11_CV0,2,1,1,2,0,0,2,0,2
86,-523433.7551,-586632.5003,E86_F46_m12f12_P52_Y4_UO735,I12_F35_m-1f-1_P12_Y-1_U249,I12_F52_m46f46_P52_Y1_UO2134,MXY,3,0.0,1,0,0.0,0,0,0,-9999.0,0.875,1,P11_CV0,2,2,0,1,1,0,2,0,2
86,-523433.7551,-586632.5003,E86_F90_m90f90_P35_Y4_UO4157,I90_F86_m46f46_P86_Y2_UO2259,I90_F52_m12f12_P86_Y2_UO691,FXX,3,0.0,1,0,1.0,0,0,0,-9999.0,0.4375,1,P11_CV0,2,2,0,0,2,0,2,0,2
86,-523433.7551,-586632.5003,E86_F23_m46f46_P52_Y3_UO2223,ID46_F93_m12f12_P93_Y1_UO684,I46_F52_m12f12_P52_Y0_UO743,MXY,4,0.0,1,0,0.0,0,0,0,-9999.0,0.5,1,P11_CV0,2,1,1,1,1,0,2,0,2
86,-523433.7551,-586632.5003,E86_F90_m23f23_P86_Y3_UO1163,I23_F35_m12f12_P35_Y0_UO697,I23_F6_m-1f-1_P23_Y-1_U151,FXX,4,0.0,1,0,1.0,0,0,0,-9999.0,0.375,1,P11_CV0,2,0,2,2,0,0,2,0,2
86,-523433.7551,-586632.5003,E86_F12_m46f46_P52_Y2_UO2233,ID46_F52_m23f23_P86_Y0_UO1244,ID46_F52_m12f12_P52_Y0_UO744,FXX,5,0.0,1,0,1.0,0,0,0,-9999.0,0.75,1,P11_CV0,2,2,0,2,0,0,2,0,2
86,-523433.7551,-586632.5003,E86_F12_m90f90_P52_Y2_UO4192,I90_F86_m12f12_P52_Y0_UO757,I90_F6_m12f12_P52_Y0_UO736,MXY,5,0.0,1,0,0.0,0,0,0,-9999.0,0.625,1,P11_CV0,2,1,1,0,2,0,2,0,2
86,-523433.7551,-586632.5003,E86_F12_m12f12_P52_Y2_UO721,I12_F52_m-1f-1_P12_Y-1_U162,I12_F52_m-1f-1_P12_Y-1_U130,MXY,5,0.0,1,0,0.0,0,0,0,-9999.0,0.5,1,P11_CV0,2,1,1,1,1,0,2,0,2
86,-523433.7551,-586632.5003,E86_F90_m12f12_P52_Y2_UO728,I12_F52_m-1f-1_P12_Y-1_U77,ID12_F86_m-1f-1_P23_Y-1_U47,FXX,5,0.0,1,0,1.0,0,0,0,-9999.0,0.5,1,P11_CV0,2,1,1,1,1,0,2,0,2
86,-523433.7551,-586632.5003,E86_F90_m90f90_P86_Y2_UO4204,I90_F57_m12f12_P86_Y0_UO768,I90_F57_m40f40_P6_Y0_UO1955,FXX,5,0.0,1,0,1.0,0,0,0,-9999.0,0.375,1,P11_CV0,2,1,1,1,1,0,2,0,2
86,-523433.7551,-586632.5003,E86_F12_m12f12_P52_Y1_UO690,ID12_F52_m-1f-1_P12_Y-1_U89,I12_F52_m-1f-1_P12_Y-1_U197,FXX,6,0.0,1,0,1.0,0,0,0,-9999.0,0.25,1,P11_CV0,2,1,1,2,0,0,2,0,2
86,-523433.7551,-586632.5003,E86_F12_m12f12_P52_Y0_UO689,R12_F12_m-1f-1_P12_Y-1_U7,R12_F12_m-1f-1_P12_Y-1_U239,MXY,7,0.0,1,0,0.0,0,0,0,-9999.0,0.5,1,P11_CV0,2,2,0,1,1,0,2,0,2
86,-523433.7551,-586632.5003,E86_F12_m-1f-1_P12_Y-1_U97,-9999,-9999,MXY,8,0.0,1,0,0.0,0,0,0,-9999.0,0.5,1,P11_CV0,2,1,1,1,1,0,2,0,2
86,-523433.7551,-586632.5003,E86_F12_m-1f-1_P12_Y-1_U166,-9999,-9999,MXY,9,0.0,1,0,0.0,0,0,0,-9999.0,1.0,1,P11_CV0,2,2,0,1,1,0,2,0,2
86,-523433.7551,-586632.5003,E86_F12_m-1f-1_P12_Y-1_U55,-9999,-9999,MXY,9,0.0,1,0,0.0,0,0,0,-9999.0,1.0,1,P11_CV0,2,2,0,0,2,0,2,0,2
86,-523433.7551,-586632.5003,E86_F12_m-1f-1_P12_Y-1_U156,-9999,-9999,FXX,10,0.0,1,0,1.0,0,0,0,-9999.0,0.0,1,P11_CV0,2,0,2,2,0,0,2,0,2
86,-523433.7551,-586632.5003,E86_F12_m-1f-1_P12_Y-1_U101,-9999,-9999,MXY,10,0.0,1,0,0.0,0,0,0,-9999.0,0.5,1,P11_CV0,2,1,1,2,0,0,2,0,2
86,-523433.7551,-586632.5003,E86_F12_m-1f-1_P12_Y-1_U94,-9999,-9999,FXX,11,0.0,1,0,1.0,0,0,0,-9999.0,1.0,1,P11_CV0,2,2,0,1,1,0,2,0,2
86,-523433.7551,-586632.5003,E86_F12_m-1f-1_P12_Y-1_U72,-9999,-9999,MXY,11,0.0,1,0,0.0,0,0,0,-9999.0,0.0,1,P11_CV0,2,0,2,0,2,0,2,0,2
86,-523433.7551,-586632.5003,E86_F12_m-1f-1_P12_Y-1_U177,-9999,-9999,FXX,12,0.0,1,0,1.0,0,0,0,-9999.0,0.5,1,P11_CV0,2,1,1,1,1,0,2,0,2
86,-523433.7551,-586632.5003,E86_F12_m-1f-1_P12_Y-1_U39,-9999,-9999,MXY,13,0.0,1,0,0.0,0,0,0,-9999.0,0.5,1,P11_CV0,2,1,1,1,1,0,2,0,2
86,-523433.7551,-586632.5003,E86_F46_m-1f-1_P12_Y-1_U22,-9999,-9999,FXX,15,0.0,1,0,1.0,0,0,0,-9999.0,0.5,1,P11_CV0,2,1,1,1,1,0,2,0,2
86,-523433.7551,-586632.5003,E86_F90_m-1f-1_P12_Y-1_U170,-9999,-9999,FXX,15,0.0,1,0,1.0,0,0,0,-9999.0,0.0,1,P11_CV0,2,0,2,2,0,0,2,0,2
86,-523433.7551,-586632.5003,Age0_F86_m12f12_P86_Y7_UO733,I12_F86_m45f45_P86_Y3_UO2148,I12_F86_m-1f-1_P23_Y-1_U121,MXY,0,0.0,0,0,0.0,0,0,0,0.0,0.375,1,P22_CV0,2,1,1,1,1,0,2,0,2
86,-523433.7551,-586632.5003,Age0_F86_m12f12_P86_Y7_UO739,I12_F35_m23f23_P57_Y2_UO1170,ID12_F52_m90f90_P86_Y5_UO4272,FXX,0,0.0,0,0,0.0,0,0,0,0.0,0.625,1,P22_CV0,2,2,0,1,1,0,2,0,2
86,-523433.7551,-586632.5003,Age0_F86_m12f12_P86_Y7_UO745,I12_F52_m23f23_P57_Y1_UO1089,ID12_F6_m46f46_P52_Y5_UO2258,FXX,0,0.0,0,0,0.0,0,0,0,0.0,0.625,1,P22_CV0,2,2,0,1,1,0,2,0,2
86,-523433.7551,-586632.5003,Age0_F86_m12f12_P86_Y7_UO752,I12_F52_m23f23_P86_Y1_UO1151,ID12_F6_m46f46_P52_Y5_UO2258,FXX,0,0.0,0,0,0.0,0,0,0,0.0,0.375,1,P22_CV0,2,1,1,1,1,0,2,0,2
86,-523433.7551,-586632.5003,Age0_F86_m23f23_P86_Y7_UO1119,I23_F27_m92f92_P99_Y5_UO4337,I23_F27_m42f42_P57_Y2_UO1993,FXX,0,0.0,0,0,0.0,0,0,0,0.0,0.5625,1,P22_CV0,2,1,1,1,1,0,2,0,2
86,-523433.7551,-586632.5003,Age0_F86_m23f23_P86_Y7_UO1151,I23_F86_m92f92_P57_Y4_UO4352,I23_F35_m-1f-1_P23_Y-1_U58,FXX,0,0.0,0,0,0.0,0,0,0,0.0,0.125,1,P22_CV0,2,0,2,0,2,0,2,0,2
86,-523433.7551,-586632.5003,Age0_F86_m23f23_P86_Y7_UO1173,I23_F57_m23f23_P57_Y3_UO1177,I23_F86_m90f90_P35_Y4_UO4179,FXX,0,0.0,0,0,0.0,0,0,0,0.0,0.5625,1,P22_CV0,2,1,1,2,0,0,2,0,2
86,-523433.7551,-586632.5003,Age0_F86_m23f23_P86_Y7_UO1175,I23_F27_m23f23_P86_Y3_UO1233,I23_F27_m42f42_P27_Y5_UO1968,MXY,0,0.0,0,0,0.0,0,0,0,0.0,0.75,1,P22_CV0,2,2,0,0,2,0,2,0,2
86,-523433.7551,-586632.5003,Age0_F86_m45f45_P86_Y7_UO2221,I45_F86_m90f90_P86_Y3_UO4227,I45_F6_m31f31_P68_Y2_UO1485,FXX,0,0.0,0,0,0.0,0,0,0,0.0,0.3125,1,P22_CV0,2,1,1,2,0,0,2,0,2
86,-523433.7551,-586632.5003,Age0_F86_m90f90_P86_Y7_UO4203,I90_F86_m90f90_P86_Y5_UO4206,I90_F35_m42f42_P6_Y1_UO1849,MXY,0,0.0,0,0,0.0,0,0,0,0.0,0.34375,1,P22_CV0,2,0,2,1,1,0,2,0,2
86,-523433.7551,-586632.5003,Age0_F86_m90f90_P86_Y7_UO4233,I90_F86_m92f92_P57_Y5_UO4347,I90_F86_m90f90_P6_Y1_UO4060,MXY,0,0.0,0,0,0.0,0,0,0,0.0,0.40625,1,P22_CV0,2,1,1,0,2,0,2,0,2
86,-523433.7551,-586632.5003,Age0_F86_m90f90_P86_Y7_UO4246,I90_F57_m90f90_P86_Y4_UO4256,I90_F86_m23f23_P35_Y1_UO1099,MXY,0,0.0,0,0,0.0,0,0,0,0.0,0.5,1,P22_CV0,2,1,1,2,0,0,2,0,2
86,-523433.7551,-586632.5003,Age0_F86_m90f90_P86_Y7_UO4274,I90_F86_m23f23_P57_Y3_UO1159,I90_F6_m45f45_P86_Y4_UO2194,MXY,0,0.0,0,0,0.0,0,0,0,0.0,0.375,1,P22_CV0,2,1,1,1,1,0,2,0,2
86,-523433.7551,-586632.5003,Age0_F86_m90f90_P86_Y7_UO4283,I90_F35_m23f23_P27_Y2_UO1184,ID90_F52_m23f23_P86_Y5_UO1208,MXY,0,0.0,0,0,0.0,0,0,0,0.0,0.5625,1,P22_CV0,2,1,1,2,0,0,2,0,2
86,-523433.7551,-586632.5003,Age0_F86_m90f90_P86_Y7_UO4308,I90_F57_m-1f-1_P23_Y-1_U97,I90_F52_m40f40_P6_Y4_UO1896,MXY,0,0.0,0,0,0.0,0,0,0,0.0,0.3125,1,P22_CV0,2,0,2,1,1,0,2,0,2
86,-523433.7551,-586632.5003,Age0_F86_m90f90_P86_Y7_UO4310,I90_F86_m-1f-1_P23_Y-1_U229,I90_F52_m40f40_P57_Y5_UO1942,FXX,0,0.0,0,0,0.0,0,0,0,0.0,0.75,1,P22_CV0,2,1,1,1,1,0,2,0,2
86,-523433.7551,-586632.5003,Age0_F86_m90f90_P86_Y7_UO4313,I90_F86_m-1f-1_P90_Y-1_U51,ID90_F57_m23f23_P6_Y3_UO1222,MXY,0,0.0,0,0,0.0,0,0,0,0.0,0.25,1,P22_CV0,2,1,1,1,1,0,2,0,2
86,-523433.7551,-586632.5003,E86_F23_m40f40_P6_Y6_UO1962,ID40_F49_m11f11_P2_Y0_UO650,I40_F8_m90f90_P86_Y3_UO4145,FXX,1,0.0,1,1,1.0,0,0,0,-9999.0,0.625,1,P22_CV0,2,2,0,2,0,0,2,0,2
86,-523433.7551,-586632.5003,E86_F23_m90f90_P6_Y6_UO4222,I90_F35_m23f23_P27_Y4_UO1217,ID90_F6_m-1f-1_P90_Y-1_U181,MXY,1,0.0,1,1,0.0,0,0,0,-9999.0,0.28125,1,P22_CV0,2,1,1,1,1,0,2,0,2
86,-523433.7551,-586632.5003,E86_F23_m23f23_P57_Y6_UO1177,I23_F35_m45f45_P57_Y3_UO2141,I23_F35_m23f23_P27_Y2_UO1174,FXX,1,0.0,1,1,1.0,0,0,0,-9999.0,0.25,1,P22_CV0,2,1,1,1,1,0,2,0,2
86,-523433.7551,-586632.5003,E86_F23_m12f12_P52_Y6_UO751,I12_F52_m23f23_P86_Y1_UO1151,I12_F52_m-1f-1_P23_Y-1_U121,FXX,1,0.0,1,1,1.0,0,0,0,-9999.0,0.125,1,P22_CV0,2,0,2,1,1,0,2,0,2
86,-523433.7551,-586632.5003,E86_F45_m92f92_P6_Y6_UO4426,I92_F6_m23f23_P6_Y1_UO1143,I92_F57_m42f42_P99_Y4_UO1966,FXX,1,0.0,1,1,1.0,0,0,0,-9999.0,0.5625,1,P22_CV0,2,0,2,1,1,0,2,0,2
86,-523433.7551,-586632.5003,E86_F45_m90f90_P57_Y6_UO4331,I90_F52_m-1f-1_P23_Y-1_U51,I90_F57_m23f23_P27_Y4_UO1212,FXX,1,0.0,1,1,1.0,0,0,0,-9999.0,0.5,1,P22_CV0,2,1,1,1,1,0,2,0,2
86,-523433.7551,-586632.5003,E86_F45_m12f12_P86_Y6_UO691,I12_F52_m7f7_P52_Y4_UO448,I12_F52_m-1f-1_P23_Y-1_U121,FXX,1,0.0,1,1,1.0,0,0,0,-9999.0,0.3125,1,P22_CV0,2,1,1,0,2,0,2,0,2
86,-523433.7551,-586632.5003,E86_F46_m23f23_P52_Y6_UO1244,ID23_F27_m-1f-1_P23_Y-1_U54,I23_F27_m-1f-1_P23_Y-1_U146,MXY,1,0.0,1,1,0.0,0,0,0,-9999.0,0.25,1,P22_CV0,2,0,2,1,1,0,2,0,2
86,-523433.7551,-586632.5003,E86_F90_m92f92_P6_Y6_UO4374,I92_F6_m42f42_P99_Y4_UO1976,I92_F99_m42f42_P99_Y3_UO1957,MXY,1,0.0,1,1,0.0,0,0,0,-9999.0,0.375,1,P22_CV0,2,1,1,1,1,0,2,0,2
86,-523433.7551,-586632.5003,E86_F90_m92f92_P6_Y6_UO4400,I92_F6_m23f23_P76_Y3_UO1125,I92_F27_m92f92_P57_Y3_UO4267,MXY,1,0.0,1,1,0.0,0,0,0,-9999.0,0.3125,1,P22_CV0,2,0,2,1,1,0,2,0,2
86,-523433.7551,-586632.5003,E86_F90_m12f12_P86_Y6_UO732,I12_F86_m46f46_P52_Y2_UO2225,I12_F86_m46f46_P52_Y0_UO2336,FXX,1,0.0,1,1,1.0,0,0,0,-9999.0,0.5625,1,P22_CV0,2,2,0,0,2,0,2,0,2
86,-523433.7551,-586632.5003,E86_F12_m12f12_P52_Y5_UO731,I12_F86_m23f23_P57_Y1_UO1089,I12_F52_m90f90_P52_Y2_UO4192,MXY,2,0.0,1,0,0.0,0,0,0,-9999.0,0.6875,1,P22_CV0,2,2,0,0,2,0,2,0,2
86,-523433.7551,-586632.5003,E86_F12_m23f23_P86_Y5_UO1197,I23_F57_m45f45_P86_Y1_UO2020,I23_F6_m-1f-1_P23_Y-1_U129,MXY,2,0.0,1,0,0.0,0,0,0,-9999.0,0.75,1,P22_CV0,2,2,0,1,1,0,2,0,2
86,-523433.7551,-586632.5003,E86_F12_m90f90_P6_Y5_UO4254,I90_F35_m23f23_P6_Y0_UO1265,I90_F35_m23f23_P86_Y2_UO1179,MXY,2,0.0,1,0,0.0,0,0,0,-9999.0,0.25,1,P22_CV0,2,0,2,1,1,0,2,0,2
86,-523433.7551,-586632.5003,E86_F12_m12f12_P86_Y5_UO770,I12_F86_m-1f-1_P12_Y-1_U77,ID12_F52_m90f90_P52_Y3_UO4195,FXX,2,0.0,1,0,1.0,0,0,0,-9999.0,0.375,1,P22_CV0,2,1,1,1,1,0,2,0,2
86,-523433.7551,-586632.5003,E86_F23_m40f40_P6_Y5_UO1945,I40_F57_m-1f-1_P23_Y-1_U55,I40_F6_m-1f-1_P58_Y-1_U133,MXY,2,0.0,1,0,0.0,0,0,0,-9999.0,0.25,1,P22_CV0,2,0,2,0,2,0,2,0,2
86,-523433.7551,-586632.5003,E86_F23_m90f90_P27_Y5_UO4218,I90_F52_m45f45_P27_Y2_UO2194,ID90_F6_m42f42_P57_Y3_UO2023,MXY,2,0.0,1,0,0.0,0,0,0,-9999.0,0.6875,1,P22_CV0,2,1,1,1,1,0,2,0,2
86,-523433.7551,-586632.5003,E86_F45_m90f90_P86_Y5_UO4220,I90_F86_m45f45_P57_Y2_UO2160,ID90_F35_m90f90_P6_Y1_UO4060,FXX,2,0.0,1,0,1.0,0,0,0,-9999.0,0.375,1,P22_CV0,2,0,2,0,2,0,2,0,2
86,-523433.7551,-586632.5003,E86_F45_m23f23_P6_Y5_UO1207,I23_F27_m90f90_P86_Y0_UO4527,I23_F99_m23f23_P6_Y0_UO1221,MXY,2,0.0,1,0,0.0,0,0,0,-9999.0,0.25,1,P22_CV0,2,1,1,2,0,0,2,0,2
86,-523433.7551,-586632.5003,E86_F46_m12f12_P52_Y5_UO765,I12_F52_m-1f-1_P23_Y-1_U72,I12_F52_m39f39_P19_Y0_UO1891,MXY,2,0.0,1,0,0.0,0,0,0,-9999.0,0.0,1,P22_CV0,2,0,2,1,1,0,2,0,2
86,-523433.7551,-586632.5003,E86_F90_m90f90_P86_Y5_UO4206,I90_F86_m90f90_P86_Y3_UO4151,I90_F57_m-1f-1_P23_Y-1_U45,FXX,2,0.0,1,0,1.0,0,0,0,-9999.0,0.4375,1,P22_CV0,2,1,1,1,1,0,2,0,2
86,-523433.7551,-586632.5003,E86_F90_m92f92_P57_Y5_UO4350,I92_F6_m23f23_P57_Y2_UO1226,I92_F6_m40f40_P57_Y2_UO1911,MXY,2,0.0,1,0,0.0,0,0,0,-9999.0,0.5,1,P22_CV0,2,1,1,0,2,0,2,0,2
86,-523433.7551,-586632.5003,E86_F90_m92f92_P57_Y5_UO4314,I92_F6_m40f40_P57_Y3_UO1880,I92_F57_m23f23_P86_Y0_UO1263,FXX,2,0.0,1,0,1.0,0,0,0,-9999.0,0.5625,1,P22_CV0,2,0,2,1,1,0,2,0,2
86,-523433.7551,-586632.5003,E86_F90_m92f92_P57_Y5_UO4347,I92_F99_m92f92_P6_Y2_UO4282,I92_F6_m23f23_P99_Y3_UO1235,FXX,2,0.0,1,0,1.0,0,0,0,-9999.0,0.5625,1,P22_CV0,2,1,1,0,2,0,2,0,2
86,-523433.7551,-586632.5003,E86_F23_m23f23_P86_Y4_UO1173,I23_F86_m12f12_P52_Y1_UO665,I23_F86_m90f90_P86_Y2_UO4170,MXY,3,0.0,1,0,0.0,0,0,0,-9999.0,0.625,1,P22_CV0,2,2,0,2,0,0,2,0,2
86,-523433.7551,-586632.5003,E86_F23_m90f90_P35_Y4_UO4179,ID90_F86_m23f23_P35_Y2_UO1206,I90_F86_m12f12_P52_Y1_UO679,MXY,3,0.0,1,0,0.0,0,0,0,-9999.0,0.5,1,P22_CV0,2,1,1,1,1,0,2,0,2
86,-523433.7551,-586632.5003,E86_F45_m90f90_P86_Y4_UO4175,I90_F86_m23f23_P27_Y2_UO1184,I90_F6_m-1f-1_P90_Y-1_U41,MXY,3,0.0,1,0,0.0,0,0,0,-9999.0,0.375,1,P22_CV0,2,1,1,1,1,0,2,0,2
86,-523433.7551,-586632.5003,E86_F45_m42f42_P86_Y4_UO1964,I42_F99_m23f23_P86_Y1_UO1102,ID42_F98_m5f5_P81_Y2_UO330,MXY,3,0.0,1,0,0.0,0,0,0,-9999.0,0.5,1,P22_CV0,2,0,2,1,1,0,2,0,2
86,-523433.7551,-586632.5003,E86_F46_m90f90_P52_Y4_UO4209,I90_F86_m23f23_P27_Y1_UO1132,I90_F86_m-1f-1_P90_Y-1_U71,FXX,3,0.0,1,0,1.0,0,0,0,-9999.0,0.125,1,P22_CV0,2,0,2,1,1,0,2,0,2
86,-523433.7551,-586632.5003,E86_F90_m45f45_P86_Y4_UO2194,ID45_F52_m-1f-1_P23_Y-1_U53,I45_F86_m45f45_P57_Y1_UO1989,MXY,3,0.0,1,0,0.0,0,0,0,-9999.0,0.375,1,P22_CV0,2,0,2,0,2,0,2,0,2
86,-523433.7551,-586632.5003,E86_F90_m92f92_P57_Y4_UO4316,I92_F57_m23f23_P57_Y1_UO1150,I92_F57_m-1f-1_P50_Y-1_U134,MXY,3,0.0,1,0,0.0,0,0,0,-9999.0,0.625,1,P22_CV0,2,2,0,1,1,0,2,0,2
86,-523433.7551,-586632.5003,E86_F90_m23f23_P6_Y4_UO1178,I23_F86_m23f23_P27_Y1_UO1133,I23_F86_m50f50_P57_Y2_UO2456,MXY,3,0.0,1,0,0.0,0,0,0,-9999.0,0.25,1,P22_CV0,2,0,2,2,0,0,2,0,2
86,-523433.7551,-586632.5003,E86_F23_m23f23_P86_Y3_UO1233,I23_F86_m-1f-1_P23_Y-1_U178,I23_F86_m-1f-1_P23_Y-1_U149,FXX,4,0.0,1,0,1.0,0,0,0,-9999.0,0.75,1,P22_CV0,2,1,1,1,1,0,2,0,2
86,-523433.7551,-586632.5003,E86_F45_m40f40_P57_Y3_UO1891,I40_F6_m92f92_P6_Y1_UO4108,I40_F6_m23f23_P6_Y1_UO1123,FXX,4,0.0,1,0,1.0,0,0,0,-9999.0,0.375,1,P22_CV0,2,1,1,1,1,0,2,0,2
86,-523433.7551,-586632.5003,E86_F45_m23f23_P86_Y3_UO1218,I23_F57_m-1f-1_P23_Y-1_U166,I23_F76_m42f42_P6_Y1_UO1859,MXY,4,0.0,1,0,0.0,0,0,0,-9999.0,0.625,1,P22_CV0,2,1,1,2,0,0,2,0,2
86,-523433.7551,-586632.5003,E86_F45_m90f90_P86_Y3_UO4227,ID90_F27_m-1f-1_P23_Y-1_U39,I90_F27_m-1f-1_P90_Y-1_U221,FXX,4,0.0,1,0,1.0,0,0,0,-9999.0,0.25,1,P22_CV0,2,0,2,2,0,0,2,0,2
86,-523433.7551,-586632.5003,E86_F90_m23f23_P6_Y3_UO1222,ID23_F6_m-1f-1_P23_Y-1_U102,I23_F6_m-1f-1_P23_Y-1_U151,MXY,4,0.0,1,0,0.0,0,0,0,-9999.0,0.5,1,P22_CV0,2,1,1,1,1,0,2,0,2
86,-523433.7551,-586632.5003,E86_F12_m23f23_P57_Y2_UO1170,I23_F57_m-1f-1_P23_Y-1_U99,I23_F57_m-1f-1_P23_Y-1_U205,FXX,5,0.0,1,0,1.0,0,0,0,-9999.0,0.75,1,P22_CV0,2,1,1,1,1,0,2,0,2
86,-523433.7551,-586632.5003,E86_F46_m23f23_P27_Y2_UO1203,ID23_F6_m-1f-1_P23_Y-1_U13,I23_F6_m-1f-1_P23_Y-1_U144,FXX,5,0.0,1,0,1.0,0,0,0,-9999.0,0.25,1,P22_CV0,2,1,1,1,1,0,2,0,2
86,-523433.7551,-586632.5003,E86_F90_m23f23_P27_Y2_UO1184,I23_F27_m-1f-1_P23_Y-1_U234,I23_F57_m-1f-1_P23_Y-1_U198,FXX,5,0.0,1,0,1.0,0,0,0,-9999.0,0.75,1,P22_CV0,2,1,1,1,1,0,2,0,2
86,-523433.7551,-586632.5003,E86_F12_m23f23_P57_Y1_UO1089,I23_F27_m-1f-1_P23_Y-1_U180,I23_F35_m-1f-1_P23_Y-1_U147,FXX,6,0.0,1,0,1.0,0,0,0,-9999.0,0.75,1,P22_CV0,2,2,0,1,1,0,2,0,2
86,-523433.7551,-586632.5003,E86_F12_m90f90_P86_Y1_UO4007,I90_F35_m-1f-1_P90_Y-1_U171,ID90_F35_m-1f-1_P23_Y-1_U206,FXX,6,0.0,1,0,1.0,0,0,0,-9999.0,0.75,1,P22_CV0,2,1,1,0,2,0,2,0,2
86,-523433.7551,-586632.5003,E86_F12_m23f23_P86_Y1_UO1151,ID23_F6_m-1f-1_P90_Y-1_U77,I23_F6_m-1f-1_P23_Y-1_U29,FXX,6,0.0,1,0,1.0,0,0,0,-9999.0,0.25,1,P22_CV0,2,0,2,2,0,0,2,0,2
86,-523433.7551,-586632.5003,E86_F23_m23f23_P86_Y1_UO1077,I23_F27_m-1f-1_P23_Y-1_U135,I23_F6_m-1f-1_P23_Y-1_U205,FXX,6,0.0,1,0,1.0,0,0,0,-9999.0,0.5,1,P22_CV0,2,1,1,2,0,0,2,0,2
86,-523433.7551,-586632.5003,E86_F90_m90f90_P6_Y1_UO4060,I90_F6_m-1f-1_P90_Y-1_U34,ID90_F86_m-1f-1_P23_Y-1_U247,MXY,6,0.0,1,0,0.0,0,0,0,-9999.0,0.25,1,P22_CV0,2,0,2,0,2,0,2,0,2
86,-523433.7551,-586632.5003,E86_F23_m-1f-1_P23_Y-1_U146,-9999,-9999,MXY,8,0.0,1,0,0.0,0,0,0,-9999.0,0.5,1,P22_CV0,2,1,1,2,0,0,2,0,2
86,-523433.7551,-586632.5003,E86_F90_m-1f-1_P23_Y-1_U99,-9999,-9999,FXX,8,0.0,1,0,1.0,0,0,0,-9999.0,0.5,1,P22_CV0,2,1,1,1,1,0,2,0,2
86,-523433.7551,-586632.5003,E86_F90_m-1f-1_P23_Y-1_U107,-9999,-9999,MXY,8,0.0,1,0,0.0,0,0,0,-9999.0,0.5,1,P22_CV0,2,1,1,1,1,0,2,0,2
86,-523433.7551,-586632.5003,E86_F90_m-1f-1_P23_Y-1_U97,-9999,-9999,FXX,9,0.0,1,0,1.0,0,0,0,-9999.0,0.0,1,P22_CV0,2,0,2,2,0,0,2,0,2
86,-523433.7551,-586632.5003,E86_F90_m-1f-1_P23_Y-1_U229,-9999,-9999,FXX,10,0.0,1,0,1.0,0,0,0,-9999.0,1.0,1,P22_CV0,2,2,0,1,1,0,2,0,2
86,-523433.7551,-586632.5003,E86_F90_m-1f-1_P23_Y-1_U51,-9999,-9999,FXX,11,0.0,1,0,1.0,0,0,0,-9999.0,0.5,1,P22_CV0,2,1,1,1,1,0,2,0,2
86,-523433.7551,-586632.5003,E86_F63_m31f31_P68_Y4_UO1458,ID31_F8_m43f43_P49_Y2_UO2097,ID31_F8_m-1f-1_P25_Y-1_U4,MXY,3,0.0,1,0,0.0,0,0,0,-9999.0,0.625,1,P24_CV0,2,2,0,1,1,0,2,0,2
86,-523433.7551,-586632.5003,Age0_F86_m12f12_P86_Y7_UO743,ID12_F86_m12f12_P86_Y2_UO719,I12_F86_m46f46_P52_Y1_UO2109,FXX,0,0.0,0,0,0.0,0,0,0,0.0,0.4375,1,P29_CV0,2,0,2,0,2,0,2,0,2
86,-523433.7551,-586632.5003,Age0_F86_m23f23_P86_Y7_UO1110,I23_F57_m45f45_P6_Y5_UO2167,I23_F76_m30f30_P35_Y5_UO1371,FXX,0,0.0,0,0,0.0,0,0,0,0.0,0.5,1,P29_CV0,2,1,1,2,0,0,2,0,2
86,-523433.7551,-586632.5003,Age0_F86_m45f45_P86_Y7_UO2214,I45_F6_m45f45_P8_Y3_UO2130,I45_F6_m23f23_P57_Y4_UO1164,MXY,0,0.0,0,0,0.0,0,0,0,0.0,0.625,1,P29_CV0,2,1,1,0,2,0,2,0,2
86,-523433.7551,-586632.5003,Age0_F86_m46f46_P86_Y7_UO2300,ID46_F52_m30f30_P52_Y4_UO1370,I46_F52_m46f46_P52_Y1_UO2151,FXX,0,0.0,0,0,0.0,0,0,0,0.0,0.5625,1,P29_CV0,2,1,1,1,1,0,2,0,2
86,-523433.7551,-586632.5003,Age0_F86_m46f46_P86_Y7_UO2345,ID46_F51_m-1f-1_P39_Y-1_U153,ID46_F52_m12f12_P52_Y3_UO667,FXX,0,0.0,0,0,0.0,0,0,0,0.0,0.75,1,P29_CV0,2,1,1,2,0,0,2,0,2
86,-523433.7551,-586632.5003,Age0_F86_m90f90_P86_Y7_UO4213,I90_F57_m30f30_P52_Y5_UO1398,I90_F86_m46f46_P52_Y0_UO2404,FXX,0,0.0,0,0,0.0,0,0,0,0.0,0.4375,1,P29_CV0,2,2,0,2,0,0,2,0,2
86,-523433.7551,-586632.5003,Age0_F86_m90f90_P86_Y7_UO4218,I90_F35_m23f23_P27_Y5_UO1204,I90_F86_m23f23_P86_Y3_UO1182,MXY,0,0.0,0,0,0.0,0,0,0,0.0,0.5625,1,P29_CV0,2,0,2,2,0,0,2,0,2
86,-523433.7551,-586632.5003,Age0_F86_m90f90_P86_Y7_UO4222,ID90_F86_m37f37_P52_Y5_UO1751,I90_F52_m46f46_P52_Y5_UO2294,MXY,0,0.0,0,0,0.0,0,0,0,0.0,0.4375,1,P29_CV0,2,1,1,2,0,0,2,0,2
86,-523433.7551,-586632.5003,Age0_F86_m90f90_P86_Y7_UO4239,I90_F86_m12f12_P52_Y4_UO761,I90_F86_m90f90_P6_Y1_UO4060,FXX,0,0.0,0,0,0.0,0,0,0,0.0,0.1875,1,P29_CV0,2,0,2,0,2,0,2,0,2
86,-523433.7551,-586632.5003,Age0_F86_m90f90_P86_Y7_UO4258,I90_F35_m46f46_P52_Y3_UO2236,I90_F6_m90f90_P86_Y4_UO4226,FXX,0,0.0,0,0,0.0,0,0,0,0.0,0.375,1,P29_CV0,2,1,1,1,1,0,2,0,2
86,-523433.7551,-586632.5003,Age0_F86_m90f90_P86_Y7_UO4262,I90_F35_m90f90_P86_Y3_UO4151,ID90_F86_m30f30_P52_Y0_UO1521,MXY,0,0.0,0,0,0.0,0,0,0,0.0,0.5625,1,P29_CV0,2,1,1,1,1,0,2,0,2
86,-523433.7551,-586632.5003,E86_F12_m46f46_P52_Y6_UO2280,I46_F52_m46f46_P52_Y4_UO2274,ID46_F93_m-1f-1_P30_Y-1_U69,FXX,1,0.0,1,1,1.0,0,0,0,-9999.0,0.125,1,P29_CV0,2,0,2,1,1,0,2,0,2
86,-523433.7551,-586632.5003,E86_F12_m46f46_P52_Y6_UO2328,I46_F52_m30f30_P52_Y1_UO1278,ID46_F13_m-1f-1_P39_Y-1_U148,MXY,1,0.0,1,1,0.0,0,0,0,-9999.0,0.375,1,P29_CV0,2,2,0,1,1,0,2,0,2
86,-523433.7551,-586632.5003,E86_F30_m30f30_P13_Y6_UO1437,I30_F13_m78f78_P29_Y1_UO3365,I30_F93_m-1f-1_P30_Y-1_U207,MXY,1,0.0,1,1,0.0,0,0,0,-9999.0,0.5,1,P29_CV0,2,1,1,1,1,0,2,0,2
86,-523433.7551,-586632.5003,E86_F30_m46f46_P13_Y6_UO2309,I46_F52_m39f39_P19_Y2_UO1844,I46_F52_m12f12_P52_Y2_UO713,MXY,1,0.0,1,1,0.0,0,0,0,-9999.0,0.5625,1,P29_CV0,2,1,1,1,1,0,2,0,2
86,-523433.7551,-586632.5003,E86_F37_m37f37_P29_Y6_UO1748,ID37_F13_m12f12_P13_Y3_UO665,ID37_F74_m-1f-1_P30_Y-1_U238,FXX,1,0.0,1,1,1.0,0,0,0,-9999.0,0.875,1,P29_CV0,2,2,0,0,2,0,2,0,2
86,-523433.7551,-586632.5003,E86_F46_m37f37_P52_Y6_UO1777,I37_F38_m30f30_P74_Y2_UO1354,I37_F74_m-1f-1_P37_Y-1_U126,MXY,1,0.0,1,1,0.0,0,0,0,-9999.0,1.0,1,P29_CV0,2,2,0,0,2,0,2,0,2
86,-523433.7551,-586632.5003,E86_F90_m90f90_P86_Y6_UO4228,I90_F27_m30f30_P35_Y4_UO1394,I90_F27_m-1f-1_P90_Y-1_U104,FXX,1,0.0,1,1,1.0,0,0,0,-9999.0,0.75,1,P29_CV0,2,1,1,0,2,0,2,0,2
86,-523433.7551,-586632.5003,E86_F92_m92f92_P57_Y6_UO4396,I92_F6_m42f42_P6_Y3_UO1959,I92_F57_m23f23_P27_Y2_UO1137,MXY,1,0.0,1,1,0.0,0,0,0,-9999.0,0.625,1,P29_CV0,2,2,0,1,1,0,2,0,2
86,-523433.7551,-586632.5003,E86_F46_m37f37_P93_Y5_UO1788,I37_F29_m-1f-1_P30_Y-1_U139,I37_F38_m23f23_P52_Y2_UO1180,MXY,2,0.0,1,0,0.0,0,0,0,-9999.0,0.375,1,P29_CV0,2,1,1,1,1,0,2,0,2
86,-523433.7551,-586632.5003,E86_F90_m30f30_P52_Y5_UO1398,ID30_F52_m30f30_P52_Y1_UO1300,I30_F38_m30f30_P93_Y1_UO1306,FXX,2,0.0,1,0,1.0,0,0,0,-9999.0,0.625,1,P29_CV0,2,2,0,2,0,0,2,0,2
86,-523433.7551,-586632.5003,E86_F90_m23f23_P27_Y5_UO1204,I23_F99_m23f23_P76_Y0_UO1278,I23_F6_m30f30_P38_Y1_UO1256,FXX,2,0.0,1,0,1.0,0,0,0,-9999.0,0.5,1,P29_CV0,2,1,1,1,1,0,2,0,2
86,-523433.7551,-586632.5003,E86_F90_m46f46_P52_Y5_UO2294,ID46_F13_m-1f-1_P37_Y-1_U137,ID46_F38_m30f30_P38_Y3_UO1452,MXY,2,0.0,1,0,0.0,0,0,0,-9999.0,0.25,1,P29_CV0,2,1,1,1,1,0,2,0,2
86,-523433.7551,-586632.5003,E86_F12_m90f90_P35_Y4_UO4168,I90_F57_m30f30_P52_Y2_UO1376,I90_F35_m46f46_P86_Y2_UO2245,MXY,3,0.0,1,0,0.0,0,0,0,-9999.0,0.625,1,P29_CV0,2,1,1,1,1,0,2,0,2
86,-523433.7551,-586632.5003,E86_F46_m30f30_P52_Y4_UO1370,ID30_F74_m30f30_P74_Y1_UO1329,I30_F52_m12f12_P86_Y2_UO709,FXX,3,0.0,1,0,1.0,0,0,0,-9999.0,0.625,1,P29_CV0,2,1,1,1,1,0,2,0,2
86,-523433.7551,-586632.5003,E86_F90_m12f12_P52_Y4_UO761,I12_F52_m-1f-1_P30_Y-1_U162,I12_F52_m90f90_P52_Y2_UO4180,FXX,3,0.0,1,0,1.0,0,0,0,-9999.0,0.125,1,P29_CV0,2,0,2,0,2,0,2,0,2
86,-523433.7551,-586632.5003,E86_F90_m92f92_P57_Y4_UO4360,I92_F99_m-1f-1_P92_Y-1_U114,I92_F57_m23f23_P27_Y2_UO1137,FXX,3,0.0,1,0,1.0,0,0,0,-9999.0,0.875,1,P29_CV0,2,2,0,0,2,0,2,0,2
86,-523433.7551,-586632.5003,E86_F90_m23f23_P35_Y4_UO1155,I23_F27_m30f30_P35_Y2_UO1420,I23_F86_m-1f-1_P23_Y-1_U57,FXX,3,0.0,1,0,1.0,0,0,0,-9999.0,0.5,1,P29_CV0,2,1,1,2,0,0,2,0,2
86,-523433.7551,-586632.5003,E86_F92_m23f23_P57_Y4_UO1210,ID23_F27_m-1f-1_P90_Y-1_U24,I23_F57_m30f30_P35_Y0_UO1427,MXY,3,0.0,1,0,0.0,0,0,0,-9999.0,0.625,1,P29_CV0,2,1,1,1,1,0,2,0,2
86,-523433.7551,-586632.5003,E86_F37_m7f7_P38_Y3_UO459,I7_F38_m-1f-1_P7_Y-1_U169,I7_F38_m30f30_P74_Y1_UO1296,MXY,4,0.0,1,0,0.0,0,0,0,-9999.0,0.75,1,P29_CV0,2,2,0,1,1,0,2,0,2
86,-523433.7551,-586632.5003,E86_F46_m12f12_P52_Y3_UO667,I12_F86_m30f30_P52_Y1_UO1300,I12_F86_m-1f-1_P12_Y-1_U40,MXY,4,0.0,1,0,0.0,0,0,0,-9999.0,0.5,1,P29_CV0,2,1,1,2,0,0,2,0,2
86,-523433.7551,-586632.5003,E86_F90_m46f46_P52_Y3_UO2236,I46_F52_m39f39_P93_Y0_UO1843,I46_F93_m30f30_P52_Y0_UO1474,FXX,4,0.0,1,0,1.0,0,0,0,-9999.0,0.5,1,P29_CV0,2,2,0,1,1,0,2,0,2
86,-523433.7551,-586632.5003,E86_F12_m30f30_P35_Y2_UO1405,I30_F35_m-1f-1_P30_Y-1_U40,ID30_F38_m-1f-1_P37_Y-1_U150,FXX,5,0.0,1,0,1.0,0,0,0,-9999.0,0.75,1,P29_CV0,2,2,0,0,2,0,2,0,2
86,-523433.7551,-586632.5003,E86_F12_m12f12_P86_Y2_UO719,ID12_F52_m-1f-1_P12_Y-1_U38,ID12_F86_m30f30_P52_Y0_UO1521,FXX,5,0.0,1,0,1.0,0,0,0,-9999.0,0.625,1,P29_CV0,2,0,2,0,2,0,2,0,2
86,-523433.7551,-586632.5003,E86_F46_m30f30_P74_Y1_UO1362,I30_F13_m-1f-1_P30_Y-1_U162,I30_F52_m-1f-1_P30_Y-1_U123,FXX,6,0.0,1,0,1.0,0,0,0,-9999.0,0.25,1,P29_CV0,2,1,1,0,2,0,2,0,2
86,-523433.7551,-586632.5003,E86_F12_m30f30_P52_Y0_UO1438,R30_F30_m-1f-1_P30_Y-1_U48,R30_F30_m-1f-1_P30_Y-1_U74,FXX,7,0.0,1,0,1.0,0,0,0,-9999.0,0.25,1,P29_CV0,2,0,2,2,0,0,2,0,2
86,-523433.7551,-586632.5003,E86_F23_m-1f-1_P30_Y-1_U168,-9999,-9999,MXY,8,0.0,1,0,0.0,0,0,0,-9999.0,0.5,1,P29_CV0,2,1,1,1,1,0,2,0,2
86,-523433.7551,-586632.5003,E86_F12_m-1f-1_P30_Y-1_U230,-9999,-9999,FXX,14,0.0,1,0,1.0,0,0,0,-9999.0,0.5,1,P29_CV0,2,1,1,0,2,0,2,0,2
86,-523433.7551,-586632.5003,Age0_F86_m45f45_P86_Y7_UO2261,I45_F6_m-1f-1_P31_Y-1_U140,I45_F6_m25f25_P68_Y3_UO1236,MXY,0,0.0,0,0,0.0,0,0,0,0.0,0.8125,1,P30_CV0,2,2,0,0,2,0,2,0,2
86,-523433.7551,-586632.5003,Age0_F86_m90f90_P86_Y7_UO4298,I90_F35_m31f31_P8_Y0_UO1620,I90_F6_m90f90_P86_Y4_UO4226,MXY,0,0.0,0,0,0.0,0,0,0,0.0,0.25,1,P30_CV0,2,0,2,1,1,0,2,0,2
86,-523433.7551,-586632.5003,E86_F90_m31f31_P8_Y0_UO1620,R31_F31_m-1f-1_P31_Y-1_U207,R31_F31_m-1f-1_P31_Y-1_U129,FXX,7,0.0,1,0,1.0,0,0,0,-9999.0,0.25,1,P30_CV0,2,0,2,1,1,0,2,0,2
86,-523433.7551,-586632.5003,E86_F12_m-1f-1_P31_Y-1_U139,-9999,-9999,FXX,8,0.0,1,0,1.0,0,0,0,-9999.0,0.0,1,P30_CV0,2,0,2,2,0,0,2,0,2
86,-523433.7551,-586632.5003,E86_F45_m-1f-1_P31_Y-1_U140,-9999,-9999,FXX,15,0.0,1,0,1.0,0,0,0,-9999.0,1.0,1,P30_CV0,2,2,0,1,1,0,2,0,2
86,-523433.7551,-586632.5003,Age0_F86_m30f30_P86_Y7_UO1412,ID30_F38_m37f37_P38_Y3_UO1730,I30_F52_m-1f-1_P46_Y-1_U249,FXX,0,0.0,0,0,0.0,0,0,0,0.0,0.5625,1,P36_CV0,2,2,0,1,1,0,2,0,2
86,-523433.7551,-586632.5003,Age0_F86_m45f45_P86_Y7_UO2207,I45_F8_m23f23_P57_Y4_UO1147,I45_F86_m46f46_P52_Y2_UO2221,FXX,0,0.0,0,0,0.0,0,0,0,0.0,0.5,1,P36_CV0,2,1,1,1,1,0,2,0,2
86,-523433.7551,-586632.5003,Age0_F86_m90f90_P86_Y7_UO4264,ID90_F52_m23f23_P86_Y3_UO1137,I90_F52_m40f40_P57_Y4_UO1921,MXY,0,0.0,0,0,0.0,0,0,0,0.0,0.6875,1,P36_CV0,2,2,0,2,0,0,2,0,2
86,-523433.7551,-586632.5003,E86_F12_m46f46_P52_Y6_UO2326,I46_F86_m7f7_P35_Y1_UO442,ID46_F52_m30f30_P13_Y3_UO1358,MXY,1,0.0,1,1,0.0,0,0,0,-9999.0,0.3125,1,P36_CV0,2,1,1,0,2,0,2,0,2
86,-523433.7551,-586632.5003,E86_F12_m37f37_P93_Y6_UO1701,I37_F38_m37f37_P38_Y4_UO1772,ID37_F52_m-1f-1_P7_Y-1_U168,FXX,1,0.0,1,1,1.0,0,0,0,-9999.0,0.875,1,P36_CV0,2,1,1,0,2,0,2,0,2
86,-523433.7551,-586632.5003,E86_F30_m37f37_P13_Y6_UO1735,ID37_F29_m7f7_P74_Y3_UO471,ID37_F38_m37f37_P74_Y2_UO1662,MXY,1,0.0,1,1,0.0,0,0,0,-9999.0,0.375,1,P36_CV0,2,2,0,1,1,0,2,0,2
86,-523433.7551,-586632.5003,E86_F46_m7f7_P13_Y6_UO445,I7_F38_m88f88_P29_Y3_UO4105,ID7_F13_m-1f-1_P37_Y-1_U190,MXY,1,0.0,1,1,0.0,0,0,0,-9999.0,0.375,1,P36_CV0,2,1,1,0,2,0,2,0,2
86,-523433.7551,-586632.5003,E86_F46_m30f30_P52_Y6_UO1434,ID30_F38_m37f37_P29_Y1_UO1540,ID30_F38_m88f88_P29_Y4_UO4101,MXY,1,0.0,1,1,0.0,0,0,0,-9999.0,0.625,1,P36_CV0,2,1,1,1,1,0,2,0,2
86,-523433.7551,-586632.5003,E86_F46_m30f30_P52_Y5_UO1357,I30_F38_m7f7_P38_Y3_UO404,I30_F38_m-1f-1_P37_Y-1_U80,FXX,2,0.0,1,0,1.0,0,0,0,-9999.0,0.5,1,P36_CV0,2,0,2,1,1,0,2,0,2
86,-523433.7551,-586632.5003,E86_F23_m7f7_P35_Y4_UO405,I7_F74_m7f7_P38_Y2_UO456,I7_F38_m37f37_P74_Y2_UO1662,MXY,3,0.0,1,0,0.0,0,0,0,-9999.0,0.1875,1,P36_CV0,2,2,0,2,0,0,2,0,2
86,-523433.7551,-586632.5003,E86_F90_m90f90_P86_Y4_UO4224,I90_F86_m90f90_P86_Y0_UO4511,I90_F86_m30f30_P52_Y2_UO1394,MXY,3,0.0,1,0,0.0,0,0,0,-9999.0,0.375,1,P36_CV0,2,0,2,1,1,0,2,0,2
86,-523433.7551,-586632.5003,E86_F30_m37f37_P38_Y3_UO1730,I37_F74_m-1f-1_P37_Y-1_U47,ID37_F13_m7f7_P29_Y1_UO396,FXX,4,0.0,1,0,1.0,0,0,0,-9999.0,0.625,1,P36_CV0,2,2,0,0,2,0,2,0,2
86,-523433.7551,-586632.5003,E86_F90_m23f23_P86_Y3_UO1137,ID23_F86_m7f7_P52_Y1_UO445,I23_F27_m30f30_P35_Y0_UO1422,FXX,4,0.0,1,0,1.0,0,0,0,-9999.0,0.625,1,P36_CV0,2,1,1,1,1,0,2,0,2
86,-523433.7551,-586632.5003,E86_F46_m37f37_P13_Y2_UO1709,I37_F38_m-1f-1_P37_Y-1_U83,I37_F38_m37f37_P38_Y0_UO1798,FXX,5,0.0,1,0,1.0,0,0,0,-9999.0,0.375,1,P36_CV0,2,0,2,0,2,0,2,0,2
86,-523433.7551,-586632.5003,E86_F30_m30f30_P93_Y1_UO1306,I30_F13_m-1f-1_P30_Y-1_U205,ID30_F29_m-1f-1_P37_Y-1_U179,MXY,6,0.0,1,0,0.0,0,0,0,-9999.0,0.75,1,P36_CV0,2,1,1,1,1,0,2,0,2
86,-523433.7551,-586632.5003,Age0_F86_m90f90_P86_Y7_UO4270,I90_F35_m46f46_P52_Y3_UO2231,I90_F86_m23f23_P86_Y3_UO1169,MXY,0,0.0,0,0,0.0,0,0,0,0.0,0.6875,1,P38_CV0,2,2,0,0,2,0,2,0,2
86,-523433.7551,-586632.5003,E86_F12_m46f46_P52_Y6_UO2331,I46_F52_m30f30_P38_Y0_UO1498,ID46_F13_m-1f-1_P39_Y-1_U148,FXX,1,0.0,1,1,1.0,0,0,0,-9999.0,0.625,1,P38_CV0,2,1,1,0,2,0,2,0,2
86,-523433.7551,-586632.5003,E86_F23_m12f12_P86_Y5_UO714,ID12_F52_m39f39_P52_Y3_UO1871,I12_F86_m-1f-1_P12_Y-1_U218,MXY,2,0.0,1,0,0.0,0,0,0,-9999.0,0.375,1,P38_CV0,2,1,1,0,2,0,2,0,2
86,-523433.7551,-586632.5003,E86_F46_m46f46_P52_Y5_UO2246,I46_F86_m39f39_P19_Y2_UO1844,I46_F86_m39f39_P19_Y0_UO1861,MXY,2,0.0,1,0,0.0,0,0,0,-9999.0,0.1875,1,P38_CV0,2,1,1,1,1,0,2,0,2
86,-523433.7551,-586632.5003,E86_F90_m46f46_P52_Y3_UO2231,I46_F52_m39f39_P93_Y1_UO1708,I46_F52_m-1f-1_P46_Y-1_U12,FXX,4,0.0,1,0,1.0,0,0,0,-9999.0,0.75,1,P38_CV0,2,2,0,1,1,0,2,0,2
86,-523433.7551,-586632.5003,E86_F12_m39f39_P19_Y1_UO1633,I39_F75_m-1f-1_P39_Y-1_U169,I39_F19_m-1f-1_P39_Y-1_U56,MXY,6,0.0,1,0,0.0,0,0,0,-9999.0,0.25,1,P38_CV0,2,0,2,2,0,0,2,0,2
86,-523433.7551,-586632.5003,E86_F46_m-1f-1_P39_Y-1_U153,-9999,-9999,FXX,10,0.0,1,0,1.0,0,0,0,-9999.0,1.0,1,P38_CV0,2,2,0,2,0,0,2,0,2
86,-523433.7551,-586632.5003,E86_F90_m-1f-1_P39_Y-1_U197,-9999,-9999,MXY,12,0.0,1,0,0.0,0,0,0,-9999.0,0.5,1,P38_CV0,2,1,1,0,2,0,2,0,2
86,-523433.7551,-586632.5003,Age0_F86_m23f23_P86_Y7_UO1146,I23_F57_m23f23_P76_Y4_UO1203,I23_F6_m23f23_P6_Y0_UO1216,MXY,0,0.0,0,0,0.0,0,0,0,0.0,0.5625,1,P39_CV0,2,1,1,1,1,0,2,0,2
86,-523433.7551,-586632.5003,Age0_F86_m23f23_P86_Y7_UO1199,I23_F99_m23f23_P86_Y1_UO1077,I23_F57_m42f42_P99_Y4_UO1953,MXY,0,0.0,0,0,0.0,0,0,0,0.0,0.5,1,P39_CV0,2,1,1,1,1,0,2,0,2
86,-523433.7551,-586632.5003,Age0_F86_m90f90_P86_Y7_UO4195,I90_F57_m23f23_P57_Y5_UO1131,I90_F6_m90f90_P86_Y4_UO4226,MXY,0,0.0,0,0,0.0,0,0,0,0.0,0.28125,1,P39_CV0,2,0,2,1,1,0,2,0,2
86,-523433.7551,-586632.5003,Age0_F86_m90f90_P86_Y7_UO4227,I90_F27_m30f30_P52_Y5_UO1399,I90_F86_m92f92_P86_Y5_UO4371,FXX,0,0.0,0,0,0.0,0,0,0,0.0,0.6875,1,P39_CV0,2,2,0,1,1,0,2,0,2
86,-523433.7551,-586632.5003,Age0_F86_m90f90_P86_Y7_UO4293,ID90_F6_m45f45_P86_Y1_UO2020,I90_F57_m23f23_P27_Y2_UO1153,FXX,0,0.0,0,0,0.0,0,0,0,0.0,0.375,1,P39_CV0,2,2,0,2,0,0,2,0,2
86,-523433.7551,-586632.5003,Age0_F86_m90f90_P86_Y7_UO4306,ID90_F86_m-1f-1_P23_Y-1_U99,ID90_F86_m45f45_P57_Y5_UO2156,MXY,0,0.0,0,0,0.0,0,0,0,0.0,0.40625,1,P39_CV0,2,1,1,1,1,0,2,0,2
86,-523433.7551,-586632.5003,E86_F12_m12f12_P86_Y6_UO717,I12_F52_m45f45_P86_Y3_UO2148,ID12_F52_m-1f-1_P46_Y-1_U206,FXX,1,0.0,1,1,1.0,0,0,0,-9999.0,0.625,1,P39_CV0,2,1,1,0,2,0,2,0,2
86,-523433.7551,-586632.5003,E86_F23_m45f45_P6_Y6_UO2269,I45_F57_m-1f-1_P31_Y-1_U140,I45_F57_m-1f-1_P40_Y-1_U147,MXY,1,0.0,1,1,0.0,0,0,0,-9999.0,0.75,1,P39_CV0,2,2,0,2,0,0,2,0,2
86,-523433.7551,-586632.5003,E86_F45_m23f23_P6_Y6_UO1162,I23_F52_m42f42_P27_Y3_UO1963,ID23_F6_m45f45_P6_Y4_UO2153,MXY,1,0.0,1,1,0.0,0,0,0,-9999.0,0.4375,1,P39_CV0,2,1,1,1,1,0,2,0,2
86,-523433.7551,-586632.5003,E86_F45_m45f45_P86_Y6_UO2265,I45_F57_m-1f-1_P45_Y-1_U106,I45_F6_m-1f-1_P40_Y-1_U63,FXX,1,0.0,1,1,1.0,0,0,0,-9999.0,1.0,1,P39_CV0,2,2,0,2,0,0,2,0,2
86,-523433.7551,-586632.5003,E86_F90_m40f40_P6_Y6_UO1923,I40_F68_m92f92_P6_Y4_UO4304,I40_F99_m-1f-1_P40_Y-1_U207,FXX,1,0.0,1,1,1.0,0,0,0,-9999.0,0.46875,1,P39_CV0,2,0,2,0,2,0,2,0,2
86,-523433.7551,-586632.5003,E86_F90_m46f46_P52_Y6_UO2343,ID46_F19_m-1f-1_P12_Y-1_U147,ID46_F52_m92f92_P6_Y3_UO4255,FXX,1,0.0,1,1,1.0,0,0,0,-9999.0,0.3125,1,P39_CV0,2,0,2,0,2,0,2,0,2
86,-523433.7551,-586632.5003,E86_F90_m45f45_P86_Y6_UO2228,I45_F6_m40f40_P57_Y2_UO1896,ID45_F8_m65f65_P68_Y1_UO2991,MXY,1,0.0,1,1,0.0,0,0,0,-9999.0,0.1875,1,P39_CV0,2,0,2,2,0,0,2,0,2
86,-523433.7551,-586632.5003,E86_F90_m90f90_P86_Y6_UO4255,I90_F99_m45f45_P86_Y3_UO2180,I90_F6_m90f90_P86_Y4_UO4251,MXY,1,0.0,1,1,0.0,0,0,0,-9999.0,0.5625,1,P39_CV0,2,2,0,1,1,0,2,0,2
86,-523433.7551,-586632.5003,E86_F23_m45f45_P6_Y5_UO2167,I45_F98_m40f40_P57_Y2_UO1896,I45_F68_m40f40_P6_Y1_UO1760,FXX,2,0.0,1,0,1.0,0,0,0,-9999.0,0.4375,1,P39_CV0,2,1,1,1,1,0,2,0,2
86,-523433.7551,-586632.5003,E86_F23_m90f90_P57_Y5_UO4197,I90_F86_m90f90_P86_Y3_UO4203,I90_F57_m-1f-1_P90_Y-1_U217,MXY,2,0.0,1,0,0.0,0,0,0,-9999.0,0.625,1,P39_CV0,2,1,1,1,1,0,2,0,2
86,-523433.7551,-586632.5003,E86_F23_m40f40_P57_Y5_UO1957,ID40_F99_m-1f-1_P40_Y-1_U231,I40_F6_m-1f-1_P40_Y-1_U164,MXY,2,0.0,1,0,0.0,0,0,0,-9999.0,0.25,1,P39_CV0,2,1,1,1,1,0,2,0,2
86,-523433.7551,-586632.5003,E86_F90_m23f23_P57_Y5_UO1131,I23_F86_m23f23_P86_Y3_UO1153,I23_F57_m-1f-1_P90_Y-1_U132,FXX,2,0.0,1,0,1.0,0,0,0,-9999.0,0.3125,1,P39_CV0,2,0,2,2,0,0,2,0,2
86,-523433.7551,-586632.5003,E86_F90_m40f40_P6_Y5_UO1936,ID40_F99_m-1f-1_P58_Y-1_U10,I40_F99_m-1f-1_P40_Y-1_U207,MXY,2,0.0,1,0,0.0,0,0,0,-9999.0,0.5,1,P39_CV0,2,1,1,0,2,0,2,0,2
86,-523433.7551,-586632.5003,E86_F90_m92f92_P86_Y5_UO4371,ID92_F99_m-1f-1_P42_Y-1_U91,ID92_F6_m-1f-1_P40_Y-1_U140,MXY,2,0.0,1,0,0.0,0,0,0,-9999.0,0.75,1,P39_CV0,2,2,0,2,0,0,2,0,2
86,-523433.7551,-586632.5003,E86_F90_m45f45_P57_Y5_UO2156,I45_F86_m92f92_P57_Y3_UO4254,I45_F86_m40f40_P86_Y1_UO1724,MXY,2,0.0,1,0,0.0,0,0,0,-9999.0,0.3125,1,P39_CV0,2,0,2,2,0,0,2,0,2
86,-523433.7551,-586632.5003,E86_F12_m46f46_P52_Y4_UO2208,ID46_F57_m40f40_P6_Y2_UO1905,ID46_F86_m90f90_P86_Y2_UO4172,FXX,3,0.0,1,0,1.0,0,0,0,-9999.0,0.5,1,P39_CV0,2,2,0,0,2,0,2,0,2
86,-523433.7551,-586632.5003,E86_F23_m23f23_P76_Y4_UO1203,I23_F27_m40f40_P6_Y0_UO2010,I23_F86_m-1f-1_P90_Y-1_U137,FXX,3,0.0,1,0,1.0,0,0,0,-9999.0,0.375,1,P39_CV0,2,1,1,0,2,0,2,0,2
86,-523433.7551,-586632.5003,E86_F23_m40f40_P27_Y4_UO1910,I40_F57_m-1f-1_P85_Y-1_U149,I40_F6_m-1f-1_P40_Y-1_U236,MXY,3,0.0,1,0,0.0,0,0,0,-9999.0,0.5,1,P39_CV0,2,1,1,1,1,0,2,0,2
86,-523433.7551,-586632.5003,E86_F23_m42f42_P99_Y4_UO1953,I42_F57_m40f40_P99_Y2_UO1925,I42_F6_m-1f-1_P94_Y-1_U95,MXY,3,0.0,1,0,0.0,0,0,0,-9999.0,0.5,1,P39_CV0,2,1,1,1,1,0,2,0,2
86,-523433.7551,-586632.5003,E86_F45_m23f23_P57_Y4_UO1147,ID23_F27_m40f40_P6_Y2_UO1869,ID23_F35_m-1f-1_P90_Y-1_U70,FXX,3,0.0,1,0,1.0,0,0,0,-9999.0,0.5,1,P39_CV0,2,1,1,0,2,0,2,0,2
86,-523433.7551,-586632.5003,E86_F90_m23f23_P27_Y4_UO1212,I23_F52_m-1f-1_P40_Y-1_U112,I23_F6_m-1f-1_P23_Y-1_U198,MXY,3,0.0,1,0,0.0,0,0,0,-9999.0,0.5,1,P39_CV0,2,1,1,2,0,0,2,0,2
86,-523433.7551,-586632.5003,E86_F90_m90f90_P86_Y4_UO4183,I90_F52_m40f40_P57_Y2_UO1924,I90_F6_m12f12_P52_Y0_UO780,MXY,3,0.0,1,0,0.0,0,0,0,-9999.0,0.4375,1,P39_CV0,2,1,1,2,0,0,2,0,2
86,-523433.7551,-586632.5003,E86_F12_m45f45_P86_Y3_UO2148,I45_F57_m40f40_P57_Y0_UO1991,ID45_F6_m-1f-1_P45_Y-1_U227,FXX,4,0.0,1,0,1.0,0,0,0,-9999.0,0.75,1,P39_CV0,2,2,0,1,1,0,2,0,2
86,-523433.7551,-586632.5003,E86_F46_m40f40_P6_Y2_UO1922,I40_F6_m-1f-1_P40_Y-1_U37,ID40_F86_m-1f-1_P92_Y-1_U57,MXY,5,0.0,1,0,0.0,0,0,0,-9999.0,0.5,1,P39_CV0,2,1,1,1,1,0,2,0,2
86,-523433.7551,-586632.5003,E86_F90_m23f23_P27_Y2_UO1153,ID23_F57_m40f40_P57_Y0_UO1947,I23_F27_m-1f-1_P23_Y-1_U121,MXY,5,0.0,1,0,0.0,0,0,0,-9999.0,0.25,1,P39_CV0,2,1,1,1,1,0,2,0,2
86,-523433.7551,-586632.5003,E86_F40_m-1f-1_P40_Y-1_U145,-9999,-9999,MXY,11,0.0,1,0,0.0,0,0,0,-9999.0,0.5,1,P39_CV0,2,1,1,1,1,0,2,0,2
86,-523433.7551,-586632.5003,Age0_F86_m45f45_P86_Y7_UO2189,ID45_F57_m23f23_P76_Y5_UO1234,ID45_F6_m42f42_P99_Y2_UO1986,FXX,0,0.0,0,0,0.0,0,0,0,0.0,0.46875,1,P41_CV0,2,2,0,1,1,0,2,0,2
86,-523433.7551,-586632.5003,Age0_F86_m45f45_P86_Y7_UO2217,ID45_F35_m45f45_P86_Y3_UO2137,I45_F6_m90f90_P6_Y4_UO4247,FXX,0,0.0,0,0,0.0,0,0,0,0.0,0.1875,1,P41_CV0,2,0,2,1,1,0,2,0,2
86,-523433.7551,-586632.5003,Age0_F86_m46f46_P86_Y7_UO2272,I46_F86_m90f90_P52_Y5_UO4207,I46_F52_m30f30_P52_Y4_UO1419,MXY,0,0.0,0,0,0.0,0,0,0,0.0,0.3125,1,P41_CV0,2,0,2,0,2,0,2,0,2
86,-523433.7551,-586632.5003,Age0_F86_m90f90_P86_Y7_UO4221,I90_F27_m12f12_P52_Y5_UO778,I90_F35_m90f90_P86_Y4_UO4158,FXX,0,0.0,0,0,0.0,0,0,0,0.0,0.59375,1,P41_CV0,2,1,1,1,1,0,2,0,2
86,-523433.7551,-586632.5003,Age0_F86_m90f90_P86_Y7_UO4268,ID90_F27_m23f23_P86_Y3_UO1166,ID90_F57_m45f45_P86_Y0_UO2288,MXY,0,0.0,0,0,0.0,0,0,0,0.0,0.3125,1,P41_CV0,2,0,2,1,1,0,2,0,2
86,-523433.7551,-586632.5003,Age0_F86_m90f90_P86_Y7_UO4301,I90_F52_m42f42_P6_Y0_UO2048,I90_F35_m42f42_P6_Y1_UO1849,FXX,0,0.0,0,0,0.0,0,0,0,0.0,0.5,1,P41_CV0,2,0,2,1,1,0,2,0,2
86,-523433.7551,-586632.5003,E86_F12_m92f92_P57_Y6_UO4442,I92_F99_m-1f-1_P58_Y-1_U211,I92_F99_m92f92_P99_Y3_UO4356,FXX,1,0.0,1,1,1.0,0,0,0,-9999.0,0.5625,1,P41_CV0,2,0,2,1,1,0,2,0,2
86,-523433.7551,-586632.5003,E86_F23_m23f23_P6_Y6_UO1201,I23_F27_m42f42_P99_Y1_UO1839,I23_F86_m40f40_P57_Y3_UO1939,FXX,1,0.0,1,1,1.0,0,0,0,-9999.0,0.25,1,P41_CV0,2,0,2,1,1,0,2,0,2
86,-523433.7551,-586632.5003,E86_F45_m42f42_P6_Y6_UO2088,ID42_F27_m-1f-1_P42_Y-1_U113,I42_F99_m42f42_P99_Y0_UO2021,MXY,1,0.0,1,1,0.0,0,0,0,-9999.0,0.25,1,P41_CV0,2,0,2,1,1,0,2,0,2
86,-523433.7551,-586632.5003,E86_F45_m90f90_P57_Y6_UO4323,I90_F6_m-1f-1_P90_Y-1_U158,I90_F52_m42f42_P6_Y3_UO2012,MXY,1,0.0,1,1,0.0,0,0,0,-9999.0,0.25,1,P41_CV0,2,0,2,2,0,0,2,0,2
86,-523433.7551,-586632.5003,E86_F90_m40f40_P6_Y6_UO1966,ID40_F57_m65f65_P98_Y0_UO3358,I40_F57_m-1f-1_P42_Y-1_U197,MXY,1,0.0,1,1,0.0,0,0,0,-9999.0,0.25,1,P41_CV0,2,1,1,1,1,0,2,0,2
86,-523433.7551,-586632.5003,E86_F90_m40f40_P57_Y6_UO1970,I40_F68_m23f23_P86_Y0_UO1227,ID40_F6_m92f92_P57_Y4_UO4323,FXX,1,0.0,1,1,1.0,0,0,0,-9999.0,0.625,1,P41_CV0,2,2,0,1,1,0,2,0,2
86,-523433.7551,-586632.5003,E86_F90_m90f90_P86_Y6_UO4268,I90_F86_m23f23_P57_Y3_UO1159,I90_F6_m90f90_P35_Y1_UO3995,MXY,1,0.0,1,1,0.0,0,0,0,-9999.0,0.3125,1,P41_CV0,2,0,2,2,0,0,2,0,2
86,-523433.7551,-586632.5003,E86_F23_m40f40_P6_Y5_UO1931,I40_F99_m-1f-1_P42_Y-1_U40,I40_F99_m-1f-1_P42_Y-1_U85,MXY,2,0.0,1,0,0.0,0,0,0,-9999.0,0.75,1,P41_CV0,2,2,0,0,2,0,2,0,2
86,-523433.7551,-586632.5003,E86_F23_m92f92_P27_Y5_UO4376,I92_F6_m-1f-1_P92_Y-1_U105,I92_F99_m-1f-1_P42_Y-1_U182,MXY,2,0.0,1,0,0.0,0,0,0,-9999.0,1.0,1,P41_CV0,2,2,0,1,1,0,2,0,2
86,-523433.7551,-586632.5003,E86_F46_m90f90_P52_Y5_UO4207,I90_F6_m30f30_P52_Y3_UO1450,I90_F6_m92f92_P57_Y3_UO4342,FXX,2,0.0,1,0,1.0,0,0,0,-9999.0,0.5,1,P41_CV0,2,1,1,0,2,0,2,0,2
86,-523433.7551,-586632.5003,E86_F90_m90f90_P86_Y4_UO4158,ID90_F6_m23f23_P86_Y2_UO1139,I90_F27_m90f90_P57_Y0_UO4539,MXY,3,0.0,1,0,0.0,0,0,0,-9999.0,0.4375,1,P41_CV0,2,1,1,0,2,0,2,0,2
86,-523433.7551,-586632.5003,E86_F45_m45f45_P86_Y3_UO2137,ID45_F99_m42f42_P99_Y1_UO1802,ID45_F86_m-1f-1_P45_Y-1_U179,FXX,4,0.0,1,0,1.0,0,0,0,-9999.0,0.125,1,P41_CV0,2,0,2,0,2,0,2,0,2
86,-523433.7551,-586632.5003,E86_F90_m23f23_P86_Y3_UO1166,I23_F86_m90f90_P6_Y0_UO4536,I23_F27_m42f42_P6_Y1_UO1845,FXX,4,0.0,1,0,1.0,0,0,0,-9999.0,0.125,1,P41_CV0,2,0,2,0,2,0,2,0,2
86,-523433.7551,-586632.5003,E86_F90_m23f23_P57_Y3_UO1159,ID23_F99_m92f92_P6_Y1_UO4124,I23_F76_m42f42_P6_Y1_UO1859,FXX,4,0.0,1,0,1.0,0,0,0,-9999.0,0.375,1,P41_CV0,2,1,1,1,1,0,2,0,2
86,-523433.7551,-586632.5003,E86_F90_m42f42_P98_Y2_UO2001,I42_F99_m-1f-1_P42_Y-1_U97,ID42_F99_m42f42_P99_Y0_UO2105,MXY,5,0.0,1,0,0.0,0,0,0,-9999.0,0.5,1,P41_CV0,2,2,0,2,0,0,2,0,2
86,-523433.7551,-586632.5003,E86_F90_m42f42_P6_Y1_UO1845,ID42_F57_m-1f-1_P50_Y-1_U156,ID42_F6_m-1f-1_P42_Y-1_U165,MXY,6,0.0,1,0,0.0,0,0,0,-9999.0,0.0,1,P41_CV0,2,0,2,1,1,0,2,0,2
86,-523433.7551,-586632.5003,E86_F90_m42f42_P6_Y1_UO1849,I42_F6_m-1f-1_P42_Y-1_U113,I42_F99_m-1f-1_P42_Y-1_U96,MXY,6,0.0,1,0,0.0,0,0,0,-9999.0,0.25,1,P41_CV0,2,0,2,1,1,0,2,0,2
86,-523433.7551,-586632.5003,E86_F90_m42f42_P6_Y0_UO2043,R42_F42_m-1f-1_P42_Y-1_U54,R42_F42_m-1f-1_P42_Y-1_U45,MXY,7,0.0,1,0,0.0,0,0,0,-9999.0,0.25,1,P41_CV0,2,0,2,1,1,0,2,0,2
86,-523433.7551,-586632.5003,E86_F90_m42f42_P6_Y0_UO2048,R42_F42_m-1f-1_P42_Y-1_U63,R42_F42_m-1f-1_P42_Y-1_U85,FXX,7,0.0,1,0,1.0,0,0,0,-9999.0,0.75,1,P41_CV0,2,1,1,2,0,0,2,0,2
86,-523433.7551,-586632.5003,E86_F45_m-1f-1_P42_Y-1_U226,-9999,-9999,FXX,12,0.0,1,0,1.0,0,0,0,-9999.0,0.5,1,P41_CV0,2,1,1,2,0,0,2,0,2
86,-523433.7551,-586632.5003,Age0_F86_m12f12_P86_Y7_UO688,I12_F52_m46f46_P52_Y5_UO2235,ID12_F52_m30f30_P13_Y3_UO1358,FXX,0,0.0,0,0,0.0,0,0,0,0.0,0.625,1,P44_CV0,2,0,2,0,2,0,2,0,2
86,-523433.7551,-586632.5003,Age0_F86_m12f12_P86_Y7_UO747,I12_F52_m90f90_P86_Y1_UO4007,I12_F52_m90f90_P52_Y2_UO4180,FXX,0,0.0,0,0,0.0,0,0,0,0.0,0.5,1,P44_CV0,2,1,1,1,1,0,2,0,2
86,-523433.7551,-586632.5003,Age0_F86_m12f12_P86_Y7_UO758,I12_F52_m90f90_P52_Y0_UO4532,I12_F52_m-1f-1_P45_Y-1_U39,MXY,0,0.0,0,0,0.0,0,0,0,0.0,0.75,1,P44_CV0,2,2,0,1,1,0,2,0,2
86,-523433.7551,-586632.5003,Age0_F86_m23f23_P86_Y7_UO1136,I23_F57_m23f23_P57_Y5_UO1181,ID23_F6_m23f23_P57_Y4_UO1137,MXY,0,0.0,0,0,0.0,0,0,0,0.0,0.5,1,P44_CV0,2,0,2,0,2,0,2,0,2
86,-523433.7551,-586632.5003,Age0_F86_m23f23_P86_Y7_UO1149,I23_F6_m23f23_P86_Y4_UO1187,ID23_F35_m45f45_P86_Y5_UO2219,MXY,0,0.0,0,0,0.0,0,0,0,0.0,0.5625,1,P44_CV0,2,2,0,1,1,0,2,0,2
86,-523433.7551,-586632.5003,Age0_F86_m40f40_P86_Y7_UO1947,I40_F6_m45f45_P6_Y1_UO2051,I40_F99_m50f50_P57_Y4_UO2355,MXY,0,0.0,0,0,0.0,0,0,0,0.0,0.3125,1,P44_CV0,2,2,0,0,2,0,2,0,2
86,-523433.7551,-586632.5003,Age0_F86_m45f45_P86_Y7_UO2196,I45_F27_m90f90_P86_Y5_UO4220,ID45_F57_m-1f-1_P45_Y-1_U31,FXX,0,0.0,0,0,0.0,0,0,0,0.0,0.1875,1,P44_CV0,2,0,2,0,2,0,2,0,2
86,-523433.7551,-586632.5003,Age0_F86_m45f45_P86_Y7_UO2213,I45_F8_m40f40_P57_Y3_UO1891,I45_F8_m-1f-1_P45_Y-1_U184,MXY,0,0.0,0,0,0.0,0,0,0,0.0,0.6875,1,P44_CV0,2,1,1,2,0,0,2,0,2
86,-523433.7551,-586632.5003,Age0_F86_m45f45_P86_Y7_UO2228,ID45_F6_m92f92_P6_Y2_UO4274,ID45_F86_m-1f-1_P45_Y-1_U70,FXX,0,0.0,0,0,0.0,0,0,0,0.0,0.5625,1,P44_CV0,2,0,2,1,1,0,2,0,2
86,-523433.7551,-586632.5003,Age0_F86_m90f90_P86_Y7_UO4232,ID90_F52_m12f12_P86_Y5_UO700,I90_F6_m42f42_P98_Y2_UO2001,MXY,0,0.0,0,0,0.0,0,0,0,0.0,0.46875,1,P44_CV0,2,1,1,2,0,0,2,0,2
86,-523433.7551,-586632.5003,Age0_F86_m90f90_P86_Y7_UO4273,ID90_F6_m23f23_P57_Y3_UO1174,ID90_F52_m90f90_P52_Y3_UO4237,MXY,0,0.0,0,0,0.0,0,0,0,0.0,0.4375,1,P44_CV0,2,2,0,1,1,0,2,0,2
86,-523433.7551,-586632.5003,Age0_F86_m90f90_P86_Y7_UO4316,I90_F57_m-1f-1_P45_Y-1_U243,I90_F52_m23f23_P76_Y5_UO1205,FXX,0,0.0,0,0,0.0,0,0,0,0.0,0.15625,1,P44_CV0,2,0,2,0,2,0,2,0,2
86,-523433.7551,-586632.5003,E86_F12_m46f46_P52_Y6_UO2333,I46_F52_m12f12_P86_Y0_UO786,I46_F52_m45f45_P86_Y0_UO2302,FXX,1,0.0,1,1,1.0,0,0,0,-9999.0,0.625,1,P44_CV0,2,1,1,2,0,0,2,0,2
86,-523433.7551,-586632.5003,E86_F23_m23f23_P27_Y6_UO1157,I23_F27_m23f23_P27_Y4_UO1166,I23_F6_m45f45_P86_Y2_UO2178,MXY,1,0.0,1,1,0.0,0,0,0,-9999.0,0.6875,1,P44_CV0,2,2,0,1,1,0,2,0,2
86,-523433.7551,-586632.5003,E86_F23_m46f46_P52_Y6_UO2275,I46_F93_m12f12_P52_Y4_UO665,I46_F13_m45f45_P86_Y0_UO2258,MXY,1,0.0,1,1,0.0,0,0,0,-9999.0,0.8125,1,P44_CV0,2,2,0,1,1,0,2,0,2
86,-523433.7551,-586632.5003,E86_F23_m90f90_P86_Y6_UO4216,ID90_F13_m12f12_P52_Y4_UO668,ID90_F57_m90f90_P27_Y4_UO4166,MXY,1,0.0,1,1,0.0,0,0,0,-9999.0,0.34375,1,P44_CV0,2,0,2,0,2,0,2,0,2
86,-523433.7551,-586632.5003,E86_F23_m45f45_P6_Y6_UO2195,I45_F6_m45f45_P6_Y4_UO2118,I45_F86_m92f92_P6_Y4_UO4327,MXY,1,0.0,1,1,0.0,0,0,0,-9999.0,0.5,1,P44_CV0,2,1,1,1,1,0,2,0,2
86,-523433.7551,-586632.5003,E86_F45_m23f23_P57_Y6_UO1215,ID23_F52_m46f46_P52_Y1_UO2112,I23_F52_m45f45_P86_Y3_UO2170,MXY,1,0.0,1,1,0.0,0,0,0,-9999.0,0.625,1,P44_CV0,2,1,1,1,1,0,2,0,2
86,-523433.7551,-586632.5003,E86_F90_m45f45_P6_Y6_UO2204,I45_F86_m45f45_P86_Y4_UO2119,ID45_F68_m-1f-1_P45_Y-1_U184,FXX,1,0.0,1,1,1.0,0,0,0,-9999.0,0.6875,1,P44_CV0,2,1,1,1,1,0,2,0,2
86,-523433.7551,-586632.5003,E86_F90_m23f23_P27_Y6_UO1227,I23_F57_m40f40_P6_Y0_UO2010,I23_F57_m23f23_P76_Y4_UO1148,MXY,1,0.0,1,1,0.0,0,0,0,-9999.0,0.65625,1,P44_CV0,2,1,1,0,2,0,2,0,2
86,-523433.7551,-586632.5003,E86_F90_m23f23_P35_Y6_UO1148,I23_F86_m92f92_P57_Y4_UO4372,I23_F6_m45f45_P86_Y2_UO2178,MXY,1,0.0,1,1,0.0,0,0,0,-9999.0,0.4375,1,P44_CV0,2,1,1,2,0,0,2,0,2
86,-523433.7551,-586632.5003,E86_F90_m45f45_P86_Y6_UO2247,ID45_F52_m-1f-1_P45_Y-1_U44,ID45_F68_m-1f-1_P45_Y-1_U184,FXX,1,0.0,1,1,1.0,0,0,0,-9999.0,0.75,1,P44_CV0,2,2,0,1,1,0,2,0,2
86,-523433.7551,-586632.5003,E86_F12_m46f46_P52_Y5_UO2235,I46_F52_m30f30_P52_Y3_UO1403,I46_F52_m-1f-1_P45_Y-1_U96,FXX,2,0.0,1,0,1.0,0,0,0,-9999.0,0.875,1,P44_CV0,2,1,1,0,2,0,2,0,2
86,-523433.7551,-586632.5003,E86_F23_m45f45_P86_Y5_UO2219,I45_F86_m-1f-1_P45_Y-1_U161,ID45_F57_m-1f-1_P40_Y-1_U63,MXY,2,0.0,1,0,0.0,0,0,0,-9999.0,0.75,1,P44_CV0,2,2,0,2,0,0,2,0,2
86,-523433.7551,-586632.5003,E86_F23_m23f23_P76_Y5_UO1187,I23_F57_m45f45_P86_Y1_UO2061,I23_F99_m45f45_P57_Y2_UO2164,MXY,2,0.0,1,0,0.0,0,0,0,-9999.0,0.875,1,P44_CV0,2,2,0,1,1,0,2,0,2
86,-523433.7551,-586632.5003,E86_F90_m90f90_P6_Y5_UO4214,I90_F27_m45f45_P86_Y2_UO2170,ID90_F86_m90f90_P86_Y3_UO4174,MXY,2,0.0,1,0,0.0,0,0,0,-9999.0,0.5,1,P44_CV0,2,1,1,2,0,0,2,0,2
86,-523433.7551,-586632.5003,E86_F90_m30f30_P52_Y5_UO1399,ID30_F13_m37f37_P13_Y1_UO1621,I30_F13_m45f45_P86_Y0_UO2239,FXX,2,0.0,1,0,1.0,0,0,0,-9999.0,0.625,1,P44_CV0,2,2,0,1,1,0,2,0,2
86,-523433.7551,-586632.5003,E86_F90_m12f12_P86_Y5_UO700,I12_F52_m46f46_P52_Y3_UO2224,ID12_F52_m45f45_P86_Y0_UO2247,FXX,2,0.0,1,0,1.0,0,0,0,-9999.0,0.4375,1,P44_CV0,2,1,1,1,1,0,2,0,2
86,-523433.7551,-586632.5003,E86_F23_m45f45_P86_Y4_UO2173,I45_F86_m-1f-1_P45_Y-1_U112,I45_F57_m25f25_P8_Y2_UO1284,MXY,3,0.0,1,0,0.0,0,0,0,-9999.0,0.5,1,P44_CV0,2,1,1,1,1,0,2,0,2
86,-523433.7551,-586632.5003,E86_F23_m23f23_P57_Y4_UO1137,I23_F27_m92f92_P27_Y2_UO4288,I23_F99_m45f45_P57_Y1_UO2027,MXY,3,0.0,1,0,0.0,0,0,0,-9999.0,0.5625,1,P44_CV0,2,1,1,0,2,0,2,0,2
86,-523433.7551,-586632.5003,E86_F23_m46f46_P86_Y4_UO2231,I46_F52_m45f45_P86_Y1_UO1994,I46_F86_m60f60_P19_Y1_UO2747,MXY,3,0.0,1,0,0.0,0,0,0,-9999.0,0.5,1,P44_CV0,2,1,1,1,1,0,2,0,2
86,-523433.7551,-586632.5003,E86_F45_m90f90_P27_Y4_UO4199,I90_F52_m45f45_P86_Y1_UO1999,ID90_F57_m-1f-1_P23_Y-1_U121,MXY,3,0.0,1,0,0.0,0,0,0,-9999.0,0.25,1,P44_CV0,2,0,2,0,2,0,2,0,2
86,-523433.7551,-586632.5003,E86_F45_m90f90_P6_Y4_UO4247,I90_F35_m-1f-1_P45_Y-1_U243,ID90_F27_m-1f-1_P45_Y-1_U76,MXY,3,0.0,1,0,0.0,0,0,0,-9999.0,0.25,1,P44_CV0,2,0,2,1,1,0,2,0,2
86,-523433.7551,-586632.5003,E86_F90_m90f90_P27_Y4_UO4166,I90_F86_m45f45_P86_Y2_UO2170,I90_F57_m12f12_P52_Y1_UO668,MXY,3,0.0,1,0,0.0,0,0,0,-9999.0,0.4375,1,P44_CV0,2,0,2,1,1,0,2,0,2
86,-523433.7551,-586632.5003,E86_F90_m45f45_P86_Y4_UO2163,I45_F57_m-1f-1_P45_Y-1_U202,I45_F86_m92f92_P6_Y2_UO4328,MXY,3,0.0,1,0,0.0,0,0,0,-9999.0,0.625,1,P44_CV0,2,2,0,0,2,0,2,0,2
86,-523433.7551,-586632.5003,E86_F12_m90f90_P52_Y3_UO4243,I90_F6_m-1f-1_P45_Y-1_U94,I90_F35_m-1f-1_P90_Y-1_U163,FXX,4,0.0,1,0,1.0,0,0,0,-9999.0,0.25,1,P44_CV0,2,1,1,1,1,0,2,0,2
86,-523433.7551,-586632.5003,E86_F23_m45f45_P52_Y3_UO2179,I45_F57_m-1f-1_P45_Y-1_U236,ID45_F52_m-1f-1_P45_Y-1_U7,MXY,4,0.0,1,0,0.0,0,0,0,-9999.0,1.0,1,P44_CV0,2,2,0,2,0,0,2,0,2
86,-523433.7551,-586632.5003,E86_F23_m45f45_P86_Y3_UO2197,I45_F6_m-1f-1_P45_Y-1_U78,I45_F86_m40f40_P6_Y1_UO1780,MXY,4,0.0,1,0,0.0,0,0,0,-9999.0,0.625,1,P44_CV0,2,1,1,1,1,0,2,0,2
86,-523433.7551,-586632.5003,E86_F90_m90f90_P52_Y3_UO4237,ID90_F86_m-1f-1_P45_Y-1_U12,I90_F86_m30f30_P38_Y1_UO1256,MXY,4,0.0,1,0,0.0,0,0,0,-9999.0,0.375,1,P44_CV0,2,1,1,1,1,0,2,0,2
86,-523433.7551,-586632.5003,E86_F90_m45f45_P57_Y3_UO2129,I45_F86_m92f92_P6_Y1_UO4107,ID45_F8_m-1f-1_P45_Y-1_U140,MXY,4,0.0,1,0,0.0,0,0,0,-9999.0,0.625,1,P44_CV0,2,1,1,2,0,0,2,0,2
86,-523433.7551,-586632.5003,E86_F12_m90f90_P52_Y2_UO4180,ID90_F57_m45f45_P6_Y0_UO2251,ID90_F35_m-1f-1_P23_Y-1_U128,MXY,5,0.0,1,0,0.0,0,0,0,-9999.0,0.25,1,P44_CV0,2,1,1,1,1,0,2,0,2
86,-523433.7551,-586632.5003,E86_F40_m45f45_P6_Y1_UO2024,I45_F57_m-1f-1_P45_Y-1_U151,I45_F57_m-1f-1_P45_Y-1_U148,MXY,6,0.0,1,0,0.0,0,0,0,-9999.0,1.0,1,P44_CV0,2,2,0,2,0,0,2,0,2
86,-523433.7551,-586632.5003,E86_F40_m45f45_P6_Y1_UO2051,I45_F27_m-1f-1_P45_Y-1_U94,ID45_F98_m-1f-1_P40_Y-1_U7,FXX,6,0.0,1,0,1.0,0,0,0,-9999.0,0.25,1,P44_CV0,2,1,1,1,1,0,2,0,2
86,-523433.7551,-586632.5003,E86_F90_m45f45_P86_Y1_UO2020,I45_F8_m-1f-1_P45_Y-1_U219,I45_F86_m-1f-1_P45_Y-1_U39,FXX,6,0.0,1,0,1.0,0,0,0,-9999.0,0.5,1,P44_CV0,2,1,1,1,1,0,2,0,2
86,-523433.7551,-586632.5003,E86_F23_m45f45_P6_Y0_UO2257,R45_F45_m-1f-1_P45_Y-1_U71,R45_F45_m-1f-1_P45_Y-1_U53,FXX,7,0.0,1,0,1.0,0,0,0,-9999.0,0.25,1,P44_CV0,2,0,2,0,2,0,2,0,2
86,-523433.7551,-586632.5003,E86_F90_m45f45_P6_Y0_UO2294,R45_F45_m-1f-1_P45_Y-1_U174,R45_F45_m-1f-1_P45_Y-1_U175,MXY,7,0.0,1,0,0.0,0,0,0,-9999.0,0.25,1,P44_CV0,2,1,1,0,2,0,2,0,2
86,-523433.7551,-586632.5003,E86_F45_m-1f-1_P45_Y-1_U108,-9999,-9999,MXY,9,0.0,1,0,0.0,0,0,0,-9999.0,0.0,1,P44_CV0,2,0,2,1,1,0,2,0,2
86,-523433.7551,-586632.5003,E86_F45_m-1f-1_P45_Y-1_U70,-9999,-9999,MXY,9,0.0,1,0,0.0,0,0,0,-9999.0,0.5,1,P44_CV0,2,1,1,1,1,0,2,0,2
86,-523433.7551,-586632.5003,E86_F45_m-1f-1_P45_Y-1_U184,-9999,-9999,MXY,10,0.0,1,0,0.0,0,0,0,-9999.0,1.0,1,P44_CV0,2,2,0,2,0,0,2,0,2
86,-523433.7551,-586632.5003,E86_F45_m-1f-1_P45_Y-1_U112,-9999,-9999,FXX,11,0.0,1,0,1.0,0,0,0,-9999.0,0.5,1,P44_CV0,2,1,1,1,1,0,2,0,2
86,-523433.7551,-586632.5003,E86_F45_m-1f-1_P45_Y-1_U210,-9999,-9999,MXY,11,0.0,1,0,0.0,0,0,0,-9999.0,1.0,1,P44_CV0,2,2,0,0,2,0,2,0,2
86,-523433.7551,-586632.5003,E86_F90_m-1f-1_P45_Y-1_U243,-9999,-9999,FXX,11,0.0,1,0,1.0,0,0,0,-9999.0,0.0,1,P44_CV0,2,0,2,0,2,0,2,0,2
86,-523433.7551,-586632.5003,E86_F23_m-1f-1_P45_Y-1_U71,-9999,-9999,FXX,13,0.0,1,0,1.0,0,0,0,-9999.0,0.5,1,P44_CV0,2,1,1,0,2,0,2,0,2
86,-523433.7551,-586632.5003,Age0_F86_m12f12_P86_Y7_UO720,I12_F52_m90f90_P52_Y4_UO4222,I12_F86_m46f46_P86_Y4_UO2202,MXY,0,0.0,0,0,0.0,0,0,0,0.0,0.6875,1,P45_CV0,2,1,1,2,0,0,2,0,2
86,-523433.7551,-586632.5003,Age0_F86_m12f12_P86_Y7_UO738,I12_F52_m30f30_P35_Y2_UO1405,I12_F52_m-1f-1_P46_Y-1_U218,FXX,0,0.0,0,0,0.0,0,0,0,0.0,0.875,1,P45_CV0,2,2,0,1,1,0,2,0,2
86,-523433.7551,-586632.5003,Age0_F86_m12f12_P86_Y7_UO741,I12_F52_m12f12_P52_Y2_UO739,I12_F35_m12f12_P86_Y2_UO708,FXX,0,0.0,0,0,0.0,0,0,0,0.0,0.375,1,P45_CV0,2,0,2,0,2,0,2,0,2
86,-523433.7551,-586632.5003,Age0_F86_m12f12_P86_Y7_UO757,I12_F86_m30f30_P52_Y0_UO1438,I12_F52_m46f46_P52_Y0_UO2336,FXX,0,0.0,0,0,0.0,0,0,0,0.0,0.5,1,P45_CV0,2,1,1,1,1,0,2,0,2
86,-523433.7551,-586632.5003,Age0_F86_m12f12_P86_Y7_UO761,I12_F52_m-1f-1_P31_Y-1_U139,I12_F52_m-1f-1_P46_Y-1_U118,FXX,0,0.0,0,0,0.0,0,0,0,0.0,0.5,1,P45_CV0,2,1,1,1,1,0,2,0,2
86,-523433.7551,-586632.5003,Age0_F86_m40f40_P86_Y7_UO1938,I40_F6_m45f45_P6_Y3_UO2152,ID40_F6_m-1f-1_P92_Y-1_U100,FXX,0,0.0,0,0,0.0,0,0,0,0.0,0.375,1,P45_CV0,2,0,2,1,1,0,2,0,2
86,-523433.7551,-586632.5003,Age0_F86_m46f46_P86_Y7_UO2327,I46_F13_m30f30_P74_Y1_UO1362,I46_F13_m-1f-1_P46_Y-1_U76,FXX,0,0.0,0,0,0.0,0,0,0,0.0,0.625,1,P45_CV0,2,1,1,0,2,0,2,0,2
86,-523433.7551,-586632.5003,Age0_F86_m46f46_P86_Y7_UO2350,I46_F52_m-1f-1_P46_Y-1_U78,I46_F52_m23f23_P52_Y3_UO1130,FXX,0,0.0,0,0,0.0,0,0,0,0.0,0.625,1,P45_CV0,2,1,1,1,1,0,2,0,2
86,-523433.7551,-586632.5003,Age0_F86_m46f46_P86_Y7_UO2358,I46_F52_m-1f-1_P12_Y-1_U22,I46_F13_m-1f-1_P46_Y-1_U76,MXY,0,0.0,0,0,0.0,0,0,0,0.0,0.75,1,P45_CV0,2,1,1,2,0,0,2,0,2
86,-523433.7551,-586632.5003,Age0_F86_m90f90_P86_Y7_UO4204,I90_F86_m40f40_P86_Y5_UO1935,ID90_F52_m90f90_P35_Y5_UO4183,FXX,0,0.0,0,0,0.0,0,0,0,0.0,0.5,1,P45_CV0,2,1,1,1,1,0,2,0,2
86,-523433.7551,-586632.5003,Age0_F86_m90f90_P86_Y7_UO4277,I90_F86_m30f30_P35_Y2_UO1351,ID90_F86_m45f45_P57_Y5_UO2156,MXY,0,0.0,0,0,0.0,0,0,0,0.0,0.46875,1,P45_CV0,2,1,1,1,1,0,2,0,2
86,-523433.7551,-586632.5003,E86_F12_m12f12_P52_Y6_UO689,ID12_F75_m87f87_P51_Y4_UO4022,ID12_F52_m12f12_P52_Y2_UO705,MXY,1,0.0,1,1,0.0,0,0,0,-9999.0,0.375,1,P45_CV0,2,1,1,0,2,0,2,0,2
86,-523433.7551,-586632.5003,E86_F12_m12f12_P52_Y6_UO693,I12_F52_m90f90_P52_Y4_UO4222,ID12_F52_m-1f-1_P46_Y-1_U19,MXY,1,0.0,1,1,0.0,0,0,0,-9999.0,0.4375,1,P45_CV0,2,1,1,1,1,0,2,0,2
86,-523433.7551,-586632.5003,E86_F12_m12f12_P52_Y6_UO736,ID12_F86_m12f12_P52_Y2_UO739,I12_F52_m46f46_P86_Y3_UO2225,MXY,1,0.0,1,1,0.0,0,0,0,-9999.0,0.375,1,P45_CV0,2,1,1,2,0,0,2,0,2
86,-523433.7551,-586632.5003,E86_F12_m46f46_P52_Y6_UO2348,I46_F19_m-1f-1_P90_Y-1_U100,I46_F52_m46f46_P52_Y1_UO2101,MXY,1,0.0,1,1,0.0,0,0,0,-9999.0,0.5,1,P45_CV0,2,1,1,0,2,0,2,0,2
86,-523433.7551,-586632.5003,E86_F23_m90f90_P86_Y6_UO4338,I90_F86_m-1f-1_P45_Y-1_U71,I90_F57_m12f12_P52_Y1_UO634,FXX,1,0.0,1,1,1.0,0,0,0,-9999.0,0.625,1,P45_CV0,2,2,0,0,2,0,2,0,2
86,-523433.7551,-586632.5003,E86_F23_m30f30_P35_Y6_UO1376,ID30_F38_m37f37_P13_Y4_UO1682,I30_F93_m46f46_P93_Y1_UO2103,FXX,1,0.0,1,1,1.0,0,0,0,-9999.0,0.40625,1,P45_CV0,2,1,1,2,0,0,2,0,2
86,-523433.7551,-586632.5003,E86_F23_m90f90_P52_Y6_UO4286,I90_F57_m12f12_P52_Y2_UO704,ID90_F52_m12f12_P52_Y3_UO709,MXY,1,0.0,1,1,0.0,0,0,0,-9999.0,0.625,1,P45_CV0,2,0,2,1,1,0,2,0,2
86,-523433.7551,-586632.5003,E86_F90_m12f12_P52_Y6_UO748,I12_F86_m90f90_P86_Y1_UO4007,ID12_F52_m-1f-1_P46_Y-1_U19,MXY,1,0.0,1,1,0.0,0,0,0,-9999.0,0.625,1,P45_CV0,2,1,1,0,2,0,2,0,2
86,-523433.7551,-586632.5003,E86_F90_m46f46_P52_Y6_UO2358,I46_F52_m-1f-1_P7_Y-1_U133,I46_F13_m30f30_P52_Y3_UO1432,MXY,1,0.0,1,1,0.0,0,0,0,-9999.0,0.5,1,P45_CV0,2,1,1,2,0,0,2,0,2
86,-523433.7551,-586632.5003,E86_F90_m23f23_P86_Y6_UO1134,I23_F57_m92f92_P57_Y4_UO4324,I23_F52_m46f46_P52_Y2_UO2229,MXY,1,0.0,1,1,0.0,0,0,0,-9999.0,0.4375,1,P45_CV0,2,1,1,1,1,0,2,0,2
86,-523433.7551,-586632.5003,E86_F90_m46f46_P86_Y6_UO2355,I46_F19_m-1f-1_P46_Y-1_U31,I46_F86_m87f87_P19_Y3_UO4025,MXY,1,0.0,1,1,0.0,0,0,0,-9999.0,0.125,1,P45_CV0,2,0,2,1,1,0,2,0,2
86,-523433.7551,-586632.5003,E86_F12_m46f46_P52_Y5_UO2315,I46_F93_m-1f-1_P46_Y-1_U108,I46_F52_m7f7_P13_Y3_UO453,MXY,2,0.0,1,0,0.0,0,0,0,-9999.0,0.25,1,P45_CV0,2,0,2,0,2,0,2,0,2
86,-523433.7551,-586632.5003,E86_F45_m23f23_P76_Y5_UO1234,I23_F57_m-1f-1_P23_Y-1_U102,I23_F57_m46f46_P52_Y2_UO2229,FXX,2,0.0,1,0,1.0,0,0,0,-9999.0,0.4375,1,P45_CV0,2,2,0,1,1,0,2,0,2
86,-523433.7551,-586632.5003,E86_F90_m12f12_P52_Y5_UO701,I12_F86_m12f12_P52_Y3_UO657,I12_F52_m-1f-1_P46_Y-1_U164,MXY,2,0.0,1,0,0.0,0,0,0,-9999.0,0.875,1,P45_CV0,2,2,0,1,1,0,2,0,2
86,-523433.7551,-586632.5003,E86_F12_m46f46_P86_Y4_UO2202,I46_F13_m46f46_P52_Y2_UO2257,I46_F13_m-1f-1_P46_Y-1_U76,MXY,3,0.0,1,0,0.0,0,0,0,-9999.0,1.0,1,P45_CV0,2,2,0,1,1,0,2,0,2
86,-523433.7551,-586632.5003,E86_F12_m46f46_P52_Y4_UO2258,I46_F52_m-1f-1_P46_Y-1_U53,I46_F52_m-1f-1_P46_Y-1_U213,MXY,3,0.0,1,0,0.0,0,0,0,-9999.0,0.5,1,P45_CV0,2,1,1,1,1,0,2,0,2
86,-523433.7551,-586632.5003,E86_F40_m45f45_P6_Y3_UO2152,I45_F57_m46f46_P52_Y0_UO2372,ID45_F52_m12f12_P86_Y1_UO622,FXX,4,0.0,1,0,1.0,0,0,0,-9999.0,0.25,1,P45_CV0,2,0,2,0,2,0,2,0,2
86,-523433.7551,-586632.5003,E86_F46_m30f30_P52_Y3_UO1432,I30_F52_m-1f-1_P7_Y-1_U132,ID30_F52_m46f46_P93_Y1_UO2153,MXY,4,0.0,1,0,0.0,0,0,0,-9999.0,0.5,1,P45_CV0,2,2,0,1,1,0,2,0,2
86,-523433.7551,-586632.5003,E86_F12_m12f12_P52_Y2_UO739,ID12_F52_m-1f-1_P46_Y-1_U75,I12_F86_m-1f-1_P12_Y-1_U154,FXX,5,0.0,1,0,1.0,0,0,0,-9999.0,0.25,1,P45_CV0,2,0,2,1,1,0,2,0,2
86,-523433.7551,-586632.5003,E86_F90_m30f30_P35_Y2_UO1351,I30_F38_m46f46_P52_Y0_UO2376,ID30_F93_m12f12_P93_Y0_UO750,FXX,5,0.0,1,0,1.0,0,0,0,-9999.0,0.625,1,P45_CV0,2,2,0,0,2,0,2,0,2
86,-523433.7551,-586632.5003,E86_F30_m46f46_P93_Y1_UO2103,ID46_F52_m-1f-1_P12_Y-1_U79,I46_F52_m-1f-1_P46_Y-1_U147,MXY,6,0.0,1,0,0.0,0,0,0,-9999.0,0.5,1,P45_CV0,2,0,2,2,0,0,2,0,2
86,-523433.7551,-586632.5003,E86_F45_m12f12_P86_Y1_UO699,I12_F86_m-1f-1_P12_Y-1_U163,ID12_F93_m-1f-1_P46_Y-1_U111,MXY,6,0.0,1,0,0.0,0,0,0,-9999.0,0.5,1,P45_CV0,2,1,1,2,0,0,2,0,2
86,-523433.7551,-586632.5003,E86_F46_m46f46_P52_Y1_UO2134,I46_F52_m-1f-1_P46_Y-1_U5,I46_F52_m-1f-1_P46_Y-1_U37,MXY,6,0.0,1,0,0.0,0,0,0,-9999.0,0.75,1,P45_CV0,2,1,1,0,2,0,2,0,2
86,-523433.7551,-586632.5003,E86_F12_m-1f-1_P46_Y-1_U83,-9999,-9999,MXY,9,0.0,1,0,0.0,0,0,0,-9999.0,1.0,1,P45_CV0,2,2,0,1,1,0,2,0,2
86,-523433.7551,-586632.5003,E86_F46_m-1f-1_P46_Y-1_U78,-9999,-9999,FXX,11,0.0,1,0,1.0,0,0,0,-9999.0,1.0,1,P45_CV0,2,2,0,1,1,0,2,0,2
86,-523433.7551,-586632.5003,E86_F90_m50f50_P57_Y4_UO2371,I50_F99_m50f50_P99_Y1_UO2259,ID50_F99_m47f47_P81_Y1_UO2164,MXY,3,0.0,1,0,0.0,0,0,0,-9999.0,0.875,1,P46_CV0,2,2,0,1,1,0,2,0,2
86,-523433.7551,-586632.5003,Age0_F86_m12f12_P86_Y7_UO755,I12_F52_m50f50_P6_Y0_UO2552,I12_F52_m-1f-1_P12_Y-1_U195,FXX,0,0.0,0,0,0.0,0,0,0,0.0,0.75,1,P49_CV0,2,1,1,1,1,0,2,0,2
86,-523433.7551,-586632.5003,Age0_F86_m23f23_P86_Y7_UO1193,I23_F86_m92f92_P57_Y1_UO4099,I23_F27_m42f42_P27_Y5_UO1968,FXX,0,0.0,0,0,0.0,0,0,0,0.0,0.875,1,P49_CV0,2,2,0,1,1,0,2,0,2
86,-523433.7551,-586632.5003,Age0_F86_m23f23_P86_Y7_UO1228,ID23_F86_m-1f-1_P45_Y-1_U71,I23_F86_m23f23_P99_Y5_UO1174,MXY,0,0.0,0,0,0.0,0,0,0,0.0,0.375,1,P49_CV0,2,0,2,0,2,0,2,0,2
86,-523433.7551,-586632.5003,Age0_F86_m45f45_P86_Y7_UO2202,I45_F6_m23f23_P86_Y5_UO1192,I45_F68_m25f25_P8_Y4_UO1244,FXX,0,0.0,0,0,0.0,0,0,0,0.0,0.65625,1,P49_CV0,2,2,0,0,2,0,2,0,2
86,-523433.7551,-586632.5003,Age0_F86_m90f90_P86_Y7_UO4220,ID90_F6_m50f50_P99_Y5_UO2433,ID90_F27_m23f23_P27_Y3_UO1183,FXX,0,0.0,0,0,0.0,0,0,0,0.0,0.3125,1,P49_CV0,2,0,2,0,2,0,2,0,2
86,-523433.7551,-586632.5003,E86_F23_m42f42_P27_Y6_UO2065,I42_F99_m-1f-1_P50_Y-1_U127,I42_F99_m58f58_P99_Y2_UO2784,FXX,1,0.0,1,1,1.0,0,0,0,-9999.0,0.25,1,P49_CV0,2,0,2,1,1,0,2,0,2
86,-523433.7551,-586632.5003,E86_F23_m90f90_P86_Y6_UO4289,ID90_F27_m23f23_P86_Y2_UO1190,I90_F27_m-1f-1_P92_Y-1_U110,FXX,1,0.0,1,1,1.0,0,0,0,-9999.0,0.5625,1,P49_CV0,2,1,1,2,0,0,2,0,2
86,-523433.7551,-586632.5003,E86_F23_m50f50_P27_Y6_UO2479,I50_F99_m-1f-1_P50_Y-1_U174,I50_F6_m-1f-1_P40_Y-1_U246,FXX,1,0.0,1,1,1.0,0,0,0,-9999.0,0.75,1,P49_CV0,2,1,1,2,0,0,2,0,2
86,-523433.7551,-586632.5003,E86_F23_m92f92_P6_Y6_UO4369,ID92_F6_m50f50_P6_Y4_UO2419,I92_F57_m45f45_P6_Y3_UO2206,MXY,1,0.0,1,1,0.0,0,0,0,-9999.0,0.25,1,P49_CV0,2,2,0,1,1,0,2,0,2
86,-523433.7551,-586632.5003,E86_F23_m50f50_P27_Y6_UO2434,I50_F99_m50f50_P99_Y3_UO2412,I50_F57_m42f42_P99_Y3_UO1971,FXX,1,0.0,1,1,1.0,0,0,0,-9999.0,0.1875,1,P49_CV0,2,1,1,0,2,0,2,0,2
86,-523433.7551,-586632.5003,E86_F23_m50f50_P57_Y6_UO2468,ID50_F81_m5f5_P81_Y0_UO364,I50_F99_m50f50_P99_Y2_UO2385,MXY,1,0.0,1,1,0.0,0,0,0,-9999.0,0.5,1,P49_CV0,2,1,1,1,1,0,2,0,2
86,-523433.7551,-586632.5003,E86_F45_m40f40_P6_Y6_UO1930,I40_F57_m45f45_P6_Y4_UO2188,I40_F6_m-1f-1_P94_Y-1_U237,MXY,1,0.0,1,1,0.0,0,0,0,-9999.0,0.375,1,P49_CV0,2,0,2,1,1,0,2,0,2
86,-523433.7551,-586632.5003,E86_F90_m45f45_P6_Y6_UO2222,I45_F6_m92f92_P6_Y2_UO4274,I45_F57_m84f84_P8_Y2_UO3884,MXY,1,0.0,1,1,0.0,0,0,0,-9999.0,0.8125,1,P49_CV0,2,1,1,1,1,0,2,0,2
86,-523433.7551,-586632.5003,E86_F90_m92f92_P57_Y6_UO4452,I92_F99_m-1f-1_P50_Y-1_U206,ID92_F99_m58f58_P99_Y3_UO2772,FXX,1,0.0,1,1,1.0,0,0,0,-9999.0,0.5,1,P49_CV0,2,1,1,1,1,0,2,0,2
86,-523433.7551,-586632.5003,E86_F90_m50f50_P99_Y6_UO2482,I50_F99_m-1f-1_P50_Y-1_U68,I50_F99_m-1f-1_P50_Y-1_U141,FXX,1,0.0,1,1,1.0,0,0,0,-9999.0,0.75,1,P49_CV0,2,2,0,2,0,0,2,0,2
86,-523433.7551,-586632.5003,E86_F12_m23f23_P52_Y5_UO1199,I23_F6_m50f50_P99_Y0_UO2599,I23_F86_m92f92_P57_Y3_UO4275,MXY,2,0.0,1,0,0.0,0,0,0,-9999.0,0.75,1,P49_CV0,2,1,1,1,1,0,2,0,2
86,-523433.7551,-586632.5003,E86_F23_m23f23_P99_Y5_UO1174,I23_F6_m40f40_P57_Y2_UO1932,I23_F86_m50f50_P57_Y2_UO2456,MXY,2,0.0,1,0,0.0,0,0,0,-9999.0,0.25,1,P49_CV0,2,1,1,0,2,0,2,0,2
86,-523433.7551,-586632.5003,E86_F45_m45f45_P86_Y5_UO2221,I45_F6_m-1f-1_P50_Y-1_U212,ID45_F52_m-1f-1_P46_Y-1_U216,MXY,2,0.0,1,0,0.0,0,0,0,-9999.0,0.25,1,P49_CV0,2,1,1,2,0,0,2,0,2
86,-523433.7551,-586632.5003,E86_F45_m23f23_P86_Y5_UO1192,I23_F86_m12f12_P52_Y1_UO665,I23_F52_m40f40_P57_Y3_UO1922,FXX,2,0.0,1,0,1.0,0,0,0,-9999.0,0.625,1,P49_CV0,2,2,0,1,1,0,2,0,2
86,-523433.7551,-586632.5003,E86_F90_m50f50_P99_Y5_UO2433,I50_F99_m50f50_P99_Y0_UO2609,I50_F99_m-1f-1_P50_Y-1_U97,FXX,2,0.0,1,0,1.0,0,0,0,-9999.0,0.25,1,P49_CV0,2,0,2,0,2,0,2,0,2
86,-523433.7551,-586632.5003,E86_F23_m92f92_P6_Y4_UO4298,ID92_F6_m50f50_P6_Y2_UO2405,I92_F86_m58f58_P99_Y2_UO2772,MXY,3,0.0,1,0,0.0,0,0,0,-9999.0,0.625,1,P49_CV0,2,1,1,2,0,0,2,0,2
86,-523433.7551,-586632.5003,E86_F45_m92f92_P6_Y4_UO4299,I92_F6_m50f50_P99_Y2_UO2420,I92_F99_m50f50_P6_Y0_UO2544,MXY,3,0.0,1,0,0.0,0,0,0,-9999.0,0.875,1,P49_CV0,2,2,0,2,0,0,2,0,2
86,-523433.7551,-586632.5003,E86_F90_m23f23_P57_Y4_UO1153,ID23_F6_m23f23_P86_Y2_UO1190,I23_F99_m42f42_P6_Y1_UO1845,MXY,3,0.0,1,0,0.0,0,0,0,-9999.0,0.0625,1,P49_CV0,2,0,2,0,2,0,2,0,2
86,-523433.7551,-586632.5003,E86_F90_m90f90_P86_Y4_UO4256,I90_F35_m-1f-1_P23_Y-1_U215,I90_F35_m50f50_P27_Y2_UO2442,FXX,3,0.0,1,0,1.0,0,0,0,-9999.0,0.25,1,P49_CV0,2,0,2,2,0,0,2,0,2
86,-523433.7551,-586632.5003,E86_F23_m23f23_P57_Y3_UO1177,I23_F86_m50f50_P27_Y0_UO2537,I23_F57_m23f23_P76_Y1_UO1146,FXX,4,0.0,1,0,1.0,0,0,0,-9999.0,0.625,1,P49_CV0,2,2,0,1,1,0,2,0,2
86,-523433.7551,-586632.5003,E86_F90_m23f23_P57_Y3_UO1201,ID23_F6_m-1f-1_P23_Y-1_U7,ID23_F86_m50f50_P27_Y0_UO2545,MXY,4,0.0,1,0,0.0,0,0,0,-9999.0,0.375,1,P49_CV0,2,0,2,2,0,0,2,0,2
86,-523433.7551,-586632.5003,E86_F45_m92f92_P6_Y2_UO4274,I92_F27_m50f50_P99_Y0_UO2615,I92_F6_m-1f-1_P92_Y-1_U98,FXX,5,0.0,1,0,1.0,0,0,0,-9999.0,0.625,1,P49_CV0,2,1,1,1,1,0,2,0,2
86,-523433.7551,-586632.5003,E86_F45_m40f40_P6_Y1_UO1780,ID40_F6_m-1f-1_P50_Y-1_U63,I40_F6_m-1f-1_P40_Y-1_U107,MXY,6,0.0,1,0,0.0,0,0,0,-9999.0,0.25,1,P49_CV0,2,0,2,1,1,0,2,0,2
86,-523433.7551,-586632.5003,E86_F12_m50f50_P6_Y0_UO2552,R50_F50_m-1f-1_P50_Y-1_U61,R50_F50_m-1f-1_P50_Y-1_U18,FXX,7,0.0,1,0,1.0,0,0,0,-9999.0,0.5,1,P49_CV0,2,1,1,1,1,0,2,0,2
86,-523433.7551,-586632.5003,E86_F92_m-1f-1_P50_Y-1_U84,-9999,-9999,MXY,11,0.0,1,0,0.0,0,0,0,-9999.0,0.0,1,P49_CV0,2,0,2,0,2,0,2,0,2
86,-523433.7551,-586632.5003,E86_F90_m-1f-1_P50_Y-1_U212,-9999,-9999,FXX,14,0.0,1,0,1.0,0,0,0,-9999.0,0.0,1,P49_CV0,2,0,2,1,1,0,2,0,2
86,-523433.7551,-586632.5003,E86_F90_m40f40_P6_Y6_UO1959,I40_F6_m5f5_P81_Y1_UO292,I40_F57_m92f92_P57_Y2_UO4318,MXY,1,0.0,1,1,0.0,0,0,0,-9999.0,0.625,1,P4_CV0,2,1,1,0,2,0,2,0,2
86,-523433.7551,-586632.5003,E86_F12_m90f90_P86_Y6_UO4233,I90_F86_m42f42_P99_Y4_UO1998,I90_F86_m23f23_P86_Y4_UO1232,FXX,1,0.0,1,1,1.0,0,0,0,-9999.0,0.4375,1,P57_CV0,2,1,1,2,0,0,2,0,2
86,-523433.7551,-586632.5003,E86_F23_m92f92_P27_Y6_UO4406,I92_F6_m90f90_P6_Y2_UO4195,I92_F57_m58f58_P6_Y1_UO2648,FXX,1,0.0,1,1,1.0,0,0,0,-9999.0,0.5,1,P57_CV0,2,0,2,2,0,0,2,0,2
86,-523433.7551,-586632.5003,E86_F31_m94f94_P98_Y6_UO4458,I94_F81_m94f94_P91_Y4_UO4451,ID94_F81_m-1f-1_P94_Y-1_U67,FXX,1,0.0,1,1,1.0,0,0,0,-9999.0,0.5,1,P57_CV0,2,2,0,0,2,0,2,0,2
86,-523433.7551,-586632.5003,E86_F90_m90f90_P6_Y6_UO4262,ID90_F86_m92f92_P57_Y3_UO4252,I90_F57_m12f12_P52_Y4_UO685,FXX,1,0.0,1,1,1.0,0,0,0,-9999.0,0.65625,1,P57_CV0,2,2,0,1,1,0,2,0,2
86,-523433.7551,-586632.5003,E86_F90_m92f92_P57_Y6_UO4358,I92_F6_m40f40_P99_Y4_UO1941,I92_F57_m58f58_P6_Y1_UO2648,MXY,1,0.0,1,1,0.0,0,0,0,-9999.0,0.625,1,P57_CV0,2,1,1,2,0,0,2,0,2
86,-523433.7551,-586632.5003,E86_F90_m92f92_P57_Y6_UO4413,I92_F6_m58f58_P6_Y2_UO2776,I92_F57_m90f90_P86_Y2_UO4182,MXY,1,0.0,1,1,0.0,0,0,0,-9999.0,0.5,1,P57_CV0,2,1,1,2,0,0,2,0,2
86,-523433.7551,-586632.5003,E86_F90_m45f45_P86_Y6_UO2210,I45_F86_m92f92_P99_Y3_UO4306,I45_F86_m45f45_P6_Y1_UO1992,FXX,1,0.0,1,1,1.0,0,0,0,-9999.0,0.625,1,P57_CV0,2,1,1,0,2,0,2,0,2
86,-523433.7551,-586632.5003,E86_F90_m23f23_P6_Y5_UO1218,I23_F57_m-1f-1_P23_Y-1_U162,ID23_F27_m40f40_P57_Y3_UO1900,MXY,2,0.0,1,0,0.0,0,0,0,-9999.0,0.5,1,P57_CV0,2,0,2,0,2,0,2,0,2
86,-523433.7551,-586632.5003,E86_F23_m40f40_P57_Y3_UO1900,ID40_F99_m58f58_P99_Y0_UO2974,ID40_F36_m65f65_P8_Y1_UO3020,MXY,4,0.0,1,0,0.0,0,0,0,-9999.0,0.5,1,P57_CV0,2,0,2,1,1,0,2,0,2
86,-523433.7551,-586632.5003,E86_F23_m92f92_P76_Y3_UO4318,ID92_F99_m-1f-1_P58_Y-1_U216,I92_F6_m40f40_P99_Y1_UO1729,MXY,4,0.0,1,0,0.0,0,0,0,-9999.0,0.625,1,P57_CV0,2,1,1,0,2,0,2,0,2
86,-523433.7551,-586632.5003,E86_F90_m23f23_P86_Y3_UO1169,I23_F6_m58f58_P99_Y0_UO2984,I23_F6_m90f90_P6_Y1_UO4060,MXY,4,0.0,1,0,0.0,0,0,0,-9999.0,0.625,1,P57_CV0,2,1,1,0,2,0,2,0,2
86,-523433.7551,-586632.5003,Age0_F86_m46f46_P86_Y7_UO2309,I46_F52_m60f60_P75_Y3_UO2854,I46_F52_m78f78_P13_Y0_UO3794,FXX,0,0.0,0,0,0.0,0,0,0,0.0,0.5,1,P59_CV0,2,0,2,2,0,0,2,0,2
86,-523433.7551,-586632.5003,E86_F46_m39f39_P93_Y6_UO1832,I39_F19_m87f87_P51_Y4_UO4090,I39_F19_m39f39_P51_Y3_UO1795,FXX,1,0.0,1,1,1.0,0,0,0,-9999.0,0.625,1,P59_CV0,2,1,1,0,2,0,2,0,2
86,-523433.7551,-586632.5003,E86_F46_m60f60_P75_Y3_UO2854,ID60_F75_m-1f-1_P60_Y-1_U228,I60_F75_m-1f-1_P60_Y-1_U186,FXX,4,0.0,1,0,1.0,0,0,0,-9999.0,0.25,1,P59_CV0,2,0,2,2,0,0,2,0,2
86,-523433.7551,-586632.5003,Age0_F86_m45f45_P86_Y7_UO2219,ID45_F8_m63f63_P68_Y3_UO3027,I45_F57_m65f65_P8_Y5_UO3170,MXY,0,0.0,0,0,0.0,0,0,0,0.0,0.375,1,P62_CV0,2,1,1,0,2,0,2,0,2
86,-523433.7551,-586632.5003,E86_F45_m65f65_P8_Y5_UO3170,I65_F68_m25f25_P68_Y0_UO1384,I65_F8_m63f63_P8_Y0_UO3299,MXY,2,0.0,1,0,0.0,0,0,0,-9999.0,0.375,1,P62_CV0,2,0,2,0,2,0,2,0,2
86,-523433.7551,-586632.5003,E86_F45_m63f63_P68_Y3_UO3027,I63_F8_m-1f-1_P63_Y-1_U181,I63_F69_m63f63_P68_Y0_UO3254,FXX,4,0.0,1,0,1.0,0,0,0,-9999.0,0.375,1,P62_CV0,2,1,1,1,1,0,2,0,2
86,-523433.7551,-586632.5003,Age0_F86_m45f45_P86_Y7_UO2197,I45_F8_m25f25_P8_Y5_UO1289,I45_F57_m40f40_P6_Y1_UO1780,MXY,0,0.0,0,0,0.0,0,0,0,0.0,0.3125,1,P64_CV0,2,1,1,1,1,0,2,0,2
86,-523433.7551,-586632.5003,E86_F45_m25f25_P8_Y5_UO1289,ID25_F8_m25f25_P8_Y1_UO1247,I25_F69_m63f63_P8_Y1_UO2945,FXX,2,0.0,1,0,1.0,0,0,0,-9999.0,0.375,1,P64_CV0,2,1,1,2,0,0,2,0,2
86,-523433.7551,-586632.5003,E86_F45_m45f45_P6_Y5_UO2187,I45_F8_m65f65_P8_Y0_UO3380,ID45_F86_m40f40_P57_Y3_UO1927,MXY,2,0.0,1,0,0.0,0,0,0,-9999.0,0.5,1,P64_CV0,2,1,1,0,2,0,2,0,2
86,-523433.7551,-586632.5003,E86_F45_m85f85_P36_Y4_UO3986,ID85_F36_m-1f-1_P65_Y-1_U5,I85_F69_m85f85_P98_Y0_UO4283,MXY,3,0.0,1,0,0.0,0,0,0,-9999.0,0.375,1,P64_CV0,2,1,1,0,2,0,2,0,2
86,-523433.7551,-586632.5003,E86_F23_m65f65_P98_Y3_UO3173,ID65_F8_m-1f-1_P63_Y-1_U97,I65_F98_m65f65_P98_Y1_UO2988,FXX,4,0.0,1,0,1.0,0,0,0,-9999.0,0.625,1,P64_CV0,2,2,0,1,1,0,2,0,2
86,-523433.7551,-586632.5003,E86_F45_m65f65_P68_Y1_UO2991,I65_F68_m-1f-1_P65_Y-1_U213,I65_F28_m-1f-1_P65_Y-1_U173,MXY,6,0.0,1,0,0.0,0,0,0,-9999.0,0.0,1,P64_CV0,2,0,2,2,0,0,2,0,2
86,-523433.7551,-586632.5003,E86_F45_m40f40_P99_Y1_UO1770,I40_F57_m-1f-1_P40_Y-1_U190,ID40_F69_m-1f-1_P65_Y-1_U112,FXX,6,0.0,1,0,1.0,0,0,0,-9999.0,0.5,1,P64_CV0,2,1,1,0,2,0,2,0,2
86,-523433.7551,-586632.5003,Age0_F86_m12f12_P86_Y7_UO705,ID12_F52_m46f46_P13_Y5_UO2256,ID12_F52_m-1f-1_P46_Y-1_U83,MXY,0,0.0,0,0,0.0,0,0,0,0.0,0.625,1,P6_CV0,2,2,0,0,2,0,2,0,2
86,-523433.7551,-586632.5003,Age0_F86_m12f12_P86_Y7_UO717,I12_F52_m30f30_P93_Y4_UO1412,ID12_F52_m-1f-1_P12_Y-1_U120,FXX,0,0.0,0,0,0.0,0,0,0,0.0,0.25,1,P6_CV0,2,1,1,2,0,0,2,0,2
86,-523433.7551,-586632.5003,Age0_F86_m23f23_P86_Y7_UO1215,ID23_F99_m-1f-1_P92_Y-1_U238,ID23_F6_m7f7_P35_Y4_UO411,FXX,0,0.0,0,0,0.0,0,0,0,0.0,0.4375,1,P6_CV0,2,1,1,2,0,0,2,0,2
86,-523433.7551,-586632.5003,Age0_F86_m46f46_P86_Y7_UO2286,I46_F86_m12f12_P52_Y4_UO723,I46_F93_m7f7_P38_Y0_UO409,MXY,0,0.0,0,0,0.0,0,0,0,0.0,0.4375,1,P6_CV0,2,2,0,1,1,0,2,0,2
86,-523433.7551,-586632.5003,E86_F23_m30f30_P86_Y6_UO1461,I30_F38_m-1f-1_P7_Y-1_U36,ID30_F52_m-1f-1_P7_Y-1_U33,FXX,1,0.0,1,1,1.0,0,0,0,-9999.0,0.25,1,P6_CV0,2,1,1,0,2,0,2,0,2
86,-523433.7551,-586632.5003,E86_F46_m78f78_P13_Y6_UO3498,I78_F13_m78f78_P93_Y4_UO3428,I78_F29_m37f37_P38_Y3_UO1780,MXY,1,0.0,1,1,0.0,0,0,0,-9999.0,0.375,1,P6_CV0,2,2,0,0,2,0,2,0,2
86,-523433.7551,-586632.5003,E86_F90_m12f12_P52_Y6_UO712,I12_F52_m30f30_P93_Y4_UO1412,I12_F52_m46f46_P52_Y1_UO2109,FXX,1,0.0,1,1,1.0,0,0,0,-9999.0,0.125,1,P6_CV0,2,0,2,1,1,0,2,0,2
86,-523433.7551,-586632.5003,E86_F12_m46f46_P52_Y5_UO2319,ID46_F86_m-1f-1_P23_Y-1_U36,ID46_F13_m7f7_P38_Y0_UO469,MXY,2,0.0,1,0,0.0,0,0,0,-9999.0,0.375,1,P6_CV0,2,1,1,2,0,0,2,0,2
86,-523433.7551,-586632.5003,E86_F12_m30f30_P52_Y5_UO1379,I30_F52_m7f7_P74_Y2_UO441,I30_F13_m78f78_P93_Y0_UO3768,MXY,2,0.0,1,0,0.0,0,0,0,-9999.0,0.5,1,P6_CV0,2,1,1,1,1,0,2,0,2
86,-523433.7551,-586632.5003,E86_F12_m46f46_P13_Y5_UO2256,ID46_F52_m23f23_P27_Y2_UO1203,ID46_F86_m30f30_P52_Y2_UO1450,FXX,2,0.0,1,0,1.0,0,0,0,-9999.0,0.25,1,P6_CV0,2,2,0,0,2,0,2,0,2
86,-523433.7551,-586632.5003,E86_F90_m37f37_P52_Y5_UO1751,I37_F38_m7f7_P74_Y1_UO399,I37_F52_m78f78_P13_Y3_UO3527,FXX,2,0.0,1,0,1.0,0,0,0,-9999.0,0.625,1,P6_CV0,2,1,1,1,1,0,2,0,2
86,-523433.7551,-586632.5003,E86_F12_m30f30_P93_Y4_UO1412,I30_F74_m-1f-1_P7_Y-1_U167,I30_F74_m37f37_P38_Y2_UO1690,FXX,3,0.0,1,0,1.0,0,0,0,-9999.0,0.0,1,P6_CV0,2,0,2,2,0,0,2,0,2
86,-523433.7551,-586632.5003,Age0_F86_m12f12_P86_Y7_UO732,ID12_F52_m30f30_P52_Y3_UO1343,I12_F35_m-1f-1_P46_Y-1_U164,MXY,0,0.0,0,0,0.0,0,0,0,0.0,0.75,1,P77_CV0,2,2,0,1,1,0,2,0,2
86,-523433.7551,-586632.5003,Age0_F86_m12f12_P86_Y7_UO735,I12_F86_m90f90_P86_Y2_UO4200,I12_F52_m37f37_P52_Y3_UO1665,FXX,0,0.0,0,0,0.0,0,0,0,0.0,0.625,1,P77_CV0,2,1,1,0,2,0,2,0,2
86,-523433.7551,-586632.5003,Age0_F86_m90f90_P86_Y7_UO4206,I90_F86_m50f50_P57_Y5_UO2376,ID90_F52_m12f12_P52_Y3_UO680,FXX,0,0.0,0,0,0.0,0,0,0,0.0,0.53125,1,P77_CV0,2,1,1,0,2,0,2,0,2
86,-523433.7551,-586632.5003,E86_F37_m37f37_P74_Y6_UO1776,I37_F74_m7f7_P38_Y2_UO414,I37_F74_m30f30_P38_Y4_UO1378,MXY,1,0.0,1,1,0.0,0,0,0,-9999.0,0.375,1,P77_CV0,2,0,2,0,2,0,2,0,2
86,-523433.7551,-586632.5003,E86_F46_m30f30_P93_Y6_UO1392,I30_F38_m78f78_P13_Y3_UO3513,I30_F52_m37f37_P38_Y4_UO1787,FXX,1,0.0,1,1,1.0,0,0,0,-9999.0,0.375,1,P77_CV0,2,1,1,1,1,0,2,0,2
86,-523433.7551,-586632.5003,E86_F30_m7f7_P74_Y5_UO418,I7_F74_m7f7_P74_Y3_UO405,ID7_F13_m78f78_P93_Y1_UO3375,MXY,2,0.0,1,0,0.0,0,0,0,-9999.0,0.5,1,P77_CV0,2,2,0,0,2,0,2,0,2
86,-523433.7551,-586632.5003,E86_F12_m37f37_P52_Y3_UO1665,I37_F38_m7f7_P38_Y1_UO433,ID37_F13_m78f78_P13_Y1_UO3357,MXY,4,0.0,1,0,0.0,0,0,0,-9999.0,0.625,1,P77_CV0,2,1,1,1,1,0,2,0,2
86,-523433.7551,-586632.5003,E86_F12_m30f30_P52_Y3_UO1343,I30_F74_m30f30_P13_Y1_UO1348,I30_F38_m78f78_P93_Y1_UO3375,FXX,4,0.0,1,0,1.0,0,0,0,-9999.0,0.5,1,P77_CV0,2,2,0,2,0,0,2,0,2
86,-523433.7551,-586632.5003,E86_F46_m78f78_P13_Y1_UO3332,ID78_F13_m-1f-1_P78_Y-1_U150,I78_F13_m-1f-1_P78_Y-1_U119,MXY,6,0.0,1,0,0.0,0,0,0,-9999.0,0.25,1,P77_CV0,2,0,2,1,1,0,2,0,2
86,-523433.7551,-586632.5003,E86_F45_m78f78_P93_Y0_UO3753,R78_F78_m-1f-1_P78_Y-1_U81,R78_F78_m-1f-1_P78_Y-1_U30,MXY,7,0.0,1,0,0.0,0,0,0,-9999.0,0.5,1,P77_CV0,2,2,0,2,0,0,2,0,2
86,-523433.7551,-586632.5003,Age0_F86_m40f40_P86_Y7_UO1967,I40_F57_m-1f-1_P85_Y-1_U149,I40_F86_m58f58_P99_Y5_UO2760,FXX,0,0.0,0,0,0.0,0,0,0,0.0,0.5,1,P84_CV0,2,0,2,1,1,0,2,0,2
86,-523433.7551,-586632.5003,Age0_F86_m45f45_P86_Y7_UO2223,I45_F57_m63f63_P8_Y3_UO2985,ID45_F86_m7f7_P86_Y4_UO500,MXY,0,0.0,0,0,0.0,0,0,0,0.0,0.625,1,P84_CV0,2,0,2,1,1,0,2,0,2
86,-523433.7551,-586632.5003,Age0_F86_m45f45_P86_Y7_UO2254,I45_F8_m-1f-1_P42_Y-1_U226,I45_F8_m25f25_P68_Y1_UO1185,FXX,0,0.0,0,0,0.0,0,0,0,0.0,0.5,1,P84_CV0,2,2,0,1,1,0,2,0,2
86,-523433.7551,-586632.5003,E86_F23_m92f92_P99_Y6_UO4434,ID92_F57_m-1f-1_P58_Y-1_U172,I92_F57_m85f85_P98_Y4_UO3921,FXX,1,0.0,1,1,1.0,0,0,0,-9999.0,0.25,1,P84_CV0,2,0,2,0,2,0,2,0,2
86,-523433.7551,-586632.5003,E86_F31_m85f85_P36_Y6_UO4043,I85_F36_m85f85_P36_Y1_UO3754,ID85_F8_m31f31_P68_Y3_UO1467,FXX,1,0.0,1,1,1.0,0,0,0,-9999.0,0.3125,1,P84_CV0,2,0,2,0,2,0,2,0,2
86,-523433.7551,-586632.5003,E86_F45_m63f63_P8_Y3_UO2985,I63_F68_m85f85_P69_Y1_UO3814,I63_F68_m63f63_P8_Y1_UO2922,FXX,4,0.0,1,0,1.0,0,0,0,-9999.0,0.625,1,P84_CV0,2,1,1,0,2,0,2,0,2
86,-523433.7551,-586632.5003,E86_F40_m-1f-1_P85_Y-1_U149,-9999,-9999,FXX,8,0.0,1,0,1.0,0,0,0,-9999.0,0.5,1,P84_CV0,2,1,1,1,1,0,2,0,2
86,-523433.7551,-586632.5003,Age0_F86_m46f46_P86_Y7_UO2318,ID46_F52_m37f37_P13_Y2_UO1709,I46_F52_m39f39_P19_Y5_UO1817,FXX,0,0.0,0,0,0.0,0,0,0,0.0,0.46875,1,P86_CV0,2,0,2,1,1,0,2,0,2
86,-523433.7551,-586632.5003,E86_F12_m30f30_P52_Y6_UO1452,I30_F13_m-1f-1_P30_Y-1_U85,ID30_F38_m7f7_P74_Y4_UO403,FXX,1,0.0,1,1,1.0,0,0,0,-9999.0,0.15625,1,P87_CV0,2,1,1,1,1,0,2,0,2
86,-523433.7551,-586632.5003,E86_F46_m30f30_P52_Y5_UO1381,I30_F38_m88f88_P29_Y2_UO4123,ID30_F52_m-1f-1_P30_Y-1_U233,MXY,2,0.0,1,0,0.0,0,0,0,-9999.0,0.75,1,P87_CV0,2,2,0,0,2,0,2,0,2
86,-523433.7551,-586632.5003,Age0_F86_m12f12_P86_Y7_UO701,I12_F52_m45f45_P57_Y5_UO2216,I12_F19_m12f12_P52_Y4_UO745,MXY,0,0.0,0,0,0.0,0,0,0,0.0,0.90625,1,P89_CV0,2,1,1,0,2,0,2,0,2
86,-523433.7551,-586632.5003,Age0_F86_m12f12_P86_Y7_UO706,I12_F86_m12f12_P86_Y5_UO770,ID12_F52_m90f90_P52_Y3_UO4207,MXY,0,0.0,0,0,0.0,0,0,0,0.0,0.5,1,P89_CV0,2,1,1,2,0,0,2,0,2
86,-523433.7551,-586632.5003,Age0_F86_m12f12_P86_Y7_UO711,ID12_F86_m46f46_P52_Y4_UO2203,I12_F86_m12f12_P52_Y5_UO708,MXY,0,0.0,0,0,0.0,0,0,0,0.0,0.5,1,P89_CV0,2,1,1,1,1,0,2,0,2
86,-523433.7551,-586632.5003,Age0_F86_m23f23_P86_Y7_UO1163,I23_F57_m23f23_P57_Y3_UO1189,I23_F27_m23f23_P6_Y3_UO1154,MXY,0,0.0,0,0,0.0,0,0,0,0.0,0.4375,1,P89_CV0,2,0,2,0,2,0,2,0,2
86,-523433.7551,-586632.5003,Age0_F86_m23f23_P86_Y7_UO1191,I23_F57_m90f90_P27_Y2_UO4268,I23_F86_m92f92_P6_Y4_UO4384,FXX,0,0.0,0,0,0.0,0,0,0,0.0,0.375,1,P89_CV0,2,1,1,1,1,0,2,0,2
86,-523433.7551,-586632.5003,Age0_F86_m46f46_P86_Y7_UO2264,I46_F93_m30f30_P52_Y5_UO1357,ID46_F86_m90f90_P35_Y5_UO4188,MXY,0,0.0,0,0,0.0,0,0,0,0.0,0.375,1,P89_CV0,2,1,1,1,1,0,2,0,2
86,-523433.7551,-586632.5003,Age0_F86_m46f46_P86_Y7_UO2293,I46_F52_m90f90_P52_Y4_UO4209,I46_F93_m-1f-1_P90_Y-1_U98,FXX,0,0.0,0,0,0.0,0,0,0,0.0,0.5625,1,P89_CV0,2,1,1,2,0,0,2,0,2
86,-523433.7551,-586632.5003,Age0_F86_m90f90_P86_Y7_UO4219,I90_F35_m92f92_P57_Y5_UO4314,I90_F6_m90f90_P86_Y4_UO4226,FXX,0,0.0,0,0,0.0,0,0,0,0.0,0.40625,1,P89_CV0,2,0,2,0,2,0,2,0,2
86,-523433.7551,-586632.5003,Age0_F86_m90f90_P86_Y7_UO4242,I90_F35_m12f12_P52_Y4_UO751,ID90_F86_m46f46_P86_Y4_UO2201,FXX,0,0.0,0,0,0.0,0,0,0,0.0,0.375,1,P89_CV0,2,1,1,2,0,0,2,0,2
86,-523433.7551,-586632.5003,Age0_F86_m90f90_P86_Y7_UO4245,I90_F57_m46f46_P52_Y4_UO2247,I90_F86_m92f92_P86_Y5_UO4371,FXX,0,0.0,0,0,0.0,0,0,0,0.0,0.625,1,P89_CV0,2,1,1,2,0,0,2,0,2
86,-523433.7551,-586632.5003,Age0_F86_m90f90_P86_Y7_UO4248,ID90_F99_m92f92_P57_Y4_UO4360,I90_F86_m-1f-1_P90_Y-1_U104,MXY,0,0.0,0,0,0.0,0,0,0,0.0,0.9375,1,P89_CV0,2,2,0,1,1,0,2,0,2
86,-523433.7551,-586632.5003,Age0_F86_m90f90_P86_Y7_UO4257,I90_F86_m50f50_P6_Y3_UO2392,I90_F57_m90f90_P35_Y1_UO3995,MXY,0,0.0,0,0,0.0,0,0,0,0.0,0.4375,1,P89_CV0,2,0,2,0,2,0,2,0,2
86,-523433.7551,-586632.5003,Age0_F86_m90f90_P86_Y7_UO4259,I90_F6_m90f90_P86_Y3_UO4168,I90_F57_m12f12_P86_Y5_UO702,MXY,0,0.0,0,0,0.0,0,0,0,0.0,0.5,1,P89_CV0,2,1,1,1,1,0,2,0,2
86,-523433.7551,-586632.5003,Age0_F86_m90f90_P86_Y7_UO4305,I90_F57_m-1f-1_P90_Y-1_U158,I90_F57_m90f90_P86_Y4_UO4269,FXX,0,0.0,0,0,0.0,0,0,0,0.0,0.21875,1,P89_CV0,2,1,1,1,1,0,2,0,2
86,-523433.7551,-586632.5003,Age0_F86_m90f90_P86_Y7_UO4307,I90_F52_m-1f-1_P90_Y-1_U226,ID90_F86_m12f12_P52_Y5_UO769,MXY,0,0.0,0,0,0.0,0,0,0,0.0,0.46875,1,P89_CV0,2,0,2,1,1,0,2,0,2
86,-523433.7551,-586632.5003,Age0_F86_m90f90_P86_Y7_UO4315,I90_F57_m-1f-1_P23_Y-1_U51,I90_F6_m90f90_P86_Y4_UO4226,MXY,0,0.0,0,0,0.0,0,0,0,0.0,0.375,1,P89_CV0,2,0,2,0,2,0,2,0,2
86,-523433.7551,-586632.5003,Age0_F86_m90f90_P86_Y7_UO4320,ID90_F6_m-1f-1_P50_Y-1_U212,ID90_F86_m12f12_P52_Y5_UO769,MXY,0,0.0,0,0,0.0,0,0,0,0.0,0.21875,1,P89_CV0,2,0,2,0,2,0,2,0,2
86,-523433.7551,-586632.5003,Age0_F86_m92f92_P86_Y7_UO4339,I92_F6_m90f90_P57_Y5_UO4202,ID92_F99_m50f50_P6_Y4_UO2369,MXY,0,0.0,0,0,0.0,0,0,0,0.0,0.5,1,P89_CV0,2,1,1,2,0,0,2,0,2
86,-523433.7551,-586632.5003,E86_F12_m12f12_P52_Y6_UO760,ID12_F52_m90f90_P52_Y0_UO4532,I12_F52_m30f30_P38_Y2_UO1349,MXY,1,0.0,1,1,0.0,0,0,0,-9999.0,0.5625,1,P89_CV0,2,2,0,1,1,0,2,0,2
86,-523433.7551,-586632.5003,E86_F12_m23f23_P52_Y6_UO1141,I23_F57_m23f23_P57_Y4_UO1237,ID23_F6_m-1f-1_P90_Y-1_U137,MXY,1,0.0,1,1,0.0,0,0,0,-9999.0,0.25,1,P89_CV0,2,0,2,1,1,0,2,0,2
86,-523433.7551,-586632.5003,E86_F23_m50f50_P99_Y6_UO2470,I50_F27_m90f90_P86_Y0_UO4581,I50_F99_m-1f-1_P40_Y-1_U121,MXY,1,0.0,1,1,0.0,0,0,0,-9999.0,0.5,1,P89_CV0,2,1,1,1,1,0,2,0,2
86,-523433.7551,-586632.5003,E86_F23_m90f90_P57_Y6_UO4300,I90_F27_m45f45_P86_Y1_UO1996,I90_F35_m23f23_P6_Y3_UO1195,MXY,1,0.0,1,1,0.0,0,0,0,-9999.0,0.6875,1,P89_CV0,2,2,0,1,1,0,2,0,2
86,-523433.7551,-586632.5003,E86_F23_m92f92_P6_Y6_UO4388,I92_F99_m23f23_P27_Y3_UO1152,I92_F27_m90f90_P6_Y0_UO4580,MXY,1,0.0,1,1,0.0,0,0,0,-9999.0,0.4375,1,P89_CV0,2,2,0,0,2,0,2,0,2
86,-523433.7551,-586632.5003,E86_F23_m90f90_P27_Y6_UO4341,I90_F52_m-1f-1_P90_Y-1_U73,I90_F35_m92f92_P6_Y4_UO4284,MXY,1,0.0,1,1,0.0,0,0,0,-9999.0,0.8125,1,P89_CV0,2,2,0,1,1,0,2,0,2
86,-523433.7551,-586632.5003,E86_F23_m90f90_P35_Y6_UO4219,I90_F86_m12f12_P52_Y4_UO751,I90_F57_m23f23_P27_Y4_UO1212,MXY,1,0.0,1,1,0.0,0,0,0,-9999.0,0.4375,1,P89_CV0,2,1,1,2,0,0,2,0,2
86,-523433.7551,-586632.5003,E86_F45_m90f90_P6_Y6_UO4225,I90_F57_m12f12_P52_Y4_UO715,I90_F57_m40f40_P6_Y4_UO1896,MXY,1,0.0,1,1,0.0,0,0,0,-9999.0,0.6875,1,P89_CV0,2,0,2,1,1,0,2,0,2
86,-523433.7551,-586632.5003,E86_F45_m31f31_P68_Y6_UO1558,I31_F8_m-1f-1_P84_Y-1_U178,ID31_F48_m45f45_P68_Y2_UO2203,MXY,1,0.0,1,1,0.0,0,0,0,-9999.0,0.4375,1,P89_CV0,2,0,2,1,1,0,2,0,2
86,-523433.7551,-586632.5003,E86_F45_m23f23_P86_Y6_UO1237,ID23_F57_m-1f-1_P90_Y-1_U189,I23_F35_m23f23_P57_Y4_UO1184,MXY,1,0.0,1,1,0.0,0,0,0,-9999.0,0.25,1,P89_CV0,2,1,1,1,1,0,2,0,2
86,-523433.7551,-586632.5003,E86_F90_m90f90_P27_Y6_UO4252,ID90_F27_m45f45_P57_Y3_UO2144,I90_F86_m40f40_P6_Y0_UO1955,MXY,1,0.0,1,1,0.0,0,0,0,-9999.0,0.625,1,P89_CV0,2,2,0,1,1,0,2,0,2
86,-523433.7551,-586632.5003,E86_F90_m12f12_P52_Y6_UO763,I12_F52_m90f90_P52_Y0_UO4530,I12_F52_m90f90_P86_Y4_UO4272,MXY,1,0.0,1,1,0.0,0,0,0,-9999.0,0.5,1,P89_CV0,2,2,0,2,0,0,2,0,2
86,-523433.7551,-586632.5003,E86_F90_m23f23_P86_Y6_UO1220,I23_F35_m90f90_P27_Y0_UO4594,I23_F76_m90f90_P52_Y2_UO4184,FXX,1,0.0,1,1,1.0,0,0,0,-9999.0,0.5625,1,P89_CV0,2,2,0,0,2,0,2,0,2
86,-523433.7551,-586632.5003,E86_F12_m45f45_P57_Y5_UO2216,I45_F8_m-1f-1_P45_Y-1_U78,ID45_F86_m90f90_P57_Y2_UO4238,FXX,2,0.0,1,0,1.0,0,0,0,-9999.0,0.8125,1,P89_CV0,2,1,1,0,2,0,2,0,2
86,-523433.7551,-586632.5003,E86_F23_m92f92_P99_Y5_UO4337,I92_F57_m40f40_P99_Y2_UO1854,I92_F99_m90f90_P6_Y0_UO4517,FXX,2,0.0,1,0,1.0,0,0,0,-9999.0,0.5,1,P89_CV0,2,2,0,0,2,0,2,0,2
86,-523433.7551,-586632.5003,E86_F23_m90f90_P57_Y5_UO4239,I90_F6_m90f90_P86_Y1_UO4055,I90_F86_m90f90_P35_Y1_UO3995,MXY,2,0.0,1,0,0.0,0,0,0,-9999.0,0.125,1,P89_CV0,2,0,2,2,0,0,2,0,2
86,-523433.7551,-586632.5003,E86_F23_m45f45_P6_Y5_UO2169,I45_F86_m45f45_P86_Y2_UO2155,I45_F6_m12f12_P86_Y3_UO700,MXY,2,0.0,1,0,0.0,0,0,0,-9999.0,0.4375,1,P89_CV0,2,0,2,1,1,0,2,0,2
86,-523433.7551,-586632.5003,E86_F90_m90f90_P86_Y5_UO4194,I90_F86_m23f23_P86_Y3_UO1142,I90_F86_m12f12_P52_Y3_UO709,MXY,2,0.0,1,0,0.0,0,0,0,-9999.0,0.5625,1,P89_CV0,2,2,0,1,1,0,2,0,2
86,-523433.7551,-586632.5003,E86_F90_m40f40_P86_Y5_UO1935,ID40_F57_m-1f-1_P92_Y-1_U38,I40_F57_m40f40_P57_Y3_UO1885,FXX,2,0.0,1,0,1.0,0,0,0,-9999.0,0.5625,1,P89_CV0,2,1,1,0,2,0,2,0,2
86,-523433.7551,-586632.5003,E86_F90_m23f23_P27_Y5_UO1134,I23_F6_m90f90_P86_Y3_UO4167,ID23_F52_m42f42_P99_Y3_UO2002,MXY,2,0.0,1,0,0.0,0,0,0,-9999.0,0.5,1,P89_CV0,2,1,1,2,0,0,2,0,2
86,-523433.7551,-586632.5003,E86_F90_m12f12_P52_Y5_UO769,I12_F52_m-1f-1_P90_Y-1_U142,I12_F52_m90f90_P86_Y2_UO4258,MXY,2,0.0,1,0,0.0,0,0,0,-9999.0,0.4375,1,P89_CV0,2,0,2,0,2,0,2,0,2
86,-523433.7551,-586632.5003,E86_F92_m90f90_P57_Y5_UO4202,I90_F6_m90f90_P86_Y3_UO4210,I90_F52_m40f40_P6_Y1_UO1756,FXX,2,0.0,1,0,1.0,0,0,0,-9999.0,0.5,1,P89_CV0,2,0,2,2,0,0,2,0,2
86,-523433.7551,-586632.5003,E86_F12_m90f90_P52_Y4_UO4222,ID90_F52_m90f90_P57_Y0_UO4562,I90_F52_m42f42_P6_Y0_UO2043,FXX,3,0.0,1,0,1.0,0,0,0,-9999.0,0.375,1,P89_CV0,2,0,2,2,0,0,2,0,2
86,-523433.7551,-586632.5003,E86_F23_m23f23_P27_Y4_UO1167,I23_F57_m23f23_P86_Y1_UO1077,I23_F6_m90f90_P27_Y1_UO4064,MXY,3,0.0,1,0,0.0,0,0,0,-9999.0,0.375,1,P89_CV0,2,2,0,1,1,0,2,0,2
86,-523433.7551,-586632.5003,E86_F23_m23f23_P86_Y4_UO1187,I23_F57_m90f90_P57_Y0_UO4522,ID23_F99_m50f50_P99_Y2_UO2423,FXX,3,0.0,1,0,1.0,0,0,0,-9999.0,0.375,1,P89_CV0,2,1,1,1,1,0,2,0,2
86,-523433.7551,-586632.5003,E86_F90_m12f12_P52_Y4_UO751,I12_F6_m-1f-1_P46_Y-1_U75,ID12_F86_m23f23_P57_Y2_UO1135,FXX,3,0.0,1,0,1.0,0,0,0,-9999.0,0.375,1,P89_CV0,2,0,2,2,0,0,2,0,2
86,-523433.7551,-586632.5003,E86_F90_m12f12_P52_Y4_UO740,I12_F52_m-1f-1_P90_Y-1_U142,I12_F86_m-1f-1_P12_Y-1_U102,MXY,3,0.0,1,0,0.0,0,0,0,-9999.0,0.25,1,P89_CV0,2,0,2,0,2,0,2,0,2
86,-523433.7551,-586632.5003,E86_F90_m40f40_P6_Y4_UO1896,I40_F98_m84f84_P8_Y1_UO3718,I40_F6_m90f90_P6_Y0_UO4570,MXY,3,0.0,1,0,0.0,0,0,0,-9999.0,0.625,1,P89_CV0,2,0,2,1,1,0,2,0,2
86,-523433.7551,-586632.5003,E86_F90_m46f46_P52_Y4_UO2247,I46_F52_m90f90_P52_Y0_UO4593,I46_F52_m39f39_P19_Y0_UO1861,FXX,3,0.0,1,0,1.0,0,0,0,-9999.0,0.5,1,P89_CV0,2,1,1,2,0,0,2,0,2
86,-523433.7551,-586632.5003,E86_F12_m23f23_P6_Y3_UO1195,I23_F57_m-1f-1_P23_Y-1_U61,I23_F27_m90f90_P57_Y0_UO4538,MXY,4,0.0,1,0,0.0,0,0,0,-9999.0,0.625,1,P89_CV0,2,1,1,2,0,0,2,0,2
86,-523433.7551,-586632.5003,E86_F23_m23f23_P57_Y3_UO1189,I23_F57_m90f90_P57_Y0_UO4522,I23_F27_m42f42_P6_Y1_UO1845,FXX,4,0.0,1,0,1.0,0,0,0,-9999.0,0.25,1,P89_CV0,2,1,1,0,2,0,2,0,2
86,-523433.7551,-586632.5003,E86_F46_m12f12_P86_Y3_UO671,ID12_F52_m90f90_P52_Y1_UO4017,I12_F52_m-1f-1_P12_Y-1_U60,MXY,4,0.0,1,0,0.0,0,0,0,-9999.0,0.75,1,P89_CV0,2,2,0,0,2,0,2,0,2
86,-523433.7551,-586632.5003,E86_F90_m90f90_P86_Y3_UO4170,ID90_F86_m90f90_P86_Y0_UO4596,I90_F27_m46f46_P52_Y0_UO2416,MXY,4,0.0,1,0,0.0,0,0,0,-9999.0,0.625,1,P89_CV0,2,2,0,1,1,0,2,0,2
86,-523433.7551,-586632.5003,E86_F90_m90f90_P86_Y3_UO4209,I90_F52_m-1f-1_P90_Y-1_U171,I90_F6_m23f23_P27_Y0_UO1234,MXY,4,0.0,1,0,0.0,0,0,0,-9999.0,0.875,1,P89_CV0,2,2,0,2,0,0,2,0,2
86,-523433.7551,-586632.5003,E86_F90_m90f90_P86_Y3_UO4168,I90_F6_m58f58_P27_Y0_UO3018,I90_F86_m-1f-1_P90_Y-1_U123,FXX,4,0.0,1,0,1.0,0,0,0,-9999.0,0.5,1,P89_CV0,2,1,1,2,0,0,2,0,2
86,-523433.7551,-586632.5003,E86_F90_m23f23_P27_Y3_UO1134,I23_F86_m23f23_P6_Y1_UO1143,I23_F57_m-1f-1_P90_Y-1_U75,MXY,4,0.0,1,0,0.0,0,0,0,-9999.0,0.5,1,P89_CV0,2,1,1,1,1,0,2,0,2
86,-523433.7551,-586632.5003,E86_F90_m23f23_P57_Y3_UO1174,I23_F27_m58f58_P57_Y0_UO2998,I23_F6_m90f90_P27_Y1_UO4069,FXX,4,0.0,1,0,1.0,0,0,0,-9999.0,0.5,1,P89_CV0,2,1,1,0,2,0,2,0,2
86,-523433.7551,-586632.5003,E86_F12_m90f90_P86_Y2_UO4258,I90_F86_m-1f-1_P90_Y-1_U76,I90_F86_m23f23_P35_Y0_UO1232,MXY,5,0.0,1,0,0.0,0,0,0,-9999.0,0.375,1,P89_CV0,2,0,2,0,2,0,2,0,2
86,-523433.7551,-586632.5003,E86_F23_m90f90_P27_Y2_UO4268,I90_F86_m-1f-1_P23_Y-1_U239,I90_F6_m-1f-1_P90_Y-1_U111,FXX,5,0.0,1,0,1.0,0,0,0,-9999.0,0.5,1,P89_CV0,2,1,1,0,2,0,2,0,2
86,-523433.7551,-586632.5003,E86_F90_m12f12_P52_Y2_UO674,I12_F52_m90f90_P52_Y0_UO4508,I12_F52_m-1f-1_P12_Y-1_U24,FXX,5,0.0,1,0,1.0,0,0,0,-9999.0,0.125,1,P89_CV0,2,0,2,1,1,0,2,0,2
86,-523433.7551,-586632.5003,E86_F90_m90f90_P27_Y2_UO4178,I90_F57_m50f50_P6_Y0_UO2552,I90_F86_m-1f-1_P90_Y-1_U123,MXY,5,0.0,1,0,0.0,0,0,0,-9999.0,0.5,1,P89_CV0,2,1,1,2,0,0,2,0,2
86,-523433.7551,-586632.5003,E86_F12_m90f90_P52_Y0_UO4532,R90_F90_m-1f-1_P90_Y-1_U74,R90_F90_m-1f-1_P90_Y-1_U75,FXX,7,0.0,1,0,1.0,0,0,0,-9999.0,0.5,1,P89_CV0,2,2,0,1,1,0,2,0,2
86,-523433.7551,-586632.5003,E86_F45_m90f90_P86_Y0_UO4568,R90_F90_m-1f-1_P90_Y-1_U150,R90_F90_m-1f-1_P90_Y-1_U10,MXY,7,0.0,1,0,0.0,0,0,0,-9999.0,0.5,1,P89_CV0,2,1,1,0,2,0,2,0,2
86,-523433.7551,-586632.5003,E86_F90_m-1f-1_P90_Y-1_U158,-9999,-9999,FXX,8,0.0,1,0,1.0,0,0,0,-9999.0,0.0,1,P89_CV0,2,0,2,1,1,0,2,0,2
86,-523433.7551,-586632.5003,E86_F90_m-1f-1_P90_Y-1_U226,-9999,-9999,FXX,9,0.0,1,0,1.0,0,0,0,-9999.0,0.5,1,P89_CV0,2,1,1,1,1,0,2,0,2
86,-523433.7551,-586632.5003,E86_F90_m-1f-1_P90_Y-1_U104,-9999,-9999,MXY,9,0.0,1,0,0.0,0,0,0,-9999.0,1.0,1,P89_CV0,2,2,0,1,1,0,2,0,2
86,-523433.7551,-586632.5003,E86_F90_m-1f-1_P90_Y-1_U51,-9999,-9999,FXX,10,0.0,1,0,1.0,0,0,0,-9999.0,0.0,1,P89_CV0,2,0,2,1,1,0,2,0,2
86,-523433.7551,-586632.5003,E86_F12_m-1f-1_P90_Y-1_U181,-9999,-9999,MXY,11,0.0,1,0,0.0,0,0,0,-9999.0,0.5,1,P89_CV0,2,1,1,0,2,0,2,0,2
86,-523433.7551,-586632.5003,E86_F90_m-1f-1_P90_Y-1_U70,-9999,-9999,MXY,12,0.0,1,0,0.0,0,0,0,-9999.0,0.5,1,P89_CV0,2,1,1,1,1,0,2,0,2
86,-523433.7551,-586632.5003,E86_F45_m-1f-1_P90_Y-1_U249,-9999,-9999,MXY,13,0.0,1,0,0.0,0,0,0,-9999.0,0.5,1,P89_CV0,2,1,1,2,0,0,2,0,2
86,-523433.7551,-586632.5003,E86_F23_m-1f-1_P90_Y-1_U236,-9999,-9999,MXY,15,0.0,1,0,0.0,0,0,0,-9999.0,0.0,1,P89_CV0,2,0,2,1,1,0,2,0,2
86,-523433.7551,-586632.5003,E86_F90_m-1f-1_P90_Y-1_U163,-9999,-9999,MXY,16,0.0,1,0,0.0,0,0,0,-9999.0,0.0,1,P89_CV0,2,0,2,0,2,0,2,0,2
86,-523433.7551,-586632.5003,Age0_F86_m23f23_P86_Y7_UO1185,I23_F52_m92f92_P6_Y2_UO4347,I23_F86_m90f90_P35_Y4_UO4179,FXX,0,0.0,0,0,0.0,0,0,0,0.0,0.625,1,P91_CV0,2,1,1,2,0,0,2,0,2
86,-523433.7551,-586632.5003,Age0_F86_m23f23_P86_Y7_UO1210,ID23_F35_m45f45_P6_Y0_UO2257,I23_F86_m23f23_P57_Y4_UO1156,MXY,0,0.0,0,0,0.0,0,0,0,0.0,0.1875,1,P91_CV0,2,0,2,1,1,0,2,0,2
86,-523433.7551,-586632.5003,Age0_F86_m45f45_P86_Y7_UO2251,I45_F6_m-1f-1_P45_Y-1_U112,ID45_F6_m23f23_P27_Y5_UO1202,FXX,0,0.0,0,0,0.0,0,0,0,0.0,0.4375,1,P91_CV0,2,1,1,1,1,0,2,0,2
86,-523433.7551,-586632.5003,Age0_F86_m90f90_P86_Y7_UO4199,I90_F35_m90f90_P27_Y5_UO4260,I90_F35_m12f12_P52_Y3_UO709,MXY,0,0.0,0,0,0.0,0,0,0,0.0,0.625,1,P91_CV0,2,1,1,1,1,0,2,0,2
86,-523433.7551,-586632.5003,Age0_F86_m90f90_P86_Y7_UO4253,I90_F52_m23f23_P35_Y4_UO1155,I90_F86_m92f92_P27_Y1_UO4101,MXY,0,0.0,0,0,0.0,0,0,0,0.0,0.5,1,P91_CV0,2,1,1,2,0,0,2,0,2
86,-523433.7551,-586632.5003,E86_F12_m90f90_P52_Y6_UO4325,I90_F27_m-1f-1_P90_Y-1_U226,I90_F27_m-1f-1_P92_Y-1_U110,MXY,1,0.0,1,1,0.0,0,0,0,-9999.0,0.75,1,P91_CV0,2,1,1,1,1,0,2,0,2
86,-523433.7551,-586632.5003,E86_F45_m40f40_P6_Y6_UO1964,I40_F27_m58f58_P99_Y0_UO2974,I40_F6_m92f92_P6_Y2_UO4304,MXY,1,0.0,1,1,0.0,0,0,0,-9999.0,0.375,1,P91_CV0,2,0,2,1,1,0,2,0,2
86,-523433.7551,-586632.5003,E86_F90_m92f92_P6_Y6_UO4454,ID92_F99_m-1f-1_P92_Y-1_U147,I92_F6_m30f30_P52_Y1_UO1288,FXX,1,0.0,1,1,1.0,0,0,0,-9999.0,0.125,1,P91_CV0,2,0,2,1,1,0,2,0,2
86,-523433.7551,-586632.5003,E86_F90_m42f42_P57_Y6_UO2094,I42_F99_m-1f-1_P42_Y-1_U59,I42_F57_m92f92_P99_Y3_UO4333,MXY,1,0.0,1,1,0.0,0,0,0,-9999.0,0.5,1,P91_CV0,2,1,1,1,1,0,2,0,2
86,-523433.7551,-586632.5003,E86_F90_m45f45_P57_Y6_UO2209,I45_F57_m23f23_P27_Y3_UO1164,I45_F86_m-1f-1_P92_Y-1_U161,MXY,1,0.0,1,1,0.0,0,0,0,-9999.0,0.25,1,P91_CV0,2,0,2,1,1,0,2,0,2
86,-523433.7551,-586632.5003,E86_F90_m23f23_P86_Y6_UO1179,I23_F52_m23f23_P27_Y3_UO1194,I23_F52_m-1f-1_P30_Y-1_U168,MXY,1,0.0,1,1,0.0,0,0,0,-9999.0,0.5,1,P91_CV0,2,2,0,2,0,0,2,0,2
86,-523433.7551,-586632.5003,E86_F90_m45f45_P86_Y6_UO2200,I45_F68_m23f23_P57_Y4_UO1131,ID45_F57_m-1f-1_P40_Y-1_U197,MXY,1,0.0,1,1,0.0,0,0,0,-9999.0,0.375,1,P91_CV0,2,1,1,1,1,0,2,0,2
86,-523433.7551,-586632.5003,E86_F23_m23f23_P57_Y5_UO1181,ID23_F6_m90f90_P35_Y1_UO4046,I23_F76_m45f45_P6_Y2_UO2190,FXX,2,0.0,1,0,1.0,0,0,0,-9999.0,0.4375,1,P91_CV0,2,1,1,0,2,0,2,0,2
86,-523433.7551,-586632.5003,E86_F90_m90f90_P27_Y5_UO4260,ID90_F6_m94f94_P99_Y0_UO4757,ID90_F52_m92f92_P6_Y1_UO4091,FXX,2,0.0,1,0,1.0,0,0,0,-9999.0,0.5,1,P91_CV0,2,1,1,2,0,0,2,0,2
86,-523433.7551,-586632.5003,E86_F90_m40f40_P6_Y5_UO1944,I40_F98_m-1f-1_P92_Y-1_U154,I40_F6_m45f45_P6_Y0_UO2305,MXY,2,0.0,1,0,0.0,0,0,0,-9999.0,0.75,1,P91_CV0,2,2,0,1,1,0,2,0,2
86,-523433.7551,-586632.5003,E86_F23_m92f92_P57_Y4_UO4352,ID92_F99_m-1f-1_P40_Y-1_U182,I92_F6_m-1f-1_P92_Y-1_U207,FXX,3,0.0,1,0,1.0,0,0,0,-9999.0,0.25,1,P91_CV0,2,1,1,0,2,0,2,0,2
86,-523433.7551,-586632.5003,E86_F45_m45f45_P8_Y3_UO2130,I45_F8_m90f90_P86_Y1_UO4019,I45_F8_m92f92_P6_Y0_UO4660,FXX,4,0.0,1,0,1.0,0,0,0,-9999.0,0.375,1,P91_CV0,2,1,1,1,1,0,2,0,2
86,-523433.7551,-586632.5003,E86_F90_m50f50_P6_Y3_UO2392,ID50_F6_m58f58_P99_Y0_UO2963,ID50_F99_m-1f-1_P92_Y-1_U106,FXX,4,0.0,1,0,1.0,0,0,0,-9999.0,0.625,1,P91_CV0,2,1,1,1,1,0,2,0,2
86,-523433.7551,-586632.5003,E86_F90_m90f90_P86_Y3_UO4151,I90_F27_m92f92_P57_Y1_UO4134,I90_F52_m23f23_P86_Y1_UO1092,FXX,4,0.0,1,0,1.0,0,0,0,-9999.0,0.375,1,P91_CV0,2,0,2,1,1,0,2,0,2
86,-523433.7551,-586632.5003,E86_F90_m92f92_P27_Y3_UO4354,I92_F6_m-1f-1_P92_Y-1_U41,I92_F99_m-1f-1_P92_Y-1_U182,MXY,4,0.0,1,0,0.0,0,0,0,-9999.0,0.75,1,P91_CV0,2,1,1,0,2,0,2,0,2
86,-523433.7551,-586632.5003,E86_F90_m45f45_P86_Y3_UO2208,I45_F52_m-1f-1_P31_Y-1_U140,ID45_F86_m92f92_P6_Y1_UO4087,MXY,4,0.0,1,0,0.0,0,0,0,-9999.0,1.0,1,P91_CV0,2,2,0,1,1,0,2,0,2
86,-523433.7551,-586632.5003,E86_F12_m90f90_P86_Y2_UO4200,ID90_F6_m92f92_P57_Y0_UO4676,I90_F6_m45f45_P6_Y0_UO2303,FXX,5,0.0,1,0,1.0,0,0,0,-9999.0,0.625,1,P91_CV0,2,1,1,0,2,0,2,0,2
86,-523433.7551,-586632.5003,E86_F23_m92f92_P6_Y2_UO4347,ID92_F99_m-1f-1_P42_Y-1_U204,I92_F99_m-1f-1_P92_Y-1_U81,FXX,5,0.0,1,0,1.0,0,0,0,-9999.0,0.75,1,P91_CV0,2,1,1,1,1,0,2,0,2
86,-523433.7551,-586632.5003,E86_F45_m92f92_P6_Y2_UO4328,I92_F6_m-1f-1_P92_Y-1_U79,I92_F6_m-1f-1_P92_Y-1_U230,MXY,5,0.0,1,0,0.0,0,0,0,-9999.0,0.75,1,P91_CV0,2,1,1,0,2,0,2,0,2
86,-523433.7551,-586632.5003,E86_F90_m92f92_P27_Y2_UO4320,I92_F99_m-1f-1_P92_Y-1_U105,ID92_F27_m-1f-1_P92_Y-1_U177,MXY,5,0.0,1,0,0.0,0,0,0,-9999.0,0.75,1,P91_CV0,2,1,1,1,1,0,2,0,2
86,-523433.7551,-586632.5003,E86_F23_m92f92_P57_Y1_UO4099,I92_F57_m-1f-1_P92_Y-1_U232,I92_F99_m-1f-1_P92_Y-1_U5,FXX,6,0.0,1,0,1.0,0,0,0,-9999.0,1.0,1,P91_CV0,2,2,0,0,2,0,2,0,2
86,-523433.7551,-586632.5003,E86_F23_m-1f-1_P92_Y-1_U238,-9999,-9999,FXX,8,0.0,1,0,1.0,0,0,0,-9999.0,0.5,1,P91_CV0,2,1,1,1,1,0,2,0,2
86,-523433.7551,-586632.5003,Age0_F86_m12f12_P86_Y7_UO719,I12_F52_m46f46_P52_Y4_UO2208,I12_F86_m90f90_P52_Y5_UO4201,FXX,0,0.0,0,0,0.0,0,0,0,0.0,0.3125,1,P93_CV0,2,1,1,1,1,0,2,0,2
86,-523433.7551,-586632.5003,Age0_F86_m45f45_P86_Y7_UO2231,ID45_F6_m40f40_P99_Y1_UO1770,I45_F86_m42f42_P6_Y5_UO2029,FXX,0,0.0,0,0,0.0,0,0,0,0.0,0.5,1,P93_CV0,2,2,0,1,1,0,2,0,2
86,-523433.7551,-586632.5003,Age0_F86_m90f90_P86_Y7_UO4322,ID90_F6_m-1f-1_P12_Y-1_U170,I90_F6_m30f30_P52_Y5_UO1355,MXY,0,0.0,0,0,0.0,0,0,0,0.0,0.09375,1,P93_CV0,2,0,2,2,0,0,2,0,2
86,-523433.7551,-586632.5003,E86_F23_m50f50_P6_Y6_UO2430,I50_F99_m42f42_P99_Y3_UO1995,I50_F99_m58f58_P99_Y4_UO2712,MXY,1,0.0,1,1,0.0,0,0,0,-9999.0,0.625,1,P93_CV0,2,2,0,1,1,0,2,0,2
86,-523433.7551,-586632.5003,E86_F23_m42f42_P6_Y6_UO2089,I42_F99_m-1f-1_P94_Y-1_U221,I42_F99_m92f92_P99_Y1_UO4127,MXY,1,0.0,1,1,0.0,0,0,0,-9999.0,0.5,1,P93_CV0,2,2,0,0,2,0,2,0,2
86,-523433.7551,-586632.5003,E86_F90_m92f92_P57_Y6_UO4394,I92_F57_m40f40_P6_Y3_UO1916,I92_F57_m-1f-1_P94_Y-1_U66,MXY,1,0.0,1,1,0.0,0,0,0,-9999.0,0.625,1,P93_CV0,2,2,0,1,1,0,2,0,2
86,-523433.7551,-586632.5003,E86_F90_m42f42_P99_Y6_UO2002,I42_F86_m58f58_P99_Y4_UO2715,ID42_F57_m92f92_P57_Y3_UO4299,FXX,1,0.0,1,1,1.0,0,0,0,-9999.0,0.5625,1,P93_CV0,2,1,1,1,1,0,2,0,2
86,-523433.7551,-586632.5003,E86_F45_m42f42_P6_Y5_UO2029,ID42_F99_m-1f-1_P23_Y-1_U86,I42_F99_m-1f-1_P94_Y-1_U95,MXY,2,0.0,1,0,0.0,0,0,0,-9999.0,0.5,1,P93_CV0,2,2,0,1,1,0,2,0,2
86,-523433.7551,-586632.5003,E86_F90_m50f50_P57_Y5_UO2376,I50_F99_m94f94_P99_Y3_UO4393,I50_F57_m-1f-1_P5_Y-1_U109,FXX,2,0.0,1,0,1.0,0,0,0,-9999.0,0.3125,1,P93_CV0,2,2,0,0,2,0,2,0,2
86,-523433.7551,-586632.5003,E86_F45_m84f84_P8_Y6_UO3912,I84_F68_m63f63_P8_Y3_UO3063,I84_F68_m-1f-1_P100_Y-1_U163,MXY,1,0.0,1,1,0.0,0,0,0,-9999.0,0.125,1,P99_CV0,2,0,2,1,1,0,2,0,2
89,203618.0078,-246304.5116,Age0_F89_m11f11_P89_Y7_UO649,ID11_F49_m11f11_P49_Y3_UO646,ID11_F49_m73f73_P14_Y3_UO3342,FXX,0,0.0,0,0,0.0,0,0,0,0.0,0.625,1,P10_CV0,2,2,0,0,2,0,2,0,2
89,203618.0078,-246304.5116,Age0_F89_m11f11_P89_Y7_UO659,I11_F89_m-1f-1_P11_Y-1_U45,I11_F49_m-1f-1_P11_Y-1_U248,MXY,0,0.0,0,0,0.0,0,0,0,0.0,0.5,1,P10_CV0,2,1,1,2,0,0,2,0,2
89,203618.0078,-246304.5116,Age0_F89_m11f11_P89_Y7_UO660,I11_F49_m-1f-1_P11_Y-1_U240,ID11_F48_m-1f-1_P11_Y-1_U232,MXY,0,0.0,0,0,0.0,0,0,0,0.0,0.25,1,P10_CV0,2,0,2,0,2,0,2,0,2
89,203618.0078,-246304.5116,Age0_F89_m11f11_P89_Y7_UO665,I11_F89_m-1f-1_P11_Y-1_U56,I11_F48_m-1f-1_P73_Y-1_U102,FXX,0,0.0,0,0,0.0,0,0,0,0.0,0.75,1,P10_CV0,2,2,0,0,2,0,2,0,2
89,203618.0078,-246304.5116,Age0_F89_m11f11_P89_Y7_UO666,I11_F89_m-1f-1_P11_Y-1_U174,I11_F2_m73f73_P89_Y4_UO3262,MXY,0,0.0,0,0,0.0,0,0,0,0.0,0.8125,1,P10_CV0,2,2,0,2,0,0,2,0,2
89,203618.0078,-246304.5116,Age0_F89_m11f11_P89_Y7_UO671,I11_F41_m-1f-1_P11_Y-1_U120,I11_F2_m85f85_P69_Y2_UO3969,MXY,0,0.0,0,0,0.0,0,0,0,0.0,0.1875,1,P10_CV0,2,0,2,1,1,0,2,0,2
89,203618.0078,-246304.5116,Age0_F89_m11f11_P89_Y7_UO682,I11_F48_m-1f-1_P100_Y-1_U22,I11_F49_m-1f-1_P11_Y-1_U248,MXY,0,0.0,0,0,0.0,0,0,0,0.0,0.5,1,P10_CV0,2,0,2,2,0,0,2,0,2
89,203618.0078,-246304.5116,Age0_F89_m15f15_P89_Y7_UO830,I15_F14_m11f11_P89_Y3_UO608,I15_F41_m15f15_P89_Y0_UO824,FXX,0,0.0,0,0,0.0,0,0,0,0.0,0.625,1,P10_CV0,2,0,2,1,1,0,2,0,2
89,203618.0078,-246304.5116,Age0_F89_m15f15_P89_Y7_UO843,I15_F14_m11f11_P89_Y2_UO616,ID15_F89_m55f55_P89_Y5_UO2591,FXX,0,0.0,0,0,0.0,0,0,0,0.0,0.6875,1,P10_CV0,2,1,1,1,1,0,2,0,2
89,203618.0078,-246304.5116,Age0_F89_m15f15_P89_Y7_UO877,I15_F49_m-1f-1_P11_Y-1_U44,I15_F41_m73f73_P89_Y5_UO3377,FXX,0,0.0,0,0,0.0,0,0,0,0.0,0.84375,1,P10_CV0,2,1,1,2,0,0,2,0,2
89,203618.0078,-246304.5116,Age0_F89_m55f55_P89_Y7_UO2551,I55_F41_m100f100_P48_Y5_UO4587,I55_F14_m-1f-1_P55_Y-1_U196,FXX,0,0.0,0,0,0.0,0,0,0,0.0,0.5,1,P10_CV0,2,0,2,1,1,0,2,0,2
89,203618.0078,-246304.5116,Age0_F89_m55f55_P89_Y7_UO2586,I55_F41_m11f11_P89_Y3_UO640,I55_F41_m55f55_P89_Y2_UO2629,MXY,0,0.0,0,0,0.0,0,0,0,0.0,0.625,1,P10_CV0,2,2,0,2,0,0,2,0,2
89,203618.0078,-246304.5116,Age0_F89_m55f55_P89_Y7_UO2619,ID55_F41_m15f15_P41_Y0_UO836,ID55_F41_m73f73_P89_Y5_UO3296,MXY,0,0.0,0,0,0.0,0,0,0,0.0,0.5625,1,P10_CV0,2,0,2,0,2,0,2,0,2
89,203618.0078,-246304.5116,Age0_F89_m73f73_P89_Y7_UO3370,I73_F89_m73f73_P41_Y3_UO3314,I73_F41_m100f100_P48_Y2_UO4558,MXY,0,0.0,0,0,0.0,0,0,0,0.0,0.6875,1,P10_CV0,2,2,0,1,1,0,2,0,2
89,203618.0078,-246304.5116,Age0_F89_m73f73_P89_Y7_UO3378,I73_F14_m11f11_P89_Y2_UO641,ID73_F48_m73f73_P41_Y4_UO3342,FXX,0,0.0,0,0,0.0,0,0,0,0.0,0.5,1,P10_CV0,2,1,1,1,1,0,2,0,2
89,203618.0078,-246304.5116,Age0_F89_m73f73_P89_Y7_UO3382,I73_F89_m73f73_P89_Y2_UO3368,I73_F41_m15f15_P41_Y3_UO763,MXY,0,0.0,0,0,0.0,0,0,0,0.0,0.625,1,P10_CV0,2,0,2,2,0,0,2,0,2
89,203618.0078,-246304.5116,Age0_F89_m73f73_P89_Y7_UO3383,I73_F89_m100f100_P48_Y2_UO4549,ID73_F41_m55f55_P41_Y5_UO2567,FXX,0,0.0,0,0,0.0,0,0,0,0.0,0.5,1,P10_CV0,2,1,1,1,1,0,2,0,2
89,203618.0078,-246304.5116,Age0_F89_m73f73_P89_Y7_UO3389,I73_F89_m73f73_P41_Y1_UO3153,I73_F89_m11f11_P48_Y1_UO562,MXY,0,0.0,0,0,0.0,0,0,0,0.0,0.625,1,P10_CV0,2,2,0,1,1,0,2,0,2
89,203618.0078,-246304.5116,Age0_F89_m73f73_P89_Y7_UO3405,ID73_F49_m-1f-1_P11_Y-1_U224,I73_F89_m11f11_P89_Y1_UO585,MXY,0,0.0,0,0,0.0,0,0,0,0.0,1.0,1,P10_CV0,2,2,0,1,1,0,2,0,2
89,203618.0078,-246304.5116,Age0_F89_m73f73_P89_Y7_UO3416,ID73_F69_m-1f-1_P11_Y-1_U63,I73_F89_m-1f-1_P11_Y-1_U151,MXY,0,0.0,0,0,0.0,0,0,0,0.0,0.75,1,P10_CV0,2,2,0,1,1,0,2,0,2
89,203618.0078,-246304.5116,E89_F15_m15f15_P41_Y6_UO801,I15_F41_m43f43_P41_Y4_UO2071,ID15_F48_m11f11_P48_Y3_UO602,MXY,1,0.0,1,1,0.0,0,0,0,-9999.0,0.5625,1,P10_CV0,2,0,2,1,1,0,2,0,2
89,203618.0078,-246304.5116,E89_F15_m55f55_P41_Y6_UO2579,I55_F89_m73f73_P89_Y3_UO3347,I55_F41_m55f55_P89_Y2_UO2629,FXX,1,0.0,1,1,1.0,0,0,0,-9999.0,0.5625,1,P10_CV0,2,1,1,1,1,0,2,0,2
89,203618.0078,-246304.5116,E89_F15_m55f55_P41_Y6_UO2584,ID55_F89_m60f60_P14_Y3_UO2830,I55_F89_m11f11_P89_Y4_UO651,MXY,1,0.0,1,1,0.0,0,0,0,-9999.0,0.25,1,P10_CV0,2,0,2,2,0,0,2,0,2
89,203618.0078,-246304.5116,E89_F15_m55f55_P41_Y6_UO2600,I55_F89_m73f73_P89_Y2_UO3283,ID55_F89_m15f15_P41_Y3_UO783,MXY,1,0.0,1,1,0.0,0,0,0,-9999.0,0.5625,1,P10_CV0,2,1,1,1,1,0,2,0,2
89,203618.0078,-246304.5116,E89_F15_m73f73_P41_Y6_UO3336,ID73_F41_m55f55_P89_Y4_UO2557,ID73_F89_m11f11_P89_Y2_UO597,MXY,1,0.0,1,1,0.0,0,0,0,-9999.0,0.625,1,P10_CV0,2,2,0,1,1,0,2,0,2
89,203618.0078,-246304.5116,E89_F15_m11f11_P89_Y6_UO660,I11_F48_m-1f-1_P11_Y-1_U122,I11_F49_m11f11_P2_Y3_UO630,FXX,1,0.0,1,1,1.0,0,0,0,-9999.0,0.25,1,P10_CV0,2,0,2,2,0,0,2,0,2
89,203618.0078,-246304.5116,E89_F15_m11f11_P89_Y6_UO668,ID11_F48_m-1f-1_P11_Y-1_U174,I11_F49_m100f100_P49_Y3_UO4535,MXY,1,0.0,1,1,0.0,0,0,0,-9999.0,0.6875,1,P10_CV0,2,1,1,0,2,0,2,0,2
89,203618.0078,-246304.5116,E89_F15_m73f73_P89_Y6_UO3351,I73_F89_m15f15_P89_Y4_UO852,I73_F49_m73f73_P41_Y3_UO3330,MXY,1,0.0,1,1,0.0,0,0,0,-9999.0,0.5,1,P10_CV0,2,0,2,0,2,0,2,0,2
89,203618.0078,-246304.5116,E89_F43_m11f11_P89_Y6_UO688,I11_F2_m-1f-1_P73_Y-1_U245,I11_F49_m-1f-1_P11_Y-1_U19,FXX,1,0.0,1,1,1.0,0,0,0,-9999.0,0.75,1,P10_CV0,2,1,1,1,1,0,2,0,2
89,203618.0078,-246304.5116,E89_F55_m55f55_P14_Y6_UO2599,I55_F89_m73f73_P41_Y3_UO3295,I55_F89_m11f11_P89_Y3_UO596,FXX,1,0.0,1,1,1.0,0,0,0,-9999.0,0.75,1,P10_CV0,2,2,0,1,1,0,2,0,2
89,203618.0078,-246304.5116,E89_F55_m55f55_P14_Y6_UO2646,I55_F41_m-1f-1_P11_Y-1_U228,I55_F14_m55f55_P41_Y4_UO2534,MXY,1,0.0,1,1,0.0,0,0,0,-9999.0,0.75,1,P10_CV0,2,2,0,1,1,0,2,0,2
89,203618.0078,-246304.5116,E89_F55_m55f55_P41_Y6_UO2549,I55_F41_m73f73_P89_Y4_UO3268,I55_F41_m11f11_P49_Y1_UO553,MXY,1,0.0,1,1,0.0,0,0,0,-9999.0,0.5,1,P10_CV0,2,0,2,0,2,0,2,0,2
89,203618.0078,-246304.5116,E89_F55_m55f55_P41_Y6_UO2647,ID55_F41_m-1f-1_P55_Y-1_U249,I55_F89_m73f73_P89_Y3_UO3296,FXX,1,0.0,1,1,1.0,0,0,0,-9999.0,0.5625,1,P10_CV0,2,0,2,2,0,0,2,0,2
89,203618.0078,-246304.5116,E89_F55_m100f100_P49_Y6_UO4604,I100_F48_m43f43_P48_Y4_UO2105,I100_F49_m100f100_P49_Y3_UO4543,FXX,1,0.0,1,1,1.0,0,0,0,-9999.0,0.375,1,P10_CV0,2,1,1,2,0,0,2,0,2
89,203618.0078,-246304.5116,E89_F73_m15f15_P41_Y6_UO863,I15_F89_m11f11_P89_Y0_UO597,I15_F41_m55f55_P89_Y4_UO2508,MXY,1,0.0,1,1,0.0,0,0,0,-9999.0,0.5,1,P10_CV0,2,1,1,2,0,0,2,0,2
89,203618.0078,-246304.5116,E89_F73_m73f73_P41_Y6_UO3329,I73_F89_m73f73_P41_Y4_UO3274,ID73_F41_m11f11_P89_Y3_UO622,MXY,1,0.0,1,1,0.0,0,0,0,-9999.0,0.4375,1,P10_CV0,2,1,1,0,2,0,2,0,2
89,203618.0078,-246304.5116,E89_F73_m73f73_P41_Y6_UO3332,ID73_F89_m73f73_P41_Y4_UO3289,I73_F89_m11f11_P89_Y2_UO618,MXY,1,0.0,1,1,0.0,0,0,0,-9999.0,0.625,1,P10_CV0,2,1,1,1,1,0,2,0,2
89,203618.0078,-246304.5116,E89_F73_m73f73_P41_Y6_UO3368,I73_F89_m55f55_P41_Y3_UO2572,I73_F14_m-1f-1_P11_Y-1_U151,MXY,1,0.0,1,1,0.0,0,0,0,-9999.0,0.625,1,P10_CV0,2,2,0,2,0,0,2,0,2
89,203618.0078,-246304.5116,E89_F73_m11f11_P48_Y6_UO680,ID11_F69_m-1f-1_P11_Y-1_U52,I11_F89_m-1f-1_P11_Y-1_U76,MXY,1,0.0,1,1,0.0,0,0,0,-9999.0,0.25,1,P10_CV0,2,1,1,0,2,0,2,0,2
89,203618.0078,-246304.5116,E89_F73_m55f55_P89_Y6_UO2650,I55_F41_m-1f-1_P55_Y-1_U201,I55_F89_m11f11_P89_Y4_UO651,FXX,1,0.0,1,1,1.0,0,0,0,-9999.0,0.75,1,P10_CV0,2,1,1,0,2,0,2,0,2
89,203618.0078,-246304.5116,E89_F73_m73f73_P89_Y6_UO3364,I73_F14_m11f11_P89_Y3_UO609,I73_F89_m73f73_P41_Y3_UO3268,MXY,1,0.0,1,1,0.0,0,0,0,-9999.0,0.5625,1,P10_CV0,2,1,1,1,1,0,2,0,2
89,203618.0078,-246304.5116,E89_F73_m73f73_P89_Y6_UO3365,I73_F89_m55f55_P89_Y3_UO2574,I73_F89_m-1f-1_P55_Y-1_U57,FXX,1,0.0,1,1,1.0,0,0,0,-9999.0,0.625,1,P10_CV0,2,0,2,2,0,0,2,0,2
89,203618.0078,-246304.5116,E89_F73_m73f73_P89_Y6_UO3373,I73_F89_m73f73_P89_Y2_UO3368,I73_F89_m73f73_P89_Y2_UO3334,MXY,1,0.0,1,1,0.0,0,0,0,-9999.0,0.4375,1,P10_CV0,2,1,1,1,1,0,2,0,2
89,203618.0078,-246304.5116,E89_F55_m100f100_P48_Y5_UO4587,ID100_F68_m11f11_P2_Y1_UO592,I100_F48_m11f11_P48_Y3_UO623,FXX,2,0.0,1,0,1.0,0,0,0,-9999.0,0.5,1,P10_CV0,2,1,1,0,2,0,2,0,2
89,203618.0078,-246304.5116,E89_F73_m11f11_P89_Y5_UO659,ID11_F2_m11f11_P2_Y2_UO657,I11_F69_m85f85_P2_Y0_UO4234,MXY,2,0.0,1,0,0.0,0,0,0,-9999.0,0.375,1,P10_CV0,2,1,1,0,2,0,2,0,2
89,203618.0078,-246304.5116,E89_F73_m55f55_P41_Y5_UO2567,I55_F89_m15f15_P89_Y2_UO757,I55_F89_m73f73_P89_Y3_UO3296,MXY,2,0.0,1,0,0.0,0,0,0,-9999.0,0.5,1,P10_CV0,2,0,2,0,2,0,2,0,2
89,203618.0078,-246304.5116,E89_F73_m73f73_P89_Y5_UO3324,I73_F41_m43f43_P41_Y2_UO2048,I73_F41_m11f11_P89_Y3_UO607,FXX,2,0.0,1,0,1.0,0,0,0,-9999.0,0.5625,1,P10_CV0,2,0,2,0,2,0,2,0,2
89,203618.0078,-246304.5116,E89_F55_m11f11_P49_Y4_UO628,I11_F89_m-1f-1_P11_Y-1_U204,I11_F89_m-1f-1_P11_Y-1_U212,MXY,3,0.0,1,0,0.0,0,0,0,-9999.0,1.0,1,P10_CV0,2,2,0,1,1,0,2,0,2
89,203618.0078,-246304.5116,E89_F73_m55f55_P14_Y4_UO2571,I55_F89_m-1f-1_P11_Y-1_U228,I55_F89_m73f73_P89_Y2_UO3284,MXY,3,0.0,1,0,0.0,0,0,0,-9999.0,0.6875,1,P10_CV0,2,2,0,2,0,0,2,0,2
89,203618.0078,-246304.5116,E89_F73_m55f55_P41_Y4_UO2548,I55_F41_m55f55_P41_Y1_UO2507,I55_F41_m11f11_P89_Y2_UO597,MXY,3,0.0,1,0,0.0,0,0,0,-9999.0,0.375,1,P10_CV0,2,1,1,2,0,0,2,0,2
89,203618.0078,-246304.5116,E89_F11_m11f11_P49_Y3_UO646,I11_F2_m-1f-1_P11_Y-1_U5,I11_F36_m-1f-1_P11_Y-1_U184,FXX,4,0.0,1,0,1.0,0,0,0,-9999.0,0.75,1,P10_CV0,2,1,1,0,2,0,2,0,2
89,203618.0078,-246304.5116,E89_F15_m11f11_P89_Y3_UO608,I11_F89_m-1f-1_P11_Y-1_U204,ID11_F49_m-1f-1_P11_Y-1_U100,FXX,4,0.0,1,0,1.0,0,0,0,-9999.0,0.75,1,P10_CV0,2,1,1,1,1,0,2,0,2
89,203618.0078,-246304.5116,E89_F55_m11f11_P89_Y3_UO596,I11_F89_m43f43_P48_Y1_UO1924,I11_F89_m-1f-1_P11_Y-1_U208,MXY,4,0.0,1,0,0.0,0,0,0,-9999.0,0.75,1,P10_CV0,2,2,0,1,1,0,2,0,2
89,203618.0078,-246304.5116,E89_F55_m15f15_P41_Y3_UO783,I15_F49_m11f11_P89_Y0_UO593,I15_F89_m55f55_P41_Y0_UO2813,MXY,4,0.0,1,0,0.0,0,0,0,-9999.0,0.5,1,P10_CV0,2,1,1,1,1,0,2,0,2
89,203618.0078,-246304.5116,E89_F55_m11f11_P89_Y3_UO640,I11_F48_m-1f-1_P11_Y-1_U27,ID11_F49_m-1f-1_P11_Y-1_U100,FXX,4,0.0,1,0,1.0,0,0,0,-9999.0,0.75,1,P10_CV0,2,1,1,1,1,0,2,0,2
89,203618.0078,-246304.5116,E89_F55_m73f73_P41_Y3_UO3268,I73_F49_m15f15_P41_Y1_UO750,I73_F89_m11f11_P89_Y1_UO603,MXY,4,0.0,1,0,0.0,0,0,0,-9999.0,0.75,1,P10_CV0,2,1,1,1,1,0,2,0,2
89,203618.0078,-246304.5116,E89_F73_m11f11_P89_Y3_UO622,I11_F49_m-1f-1_P55_Y-1_U108,I11_F89_m-1f-1_P11_Y-1_U80,MXY,4,0.0,1,0,0.0,0,0,0,-9999.0,0.5,1,P10_CV0,2,1,1,1,1,0,2,0,2
89,203618.0078,-246304.5116,E89_F73_m73f73_P41_Y3_UO3314,I73_F41_m-1f-1_P73_Y-1_U196,I73_F41_m11f11_P89_Y1_UO573,FXX,4,0.0,1,0,1.0,0,0,0,-9999.0,0.625,1,P10_CV0,2,1,1,1,1,0,2,0,2
89,203618.0078,-246304.5116,E89_F15_m11f11_P89_Y2_UO616,I11_F89_m-1f-1_P11_Y-1_U223,I11_F48_m85f85_P2_Y0_UO4234,FXX,5,0.0,1,0,1.0,0,0,0,-9999.0,0.5,1,P10_CV0,2,0,2,0,2,0,2,0,2
89,203618.0078,-246304.5116,E89_F73_m73f73_P89_Y2_UO3295,ID73_F41_m11f11_P89_Y0_UO667,I73_F14_m55f55_P89_Y0_UO2786,MXY,5,0.0,1,0,0.0,0,0,0,-9999.0,0.75,1,P10_CV0,2,2,0,0,2,0,2,0,2
89,203618.0078,-246304.5116,E89_F73_m11f11_P89_Y2_UO618,I11_F89_m-1f-1_P11_Y-1_U150,I11_F89_m-1f-1_P11_Y-1_U20,MXY,5,0.0,1,0,0.0,0,0,0,-9999.0,0.75,1,P10_CV0,2,1,1,1,1,0,2,0,2
89,203618.0078,-246304.5116,E89_F73_m11f11_P89_Y2_UO643,I11_F41_m-1f-1_P11_Y-1_U157,ID11_F2_m-1f-1_P11_Y-1_U64,MXY,5,0.0,1,0,0.0,0,0,0,-9999.0,0.5,1,P10_CV0,2,1,1,2,0,0,2,0,2
89,203618.0078,-246304.5116,E89_F73_m11f11_P89_Y2_UO641,I11_F89_m-1f-1_P11_Y-1_U52,I11_F2_m-1f-1_P11_Y-1_U68,FXX,5,0.0,1,0,1.0,0,0,0,-9999.0,0.5,1,P10_CV0,2,1,1,0,2,0,2,0,2
89,203618.0078,-246304.5116,E89_F73_m73f73_P89_Y2_UO3368,I73_F89_m-1f-1_P73_Y-1_U131,I73_F41_m11f11_P89_Y0_UO636,FXX,5,0.0,1,0,1.0,0,0,0,-9999.0,0.625,1,P10_CV0,2,0,2,1,1,0,2,0,2
89,203618.0078,-246304.5116,E89_F73_m11f11_P89_Y1_UO573,I11_F2_m-1f-1_P11_Y-1_U162,I11_F49_m-1f-1_P11_Y-1_U214,MXY,6,0.0,1,0,0.0,0,0,0,-9999.0,0.75,1,P10_CV0,2,1,1,0,2,0,2,0,2
89,203618.0078,-246304.5116,E89_F73_m11f11_P89_Y1_UO585,I11_F49_m-1f-1_P11_Y-1_U63,I11_F2_m-1f-1_P11_Y-1_U241,MXY,6,0.0,1,0,0.0,0,0,0,-9999.0,1.0,1,P10_CV0,2,2,0,2,0,0,2,0,2
89,203618.0078,-246304.5116,E89_F11_m-1f-1_P11_Y-1_U45,-9999,-9999,FXX,8,0.0,1,0,1.0,0,0,0,-9999.0,0.5,1,P10_CV0,2,1,1,2,0,0,2,0,2
89,203618.0078,-246304.5116,E89_F11_m-1f-1_P11_Y-1_U240,-9999,-9999,FXX,8,0.0,1,0,1.0,0,0,0,-9999.0,0.0,1,P10_CV0,2,0,2,0,2,0,2,0,2
89,203618.0078,-246304.5116,E89_F11_m-1f-1_P11_Y-1_U42,-9999,-9999,MXY,8,0.0,1,0,0.0,0,0,0,-9999.0,0.5,1,P10_CV0,2,1,1,1,1,0,2,0,2
89,203618.0078,-246304.5116,E89_F73_m-1f-1_P11_Y-1_U224,-9999,-9999,FXX,9,0.0,1,0,1.0,0,0,0,-9999.0,1.0,1,P10_CV0,2,2,0,0,2,0,2,0,2
89,203618.0078,-246304.5116,E89_F11_m-1f-1_P11_Y-1_U56,-9999,-9999,FXX,10,0.0,1,0,1.0,0,0,0,-9999.0,1.0,1,P10_CV0,2,2,0,1,1,0,2,0,2
89,203618.0078,-246304.5116,E89_F11_m-1f-1_P11_Y-1_U174,-9999,-9999,FXX,10,0.0,1,0,1.0,0,0,0,-9999.0,1.0,1,P10_CV0,2,2,0,1,1,0,2,0,2
89,203618.0078,-246304.5116,E89_F43_m-1f-1_P11_Y-1_U113,-9999,-9999,MXY,10,0.0,1,0,0.0,0,0,0,-9999.0,0.0,1,P10_CV0,2,0,2,2,0,0,2,0,2
89,203618.0078,-246304.5116,E89_F73_m-1f-1_P11_Y-1_U151,-9999,-9999,MXY,10,0.0,1,0,0.0,0,0,0,-9999.0,0.5,1,P10_CV0,2,1,1,1,1,0,2,0,2
89,203618.0078,-246304.5116,E89_F11_m-1f-1_P11_Y-1_U68,-9999,-9999,MXY,11,0.0,1,0,0.0,0,0,0,-9999.0,0.5,1,P10_CV0,2,1,1,0,2,0,2,0,2
89,203618.0078,-246304.5116,E89_F11_m-1f-1_P11_Y-1_U120,-9999,-9999,FXX,11,0.0,1,0,1.0,0,0,0,-9999.0,0.0,1,P10_CV0,2,0,2,1,1,0,2,0,2
89,203618.0078,-246304.5116,E89_F11_m-1f-1_P11_Y-1_U232,-9999,-9999,MXY,12,0.0,1,0,0.0,0,0,0,-9999.0,0.5,1,P10_CV0,2,1,1,0,2,0,2,0,2
89,203618.0078,-246304.5116,E89_F15_m-1f-1_P11_Y-1_U44,-9999,-9999,FXX,12,0.0,1,0,1.0,0,0,0,-9999.0,1.0,1,P10_CV0,2,2,0,1,1,0,2,0,2
89,203618.0078,-246304.5116,E89_F11_m-1f-1_P11_Y-1_U52,-9999,-9999,FXX,13,0.0,1,0,1.0,0,0,0,-9999.0,0.5,1,P10_CV0,2,1,1,0,2,0,2,0,2
89,203618.0078,-246304.5116,E89_F73_m-1f-1_P11_Y-1_U63,-9999,-9999,FXX,14,0.0,1,0,1.0,0,0,0,-9999.0,1.0,1,P10_CV0,2,2,0,2,0,0,2,0,2
89,203618.0078,-246304.5116,E89_F11_m-1f-1_P11_Y-1_U126,-9999,-9999,MXY,15,0.0,1,0,0.0,0,0,0,-9999.0,0.5,1,P10_CV0,2,1,1,2,0,0,2,0,2
89,203618.0078,-246304.5116,E89_F11_m-1f-1_P11_Y-1_U244,-9999,-9999,FXX,16,0.0,1,0,1.0,0,0,0,-9999.0,0.5,1,P10_CV0,2,1,1,0,2,0,2,0,2
89,203618.0078,-246304.5116,Age0_F89_m11f11_P89_Y7_UO647,ID11_F89_m15f15_P41_Y4_UO797,ID11_F2_m100f100_P49_Y3_UO4535,FXX,0,0.0,0,0,0.0,0,0,0,0.0,0.4375,1,P14_CV0,2,1,1,0,2,0,2,0,2
89,203618.0078,-246304.5116,Age0_F89_m11f11_P89_Y7_UO657,I11_F89_m15f15_P41_Y0_UO820,ID11_F48_m55f55_P41_Y4_UO2496,MXY,0,0.0,0,0,0.0,0,0,0,0.0,0.4375,1,P14_CV0,2,1,1,1,1,0,2,0,2
89,203618.0078,-246304.5116,Age0_F89_m15f15_P89_Y7_UO783,I15_F14_m55f55_P89_Y5_UO2601,I15_F41_m73f73_P89_Y3_UO3343,MXY,0,0.0,0,0,0.0,0,0,0,0.0,0.59375,1,P14_CV0,2,1,1,0,2,0,2,0,2
89,203618.0078,-246304.5116,Age0_F89_m15f15_P89_Y7_UO788,I15_F41_m55f55_P14_Y5_UO2556,I15_F41_m55f55_P14_Y1_UO2504,FXX,0,0.0,0,0,0.0,0,0,0,0.0,0.5,1,P14_CV0,2,1,1,1,1,0,2,0,2
89,203618.0078,-246304.5116,Age0_F89_m15f15_P89_Y7_UO793,I15_F14_m15f15_P89_Y5_UO879,ID15_F41_m73f73_P41_Y0_UO3539,FXX,0,0.0,0,0,0.0,0,0,0,0.0,0.65625,1,P14_CV0,2,2,0,1,1,0,2,0,2
89,203618.0078,-246304.5116,Age0_F89_m15f15_P89_Y7_UO800,I15_F41_m55f55_P49_Y5_UO2560,I15_F41_m55f55_P14_Y5_UO2549,MXY,0,0.0,0,0,0.0,0,0,0,0.0,0.6875,1,P14_CV0,2,1,1,1,1,0,2,0,2
89,203618.0078,-246304.5116,Age0_F89_m15f15_P89_Y7_UO815,I15_F89_m15f15_P89_Y4_UO775,ID15_F89_m15f15_P41_Y0_UO829,FXX,0,0.0,0,0,0.0,0,0,0,0.0,0.3125,1,P14_CV0,2,1,1,1,1,0,2,0,2
89,203618.0078,-246304.5116,Age0_F89_m15f15_P89_Y7_UO827,I15_F89_m55f55_P14_Y4_UO2536,I15_F41_m55f55_P89_Y5_UO2595,FXX,0,0.0,0,0,0.0,0,0,0,0.0,0.4375,1,P14_CV0,2,1,1,2,0,0,2,0,2
89,203618.0078,-246304.5116,Age0_F89_m15f15_P89_Y7_UO842,I15_F41_m15f15_P41_Y2_UO796,I15_F89_m15f15_P41_Y0_UO811,FXX,0,0.0,0,0,0.0,0,0,0,0.0,0.5,1,P14_CV0,2,1,1,0,2,0,2,0,2
89,203618.0078,-246304.5116,Age0_F89_m15f15_P89_Y7_UO846,ID15_F41_m73f73_P89_Y2_UO3283,ID15_F41_m55f55_P89_Y5_UO2598,MXY,0,0.0,0,0,0.0,0,0,0,0.0,0.5,1,P14_CV0,2,0,2,1,1,0,2,0,2
89,203618.0078,-246304.5116,Age0_F89_m15f15_P89_Y7_UO855,I15_F48_m15f15_P41_Y1_UO776,I15_F49_m60f60_P14_Y3_UO2780,MXY,0,0.0,0,0,0.0,0,0,0,0.0,0.4375,1,P14_CV0,2,1,1,1,1,0,2,0,2
89,203618.0078,-246304.5116,Age0_F89_m15f15_P89_Y7_UO858,I15_F89_m15f15_P89_Y1_UO746,ID15_F48_m-1f-1_P15_Y-1_U55,MXY,0,0.0,0,0,0.0,0,0,0,0.0,0.25,1,P14_CV0,2,0,2,1,1,0,2,0,2
89,203618.0078,-246304.5116,Age0_F89_m15f15_P89_Y7_UO867,I15_F14_m-1f-1_P15_Y-1_U181,I15_F14_m-1f-1_P15_Y-1_U241,MXY,0,0.0,0,0,0.0,0,0,0,0.0,0.5,1,P14_CV0,2,1,1,1,1,0,2,0,2
89,203618.0078,-246304.5116,Age0_F89_m15f15_P89_Y7_UO868,I15_F89_m-1f-1_P15_Y-1_U173,I15_F41_m73f73_P89_Y5_UO3377,FXX,0,0.0,0,0,0.0,0,0,0,0.0,0.84375,1,P14_CV0,2,2,0,2,0,0,2,0,2
89,203618.0078,-246304.5116,Age0_F89_m15f15_P89_Y7_UO875,ID15_F49_m-1f-1_P15_Y-1_U182,ID15_F89_m73f73_P41_Y5_UO3350,FXX,0,0.0,0,0,0.0,0,0,0,0.0,0.53125,1,P14_CV0,2,2,0,1,1,0,2,0,2
89,203618.0078,-246304.5116,Age0_F89_m15f15_P89_Y7_UO878,I15_F14_m-1f-1_P15_Y-1_U87,ID15_F14_m-1f-1_P15_Y-1_U105,FXX,0,0.0,0,0,0.0,0,0,0,0.0,0.75,1,P14_CV0,2,1,1,2,0,0,2,0,2
89,203618.0078,-246304.5116,Age0_F89_m55f55_P89_Y7_UO2556,I55_F41_m55f55_P49_Y5_UO2528,I55_F89_m-1f-1_P73_Y-1_U221,FXX,0,0.0,0,0,0.0,0,0,0,0.0,0.3125,1,P14_CV0,2,1,1,2,0,0,2,0,2
89,203618.0078,-246304.5116,Age0_F89_m55f55_P89_Y7_UO2562,ID55_F89_m55f55_P89_Y4_UO2519,I55_F89_m31f31_P49_Y0_UO1575,FXX,0,0.0,0,0,0.0,0,0,0,0.0,0.46875,1,P14_CV0,2,0,2,0,2,0,2,0,2
89,203618.0078,-246304.5116,Age0_F89_m55f55_P89_Y7_UO2571,I55_F89_m55f55_P89_Y4_UO2581,ID55_F41_m73f73_P89_Y5_UO3296,FXX,0,0.0,0,0,0.0,0,0,0,0.0,0.75,1,P14_CV0,2,2,0,2,0,0,2,0,2
89,203618.0078,-246304.5116,Age0_F89_m55f55_P89_Y7_UO2573,I55_F41_m15f15_P89_Y4_UO869,I55_F41_m55f55_P89_Y2_UO2629,FXX,0,0.0,0,0,0.0,0,0,0,0.0,0.46875,1,P14_CV0,2,2,0,2,0,0,2,0,2
89,203618.0078,-246304.5116,Age0_F89_m55f55_P89_Y7_UO2617,ID55_F41_m100f100_P41_Y0_UO4955,ID55_F89_m55f55_P89_Y5_UO2536,MXY,0,0.0,0,0,0.0,0,0,0,0.0,0.40625,1,P14_CV0,2,1,1,0,2,0,2,0,2
89,203618.0078,-246304.5116,Age0_F89_m55f55_P89_Y7_UO2621,I55_F41_m43f43_P89_Y0_UO2153,ID55_F89_m15f15_P14_Y1_UO715,MXY,0,0.0,0,0,0.0,0,0,0,0.0,0.5,1,P14_CV0,2,1,1,1,1,0,2,0,2
89,203618.0078,-246304.5116,Age0_F89_m55f55_P89_Y7_UO2627,I55_F14_m-1f-1_P15_Y-1_U62,I55_F89_m55f55_P89_Y1_UO2491,MXY,0,0.0,0,0,0.0,0,0,0,0.0,0.875,1,P14_CV0,2,1,1,1,1,0,2,0,2
89,203618.0078,-246304.5116,Age0_F89_m73f73_P89_Y7_UO3323,I73_F14_m55f55_P89_Y5_UO2566,ID73_F41_m55f55_P41_Y0_UO2813,FXX,0,0.0,0,0,0.0,0,0,0,0.0,0.28125,1,P14_CV0,2,0,2,1,1,0,2,0,2
89,203618.0078,-246304.5116,Age0_F89_m73f73_P89_Y7_UO3324,I73_F41_m55f55_P41_Y5_UO2620,I73_F14_m55f55_P89_Y2_UO2587,FXX,0,0.0,0,0,0.0,0,0,0,0.0,0.375,1,P14_CV0,2,1,1,2,0,0,2,0,2
89,203618.0078,-246304.5116,Age0_F89_m73f73_P89_Y7_UO3350,I73_F41_m55f55_P89_Y4_UO2565,I73_F89_m73f73_P89_Y4_UO3273,FXX,0,0.0,0,0,0.0,0,0,0,0.0,0.75,1,P14_CV0,2,2,0,0,2,0,2,0,2
89,203618.0078,-246304.5116,Age0_F89_m73f73_P89_Y7_UO3356,I73_F89_m15f15_P41_Y4_UO825,I73_F89_m-1f-1_P15_Y-1_U111,MXY,0,0.0,0,0,0.0,0,0,0,0.0,0.1875,1,P14_CV0,2,0,2,0,2,0,2,0,2
89,203618.0078,-246304.5116,Age0_F89_m73f73_P89_Y7_UO3367,I73_F89_m73f73_P41_Y3_UO3331,I73_F14_m-1f-1_P73_Y-1_U187,FXX,0,0.0,0,0,0.0,0,0,0,0.0,0.625,1,P14_CV0,2,2,0,2,0,0,2,0,2
89,203618.0078,-246304.5116,Age0_F89_m73f73_P89_Y7_UO3368,I73_F41_m55f55_P89_Y3_UO2595,I73_F89_m55f55_P41_Y5_UO2619,MXY,0,0.0,0,0,0.0,0,0,0,0.0,0.75,1,P14_CV0,2,2,0,1,1,0,2,0,2
89,203618.0078,-246304.5116,Age0_F89_m73f73_P89_Y7_UO3377,ID73_F89_m55f55_P14_Y2_UO2613,I73_F89_m73f73_P89_Y4_UO3273,MXY,0,0.0,0,0,0.0,0,0,0,0.0,0.5,1,P14_CV0,2,1,1,1,1,0,2,0,2
89,203618.0078,-246304.5116,Age0_F89_m73f73_P89_Y7_UO3385,I73_F89_m73f73_P89_Y1_UO3165,I73_F89_m55f55_P41_Y1_UO2419,FXX,0,0.0,0,0,0.0,0,0,0,0.0,0.625,1,P14_CV0,2,1,1,1,1,0,2,0,2
89,203618.0078,-246304.5116,Age0_F89_m73f73_P89_Y7_UO3390,I73_F89_m15f15_P41_Y1_UO728,I73_F89_m11f11_P48_Y1_UO562,MXY,0,0.0,0,0,0.0,0,0,0,0.0,0.625,1,P14_CV0,2,2,0,0,2,0,2,0,2
89,203618.0078,-246304.5116,Age0_F89_m73f73_P89_Y7_UO3399,I73_F89_m-1f-1_P73_Y-1_U177,I73_F89_m15f15_P89_Y4_UO780,FXX,0,0.0,0,0,0.0,0,0,0,0.0,0.3125,1,P14_CV0,2,0,2,1,1,0,2,0,2
89,203618.0078,-246304.5116,Age0_F89_m73f73_P89_Y7_UO3410,I73_F89_m-1f-1_P15_Y-1_U21,I73_F41_m-1f-1_P73_Y-1_U9,MXY,0,0.0,0,0,0.0,0,0,0,0.0,0.75,1,P14_CV0,2,2,0,1,1,0,2,0,2
89,203618.0078,-246304.5116,Age0_F89_m73f73_P89_Y7_UO3412,I73_F41_m-1f-1_P55_Y-1_U37,I73_F89_m73f73_P89_Y2_UO3334,MXY,0,0.0,0,0,0.0,0,0,0,0.0,0.375,1,P14_CV0,2,2,0,1,1,0,2,0,2
89,203618.0078,-246304.5116,Age0_F89_m73f73_P89_Y7_UO3415,I73_F41_m-1f-1_P15_Y-1_U136,I73_F41_m73f73_P89_Y5_UO3323,MXY,0,0.0,0,0,0.0,0,0,0,0.0,0.8125,1,P14_CV0,2,2,0,2,0,0,2,0,2
89,203618.0078,-246304.5116,E89_F11_m55f55_P89_Y6_UO2585,I55_F41_m43f43_P49_Y3_UO2086,I55_F89_m73f73_P89_Y4_UO3322,MXY,1,0.0,1,1,0.0,0,0,0,-9999.0,0.3125,1,P14_CV0,2,1,1,1,1,0,2,0,2
89,203618.0078,-246304.5116,E89_F15_m15f15_P14_Y6_UO805,I15_F89_m15f15_P14_Y4_UO850,ID15_F49_m100f100_P48_Y4_UO4550,FXX,1,0.0,1,1,1.0,0,0,0,-9999.0,0.5625,1,P14_CV0,2,1,1,0,2,0,2,0,2
89,203618.0078,-246304.5116,E89_F15_m15f15_P14_Y6_UO826,I15_F89_m55f55_P14_Y3_UO2550,ID15_F89_m43f43_P41_Y4_UO2106,FXX,1,0.0,1,1,1.0,0,0,0,-9999.0,0.375,1,P14_CV0,2,1,1,1,1,0,2,0,2
89,203618.0078,-246304.5116,E89_F15_m55f55_P14_Y6_UO2644,I55_F41_m-1f-1_P15_Y-1_U62,I55_F41_m11f11_P49_Y1_UO553,FXX,1,0.0,1,1,1.0,0,0,0,-9999.0,0.75,1,P14_CV0,2,1,1,1,1,0,2,0,2
89,203618.0078,-246304.5116,E89_F15_m55f55_P41_Y6_UO2645,ID55_F89_m-1f-1_P15_Y-1_U84,I55_F89_m73f73_P89_Y4_UO3335,FXX,1,0.0,1,1,1.0,0,0,0,-9999.0,0.4375,1,P14_CV0,2,0,2,0,2,0,2,0,2
89,203618.0078,-246304.5116,E89_F15_m55f55_P41_Y6_UO2658,I55_F41_m-1f-1_P55_Y-1_U53,I55_F89_m55f55_P89_Y4_UO2517,MXY,1,0.0,1,1,0.0,0,0,0,-9999.0,0.875,1,P14_CV0,2,2,0,2,0,0,2,0,2
89,203618.0078,-246304.5116,E89_F15_m73f73_P41_Y6_UO3358,I73_F41_m15f15_P14_Y3_UO835,I73_F89_m43f43_P14_Y4_UO2068,MXY,1,0.0,1,1,0.0,0,0,0,-9999.0,0.4375,1,P14_CV0,2,1,1,1,1,0,2,0,2
89,203618.0078,-246304.5116,E89_F15_m11f11_P89_Y6_UO657,I11_F48_m15f15_P41_Y0_UO820,I11_F49_m100f100_P48_Y4_UO4617,FXX,1,0.0,1,1,1.0,0,0,0,-9999.0,0.5,1,P14_CV0,2,2,0,1,1,0,2,0,2
89,203618.0078,-246304.5116,E89_F15_m55f55_P89_Y6_UO2648,ID55_F89_m-1f-1_P15_Y-1_U206,I55_F89_m-1f-1_P73_Y-1_U156,FXX,1,0.0,1,1,1.0,0,0,0,-9999.0,0.5,1,P14_CV0,2,1,1,2,0,0,2,0,2
89,203618.0078,-246304.5116,E89_F15_m73f73_P89_Y6_UO3335,I73_F41_m15f15_P89_Y4_UO767,I73_F89_m-1f-1_P15_Y-1_U3,FXX,1,0.0,1,1,1.0,0,0,0,-9999.0,0.6875,1,P14_CV0,2,2,0,1,1,0,2,0,2
89,203618.0078,-246304.5116,E89_F15_m73f73_P89_Y6_UO3349,I73_F41_m73f73_P89_Y4_UO3292,I73_F89_m43f43_P14_Y4_UO2048,FXX,1,0.0,1,1,1.0,0,0,0,-9999.0,0.5,1,P14_CV0,2,1,1,1,1,0,2,0,2
89,203618.0078,-246304.5116,E89_F15_m73f73_P89_Y6_UO3406,ID73_F41_m-1f-1_P15_Y-1_U5,ID73_F41_m73f73_P89_Y2_UO3279,FXX,1,0.0,1,1,1.0,0,0,0,-9999.0,0.75,1,P14_CV0,2,1,1,2,0,0,2,0,2
89,203618.0078,-246304.5116,E89_F43_m43f43_P49_Y6_UO2182,I43_F49_m-1f-1_P15_Y-1_U4,I43_F49_m-1f-1_P15_Y-1_U36,MXY,1,0.0,1,1,0.0,0,0,0,-9999.0,0.25,1,P14_CV0,2,0,2,1,1,0,2,0,2
89,203618.0078,-246304.5116,E89_F55_m15f15_P14_Y6_UO802,I15_F41_m15f15_P89_Y4_UO829,I15_F41_m55f55_P41_Y4_UO2502,FXX,1,0.0,1,1,1.0,0,0,0,-9999.0,0.5,1,P14_CV0,2,1,1,1,1,0,2,0,2
89,203618.0078,-246304.5116,E89_F55_m15f15_P41_Y6_UO882,I15_F41_m-1f-1_P15_Y-1_U196,I15_F89_m55f55_P89_Y2_UO2561,FXX,1,0.0,1,1,1.0,0,0,0,-9999.0,0.8125,1,P14_CV0,2,1,1,0,2,0,2,0,2
89,203618.0078,-246304.5116,E89_F55_m55f55_P41_Y6_UO2653,I55_F41_m-1f-1_P55_Y-1_U89,I55_F89_m73f73_P89_Y2_UO3297,MXY,1,0.0,1,1,0.0,0,0,0,-9999.0,0.625,1,P14_CV0,2,2,0,1,1,0,2,0,2
89,203618.0078,-246304.5116,E89_F55_m73f73_P41_Y6_UO3334,I73_F41_m15f15_P89_Y4_UO840,I73_F89_m55f55_P89_Y0_UO2742,FXX,1,0.0,1,1,1.0,0,0,0,-9999.0,0.5,1,P14_CV0,2,1,1,2,0,0,2,0,2
89,203618.0078,-246304.5116,E89_F55_m73f73_P41_Y6_UO3415,I73_F41_m-1f-1_P15_Y-1_U239,I73_F89_m73f73_P41_Y3_UO3268,MXY,1,0.0,1,1,0.0,0,0,0,-9999.0,0.625,1,P14_CV0,2,2,0,2,0,0,2,0,2
89,203618.0078,-246304.5116,E89_F55_m43f43_P49_Y6_UO2117,I43_F49_m55f55_P49_Y4_UO2573,I43_F48_m-1f-1_P15_Y-1_U169,MXY,1,0.0,1,1,0.0,0,0,0,-9999.0,0.5,1,P14_CV0,2,1,1,0,2,0,2,0,2
89,203618.0078,-246304.5116,E89_F55_m11f11_P89_Y6_UO648,I11_F89_m15f15_P41_Y4_UO790,I11_F36_m55f55_P41_Y2_UO2611,FXX,1,0.0,1,1,1.0,0,0,0,-9999.0,0.5625,1,P14_CV0,2,1,1,1,1,0,2,0,2
89,203618.0078,-246304.5116,E89_F55_m15f15_P89_Y6_UO819,ID15_F41_m43f43_P14_Y3_UO2095,ID15_F89_m15f15_P41_Y4_UO802,MXY,1,0.0,1,1,0.0,0,0,0,-9999.0,0.5625,1,P14_CV0,2,1,1,0,2,0,2,0,2
89,203618.0078,-246304.5116,E89_F55_m15f15_P89_Y6_UO857,I15_F14_m15f15_P89_Y1_UO746,I15_F89_m73f73_P41_Y4_UO3333,MXY,1,0.0,1,1,0.0,0,0,0,-9999.0,0.3125,1,P14_CV0,2,0,2,0,2,0,2,0,2
89,203618.0078,-246304.5116,E89_F55_m55f55_P89_Y6_UO2548,I55_F41_m55f55_P89_Y4_UO2581,I55_F89_m55f55_P89_Y3_UO2579,FXX,1,0.0,1,1,1.0,0,0,0,-9999.0,0.5625,1,P14_CV0,2,1,1,2,0,0,2,0,2
89,203618.0078,-246304.5116,E89_F55_m55f55_P89_Y6_UO2574,I55_F89_m73f73_P89_Y4_UO3304,I55_F89_m15f15_P89_Y3_UO765,MXY,1,0.0,1,1,0.0,0,0,0,-9999.0,0.5,1,P14_CV0,2,0,2,1,1,0,2,0,2
89,203618.0078,-246304.5116,E89_F55_m55f55_P89_Y6_UO2597,ID55_F89_m15f15_P14_Y3_UO820,I55_F89_m55f55_P89_Y4_UO2566,FXX,1,0.0,1,1,1.0,0,0,0,-9999.0,0.5625,1,P14_CV0,2,1,1,1,1,0,2,0,2
89,203618.0078,-246304.5116,E89_F55_m55f55_P89_Y6_UO2635,ID55_F14_m15f15_P41_Y0_UO818,ID55_F41_m15f15_P41_Y3_UO844,MXY,1,0.0,1,1,0.0,0,0,0,-9999.0,0.25,1,P14_CV0,2,1,1,1,1,0,2,0,2
89,203618.0078,-246304.5116,E89_F55_m55f55_P89_Y6_UO2638,ID55_F41_m15f15_P41_Y0_UO849,I55_F89_m73f73_P14_Y4_UO3344,MXY,1,0.0,1,1,0.0,0,0,0,-9999.0,0.4375,1,P14_CV0,2,1,1,1,1,0,2,0,2
89,203618.0078,-246304.5116,E89_F55_m55f55_P89_Y6_UO2659,I55_F14_m-1f-1_P55_Y-1_U115,I55_F14_m-1f-1_P15_Y-1_U189,MXY,1,0.0,1,1,0.0,0,0,0,-9999.0,0.75,1,P14_CV0,2,1,1,0,2,0,2,0,2
89,203618.0078,-246304.5116,E89_F55_m73f73_P89_Y6_UO3342,I73_F41_m55f55_P89_Y4_UO2598,I73_F89_m15f15_P89_Y4_UO848,MXY,1,0.0,1,1,0.0,0,0,0,-9999.0,0.375,1,P14_CV0,2,0,2,2,0,0,2,0,2
89,203618.0078,-246304.5116,E89_F55_m73f73_P89_Y6_UO3353,ID73_F41_m73f73_P41_Y3_UO3331,ID73_F14_m73f73_P89_Y4_UO3285,FXX,1,0.0,1,1,1.0,0,0,0,-9999.0,0.625,1,P14_CV0,2,2,0,0,2,0,2,0,2
89,203618.0078,-246304.5116,E89_F55_m73f73_P89_Y6_UO3394,I73_F89_m73f73_P89_Y1_UO3165,I73_F89_m15f15_P14_Y0_UO872,MXY,1,0.0,1,1,0.0,0,0,0,-9999.0,0.25,1,P14_CV0,2,1,1,1,1,0,2,0,2
89,203618.0078,-246304.5116,E89_F73_m15f15_P14_Y6_UO873,I15_F89_m-1f-1_P15_Y-1_U181,I15_F89_m-1f-1_P73_Y-1_U136,FXX,1,0.0,1,1,1.0,0,0,0,-9999.0,0.0,1,P14_CV0,2,0,2,0,2,0,2,0,2
89,203618.0078,-246304.5116,E89_F73_m15f15_P14_Y6_UO883,I15_F48_m-1f-1_P15_Y-1_U87,I15_F14_m43f43_P14_Y2_UO2039,MXY,1,0.0,1,1,0.0,0,0,0,-9999.0,0.25,1,P14_CV0,2,0,2,2,0,0,2,0,2
89,203618.0078,-246304.5116,E89_F73_m55f55_P41_Y6_UO2606,ID55_F89_m55f55_P41_Y2_UO2626,I55_F89_m15f15_P41_Y4_UO831,MXY,1,0.0,1,1,0.0,0,0,0,-9999.0,0.875,1,P14_CV0,2,2,0,1,1,0,2,0,2
89,203618.0078,-246304.5116,E89_F73_m73f73_P41_Y6_UO3371,I73_F41_m55f55_P89_Y3_UO2595,I73_F49_m73f73_P41_Y3_UO3330,MXY,1,0.0,1,1,0.0,0,0,0,-9999.0,0.75,1,P14_CV0,2,1,1,1,1,0,2,0,2
89,203618.0078,-246304.5116,E89_F73_m73f73_P41_Y6_UO3374,I73_F89_m55f55_P41_Y2_UO2620,I73_F89_m15f15_P89_Y4_UO848,FXX,1,0.0,1,1,1.0,0,0,0,-9999.0,0.375,1,P14_CV0,2,0,2,2,0,0,2,0,2
89,203618.0078,-246304.5116,E89_F73_m15f15_P89_Y6_UO878,ID15_F49_m-1f-1_P73_Y-1_U139,ID15_F89_m-1f-1_P15_Y-1_U227,MXY,1,0.0,1,1,0.0,0,0,0,-9999.0,0.25,1,P14_CV0,2,1,1,1,1,0,2,0,2
89,203618.0078,-246304.5116,E89_F73_m55f55_P89_Y6_UO2601,I55_F89_m73f73_P89_Y2_UO3353,ID55_F41_m15f15_P41_Y4_UO867,FXX,1,0.0,1,1,1.0,0,0,0,-9999.0,0.4375,1,P14_CV0,2,0,2,1,1,0,2,0,2
89,203618.0078,-246304.5116,E89_F73_m73f73_P89_Y6_UO3339,I73_F89_m15f15_P41_Y4_UO825,ID73_F14_m73f73_P89_Y4_UO3285,FXX,1,0.0,1,1,1.0,0,0,0,-9999.0,0.4375,1,P14_CV0,2,2,0,0,2,0,2,0,2
89,203618.0078,-246304.5116,E89_F73_m73f73_P89_Y6_UO3418,ID73_F41_m-1f-1_P15_Y-1_U21,I73_F49_m73f73_P41_Y3_UO3330,MXY,1,0.0,1,1,0.0,0,0,0,-9999.0,0.5,1,P14_CV0,2,0,2,1,1,0,2,0,2
89,203618.0078,-246304.5116,E89_F15_m55f55_P89_Y5_UO2601,ID55_F89_m73f73_P89_Y0_UO3601,I55_F49_m73f73_P89_Y2_UO3302,FXX,2,0.0,1,0,1.0,0,0,0,-9999.0,0.5625,1,P14_CV0,2,1,1,1,1,0,2,0,2
89,203618.0078,-246304.5116,E89_F15_m55f55_P14_Y5_UO2556,I55_F89_m73f73_P89_Y2_UO3286,I55_F14_m15f15_P41_Y3_UO779,FXX,2,0.0,1,0,1.0,0,0,0,-9999.0,0.25,1,P14_CV0,2,0,2,2,0,0,2,0,2
89,203618.0078,-246304.5116,E89_F15_m73f73_P41_Y5_UO3297,ID73_F41_m15f15_P14_Y3_UO835,I73_F41_m-1f-1_P73_Y-1_U92,MXY,2,0.0,1,0,0.0,0,0,0,-9999.0,0.375,1,P14_CV0,2,1,1,1,1,0,2,0,2
89,203618.0078,-246304.5116,E89_F15_m15f15_P89_Y5_UO879,I15_F14_m-1f-1_P11_Y-1_U44,I15_F41_m15f15_P41_Y3_UO840,FXX,2,0.0,1,0,1.0,0,0,0,-9999.0,0.8125,1,P14_CV0,2,2,0,2,0,0,2,0,2
89,203618.0078,-246304.5116,E89_F15_m55f55_P89_Y5_UO2595,I55_F48_m15f15_P41_Y0_UO892,I55_F41_m11f11_P89_Y2_UO597,MXY,2,0.0,1,0,0.0,0,0,0,-9999.0,0.375,1,P14_CV0,2,1,1,2,0,0,2,0,2
89,203618.0078,-246304.5116,E89_F55_m55f55_P41_Y5_UO2562,I55_F41_m11f11_P89_Y2_UO641,I55_F41_m73f73_P41_Y3_UO3308,MXY,2,0.0,1,0,0.0,0,0,0,-9999.0,0.4375,1,P14_CV0,2,0,2,1,1,0,2,0,2
89,203618.0078,-246304.5116,E89_F55_m73f73_P41_Y5_UO3358,I73_F89_m-1f-1_P73_Y-1_U11,ID73_F89_m15f15_P89_Y2_UO806,FXX,2,0.0,1,0,1.0,0,0,0,-9999.0,0.75,1,P14_CV0,2,1,1,2,0,0,2,0,2
89,203618.0078,-246304.5116,E89_F55_m55f55_P89_Y5_UO2536,I55_F14_m15f15_P41_Y3_UO781,I55_F89_m-1f-1_P55_Y-1_U76,MXY,2,0.0,1,0,0.0,0,0,0,-9999.0,0.5625,1,P14_CV0,2,2,0,1,1,0,2,0,2
89,203618.0078,-246304.5116,E89_F55_m55f55_P41_Y5_UO2610,I55_F41_m-1f-1_P15_Y-1_U173,I55_F89_m-1f-1_P55_Y-1_U158,MXY,2,0.0,1,0,0.0,0,0,0,-9999.0,0.5,1,P14_CV0,2,1,1,1,1,0,2,0,2
89,203618.0078,-246304.5116,E89_F55_m43f43_P49_Y5_UO2087,I43_F89_m43f43_P48_Y2_UO2055,I43_F41_m-1f-1_P43_Y-1_U98,FXX,2,0.0,1,0,1.0,0,0,0,-9999.0,0.875,1,P14_CV0,2,2,0,1,1,0,2,0,2
89,203618.0078,-246304.5116,E89_F55_m55f55_P41_Y5_UO2518,I55_F89_m43f43_P49_Y3_UO2086,I55_F41_m55f55_P14_Y3_UO2577,MXY,2,0.0,1,0,0.0,0,0,0,-9999.0,0.3125,1,P14_CV0,2,0,2,1,1,0,2,0,2
89,203618.0078,-246304.5116,E89_F55_m55f55_P89_Y5_UO2571,I55_F49_m15f15_P89_Y2_UO829,I55_F89_m55f55_P89_Y3_UO2524,MXY,2,0.0,1,0,0.0,0,0,0,-9999.0,0.5625,1,P14_CV0,2,2,0,1,1,0,2,0,2
89,203618.0078,-246304.5116,E89_F55_m15f15_P89_Y5_UO856,I15_F89_m15f15_P41_Y0_UO870,I15_F41_m43f43_P14_Y1_UO1957,MXY,2,0.0,1,0,0.0,0,0,0,-9999.0,0.625,1,P14_CV0,2,2,0,1,1,0,2,0,2
89,203618.0078,-246304.5116,E89_F55_m15f15_P89_Y5_UO826,I15_F41_m11f11_P89_Y2_UO616,ID15_F41_m15f15_P89_Y3_UO827,MXY,2,0.0,1,0,0.0,0,0,0,-9999.0,0.375,1,P14_CV0,2,0,2,1,1,0,2,0,2
89,203618.0078,-246304.5116,E89_F55_m55f55_P49_Y5_UO2528,I55_F89_m73f73_P41_Y3_UO3344,ID55_F41_m15f15_P41_Y0_UO903,FXX,2,0.0,1,0,1.0,0,0,0,-9999.0,0.625,1,P14_CV0,2,1,1,2,0,0,2,0,2
89,203618.0078,-246304.5116,E89_F55_m73f73_P89_Y5_UO3367,I73_F89_m-1f-1_P15_Y-1_U84,I73_F41_m15f15_P41_Y3_UO844,MXY,2,0.0,1,0,0.0,0,0,0,-9999.0,0.25,1,P14_CV0,2,0,2,0,2,0,2,0,2
89,203618.0078,-246304.5116,E89_F73_m55f55_P41_Y5_UO2631,I55_F41_m-1f-1_P55_Y-1_U53,I55_F89_m-1f-1_P15_Y-1_U7,MXY,2,0.0,1,0,0.0,0,0,0,-9999.0,0.75,1,P14_CV0,2,2,0,1,1,0,2,0,2
89,203618.0078,-246304.5116,E89_F73_m55f55_P89_Y5_UO2566,ID55_F41_m73f73_P89_Y2_UO3283,ID55_F89_m-1f-1_P55_Y-1_U208,FXX,2,0.0,1,0,1.0,0,0,0,-9999.0,0.5625,1,P14_CV0,2,1,1,1,1,0,2,0,2
89,203618.0078,-246304.5116,E89_F73_m55f55_P41_Y5_UO2620,I55_F41_m-1f-1_P15_Y-1_U139,I55_F89_m11f11_P89_Y2_UO609,FXX,2,0.0,1,0,1.0,0,0,0,-9999.0,0.5,1,P14_CV0,2,0,2,1,1,0,2,0,2
89,203618.0078,-246304.5116,E89_F73_m15f15_P41_Y5_UO813,I15_F41_m15f15_P41_Y2_UO822,I15_F41_m-1f-1_P15_Y-1_U78,MXY,2,0.0,1,0,0.0,0,0,0,-9999.0,0.75,1,P14_CV0,2,2,0,1,1,0,2,0,2
89,203618.0078,-246304.5116,E89_F73_m15f15_P41_Y5_UO877,I15_F14_m-1f-1_P15_Y-1_U196,I15_F41_m-1f-1_P15_Y-1_U179,MXY,2,0.0,1,0,0.0,0,0,0,-9999.0,0.75,1,P14_CV0,2,1,1,1,1,0,2,0,2
89,203618.0078,-246304.5116,E89_F11_m15f15_P41_Y4_UO797,ID15_F49_m100f100_P48_Y1_UO4377,I15_F41_m15f15_P41_Y1_UO720,FXX,3,0.0,1,0,1.0,0,0,0,-9999.0,0.5,1,P14_CV0,2,1,1,0,2,0,2,0,2
89,203618.0078,-246304.5116,E89_F15_m15f15_P41_Y4_UO802,I15_F89_m15f15_P41_Y1_UO771,ID15_F89_m15f15_P14_Y0_UO872,MXY,3,0.0,1,0,0.0,0,0,0,-9999.0,0.125,1,P14_CV0,2,0,2,1,1,0,2,0,2
89,203618.0078,-246304.5116,E89_F15_m55f55_P89_Y4_UO2517,I55_F89_m73f73_P89_Y2_UO3353,I55_F41_m-1f-1_P55_Y-1_U226,MXY,3,0.0,1,0,0.0,0,0,0,-9999.0,0.75,1,P14_CV0,2,2,0,1,1,0,2,0,2
89,203618.0078,-246304.5116,E89_F15_m15f15_P14_Y4_UO798,ID15_F41_m43f43_P41_Y1_UO1907,I15_F41_m-1f-1_P15_Y-1_U114,FXX,3,0.0,1,0,1.0,0,0,0,-9999.0,0.375,1,P14_CV0,2,2,0,2,0,0,2,0,2
89,203618.0078,-246304.5116,E89_F15_m15f15_P41_Y4_UO789,I15_F14_m15f15_P41_Y2_UO796,I15_F41_m15f15_P89_Y0_UO878,MXY,3,0.0,1,0,0.0,0,0,0,-9999.0,0.625,1,P14_CV0,2,2,0,1,1,0,2,0,2
89,203618.0078,-246304.5116,E89_F55_m73f73_P89_Y4_UO3331,I73_F41_m-1f-1_P15_Y-1_U84,I73_F41_m73f73_P41_Y2_UO3351,MXY,3,0.0,1,0,0.0,0,0,0,-9999.0,0.5,1,P14_CV0,2,0,2,0,2,0,2,0,2
89,203618.0078,-246304.5116,E89_F55_m15f15_P89_Y4_UO827,I15_F89_m15f15_P14_Y0_UO843,I15_F89_m15f15_P41_Y2_UO810,MXY,3,0.0,1,0,0.0,0,0,0,-9999.0,0.5,1,P14_CV0,2,1,1,1,1,0,2,0,2
89,203618.0078,-246304.5116,E89_F55_m55f55_P89_Y4_UO2519,ID55_F89_m11f11_P89_Y2_UO607,I55_F89_m73f73_P89_Y2_UO3306,FXX,3,0.0,1,0,1.0,0,0,0,-9999.0,0.6875,1,P14_CV0,2,1,1,1,1,0,2,0,2
89,203618.0078,-246304.5116,E89_F55_m55f55_P41_Y4_UO2542,I55_F41_m15f15_P89_Y1_UO760,I55_F41_m15f15_P41_Y1_UO772,FXX,3,0.0,1,0,1.0,0,0,0,-9999.0,0.375,1,P14_CV0,2,1,1,1,1,0,2,0,2
89,203618.0078,-246304.5116,E89_F55_m55f55_P89_Y4_UO2581,ID55_F41_m-1f-1_P15_Y-1_U6,ID55_F89_m73f73_P89_Y2_UO3355,FXX,3,0.0,1,0,1.0,0,0,0,-9999.0,0.625,1,P14_CV0,2,2,0,2,0,0,2,0,2
89,203618.0078,-246304.5116,E89_F55_m15f15_P89_Y4_UO869,I15_F89_m-1f-1_P15_Y-1_U57,ID15_F49_m73f73_P89_Y2_UO3305,FXX,3,0.0,1,0,1.0,0,0,0,-9999.0,0.4375,1,P14_CV0,2,1,1,1,1,0,2,0,2
89,203618.0078,-246304.5116,E89_F55_m55f55_P41_Y4_UO2568,I55_F41_m-1f-1_P15_Y-1_U173,I55_F89_m15f15_P89_Y1_UO737,FXX,3,0.0,1,0,1.0,0,0,0,-9999.0,0.75,1,P14_CV0,2,1,1,1,1,0,2,0,2
89,203618.0078,-246304.5116,E89_F73_m15f15_P41_Y4_UO831,I15_F41_m-1f-1_P15_Y-1_U5,I15_F41_m-1f-1_P15_Y-1_U199,MXY,3,0.0,1,0,0.0,0,0,0,-9999.0,1.0,1,P14_CV0,2,2,0,1,1,0,2,0,2
89,203618.0078,-246304.5116,E89_F73_m73f73_P89_Y4_UO3322,I73_F41_m-1f-1_P15_Y-1_U181,I73_F49_m-1f-1_P15_Y-1_U3,MXY,3,0.0,1,0,0.0,0,0,0,-9999.0,0.25,1,P14_CV0,2,0,2,0,2,0,2,0,2
89,203618.0078,-246304.5116,E89_F73_m15f15_P41_Y4_UO834,I15_F14_m-1f-1_P15_Y-1_U236,I15_F14_m55f55_P89_Y1_UO2456,FXX,3,0.0,1,0,1.0,0,0,0,-9999.0,0.375,1,P14_CV0,2,0,2,0,2,0,2,0,2
89,203618.0078,-246304.5116,E89_F73_m15f15_P41_Y4_UO825,ID15_F49_m55f55_P41_Y0_UO2781,I15_F41_m-1f-1_P15_Y-1_U227,FXX,3,0.0,1,0,1.0,0,0,0,-9999.0,0.375,1,P14_CV0,2,1,1,1,1,0,2,0,2
89,203618.0078,-246304.5116,E89_F73_m15f15_P89_Y4_UO780,I15_F14_m11f11_P89_Y2_UO634,I15_F41_m-1f-1_P15_Y-1_U232,MXY,3,0.0,1,0,0.0,0,0,0,-9999.0,0.125,1,P14_CV0,2,0,2,1,1,0,2,0,2
89,203618.0078,-246304.5116,E89_F73_m73f73_P14_Y4_UO3272,ID73_F89_m15f15_P14_Y2_UO809,I73_F89_m-1f-1_P73_Y-1_U202,MXY,3,0.0,1,0,0.0,0,0,0,-9999.0,0.875,1,P14_CV0,2,2,0,1,1,0,2,0,2
89,203618.0078,-246304.5116,E89_F55_m15f15_P89_Y3_UO755,I15_F41_m11f11_P89_Y1_UO611,ID15_F41_m-1f-1_P15_Y-1_U199,MXY,4,0.0,1,0,0.0,0,0,0,-9999.0,0.625,1,P14_CV0,2,1,1,0,2,0,2,0,2
89,203618.0078,-246304.5116,E89_F55_m15f15_P41_Y3_UO779,I15_F89_m73f73_P89_Y1_UO3169,I15_F89_m-1f-1_P15_Y-1_U23,MXY,4,0.0,1,0,0.0,0,0,0,-9999.0,0.0,1,P14_CV0,2,0,2,2,0,0,2,0,2
89,203618.0078,-246304.5116,E89_F55_m15f15_P41_Y3_UO823,I15_F89_m-1f-1_P15_Y-1_U21,I15_F14_m15f15_P14_Y0_UO826,MXY,4,0.0,1,0,0.0,0,0,0,-9999.0,0.5,1,P14_CV0,2,1,1,0,2,0,2,0,2
89,203618.0078,-246304.5116,E89_F55_m15f15_P14_Y3_UO820,I15_F41_m-1f-1_P15_Y-1_U182,I15_F41_m-1f-1_P15_Y-1_U68,FXX,4,0.0,1,0,1.0,0,0,0,-9999.0,0.25,1,P14_CV0,2,1,1,1,1,0,2,0,2
89,203618.0078,-246304.5116,E89_F73_m73f73_P41_Y3_UO3331,ID73_F89_m-1f-1_P15_Y-1_U84,I73_F89_m-1f-1_P73_Y-1_U9,FXX,4,0.0,1,0,1.0,0,0,0,-9999.0,0.75,1,P14_CV0,2,1,1,1,1,0,2,0,2
89,203618.0078,-246304.5116,E89_F73_m55f55_P89_Y3_UO2595,I55_F41_m-1f-1_P55_Y-1_U195,I55_F89_m-1f-1_P15_Y-1_U115,FXX,4,0.0,1,0,1.0,0,0,0,-9999.0,1.0,1,P14_CV0,2,2,0,0,2,0,2,0,2
89,203618.0078,-246304.5116,E89_F73_m55f55_P14_Y3_UO2577,I55_F89_m-1f-1_P15_Y-1_U104,ID55_F41_m-1f-1_P55_Y-1_U145,MXY,4,0.0,1,0,0.0,0,0,0,-9999.0,0.25,1,P14_CV0,2,0,2,0,2,0,2,0,2
89,203618.0078,-246304.5116,E89_F73_m15f15_P41_Y3_UO759,I15_F41_m15f15_P89_Y1_UO714,ID15_F14_m-1f-1_P15_Y-1_U69,MXY,4,0.0,1,0,0.0,0,0,0,-9999.0,0.125,1,P14_CV0,2,1,1,1,1,0,2,0,2
89,203618.0078,-246304.5116,E89_F15_m15f15_P41_Y2_UO796,I15_F89_m-1f-1_P15_Y-1_U173,I15_F41_m55f55_P14_Y0_UO2728,FXX,5,0.0,1,0,1.0,0,0,0,-9999.0,0.75,1,P14_CV0,2,1,1,1,1,0,2,0,2
89,203618.0078,-246304.5116,E89_F15_m73f73_P89_Y2_UO3283,I73_F89_m15f15_P41_Y0_UO799,I73_F89_m73f73_P89_Y0_UO3550,FXX,5,0.0,1,0,1.0,0,0,0,-9999.0,0.625,1,P14_CV0,2,1,1,1,1,0,2,0,2
89,203618.0078,-246304.5116,E89_F55_m15f15_P41_Y2_UO804,I15_F89_m-1f-1_P15_Y-1_U158,I15_F41_m-1f-1_P15_Y-1_U105,FXX,5,0.0,1,0,1.0,0,0,0,-9999.0,1.0,1,P14_CV0,2,2,0,1,1,0,2,0,2
89,203618.0078,-246304.5116,E89_F55_m73f73_P89_Y2_UO3297,ID73_F41_m15f15_P41_Y0_UO865,I73_F89_m-1f-1_P73_Y-1_U187,MXY,5,0.0,1,0,0.0,0,0,0,-9999.0,0.75,1,P14_CV0,2,1,1,1,1,0,2,0,2
89,203618.0078,-246304.5116,E89_F55_m73f73_P89_Y2_UO3302,I73_F41_m15f15_P14_Y0_UO843,I73_F89_m-1f-1_P15_Y-1_U107,MXY,5,0.0,1,0,0.0,0,0,0,-9999.0,0.375,1,P14_CV0,2,1,1,1,1,0,2,0,2
89,203618.0078,-246304.5116,E89_F15_m15f15_P14_Y1_UO757,I15_F41_m-1f-1_P15_Y-1_U207,I15_F41_m-1f-1_P15_Y-1_U132,FXX,6,0.0,1,0,1.0,0,0,0,-9999.0,0.5,1,P14_CV0,2,0,2,1,1,0,2,0,2
89,203618.0078,-246304.5116,E89_F15_m15f15_P41_Y1_UO776,I15_F14_m-1f-1_P15_Y-1_U128,ID15_F41_m-1f-1_P15_Y-1_U7,FXX,6,0.0,1,0,1.0,0,0,0,-9999.0,0.5,1,P14_CV0,2,0,2,0,2,0,2,0,2
89,203618.0078,-246304.5116,E89_F15_m15f15_P89_Y1_UO746,I15_F41_m-1f-1_P15_Y-1_U21,ID15_F41_m-1f-1_P15_Y-1_U64,FXX,6,0.0,1,0,1.0,0,0,0,-9999.0,0.5,1,P14_CV0,2,0,2,0,2,0,2,0,2
89,203618.0078,-246304.5116,E89_F55_m15f15_P41_Y1_UO713,I15_F14_m-1f-1_P15_Y-1_U32,I15_F14_m-1f-1_P15_Y-1_U231,FXX,6,0.0,1,0,1.0,0,0,0,-9999.0,0.75,1,P14_CV0,2,1,1,2,0,0,2,0,2
89,203618.0078,-246304.5116,E89_F55_m15f15_P89_Y1_UO737,I15_F41_m-1f-1_P15_Y-1_U84,ID15_F41_m-1f-1_P15_Y-1_U64,MXY,6,0.0,1,0,0.0,0,0,0,-9999.0,0.5,1,P14_CV0,2,0,2,0,2,0,2,0,2
89,203618.0078,-246304.5116,E89_F73_m73f73_P89_Y1_UO3165,ID73_F41_m-1f-1_P15_Y-1_U142,I73_F89_m-1f-1_P73_Y-1_U239,FXX,6,0.0,1,0,1.0,0,0,0,-9999.0,0.5,1,P14_CV0,2,1,1,1,1,0,2,0,2
89,203618.0078,-246304.5116,E89_F73_m15f15_P41_Y1_UO728,ID15_F14_m-1f-1_P15_Y-1_U71,I15_F41_m-1f-1_P15_Y-1_U114,FXX,6,0.0,1,0,1.0,0,0,0,-9999.0,0.5,1,P14_CV0,2,2,0,1,1,0,2,0,2
89,203618.0078,-246304.5116,E89_F11_m15f15_P41_Y0_UO820,R15_F15_m-1f-1_P15_Y-1_U57,R15_F15_m-1f-1_P15_Y-1_U131,FXX,7,0.0,1,0,1.0,0,0,0,-9999.0,0.5,1,P14_CV0,2,2,0,0,2,0,2,0,2
89,203618.0078,-246304.5116,E89_F15_m15f15_P89_Y0_UO824,R15_F15_m-1f-1_P15_Y-1_U65,R15_F15_m-1f-1_P15_Y-1_U174,MXY,7,0.0,1,0,0.0,0,0,0,-9999.0,0.5,1,P14_CV0,2,0,2,1,1,0,2,0,2
89,203618.0078,-246304.5116,E89_F15_m15f15_P14_Y0_UO894,R15_F15_m-1f-1_P15_Y-1_U226,R15_F15_m-1f-1_P15_Y-1_U209,FXX,7,0.0,1,0,1.0,0,0,0,-9999.0,0.25,1,P14_CV0,2,1,1,0,2,0,2,0,2
89,203618.0078,-246304.5116,E89_F55_m15f15_P41_Y0_UO802,R15_F15_m-1f-1_P15_Y-1_U13,R15_F15_m-1f-1_P15_Y-1_U150,MXY,7,0.0,1,0,0.0,0,0,0,-9999.0,0.5,1,P14_CV0,2,1,1,1,1,0,2,0,2
89,203618.0078,-246304.5116,E89_F55_m15f15_P41_Y0_UO836,R15_F15_m-1f-1_P15_Y-1_U99,R15_F15_m-1f-1_P15_Y-1_U177,FXX,7,0.0,1,0,1.0,0,0,0,-9999.0,0.25,1,P14_CV0,2,0,2,0,2,0,2,0,2
89,203618.0078,-246304.5116,E89_F73_m15f15_P14_Y0_UO891,R15_F15_m-1f-1_P15_Y-1_U218,R15_F15_m-1f-1_P15_Y-1_U17,FXX,7,0.0,1,0,1.0,0,0,0,-9999.0,0.75,1,P14_CV0,2,1,1,0,2,0,2,0,2
89,203618.0078,-246304.5116,E89_F73_m15f15_P41_Y0_UO860,R15_F15_m-1f-1_P15_Y-1_U148,R15_F15_m-1f-1_P15_Y-1_U18,FXX,7,0.0,1,0,1.0,0,0,0,-9999.0,0.75,1,P14_CV0,2,1,1,2,0,0,2,0,2
89,203618.0078,-246304.5116,E89_F73_m-1f-1_P15_Y-1_U5,-9999,-9999,FXX,8,0.0,1,0,1.0,0,0,0,-9999.0,1.0,1,P14_CV0,2,2,0,2,0,0,2,0,2
89,203618.0078,-246304.5116,E89_F73_m-1f-1_P15_Y-1_U3,-9999,-9999,MXY,8,0.0,1,0,0.0,0,0,0,-9999.0,0.5,1,P14_CV0,2,1,1,1,1,0,2,0,2
89,203618.0078,-246304.5116,E89_F15_m-1f-1_P15_Y-1_U181,-9999,-9999,FXX,9,0.0,1,0,1.0,0,0,0,-9999.0,0.0,1,P14_CV0,2,0,2,0,2,0,2,0,2
89,203618.0078,-246304.5116,E89_F15_m-1f-1_P15_Y-1_U173,-9999,-9999,FXX,9,0.0,1,0,1.0,0,0,0,-9999.0,1.0,1,P14_CV0,2,2,0,1,1,0,2,0,2
89,203618.0078,-246304.5116,E89_F15_m-1f-1_P15_Y-1_U55,-9999,-9999,MXY,9,0.0,1,0,0.0,0,0,0,-9999.0,0.0,1,P14_CV0,2,0,2,1,1,0,2,0,2
89,203618.0078,-246304.5116,E89_F55_m-1f-1_P15_Y-1_U62,-9999,-9999,FXX,10,0.0,1,0,1.0,0,0,0,-9999.0,1.0,1,P14_CV0,2,2,0,1,1,0,2,0,2
89,203618.0078,-246304.5116,E89_F73_m-1f-1_P15_Y-1_U239,-9999,-9999,FXX,10,0.0,1,0,1.0,0,0,0,-9999.0,0.5,1,P14_CV0,2,1,1,1,1,0,2,0,2
89,203618.0078,-246304.5116,E89_F15_m-1f-1_P15_Y-1_U182,-9999,-9999,FXX,11,0.0,1,0,1.0,0,0,0,-9999.0,0.5,1,P14_CV0,2,1,1,1,1,0,2,0,2
89,203618.0078,-246304.5116,E89_F15_m-1f-1_P15_Y-1_U151,-9999,-9999,FXX,11,0.0,1,0,1.0,0,0,0,-9999.0,0.5,1,P14_CV0,2,1,1,1,1,0,2,0,2
89,203618.0078,-246304.5116,E89_F73_m-1f-1_P15_Y-1_U21,-9999,-9999,FXX,11,0.0,1,0,1.0,0,0,0,-9999.0,0.5,1,P14_CV0,2,1,1,0,2,0,2,0,2
89,203618.0078,-246304.5116,E89_F15_m-1f-1_P15_Y-1_U87,-9999,-9999,FXX,12,0.0,1,0,1.0,0,0,0,-9999.0,0.5,1,P14_CV0,2,1,1,2,0,0,2,0,2
89,203618.0078,-246304.5116,E89_F55_m-1f-1_P15_Y-1_U163,-9999,-9999,MXY,12,0.0,1,0,0.0,0,0,0,-9999.0,0.5,1,P14_CV0,2,1,1,1,1,0,2,0,2
89,203618.0078,-246304.5116,E89_F73_m-1f-1_P15_Y-1_U106,-9999,-9999,MXY,12,0.0,1,0,0.0,0,0,0,-9999.0,1.0,1,P14_CV0,2,2,0,0,2,0,2,0,2
89,203618.0078,-246304.5116,E89_F55_m-1f-1_P15_Y-1_U195,-9999,-9999,MXY,13,0.0,1,0,0.0,0,0,0,-9999.0,0.5,1,P14_CV0,2,1,1,2,0,0,2,0,2
89,203618.0078,-246304.5116,E89_F73_m-1f-1_P15_Y-1_U136,-9999,-9999,FXX,14,0.0,1,0,1.0,0,0,0,-9999.0,1.0,1,P14_CV0,2,2,0,1,1,0,2,0,2
89,203618.0078,-246304.5116,Age0_F89_m11f11_P89_Y7_UO674,ID11_F49_m-1f-1_P43_Y-1_U247,ID11_F48_m55f55_P41_Y4_UO2496,FXX,0,0.0,0,0,0.0,0,0,0,0.0,0.4375,1,P42_CV0,2,1,1,1,1,0,2,0,2
89,203618.0078,-246304.5116,Age0_F89_m11f11_P89_Y7_UO683,I11_F89_m-1f-1_P11_Y-1_U244,I11_F49_m43f43_P49_Y1_UO1915,MXY,0,0.0,0,0,0.0,0,0,0,0.0,0.625,1,P42_CV0,2,1,1,0,2,0,2,0,2
89,203618.0078,-246304.5116,Age0_F89_m15f15_P89_Y7_UO790,I15_F89_m15f15_P41_Y5_UO863,I15_F41_m-1f-1_P73_Y-1_U222,FXX,0,0.0,0,0,0.0,0,0,0,0.0,0.625,1,P42_CV0,2,2,0,1,1,0,2,0,2
89,203618.0078,-246304.5116,Age0_F89_m15f15_P89_Y7_UO808,I15_F41_m15f15_P14_Y4_UO809,I15_F41_m73f73_P41_Y5_UO3302,FXX,0,0.0,0,0,0.0,0,0,0,0.0,0.46875,1,P42_CV0,2,1,1,1,1,0,2,0,2
89,203618.0078,-246304.5116,Age0_F89_m15f15_P89_Y7_UO810,ID15_F41_m73f73_P89_Y4_UO3290,I15_F41_m43f43_P41_Y5_UO2059,MXY,0,0.0,0,0,0.0,0,0,0,0.0,0.46875,1,P42_CV0,2,0,2,2,0,0,2,0,2
89,203618.0078,-246304.5116,Age0_F89_m15f15_P89_Y7_UO818,ID15_F89_m55f55_P41_Y4_UO2554,I15_F14_m15f15_P89_Y5_UO857,MXY,0,0.0,0,0,0.0,0,0,0,0.0,0.625,1,P42_CV0,2,0,2,2,0,0,2,0,2
89,203618.0078,-246304.5116,Age0_F89_m15f15_P89_Y7_UO832,I15_F89_m100f100_P48_Y3_UO4536,ID15_F41_m73f73_P41_Y5_UO3344,MXY,0,0.0,0,0,0.0,0,0,0,0.0,0.6875,1,P42_CV0,2,2,0,1,1,0,2,0,2
89,203618.0078,-246304.5116,Age0_F89_m15f15_P89_Y7_UO859,I15_F89_m43f43_P49_Y1_UO1954,I15_F41_m11f11_P89_Y2_UO603,MXY,0,0.0,0,0,0.0,0,0,0,0.0,0.5,1,P42_CV0,2,1,1,2,0,0,2,0,2
89,203618.0078,-246304.5116,Age0_F89_m15f15_P89_Y7_UO861,I15_F41_m55f55_P41_Y0_UO2781,I15_F41_m-1f-1_P43_Y-1_U42,FXX,0,0.0,0,0,0.0,0,0,0,0.0,0.625,1,P42_CV0,2,1,1,2,0,0,2,0,2
89,203618.0078,-246304.5116,Age0_F89_m15f15_P89_Y7_UO863,ID15_F41_m15f15_P14_Y0_UO894,I15_F41_m-1f-1_P43_Y-1_U42,FXX,0,0.0,0,0,0.0,0,0,0,0.0,0.375,1,P42_CV0,2,2,0,0,2,0,2,0,2
89,203618.0078,-246304.5116,Age0_F89_m43f43_P89_Y7_UO2096,I43_F48_m43f43_P49_Y5_UO2063,I43_F48_m-1f-1_P55_Y-1_U116,MXY,0,0.0,0,0,0.0,0,0,0,0.0,0.5,1,P42_CV0,2,0,2,1,1,0,2,0,2
89,203618.0078,-246304.5116,Age0_F89_m43f43_P89_Y7_UO2100,I43_F48_m43f43_P49_Y5_UO2136,I43_F41_m43f43_P48_Y2_UO2110,MXY,0,0.0,0,0,0.0,0,0,0,0.0,0.5,1,P42_CV0,2,0,2,1,1,0,2,0,2
89,203618.0078,-246304.5116,Age0_F89_m55f55_P89_Y7_UO2569,I55_F41_m43f43_P89_Y4_UO2047,ID55_F41_m73f73_P89_Y2_UO3292,MXY,0,0.0,0,0,0.0,0,0,0,0.0,0.4375,1,P42_CV0,2,1,1,1,1,0,2,0,2
89,203618.0078,-246304.5116,Age0_F89_m55f55_P89_Y7_UO2588,ID55_F41_m43f43_P41_Y3_UO2087,I55_F89_m73f73_P89_Y5_UO3353,MXY,0,0.0,0,0,0.0,0,0,0,0.0,0.375,1,P42_CV0,2,0,2,1,1,0,2,0,2
89,203618.0078,-246304.5116,Age0_F89_m55f55_P89_Y7_UO2599,I55_F41_m55f55_P41_Y2_UO2626,I55_F41_m73f73_P14_Y4_UO3344,FXX,0,0.0,0,0,0.0,0,0,0,0.0,0.5625,1,P42_CV0,2,1,1,2,0,0,2,0,2
89,203618.0078,-246304.5116,Age0_F89_m55f55_P89_Y7_UO2607,I55_F89_m43f43_P89_Y1_UO1974,I55_F89_m15f15_P89_Y5_UO826,FXX,0,0.0,0,0,0.0,0,0,0,0.0,0.4375,1,P42_CV0,2,1,1,1,1,0,2,0,2
89,203618.0078,-246304.5116,Age0_F89_m55f55_P89_Y7_UO2614,I55_F89_m43f43_P41_Y1_UO1934,I55_F89_m31f31_P49_Y0_UO1575,FXX,0,0.0,0,0,0.0,0,0,0,0.0,0.625,1,P42_CV0,2,1,1,1,1,0,2,0,2
89,203618.0078,-246304.5116,Age0_F89_m73f73_P89_Y7_UO3397,ID73_F89_m55f55_P89_Y0_UO2721,ID73_F14_m55f55_P14_Y5_UO2618,FXX,0,0.0,0,0,0.0,0,0,0,0.0,0.5,1,P42_CV0,2,1,1,0,2,0,2,0,2
89,203618.0078,-246304.5116,Age0_F89_m73f73_P89_Y7_UO3398,ID73_F89_m-1f-1_P43_Y-1_U186,I73_F41_m43f43_P14_Y5_UO2109,MXY,0,0.0,0,0,0.0,0,0,0,0.0,0.625,1,P42_CV0,2,1,1,0,2,0,2,0,2
89,203618.0078,-246304.5116,E89_F15_m15f15_P14_Y6_UO839,ID15_F14_m43f43_P89_Y2_UO2111,ID15_F41_m15f15_P89_Y0_UO873,FXX,1,0.0,1,1,1.0,0,0,0,-9999.0,0.625,1,P42_CV0,2,2,0,1,1,0,2,0,2
89,203618.0078,-246304.5116,E89_F15_m43f43_P41_Y6_UO2165,I43_F48_m43f43_P49_Y0_UO2205,I43_F49_m43f43_P49_Y3_UO2104,MXY,1,0.0,1,1,0.0,0,0,0,-9999.0,0.5,1,P42_CV0,2,1,1,1,1,0,2,0,2
89,203618.0078,-246304.5116,E89_F15_m11f11_P89_Y6_UO671,I11_F89_m-1f-1_P11_Y-1_U159,I11_F89_m43f43_P48_Y0_UO2151,FXX,1,0.0,1,1,1.0,0,0,0,-9999.0,0.375,1,P42_CV0,2,1,1,1,1,0,2,0,2
89,203618.0078,-246304.5116,E89_F55_m73f73_P41_Y6_UO3395,I73_F89_m15f15_P14_Y0_UO894,I73_F89_m11f11_P41_Y4_UO649,MXY,1,0.0,1,1,0.0,0,0,0,-9999.0,0.4375,1,P42_CV0,2,1,1,0,2,0,2,0,2
89,203618.0078,-246304.5116,E89_F55_m15f15_P89_Y6_UO871,ID15_F41_m-1f-1_P15_Y-1_U173,I15_F14_m43f43_P14_Y2_UO2103,FXX,1,0.0,1,1,1.0,0,0,0,-9999.0,0.875,1,P42_CV0,2,2,0,0,2,0,2,0,2
89,203618.0078,-246304.5116,E89_F73_m15f15_P41_Y6_UO797,I15_F41_m15f15_P14_Y4_UO864,ID15_F89_m73f73_P89_Y2_UO3332,MXY,1,0.0,1,1,0.0,0,0,0,-9999.0,0.375,1,P42_CV0,2,1,1,0,2,0,2,0,2
89,203618.0078,-246304.5116,E89_F73_m55f55_P41_Y6_UO2562,ID55_F14_m43f43_P89_Y4_UO2047,I55_F89_m73f73_P41_Y4_UO3277,MXY,1,0.0,1,1,0.0,0,0,0,-9999.0,0.5625,1,P42_CV0,2,1,1,1,1,0,2,0,2
89,203618.0078,-246304.5116,E89_F73_m55f55_P41_Y6_UO2651,I55_F41_m-1f-1_P43_Y-1_U24,I55_F41_m15f15_P89_Y4_UO827,FXX,1,0.0,1,1,1.0,0,0,0,-9999.0,0.75,1,P42_CV0,2,2,0,1,1,0,2,0,2
89,203618.0078,-246304.5116,E89_F73_m43f43_P49_Y6_UO2178,ID43_F49_m-1f-1_P43_Y-1_U154,I43_F14_m11f11_P49_Y4_UO644,FXX,1,0.0,1,1,1.0,0,0,0,-9999.0,0.75,1,P42_CV0,2,1,1,0,2,0,2,0,2
89,203618.0078,-246304.5116,E89_F73_m15f15_P89_Y6_UO846,ID15_F14_m73f73_P89_Y2_UO3362,I15_F14_m43f43_P14_Y2_UO2103,MXY,1,0.0,1,1,0.0,0,0,0,-9999.0,0.5,1,P42_CV0,2,1,1,0,2,0,2,0,2
89,203618.0078,-246304.5116,E89_F73_m15f15_P89_Y6_UO881,I15_F89_m-1f-1_P15_Y-1_U151,I15_F48_m43f43_P41_Y3_UO2037,FXX,1,0.0,1,1,1.0,0,0,0,-9999.0,0.4375,1,P42_CV0,2,0,2,0,2,0,2,0,2
89,203618.0078,-246304.5116,E89_F73_m55f55_P89_Y6_UO2592,I55_F41_m15f15_P41_Y3_UO768,I55_F14_m55f55_P89_Y3_UO2587,FXX,1,0.0,1,1,1.0,0,0,0,-9999.0,0.625,1,P42_CV0,2,1,1,1,1,0,2,0,2
89,203618.0078,-246304.5116,E89_F73_m73f73_P89_Y6_UO3376,I73_F89_m15f15_P41_Y2_UO789,I73_F14_m11f11_P89_Y1_UO539,FXX,1,0.0,1,1,1.0,0,0,0,-9999.0,0.625,1,P42_CV0,2,2,0,1,1,0,2,0,2
89,203618.0078,-246304.5116,E89_F11_m43f43_P49_Y5_UO2125,I43_F48_m-1f-1_P43_Y-1_U246,I43_F49_m-1f-1_P43_Y-1_U181,MXY,2,0.0,1,0,0.0,0,0,0,-9999.0,0.25,1,P42_CV0,2,0,2,1,1,0,2,0,2
89,203618.0078,-246304.5116,E89_F15_m43f43_P41_Y5_UO2059,I43_F48_m43f43_P41_Y3_UO2071,I43_F48_m43f43_P49_Y0_UO2189,MXY,2,0.0,1,0,0.0,0,0,0,-9999.0,0.6875,1,P42_CV0,2,1,1,2,0,0,2,0,2
89,203618.0078,-246304.5116,E89_F15_m15f15_P41_Y5_UO863,I15_F89_m-1f-1_P15_Y-1_U32,I15_F14_m-1f-1_P43_Y-1_U62,FXX,2,0.0,1,0,1.0,0,0,0,-9999.0,0.75,1,P42_CV0,2,2,0,2,0,0,2,0,2
89,203618.0078,-246304.5116,E89_F15_m73f73_P41_Y5_UO3292,I73_F89_m55f55_P89_Y3_UO2590,I73_F14_m55f55_P41_Y3_UO2513,MXY,2,0.0,1,0,0.0,0,0,0,-9999.0,0.625,1,P42_CV0,2,2,0,2,0,0,2,0,2
89,203618.0078,-246304.5116,E89_F15_m55f55_P89_Y5_UO2591,ID55_F41_m73f73_P41_Y1_UO3188,I55_F89_m-1f-1_P43_Y-1_U164,MXY,2,0.0,1,0,0.0,0,0,0,-9999.0,0.875,1,P42_CV0,2,2,0,2,0,0,2,0,2
89,203618.0078,-246304.5116,E89_F15_m55f55_P89_Y5_UO2583,I55_F41_m43f43_P89_Y1_UO1974,ID55_F41_m55f55_P89_Y1_UO2512,MXY,2,0.0,1,0,0.0,0,0,0,-9999.0,0.375,1,P42_CV0,2,1,1,0,2,0,2,0,2
89,203618.0078,-246304.5116,E89_F43_m43f43_P49_Y5_UO2058,I43_F48_m73f73_P89_Y3_UO3355,I43_F48_m-1f-1_P43_Y-1_U66,MXY,2,0.0,1,0,0.0,0,0,0,-9999.0,0.5625,1,P42_CV0,2,2,0,1,1,0,2,0,2
89,203618.0078,-246304.5116,E89_F43_m43f43_P49_Y5_UO2063,I43_F41_m43f43_P49_Y3_UO2096,I43_F49_m-1f-1_P100_Y-1_U169,FXX,2,0.0,1,0,1.0,0,0,0,-9999.0,0.5,1,P42_CV0,2,1,1,2,0,0,2,0,2
89,203618.0078,-246304.5116,E89_F55_m55f55_P41_Y5_UO2533,I55_F89_m15f15_P41_Y3_UO768,ID55_F41_m-1f-1_P15_Y-1_U69,MXY,2,0.0,1,0,0.0,0,0,0,-9999.0,0.25,1,P42_CV0,2,0,2,2,0,0,2,0,2
89,203618.0078,-246304.5116,E89_F73_m43f43_P14_Y5_UO2109,I43_F49_m43f43_P48_Y1_UO1962,I43_F41_m-1f-1_P15_Y-1_U36,MXY,2,0.0,1,0,0.0,0,0,0,-9999.0,0.25,1,P42_CV0,2,0,2,0,2,0,2,0,2
89,203618.0078,-246304.5116,E89_F73_m15f15_P89_Y5_UO801,I15_F41_m43f43_P48_Y3_UO2118,I15_F89_m100f100_P48_Y1_UO4355,MXY,2,0.0,1,0,0.0,0,0,0,-9999.0,0.75,1,P42_CV0,2,2,0,1,1,0,2,0,2
89,203618.0078,-246304.5116,E89_F73_m55f55_P14_Y5_UO2618,I55_F89_m-1f-1_P15_Y-1_U137,I55_F49_m73f73_P89_Y2_UO3332,MXY,2,0.0,1,0,0.0,0,0,0,-9999.0,0.75,1,P42_CV0,2,2,0,1,1,0,2,0,2
89,203618.0078,-246304.5116,E89_F15_m15f15_P14_Y4_UO809,I15_F41_m43f43_P41_Y1_UO1935,I15_F14_m73f73_P14_Y1_UO3128,FXX,3,0.0,1,0,1.0,0,0,0,-9999.0,0.5,1,P42_CV0,2,1,1,1,1,0,2,0,2
89,203618.0078,-246304.5116,E89_F15_m55f55_P41_Y4_UO2554,ID55_F41_m43f43_P89_Y0_UO2153,ID55_F89_m-1f-1_P15_Y-1_U64,FXX,3,0.0,1,0,1.0,0,0,0,-9999.0,0.5,1,P42_CV0,2,1,1,1,1,0,2,0,2
89,203618.0078,-246304.5116,E89_F55_m100f100_P49_Y4_UO4592,I100_F8_m-1f-1_P84_Y-1_U78,I100_F68_m43f43_P49_Y0_UO2164,MXY,3,0.0,1,0,0.0,0,0,0,-9999.0,0.125,1,P42_CV0,2,0,2,1,1,0,2,0,2
89,203618.0078,-246304.5116,E89_F55_m43f43_P89_Y4_UO2047,I43_F48_m43f43_P48_Y2_UO2055,I43_F48_m-1f-1_P43_Y-1_U165,FXX,3,0.0,1,0,1.0,0,0,0,-9999.0,0.625,1,P42_CV0,2,1,1,1,1,0,2,0,2
89,203618.0078,-246304.5116,E89_F73_m55f55_P89_Y4_UO2565,ID55_F41_m-1f-1_P43_Y-1_U186,I55_F41_m73f73_P89_Y2_UO3339,FXX,3,0.0,1,0,1.0,0,0,0,-9999.0,0.875,1,P42_CV0,2,2,0,0,2,0,2,0,2
89,203618.0078,-246304.5116,E89_F73_m11f11_P41_Y4_UO649,I11_F49_m-1f-1_P11_Y-1_U237,I11_F48_m43f43_P48_Y0_UO2151,MXY,3,0.0,1,0,0.0,0,0,0,-9999.0,0.625,1,P42_CV0,2,1,1,1,1,0,2,0,2
89,203618.0078,-246304.5116,E89_F15_m100f100_P48_Y3_UO4536,I100_F48_m43f43_P49_Y0_UO2140,I100_F49_m43f43_P48_Y1_UO1936,FXX,4,0.0,1,0,1.0,0,0,0,-9999.0,0.875,1,P42_CV0,2,2,0,2,0,0,2,0,2
89,203618.0078,-246304.5116,E89_F15_m43f43_P41_Y3_UO2037,ID43_F48_m43f43_P49_Y1_UO1967,I43_F48_m-1f-1_P43_Y-1_U117,MXY,4,0.0,1,0,0.0,0,0,0,-9999.0,0.375,1,P42_CV0,2,0,2,0,2,0,2,0,2
89,203618.0078,-246304.5116,E89_F15_m15f15_P41_Y3_UO764,I15_F41_m43f43_P41_Y1_UO1907,I15_F89_m100f100_P48_Y1_UO4379,FXX,4,0.0,1,0,1.0,0,0,0,-9999.0,0.375,1,P42_CV0,2,2,0,0,2,0,2,0,2
89,203618.0078,-246304.5116,E89_F55_m43f43_P41_Y3_UO2087,ID43_F75_m-1f-1_P60_Y-1_U49,I43_F48_m43f43_P49_Y0_UO2220,FXX,4,0.0,1,0,1.0,0,0,0,-9999.0,0.375,1,P42_CV0,2,1,1,1,1,0,2,0,2
89,203618.0078,-246304.5116,E89_F15_m43f43_P48_Y2_UO2064,ID43_F48_m-1f-1_P43_Y-1_U33,I43_F49_m-1f-1_P100_Y-1_U201,MXY,5,0.0,1,0,0.0,0,0,0,-9999.0,0.75,1,P42_CV0,2,2,0,1,1,0,2,0,2
89,203618.0078,-246304.5116,E89_F15_m43f43_P14_Y2_UO2103,I43_F14_m-1f-1_P43_Y-1_U118,I43_F49_m-1f-1_P43_Y-1_U132,MXY,5,0.0,1,0,0.0,0,0,0,-9999.0,0.75,1,P42_CV0,2,1,1,0,2,0,2,0,2
89,203618.0078,-246304.5116,E89_F15_m43f43_P49_Y1_UO1954,ID43_F48_m-1f-1_P43_Y-1_U92,I43_F49_m-1f-1_P43_Y-1_U29,FXX,6,0.0,1,0,1.0,0,0,0,-9999.0,0.5,1,P42_CV0,2,2,0,2,0,0,2,0,2
89,203618.0078,-246304.5116,E89_F55_m43f43_P89_Y1_UO1974,I43_F48_m-1f-1_P43_Y-1_U112,I43_F41_m-1f-1_P43_Y-1_U226,FXX,6,0.0,1,0,1.0,0,0,0,-9999.0,0.5,1,P42_CV0,2,1,1,1,1,0,2,0,2
89,203618.0078,-246304.5116,E89_F55_m43f43_P41_Y1_UO1934,I43_F48_m-1f-1_P43_Y-1_U200,I43_F49_m-1f-1_P43_Y-1_U63,FXX,6,0.0,1,0,1.0,0,0,0,-9999.0,1.0,1,P42_CV0,2,2,0,1,1,0,2,0,2
89,203618.0078,-246304.5116,E89_F55_m43f43_P89_Y0_UO2153,R43_F43_m-1f-1_P43_Y-1_U82,R43_F43_m-1f-1_P43_Y-1_U17,FXX,7,0.0,1,0,1.0,0,0,0,-9999.0,0.5,1,P42_CV0,2,1,1,1,1,0,2,0,2
89,203618.0078,-246304.5116,E89_F55_m-1f-1_P43_Y-1_U164,-9999,-9999,MXY,8,0.0,1,0,0.0,0,0,0,-9999.0,1.0,1,P42_CV0,2,2,0,2,0,0,2,0,2
89,203618.0078,-246304.5116,E89_F73_m-1f-1_P43_Y-1_U186,-9999,-9999,FXX,8,0.0,1,0,1.0,0,0,0,-9999.0,1.0,1,P42_CV0,2,2,0,0,2,0,2,0,2
89,203618.0078,-246304.5116,E89_F15_m-1f-1_P43_Y-1_U62,-9999,-9999,MXY,10,0.0,1,0,0.0,0,0,0,-9999.0,0.5,1,P42_CV0,2,1,1,1,1,0,2,0,2
89,203618.0078,-246304.5116,E89_F11_m-1f-1_P43_Y-1_U247,-9999,-9999,FXX,12,0.0,1,0,1.0,0,0,0,-9999.0,0.5,1,P42_CV0,2,1,1,0,2,0,2,0,2
89,203618.0078,-246304.5116,E89_F55_m-1f-1_P43_Y-1_U96,-9999,-9999,FXX,12,0.0,1,0,1.0,0,0,0,-9999.0,1.0,1,P42_CV0,2,2,0,0,2,0,2,0,2
89,203618.0078,-246304.5116,Age0_F89_m11f11_P89_Y7_UO667,I11_F89_m-1f-1_P55_Y-1_U108,ID11_F49_m73f73_P89_Y3_UO3356,MXY,0,0.0,0,0,0.0,0,0,0,0.0,0.375,1,P54_CV0,2,0,2,2,0,0,2,0,2
89,203618.0078,-246304.5116,Age0_F89_m11f11_P89_Y7_UO676,I11_F48_m-1f-1_P11_Y-1_U52,ID11_F48_m43f43_P48_Y2_UO2049,MXY,0,0.0,0,0,0.0,0,0,0,0.0,0.5625,1,P54_CV0,2,0,2,0,2,0,2,0,2
89,203618.0078,-246304.5116,Age0_F89_m15f15_P89_Y7_UO812,ID15_F41_m73f73_P89_Y4_UO3339,I15_F49_m60f60_P14_Y3_UO2780,FXX,0,0.0,0,0,0.0,0,0,0,0.0,0.375,1,P54_CV0,2,0,2,2,0,0,2,0,2
89,203618.0078,-246304.5116,Age0_F89_m15f15_P89_Y7_UO825,I15_F89_m73f73_P41_Y4_UO3279,I15_F89_m15f15_P41_Y4_UO843,FXX,0,0.0,0,0,0.0,0,0,0,0.0,0.4375,1,P54_CV0,2,2,0,1,1,0,2,0,2
89,203618.0078,-246304.5116,Age0_F89_m15f15_P89_Y7_UO852,I15_F41_m15f15_P14_Y1_UO757,ID15_F41_m55f55_P14_Y0_UO2763,MXY,0,0.0,0,0,0.0,0,0,0,0.0,0.5,1,P54_CV0,2,1,1,1,1,0,2,0,2
89,203618.0078,-246304.5116,Age0_F89_m55f55_P89_Y7_UO2546,I55_F41_m15f15_P41_Y5_UO868,I55_F49_m55f55_P89_Y0_UO2804,FXX,0,0.0,0,0,0.0,0,0,0,0.0,0.375,1,P54_CV0,2,0,2,0,2,0,2,0,2
89,203618.0078,-246304.5116,Age0_F89_m55f55_P89_Y7_UO2549,I55_F41_m43f43_P49_Y5_UO2087,I55_F89_m55f55_P89_Y5_UO2557,FXX,0,0.0,0,0,0.0,0,0,0,0.0,0.78125,1,P54_CV0,2,2,0,1,1,0,2,0,2
89,203618.0078,-246304.5116,Age0_F89_m55f55_P89_Y7_UO2553,I55_F41_m73f73_P89_Y5_UO3368,ID55_F41_m55f55_P14_Y1_UO2418,FXX,0,0.0,0,0,0.0,0,0,0,0.0,0.625,1,P54_CV0,2,2,0,1,1,0,2,0,2
89,203618.0078,-246304.5116,Age0_F89_m55f55_P89_Y7_UO2561,I55_F89_m55f55_P41_Y4_UO2495,I55_F89_m73f73_P89_Y2_UO3329,FXX,0,0.0,0,0,0.0,0,0,0,0.0,0.875,1,P54_CV0,2,2,0,1,1,0,2,0,2
89,203618.0078,-246304.5116,Age0_F89_m55f55_P89_Y7_UO2563,I55_F14_m15f15_P89_Y4_UO863,I55_F41_m15f15_P41_Y0_UO802,MXY,0,0.0,0,0,0.0,0,0,0,0.0,0.5625,1,P54_CV0,2,2,0,0,2,0,2,0,2
89,203618.0078,-246304.5116,Age0_F89_m55f55_P89_Y7_UO2567,I55_F14_m55f55_P41_Y4_UO2542,I55_F41_m-1f-1_P55_Y-1_U49,FXX,0,0.0,0,0,0.0,0,0,0,0.0,0.1875,1,P54_CV0,2,0,2,1,1,0,2,0,2
89,203618.0078,-246304.5116,Age0_F89_m55f55_P89_Y7_UO2574,I55_F14_m55f55_P41_Y4_UO2568,I55_F89_m55f55_P89_Y2_UO2618,MXY,0,0.0,0,0,0.0,0,0,0,0.0,0.75,1,P54_CV0,2,1,1,2,0,0,2,0,2
89,203618.0078,-246304.5116,Age0_F89_m55f55_P89_Y7_UO2577,ID55_F41_m73f73_P89_Y3_UO3360,I55_F89_m55f55_P89_Y5_UO2587,FXX,0,0.0,0,0,0.0,0,0,0,0.0,0.4375,1,P54_CV0,2,1,1,1,1,0,2,0,2
89,203618.0078,-246304.5116,Age0_F89_m55f55_P89_Y7_UO2583,ID55_F41_m60f60_P14_Y3_UO2830,I55_F14_m-1f-1_P55_Y-1_U196,FXX,0,0.0,0,0,0.0,0,0,0,0.0,0.25,1,P54_CV0,2,1,1,1,1,0,2,0,2
89,203618.0078,-246304.5116,Age0_F89_m55f55_P89_Y7_UO2593,I55_F49_m15f15_P41_Y2_UO804,I55_F14_m15f15_P41_Y5_UO886,MXY,0,0.0,0,0,0.0,0,0,0,0.0,0.78125,1,P54_CV0,2,1,1,1,1,0,2,0,2
89,203618.0078,-246304.5116,Age0_F89_m55f55_P89_Y7_UO2596,ID55_F41_m55f55_P41_Y2_UO2589,I55_F89_m55f55_P89_Y3_UO2587,MXY,0,0.0,0,0,0.0,0,0,0,0.0,0.75,1,P54_CV0,2,2,0,0,2,0,2,0,2
89,203618.0078,-246304.5116,Age0_F89_m55f55_P89_Y7_UO2597,I55_F89_m55f55_P41_Y2_UO2633,ID55_F89_m73f73_P89_Y5_UO3347,FXX,0,0.0,0,0,0.0,0,0,0,0.0,0.5,1,P54_CV0,2,1,1,1,1,0,2,0,2
89,203618.0078,-246304.5116,Age0_F89_m55f55_P89_Y7_UO2598,I55_F41_m73f73_P41_Y2_UO3301,I55_F41_m-1f-1_P55_Y-1_U49,FXX,0,0.0,0,0,0.0,0,0,0,0.0,0.1875,1,P54_CV0,2,1,1,1,1,0,2,0,2
89,203618.0078,-246304.5116,Age0_F89_m55f55_P89_Y7_UO2603,ID55_F41_m73f73_P41_Y2_UO3374,I55_F49_m55f55_P89_Y0_UO2804,FXX,0,0.0,0,0,0.0,0,0,0,0.0,0.5,1,P54_CV0,2,1,1,0,2,0,2,0,2
89,203618.0078,-246304.5116,Age0_F89_m55f55_P89_Y7_UO2615,I55_F89_m55f55_P89_Y1_UO2493,I55_F41_m43f43_P41_Y4_UO2116,MXY,0,0.0,0,0,0.0,0,0,0,0.0,0.6875,1,P54_CV0,2,2,0,1,1,0,2,0,2
89,203618.0078,-246304.5116,Age0_F89_m55f55_P89_Y7_UO2622,ID55_F89_m-1f-1_P55_Y-1_U7,I55_F89_m100f100_P49_Y5_UO4627,FXX,0,0.0,0,0,0.0,0,0,0,0.0,0.75,1,P54_CV0,2,2,0,0,2,0,2,0,2
89,203618.0078,-246304.5116,Age0_F89_m55f55_P89_Y7_UO2626,I55_F41_m-1f-1_P55_Y-1_U96,ID55_F41_m55f55_P14_Y1_UO2418,MXY,0,0.0,0,0,0.0,0,0,0,0.0,0.875,1,P54_CV0,2,2,0,1,1,0,2,0,2
89,203618.0078,-246304.5116,Age0_F89_m55f55_P89_Y7_UO2631,I55_F89_m-1f-1_P43_Y-1_U96,I55_F89_m73f73_P89_Y2_UO3336,MXY,0,0.0,0,0,0.0,0,0,0,0.0,0.875,1,P54_CV0,2,2,0,0,2,0,2,0,2
89,203618.0078,-246304.5116,Age0_F89_m55f55_P89_Y7_UO2632,I55_F41_m-1f-1_P55_Y-1_U89,I55_F89_m73f73_P89_Y2_UO3329,FXX,0,0.0,0,0,0.0,0,0,0,0.0,0.625,1,P54_CV0,2,2,0,0,2,0,2,0,2
89,203618.0078,-246304.5116,Age0_F89_m73f73_P89_Y7_UO3326,I73_F89_m73f73_P89_Y5_UO3337,I73_F89_m-1f-1_P15_Y-1_U68,MXY,0,0.0,0,0,0.0,0,0,0,0.0,0.3125,1,P54_CV0,2,1,1,0,2,0,2,0,2
89,203618.0078,-246304.5116,Age0_F89_m73f73_P89_Y7_UO3334,I73_F41_m55f55_P89_Y5_UO2611,I73_F89_m11f11_P89_Y2_UO618,FXX,0,0.0,0,0,0.0,0,0,0,0.0,0.625,1,P54_CV0,2,0,2,1,1,0,2,0,2
89,203618.0078,-246304.5116,Age0_F89_m73f73_P89_Y7_UO3337,I73_F41_m73f73_P89_Y5_UO3324,ID73_F89_m11f11_P89_Y5_UO678,MXY,0,0.0,0,0,0.0,0,0,0,0.0,0.53125,1,P54_CV0,2,0,2,0,2,0,2,0,2
89,203618.0078,-246304.5116,Age0_F89_m73f73_P89_Y7_UO3352,I73_F41_m55f55_P89_Y4_UO2557,I73_F89_m15f15_P41_Y5_UO812,MXY,0,0.0,0,0,0.0,0,0,0,0.0,0.625,1,P54_CV0,2,2,0,2,0,0,2,0,2
89,203618.0078,-246304.5116,Age0_F89_m73f73_P89_Y7_UO3355,I73_F89_m73f73_P41_Y4_UO3267,I73_F41_m-1f-1_P73_Y-1_U101,FXX,0,0.0,0,0,0.0,0,0,0,0.0,0.4375,1,P54_CV0,2,2,0,2,0,0,2,0,2
89,203618.0078,-246304.5116,Age0_F89_m73f73_P89_Y7_UO3366,I73_F41_m55f55_P89_Y3_UO2552,ID73_F14_m15f15_P41_Y4_UO792,MXY,0,0.0,0,0,0.0,0,0,0,0.0,0.5625,1,P54_CV0,2,1,1,2,0,0,2,0,2
89,203618.0078,-246304.5116,Age0_F89_m73f73_P89_Y7_UO3376,I73_F41_m15f15_P89_Y2_UO757,I73_F89_m73f73_P41_Y5_UO3293,FXX,0,0.0,0,0,0.0,0,0,0,0.0,0.59375,1,P54_CV0,2,1,1,1,1,0,2,0,2
89,203618.0078,-246304.5116,Age0_F89_m73f73_P89_Y7_UO3379,I73_F41_m55f55_P14_Y2_UO2630,I73_F41_m55f55_P89_Y0_UO2789,MXY,0,0.0,0,0,0.0,0,0,0,0.0,0.5,1,P54_CV0,2,1,1,2,0,0,2,0,2
89,203618.0078,-246304.5116,Age0_F89_m73f73_P89_Y7_UO3388,I73_F41_m73f73_P14_Y1_UO3174,I73_F89_m55f55_P41_Y1_UO2419,MXY,0,0.0,0,0,0.0,0,0,0,0.0,0.625,1,P54_CV0,2,1,1,2,0,0,2,0,2
89,203618.0078,-246304.5116,Age0_F89_m73f73_P89_Y7_UO3396,I73_F89_m55f55_P89_Y0_UO2750,ID73_F41_m55f55_P41_Y0_UO2813,MXY,0,0.0,0,0,0.0,0,0,0,0.0,0.375,1,P54_CV0,2,1,1,1,1,0,2,0,2
89,203618.0078,-246304.5116,Age0_F89_m73f73_P89_Y7_UO3400,ID73_F89_m-1f-1_P15_Y-1_U5,I73_F41_m-1f-1_P55_Y-1_U43,MXY,0,0.0,0,0,0.0,0,0,0,0.0,0.75,1,P54_CV0,2,2,0,1,1,0,2,0,2
89,203618.0078,-246304.5116,Age0_F89_m73f73_P89_Y7_UO3401,I73_F41_m-1f-1_P55_Y-1_U149,I73_F89_m11f11_P89_Y2_UO618,MXY,0,0.0,0,0,0.0,0,0,0,0.0,0.375,1,P54_CV0,2,0,2,2,0,0,2,0,2
89,203618.0078,-246304.5116,Age0_F89_m73f73_P89_Y7_UO3409,ID73_F41_m-1f-1_P55_Y-1_U249,I73_F89_m15f15_P89_Y4_UO773,FXX,0,0.0,0,0,0.0,0,0,0,0.0,0.4375,1,P54_CV0,2,1,1,0,2,0,2,0,2
89,203618.0078,-246304.5116,E89_F15_m15f15_P14_Y6_UO890,I15_F41_m-1f-1_P55_Y-1_U9,I15_F14_m15f15_P41_Y1_UO720,MXY,1,0.0,1,1,0.0,0,0,0,-9999.0,0.625,1,P54_CV0,2,2,0,1,1,0,2,0,2
89,203618.0078,-246304.5116,E89_F15_m55f55_P14_Y6_UO2566,I55_F89_m55f55_P41_Y4_UO2542,I55_F89_m55f55_P89_Y1_UO2491,MXY,1,0.0,1,1,0.0,0,0,0,-9999.0,0.5625,1,P54_CV0,2,2,0,0,2,0,2,0,2
89,203618.0078,-246304.5116,E89_F15_m55f55_P14_Y6_UO2649,I55_F14_m-1f-1_P15_Y-1_U137,I55_F89_m55f55_P89_Y3_UO2604,MXY,1,0.0,1,1,0.0,0,0,0,-9999.0,0.625,1,P54_CV0,2,1,1,1,1,0,2,0,2
89,203618.0078,-246304.5116,E89_F15_m15f15_P41_Y6_UO872,I15_F41_m-1f-1_P15_Y-1_U32,I15_F41_m55f55_P14_Y1_UO2418,FXX,1,0.0,1,1,1.0,0,0,0,-9999.0,0.875,1,P54_CV0,2,2,0,0,2,0,2,0,2
89,203618.0078,-246304.5116,E89_F15_m73f73_P41_Y6_UO3355,ID73_F14_m73f73_P89_Y3_UO3304,I73_F89_m55f55_P89_Y0_UO2742,MXY,1,0.0,1,1,0.0,0,0,0,-9999.0,0.625,1,P54_CV0,2,1,1,2,0,0,2,0,2
89,203618.0078,-246304.5116,E89_F15_m73f73_P41_Y6_UO3363,I73_F41_m55f55_P89_Y3_UO2552,I73_F41_m-1f-1_P73_Y-1_U173,FXX,1,0.0,1,1,1.0,0,0,0,-9999.0,0.5625,1,P54_CV0,2,1,1,2,0,0,2,0,2
89,203618.0078,-246304.5116,E89_F15_m73f73_P41_Y6_UO3382,ID73_F89_m73f73_P41_Y2_UO3374,I73_F48_m-1f-1_P55_Y-1_U4,FXX,1,0.0,1,1,1.0,0,0,0,-9999.0,0.5,1,P54_CV0,2,1,1,1,1,0,2,0,2
89,203618.0078,-246304.5116,E89_F15_m11f11_P89_Y6_UO670,I11_F89_m-1f-1_P55_Y-1_U108,I11_F48_m-1f-1_P11_Y-1_U64,MXY,1,0.0,1,1,0.0,0,0,0,-9999.0,0.5,1,P54_CV0,2,0,2,1,1,0,2,0,2
89,203618.0078,-246304.5116,E89_F15_m55f55_P89_Y6_UO2554,ID55_F48_m31f31_P48_Y4_UO1529,I55_F89_m55f55_P89_Y0_UO2804,MXY,1,0.0,1,1,0.0,0,0,0,-9999.0,0.5,1,P54_CV0,2,0,2,0,2,0,2,0,2
89,203618.0078,-246304.5116,E89_F15_m73f73_P89_Y6_UO3391,I73_F89_m15f15_P41_Y1_UO728,I73_F89_m73f73_P89_Y3_UO3348,MXY,1,0.0,1,1,0.0,0,0,0,-9999.0,0.5625,1,P54_CV0,2,1,1,0,2,0,2,0,2
89,203618.0078,-246304.5116,E89_F55_m15f15_P41_Y6_UO807,I15_F89_m73f73_P89_Y4_UO3347,I15_F41_m55f55_P89_Y4_UO2522,MXY,1,0.0,1,1,0.0,0,0,0,-9999.0,0.375,1,P54_CV0,2,0,2,1,1,0,2,0,2
89,203618.0078,-246304.5116,E89_F55_m73f73_P41_Y6_UO3407,ID73_F41_m-1f-1_P55_Y-1_U149,I73_F41_m73f73_P89_Y3_UO3294,FXX,1,0.0,1,1,1.0,0,0,0,-9999.0,0.125,1,P54_CV0,2,0,2,2,0,0,2,0,2
89,203618.0078,-246304.5116,E89_F55_m55f55_P89_Y6_UO2615,ID55_F41_m55f55_P41_Y2_UO2633,I55_F41_m-1f-1_P55_Y-1_U49,MXY,1,0.0,1,1,0.0,0,0,0,-9999.0,0.375,1,P54_CV0,2,1,1,1,1,0,2,0,2
89,203618.0078,-246304.5116,E89_F73_m55f55_P14_Y6_UO2571,I55_F41_m15f15_P89_Y4_UO863,ID55_F89_m73f73_P89_Y2_UO3329,FXX,1,0.0,1,1,1.0,0,0,0,-9999.0,0.6875,1,P54_CV0,2,2,0,1,1,0,2,0,2
89,203618.0078,-246304.5116,E89_F73_m15f15_P41_Y6_UO833,I15_F41_m55f55_P89_Y3_UO2562,I15_F41_m73f73_P41_Y4_UO3284,FXX,1,0.0,1,1,1.0,0,0,0,-9999.0,0.6875,1,P54_CV0,2,2,0,0,2,0,2,0,2
89,203618.0078,-246304.5116,E89_F73_m15f15_P41_Y6_UO855,ID15_F14_m73f73_P89_Y1_UO3200,I15_F89_m-1f-1_P15_Y-1_U78,MXY,1,0.0,1,1,0.0,0,0,0,-9999.0,0.875,1,P54_CV0,2,1,1,2,0,0,2,0,2
89,203618.0078,-246304.5116,E89_F73_m15f15_P41_Y6_UO887,I15_F41_m-1f-1_P55_Y-1_U245,ID15_F49_m-1f-1_P73_Y-1_U71,FXX,1,0.0,1,1,1.0,0,0,0,-9999.0,0.75,1,P54_CV0,2,1,1,2,0,0,2,0,2
89,203618.0078,-246304.5116,E89_F73_m43f43_P41_Y6_UO2121,ID43_F41_m43f43_P48_Y4_UO2035,I43_F48_m-1f-1_P43_Y-1_U72,MXY,1,0.0,1,1,0.0,0,0,0,-9999.0,0.5,1,P54_CV0,2,1,1,1,1,0,2,0,2
89,203618.0078,-246304.5116,E89_F73_m55f55_P41_Y6_UO2557,I55_F89_m15f15_P89_Y4_UO869,I55_F41_m73f73_P89_Y3_UO3340,MXY,1,0.0,1,1,0.0,0,0,0,-9999.0,0.46875,1,P54_CV0,2,2,0,1,1,0,2,0,2
89,203618.0078,-246304.5116,E89_F73_m55f55_P41_Y6_UO2656,I55_F41_m-1f-1_P55_Y-1_U19,ID55_F89_m-1f-1_P73_Y-1_U75,MXY,1,0.0,1,1,0.0,0,0,0,-9999.0,0.75,1,P54_CV0,2,1,1,2,0,0,2,0,2
89,203618.0078,-246304.5116,E89_F73_m15f15_P89_Y6_UO793,I15_F89_m15f15_P89_Y4_UO845,ID15_F89_m73f73_P89_Y4_UO3281,MXY,1,0.0,1,1,0.0,0,0,0,-9999.0,0.75,1,P54_CV0,2,1,1,1,1,0,2,0,2
89,203618.0078,-246304.5116,E89_F73_m15f15_P89_Y6_UO828,I15_F41_m73f73_P41_Y3_UO3315,I15_F14_m43f43_P14_Y2_UO2039,MXY,1,0.0,1,1,0.0,0,0,0,-9999.0,0.375,1,P54_CV0,2,1,1,1,1,0,2,0,2
89,203618.0078,-246304.5116,E89_F73_m15f15_P89_Y6_UO842,ID15_F89_m55f55_P41_Y2_UO2576,I15_F89_m-1f-1_P55_Y-1_U112,MXY,1,0.0,1,1,0.0,0,0,0,-9999.0,0.25,1,P54_CV0,2,0,2,1,1,0,2,0,2
89,203618.0078,-246304.5116,E89_F73_m15f15_P89_Y6_UO877,I15_F41_m-1f-1_P55_Y-1_U243,ID15_F49_m100f100_P48_Y4_UO4550,FXX,1,0.0,1,1,1.0,0,0,0,-9999.0,0.09375,1,P54_CV0,2,0,2,1,1,0,2,0,2
89,203618.0078,-246304.5116,E89_F73_m55f55_P89_Y6_UO2581,I55_F89_m73f73_P41_Y3_UO3271,I55_F89_m15f15_P89_Y3_UO765,MXY,1,0.0,1,1,0.0,0,0,0,-9999.0,0.4375,1,P54_CV0,2,1,1,1,1,0,2,0,2
89,203618.0078,-246304.5116,E89_F73_m55f55_P89_Y6_UO2630,I55_F41_m55f55_P41_Y1_UO2425,I55_F41_m15f15_P41_Y4_UO794,MXY,1,0.0,1,1,0.0,0,0,0,-9999.0,0.5625,1,P54_CV0,2,1,1,1,1,0,2,0,2
89,203618.0078,-246304.5116,E89_F73_m73f73_P89_Y6_UO3359,I73_F89_m73f73_P89_Y3_UO3270,I73_F89_m73f73_P41_Y3_UO3268,FXX,1,0.0,1,1,1.0,0,0,0,-9999.0,0.4375,1,P54_CV0,2,1,1,2,0,0,2,0,2
89,203618.0078,-246304.5116,E89_F73_m73f73_P89_Y6_UO3397,I73_F89_m55f55_P89_Y0_UO2750,I73_F89_m15f15_P41_Y4_UO789,FXX,1,0.0,1,1,1.0,0,0,0,-9999.0,0.6875,1,P54_CV0,2,2,0,0,2,0,2,0,2
89,203618.0078,-246304.5116,E89_F73_m73f73_P89_Y6_UO3401,I73_F89_m55f55_P41_Y0_UO2820,I73_F89_m11f11_P48_Y1_UO562,FXX,1,0.0,1,1,1.0,0,0,0,-9999.0,0.625,1,P54_CV0,2,1,1,1,1,0,2,0,2
89,203618.0078,-246304.5116,E89_F15_m73f73_P89_Y5_UO3309,ID73_F89_m15f15_P89_Y3_UO813,I73_F89_m55f55_P14_Y0_UO2821,FXX,2,0.0,1,0,1.0,0,0,0,-9999.0,0.5625,1,P54_CV0,2,1,1,1,1,0,2,0,2
89,203618.0078,-246304.5116,E89_F15_m15f15_P41_Y5_UO828,I15_F89_m55f55_P89_Y2_UO2610,ID15_F89_m73f73_P89_Y3_UO3354,MXY,2,0.0,1,0,0.0,0,0,0,-9999.0,0.625,1,P54_CV0,2,0,2,2,0,0,2,0,2
89,203618.0078,-246304.5116,E89_F55_m73f73_P89_Y5_UO3325,ID73_F41_m73f73_P89_Y2_UO3327,I73_F41_m55f55_P89_Y2_UO2618,MXY,2,0.0,1,0,0.0,0,0,0,-9999.0,0.625,1,P54_CV0,2,1,1,2,0,0,2,0,2
89,203618.0078,-246304.5116,E89_F55_m15f15_P41_Y5_UO868,ID15_F41_m-1f-1_P55_Y-1_U249,I15_F41_m55f55_P41_Y0_UO2813,FXX,2,0.0,1,0,1.0,0,0,0,-9999.0,0.25,1,P54_CV0,2,0,2,1,1,0,2,0,2
89,203618.0078,-246304.5116,E89_F55_m73f73_P89_Y5_UO3341,I73_F89_m73f73_P89_Y0_UO3569,ID73_F89_m73f73_P89_Y3_UO3348,MXY,2,0.0,1,0,0.0,0,0,0,-9999.0,0.4375,1,P54_CV0,2,1,1,0,2,0,2,0,2
89,203618.0078,-246304.5116,E89_F55_m15f15_P41_Y5_UO886,I15_F89_m-1f-1_P15_Y-1_U57,I15_F41_m73f73_P89_Y3_UO3310,MXY,2,0.0,1,0,0.0,0,0,0,-9999.0,0.5625,1,P54_CV0,2,0,2,1,1,0,2,0,2
89,203618.0078,-246304.5116,E89_F55_m55f55_P89_Y5_UO2564,I55_F41_m55f55_P14_Y2_UO2630,I55_F89_m55f55_P89_Y3_UO2524,MXY,2,0.0,1,0,0.0,0,0,0,-9999.0,0.5625,1,P54_CV0,2,1,1,1,1,0,2,0,2
89,203618.0078,-246304.5116,E89_F55_m73f73_P41_Y5_UO3375,I73_F89_m-1f-1_P73_Y-1_U116,ID73_F89_m73f73_P89_Y3_UO3348,MXY,2,0.0,1,0,0.0,0,0,0,-9999.0,0.8125,1,P54_CV0,2,1,1,1,1,0,2,0,2
89,203618.0078,-246304.5116,E89_F73_m11f11_P89_Y5_UO678,I11_F49_m-1f-1_P55_Y-1_U108,I11_F48_m11f11_P2_Y3_UO630,MXY,2,0.0,1,0,0.0,0,0,0,-9999.0,0.5,1,P54_CV0,2,0,2,1,1,0,2,0,2
89,203618.0078,-246304.5116,E89_F73_m55f55_P89_Y5_UO2602,I55_F41_m55f55_P89_Y0_UO2721,ID55_F69_m11f11_P49_Y1_UO553,MXY,2,0.0,1,0,0.0,0,0,0,-9999.0,0.375,1,P54_CV0,2,0,2,0,2,0,2,0,2
89,203618.0078,-246304.5116,E89_F73_m73f73_P89_Y5_UO3337,I73_F41_m15f15_P41_Y1_UO750,I73_F89_m55f55_P41_Y0_UO2740,FXX,2,0.0,1,0,1.0,0,0,0,-9999.0,0.625,1,P54_CV0,2,1,1,1,1,0,2,0,2
89,203618.0078,-246304.5116,E89_F73_m55f55_P89_Y5_UO2611,I55_F89_m-1f-1_P55_Y-1_U96,I55_F89_m-1f-1_P73_Y-1_U87,FXX,2,0.0,1,0,1.0,0,0,0,-9999.0,0.5,1,P54_CV0,2,1,1,1,1,0,2,0,2
89,203618.0078,-246304.5116,E89_F73_m73f73_P89_Y5_UO3372,ID73_F41_m-1f-1_P55_Y-1_U37,I73_F41_m55f55_P89_Y0_UO2742,MXY,2,0.0,1,0,0.0,0,0,0,-9999.0,0.75,1,P54_CV0,2,2,0,2,0,0,2,0,2
89,203618.0078,-246304.5116,E89_F15_m15f15_P41_Y4_UO843,ID15_F14_m-1f-1_P55_Y-1_U0,I15_F41_m55f55_P89_Y2_UO2600,MXY,3,0.0,1,0,0.0,0,0,0,-9999.0,0.3125,1,P54_CV0,2,1,1,1,1,0,2,0,2
89,203618.0078,-246304.5116,E89_F15_m15f15_P41_Y4_UO795,I15_F14_m55f55_P41_Y2_UO2582,I15_F89_m15f15_P41_Y2_UO810,MXY,3,0.0,1,0,0.0,0,0,0,-9999.0,0.5,1,P54_CV0,2,1,1,0,2,0,2,0,2
89,203618.0078,-246304.5116,E89_F15_m73f73_P89_Y4_UO3339,I73_F89_m-1f-1_P73_Y-1_U180,I73_F89_m55f55_P14_Y0_UO2821,FXX,3,0.0,1,0,1.0,0,0,0,-9999.0,0.375,1,P54_CV0,2,1,1,2,0,0,2,0,2
89,203618.0078,-246304.5116,E89_F15_m15f15_P14_Y4_UO855,ID15_F89_m-1f-1_P55_Y-1_U211,I15_F49_m55f55_P89_Y1_UO2447,MXY,3,0.0,1,0,0.0,0,0,0,-9999.0,0.5,1,P54_CV0,2,2,0,2,0,0,2,0,2
89,203618.0078,-246304.5116,E89_F15_m73f73_P41_Y4_UO3309,I73_F89_m73f73_P89_Y0_UO3542,I73_F41_m55f55_P41_Y2_UO2592,MXY,3,0.0,1,0,0.0,0,0,0,-9999.0,0.375,1,P54_CV0,2,1,1,2,0,0,2,0,2
89,203618.0078,-246304.5116,E89_F55_m15f15_P41_Y4_UO794,I15_F89_m73f73_P41_Y2_UO3287,ID15_F41_m73f73_P89_Y2_UO3313,MXY,3,0.0,1,0,0.0,0,0,0,-9999.0,0.375,1,P54_CV0,2,0,2,1,1,0,2,0,2
89,203618.0078,-246304.5116,E89_F55_m55f55_P41_Y4_UO2495,I55_F41_m15f15_P41_Y2_UO804,I55_F89_m-1f-1_P55_Y-1_U185,FXX,3,0.0,1,0,1.0,0,0,0,-9999.0,1.0,1,P54_CV0,2,2,0,0,2,0,2,0,2
89,203618.0078,-246304.5116,E89_F55_m15f15_P89_Y4_UO863,I15_F14_m-1f-1_P15_Y-1_U136,ID15_F14_m55f55_P89_Y1_UO2512,FXX,3,0.0,1,0,1.0,0,0,0,-9999.0,0.625,1,P54_CV0,2,1,1,0,2,0,2,0,2
89,203618.0078,-246304.5116,E89_F55_m15f15_P14_Y4_UO864,ID15_F14_m-1f-1_P73_Y-1_U15,ID15_F89_m55f55_P14_Y0_UO2763,FXX,3,0.0,1,0,1.0,0,0,0,-9999.0,0.25,1,P54_CV0,2,1,1,1,1,0,2,0,2
89,203618.0078,-246304.5116,E89_F73_m55f55_P89_Y4_UO2500,I55_F41_m55f55_P14_Y2_UO2613,I55_F41_m55f55_P89_Y1_UO2475,MXY,3,0.0,1,0,0.0,0,0,0,-9999.0,0.3125,1,P54_CV0,2,0,2,1,1,0,2,0,2
89,203618.0078,-246304.5116,E89_F73_m55f55_P89_Y4_UO2557,I55_F89_m15f15_P41_Y0_UO856,ID55_F41_m-1f-1_P55_Y-1_U130,FXX,3,0.0,1,0,1.0,0,0,0,-9999.0,0.75,1,P54_CV0,2,1,1,1,1,0,2,0,2
89,203618.0078,-246304.5116,E89_F73_m73f73_P41_Y4_UO3267,I73_F41_m73f73_P89_Y2_UO3327,I73_F41_m73f73_P89_Y2_UO3334,FXX,3,0.0,1,0,1.0,0,0,0,-9999.0,0.375,1,P54_CV0,2,2,0,1,1,0,2,0,2
89,203618.0078,-246304.5116,E89_F73_m15f15_P41_Y4_UO782,I15_F14_m100f100_P48_Y2_UO4608,ID15_F14_m55f55_P89_Y1_UO2512,MXY,3,0.0,1,0,0.0,0,0,0,-9999.0,0.5,1,P54_CV0,2,1,1,1,1,0,2,0,2
89,203618.0078,-246304.5116,E89_F73_m55f55_P89_Y4_UO2537,I55_F41_m43f43_P41_Y1_UO1934,I55_F41_m-1f-1_P55_Y-1_U126,MXY,3,0.0,1,0,0.0,0,0,0,-9999.0,0.75,1,P54_CV0,2,1,1,2,0,0,2,0,2
89,203618.0078,-246304.5116,E89_F15_m55f55_P48_Y3_UO2567,I55_F41_m-1f-1_P15_Y-1_U47,I55_F89_m-1f-1_P55_Y-1_U49,MXY,4,0.0,1,0,0.0,0,0,0,-9999.0,0.25,1,P54_CV0,2,1,1,2,0,0,2,0,2
89,203618.0078,-246304.5116,E89_F55_m73f73_P89_Y3_UO3360,ID73_F89_m-1f-1_P55_Y-1_U227,I73_F41_m-1f-1_P73_Y-1_U77,FXX,4,0.0,1,0,1.0,0,0,0,-9999.0,0.25,1,P54_CV0,2,0,2,0,2,0,2,0,2
89,203618.0078,-246304.5116,E89_F55_m73f73_P89_Y3_UO3340,I73_F89_m-1f-1_P73_Y-1_U53,ID73_F41_m55f55_P89_Y1_UO2424,MXY,4,0.0,1,0,0.0,0,0,0,-9999.0,0.5,1,P54_CV0,2,2,0,1,1,0,2,0,2
89,203618.0078,-246304.5116,E89_F55_m15f15_P89_Y3_UO843,I15_F41_m-1f-1_P73_Y-1_U52,I15_F14_m55f55_P89_Y1_UO2447,MXY,4,0.0,1,0,0.0,0,0,0,-9999.0,0.25,1,P54_CV0,2,1,1,2,0,0,2,0,2
89,203618.0078,-246304.5116,E89_F73_m55f55_P89_Y3_UO2552,ID55_F48_m55f55_P41_Y0_UO2790,ID55_F49_m-1f-1_P55_Y-1_U80,FXX,4,0.0,1,0,1.0,0,0,0,-9999.0,0.625,1,P54_CV0,2,1,1,2,0,0,2,0,2
89,203618.0078,-246304.5116,E89_F73_m15f15_P41_Y3_UO763,I15_F41_m15f15_P14_Y1_UO785,ID15_F41_m-1f-1_P55_Y-1_U208,MXY,4,0.0,1,0,0.0,0,0,0,-9999.0,0.625,1,P54_CV0,2,1,1,1,1,0,2,0,2
89,203618.0078,-246304.5116,E89_F73_m55f55_P41_Y3_UO2512,I55_F41_m55f55_P89_Y1_UO2482,I55_F14_m-1f-1_P55_Y-1_U4,MXY,4,0.0,1,0,0.0,0,0,0,-9999.0,0.625,1,P54_CV0,2,2,0,2,0,0,2,0,2
89,203618.0078,-246304.5116,E89_F73_m73f73_P89_Y3_UO3348,ID73_F41_m-1f-1_P55_Y-1_U165,I73_F89_m55f55_P89_Y0_UO2737,MXY,4,0.0,1,0,0.0,0,0,0,-9999.0,0.625,1,P54_CV0,2,1,1,1,1,0,2,0,2
89,203618.0078,-246304.5116,E89_F55_m73f73_P89_Y2_UO3329,I73_F89_m-1f-1_P73_Y-1_U107,I73_F14_m-1f-1_P55_Y-1_U216,MXY,5,0.0,1,0,0.0,0,0,0,-9999.0,0.75,1,P54_CV0,2,2,0,1,1,0,2,0,2
89,203618.0078,-246304.5116,E89_F55_m55f55_P41_Y2_UO2633,ID55_F49_m-1f-1_P73_Y-1_U66,I55_F48_m-1f-1_P55_Y-1_U66,FXX,5,0.0,1,0,1.0,0,0,0,-9999.0,0.75,1,P54_CV0,2,2,0,0,2,0,2,0,2
89,203618.0078,-246304.5116,E89_F55_m73f73_P41_Y2_UO3301,I73_F89_m73f73_P89_Y0_UO3591,ID73_F89_m55f55_P89_Y0_UO2756,FXX,5,0.0,1,0,1.0,0,0,0,-9999.0,0.375,1,P54_CV0,2,1,1,1,1,0,2,0,2
89,203618.0078,-246304.5116,E89_F55_m55f55_P41_Y2_UO2626,I55_F49_m-1f-1_P55_Y-1_U139,ID55_F89_m-1f-1_P55_Y-1_U23,FXX,5,0.0,1,0,1.0,0,0,0,-9999.0,0.75,1,P54_CV0,2,1,1,1,1,0,2,0,2
89,203618.0078,-246304.5116,E89_F55_m73f73_P41_Y2_UO3374,ID73_F41_m-1f-1_P15_Y-1_U193,I73_F89_m55f55_P89_Y0_UO2804,FXX,5,0.0,1,0,1.0,0,0,0,-9999.0,0.5,1,P54_CV0,2,1,1,0,2,0,2,0,2
89,203618.0078,-246304.5116,E89_F73_m55f55_P89_Y2_UO2587,I55_F41_m-1f-1_P55_Y-1_U220,I55_F89_m-1f-1_P55_Y-1_U2,MXY,5,0.0,1,0,0.0,0,0,0,-9999.0,0.25,1,P54_CV0,2,1,1,2,0,0,2,0,2
89,203618.0078,-246304.5116,E89_F73_m55f55_P14_Y2_UO2613,I55_F41_m-1f-1_P55_Y-1_U89,I55_F89_m55f55_P41_Y0_UO2827,FXX,5,0.0,1,0,1.0,0,0,0,-9999.0,0.375,1,P54_CV0,2,1,1,2,0,0,2,0,2
89,203618.0078,-246304.5116,E89_F73_m55f55_P14_Y2_UO2630,I55_F14_m-1f-1_P55_Y-1_U193,I55_F48_m-1f-1_P55_Y-1_U66,FXX,5,0.0,1,0,1.0,0,0,0,-9999.0,0.5,1,P54_CV0,2,1,1,2,0,0,2,0,2
89,203618.0078,-246304.5116,E89_F73_m55f55_P41_Y2_UO2609,I55_F89_m-1f-1_P55_Y-1_U51,ID55_F89_m-1f-1_P55_Y-1_U23,MXY,5,0.0,1,0,0.0,0,0,0,-9999.0,0.5,1,P54_CV0,2,1,1,1,1,0,2,0,2
89,203618.0078,-246304.5116,E89_F73_m73f73_P89_Y2_UO3279,I73_F41_m11f11_P89_Y0_UO632,I73_F89_m55f55_P89_Y0_UO2789,MXY,5,0.0,1,0,0.0,0,0,0,-9999.0,0.5,1,P54_CV0,2,0,2,2,0,0,2,0,2
89,203618.0078,-246304.5116,E89_F15_m55f55_P14_Y1_UO2504,I55_F41_m-1f-1_P55_Y-1_U173,I55_F14_m-1f-1_P55_Y-1_U48,MXY,6,0.0,1,0,0.0,0,0,0,-9999.0,0.75,1,P54_CV0,2,1,1,1,1,0,2,0,2
89,203618.0078,-246304.5116,E89_F55_m55f55_P89_Y1_UO2491,I55_F41_m-1f-1_P55_Y-1_U113,I55_F41_m-1f-1_P55_Y-1_U133,MXY,6,0.0,1,0,0.0,0,0,0,-9999.0,0.75,1,P54_CV0,2,1,1,1,1,0,2,0,2
89,203618.0078,-246304.5116,E89_F55_m55f55_P89_Y1_UO2493,ID55_F41_m-1f-1_P55_Y-1_U187,ID55_F41_m-1f-1_P55_Y-1_U224,FXX,6,0.0,1,0,1.0,0,0,0,-9999.0,0.5,1,P54_CV0,2,1,1,2,0,0,2,0,2
89,203618.0078,-246304.5116,E89_F73_m73f73_P14_Y1_UO3174,I73_F89_m-1f-1_P73_Y-1_U63,ID73_F89_m-1f-1_P55_Y-1_U29,FXX,6,0.0,1,0,1.0,0,0,0,-9999.0,0.5,1,P54_CV0,2,0,2,1,1,0,2,0,2
89,203618.0078,-246304.5116,E89_F73_m55f55_P41_Y1_UO2419,I55_F89_m-1f-1_P55_Y-1_U82,I55_F89_m-1f-1_P55_Y-1_U181,MXY,6,0.0,1,0,0.0,0,0,0,-9999.0,0.75,1,P54_CV0,2,2,0,2,0,0,2,0,2
89,203618.0078,-246304.5116,E89_F15_m55f55_P41_Y0_UO2781,R55_F55_m-1f-1_P55_Y-1_U139,R55_F55_m-1f-1_P55_Y-1_U242,FXX,7,0.0,1,0,1.0,0,0,0,-9999.0,0.75,1,P54_CV0,2,2,0,2,0,0,2,0,2
89,203618.0078,-246304.5116,E89_F73_m55f55_P89_Y0_UO2742,R55_F55_m-1f-1_P55_Y-1_U46,R55_F55_m-1f-1_P55_Y-1_U181,MXY,7,0.0,1,0,0.0,0,0,0,-9999.0,1.0,1,P54_CV0,2,2,0,2,0,0,2,0,2
89,203618.0078,-246304.5116,E89_F73_m55f55_P89_Y0_UO2789,R55_F55_m-1f-1_P55_Y-1_U159,R55_F55_m-1f-1_P55_Y-1_U44,MXY,7,0.0,1,0,0.0,0,0,0,-9999.0,0.5,1,P54_CV0,2,0,2,1,1,0,2,0,2
89,203618.0078,-246304.5116,E89_F73_m55f55_P89_Y0_UO2750,R55_F55_m-1f-1_P55_Y-1_U62,R55_F55_m-1f-1_P55_Y-1_U172,FXX,7,0.0,1,0,1.0,0,0,0,-9999.0,0.75,1,P54_CV0,2,2,0,1,1,0,2,0,2
89,203618.0078,-246304.5116,E89_F73_m55f55_P41_Y0_UO2813,R55_F55_m-1f-1_P55_Y-1_U220,R55_F55_m-1f-1_P55_Y-1_U101,MXY,7,0.0,1,0,0.0,0,0,0,-9999.0,0.0,1,P54_CV0,2,0,2,2,0,0,2,0,2
89,203618.0078,-246304.5116,E89_F73_m55f55_P89_Y0_UO2721,R55_F55_m-1f-1_P55_Y-1_U0,R55_F55_m-1f-1_P55_Y-1_U8,FXX,7,0.0,1,0,1.0,0,0,0,-9999.0,0.25,1,P54_CV0,2,0,2,0,2,0,2,0,2
89,203618.0078,-246304.5116,E89_F55_m-1f-1_P55_Y-1_U7,-9999,-9999,FXX,8,0.0,1,0,1.0,0,0,0,-9999.0,1.0,1,P54_CV0,2,2,0,0,2,0,2,0,2
89,203618.0078,-246304.5116,E89_F73_m-1f-1_P55_Y-1_U149,-9999,-9999,FXX,8,0.0,1,0,1.0,0,0,0,-9999.0,0.0,1,P54_CV0,2,0,2,2,0,0,2,0,2
89,203618.0078,-246304.5116,E89_F55_m-1f-1_P55_Y-1_U96,-9999,-9999,FXX,9,0.0,1,0,1.0,0,0,0,-9999.0,1.0,1,P54_CV0,2,2,0,2,0,0,2,0,2
89,203618.0078,-246304.5116,E89_F11_m-1f-1_P55_Y-1_U108,-9999,-9999,FXX,10,0.0,1,0,1.0,0,0,0,-9999.0,0.5,1,P54_CV0,2,1,1,1,1,0,2,0,2
89,203618.0078,-246304.5116,E89_F55_m-1f-1_P55_Y-1_U177,-9999,-9999,MXY,10,0.0,1,0,0.0,0,0,0,-9999.0,0.0,1,P54_CV0,2,0,2,0,2,0,2,0,2
89,203618.0078,-246304.5116,E89_F55_m-1f-1_P55_Y-1_U224,-9999,-9999,MXY,10,0.0,1,0,0.0,0,0,0,-9999.0,0.5,1,P54_CV0,2,1,1,1,1,0,2,0,2
89,203618.0078,-246304.5116,E89_F73_m-1f-1_P55_Y-1_U249,-9999,-9999,FXX,10,0.0,1,0,1.0,0,0,0,-9999.0,0.5,1,P54_CV0,2,1,1,1,1,0,2,0,2
89,203618.0078,-246304.5116,E89_F15_m-1f-1_P55_Y-1_U130,-9999,-9999,MXY,11,0.0,1,0,0.0,0,0,0,-9999.0,1.0,1,P54_CV0,2,2,0,2,0,0,2,0,2
89,203618.0078,-246304.5116,E89_F55_m-1f-1_P55_Y-1_U196,-9999,-9999,MXY,11,0.0,1,0,0.0,0,0,0,-9999.0,0.5,1,P54_CV0,2,1,1,1,1,0,2,0,2
89,203618.0078,-246304.5116,E89_F55_m-1f-1_P55_Y-1_U119,-9999,-9999,MXY,12,0.0,1,0,0.0,0,0,0,-9999.0,1.0,1,P54_CV0,2,2,0,0,2,0,2,0,2
89,203618.0078,-246304.5116,E89_F73_m-1f-1_P55_Y-1_U37,-9999,-9999,FXX,12,0.0,1,0,1.0,0,0,0,-9999.0,0.5,1,P54_CV0,2,1,1,1,1,0,2,0,2
89,203618.0078,-246304.5116,E89_F73_m-1f-1_P55_Y-1_U218,-9999,-9999,MXY,12,0.0,1,0,0.0,0,0,0,-9999.0,0.5,1,P54_CV0,2,1,1,0,2,0,2,0,2
89,203618.0078,-246304.5116,E89_F15_m-1f-1_P55_Y-1_U118,-9999,-9999,MXY,13,0.0,1,0,0.0,0,0,0,-9999.0,0.5,1,P54_CV0,2,1,1,1,1,0,2,0,2
89,203618.0078,-246304.5116,E89_F55_m-1f-1_P55_Y-1_U89,-9999,-9999,FXX,13,0.0,1,0,1.0,0,0,0,-9999.0,0.5,1,P54_CV0,2,1,1,1,1,0,2,0,2
89,203618.0078,-246304.5116,E89_F55_m-1f-1_P55_Y-1_U38,-9999,-9999,MXY,14,0.0,1,0,0.0,0,0,0,-9999.0,0.0,1,P54_CV0,2,0,2,1,1,0,2,0,2
89,203618.0078,-246304.5116,E89_F55_m-1f-1_P55_Y-1_U49,-9999,-9999,MXY,14,0.0,1,0,0.0,0,0,0,-9999.0,0.0,1,P54_CV0,2,0,2,2,0,0,2,0,2
89,203618.0078,-246304.5116,Age0_F89_m15f15_P89_Y7_UO792,I15_F89_m55f55_P89_Y5_UO2552,ID15_F89_m55f55_P89_Y5_UO2627,MXY,0,0.0,0,0,0.0,0,0,0,0.0,0.375,1,P59_CV0,2,1,1,0,2,0,2,0,2
89,203618.0078,-246304.5116,Age0_F89_m55f55_P89_Y7_UO2543,I55_F89_m100f100_P49_Y5_UO4613,I55_F14_m15f15_P89_Y4_UO842,FXX,0,0.0,0,0,0.0,0,0,0,0.0,0.5,1,P59_CV0,2,0,2,2,0,0,2,0,2
89,203618.0078,-246304.5116,E89_F15_m60f60_P14_Y6_UO2819,I60_F75_m60f60_P75_Y2_UO2859,I60_F75_m-1f-1_P60_Y-1_U54,FXX,1,0.0,1,1,1.0,0,0,0,-9999.0,0.75,1,P59_CV0,2,1,1,0,2,0,2,0,2
89,203618.0078,-246304.5116,E89_F73_m55f55_P14_Y6_UO2594,I55_F41_m60f60_P14_Y3_UO2796,I55_F89_m15f15_P14_Y2_UO798,MXY,1,0.0,1,1,0.0,0,0,0,-9999.0,0.5,1,P59_CV0,2,0,2,0,2,0,2,0,2
89,203618.0078,-246304.5116,E89_F15_m55f55_P89_Y5_UO2552,I55_F41_m73f73_P41_Y3_UO3295,I55_F89_m60f60_P14_Y0_UO3128,FXX,2,0.0,1,0,1.0,0,0,0,-9999.0,0.375,1,P59_CV0,2,1,1,0,2,0,2,0,2
89,203618.0078,-246304.5116,E89_F55_m100f100_P49_Y5_UO4613,ID100_F49_m-1f-1_P100_Y-1_U199,I100_F49_m60f60_P49_Y3_UO2792,FXX,2,0.0,1,0,1.0,0,0,0,-9999.0,0.5,1,P59_CV0,2,1,1,2,0,0,2,0,2
89,203618.0078,-246304.5116,E89_F55_m55f55_P89_Y5_UO2585,I55_F14_m15f15_P41_Y1_UO743,I55_F41_m73f73_P89_Y3_UO3272,MXY,2,0.0,1,0,0.0,0,0,0,-9999.0,0.5,1,P59_CV0,2,1,1,1,1,0,2,0,2
89,203618.0078,-246304.5116,E89_F15_m60f60_P14_Y3_UO2780,I60_F75_m60f60_P75_Y1_UO2722,I60_F75_m-1f-1_P60_Y-1_U186,MXY,4,0.0,1,0,0.0,0,0,0,-9999.0,0.375,1,P59_CV0,2,1,1,1,1,0,2,0,2
89,203618.0078,-246304.5116,E89_F55_m60f60_P14_Y3_UO2830,I60_F75_m-1f-1_P60_Y-1_U202,ID60_F75_m-1f-1_P60_Y-1_U75,FXX,4,0.0,1,0,1.0,0,0,0,-9999.0,0.0,1,P59_CV0,2,0,2,1,1,0,2,0,2
89,203618.0078,-246304.5116,Age0_F89_m15f15_P89_Y7_UO780,ID15_F14_m100f100_P48_Y5_UO4615,ID15_F89_m43f43_P89_Y5_UO2113,MXY,0,0.0,0,0,0.0,0,0,0,0.0,0.5625,1,P62_CV0,2,0,2,0,2,0,2,0,2
89,203618.0078,-246304.5116,Age0_F89_m15f15_P89_Y7_UO799,I15_F14_m73f73_P89_Y5_UO3309,ID15_F89_m43f43_P89_Y5_UO2113,MXY,0,0.0,0,0,0.0,0,0,0,0.0,0.59375,1,P62_CV0,2,0,2,2,0,0,2,0,2
89,203618.0078,-246304.5116,E89_F15_m43f43_P41_Y6_UO2162,I43_F89_m63f63_P48_Y1_UO2875,I43_F48_m15f15_P41_Y3_UO833,MXY,1,0.0,1,1,0.0,0,0,0,-9999.0,0.6875,1,P62_CV0,2,1,1,0,2,0,2,0,2
89,203618.0078,-246304.5116,E89_F15_m43f43_P89_Y5_UO2113,ID43_F14_m63f63_P48_Y1_UO2875,ID43_F48_m43f43_P48_Y2_UO2090,MXY,2,0.0,1,0,0.0,0,0,0,-9999.0,0.625,1,P62_CV0,2,0,2,1,1,0,2,0,2
89,203618.0078,-246304.5116,E89_F43_m43f43_P48_Y3_UO2039,I43_F48_m63f63_P49_Y1_UO2929,I43_F49_m-1f-1_P43_Y-1_U233,MXY,4,0.0,1,0,0.0,0,0,0,-9999.0,0.5,1,P62_CV0,2,1,1,2,0,0,2,0,2
89,203618.0078,-246304.5116,E89_F11_m85f85_P2_Y6_UO4014,I85_F98_m63f63_P36_Y3_UO3053,ID85_F8_m-1f-1_P65_Y-1_U132,MXY,1,0.0,1,1,0.0,0,0,0,-9999.0,0.75,1,P64_CV0,2,2,0,1,1,0,2,0,2
89,203618.0078,-246304.5116,Age0_F89_m11f11_P89_Y7_UO648,ID11_F89_m55f55_P89_Y3_UO2557,I11_F48_m-1f-1_P73_Y-1_U102,MXY,0,0.0,0,0,0.0,0,0,0,0.0,0.4375,1,P72_CV0,2,2,0,1,1,0,2,0,2
89,203618.0078,-246304.5116,Age0_F89_m15f15_P89_Y7_UO789,I15_F89_m15f15_P41_Y5_UO796,ID15_F41_m73f73_P89_Y2_UO3314,MXY,0,0.0,0,0,0.0,0,0,0,0.0,0.34375,1,P72_CV0,2,1,1,1,1,0,2,0,2
89,203618.0078,-246304.5116,Age0_F89_m15f15_P89_Y7_UO836,I15_F89_m15f15_P41_Y3_UO764,I15_F89_m73f73_P89_Y3_UO3354,FXX,0,0.0,0,0,0.0,0,0,0,0.0,0.5625,1,P72_CV0,2,2,0,0,2,0,2,0,2
89,203618.0078,-246304.5116,Age0_F89_m15f15_P89_Y7_UO847,ID15_F89_m73f73_P89_Y2_UO3338,ID15_F41_m55f55_P14_Y0_UO2763,MXY,0,0.0,0,0,0.0,0,0,0,0.0,0.375,1,P72_CV0,2,0,2,0,2,0,2,0,2
89,203618.0078,-246304.5116,Age0_F89_m15f15_P89_Y7_UO854,ID15_F89_m73f73_P41_Y1_UO3197,I15_F89_m15f15_P41_Y0_UO811,FXX,0,0.0,0,0,0.0,0,0,0,0.0,0.375,1,P72_CV0,2,0,2,0,2,0,2,0,2
89,203618.0078,-246304.5116,Age0_F89_m15f15_P89_Y7_UO876,I15_F89_m-1f-1_P15_Y-1_U151,ID15_F41_m73f73_P89_Y3_UO3327,MXY,0,0.0,0,0,0.0,0,0,0,0.0,0.375,1,P72_CV0,2,1,1,1,1,0,2,0,2
89,203618.0078,-246304.5116,Age0_F89_m15f15_P89_Y7_UO880,I15_F41_m-1f-1_P73_Y-1_U63,ID15_F89_m55f55_P41_Y4_UO2555,MXY,0,0.0,0,0,0.0,0,0,0,0.0,0.5,1,P72_CV0,2,0,2,0,2,0,2,0,2
89,203618.0078,-246304.5116,Age0_F89_m43f43_P89_Y7_UO2128,I43_F41_m73f73_P41_Y4_UO3287,I43_F48_m73f73_P14_Y2_UO3356,MXY,0,0.0,0,0,0.0,0,0,0,0.0,0.625,1,P72_CV0,2,1,1,1,1,0,2,0,2
89,203618.0078,-246304.5116,Age0_F89_m55f55_P89_Y7_UO2547,I55_F41_m55f55_P41_Y5_UO2607,I55_F89_m73f73_P89_Y1_UO3120,FXX,0,0.0,0,0,0.0,0,0,0,0.0,0.75,1,P72_CV0,2,2,0,1,1,0,2,0,2
89,203618.0078,-246304.5116,Age0_F89_m55f55_P89_Y7_UO2552,ID55_F41_m15f15_P41_Y5_UO841,I55_F14_m100f100_P49_Y4_UO4605,FXX,0,0.0,0,0,0.0,0,0,0,0.0,0.4375,1,P72_CV0,2,0,2,1,1,0,2,0,2
89,203618.0078,-246304.5116,Age0_F89_m55f55_P89_Y7_UO2555,ID55_F89_m73f73_P41_Y5_UO3346,I55_F14_m73f73_P89_Y0_UO3603,FXX,0,0.0,0,0,0.0,0,0,0,0.0,0.5625,1,P72_CV0,2,0,2,1,1,0,2,0,2
89,203618.0078,-246304.5116,Age0_F89_m55f55_P89_Y7_UO2560,I55_F89_m55f55_P89_Y4_UO2558,I55_F41_m73f73_P14_Y4_UO3344,FXX,0,0.0,0,0,0.0,0,0,0,0.0,0.375,1,P72_CV0,2,1,1,0,2,0,2,0,2
89,203618.0078,-246304.5116,Age0_F89_m55f55_P89_Y7_UO2590,I55_F89_m15f15_P14_Y3_UO820,I55_F41_m-1f-1_P73_Y-1_U199,MXY,0,0.0,0,0,0.0,0,0,0,0.0,0.625,1,P72_CV0,2,2,0,2,0,0,2,0,2
89,203618.0078,-246304.5116,Age0_F89_m55f55_P89_Y7_UO2595,ID55_F89_m73f73_P41_Y2_UO3307,ID55_F14_m73f73_P41_Y0_UO3583,FXX,0,0.0,0,0,0.0,0,0,0,0.0,0.875,1,P72_CV0,2,2,0,1,1,0,2,0,2
89,203618.0078,-246304.5116,Age0_F89_m55f55_P89_Y7_UO2600,ID55_F89_m73f73_P89_Y2_UO3362,I55_F89_m-1f-1_P55_Y-1_U80,FXX,0,0.0,0,0,0.0,0,0,0,0.0,0.375,1,P72_CV0,2,1,1,2,0,0,2,0,2
89,203618.0078,-246304.5116,Age0_F89_m55f55_P89_Y7_UO2609,I55_F14_m15f15_P41_Y1_UO713,I55_F41_m73f73_P41_Y3_UO3316,FXX,0,0.0,0,0,0.0,0,0,0,0.0,0.625,1,P72_CV0,2,0,2,2,0,0,2,0,2
89,203618.0078,-246304.5116,Age0_F89_m55f55_P89_Y7_UO2625,I55_F89_m-1f-1_P73_Y-1_U211,I55_F89_m43f43_P41_Y3_UO2116,FXX,0,0.0,0,0,0.0,0,0,0,0.0,0.1875,1,P72_CV0,2,0,2,2,0,0,2,0,2
89,203618.0078,-246304.5116,Age0_F89_m73f73_P89_Y7_UO3321,ID73_F41_m55f55_P89_Y5_UO2539,I73_F41_m73f73_P89_Y2_UO3279,FXX,0,0.0,0,0,0.0,0,0,0,0.0,0.5625,1,P72_CV0,2,0,2,1,1,0,2,0,2
89,203618.0078,-246304.5116,Age0_F89_m73f73_P89_Y7_UO3331,ID73_F41_m73f73_P14_Y5_UO3308,I73_F89_m-1f-1_P73_Y-1_U72,MXY,0,0.0,0,0,0.0,0,0,0,0.0,0.21875,1,P72_CV0,2,1,1,2,0,0,2,0,2
89,203618.0078,-246304.5116,Age0_F89_m73f73_P89_Y7_UO3336,I73_F89_m55f55_P41_Y5_UO2559,I73_F89_m15f15_P89_Y2_UO806,MXY,0,0.0,0,0,0.0,0,0,0,0.0,0.375,1,P72_CV0,2,1,1,1,1,0,2,0,2
89,203618.0078,-246304.5116,Age0_F89_m73f73_P89_Y7_UO3339,ID73_F14_m15f15_P41_Y5_UO867,I73_F89_m-1f-1_P15_Y-1_U111,MXY,0,0.0,0,0,0.0,0,0,0,0.0,0.3125,1,P72_CV0,2,0,2,1,1,0,2,0,2
89,203618.0078,-246304.5116,Age0_F89_m73f73_P89_Y7_UO3343,I73_F89_m73f73_P41_Y5_UO3354,I73_F41_m15f15_P41_Y4_UO782,FXX,0,0.0,0,0,0.0,0,0,0,0.0,0.5,1,P72_CV0,2,1,1,2,0,0,2,0,2
89,203618.0078,-246304.5116,Age0_F89_m73f73_P89_Y7_UO3344,I73_F89_m15f15_P89_Y5_UO816,I73_F41_m73f73_P89_Y2_UO3279,FXX,0,0.0,0,0,0.0,0,0,0,0.0,0.5625,1,P72_CV0,2,1,1,2,0,0,2,0,2
89,203618.0078,-246304.5116,Age0_F89_m73f73_P89_Y7_UO3351,ID73_F41_m55f55_P41_Y4_UO2512,I73_F41_m73f73_P89_Y5_UO3334,MXY,0,0.0,0,0,0.0,0,0,0,0.0,0.5,1,P72_CV0,2,0,2,2,0,0,2,0,2
89,203618.0078,-246304.5116,Age0_F89_m73f73_P89_Y7_UO3353,ID73_F41_m15f15_P41_Y4_UO834,ID73_F89_m-1f-1_P73_Y-1_U35,FXX,0,0.0,0,0,0.0,0,0,0,0.0,0.1875,1,P72_CV0,2,0,2,0,2,0,2,0,2
89,203618.0078,-246304.5116,Age0_F89_m73f73_P89_Y7_UO3372,ID73_F89_m43f43_P14_Y3_UO2095,I73_F89_m-1f-1_P73_Y-1_U173,FXX,0,0.0,0,0,0.0,0,0,0,0.0,0.75,1,P72_CV0,2,2,0,1,1,0,2,0,2
89,203618.0078,-246304.5116,Age0_F89_m73f73_P89_Y7_UO3374,ID73_F41_m73f73_P41_Y2_UO3310,I73_F14_m-1f-1_P73_Y-1_U187,FXX,0,0.0,0,0,0.0,0,0,0,0.0,0.5,1,P72_CV0,2,1,1,0,2,0,2,0,2
89,203618.0078,-246304.5116,Age0_F89_m73f73_P89_Y7_UO3392,I73_F89_m15f15_P14_Y0_UO891,I73_F89_m-1f-1_P73_Y-1_U72,FXX,0,0.0,0,0,0.0,0,0,0,0.0,0.375,1,P72_CV0,2,1,1,1,1,0,2,0,2
89,203618.0078,-246304.5116,Age0_F89_m73f73_P89_Y7_UO3393,I73_F41_m15f15_P41_Y0_UO860,I73_F89_m-1f-1_P73_Y-1_U72,FXX,0,0.0,0,0,0.0,0,0,0,0.0,0.375,1,P72_CV0,2,1,1,2,0,0,2,0,2
89,203618.0078,-246304.5116,Age0_F89_m73f73_P89_Y7_UO3408,ID73_F41_m-1f-1_P15_Y-1_U239,I73_F14_m-1f-1_P73_Y-1_U187,FXX,0,0.0,0,0,0.0,0,0,0,0.0,0.5,1,P72_CV0,2,1,1,2,0,0,2,0,2
89,203618.0078,-246304.5116,Age0_F89_m73f73_P89_Y7_UO3411,ID73_F89_m-1f-1_P73_Y-1_U139,I73_F41_m73f73_P89_Y5_UO3323,MXY,0,0.0,0,0,0.0,0,0,0,0.0,0.5625,1,P72_CV0,2,2,0,2,0,0,2,0,2
89,203618.0078,-246304.5116,Age0_F89_m73f73_P89_Y7_UO3413,I73_F89_m-1f-1_P73_Y-1_U121,I73_F89_m55f55_P89_Y5_UO2535,MXY,0,0.0,0,0,0.0,0,0,0,0.0,0.375,1,P72_CV0,2,1,1,0,2,0,2,0,2
89,203618.0078,-246304.5116,E89_F11_m55f55_P89_Y6_UO2622,I55_F89_m73f73_P41_Y1_UO3197,ID55_F89_m-1f-1_P15_Y-1_U55,MXY,1,0.0,1,1,0.0,0,0,0,-9999.0,0.25,1,P72_CV0,2,0,2,1,1,0,2,0,2
89,203618.0078,-246304.5116,E89_F15_m15f15_P41_Y6_UO786,ID15_F89_m73f73_P89_Y4_UO3290,ID15_F41_m73f73_P41_Y0_UO3583,FXX,1,0.0,1,1,1.0,0,0,0,-9999.0,0.625,1,P72_CV0,2,1,1,2,0,0,2,0,2
89,203618.0078,-246304.5116,E89_F15_m15f15_P41_Y6_UO831,I15_F41_m43f43_P41_Y3_UO2088,ID15_F89_m73f73_P89_Y3_UO3327,MXY,1,0.0,1,1,0.0,0,0,0,-9999.0,0.375,1,P72_CV0,2,1,1,1,1,0,2,0,2
89,203618.0078,-246304.5116,E89_F15_m15f15_P41_Y6_UO862,I15_F41_m15f15_P41_Y0_UO836,ID15_F89_m-1f-1_P73_Y-1_U4,MXY,1,0.0,1,1,0.0,0,0,0,-9999.0,0.125,1,P72_CV0,2,0,2,0,2,0,2,0,2
89,203618.0078,-246304.5116,E89_F15_m43f43_P41_Y6_UO2104,ID43_F48_m73f73_P41_Y4_UO3287,I43_F49_m-1f-1_P15_Y-1_U36,MXY,1,0.0,1,1,0.0,0,0,0,-9999.0,0.375,1,P72_CV0,2,1,1,1,1,0,2,0,2
89,203618.0078,-246304.5116,E89_F15_m55f55_P41_Y6_UO2593,I55_F41_m43f43_P41_Y3_UO2087,I55_F14_m73f73_P41_Y4_UO3342,MXY,1,0.0,1,1,0.0,0,0,0,-9999.0,0.4375,1,P72_CV0,2,1,1,2,0,0,2,0,2
89,203618.0078,-246304.5116,E89_F15_m73f73_P41_Y6_UO3383,ID73_F41_m15f15_P89_Y2_UO757,I73_F89_m73f73_P14_Y1_UO3128,FXX,1,0.0,1,1,1.0,0,0,0,-9999.0,0.4375,1,P72_CV0,2,0,2,0,2,0,2,0,2
89,203618.0078,-246304.5116,E89_F15_m73f73_P41_Y6_UO3414,I73_F14_m-1f-1_P73_Y-1_U152,I73_F41_m15f15_P41_Y2_UO816,MXY,1,0.0,1,1,0.0,0,0,0,-9999.0,0.25,1,P72_CV0,2,0,2,2,0,0,2,0,2
89,203618.0078,-246304.5116,E89_F15_m15f15_P89_Y6_UO829,I15_F41_m15f15_P41_Y3_UO764,I15_F41_m73f73_P89_Y3_UO3343,FXX,1,0.0,1,1,1.0,0,0,0,-9999.0,0.5,1,P72_CV0,2,2,0,0,2,0,2,0,2
89,203618.0078,-246304.5116,E89_F15_m55f55_P89_Y6_UO2603,I55_F41_m55f55_P14_Y2_UO2631,I55_F41_m73f73_P41_Y0_UO3539,FXX,1,0.0,1,1,1.0,0,0,0,-9999.0,0.5,1,P72_CV0,2,2,0,2,0,0,2,0,2
89,203618.0078,-246304.5116,E89_F15_m73f73_P89_Y6_UO3392,ID73_F14_m73f73_P41_Y1_UO3153,ID73_F14_m100f100_P48_Y0_UO4909,FXX,1,0.0,1,1,1.0,0,0,0,-9999.0,0.625,1,P72_CV0,2,2,0,1,1,0,2,0,2
89,203618.0078,-246304.5116,E89_F15_m73f73_P89_Y6_UO3411,I73_F89_m-1f-1_P73_Y-1_U227,I73_F89_m73f73_P89_Y3_UO3301,FXX,1,0.0,1,1,1.0,0,0,0,-9999.0,0.5,1,P72_CV0,2,2,0,1,1,0,2,0,2
89,203618.0078,-246304.5116,E89_F15_m73f73_P89_Y6_UO3424,ID73_F89_m-1f-1_P55_Y-1_U162,I73_F41_m-1f-1_P73_Y-1_U187,MXY,1,0.0,1,1,0.0,0,0,0,-9999.0,0.75,1,P72_CV0,2,2,0,1,1,0,2,0,2
89,203618.0078,-246304.5116,E89_F43_m43f43_P48_Y6_UO2170,ID43_F41_m73f73_P41_Y0_UO3599,I43_F49_m100f100_P48_Y3_UO4519,FXX,1,0.0,1,1,1.0,0,0,0,-9999.0,0.625,1,P72_CV0,2,2,0,1,1,0,2,0,2
89,203618.0078,-246304.5116,E89_F55_m15f15_P41_Y6_UO885,ID15_F41_m-1f-1_P15_Y-1_U139,I15_F41_m-1f-1_P73_Y-1_U236,FXX,1,0.0,1,1,1.0,0,0,0,-9999.0,0.25,1,P72_CV0,2,1,1,1,1,0,2,0,2
89,203618.0078,-246304.5116,E89_F55_m15f15_P41_Y6_UO886,I15_F41_m-1f-1_P55_Y-1_U51,ID15_F41_m-1f-1_P73_Y-1_U192,FXX,1,0.0,1,1,1.0,0,0,0,-9999.0,0.25,1,P72_CV0,2,1,1,2,0,0,2,0,2
89,203618.0078,-246304.5116,E89_F55_m73f73_P41_Y6_UO3425,I73_F89_m-1f-1_P15_Y-1_U136,I73_F89_m-1f-1_P73_Y-1_U1,MXY,1,0.0,1,1,0.0,0,0,0,-9999.0,1.0,1,P72_CV0,2,2,0,1,1,0,2,0,2
89,203618.0078,-246304.5116,E89_F55_m43f43_P49_Y6_UO2163,I43_F49_m55f55_P14_Y1_UO2509,I43_F14_m100f100_P49_Y2_UO4616,FXX,1,0.0,1,1,1.0,0,0,0,-9999.0,0.5,1,P72_CV0,2,2,0,2,0,0,2,0,2
89,203618.0078,-246304.5116,E89_F55_m15f15_P89_Y6_UO838,ID15_F89_m15f15_P41_Y3_UO789,I15_F14_m73f73_P41_Y0_UO3549,FXX,1,0.0,1,1,1.0,0,0,0,-9999.0,0.6875,1,P72_CV0,2,2,0,1,1,0,2,0,2
89,203618.0078,-246304.5116,E89_F55_m15f15_P89_Y6_UO874,ID15_F89_m-1f-1_P73_Y-1_U220,I15_F41_m73f73_P89_Y3_UO3343,MXY,1,0.0,1,1,0.0,0,0,0,-9999.0,0.8125,1,P72_CV0,2,2,0,0,2,0,2,0,2
89,203618.0078,-246304.5116,E89_F55_m55f55_P89_Y6_UO2590,I55_F41_m55f55_P41_Y3_UO2568,ID55_F89_m-1f-1_P73_Y-1_U75,MXY,1,0.0,1,1,0.0,0,0,0,-9999.0,0.625,1,P72_CV0,2,1,1,2,0,0,2,0,2
89,203618.0078,-246304.5116,E89_F55_m55f55_P89_Y6_UO2640,I55_F41_m-1f-1_P73_Y-1_U208,I55_F41_m-1f-1_P15_Y-1_U7,MXY,1,0.0,1,1,0.0,0,0,0,-9999.0,0.5,1,P72_CV0,2,2,0,2,0,0,2,0,2
89,203618.0078,-246304.5116,E89_F55_m73f73_P89_Y6_UO3356,I73_F14_m55f55_P89_Y3_UO2557,I73_F41_m-1f-1_P73_Y-1_U202,FXX,1,0.0,1,1,1.0,0,0,0,-9999.0,0.6875,1,P72_CV0,2,2,0,1,1,0,2,0,2
89,203618.0078,-246304.5116,E89_F55_m73f73_P89_Y6_UO3379,I73_F41_m73f73_P89_Y2_UO3338,I73_F89_m-1f-1_P73_Y-1_U161,MXY,1,0.0,1,1,0.0,0,0,0,-9999.0,0.375,1,P72_CV0,2,1,1,1,1,0,2,0,2
89,203618.0078,-246304.5116,E89_F55_m73f73_P89_Y6_UO3422,I73_F41_m-1f-1_P73_Y-1_U116,I73_F49_m73f73_P41_Y3_UO3330,MXY,1,0.0,1,1,0.0,0,0,0,-9999.0,0.75,1,P72_CV0,2,1,1,2,0,0,2,0,2
89,203618.0078,-246304.5116,E89_F73_m15f15_P41_Y6_UO811,I15_F89_m73f73_P89_Y4_UO3349,I15_F89_m73f73_P89_Y2_UO3288,FXX,1,0.0,1,1,1.0,0,0,0,-9999.0,0.5625,1,P72_CV0,2,1,1,1,1,0,2,0,2
89,203618.0078,-246304.5116,E89_F73_m15f15_P41_Y6_UO870,I15_F41_m-1f-1_P15_Y-1_U27,I15_F89_m73f73_P89_Y4_UO3324,MXY,1,0.0,1,1,0.0,0,0,0,-9999.0,0.3125,1,P72_CV0,2,0,2,1,1,0,2,0,2
89,203618.0078,-246304.5116,E89_F73_m55f55_P41_Y6_UO2602,ID55_F49_m73f73_P89_Y2_UO3322,I55_F41_m55f55_P89_Y4_UO2504,FXX,1,0.0,1,1,1.0,0,0,0,-9999.0,0.375,1,P72_CV0,2,1,1,0,2,0,2,0,2
89,203618.0078,-246304.5116,E89_F73_m73f73_P41_Y6_UO3377,I73_F41_m73f73_P89_Y2_UO3366,I73_F41_m15f15_P41_Y0_UO829,FXX,1,0.0,1,1,1.0,0,0,0,-9999.0,0.25,1,P72_CV0,2,0,2,2,0,0,2,0,2
89,203618.0078,-246304.5116,E89_F73_m73f73_P41_Y6_UO3427,I73_F89_m-1f-1_P73_Y-1_U194,I73_F89_m-1f-1_P15_Y-1_U68,MXY,1,0.0,1,1,0.0,0,0,0,-9999.0,0.25,1,P72_CV0,2,0,2,1,1,0,2,0,2
89,203618.0078,-246304.5116,E89_F73_m55f55_P89_Y6_UO2553,I55_F14_m55f55_P89_Y4_UO2501,ID55_F41_m15f15_P41_Y3_UO844,MXY,1,0.0,1,1,0.0,0,0,0,-9999.0,0.4375,1,P72_CV0,2,1,1,1,1,0,2,0,2
89,203618.0078,-246304.5116,E89_F73_m55f55_P89_Y6_UO2639,I55_F49_m-1f-1_P55_Y-1_U7,I55_F89_m15f15_P14_Y2_UO798,FXX,1,0.0,1,1,1.0,0,0,0,-9999.0,0.75,1,P72_CV0,2,1,1,0,2,0,2,0,2
89,203618.0078,-246304.5116,E89_F73_m73f73_P89_Y6_UO3347,I73_F41_m43f43_P89_Y4_UO2114,I73_F41_m-1f-1_P73_Y-1_U202,MXY,1,0.0,1,1,0.0,0,0,0,-9999.0,0.75,1,P72_CV0,2,2,0,1,1,0,2,0,2
89,203618.0078,-246304.5116,E89_F73_m73f73_P89_Y6_UO3398,I73_F41_m73f73_P89_Y0_UO3547,I73_F41_m-1f-1_P73_Y-1_U173,MXY,1,0.0,1,1,0.0,0,0,0,-9999.0,0.625,1,P72_CV0,2,1,1,1,1,0,2,0,2
89,203618.0078,-246304.5116,E89_F73_m73f73_P89_Y6_UO3413,I73_F41_m-1f-1_P73_Y-1_U165,I73_F49_m73f73_P41_Y3_UO3330,FXX,1,0.0,1,1,1.0,0,0,0,-9999.0,0.5,1,P72_CV0,2,0,2,1,1,0,2,0,2
89,203618.0078,-246304.5116,E89_F73_m73f73_P89_Y6_UO3421,I73_F89_m-1f-1_P73_Y-1_U121,I73_F89_m15f15_P89_Y2_UO806,FXX,1,0.0,1,1,1.0,0,0,0,-9999.0,0.5,1,P72_CV0,2,1,1,2,0,0,2,0,2
89,203618.0078,-246304.5116,E89_F15_m15f15_P41_Y5_UO796,I15_F89_m55f55_P14_Y3_UO2538,ID15_F14_m73f73_P89_Y3_UO3343,FXX,2,0.0,1,0,1.0,0,0,0,-9999.0,0.4375,1,P72_CV0,2,0,2,0,2,0,2,0,2
89,203618.0078,-246304.5116,E89_F15_m55f55_P49_Y5_UO2560,I55_F89_m55f55_P14_Y2_UO2613,ID55_F89_m73f73_P89_Y1_UO3120,FXX,2,0.0,1,0,1.0,0,0,0,-9999.0,0.6875,1,P72_CV0,2,2,0,1,1,0,2,0,2
89,203618.0078,-246304.5116,E89_F15_m55f55_P89_Y5_UO2563,I55_F89_m73f73_P89_Y2_UO3360,ID55_F41_m73f73_P89_Y1_UO3124,MXY,2,0.0,1,0,0.0,0,0,0,-9999.0,0.5,1,P72_CV0,2,1,1,2,0,0,2,0,2
89,203618.0078,-246304.5116,E89_F15_m55f55_P89_Y5_UO2593,ID55_F14_m73f73_P41_Y1_UO3123,ID55_F41_m-1f-1_P73_Y-1_U221,MXY,2,0.0,1,0,0.0,0,0,0,-9999.0,0.25,1,P72_CV0,2,1,1,2,0,0,2,0,2
89,203618.0078,-246304.5116,E89_F55_m55f55_P41_Y5_UO2607,ID55_F89_m-1f-1_P73_Y-1_U208,I55_F41_m-1f-1_P55_Y-1_U118,FXX,2,0.0,1,0,1.0,0,0,0,-9999.0,0.5,1,P72_CV0,2,1,1,2,0,0,2,0,2
89,203618.0078,-246304.5116,E89_F55_m73f73_P89_Y5_UO3363,ID73_F41_m-1f-1_P73_Y-1_U220,I73_F41_m-1f-1_P73_Y-1_U209,MXY,2,0.0,1,0,0.0,0,0,0,-9999.0,1.0,1,P72_CV0,2,2,0,0,2,0,2,0,2
89,203618.0078,-246304.5116,E89_F55_m73f73_P89_Y5_UO3382,I73_F89_m-1f-1_P73_Y-1_U194,I73_F89_m-1f-1_P15_Y-1_U3,MXY,2,0.0,1,0,0.0,0,0,0,-9999.0,0.5,1,P72_CV0,2,1,1,2,0,0,2,0,2
89,203618.0078,-246304.5116,E89_F55_m15f15_P41_Y5_UO841,I15_F89_m73f73_P41_Y1_UO3205,I15_F48_m73f73_P41_Y0_UO3549,FXX,2,0.0,1,0,1.0,0,0,0,-9999.0,0.625,1,P72_CV0,2,1,1,0,2,0,2,0,2
89,203618.0078,-246304.5116,E89_F55_m73f73_P89_Y5_UO3368,I73_F41_m-1f-1_P73_Y-1_U53,I73_F41_m-1f-1_P73_Y-1_U138,FXX,2,0.0,1,0,1.0,0,0,0,-9999.0,0.5,1,P72_CV0,2,1,1,2,0,0,2,0,2
89,203618.0078,-246304.5116,E89_F55_m73f73_P41_Y5_UO3346,I73_F89_m73f73_P89_Y0_UO3547,I73_F41_m15f15_P41_Y2_UO792,FXX,2,0.0,1,0,1.0,0,0,0,-9999.0,0.625,1,P72_CV0,2,1,1,1,1,0,2,0,2
89,203618.0078,-246304.5116,E89_F55_m73f73_P89_Y5_UO3345,I73_F41_m73f73_P89_Y0_UO3542,ID73_F89_m-1f-1_P73_Y-1_U192,MXY,2,0.0,1,0,0.0,0,0,0,-9999.0,0.25,1,P72_CV0,2,0,2,1,1,0,2,0,2
89,203618.0078,-246304.5116,E89_F73_m55f55_P41_Y5_UO2599,ID55_F89_m73f73_P89_Y0_UO3576,I55_F89_m73f73_P41_Y3_UO3307,MXY,2,0.0,1,0,0.0,0,0,0,-9999.0,0.5625,1,P72_CV0,2,0,2,2,0,0,2,0,2
89,203618.0078,-246304.5116,E89_F73_m73f73_P89_Y5_UO3323,I73_F41_m15f15_P41_Y2_UO789,I73_F89_m-1f-1_P73_Y-1_U20,MXY,2,0.0,1,0,0.0,0,0,0,-9999.0,0.625,1,P72_CV0,2,2,0,2,0,0,2,0,2
89,203618.0078,-246304.5116,E89_F73_m55f55_P89_Y5_UO2539,I55_F89_m73f73_P41_Y3_UO3318,ID55_F89_m73f73_P41_Y3_UO3273,FXX,2,0.0,1,0,1.0,0,0,0,-9999.0,0.625,1,P72_CV0,2,1,1,0,2,0,2,0,2
89,203618.0078,-246304.5116,E89_F73_m73f73_P14_Y5_UO3308,I73_F89_m55f55_P89_Y3_UO2557,I73_F89_m15f15_P89_Y2_UO772,FXX,2,0.0,1,0,1.0,0,0,0,-9999.0,0.4375,1,P72_CV0,2,2,0,1,1,0,2,0,2
89,203618.0078,-246304.5116,E89_F73_m73f73_P41_Y5_UO3359,I73_F89_m-1f-1_P73_Y-1_U165,I73_F89_m-1f-1_P73_Y-1_U80,MXY,2,0.0,1,0,0.0,0,0,0,-9999.0,0.25,1,P72_CV0,2,1,1,1,1,0,2,0,2
89,203618.0078,-246304.5116,E89_F73_m55f55_P41_Y5_UO2559,I55_F41_m55f55_P14_Y2_UO2631,I55_F89_m-1f-1_P73_Y-1_U87,FXX,2,0.0,1,0,1.0,0,0,0,-9999.0,0.25,1,P72_CV0,2,1,1,1,1,0,2,0,2
89,203618.0078,-246304.5116,E89_F73_m15f15_P41_Y5_UO867,I15_F41_m-1f-1_P73_Y-1_U96,I15_F41_m15f15_P89_Y3_UO843,FXX,2,0.0,1,0,1.0,0,0,0,-9999.0,0.625,1,P72_CV0,2,1,1,2,0,0,2,0,2
89,203618.0078,-246304.5116,E89_F73_m73f73_P41_Y5_UO3354,ID73_F89_m-1f-1_P43_Y-1_U187,I73_F41_m-1f-1_P73_Y-1_U202,FXX,2,0.0,1,0,1.0,0,0,0,-9999.0,0.5,1,P72_CV0,2,1,1,1,1,0,2,0,2
89,203618.0078,-246304.5116,E89_F73_m15f15_P89_Y5_UO816,I15_F41_m73f73_P41_Y2_UO3312,I15_F41_m73f73_P41_Y0_UO3552,FXX,2,0.0,1,0,1.0,0,0,0,-9999.0,0.625,1,P72_CV0,2,1,1,1,1,0,2,0,2
89,203618.0078,-246304.5116,E89_F15_m55f55_P41_Y4_UO2521,I55_F14_m55f55_P14_Y2_UO2631,I55_F41_m11f11_P89_Y2_UO609,MXY,3,0.0,1,0,0.0,0,0,0,-9999.0,0.5,1,P72_CV0,2,2,0,1,1,0,2,0,2
89,203618.0078,-246304.5116,E89_F15_m73f73_P89_Y4_UO3290,I73_F89_m73f73_P41_Y1_UO3197,I73_F41_m-1f-1_P15_Y-1_U247,FXX,3,0.0,1,0,1.0,0,0,0,-9999.0,0.25,1,P72_CV0,2,0,2,1,1,0,2,0,2
89,203618.0078,-246304.5116,E89_F15_m55f55_P41_Y4_UO2555,I55_F89_m73f73_P41_Y0_UO3540,I55_F14_m-1f-1_P55_Y-1_U58,MXY,3,0.0,1,0,0.0,0,0,0,-9999.0,0.5,1,P72_CV0,2,0,2,1,1,0,2,0,2
89,203618.0078,-246304.5116,E89_F15_m73f73_P41_Y4_UO3279,ID73_F89_m43f43_P41_Y2_UO2048,ID73_F41_m-1f-1_P73_Y-1_U92,FXX,3,0.0,1,0,1.0,0,0,0,-9999.0,0.5625,1,P72_CV0,2,2,0,1,1,0,2,0,2
89,203618.0078,-246304.5116,E89_F15_m55f55_P14_Y4_UO2536,ID55_F41_m73f73_P41_Y1_UO3123,I55_F89_m15f15_P14_Y2_UO798,FXX,3,0.0,1,0,1.0,0,0,0,-9999.0,0.5,1,P72_CV0,2,1,1,1,1,0,2,0,2
89,203618.0078,-246304.5116,E89_F43_m73f73_P41_Y4_UO3287,I73_F41_m15f15_P41_Y1_UO750,I73_F89_m-1f-1_P73_Y-1_U187,FXX,3,0.0,1,0,1.0,0,0,0,-9999.0,0.75,1,P72_CV0,2,1,1,0,2,0,2,0,2
89,203618.0078,-246304.5116,E89_F55_m55f55_P89_Y4_UO2558,I55_F89_m73f73_P41_Y0_UO3599,I55_F89_m73f73_P41_Y1_UO3152,FXX,3,0.0,1,0,1.0,0,0,0,-9999.0,0.375,1,P72_CV0,2,1,1,0,2,0,2,0,2
89,203618.0078,-246304.5116,E89_F73_m73f73_P41_Y4_UO3342,I73_F41_m-1f-1_P73_Y-1_U218,I73_F41_m55f55_P89_Y0_UO2756,MXY,3,0.0,1,0,0.0,0,0,0,-9999.0,0.5,1,P72_CV0,2,0,2,2,0,0,2,0,2
89,203618.0078,-246304.5116,E89_F73_m55f55_P41_Y4_UO2512,I55_F41_m15f15_P14_Y2_UO801,I55_F89_m15f15_P14_Y2_UO798,FXX,3,0.0,1,0,1.0,0,0,0,-9999.0,0.625,1,P72_CV0,2,0,2,1,1,0,2,0,2
89,203618.0078,-246304.5116,E89_F73_m55f55_P89_Y4_UO2504,I55_F49_m55f55_P89_Y2_UO2616,I55_F41_m73f73_P89_Y2_UO3339,MXY,3,0.0,1,0,0.0,0,0,0,-9999.0,0.625,1,P72_CV0,2,2,0,0,2,0,2,0,2
89,203618.0078,-246304.5116,E89_F73_m73f73_P89_Y4_UO3334,I73_F89_m-1f-1_P73_Y-1_U127,I73_F89_m-1f-1_P55_Y-1_U242,MXY,3,0.0,1,0,0.0,0,0,0,-9999.0,0.5,1,P72_CV0,2,1,1,1,1,0,2,0,2
89,203618.0078,-246304.5116,E89_F11_m55f55_P89_Y3_UO2557,ID55_F89_m73f73_P89_Y0_UO3543,I55_F14_m-1f-1_P73_Y-1_U92,FXX,4,0.0,1,0,1.0,0,0,0,-9999.0,0.375,1,P72_CV0,2,2,0,2,0,0,2,0,2
89,203618.0078,-246304.5116,E89_F11_m73f73_P14_Y3_UO3342,I73_F41_m-1f-1_P73_Y-1_U121,I73_F89_m-1f-1_P73_Y-1_U168,MXY,4,0.0,1,0,0.0,0,0,0,-9999.0,0.5,1,P72_CV0,2,1,1,1,1,0,2,0,2
89,203618.0078,-246304.5116,E89_F15_m43f43_P14_Y3_UO2081,I43_F49_m43f43_P48_Y0_UO2207,ID43_F41_m73f73_P89_Y0_UO3550,MXY,4,0.0,1,0,0.0,0,0,0,-9999.0,0.75,1,P72_CV0,2,2,0,1,1,0,2,0,2
89,203618.0078,-246304.5116,E89_F55_m73f73_P41_Y3_UO3316,ID73_F89_m-1f-1_P73_Y-1_U211,I73_F89_m-1f-1_P73_Y-1_U75,MXY,4,0.0,1,0,0.0,0,0,0,-9999.0,0.5,1,P72_CV0,2,1,1,2,0,0,2,0,2
89,203618.0078,-246304.5116,E89_F73_m43f43_P14_Y3_UO2095,ID43_F49_m-1f-1_P43_Y-1_U129,ID43_F41_m73f73_P89_Y0_UO3550,FXX,4,0.0,1,0,1.0,0,0,0,-9999.0,1.0,1,P72_CV0,2,2,0,0,2,0,2,0,2
89,203618.0078,-246304.5116,E89_F15_m73f73_P89_Y2_UO3314,I73_F89_m-1f-1_P73_Y-1_U211,ID73_F41_m-1f-1_P15_Y-1_U195,MXY,5,0.0,1,0,0.0,0,0,0,-9999.0,0.25,1,P72_CV0,2,1,1,2,0,0,2,0,2
89,203618.0078,-246304.5116,E89_F15_m73f73_P89_Y2_UO3338,I73_F89_m-1f-1_P73_Y-1_U141,I73_F89_m-1f-1_P73_Y-1_U151,FXX,5,0.0,1,0,1.0,0,0,0,-9999.0,0.25,1,P72_CV0,2,0,2,0,2,0,2,0,2
89,203618.0078,-246304.5116,E89_F55_m73f73_P89_Y2_UO3292,ID73_F89_m73f73_P41_Y0_UO3557,I73_F89_m-1f-1_P73_Y-1_U151,MXY,5,0.0,1,0,0.0,0,0,0,-9999.0,0.25,1,P72_CV0,2,1,1,1,1,0,2,0,2
89,203618.0078,-246304.5116,E89_F55_m73f73_P41_Y2_UO3307,I73_F89_m-1f-1_P73_Y-1_U196,I73_F89_m-1f-1_P73_Y-1_U125,FXX,5,0.0,1,0,1.0,0,0,0,-9999.0,0.75,1,P72_CV0,2,2,0,0,2,0,2,0,2
89,203618.0078,-246304.5116,E89_F55_m55f55_P41_Y2_UO2589,I55_F89_m-1f-1_P55_Y-1_U244,ID55_F41_m-1f-1_P73_Y-1_U173,FXX,5,0.0,1,0,1.0,0,0,0,-9999.0,0.75,1,P72_CV0,2,2,0,0,2,0,2,0,2
89,203618.0078,-246304.5116,E89_F55_m73f73_P89_Y2_UO3362,ID73_F41_m-1f-1_P73_Y-1_U32,I73_F89_m-1f-1_P73_Y-1_U221,FXX,5,0.0,1,0,1.0,0,0,0,-9999.0,0.25,1,P72_CV0,2,0,2,1,1,0,2,0,2
89,203618.0078,-246304.5116,E89_F55_m55f55_P89_Y2_UO2629,ID55_F48_m-1f-1_P73_Y-1_U137,ID55_F89_m-1f-1_P73_Y-1_U109,MXY,5,0.0,1,0,0.0,0,0,0,-9999.0,0.5,1,P72_CV0,2,1,1,2,0,0,2,0,2
89,203618.0078,-246304.5116,E89_F55_m15f15_P14_Y2_UO798,I15_F41_m-1f-1_P15_Y-1_U32,I15_F48_m73f73_P89_Y0_UO3530,MXY,5,0.0,1,0,0.0,0,0,0,-9999.0,0.5,1,P72_CV0,2,1,1,0,2,0,2,0,2
89,203618.0078,-246304.5116,E89_F73_m73f73_P41_Y2_UO3310,I73_F41_m-1f-1_P73_Y-1_U86,I73_F41_m-1f-1_P73_Y-1_U226,FXX,5,0.0,1,0,1.0,0,0,0,-9999.0,0.5,1,P72_CV0,2,0,2,1,1,0,2,0,2
89,203618.0078,-246304.5116,E89_F73_m15f15_P89_Y2_UO757,ID15_F89_m73f73_P41_Y0_UO3523,I15_F41_m-1f-1_P15_Y-1_U108,FXX,5,0.0,1,0,1.0,0,0,0,-9999.0,0.375,1,P72_CV0,2,0,2,0,2,0,2,0,2
89,203618.0078,-246304.5116,E89_F73_m55f55_P41_Y2_UO2584,I55_F49_m-1f-1_P55_Y-1_U184,ID55_F89_m-1f-1_P73_Y-1_U87,MXY,5,0.0,1,0,0.0,0,0,0,-9999.0,0.25,1,P72_CV0,2,0,2,0,2,0,2,0,2
89,203618.0078,-246304.5116,E89_F73_m73f73_P89_Y2_UO3366,I73_F89_m-1f-1_P73_Y-1_U194,I73_F41_m-1f-1_P73_Y-1_U110,FXX,5,0.0,1,0,1.0,0,0,0,-9999.0,0.5,1,P72_CV0,2,0,2,2,0,0,2,0,2
89,203618.0078,-246304.5116,E89_F15_m73f73_P41_Y1_UO3197,I73_F89_m-1f-1_P73_Y-1_U182,I73_F89_m-1f-1_P73_Y-1_U87,FXX,6,0.0,1,0,1.0,0,0,0,-9999.0,0.5,1,P72_CV0,2,1,1,0,2,0,2,0,2
89,203618.0078,-246304.5116,E89_F55_m73f73_P41_Y1_UO3123,I73_F89_m-1f-1_P73_Y-1_U86,I73_F89_m-1f-1_P73_Y-1_U168,FXX,6,0.0,1,0,1.0,0,0,0,-9999.0,0.5,1,P72_CV0,2,1,1,1,1,0,2,0,2
89,203618.0078,-246304.5116,E89_F73_m73f73_P41_Y1_UO3153,I73_F89_m-1f-1_P73_Y-1_U139,I73_F89_m-1f-1_P73_Y-1_U168,FXX,6,0.0,1,0,1.0,0,0,0,-9999.0,0.5,1,P72_CV0,2,2,0,2,0,0,2,0,2
89,203618.0078,-246304.5116,E89_F73_m73f73_P14_Y1_UO3128,I73_F89_m-1f-1_P73_Y-1_U112,I73_F89_m-1f-1_P73_Y-1_U87,MXY,6,0.0,1,0,0.0,0,0,0,-9999.0,0.5,1,P72_CV0,2,1,1,1,1,0,2,0,2
89,203618.0078,-246304.5116,E89_F73_m73f73_P89_Y1_UO3164,I73_F41_m-1f-1_P73_Y-1_U198,I73_F41_m-1f-1_P73_Y-1_U221,MXY,6,0.0,1,0,0.0,0,0,0,-9999.0,0.5,1,P72_CV0,2,1,1,2,0,0,2,0,2
89,203618.0078,-246304.5116,E89_F15_m73f73_P41_Y0_UO3539,R73_F73_m-1f-1_P73_Y-1_U38,R73_F73_m-1f-1_P73_Y-1_U7,MXY,7,0.0,1,0,0.0,0,0,0,-9999.0,0.5,1,P72_CV0,2,1,1,1,1,0,2,0,2
89,203618.0078,-246304.5116,E89_F15_m73f73_P89_Y0_UO3530,R73_F73_m-1f-1_P73_Y-1_U16,R73_F73_m-1f-1_P73_Y-1_U104,MXY,7,0.0,1,0,0.0,0,0,0,-9999.0,0.0,1,P72_CV0,2,0,2,0,2,0,2,0,2
89,203618.0078,-246304.5116,E89_F15_m73f73_P41_Y0_UO3552,R73_F73_m-1f-1_P73_Y-1_U67,R73_F73_m-1f-1_P73_Y-1_U248,MXY,7,0.0,1,0,0.0,0,0,0,-9999.0,0.75,1,P72_CV0,2,2,0,0,2,0,2,0,2
89,203618.0078,-246304.5116,E89_F55_m73f73_P41_Y0_UO3549,R73_F73_m-1f-1_P73_Y-1_U64,R73_F73_m-1f-1_P73_Y-1_U18,MXY,7,0.0,1,0,0.0,0,0,0,-9999.0,1.0,1,P72_CV0,2,2,0,0,2,0,2,0,2
89,203618.0078,-246304.5116,E89_F55_m-1f-1_P73_Y-1_U211,-9999,-9999,FXX,8,0.0,1,0,1.0,0,0,0,-9999.0,0.0,1,P72_CV0,2,0,2,2,0,0,2,0,2
89,203618.0078,-246304.5116,E89_F73_m-1f-1_P73_Y-1_U177,-9999,-9999,FXX,8,0.0,1,0,1.0,0,0,0,-9999.0,0.5,1,P72_CV0,2,1,1,0,2,0,2,0,2
89,203618.0078,-246304.5116,E89_F11_m-1f-1_P73_Y-1_U102,-9999,-9999,MXY,9,0.0,1,0,0.0,0,0,0,-9999.0,0.5,1,P72_CV0,2,1,1,0,2,0,2,0,2
89,203618.0078,-246304.5116,E89_F73_m-1f-1_P73_Y-1_U168,-9999,-9999,MXY,9,0.0,1,0,0.0,0,0,0,-9999.0,0.5,1,P72_CV0,2,1,1,1,1,0,2,0,2
89,203618.0078,-246304.5116,E89_F55_m-1f-1_P73_Y-1_U236,-9999,-9999,MXY,10,0.0,1,0,0.0,0,0,0,-9999.0,0.0,1,P72_CV0,2,0,2,1,1,0,2,0,2
89,203618.0078,-246304.5116,E89_F73_m-1f-1_P73_Y-1_U1,-9999,-9999,MXY,10,0.0,1,0,0.0,0,0,0,-9999.0,1.0,1,P72_CV0,2,2,0,1,1,0,2,0,2
89,203618.0078,-246304.5116,E89_F15_m-1f-1_P73_Y-1_U161,-9999,-9999,MXY,11,0.0,1,0,0.0,0,0,0,-9999.0,0.5,1,P72_CV0,2,1,1,1,1,0,2,0,2
89,203618.0078,-246304.5116,E89_F55_m-1f-1_P73_Y-1_U87,-9999,-9999,MXY,11,0.0,1,0,0.0,0,0,0,-9999.0,0.0,1,P72_CV0,2,0,2,0,2,0,2,0,2
89,203618.0078,-246304.5116,E89_F73_m-1f-1_P73_Y-1_U173,-9999,-9999,MXY,11,0.0,1,0,0.0,0,0,0,-9999.0,0.5,1,P72_CV0,2,1,1,1,1,0,2,0,2
89,203618.0078,-246304.5116,E89_F73_m-1f-1_P73_Y-1_U72,-9999,-9999,MXY,11,0.0,1,0,0.0,0,0,0,-9999.0,0.0,1,P72_CV0,2,0,2,2,0,0,2,0,2
89,203618.0078,-246304.5116,E89_F73_m-1f-1_P73_Y-1_U139,-9999,-9999,FXX,11,0.0,1,0,1.0,0,0,0,-9999.0,0.5,1,P72_CV0,2,1,1,2,0,0,2,0,2
89,203618.0078,-246304.5116,E89_F55_m-1f-1_P73_Y-1_U156,-9999,-9999,MXY,12,0.0,1,0,0.0,0,0,0,-9999.0,1.0,1,P72_CV0,2,2,0,1,1,0,2,0,2
89,203618.0078,-246304.5116,E89_F73_m-1f-1_P73_Y-1_U121,-9999,-9999,FXX,12,0.0,1,0,1.0,0,0,0,-9999.0,0.5,1,P72_CV0,2,1,1,1,1,0,2,0,2
89,203618.0078,-246304.5116,E89_F15_m-1f-1_P73_Y-1_U63,-9999,-9999,FXX,13,0.0,1,0,1.0,0,0,0,-9999.0,0.5,1,P72_CV0,2,1,1,1,1,0,2,0,2
89,203618.0078,-246304.5116,E89_F55_m-1f-1_P73_Y-1_U221,-9999,-9999,MXY,13,0.0,1,0,0.0,0,0,0,-9999.0,0.0,1,P72_CV0,2,0,2,2,0,0,2,0,2
89,203618.0078,-246304.5116,E89_F55_m-1f-1_P73_Y-1_U75,-9999,-9999,MXY,13,0.0,1,0,0.0,0,0,0,-9999.0,1.0,1,P72_CV0,2,2,0,1,1,0,2,0,2
89,203618.0078,-246304.5116,E89_F73_m-1f-1_P73_Y-1_U179,-9999,-9999,MXY,13,0.0,1,0,0.0,0,0,0,-9999.0,0.5,1,P72_CV0,2,1,1,1,1,0,2,0,2
89,203618.0078,-246304.5116,E89_F73_m-1f-1_P73_Y-1_U187,-9999,-9999,MXY,14,0.0,1,0,0.0,0,0,0,-9999.0,0.5,1,P72_CV0,2,1,1,1,1,0,2,0,2
89,203618.0078,-246304.5116,E89_F55_m-1f-1_P73_Y-1_U246,-9999,-9999,MXY,15,0.0,1,0,0.0,0,0,0,-9999.0,0.0,1,P72_CV0,2,0,2,1,1,0,2,0,2
89,203618.0078,-246304.5116,E89_F55_m-1f-1_P73_Y-1_U199,-9999,-9999,MXY,16,0.0,1,0,0.0,0,0,0,-9999.0,1.0,1,P72_CV0,2,2,0,2,0,0,2,0,2
89,203618.0078,-246304.5116,E89_F43_m100f100_P49_Y6_UO4614,I100_F68_m84f84_P68_Y3_UO3851,I100_F48_m43f43_P48_Y3_UO2078,FXX,1,0.0,1,1,1.0,0,0,0,-9999.0,0.6875,1,P83_CV0,2,2,0,1,1,0,2,0,2
89,203618.0078,-246304.5116,E89_F73_m15f15_P41_Y6_UO837,I15_F41_m84f84_P48_Y3_UO3877,I15_F89_m15f15_P41_Y4_UO851,MXY,1,0.0,1,1,0.0,0,0,0,-9999.0,0.375,1,P84_CV0,2,1,1,1,1,0,2,0,2
89,203618.0078,-246304.5116,Age0_F89_m15f15_P89_Y7_UO786,I15_F14_m43f43_P41_Y5_UO2123,I15_F89_m73f73_P89_Y2_UO3288,FXX,0,0.0,0,0,0.0,0,0,0,0.0,0.46875,1,P99_CV0,2,2,0,1,1,0,2,0,2
89,203618.0078,-246304.5116,Age0_F89_m15f15_P89_Y7_UO807,I15_F89_m15f15_P41_Y4_UO868,ID15_F89_m55f55_P49_Y4_UO2494,MXY,0,0.0,0,0,0.0,0,0,0,0.0,0.53125,1,P99_CV0,2,1,1,0,2,0,2,0,2
89,203618.0078,-246304.5116,Age0_F89_m15f15_P89_Y7_UO809,I15_F14_m15f15_P14_Y4_UO798,ID15_F49_m100f100_P49_Y0_UO4905,FXX,0,0.0,0,0,0.0,0,0,0,0.0,0.4375,1,P99_CV0,2,2,0,1,1,0,2,0,2
89,203618.0078,-246304.5116,Age0_F89_m15f15_P89_Y7_UO834,I15_F89_m15f15_P41_Y3_UO789,I15_F41_m73f73_P89_Y4_UO3324,MXY,0,0.0,0,0,0.0,0,0,0,0.0,0.5,1,P99_CV0,2,1,1,1,1,0,2,0,2
89,203618.0078,-246304.5116,Age0_F89_m55f55_P89_Y7_UO2544,I55_F41_m73f73_P41_Y5_UO3358,ID55_F48_m100f100_P48_Y3_UO4585,MXY,0,0.0,0,0,0.0,0,0,0,0.0,0.6875,1,P99_CV0,2,1,1,2,0,0,2,0,2
89,203618.0078,-246304.5116,Age0_F89_m55f55_P89_Y7_UO2557,I55_F41_m43f43_P14_Y4_UO2058,ID55_F89_m73f73_P89_Y2_UO3297,FXX,0,0.0,0,0,0.0,0,0,0,0.0,0.5,1,P99_CV0,2,0,2,0,2,0,2,0,2
89,203618.0078,-246304.5116,Age0_F89_m55f55_P89_Y7_UO2575,ID55_F41_m15f15_P14_Y4_UO864,I55_F89_m100f100_P48_Y4_UO4578,MXY,0,0.0,0,0,0.0,0,0,0,0.0,0.3125,1,P99_CV0,2,1,1,1,1,0,2,0,2
89,203618.0078,-246304.5116,Age0_F89_m55f55_P89_Y7_UO2581,ID55_F89_m15f15_P41_Y3_UO832,ID55_F48_m15f15_P41_Y3_UO823,MXY,0,0.0,0,0,0.0,0,0,0,0.0,0.5625,1,P99_CV0,2,2,0,1,1,0,2,0,2
89,203618.0078,-246304.5116,Age0_F89_m55f55_P89_Y7_UO2612,I55_F41_m73f73_P41_Y1_UO3123,I55_F14_m100f100_P49_Y4_UO4605,MXY,0,0.0,0,0,0.0,0,0,0,0.0,0.375,1,P99_CV0,2,1,1,2,0,0,2,0,2
89,203618.0078,-246304.5116,Age0_F89_m73f73_P89_Y7_UO3340,I73_F89_m15f15_P89_Y5_UO824,I73_F41_m15f15_P41_Y4_UO782,MXY,0,0.0,0,0,0.0,0,0,0,0.0,0.6875,1,P99_CV0,2,2,0,0,2,0,2,0,2
89,203618.0078,-246304.5116,Age0_F89_m73f73_P89_Y7_UO3380,I73_F41_m73f73_P89_Y2_UO3366,ID73_F49_m100f100_P48_Y5_UO4616,FXX,0,0.0,0,0,0.0,0,0,0,0.0,0.625,1,P99_CV0,2,1,1,2,0,0,2,0,2
89,203618.0078,-246304.5116,E89_F15_m15f15_P41_Y6_UO818,ID15_F14_m15f15_P89_Y4_UO805,I15_F89_m100f100_P49_Y0_UO4953,FXX,1,0.0,1,1,1.0,0,0,0,-9999.0,0.6875,1,P99_CV0,2,1,1,1,1,0,2,0,2
89,203618.0078,-246304.5116,E89_F15_m73f73_P89_Y6_UO3344,ID73_F41_m55f55_P89_Y4_UO2546,I73_F89_m100f100_P49_Y3_UO4524,FXX,1,0.0,1,1,1.0,0,0,0,-9999.0,0.4375,1,P99_CV0,2,1,1,0,2,0,2,0,2
89,203618.0078,-246304.5116,E89_F43_m55f55_P89_Y6_UO2616,I55_F41_m43f43_P48_Y2_UO2042,ID55_F48_m43f43_P14_Y1_UO1957,FXX,1,0.0,1,1,1.0,0,0,0,-9999.0,0.75,1,P99_CV0,2,1,1,1,1,0,2,0,2
89,203618.0078,-246304.5116,E89_F55_m55f55_P41_Y6_UO2577,I55_F89_m15f15_P41_Y4_UO856,ID55_F48_m100f100_P48_Y2_UO4606,MXY,1,0.0,1,1,0.0,0,0,0,-9999.0,0.5625,1,P99_CV0,2,1,1,1,1,0,2,0,2
89,203618.0078,-246304.5116,E89_F55_m100f100_P49_Y6_UO4661,I100_F49_m-1f-1_P100_Y-1_U65,I100_F48_m100f100_P49_Y4_UO4544,MXY,1,0.0,1,1,0.0,0,0,0,-9999.0,0.625,1,P99_CV0,2,1,1,0,2,0,2,0,2
89,203618.0078,-246304.5116,E89_F55_m15f15_P89_Y6_UO853,I15_F89_m43f43_P41_Y1_UO1941,I15_F89_m11f11_P89_Y3_UO603,MXY,1,0.0,1,1,0.0,0,0,0,-9999.0,0.375,1,P99_CV0,2,1,1,1,1,0,2,0,2
89,203618.0078,-246304.5116,E89_F55_m55f55_P89_Y6_UO2632,I55_F14_m55f55_P89_Y1_UO2486,I55_F89_m73f73_P89_Y4_UO3335,MXY,1,0.0,1,1,0.0,0,0,0,-9999.0,0.5625,1,P99_CV0,2,1,1,2,0,0,2,0,2
89,203618.0078,-246304.5116,E89_F73_m15f15_P41_Y6_UO847,I15_F41_m15f15_P41_Y2_UO822,I15_F89_m100f100_P49_Y0_UO4953,FXX,1,0.0,1,1,1.0,0,0,0,-9999.0,0.75,1,P99_CV0,2,1,1,1,1,0,2,0,2
89,203618.0078,-246304.5116,E89_F73_m55f55_P41_Y6_UO2660,I55_F41_m-1f-1_P73_Y-1_U210,I55_F41_m-1f-1_P100_Y-1_U158,FXX,1,0.0,1,1,1.0,0,0,0,-9999.0,0.75,1,P99_CV0,2,1,1,0,2,0,2,0,2
89,203618.0078,-246304.5116,E89_F73_m15f15_P89_Y6_UO796,I15_F41_m73f73_P41_Y4_UO3279,I15_F41_m100f100_P48_Y1_UO4355,MXY,1,0.0,1,1,0.0,0,0,0,-9999.0,0.65625,1,P99_CV0,2,2,0,2,0,0,2,0,2
89,203618.0078,-246304.5116,E89_F73_m55f55_P89_Y6_UO2561,I55_F49_m55f55_P89_Y4_UO2519,I55_F41_m-1f-1_P100_Y-1_U158,MXY,1,0.0,1,1,0.0,0,0,0,-9999.0,0.84375,1,P99_CV0,2,1,1,1,1,0,2,0,2
89,203618.0078,-246304.5116,E89_F73_m73f73_P89_Y6_UO3340,I73_F89_m15f15_P41_Y4_UO865,I73_F89_m100f100_P49_Y3_UO4524,MXY,1,0.0,1,1,0.0,0,0,0,-9999.0,0.5,1,P99_CV0,2,1,1,1,1,0,2,0,2
89,203618.0078,-246304.5116,E89_F15_m100f100_P48_Y5_UO4615,I100_F49_m-1f-1_P100_Y-1_U37,I100_F49_m-1f-1_P100_Y-1_U196,FXX,2,0.0,1,0,1.0,0,0,0,-9999.0,0.5,1,P99_CV0,2,0,2,1,1,0,2,0,2
89,203618.0078,-246304.5116,E89_F15_m43f43_P41_Y5_UO2123,I43_F49_m-1f-1_P100_Y-1_U35,ID43_F48_m100f100_P49_Y2_UO4570,FXX,2,0.0,1,0,1.0,0,0,0,-9999.0,0.5625,1,P99_CV0,2,2,0,1,1,0,2,0,2
89,203618.0078,-246304.5116,E89_F43_m43f43_P49_Y5_UO2136,I43_F49_m-1f-1_P15_Y-1_U4,I43_F49_m-1f-1_P100_Y-1_U169,FXX,2,0.0,1,0,1.0,0,0,0,-9999.0,0.5,1,P99_CV0,2,0,2,1,1,0,2,0,2
89,203618.0078,-246304.5116,E89_F73_m100f100_P48_Y5_UO4616,I100_F49_m-1f-1_P100_Y-1_U13,ID100_F48_m43f43_P48_Y3_UO2065,MXY,2,0.0,1,0,0.0,0,0,0,-9999.0,0.75,1,P99_CV0,2,1,1,1,1,0,2,0,2
89,203618.0078,-246304.5116,E89_F73_m15f15_P89_Y5_UO824,ID15_F49_m43f43_P89_Y2_UO2053,I15_F89_m73f73_P41_Y0_UO3583,FXX,2,0.0,1,0,1.0,0,0,0,-9999.0,0.875,1,P99_CV0,2,1,1,1,1,0,2,0,2
89,203618.0078,-246304.5116,E89_F11_m100f100_P48_Y4_UO4617,I100_F49_m-1f-1_P100_Y-1_U22,I100_F49_m100f100_P48_Y1_UO4363,MXY,3,0.0,1,0,0.0,0,0,0,-9999.0,0.5,1,P99_CV0,2,2,0,1,1,0,2,0,2
89,203618.0078,-246304.5116,E89_F15_m15f15_P41_Y4_UO868,I15_F41_m-1f-1_P15_Y-1_U246,I15_F89_m43f43_P41_Y2_UO2029,FXX,3,0.0,1,0,1.0,0,0,0,-9999.0,0.4375,1,P99_CV0,2,1,1,0,2,0,2,0,2
89,203618.0078,-246304.5116,E89_F15_m15f15_P89_Y4_UO775,ID15_F14_m100f100_P48_Y2_UO4590,I15_F41_m73f73_P89_Y1_UO3126,FXX,3,0.0,1,0,1.0,0,0,0,-9999.0,0.625,1,P99_CV0,2,2,0,1,1,0,2,0,2
89,203618.0078,-246304.5116,E89_F15_m100f100_P48_Y4_UO4550,I100_F48_m43f43_P49_Y2_UO2054,I100_F48_m-1f-1_P100_Y-1_U39,MXY,3,0.0,1,0,0.0,0,0,0,-9999.0,0.1875,1,P99_CV0,2,0,2,0,2,0,2,0,2
89,203618.0078,-246304.5116,E89_F55_m43f43_P14_Y4_UO2058,ID43_F49_m11f11_P49_Y1_UO596,I43_F48_m100f100_P49_Y1_UO4374,FXX,3,0.0,1,0,1.0,0,0,0,-9999.0,0.25,1,P99_CV0,2,1,1,0,2,0,2,0,2
89,203618.0078,-246304.5116,E89_F55_m43f43_P41_Y4_UO2116,ID43_F75_m-1f-1_P60_Y-1_U66,I43_F14_m100f100_P48_Y1_UO4375,MXY,3,0.0,1,0,0.0,0,0,0,-9999.0,0.875,1,P99_CV0,2,2,0,1,1,0,2,0,2
89,203618.0078,-246304.5116,E89_F55_m100f100_P49_Y4_UO4605,I100_F68_m-1f-1_P100_Y-1_U244,I100_F49_m-1f-1_P100_Y-1_U95,MXY,3,0.0,1,0,0.0,0,0,0,-9999.0,0.25,1,P99_CV0,2,0,2,2,0,0,2,0,2
89,203618.0078,-246304.5116,E89_F15_m15f15_P41_Y3_UO789,I15_F89_m11f11_P89_Y0_UO618,I15_F89_m100f100_P48_Y1_UO4379,FXX,4,0.0,1,0,1.0,0,0,0,-9999.0,0.375,1,P99_CV0,2,2,0,1,1,0,2,0,2
89,203618.0078,-246304.5116,E89_F55_m15f15_P41_Y3_UO832,I15_F89_m-1f-1_P15_Y-1_U42,ID15_F49_m100f100_P48_Y1_UO4355,FXX,4,0.0,1,0,1.0,0,0,0,-9999.0,0.625,1,P99_CV0,2,2,0,2,0,0,2,0,2
89,203618.0078,-246304.5116,E89_F55_m100f100_P48_Y3_UO4589,I100_F49_m-1f-1_P100_Y-1_U99,I100_F49_m-1f-1_P100_Y-1_U55,MXY,4,0.0,1,0,0.0,0,0,0,-9999.0,0.75,1,P99_CV0,2,2,0,2,0,0,2,0,2
89,203618.0078,-246304.5116,E89_F73_m100f100_P48_Y2_UO4558,I100_F48_m63f63_P8_Y0_UO3268,I100_F48_m-1f-1_P100_Y-1_U82,MXY,5,0.0,1,0,0.0,0,0,0,-9999.0,0.75,1,P99_CV0,2,1,1,1,1,0,2,0,2
89,203618.0078,-246304.5116,E89_F73_m100f100_P48_Y2_UO4549,ID100_F68_m43f43_P48_Y0_UO2131,I100_F8_m-1f-1_P100_Y-1_U95,FXX,5,0.0,1,0,1.0,0,0,0,-9999.0,0.5,1,P99_CV0,2,1,1,1,1,0,2,0,2
89,203618.0078,-246304.5116,E89_F43_m100f100_P49_Y1_UO4374,I100_F49_m-1f-1_P100_Y-1_U3,ID100_F49_m-1f-1_P100_Y-1_U236,MXY,6,0.0,1,0,0.0,0,0,0,-9999.0,0.25,1,P99_CV0,2,0,2,0,2,0,2,0,2
89,203618.0078,-246304.5116,E89_F15_m100f100_P49_Y0_UO4953,R100_F100_m-1f-1_P100_Y-1_U131,R100_F100_m-1f-1_P100_Y-1_U238,MXY,7,0.0,1,0,0.0,0,0,0,-9999.0,1.0,1,P99_CV0,2,2,0,2,0,0,2,0,2
89,203618.0078,-246304.5116,E89_F55_m100f100_P41_Y0_UO4955,R100_F100_m-1f-1_P100_Y-1_U134,R100_F100_m-1f-1_P100_Y-1_U114,FXX,7,0.0,1,0,1.0,0,0,0,-9999.0,0.25,1,P99_CV0,2,0,2,1,1,0,2,0,2
89,203618.0078,-246304.5116,E89_F11_m-1f-1_P100_Y-1_U22,-9999,-9999,FXX,14,0.0,1,0,1.0,0,0,0,-9999.0,0.5,1,P99_CV0,2,1,1,2,0,0,2,0,2
91,-18128.40844,-1000502.993,Age0_F91_m95f95_P91_Y7_UO4489,I95_F64_m79f79_P64_Y5_UO3571,I95_F64_m95f95_P64_Y0_UO4842,FXX,0,0.0,0,0,0.0,0,0,0,0.0,0.0625,1,P15_CV0,2,0,2,0,2,0,2,0,2
91,-18128.40844,-1000502.993,E91_F95_m79f79_P64_Y5_UO3658,I79_F64_m-1f-1_P79_Y-1_U64,I79_F59_m16f16_P59_Y3_UO897,MXY,2,0.0,1,0,0.0,0,0,0,-9999.0,0.5,1,P15_CV0,2,1,1,1,1,0,2,0,2
91,-18128.40844,-1000502.993,E91_F95_m79f79_P64_Y5_UO3571,I79_F64_m79f79_P59_Y3_UO3598,I79_F64_m16f16_P59_Y1_UO847,FXX,2,0.0,1,0,1.0,0,0,0,-9999.0,0.125,1,P15_CV0,2,0,2,0,2,0,2,0,2
91,-18128.40844,-1000502.993,Age0_F91_m95f95_P91_Y7_UO4481,ID95_F91_m95f95_P91_Y5_UO4538,I95_F64_m17f17_P64_Y3_UO953,MXY,0,0.0,0,0,0.0,0,0,0,0.0,0.4375,1,P16_CV0,2,1,1,1,1,0,2,0,2
91,-18128.40844,-1000502.993,Age0_F91_m95f95_P91_Y7_UO4488,I95_F64_m95f95_P91_Y5_UO4513,I95_F64_m79f79_P64_Y3_UO3547,FXX,0,0.0,0,0,0.0,0,0,0,0.0,0.3125,1,P16_CV0,2,1,1,1,1,0,2,0,2
91,-18128.40844,-1000502.993,Age0_F91_m95f95_P91_Y7_UO4533,I95_F64_m17f17_P64_Y0_UO1029,I95_F64_m17f17_P64_Y5_UO992,MXY,0,0.0,0,0,0.0,0,0,0,0.0,0.25,1,P16_CV0,2,0,2,2,0,0,2,0,2
91,-18128.40844,-1000502.993,E91_F95_m95f95_P91_Y6_UO4523,ID95_F64_m65f65_P91_Y4_UO3141,ID95_F64_m17f17_P64_Y0_UO1088,MXY,1,0.0,1,1,0.0,0,0,0,-9999.0,0.75,1,P16_CV0,2,1,1,1,1,0,2,0,2
91,-18128.40844,-1000502.993,E91_F95_m95f95_P91_Y6_UO4585,I95_F91_m-1f-1_P17_Y-1_U50,ID95_F64_m-1f-1_P95_Y-1_U150,FXX,1,0.0,1,1,1.0,0,0,0,-9999.0,0.25,1,P16_CV0,2,1,1,1,1,0,2,0,2
91,-18128.40844,-1000502.993,E91_F95_m79f79_P64_Y5_UO3552,I79_F64_m95f95_P64_Y3_UO4451,ID79_F59_m17f17_P64_Y3_UO961,MXY,2,0.0,1,0,0.0,0,0,0,-9999.0,0.375,1,P16_CV0,2,0,2,0,2,0,2,0,2
91,-18128.40844,-1000502.993,E91_F95_m17f17_P64_Y5_UO969,I17_F64_m17f17_P64_Y2_UO1021,I17_F64_m17f17_P64_Y3_UO937,MXY,2,0.0,1,0,0.0,0,0,0,-9999.0,0.625,1,P16_CV0,2,0,2,1,1,0,2,0,2
91,-18128.40844,-1000502.993,E91_F95_m79f79_P64_Y3_UO3562,I79_F64_m17f17_P64_Y1_UO940,I79_F59_m-1f-1_P3_Y-1_U205,MXY,4,0.0,1,0,0.0,0,0,0,-9999.0,0.75,1,P16_CV0,2,1,1,1,1,0,2,0,2
91,-18128.40844,-1000502.993,E91_F95_m79f79_P64_Y3_UO3547,ID79_F59_m17f17_P64_Y1_UO905,ID79_F64_m-1f-1_P79_Y-1_U91,MXY,4,0.0,1,0,0.0,0,0,0,-9999.0,0.0,1,P16_CV0,2,0,2,1,1,0,2,0,2
91,-18128.40844,-1000502.993,E91_F95_m79f79_P64_Y2_UO3602,I79_F59_m-1f-1_P79_Y-1_U80,I79_F64_m-1f-1_P17_Y-1_U216,MXY,5,0.0,1,0,0.0,0,0,0,-9999.0,1.0,1,P16_CV0,2,2,0,1,1,0,2,0,2
91,-18128.40844,-1000502.993,E91_F95_m17f17_P64_Y1_UO903,I17_F59_m-1f-1_P17_Y-1_U185,I17_F64_m-1f-1_P17_Y-1_U80,MXY,6,0.0,1,0,0.0,0,0,0,-9999.0,0.5,1,P16_CV0,2,2,0,0,2,0,2,0,2
91,-18128.40844,-1000502.993,E91_F95_m17f17_P64_Y0_UO1029,R17_F17_m-1f-1_P17_Y-1_U30,R17_F17_m-1f-1_P17_Y-1_U91,FXX,7,0.0,1,0,1.0,0,0,0,-9999.0,0.25,1,P16_CV0,2,0,2,2,0,0,2,0,2
91,-18128.40844,-1000502.993,E91_F95_m-1f-1_P17_Y-1_U63,-9999,-9999,FXX,13,0.0,1,0,1.0,0,0,0,-9999.0,0.0,1,P16_CV0,2,0,2,0,2,0,2,0,2
91,-18128.40844,-1000502.993,Age0_F91_m94f94_P91_Y7_UO4451,ID94_F81_m58f58_P81_Y3_UO2745,I94_F81_m58f58_P99_Y2_UO2728,MXY,0,0.0,0,0,0.0,0,0,0,0.0,0.75,1,P22_CV0,2,1,1,1,1,0,2,0,2
91,-18128.40844,-1000502.993,E91_F94_m58f58_P81_Y3_UO2745,ID58_F57_m-1f-1_P23_Y-1_U87,I58_F99_m-1f-1_P58_Y-1_U50,FXX,4,0.0,1,0,1.0,0,0,0,-9999.0,1.0,1,P22_CV0,2,2,0,1,1,0,2,0,2
91,-18128.40844,-1000502.993,E91_F95_m79f79_P64_Y6_UO3655,I79_F64_m79f79_P59_Y2_UO3565,I79_F59_m47f47_P64_Y1_UO2165,FXX,1,0.0,1,1,1.0,0,0,0,-9999.0,0.375,1,P2_CV0,2,0,2,2,0,0,2,0,2
91,-18128.40844,-1000502.993,E91_F95_m17f17_P64_Y5_UO998,ID17_F64_m3f3_P59_Y0_UO116,I17_F64_m-1f-1_P47_Y-1_U67,MXY,2,0.0,1,0,0.0,0,0,0,-9999.0,0.875,1,P2_CV0,2,2,0,1,1,0,2,0,2
91,-18128.40844,-1000502.993,E91_F94_m-1f-1_P40_Y-1_U155,-9999,-9999,MXY,13,0.0,1,0,0.0,0,0,0,-9999.0,0.5,1,P39_CV0,2,1,1,0,2,0,2,0,2
91,-18128.40844,-1000502.993,Age0_F91_m95f95_P91_Y7_UO4484,I95_F91_m95f95_P64_Y5_UO4528,I95_F64_m94f94_P91_Y2_UO4420,FXX,0,0.0,0,0,0.0,0,0,0,0.0,0.625,1,P41_CV0,2,1,1,2,0,0,2,0,2
91,-18128.40844,-1000502.993,E91_F94_m42f42_P99_Y2_UO1987,I42_F27_m-1f-1_P42_Y-1_U248,ID42_F99_m-1f-1_P42_Y-1_U46,FXX,5,0.0,1,0,1.0,0,0,0,-9999.0,0.5,1,P41_CV0,2,1,1,0,2,0,2,0,2
91,-18128.40844,-1000502.993,E91_F94_m47f47_P81_Y4_UO2323,I47_F81_m-1f-1_P47_Y-1_U86,I47_F81_m-1f-1_P47_Y-1_U224,MXY,3,0.0,1,0,0.0,0,0,0,-9999.0,0.75,1,P46_CV0,2,1,1,1,1,0,2,0,2
91,-18128.40844,-1000502.993,E91_F95_m47f47_P64_Y4_UO2329,I47_F81_m-1f-1_P17_Y-1_U178,I47_F81_m-1f-1_P47_Y-1_U247,MXY,3,0.0,1,0,0.0,0,0,0,-9999.0,0.25,1,P46_CV0,2,0,2,2,0,0,2,0,2
91,-18128.40844,-1000502.993,E91_F94_m-1f-1_P50_Y-1_U214,-9999,-9999,MXY,14,0.0,1,0,0.0,0,0,0,-9999.0,1.0,1,P49_CV0,2,2,0,1,1,0,2,0,2
91,-18128.40844,-1000502.993,E91_F94_m5f5_P81_Y5_UO307,I5_F81_m5f5_P81_Y3_UO344,ID5_F72_m80f80_P72_Y3_UO3714,FXX,2,0.0,1,0,1.0,0,0,0,-9999.0,1.0,1,P4_CV0,2,2,0,1,1,0,2,0,2
91,-18128.40844,-1000502.993,E91_F94_m-1f-1_P5_Y-1_U158,-9999,-9999,MXY,10,0.0,1,0,0.0,0,0,0,-9999.0,0.5,1,P4_CV0,2,1,1,1,1,0,2,0,2
91,-18128.40844,-1000502.993,E91_F95_m3f3_P64_Y6_UO165,I3_F59_m56f56_P59_Y2_UO2684,I3_F59_m56f56_P59_Y4_UO2621,MXY,1,0.0,1,1,0.0,0,0,0,-9999.0,0.6875,1,P55_CV0,2,1,1,2,0,0,2,0,2
91,-18128.40844,-1000502.993,E91_F95_m79f79_P64_Y5_UO3564,I79_F64_m56f56_P59_Y3_UO2661,I79_F59_m16f16_P59_Y2_UO919,MXY,2,0.0,1,0,0.0,0,0,0,-9999.0,0.25,1,P55_CV0,2,0,2,2,0,0,2,0,2
91,-18128.40844,-1000502.993,Age0_F91_m40f40_P91_Y7_UO1960,I40_F6_m58f58_P99_Y0_UO3010,I40_F57_m92f92_P6_Y2_UO4280,FXX,0,0.0,0,0,0.0,0,0,0,0.0,0.5,1,P57_CV0,2,2,0,2,0,0,2,0,2
91,-18128.40844,-1000502.993,Age0_F91_m94f94_P91_Y7_UO4434,I94_F81_m5f5_P81_Y5_UO335,I94_F98_m-1f-1_P58_Y-1_U228,FXX,0,0.0,0,0,0.0,0,0,0,0.0,0.71875,1,P57_CV0,2,2,0,0,2,0,2,0,2
91,-18128.40844,-1000502.993,Age0_F91_m94f94_P91_Y7_UO4436,I94_F81_m5f5_P81_Y5_UO307,I94_F91_m58f58_P81_Y2_UO2749,MXY,0,0.0,0,0,0.0,0,0,0,0.0,0.8125,1,P57_CV0,2,2,0,1,1,0,2,0,2
91,-18128.40844,-1000502.993,E91_F94_m5f5_P81_Y5_UO335,I5_F81_m5f5_P81_Y2_UO289,I5_F81_m58f58_P81_Y2_UO2739,FXX,2,0.0,1,0,1.0,0,0,0,-9999.0,0.4375,1,P57_CV0,2,1,1,0,2,0,2,0,2
91,-18128.40844,-1000502.993,E91_F40_m58f58_P99_Y0_UO3010,R58_F58_m-1f-1_P58_Y-1_U188,R58_F58_m-1f-1_P58_Y-1_U198,FXX,7,0.0,1,0,1.0,0,0,0,-9999.0,0.5,1,P57_CV0,2,1,1,1,1,0,2,0,2
91,-18128.40844,-1000502.993,E91_F85_m65f65_P69_Y6_UO3173,ID65_F69_m65f65_P36_Y2_UO3170,I65_F98_m-1f-1_P65_Y-1_U229,FXX,1,0.0,1,1,1.0,0,0,0,-9999.0,0.625,1,P64_CV0,2,2,0,2,0,0,2,0,2
91,-18128.40844,-1000502.993,E91_F94_m65f65_P91_Y2_UO3131,I65_F8_m-1f-1_P65_Y-1_U7,I65_F98_m-1f-1_P65_Y-1_U226,MXY,5,0.0,1,0,0.0,0,0,0,-9999.0,0.5,1,P64_CV0,2,1,1,1,1,0,2,0,2
91,-18128.40844,-1000502.993,Age0_F91_m95f95_P91_Y7_UO4493,I95_F64_m17f17_P64_Y5_UO964,I95_F64_m-1f-1_P95_Y-1_U4,MXY,0,0.0,0,0,0.0,0,0,0,0.0,0.46875,1,P78_CV0,2,2,0,0,2,0,2,0,2
91,-18128.40844,-1000502.993,Age0_F91_m95f95_P91_Y7_UO4500,I95_F64_m79f79_P64_Y4_UO3613,I95_F64_m95f95_P91_Y1_UO4315,FXX,0,0.0,0,0,0.0,0,0,0,0.0,0.375,1,P78_CV0,2,0,2,0,2,0,2,0,2
91,-18128.40844,-1000502.993,Age0_F91_m95f95_P91_Y7_UO4532,I95_F64_m79f79_P64_Y0_UO3875,I95_F64_m79f79_P64_Y2_UO3602,FXX,0,0.0,0,0,0.0,0,0,0,0.0,0.625,1,P78_CV0,2,1,1,1,1,0,2,0,2
91,-18128.40844,-1000502.993,Age0_F91_m95f95_P91_Y7_UO4537,I95_F64_m-1f-1_P79_Y-1_U39,ID95_F28_m17f17_P64_Y2_UO974,FXX,0,0.0,0,0,0.0,0,0,0,0.0,0.375,1,P78_CV0,2,0,2,1,1,0,2,0,2
91,-18128.40844,-1000502.993,E91_F95_m79f79_P64_Y6_UO3687,I79_F59_m-1f-1_P17_Y-1_U198,ID79_F59_m3f3_P59_Y4_UO102,MXY,1,0.0,1,1,0.0,0,0,0,-9999.0,0.40625,1,P78_CV0,2,1,1,0,2,0,2,0,2
91,-18128.40844,-1000502.993,E91_F95_m17f17_P64_Y5_UO1014,I17_F64_m-1f-1_P17_Y-1_U25,I17_F64_m17f17_P64_Y3_UO978,MXY,2,0.0,1,0,0.0,0,0,0,-9999.0,0.25,1,P78_CV0,2,1,1,1,1,0,2,0,2
91,-18128.40844,-1000502.993,E91_F95_m17f17_P64_Y5_UO964,I17_F64_m3f3_P59_Y2_UO127,I17_F64_m95f95_P64_Y3_UO4510,FXX,2,0.0,1,0,1.0,0,0,0,-9999.0,0.4375,1,P78_CV0,2,1,1,0,2,0,2,0,2
91,-18128.40844,-1000502.993,E91_F95_m79f79_P64_Y4_UO3613,I79_F59_m-1f-1_P79_Y-1_U29,I79_F64_m56f56_P59_Y1_UO2520,FXX,3,0.0,1,0,1.0,0,0,0,-9999.0,0.5,1,P78_CV0,2,0,2,1,1,0,2,0,2
91,-18128.40844,-1000502.993,E91_F95_m79f79_P64_Y3_UO3608,ID79_F64_m-1f-1_P17_Y-1_U15,I79_F59_m79f79_P59_Y0_UO3921,MXY,4,0.0,1,0,0.0,0,0,0,-9999.0,0.5,1,P78_CV0,2,2,0,0,2,0,2,0,2
91,-18128.40844,-1000502.993,E91_F95_m79f79_P64_Y2_UO3635,I79_F59_m-1f-1_P79_Y-1_U2,I79_F64_m3f3_P59_Y0_UO151,MXY,5,0.0,1,0,0.0,0,0,0,-9999.0,0.5,1,P78_CV0,2,2,0,1,1,0,2,0,2
91,-18128.40844,-1000502.993,E91_F95_m79f79_P64_Y0_UO3894,R79_F79_m-1f-1_P79_Y-1_U173,R79_F79_m-1f-1_P79_Y-1_U94,MXY,7,0.0,1,0,0.0,0,0,0,-9999.0,0.25,1,P78_CV0,2,1,1,0,2,0,2,0,2
91,-18128.40844,-1000502.993,E91_F95_m79f79_P64_Y0_UO3875,R79_F79_m-1f-1_P79_Y-1_U135,R79_F79_m-1f-1_P79_Y-1_U192,FXX,7,0.0,1,0,1.0,0,0,0,-9999.0,0.25,1,P78_CV0,2,0,2,1,1,0,2,0,2
91,-18128.40844,-1000502.993,E91_F95_m-1f-1_P79_Y-1_U39,-9999,-9999,FXX,8,0.0,1,0,1.0,0,0,0,-9999.0,0.5,1,P78_CV0,2,1,1,0,2,0,2,0,2
91,-18128.40844,-1000502.993,Age0_F91_m94f94_P91_Y7_UO4458,I94_F81_m42f42_P99_Y2_UO1987,I94_F72_m94f94_P81_Y4_UO4434,MXY,0,0.0,0,0,0.0,0,0,0,0.0,0.375,1,P93_CV0,2,1,1,1,1,0,2,0,2
91,-18128.40844,-1000502.993,E91_F95_m95f95_P64_Y6_UO4557,I95_F64_m79f79_P64_Y0_UO3875,I95_F64_m94f94_P81_Y3_UO4428,MXY,1,0.0,1,1,0.0,0,0,0,-9999.0,0.3125,1,P93_CV0,2,1,1,0,2,0,2,0,2
91,-18128.40844,-1000502.993,E91_F94_m94f94_P81_Y4_UO4434,I94_F98_m-1f-1_P94_Y-1_U205,I94_F81_m-1f-1_P94_Y-1_U189,MXY,3,0.0,1,0,0.0,0,0,0,-9999.0,0.25,1,P93_CV0,2,1,1,1,1,0,2,0,2
91,-18128.40844,-1000502.993,E91_F95_m95f95_P91_Y4_UO4517,ID95_F81_m-1f-1_P94_Y-1_U242,I95_F64_m95f95_P64_Y0_UO4842,MXY,3,0.0,1,0,0.0,0,0,0,-9999.0,0.0,1,P93_CV0,2,0,2,1,1,0,2,0,2
91,-18128.40844,-1000502.993,E91_F94_m-1f-1_P94_Y-1_U86,-9999,-9999,MXY,10,0.0,1,0,0.0,0,0,0,-9999.0,0.5,1,P93_CV0,2,1,1,1,1,0,2,0,2
91,-18128.40844,-1000502.993,E91_F95_m-1f-1_P94_Y-1_U242,-9999,-9999,FXX,11,0.0,1,0,1.0,0,0,0,-9999.0,0.0,1,P93_CV0,2,0,2,2,0,0,2,0,2
91,-18128.40844,-1000502.993,Age0_F91_m95f95_P91_Y7_UO4509,I95_F64_m47f47_P64_Y3_UO2355,ID95_F91_m17f17_P64_Y3_UO948,MXY,0,0.0,0,0,0.0,0,0,0,0.0,0.1875,1,P94_CV0,2,1,1,2,0,0,2,0,2
91,-18128.40844,-1000502.993,Age0_F91_m95f95_P91_Y7_UO4534,I95_F64_m95f95_P64_Y0_UO4865,I95_F91_m95f95_P91_Y4_UO4485,FXX,0,0.0,0,0,0.0,0,0,0,0.0,0.6875,1,P94_CV0,2,1,1,2,0,0,2,0,2
91,-18128.40844,-1000502.993,Age0_F91_m95f95_P91_Y7_UO4544,I95_F91_m-1f-1_P95_Y-1_U35,I95_F81_m-1f-1_P95_Y-1_U140,MXY,0,0.0,0,0,0.0,0,0,0,0.0,0.75,1,P94_CV0,2,1,1,2,0,0,2,0,2
91,-18128.40844,-1000502.993,Age0_F91_m95f95_P91_Y7_UO4545,ID95_F64_m-1f-1_P94_Y-1_U242,I95_F64_m95f95_P91_Y0_UO4813,MXY,0,0.0,0,0,0.0,0,0,0,0.0,0.125,1,P94_CV0,2,0,2,2,0,0,2,0,2
91,-18128.40844,-1000502.993,Age0_F91_m95f95_P91_Y7_UO4550,I95_F91_m-1f-1_P17_Y-1_U63,I95_F64_m95f95_P64_Y0_UO4842,MXY,0,0.0,0,0,0.0,0,0,0,0.0,0.0,1,P94_CV0,2,0,2,0,2,0,2,0,2
91,-18128.40844,-1000502.993,E91_F95_m17f17_P64_Y6_UO1005,I17_F81_m95f95_P64_Y0_UO4885,ID17_F64_m79f79_P59_Y3_UO3588,FXX,1,0.0,1,1,1.0,0,0,0,-9999.0,0.5625,1,P94_CV0,2,1,1,1,1,0,2,0,2
91,-18128.40844,-1000502.993,E91_F95_m95f95_P64_Y6_UO4531,I95_F81_m95f95_P64_Y3_UO4460,I95_F64_m94f94_P81_Y3_UO4428,MXY,1,0.0,1,1,0.0,0,0,0,-9999.0,0.6875,1,P94_CV0,2,2,0,0,2,0,2,0,2
91,-18128.40844,-1000502.993,E91_F95_m95f95_P91_Y6_UO4532,I95_F64_m17f17_P64_Y3_UO1001,I95_F91_m-1f-1_P95_Y-1_U73,FXX,1,0.0,1,1,1.0,0,0,0,-9999.0,0.375,1,P94_CV0,2,2,0,2,0,0,2,0,2
91,-18128.40844,-1000502.993,E91_F95_m95f95_P91_Y5_UO4538,I95_F64_m-1f-1_P17_Y-1_U108,I95_F64_m95f95_P64_Y1_UO4325,FXX,2,0.0,1,0,1.0,0,0,0,-9999.0,0.5,1,P94_CV0,2,1,1,1,1,0,2,0,2
91,-18128.40844,-1000502.993,E91_F95_m95f95_P64_Y5_UO4528,I95_F91_m-1f-1_P95_Y-1_U217,I95_F64_m-1f-1_P95_Y-1_U27,FXX,2,0.0,1,0,1.0,0,0,0,-9999.0,0.75,1,P94_CV0,2,2,0,2,0,0,2,0,2
91,-18128.40844,-1000502.993,E91_F95_m17f17_P64_Y5_UO1017,ID17_F81_m-1f-1_P95_Y-1_U244,I17_F64_m95f95_P64_Y3_UO4510,MXY,2,0.0,1,0,0.0,0,0,0,-9999.0,0.5,1,P94_CV0,2,0,2,1,1,0,2,0,2
91,-18128.40844,-1000502.993,E91_F95_m95f95_P91_Y5_UO4513,I95_F64_m95f95_P91_Y0_UO4879,I95_F64_m-1f-1_P95_Y-1_U121,FXX,2,0.0,1,0,1.0,0,0,0,-9999.0,0.625,1,P94_CV0,2,2,0,1,1,0,2,0,2
91,-18128.40844,-1000502.993,E91_F95_m17f17_P64_Y4_UO986,I17_F64_m95f95_P64_Y0_UO4885,ID17_F64_m3f3_P64_Y2_UO105,MXY,3,0.0,1,0,0.0,0,0,0,-9999.0,0.625,1,P94_CV0,2,1,1,0,2,0,2,0,2
91,-18128.40844,-1000502.993,E91_F95_m47f47_P64_Y3_UO2355,I47_F81_m-1f-1_P47_Y-1_U178,ID47_F64_m95f95_P64_Y1_UO4336,FXX,4,0.0,1,0,1.0,0,0,0,-9999.0,0.125,1,P94_CV0,2,0,2,1,1,0,2,0,2
91,-18128.40844,-1000502.993,E91_F95_m95f95_P91_Y3_UO4471,I95_F64_m-1f-1_P95_Y-1_U211,I95_F64_m17f17_P64_Y1_UO982,MXY,4,0.0,1,0,0.0,0,0,0,-9999.0,0.875,1,P94_CV0,2,2,0,0,2,0,2,0,2
91,-18128.40844,-1000502.993,E91_F95_m17f17_P64_Y3_UO948,I17_F64_m17f17_P64_Y1_UO929,I17_F64_m95f95_P64_Y0_UO4827,MXY,4,0.0,1,0,0.0,0,0,0,-9999.0,0.25,1,P94_CV0,2,1,1,2,0,0,2,0,2
91,-18128.40844,-1000502.993,E91_F95_m95f95_P64_Y3_UO4466,I95_F64_m-1f-1_P95_Y-1_U155,I95_F64_m95f95_P91_Y0_UO4813,MXY,4,0.0,1,0,0.0,0,0,0,-9999.0,0.375,1,P94_CV0,2,1,1,1,1,0,2,0,2
91,-18128.40844,-1000502.993,E91_F95_m95f95_P91_Y1_UO4315,I95_F91_m-1f-1_P95_Y-1_U186,ID95_F64_m-1f-1_P95_Y-1_U56,MXY,6,0.0,1,0,0.0,0,0,0,-9999.0,0.25,1,P94_CV0,2,0,2,0,2,0,2,0,2
91,-18128.40844,-1000502.993,E91_F95_m95f95_P64_Y0_UO4865,R95_F95_m-1f-1_P95_Y-1_U159,R95_F95_m-1f-1_P95_Y-1_U72,FXX,7,0.0,1,0,1.0,0,0,0,-9999.0,1.0,1,P94_CV0,2,2,0,1,1,0,2,0,2
91,-18128.40844,-1000502.993,E91_F95_m95f95_P91_Y0_UO4813,R95_F95_m-1f-1_P95_Y-1_U40,R95_F95_m-1f-1_P95_Y-1_U11,MXY,7,0.0,1,0,0.0,0,0,0,-9999.0,0.25,1,P94_CV0,2,0,2,1,1,0,2,0,2
91,-18128.40844,-1000502.993,E91_F95_m-1f-1_P95_Y-1_U35,-9999,-9999,FXX,10,0.0,1,0,1.0,0,0,0,-9999.0,1.0,1,P94_CV0,2,2,0,1,1,0,2,0,2
91,-18128.40844,-1000502.993,E91_F95_m-1f-1_P95_Y-1_U5,-9999,-9999,MXY,10,0.0,1,0,0.0,0,0,0,-9999.0,0.0,1,P94_CV0,2,0,2,0,2,0,2,0,2
91,-18128.40844,-1000502.993,E91_F95_m-1f-1_P95_Y-1_U27,-9999,-9999,MXY,10,0.0,1,0,0.0,0,0,0,-9999.0,1.0,1,P94_CV0,2,2,0,2,0,0,2,0,2
91,-18128.40844,-1000502.993,E91_F95_m-1f-1_P95_Y-1_U97,-9999,-9999,MXY,11,0.0,1,0,0.0,0,0,0,-9999.0,1.0,1,P94_CV0,2,2,0,1,1,0,2,0,2
91,-18128.40844,-1000502.993,E91_F95_m-1f-1_P95_Y-1_U118,-9999,-9999,MXY,12,0.0,1,0,0.0,0,0,0,-9999.0,0.5,1,P94_CV0,2,1,1,0,2,0,2,0,2
91,-18128.40844,-1000502.993,Age0_F91_m85f85_P91_Y7_UO3987,ID85_F69_m63f63_P8_Y5_UO3065,I85_F36_m65f65_P36_Y4_UO3088,FXX,0,0.0,0,0,0.0,0,0,0,0.0,0.4375,1,P99_CV0,2,1,1,2,0,0,2,0,2
91,-18128.40844,-1000502.993,E91_F85_m63f63_P8_Y5_UO3065,I63_F8_m-1f-1_P25_Y-1_U71,I63_F98_m100f100_P48_Y2_UO4593,FXX,2,0.0,1,0,1.0,0,0,0,-9999.0,0.375,1,P99_CV0,2,0,2,2,0,0,2,0,2
93,-577558.7331,-188722.2436,Age0_F93_m12f12_P93_Y7_UO697,I12_F52_m12f12_P86_Y5_UO761,I12_F52_m-1f-1_P45_Y-1_U39,FXX,0,0.0,0,0,0.0,0,0,0,0.0,0.875,1,P11_CV0,2,2,0,1,1,0,2,0,2
93,-577558.7331,-188722.2436,Age0_F93_m46f46_P93_Y7_UO2282,I46_F52_m23f23_P52_Y5_UO1156,I46_F52_m39f39_P19_Y0_UO1861,MXY,0,0.0,0,0,0.0,0,0,0,0.0,0.1875,1,P11_CV0,2,0,2,2,0,0,2,0,2
93,-577558.7331,-188722.2436,Age0_F93_m78f78_P93_Y7_UO3481,I78_F13_m30f30_P13_Y5_UO1382,I78_F13_m37f37_P38_Y5_UO1757,MXY,0,0.0,0,0,0.0,0,0,0,0.0,0.53125,1,P11_CV0,2,2,0,0,2,0,2,0,2
93,-577558.7331,-188722.2436,E93_F30_m12f12_P52_Y6_UO705,ID12_F52_m90f90_P52_Y4_UO4252,ID12_F86_m-1f-1_P12_Y-1_U102,MXY,1,0.0,1,1,0.0,0,0,0,-9999.0,0.1875,1,P11_CV0,2,0,2,1,1,0,2,0,2
93,-577558.7331,-188722.2436,E93_F30_m30f30_P93_Y6_UO1401,ID30_F52_m12f12_P35_Y3_UO739,I30_F38_m46f46_P93_Y4_UO2226,MXY,1,0.0,1,1,0.0,0,0,0,-9999.0,0.4375,1,P11_CV0,2,0,2,1,1,0,2,0,2
93,-577558.7331,-188722.2436,E93_F30_m30f30_P93_Y6_UO1409,ID30_F52_m30f30_P93_Y3_UO1407,ID30_F38_m39f39_P51_Y4_UO1815,MXY,1,0.0,1,1,0.0,0,0,0,-9999.0,0.5625,1,P11_CV0,2,1,1,1,1,0,2,0,2
93,-577558.7331,-188722.2436,E93_F46_m12f12_P52_Y6_UO723,ID12_F52_m39f39_P19_Y3_UO1842,I12_F52_m46f46_P86_Y3_UO2225,FXX,1,0.0,1,1,1.0,0,0,0,-9999.0,0.375,1,P11_CV0,2,1,1,0,2,0,2,0,2
93,-577558.7331,-188722.2436,E93_F12_m12f12_P86_Y5_UO761,I12_F52_m-1f-1_P12_Y-1_U247,I12_F86_m-1f-1_P12_Y-1_U175,FXX,2,0.0,1,0,1.0,0,0,0,-9999.0,0.75,1,P11_CV0,2,2,0,2,0,0,2,0,2
93,-577558.7331,-188722.2436,E93_F46_m12f12_P52_Y5_UO742,I12_F57_m12f12_P52_Y1_UO701,ID12_F52_m46f46_P52_Y0_UO2336,FXX,2,0.0,1,0,1.0,0,0,0,-9999.0,0.625,1,P11_CV0,2,1,1,1,1,0,2,0,2
93,-577558.7331,-188722.2436,E93_F46_m23f23_P52_Y5_UO1156,I23_F57_m42f42_P27_Y3_UO1963,ID23_F6_m12f12_P35_Y3_UO698,FXX,2,0.0,1,0,1.0,0,0,0,-9999.0,0.375,1,P11_CV0,2,1,1,2,0,0,2,0,2
93,-577558.7331,-188722.2436,E93_F30_m30f30_P52_Y4_UO1350,I30_F74_m37f37_P38_Y2_UO1683,I30_F52_m12f12_P52_Y2_UO730,MXY,3,0.0,1,0,0.0,0,0,0,-9999.0,0.8125,1,P11_CV0,2,2,0,2,0,0,2,0,2
93,-577558.7331,-188722.2436,E93_F46_m46f46_P52_Y3_UO2288,I46_F86_m-1f-1_P12_Y-1_U22,ID46_F86_m-1f-1_P12_Y-1_U120,MXY,4,0.0,1,0,0.0,0,0,0,-9999.0,0.5,1,P11_CV0,2,1,1,1,1,0,2,0,2
93,-577558.7331,-188722.2436,E93_F46_m-1f-1_P12_Y-1_U76,-9999,-9999,MXY,10,0.0,1,0,0.0,0,0,0,-9999.0,0.0,1,P11_CV0,2,0,2,1,1,0,2,0,2
93,-577558.7331,-188722.2436,E93_F46_m-1f-1_P12_Y-1_U128,-9999,-9999,FXX,10,0.0,1,0,1.0,0,0,0,-9999.0,1.0,1,P11_CV0,2,2,0,1,1,0,2,0,2
93,-577558.7331,-188722.2436,E93_F46_m-1f-1_P12_Y-1_U235,-9999,-9999,MXY,11,0.0,1,0,0.0,0,0,0,-9999.0,0.0,1,P11_CV0,2,0,2,1,1,0,2,0,2
93,-577558.7331,-188722.2436,Age0_F93_m46f46_P93_Y7_UO2353,ID46_F27_m-1f-1_P23_Y-1_U39,I46_F52_m-1f-1_P46_Y-1_U213,MXY,0,0.0,0,0,0.0,0,0,0,0.0,0.25,1,P22_CV0,2,0,2,2,0,0,2,0,2
93,-577558.7331,-188722.2436,E93_F46_m90f90_P52_Y6_UO4343,I90_F6_m-1f-1_P23_Y-1_U238,I90_F57_m12f12_P52_Y3_UO683,FXX,1,0.0,1,1,1.0,0,0,0,-9999.0,0.375,1,P22_CV0,2,2,0,1,1,0,2,0,2
93,-577558.7331,-188722.2436,E93_F12_m90f90_P52_Y4_UO4254,ID90_F57_m-1f-1_P23_Y-1_U13,I90_F57_m12f12_P35_Y1_UO628,MXY,3,0.0,1,0,0.0,0,0,0,-9999.0,0.5,1,P22_CV0,2,0,2,0,2,0,2,0,2
93,-577558.7331,-188722.2436,E93_F46_m-1f-1_P23_Y-1_U39,-9999,-9999,FXX,12,0.0,1,0,1.0,0,0,0,-9999.0,0.0,1,P22_CV0,2,0,2,2,0,0,2,0,2
93,-577558.7331,-188722.2436,Age0_F93_m12f12_P93_Y7_UO687,I12_F52_m90f90_P52_Y5_UO4238,I12_F52_m30f30_P52_Y0_UO1462,FXX,0,0.0,0,0,0.0,0,0,0,0.0,0.4375,1,P29_CV0,2,0,2,2,0,0,2,0,2
93,-577558.7331,-188722.2436,Age0_F93_m12f12_P93_Y7_UO746,I12_F52_m39f39_P13_Y1_UO1693,I12_F19_m46f46_P52_Y3_UO2295,MXY,0,0.0,0,0,0.0,0,0,0,0.0,0.5625,1,P29_CV0,2,2,0,1,1,0,2,0,2
93,-577558.7331,-188722.2436,Age0_F93_m46f46_P93_Y7_UO2262,I46_F93_m46f46_P52_Y5_UO2247,ID46_F52_m46f46_P52_Y5_UO2233,FXX,0,0.0,0,0,0.0,0,0,0,0.0,0.5625,1,P29_CV0,2,1,1,1,1,0,2,0,2
93,-577558.7331,-188722.2436,Age0_F93_m46f46_P93_Y7_UO2305,I46_F86_m30f30_P52_Y3_UO1364,ID46_F93_m46f46_P52_Y5_UO2243,MXY,0,0.0,0,0,0.0,0,0,0,0.0,0.4375,1,P29_CV0,2,2,0,2,0,0,2,0,2
93,-577558.7331,-188722.2436,Age0_F93_m46f46_P93_Y7_UO2324,ID46_F52_m46f46_P52_Y2_UO2284,I46_F52_m46f46_P52_Y5_UO2265,MXY,0,0.0,0,0,0.0,0,0,0,0.0,0.5625,1,P29_CV0,2,1,1,0,2,0,2,0,2
93,-577558.7331,-188722.2436,Age0_F93_m46f46_P93_Y7_UO2329,ID46_F38_m30f30_P52_Y1_UO1313,I46_F19_m90f90_P86_Y3_UO4219,MXY,0,0.0,0,0,0.0,0,0,0,0.0,0.5,1,P29_CV0,2,0,2,2,0,0,2,0,2
93,-577558.7331,-188722.2436,Age0_F93_m46f46_P93_Y7_UO2342,I46_F86_m-1f-1_P46_Y-1_U53,ID46_F86_m37f37_P93_Y5_UO1788,MXY,0,0.0,0,0,0.0,0,0,0,0.0,0.4375,1,P29_CV0,2,1,1,1,1,0,2,0,2
93,-577558.7331,-188722.2436,Age0_F93_m78f78_P93_Y7_UO3525,I78_F29_m37f37_P93_Y0_UO1809,I78_F93_m30f30_P13_Y5_UO1445,FXX,0,0.0,0,0,0.0,0,0,0,0.0,0.4375,1,P29_CV0,2,0,2,0,2,0,2,0,2
93,-577558.7331,-188722.2436,Age0_F93_m78f78_P93_Y7_UO3537,I78_F29_m-1f-1_P78_Y-1_U229,I78_F13_m30f30_P13_Y3_UO1451,FXX,0,0.0,0,0,0.0,0,0,0,0.0,0.125,1,P29_CV0,2,1,1,0,2,0,2,0,2
93,-577558.7331,-188722.2436,E93_F30_m30f30_P13_Y6_UO1408,I30_F52_m90f90_P52_Y3_UO4182,I30_F52_m-1f-1_P30_Y-1_U101,MXY,1,0.0,1,1,0.0,0,0,0,-9999.0,0.3125,1,P29_CV0,2,0,2,2,0,0,2,0,2
93,-577558.7331,-188722.2436,E93_F30_m46f46_P52_Y6_UO2312,I46_F52_m46f46_P13_Y2_UO2212,I46_F13_m90f90_P52_Y4_UO4254,MXY,1,0.0,1,1,0.0,0,0,0,-9999.0,0.4375,1,P29_CV0,2,1,1,0,2,0,2,0,2
93,-577558.7331,-188722.2436,E93_F46_m12f12_P52_Y6_UO745,I12_F86_m12f12_P52_Y1_UO690,I12_F52_m12f12_P52_Y4_UO724,MXY,1,0.0,1,1,0.0,0,0,0,-9999.0,0.3125,1,P29_CV0,2,0,2,2,0,0,2,0,2
93,-577558.7331,-188722.2436,E93_F78_m37f37_P13_Y6_UO1782,ID37_F35_m7f7_P38_Y1_UO415,I37_F38_m37f37_P13_Y4_UO1756,MXY,1,0.0,1,1,0.0,0,0,0,-9999.0,0.25,1,P29_CV0,2,1,1,0,2,0,2,0,2
93,-577558.7331,-188722.2436,E93_F46_m46f46_P52_Y5_UO2247,I46_F86_m30f30_P93_Y2_UO1443,I46_F93_m90f90_P86_Y0_UO4553,FXX,2,0.0,1,0,1.0,0,0,0,-9999.0,0.625,1,P29_CV0,2,2,0,0,2,0,2,0,2
93,-577558.7331,-188722.2436,E93_F46_m46f46_P52_Y5_UO2232,ID46_F52_m12f12_P52_Y3_UO655,ID46_F86_m-1f-1_P46_Y-1_U189,FXX,2,0.0,1,0,1.0,0,0,0,-9999.0,0.5,1,P29_CV0,2,2,0,0,2,0,2,0,2
93,-577558.7331,-188722.2436,E93_F37_m30f30_P38_Y4_UO1436,ID30_F74_m-1f-1_P30_Y-1_U102,I30_F13_m-1f-1_P30_Y-1_U238,MXY,3,0.0,1,0,0.0,0,0,0,-9999.0,0.5,1,P29_CV0,2,1,1,1,1,0,2,0,2
93,-577558.7331,-188722.2436,E93_F12_m30f30_P86_Y3_UO1384,I30_F13_m30f30_P52_Y0_UO1503,I30_F52_m-1f-1_P30_Y-1_U181,FXX,4,0.0,1,0,1.0,0,0,0,-9999.0,0.625,1,P29_CV0,2,2,0,0,2,0,2,0,2
93,-577558.7331,-188722.2436,E93_F46_m30f30_P52_Y3_UO1364,I30_F52_m12f12_P52_Y1_UO633,I30_F52_m-1f-1_P30_Y-1_U181,FXX,4,0.0,1,0,1.0,0,0,0,-9999.0,0.5,1,P29_CV0,2,1,1,1,1,0,2,0,2
93,-577558.7331,-188722.2436,E93_F78_m30f30_P13_Y3_UO1451,I30_F52_m-1f-1_P30_Y-1_U81,I30_F38_m-1f-1_P30_Y-1_U91,MXY,4,0.0,1,0,0.0,0,0,1,-9999.0,0.25,1,P29_CV0,2,1,1,0,2,0,2,0,2
93,-577558.7331,-188722.2436,E93_F46_m46f46_P52_Y2_UO2284,I46_F93_m-1f-1_P30_Y-1_U138,I46_F52_m-1f-1_P12_Y-1_U98,FXX,5,0.0,1,0,1.0,0,0,0,-9999.0,0.25,1,P29_CV0,2,1,1,1,1,0,2,0,2
93,-577558.7331,-188722.2436,E93_F46_m30f30_P52_Y1_UO1313,I30_F13_m-1f-1_P30_Y-1_U190,I30_F52_m-1f-1_P30_Y-1_U168,FXX,6,0.0,1,0,1.0,0,0,0,-9999.0,0.5,1,P29_CV0,2,0,2,1,1,0,2,0,2
93,-577558.7331,-188722.2436,E93_F30_m-1f-1_P30_Y-1_U31,-9999,-9999,MXY,12,0.0,1,0,0.0,0,0,0,-9999.0,0.5,1,P29_CV0,2,1,1,0,2,0,2,0,2
93,-577558.7331,-188722.2436,E93_F30_m-1f-1_P30_Y-1_U235,-9999,-9999,FXX,13,0.0,1,0,1.0,0,0,0,-9999.0,0.5,1,P29_CV0,2,1,1,2,0,0,2,0,2
93,-577558.7331,-188722.2436,E93_F30_m78f78_P93_Y5_UO3466,I78_F54_m34f34_P54_Y3_UO1629,ID78_F54_m30f30_P29_Y2_UO1422,MXY,2,0.0,1,0,0.0,0,0,0,-9999.0,0.375,1,P33_CV0,2,1,1,1,1,0,2,0,2
93,-577558.7331,-188722.2436,E93_F30_m78f78_P13_Y4_UO3516,I78_F29_m-1f-1_P34_Y-1_U168,I78_F38_m-1f-1_P78_Y-1_U7,FXX,3,0.0,1,0,1.0,0,0,0,-9999.0,0.75,1,P33_CV0,2,2,0,1,1,0,2,0,2
93,-577558.7331,-188722.2436,E93_F7_m7f7_P74_Y6_UO495,I7_F29_m7f7_P74_Y0_UO395,ID7_F38_m37f37_P38_Y2_UO1738,MXY,1,0.0,1,1,0.0,0,0,0,-9999.0,0.75,1,P36_CV0,2,1,1,0,2,0,2,0,2
93,-577558.7331,-188722.2436,E93_F12_m46f46_P52_Y6_UO2342,I46_F52_m-1f-1_P37_Y-1_U137,I46_F52_m39f39_P19_Y1_UO1645,FXX,1,0.0,1,1,1.0,0,0,0,-9999.0,0.375,1,P36_CV0,2,0,2,0,2,0,2,0,2
93,-577558.7331,-188722.2436,E93_F30_m37f37_P38_Y6_UO1773,I37_F38_m37f37_P29_Y2_UO1748,I37_F74_m78f78_P29_Y4_UO3433,FXX,1,0.0,1,1,1.0,0,0,0,-9999.0,1.0,1,P36_CV0,2,2,0,2,0,0,2,0,2
93,-577558.7331,-188722.2436,E93_F30_m30f30_P52_Y6_UO1458,ID30_F93_m-1f-1_P37_Y-1_U216,I30_F93_m-1f-1_P30_Y-1_U207,FXX,1,0.0,1,1,1.0,0,0,0,-9999.0,0.5,1,P36_CV0,2,0,2,1,1,0,2,0,2
93,-577558.7331,-188722.2436,E93_F39_m37f37_P93_Y6_UO1759,I37_F38_m37f37_P74_Y3_UO1701,I37_F38_m37f37_P38_Y3_UO1776,FXX,1,0.0,1,1,1.0,0,0,0,-9999.0,0.4375,1,P36_CV0,2,0,2,2,0,0,2,0,2
93,-577558.7331,-188722.2436,E93_F7_m37f37_P74_Y5_UO1759,I37_F38_m37f37_P74_Y0_UO1785,I37_F52_m7f7_P29_Y2_UO451,MXY,2,0.0,1,0,0.0,0,0,0,-9999.0,0.375,1,P36_CV0,2,1,1,2,0,0,2,0,2
93,-577558.7331,-188722.2436,E93_F30_m37f37_P13_Y4_UO1683,ID37_F74_m7f7_P74_Y2_UO412,I37_F74_m37f37_P29_Y1_UO1584,FXX,3,0.0,1,0,1.0,0,0,0,-9999.0,0.375,1,P36_CV0,2,1,1,0,2,0,2,0,2
93,-577558.7331,-188722.2436,E93_F78_m37f37_P93_Y0_UO1809,R37_F37_m-1f-1_P37_Y-1_U186,R37_F37_m-1f-1_P37_Y-1_U135,FXX,7,0.0,1,0,1.0,0,0,0,-9999.0,0.5,1,P36_CV0,2,1,1,0,2,0,2,0,2
93,-577558.7331,-188722.2436,E93_F37_m-1f-1_P37_Y-1_U162,-9999,-9999,MXY,12,0.0,1,0,0.0,0,0,0,-9999.0,0.5,1,P36_CV0,2,1,1,1,1,0,2,0,2
93,-577558.7331,-188722.2436,Age0_F93_m39f39_P93_Y7_UO1830,I39_F75_m39f39_P19_Y5_UO1862,ID39_F93_m39f39_P75_Y5_UO1838,MXY,0,0.0,0,0,0.0,0,0,0,0.0,0.34375,1,P38_CV0,2,1,1,0,2,0,2,0,2
93,-577558.7331,-188722.2436,Age0_F93_m46f46_P93_Y7_UO2265,I46_F52_m12f12_P52_Y5_UO742,I46_F52_m46f46_P52_Y5_UO2246,FXX,0,0.0,0,0,0.0,0,0,0,0.0,0.40625,1,P38_CV0,2,0,2,0,2,0,2,0,2
93,-577558.7331,-188722.2436,Age0_F93_m78f78_P93_Y7_UO3548,I78_F13_m-1f-1_P78_Y-1_U59,I78_F54_m39f39_P19_Y1_UO1704,MXY,0,0.0,0,0,0.0,0,0,0,0.0,0.5,1,P38_CV0,2,2,0,2,0,0,2,0,2
93,-577558.7331,-188722.2436,E93_F30_m12f12_P52_Y6_UO725,I12_F86_m39f39_P52_Y3_UO1871,I12_F52_m12f12_P52_Y1_UO636,FXX,1,0.0,1,1,1.0,0,0,0,-9999.0,0.75,1,P38_CV0,2,2,0,0,2,0,2,0,2
93,-577558.7331,-188722.2436,E93_F37_m30f30_P74_Y6_UO1397,I30_F74_m39f39_P93_Y3_UO1829,I30_F38_m88f88_P29_Y3_UO4096,FXX,1,0.0,1,1,1.0,0,0,0,-9999.0,0.8125,1,P38_CV0,2,2,0,0,2,0,2,0,2
93,-577558.7331,-188722.2436,E93_F39_m60f60_P19_Y6_UO2815,I60_F75_m60f60_P75_Y3_UO2840,ID60_F51_m4f4_P96_Y4_UO190,MXY,1,0.0,1,1,0.0,0,0,0,-9999.0,0.625,1,P38_CV0,2,1,1,1,1,0,2,0,2
93,-577558.7331,-188722.2436,E93_F39_m39f39_P75_Y5_UO1823,I39_F51_m87f87_P51_Y3_UO4008,I39_F75_m-1f-1_P39_Y-1_U89,MXY,2,0.0,1,0,0.0,0,0,0,-9999.0,0.8125,1,P38_CV0,2,1,1,1,1,0,2,0,2
93,-577558.7331,-188722.2436,E93_F39_m39f39_P19_Y5_UO1862,I39_F93_m-1f-1_P39_Y-1_U169,I39_F75_m39f39_P51_Y2_UO1809,FXX,2,0.0,1,0,1.0,0,0,0,-9999.0,0.625,1,P38_CV0,2,1,1,1,1,0,2,0,2
93,-577558.7331,-188722.2436,E93_F12_m39f39_P13_Y1_UO1693,I39_F75_m-1f-1_P39_Y-1_U6,I39_F75_m-1f-1_P39_Y-1_U41,FXX,6,0.0,1,0,1.0,0,0,0,-9999.0,0.75,1,P38_CV0,2,2,0,1,1,0,2,0,2
93,-577558.7331,-188722.2436,E93_F78_m39f39_P19_Y1_UO1704,ID39_F19_m-1f-1_P39_Y-1_U62,ID39_F51_m-1f-1_P39_Y-1_U156,MXY,6,0.0,1,0,0.0,0,0,0,-9999.0,0.5,1,P38_CV0,2,2,0,1,1,0,2,0,2
93,-577558.7331,-188722.2436,Age0_F93_m30f30_P93_Y7_UO1379,ID30_F52_m78f78_P13_Y4_UO3516,ID30_F86_m45f45_P86_Y0_UO2247,FXX,0,0.0,0,0,0.0,0,0,0,0.0,0.625,1,P44_CV0,2,1,1,1,1,0,2,0,2
93,-577558.7331,-188722.2436,Age0_F93_m78f78_P93_Y7_UO3508,ID78_F13_m46f46_P93_Y3_UO2244,I78_F13_m46f46_P93_Y5_UO2286,MXY,0,0.0,0,0,0.0,0,0,0,0.0,0.375,1,P44_CV0,2,0,2,2,0,0,2,0,2
93,-577558.7331,-188722.2436,E93_F37_m46f46_P52_Y6_UO2302,ID46_F35_m30f30_P52_Y3_UO1376,ID46_F86_m45f45_P86_Y0_UO2247,FXX,1,0.0,1,1,1.0,0,0,0,-9999.0,0.625,1,P44_CV0,2,1,1,1,1,0,2,0,2
93,-577558.7331,-188722.2436,E93_F78_m37f37_P38_Y6_UO1692,I37_F38_m30f30_P74_Y4_UO1340,I37_F74_m7f7_P74_Y4_UO450,FXX,1,0.0,1,1,1.0,0,0,0,-9999.0,0.25,1,P44_CV0,2,1,1,1,1,0,2,0,2
93,-577558.7331,-188722.2436,E93_F46_m23f23_P35_Y5_UO1176,I23_F35_m40f40_P27_Y2_UO1913,I23_F6_m45f45_P57_Y3_UO2129,MXY,2,0.0,1,0,0.0,0,0,0,-9999.0,0.6875,1,P44_CV0,2,1,1,1,1,0,2,0,2
93,-577558.7331,-188722.2436,E93_F78_m30f30_P13_Y5_UO1382,I30_F74_m7f7_P38_Y2_UO453,ID30_F86_m46f46_P52_Y3_UO2290,FXX,2,0.0,1,0,1.0,0,0,0,-9999.0,0.4375,1,P44_CV0,2,1,1,1,1,0,2,0,2
93,-577558.7331,-188722.2436,E93_F78_m46f46_P93_Y3_UO2244,I46_F52_m12f12_P52_Y0_UO725,ID46_F52_m-1f-1_P45_Y-1_U53,FXX,4,0.0,1,0,1.0,0,0,0,-9999.0,0.25,1,P44_CV0,2,0,2,1,1,0,2,0,2
93,-577558.7331,-188722.2436,E93_F46_m-1f-1_P45_Y-1_U96,-9999,-9999,MXY,11,0.0,1,0,0.0,0,0,0,-9999.0,1.0,1,P44_CV0,2,2,0,0,2,0,2,0,2
93,-577558.7331,-188722.2436,Age0_F93_m12f12_P93_Y7_UO725,I12_F86_m30f30_P86_Y3_UO1384,I12_F52_m-1f-1_P46_Y-1_U65,MXY,0,0.0,0,0,0.0,0,0,0,0.0,0.8125,1,P45_CV0,2,2,0,1,1,0,2,0,2
93,-577558.7331,-188722.2436,Age0_F93_m39f39_P93_Y7_UO1864,ID39_F75_m39f39_P19_Y2_UO1799,I39_F75_m46f46_P19_Y5_UO2314,MXY,0,0.0,0,0,0.0,0,0,0,0.0,0.5,1,P45_CV0,2,1,1,2,0,0,2,0,2
93,-577558.7331,-188722.2436,Age0_F93_m46f46_P93_Y7_UO2346,I46_F52_m-1f-1_P12_Y-1_U128,I46_F13_m-1f-1_P46_Y-1_U76,FXX,0,0.0,0,0,0.0,0,0,0,0.0,1.0,1,P45_CV0,2,2,0,1,1,0,2,0,2
93,-577558.7331,-188722.2436,Age0_F93_m78f78_P93_Y7_UO3520,I78_F29_m46f46_P93_Y2_UO2274,I78_F29_m-1f-1_P90_Y-1_U66,FXX,0,0.0,0,0,0.0,0,0,0,0.0,0.375,1,P45_CV0,2,1,1,1,1,0,2,0,2
93,-577558.7331,-188722.2436,E93_F30_m12f12_P52_Y6_UO720,I12_F52_m23f23_P86_Y3_UO1206,I12_F52_m46f46_P52_Y1_UO2134,FXX,1,0.0,1,1,1.0,0,0,0,-9999.0,0.75,1,P45_CV0,2,2,0,1,1,0,2,0,2
93,-577558.7331,-188722.2436,E93_F78_m30f30_P13_Y6_UO1379,I30_F74_m30f30_P13_Y4_UO1402,I30_F35_m37f37_P38_Y4_UO1731,MXY,1,0.0,1,1,0.0,0,0,0,-9999.0,0.40625,1,P45_CV0,2,0,2,2,0,0,2,0,2
93,-577558.7331,-188722.2436,E93_F12_m90f90_P52_Y5_UO4238,ID90_F57_m46f46_P52_Y1_UO2082,I90_F35_m-1f-1_P90_Y-1_U209,FXX,2,0.0,1,0,1.0,0,0,0,-9999.0,0.375,1,P45_CV0,2,1,1,2,0,0,2,0,2
93,-577558.7331,-188722.2436,E93_F30_m78f78_P93_Y4_UO3444,I78_F38_m46f46_P13_Y2_UO2273,I78_F29_m30f30_P29_Y2_UO1422,MXY,3,0.0,1,0,0.0,0,0,0,-9999.0,0.5,1,P45_CV0,2,1,1,1,1,0,2,0,2
93,-577558.7331,-188722.2436,E93_F78_m46f46_P93_Y2_UO2274,I46_F52_m-1f-1_P46_Y-1_U78,I46_F86_m-1f-1_P46_Y-1_U149,FXX,5,0.0,1,0,1.0,0,0,0,-9999.0,0.75,1,P45_CV0,2,2,0,1,1,0,2,0,2
93,-577558.7331,-188722.2436,E93_F30_m-1f-1_P46_Y-1_U51,-9999,-9999,MXY,8,0.0,1,0,0.0,0,0,0,-9999.0,0.5,1,P45_CV0,2,1,1,0,2,0,2,0,2
93,-577558.7331,-188722.2436,E93_F46_m-1f-1_P46_Y-1_U53,-9999,-9999,FXX,9,0.0,1,0,1.0,0,0,0,-9999.0,0.5,1,P45_CV0,2,1,1,0,2,0,2,0,2
93,-577558.7331,-188722.2436,Age0_F93_m39f39_P93_Y7_UO1832,I39_F19_m60f60_P75_Y5_UO2787,ID39_F49_m39f39_P19_Y2_UO1819,MXY,0,0.0,0,0,0.0,0,0,0,0.0,0.625,1,P59_CV0,2,2,0,0,2,0,2,0,2
93,-577558.7331,-188722.2436,Age0_F93_m39f39_P93_Y7_UO1853,I39_F51_m60f60_P75_Y3_UO2807,I39_F19_m46f46_P93_Y2_UO2217,MXY,0,0.0,0,0,0.0,0,0,0,0.0,0.625,1,P59_CV0,2,1,1,2,0,0,2,0,2
93,-577558.7331,-188722.2436,E93_F39_m39f39_P19_Y6_UO1890,I39_F75_m60f60_P75_Y1_UO2766,I39_F19_m60f60_P51_Y1_UO2768,MXY,1,0.0,1,1,0.0,0,0,0,-9999.0,0.625,1,P59_CV0,2,2,0,1,1,0,2,0,2
93,-577558.7331,-188722.2436,E93_F39_m39f39_P51_Y6_UO1852,I39_F75_m87f87_P51_Y3_UO4008,I39_F93_m39f39_P19_Y4_UO1850,FXX,1,0.0,1,1,1.0,0,0,0,-9999.0,0.5625,1,P59_CV0,2,0,2,0,2,0,2,0,2
93,-577558.7331,-188722.2436,E93_F39_m39f39_P75_Y6_UO1880,I39_F13_m60f60_P75_Y2_UO2850,I39_F19_m60f60_P75_Y4_UO2837,MXY,1,0.0,1,1,0.0,0,0,0,-9999.0,0.625,1,P59_CV0,2,2,0,1,1,0,2,0,2
93,-577558.7331,-188722.2436,E93_F39_m60f60_P75_Y6_UO2828,ID60_F75_m39f39_P75_Y1_UO1650,I60_F75_m60f60_P75_Y3_UO2783,FXX,1,0.0,1,1,1.0,0,0,0,-9999.0,0.625,1,P59_CV0,2,1,1,1,1,0,2,0,2
93,-577558.7331,-188722.2436,E93_F39_m60f60_P75_Y6_UO2832,I60_F75_m60f60_P75_Y1_UO2735,I60_F75_m-1f-1_P60_Y-1_U159,FXX,1,0.0,1,1,1.0,0,0,0,-9999.0,0.625,1,P59_CV0,2,1,1,0,2,0,2,0,2
93,-577558.7331,-188722.2436,E93_F39_m39f39_P19_Y5_UO1827,ID39_F75_m39f39_P19_Y2_UO1799,ID39_F19_m87f87_P51_Y2_UO4058,MXY,2,0.0,1,0,0.0,0,0,0,-9999.0,0.25,1,P59_CV0,2,0,2,1,1,0,2,0,2
93,-577558.7331,-188722.2436,E93_F39_m60f60_P75_Y5_UO2787,I60_F75_m60f60_P75_Y3_UO2845,I60_F75_m43f43_P14_Y1_UO1959,FXX,2,0.0,1,0,1.0,0,0,0,-9999.0,0.75,1,P59_CV0,2,2,0,0,2,0,2,0,2
93,-577558.7331,-188722.2436,E93_F46_m46f46_P52_Y5_UO2243,ID46_F19_m39f39_P19_Y3_UO1842,ID46_F52_m60f60_P19_Y1_UO2747,MXY,2,0.0,1,0,0.0,0,0,0,-9999.0,0.375,1,P59_CV0,2,2,0,1,1,0,2,0,2
93,-577558.7331,-188722.2436,E93_F30_m39f39_P51_Y4_UO1815,ID39_F75_m60f60_P75_Y2_UO2850,I39_F19_m-1f-1_P39_Y-1_U48,MXY,3,0.0,1,0,0.0,0,0,0,-9999.0,0.625,1,P59_CV0,2,1,1,1,1,0,2,0,2
93,-577558.7331,-188722.2436,E93_F39_m60f60_P75_Y3_UO2807,ID60_F19_m39f39_P19_Y0_UO1877,ID60_F49_m-1f-1_P60_Y-1_U121,FXX,4,0.0,1,0,1.0,0,0,0,-9999.0,0.375,1,P59_CV0,2,2,0,1,1,0,2,0,2
93,-577558.7331,-188722.2436,E93_F39_m60f60_P75_Y3_UO2853,I60_F75_m-1f-1_P60_Y-1_U213,I60_F75_m39f39_P75_Y1_UO1666,MXY,4,0.0,1,0,0.0,0,0,0,-9999.0,0.625,1,P59_CV0,2,2,0,1,1,0,2,0,2
93,-577558.7331,-188722.2436,E93_F39_m39f39_P19_Y2_UO1799,I39_F75_m-1f-1_P39_Y-1_U144,I39_F19_m60f60_P75_Y0_UO3115,FXX,5,0.0,1,0,1.0,0,0,0,-9999.0,0.5,1,P59_CV0,2,0,2,1,1,0,2,0,2
93,-577558.7331,-188722.2436,E93_F39_m60f60_P75_Y0_UO3119,R60_F60_m-1f-1_P60_Y-1_U217,R60_F60_m-1f-1_P60_Y-1_U167,MXY,7,0.0,1,0,0.0,0,0,0,-9999.0,0.25,1,P59_CV0,2,0,2,2,0,0,2,0,2
93,-577558.7331,-188722.2436,Age0_F93_m30f30_P93_Y7_UO1376,ID30_F29_m37f37_P13_Y4_UO1683,I30_F93_m37f37_P74_Y5_UO1707,FXX,0,0.0,0,0,0.0,0,0,0,0.0,0.40625,1,P6_CV0,2,1,1,1,1,0,2,0,2
93,-577558.7331,-188722.2436,Age0_F93_m30f30_P93_Y7_UO1448,I30_F13_m-1f-1_P7_Y-1_U25,I30_F93_m37f37_P13_Y5_UO1687,MXY,0,0.0,0,0,0.0,0,0,0,0.0,0.3125,1,P6_CV0,2,1,1,2,0,0,2,0,2
93,-577558.7331,-188722.2436,E93_F7_m7f7_P74_Y6_UO514,I7_F38_m-1f-1_P37_Y-1_U9,I7_F38_m7f7_P38_Y3_UO457,FXX,1,0.0,1,1,1.0,0,0,0,-9999.0,0.125,1,P6_CV0,2,0,2,2,0,0,2,0,2
93,-577558.7331,-188722.2436,E93_F30_m37f37_P38_Y6_UO1814,I37_F74_m-1f-1_P30_Y-1_U112,I37_F74_m7f7_P74_Y4_UO493,MXY,1,0.0,1,1,0.0,0,0,0,-9999.0,0.375,1,P6_CV0,2,2,0,1,1,0,2,0,2
93,-577558.7331,-188722.2436,E93_F30_m46f46_P52_Y6_UO2306,I46_F52_m60f60_P75_Y3_UO2854,ID46_F93_m7f7_P38_Y0_UO409,MXY,1,0.0,1,1,0.0,0,0,0,-9999.0,0.5,1,P6_CV0,2,1,1,2,0,0,2,0,2
93,-577558.7331,-188722.2436,E93_F37_m7f7_P74_Y6_UO524,I7_F74_m-1f-1_P7_Y-1_U77,I7_F38_m7f7_P74_Y3_UO426,FXX,1,0.0,1,1,1.0,0,0,0,-9999.0,0.4375,1,P6_CV0,2,2,0,1,1,0,2,0,2
93,-577558.7331,-188722.2436,E93_F46_m37f37_P13_Y6_UO1723,I37_F38_m78f78_P13_Y4_UO3434,I37_F74_m78f78_P13_Y0_UO3786,FXX,1,0.0,1,1,1.0,0,0,0,-9999.0,0.40625,1,P6_CV0,2,1,1,0,2,0,2,0,2
93,-577558.7331,-188722.2436,E93_F46_m90f90_P52_Y6_UO4319,I90_F52_m7f7_P52_Y0_UO446,I90_F86_m-1f-1_P23_Y-1_U168,FXX,1,0.0,1,1,1.0,0,0,0,-9999.0,0.5,1,P6_CV0,2,1,1,2,0,0,2,0,2
93,-577558.7331,-188722.2436,E93_F78_m78f78_P13_Y6_UO3503,I78_F24_m7f7_P38_Y4_UO464,I78_F29_m-1f-1_P78_Y-1_U131,FXX,1,0.0,1,1,1.0,0,0,0,-9999.0,0.6875,1,P6_CV0,2,2,0,1,1,0,2,0,2
93,-577558.7331,-188722.2436,E93_F30_m37f37_P74_Y5_UO1707,I37_F38_m7f7_P38_Y2_UO414,I37_F29_m-1f-1_P30_Y-1_U115,MXY,2,0.0,1,0,0.0,0,0,0,-9999.0,0.4375,1,P6_CV0,2,0,2,2,0,0,2,0,2
93,-577558.7331,-188722.2436,E93_F78_m37f37_P38_Y5_UO1793,I37_F38_m-1f-1_P7_Y-1_U163,I37_F38_m7f7_P29_Y1_UO401,FXX,2,0.0,1,0,1.0,0,0,1,-9999.0,1.0,1,P6_CV0,2,2,0,2,0,0,2,0,2
93,-577558.7331,-188722.2436,E93_F30_m37f37_P38_Y4_UO1787,ID37_F74_m-1f-1_P7_Y-1_U193,I37_F74_m78f78_P13_Y0_UO3721,MXY,3,0.0,1,0,0.0,0,0,0,-9999.0,0.0,1,P6_CV0,2,0,2,1,1,0,2,0,2
93,-577558.7331,-188722.2436,E93_F30_m30f30_P52_Y4_UO1440,ID30_F52_m-1f-1_P30_Y-1_U97,I30_F38_m37f37_P13_Y2_UO1757,MXY,3,0.0,1,0,0.0,0,0,0,-9999.0,0.375,1,P6_CV0,2,1,1,0,2,0,2,0,2
93,-577558.7331,-188722.2436,E93_F78_m78f78_P54_Y4_UO3436,I78_F93_m88f88_P29_Y2_UO4145,I78_F74_m7f7_P38_Y1_UO360,FXX,3,0.0,1,0,1.0,0,0,1,-9999.0,0.75,1,P6_CV0,2,1,1,0,2,0,2,0,2
93,-577558.7331,-188722.2436,E93_F78_m7f7_P29_Y3_UO424,I7_F74_m7f7_P74_Y0_UO486,I7_F29_m-1f-1_P7_Y-1_U196,MXY,4,0.0,1,0,0.0,0,0,1,-9999.0,0.375,1,P6_CV0,2,2,0,0,2,0,2,0,2
93,-577558.7331,-188722.2436,E93_F46_m30f30_P52_Y2_UO1450,ID30_F38_m-1f-1_P7_Y-1_U100,I30_F93_m-1f-1_P30_Y-1_U240,MXY,5,0.0,1,0,0.0,0,0,0,-9999.0,0.25,1,P6_CV0,2,1,1,1,1,0,2,0,2
93,-577558.7331,-188722.2436,E93_F30_m-1f-1_P7_Y-1_U25,-9999,-9999,FXX,10,0.0,1,0,1.0,0,0,0,-9999.0,0.0,1,P6_CV0,2,0,2,1,1,0,2,0,2
93,-577558.7331,-188722.2436,Age0_F93_m30f30_P93_Y7_UO1452,I30_F38_m-1f-1_P30_Y-1_U235,ID30_F74_m88f88_P29_Y5_UO4169,MXY,0,0.0,0,0,0.0,0,0,0,0.0,0.4375,1,P77_CV0,2,0,2,2,0,0,2,0,2
93,-577558.7331,-188722.2436,Age0_F93_m46f46_P93_Y7_UO2287,I46_F13_m78f78_P93_Y4_UO3441,I46_F52_m39f39_P19_Y5_UO1817,FXX,0,0.0,0,0,0.0,0,0,0,0.0,0.46875,1,P77_CV0,2,1,1,2,0,0,2,0,2
93,-577558.7331,-188722.2436,Age0_F93_m46f46_P93_Y7_UO2332,I46_F13_m78f78_P13_Y0_UO3780,ID46_F38_m37f37_P29_Y0_UO1781,MXY,0,0.0,0,0,0.0,0,0,0,0.0,0.625,1,P77_CV0,2,1,1,1,1,0,2,0,2
93,-577558.7331,-188722.2436,Age0_F93_m78f78_P93_Y7_UO3485,I78_F29_m37f37_P38_Y5_UO1793,I78_F29_m78f78_P13_Y4_UO3485,FXX,0,0.0,0,0,0.0,0,0,0,0.0,0.875,1,P77_CV0,2,1,1,2,0,0,2,0,2
93,-577558.7331,-188722.2436,Age0_F93_m78f78_P93_Y7_UO3530,ID78_F29_m-1f-1_P78_Y-1_U93,ID78_F29_m78f78_P13_Y4_UO3481,FXX,0,0.0,0,0,0.0,0,0,0,0.0,0.5625,1,P77_CV0,2,2,0,1,1,0,2,0,2
93,-577558.7331,-188722.2436,Age0_F93_m78f78_P93_Y7_UO3532,I78_F13_m-1f-1_P78_Y-1_U141,I78_F93_m37f37_P38_Y4_UO1739,FXX,0,0.0,0,0,0.0,0,0,0,0.0,0.6875,1,P77_CV0,2,2,0,1,1,0,2,0,2
93,-577558.7331,-188722.2436,Age0_F93_m78f78_P93_Y7_UO3535,ID78_F93_m-1f-1_P78_Y-1_U49,I78_F13_m78f78_P38_Y5_UO3522,FXX,0,0.0,0,0,0.0,0,0,0,0.0,0.875,1,P77_CV0,2,2,0,1,1,0,2,0,2
93,-577558.7331,-188722.2436,Age0_F93_m78f78_P93_Y7_UO3536,I78_F54_m-1f-1_P78_Y-1_U64,I78_F13_m7f7_P29_Y5_UO506,MXY,0,0.0,0,0,0.0,0,0,0,0.0,0.75,1,P77_CV0,2,1,1,0,2,0,2,0,2
93,-577558.7331,-188722.2436,Age0_F93_m78f78_P93_Y7_UO3544,I78_F93_m-1f-1_P78_Y-1_U8,I78_F13_m7f7_P38_Y5_UO494,MXY,0,0.0,0,0,0.0,0,0,0,0.0,0.75,1,P77_CV0,2,1,1,1,1,0,2,0,2
93,-577558.7331,-188722.2436,Age0_F93_m87f87_P93_Y7_UO4096,I87_F24_m87f87_P24_Y4_UO4069,I87_F19_m87f87_P24_Y5_UO4116,FXX,0,0.0,0,0,0.0,0,0,0,0.0,0.46875,1,P77_CV0,2,1,1,1,1,0,2,0,2
93,-577558.7331,-188722.2436,E93_F30_m78f78_P13_Y6_UO3510,I78_F93_m88f88_P29_Y3_UO4082,ID78_F93_m-1f-1_P78_Y-1_U113,FXX,1,0.0,1,1,1.0,0,0,0,-9999.0,0.25,1,P77_CV0,2,0,2,1,1,0,2,0,2
93,-577558.7331,-188722.2436,E93_F78_m78f78_P13_Y6_UO3501,I78_F13_m78f78_P29_Y4_UO3448,I78_F38_m-1f-1_P78_Y-1_U54,FXX,1,0.0,1,1,1.0,0,0,0,-9999.0,0.375,1,P77_CV0,2,0,2,2,0,0,2,0,2
93,-577558.7331,-188722.2436,E93_F78_m78f78_P13_Y6_UO3537,I78_F93_m37f37_P29_Y1_UO1601,I78_F93_m88f88_P29_Y4_UO4149,MXY,1,0.0,1,1,0.0,0,0,0,-9999.0,0.75,1,P77_CV0,2,2,0,1,1,0,2,0,2
93,-577558.7331,-188722.2436,E93_F78_m78f78_P13_Y6_UO3554,ID78_F13_m-1f-1_P78_Y-1_U99,I78_F13_m30f30_P13_Y0_UO1504,FXX,1,0.0,1,1,1.0,0,0,0,-9999.0,0.375,1,P77_CV0,2,1,1,2,0,0,2,0,2
93,-577558.7331,-188722.2436,E93_F78_m46f46_P93_Y6_UO2315,ID46_F52_m7f7_P38_Y2_UO476,ID46_F52_m7f7_P52_Y4_UO489,MXY,1,0.0,1,1,0.0,0,0,0,-9999.0,0.375,1,P77_CV0,2,1,1,1,1,0,2,0,2
93,-577558.7331,-188722.2436,E93_F78_m78f78_P93_Y6_UO3563,I78_F93_m-1f-1_P78_Y-1_U8,I78_F13_m37f37_P13_Y4_UO1708,MXY,1,0.0,1,1,0.0,0,0,0,-9999.0,0.78125,1,P77_CV0,2,2,0,2,0,0,2,0,2
93,-577558.7331,-188722.2436,E93_F30_m88f88_P29_Y5_UO4169,I88_F29_m-1f-1_P88_Y-1_U209,I88_F29_m78f78_P29_Y3_UO3512,MXY,2,0.0,1,0,0.0,0,0,0,-9999.0,0.375,1,P77_CV0,2,1,1,2,0,0,2,0,2
93,-577558.7331,-188722.2436,E93_F46_m30f30_P52_Y5_UO1389,I30_F35_m78f78_P13_Y2_UO3530,ID30_F52_m30f30_P29_Y0_UO1532,MXY,2,0.0,1,0,0.0,0,0,0,-9999.0,0.375,1,P77_CV0,2,1,1,1,1,0,2,0,2
93,-577558.7331,-188722.2436,E93_F78_m7f7_P38_Y5_UO494,ID7_F13_m37f37_P38_Y1_UO1612,ID7_F13_m78f78_P93_Y1_UO3375,MXY,2,0.0,1,0,0.0,0,0,1,-9999.0,0.5,1,P77_CV0,2,0,2,0,2,0,2,0,2
93,-577558.7331,-188722.2436,E93_F46_m78f78_P93_Y4_UO3441,I78_F38_m78f78_P54_Y2_UO3544,ID78_F29_m-1f-1_P78_Y-1_U173,FXX,3,0.0,1,0,1.0,0,0,0,-9999.0,0.375,1,P77_CV0,2,1,1,2,0,0,2,0,2
93,-577558.7331,-188722.2436,E93_F78_m88f88_P54_Y4_UO4150,I88_F29_m-1f-1_P88_Y-1_U154,ID88_F29_m78f78_P29_Y2_UO3481,MXY,3,0.0,1,0,0.0,0,0,0,-9999.0,0.75,1,P77_CV0,2,2,0,2,0,0,2,0,2
93,-577558.7331,-188722.2436,E93_F87_m87f87_P24_Y4_UO4069,I87_F24_m-1f-1_P78_Y-1_U247,I87_F24_m-1f-1_P87_Y-1_U247,FXX,3,0.0,1,0,1.0,0,0,0,-9999.0,0.25,1,P77_CV0,2,0,2,1,1,0,2,0,2
93,-577558.7331,-188722.2436,E93_F12_m78f78_P13_Y2_UO3485,I78_F13_m-1f-1_P78_Y-1_U219,I78_F38_m-1f-1_P78_Y-1_U187,MXY,5,0.0,1,0,0.0,0,0,0,-9999.0,1.0,1,P77_CV0,2,2,0,2,0,0,2,0,2
93,-577558.7331,-188722.2436,E93_F37_m78f78_P29_Y2_UO3537,I78_F38_m-1f-1_P78_Y-1_U83,I78_F29_m-1f-1_P78_Y-1_U84,MXY,5,0.0,1,0,0.0,0,0,0,-9999.0,0.5,1,P77_CV0,2,1,1,1,1,0,2,0,2
93,-577558.7331,-188722.2436,E93_F78_m78f78_P29_Y1_UO3320,ID78_F29_m-1f-1_P7_Y-1_U21,I78_F29_m-1f-1_P78_Y-1_U131,MXY,6,0.0,1,0,0.0,0,0,0,-9999.0,0.75,1,P77_CV0,2,2,0,2,0,0,2,0,2
93,-577558.7331,-188722.2436,E93_F46_m78f78_P13_Y0_UO3780,R78_F78_m-1f-1_P78_Y-1_U151,R78_F78_m-1f-1_P78_Y-1_U238,FXX,7,0.0,1,0,1.0,0,0,0,-9999.0,1.0,1,P77_CV0,2,2,0,1,1,0,2,0,2
93,-577558.7331,-188722.2436,E93_F78_m-1f-1_P78_Y-1_U93,-9999,-9999,FXX,8,0.0,1,0,1.0,0,0,1,-9999.0,0.5,1,P77_CV0,2,1,1,1,1,0,2,0,2
93,-577558.7331,-188722.2436,E93_F78_m-1f-1_P78_Y-1_U141,-9999,-9999,FXX,9,0.0,1,0,1.0,0,0,0,-9999.0,1.0,1,P77_CV0,2,2,0,1,1,0,2,0,2
93,-577558.7331,-188722.2436,E93_F78_m-1f-1_P78_Y-1_U233,-9999,-9999,MXY,9,0.0,1,0,0.0,0,0,0,-9999.0,0.5,1,P77_CV0,2,1,1,0,2,0,2,0,2
93,-577558.7331,-188722.2436,E93_F78_m-1f-1_P78_Y-1_U49,-9999,-9999,FXX,10,0.0,1,0,1.0,0,0,1,-9999.0,1.0,1,P77_CV0,2,2,0,2,0,0,2,0,2
93,-577558.7331,-188722.2436,E93_F78_m-1f-1_P78_Y-1_U64,-9999,-9999,FXX,10,0.0,1,0,1.0,0,0,1,-9999.0,1.0,1,P77_CV0,2,2,0,1,1,0,2,0,2
93,-577558.7331,-188722.2436,E93_F78_m-1f-1_P78_Y-1_U229,-9999,-9999,FXX,10,0.0,1,0,1.0,0,0,1,-9999.0,0.0,1,P77_CV0,2,0,2,0,2,0,2,0,2
93,-577558.7331,-188722.2436,E93_F78_m-1f-1_P78_Y-1_U8,-9999,-9999,FXX,14,0.0,1,0,1.0,0,0,0,-9999.0,1.0,1,P77_CV0,2,2,0,1,1,0,2,0,2
93,-577558.7331,-188722.2436,E93_F78_m-1f-1_P78_Y-1_U59,-9999,-9999,FXX,14,0.0,1,0,1.0,0,0,1,-9999.0,0.5,1,P77_CV0,2,1,1,1,1,0,2,0,2
93,-577558.7331,-188722.2436,Age0_F93_m46f46_P93_Y7_UO2275,ID46_F52_m46f46_P52_Y5_UO2232,I46_F52_m39f39_P19_Y5_UO1817,FXX,0,0.0,0,0,0.0,0,0,0,0.0,0.53125,1,P86_CV0,2,1,1,0,2,0,2,0,2
93,-577558.7331,-188722.2436,Age0_F93_m87f87_P93_Y7_UO4108,I87_F24_m87f87_P24_Y3_UO4017,I87_F24_m87f87_P24_Y2_UO4056,MXY,0,0.0,0,0,0.0,0,0,0,0.0,0.6875,1,P86_CV0,2,2,0,1,1,0,2,0,2
93,-577558.7331,-188722.2436,Age0_F93_m87f87_P93_Y7_UO4140,I87_F19_m-1f-1_P87_Y-1_U166,I87_F24_m87f87_P24_Y5_UO4037,FXX,0,0.0,0,0,0.0,0,0,0,0.0,0.3125,1,P86_CV0,2,0,2,1,1,0,2,0,2
93,-577558.7331,-188722.2436,E93_F39_m39f39_P19_Y6_UO1887,I39_F75_m87f87_P51_Y1_UO3837,I39_F19_m60f60_P51_Y1_UO2768,FXX,1,0.0,1,1,1.0,0,0,0,-9999.0,0.75,1,P86_CV0,2,2,0,1,1,0,2,0,2
93,-577558.7331,-188722.2436,E93_F78_m37f37_P13_Y5_UO1682,I37_F38_m87f87_P13_Y3_UO3986,I37_F13_m78f78_P29_Y2_UO3517,MXY,2,0.0,1,0,0.0,0,0,0,-9999.0,0.3125,1,P86_CV0,2,0,2,2,0,0,2,0,2
93,-577558.7331,-188722.2436,E93_F87_m87f87_P24_Y3_UO4017,I87_F51_m87f87_P24_Y0_UO4316,I87_F24_m-1f-1_P87_Y-1_U14,FXX,4,0.0,1,0,1.0,0,0,0,-9999.0,0.625,1,P86_CV0,2,1,1,1,1,0,2,0,2
93,-577558.7331,-188722.2436,E93_F87_m87f87_P24_Y2_UO4046,ID87_F51_m-1f-1_P87_Y-1_U158,I87_F51_m87f87_P24_Y0_UO4406,MXY,5,0.0,1,0,0.0,0,0,0,-9999.0,0.5,1,P86_CV0,2,1,1,0,2,0,2,0,2
93,-577558.7331,-188722.2436,E93_F87_m-1f-1_P87_Y-1_U166,-9999,-9999,FXX,9,0.0,1,0,1.0,0,0,0,-9999.0,0.5,1,P86_CV0,2,1,1,0,2,0,2,0,2
93,-577558.7331,-188722.2436,E93_F78_m-1f-1_P87_Y-1_U243,-9999,-9999,MXY,12,0.0,1,0,0.0,0,0,0,-9999.0,1.0,1,P86_CV0,2,2,0,0,2,0,2,0,2
93,-577558.7331,-188722.2436,Age0_F93_m78f78_P93_Y7_UO3494,I78_F38_m78f78_P54_Y4_UO3436,I78_F54_m88f88_P29_Y2_UO4098,MXY,0,0.0,0,0,0.0,0,0,0,0.0,0.5,1,P87_CV0,2,1,1,0,2,0,2,0,2
93,-577558.7331,-188722.2436,E93_F39_m7f7_P13_Y6_UO439,I7_F29_m30f30_P38_Y4_UO1406,ID7_F38_m37f37_P13_Y3_UO1723,MXY,1,0.0,1,1,0.0,0,0,0,-9999.0,0.625,1,P87_CV0,2,1,1,2,0,0,2,0,2
93,-577558.7331,-188722.2436,E93_F78_m37f37_P13_Y6_UO1810,I37_F38_m-1f-1_P37_Y-1_U148,I37_F38_m88f88_P29_Y3_UO4087,MXY,1,0.0,1,1,0.0,0,0,1,-9999.0,0.5,1,P87_CV0,2,2,0,1,1,0,2,0,2
93,-577558.7331,-188722.2436,E93_F78_m78f78_P29_Y6_UO3565,ID78_F54_m-1f-1_P78_Y-1_U171,I78_F38_m88f88_P29_Y3_UO4083,MXY,1,0.0,1,1,0.0,0,0,0,-9999.0,0.3125,1,P87_CV0,2,1,1,1,1,0,2,0,2
93,-577558.7331,-188722.2436,E93_F78_m7f7_P74_Y6_UO452,ID7_F38_m7f7_P74_Y3_UO396,I7_F13_m30f30_P38_Y0_UO1455,FXX,1,0.0,1,1,1.0,0,0,1,-9999.0,0.5,1,P87_CV0,2,0,2,1,1,0,2,0,2
93,-577558.7331,-188722.2436,E93_F30_m88f88_P29_Y3_UO4098,I88_F29_m-1f-1_P88_Y-1_U218,ID88_F29_m-1f-1_P88_Y-1_U42,MXY,4,0.0,1,0,0.0,0,0,0,-9999.0,0.25,1,P87_CV0,2,1,1,1,1,0,2,0,2
93,-577558.7331,-188722.2436,E93_F78_m88f88_P29_Y3_UO4083,I88_F29_m88f88_P29_Y0_UO4491,I88_F54_m-1f-1_P88_Y-1_U3,MXY,4,0.0,1,0,0.0,0,0,1,-9999.0,0.125,1,P87_CV0,2,0,2,0,2,0,2,0,2
93,-577558.7331,-188722.2436,Age0_F93_m46f46_P93_Y7_UO2302,I46_F52_m12f12_P52_Y4_UO674,I46_F52_m7f7_P74_Y0_UO471,MXY,0,0.0,0,0,0.0,0,0,0,0.0,0.625,1,P89_CV0,2,1,1,0,2,0,2,0,2
93,-577558.7331,-188722.2436,Age0_F93_m46f46_P93_Y7_UO2306,ID46_F86_m12f12_P86_Y3_UO684,I46_F74_m-1f-1_P12_Y-1_U76,MXY,0,0.0,0,0,0.0,0,0,0,0.0,0.375,1,P89_CV0,2,0,2,1,1,0,2,0,2
93,-577558.7331,-188722.2436,E93_F78_m46f46_P93_Y6_UO2284,I46_F86_m12f12_P86_Y4_UO698,I46_F13_m30f30_P52_Y4_UO1397,MXY,1,0.0,1,1,0.0,0,0,1,-9999.0,0.5625,1,P89_CV0,2,1,1,1,1,0,2,0,2
93,-577558.7331,-188722.2436,E93_F46_m12f12_P52_Y4_UO674,ID12_F86_m12f12_P86_Y2_UO683,ID12_F52_m90f90_P86_Y2_UO4258,FXX,3,0.0,1,0,1.0,0,0,0,-9999.0,0.5,1,P89_CV0,2,0,2,0,2,0,2,0,2
93,-577558.7331,-188722.2436,E93_F46_m12f12_P86_Y3_UO684,I12_F57_m46f46_P86_Y0_UO2382,I12_F86_m90f90_P52_Y0_UO4572,FXX,4,0.0,1,0,1.0,0,0,0,-9999.0,0.75,1,P89_CV0,2,1,1,0,2,0,2,0,2
93,-577558.7331,-188722.2436,E93_F46_m23f23_P52_Y6_UO1225,I23_F86_m42f42_P99_Y0_UO2057,I23_F57_m42f42_P99_Y3_UO2002,FXX,1,0.0,1,1,1.0,0,0,0,-9999.0,0.5,1,P91_CV0,2,1,1,2,0,0,2,0,2
96,-50436.67817,173094.9828,E96_F1_m9f9_P33_Y6_UO569,ID9_F33_m77f77_P10_Y3_UO3377,I9_F10_m77f77_P33_Y4_UO3368,FXX,1,0.0,1,1,1.0,0,0,0,-9999.0,0.3125,1,P0_CV0,2,1,1,1,1,0,2,0,2
96,-50436.67817,173094.9828,E96_F4_m9f9_P10_Y6_UO628,ID9_F33_m-1f-1_P9_Y-1_U130,I9_F18_m9f9_P33_Y4_UO528,MXY,1,0.0,1,1,0.0,0,0,0,-9999.0,0.8125,1,P0_CV0,2,2,0,2,0,0,2,0,2
96,-50436.67817,173094.9828,E96_F1_m-1f-1_P1_Y-1_U196,-9999,-9999,FXX,11,0.0,1,0,1.0,0,0,0,-9999.0,0.0,1,P0_CV0,2,0,2,2,0,0,2,0,2
96,-50436.67817,173094.9828,E96_F9_m-1f-1_P1_Y-1_U175,-9999,-9999,MXY,11,0.0,1,0,0.0,0,0,0,-9999.0,1.0,1,P0_CV0,2,2,0,1,1,0,2,0,2
96,-50436.67817,173094.9828,Age0_F96_m4f4_P96_Y7_UO227,I4_F82_m4f4_P82_Y5_UO227,I4_F67_m4f4_P82_Y5_UO235,MXY,0,0.0,0,0,0.0,0,0,0,0.0,0.71875,1,P3_CV0,2,2,0,2,0,0,2,0,2
96,-50436.67817,173094.9828,Age0_F96_m4f4_P96_Y7_UO231,I4_F10_m4f4_P82_Y5_UO203,I4_F67_m-1f-1_P4_Y-1_U82,FXX,0,0.0,0,0,0.0,0,0,0,0.0,0.125,1,P3_CV0,2,0,2,2,0,0,2,0,2
96,-50436.67817,173094.9828,Age0_F96_m4f4_P96_Y7_UO233,ID4_F82_m4f4_P82_Y5_UO247,I4_F82_m4f4_P67_Y3_UO248,MXY,0,0.0,0,0,0.0,0,0,0,0.0,0.25,1,P3_CV0,2,0,2,1,1,0,2,0,2
96,-50436.67817,173094.9828,Age0_F96_m4f4_P96_Y7_UO284,I4_F82_m-1f-1_P4_Y-1_U213,ID4_F82_m4f4_P82_Y4_UO215,MXY,0,0.0,0,0,0.0,0,0,0,0.0,0.9375,1,P3_CV0,2,2,0,1,1,0,2,0,2
96,-50436.67817,173094.9828,Age0_F96_m4f4_P96_Y7_UO286,ID4_F33_m-1f-1_P9_Y-1_U187,ID4_F82_m4f4_P82_Y2_UO235,MXY,0,0.0,0,0,0.0,0,0,0,0.0,0.625,1,P3_CV0,2,1,1,0,2,0,2,0,2
96,-50436.67817,173094.9828,Age0_F96_m4f4_P96_Y7_UO295,I4_F82_m-1f-1_P4_Y-1_U101,I4_F10_m4f4_P67_Y5_UO232,FXX,0,0.0,0,0,0.0,0,0,0,0.0,0.4375,1,P3_CV0,2,1,1,1,1,0,2,0,2
96,-50436.67817,173094.9828,E96_F1_m4f4_P96_Y6_UO236,ID4_F82_m4f4_P82_Y3_UO215,I4_F96_m4f4_P82_Y1_UO256,FXX,1,0.0,1,1,1.0,0,0,0,-9999.0,0.3125,1,P3_CV0,2,1,1,1,1,0,2,0,2
96,-50436.67817,173094.9828,E96_F4_m4f4_P82_Y6_UO247,I4_F82_m4f4_P67_Y3_UO193,I4_F82_m4f4_P82_Y3_UO269,MXY,1,0.0,1,1,0.0,0,0,0,-9999.0,0.625,1,P3_CV0,2,0,2,0,2,0,2,0,2
96,-50436.67817,173094.9828,E96_F4_m4f4_P82_Y6_UO261,I4_F67_m4f4_P82_Y1_UO187,I4_F82_m-1f-1_P4_Y-1_U66,MXY,1,0.0,1,1,0.0,0,0,0,-9999.0,0.625,1,P3_CV0,2,1,1,0,2,0,2,0,2
96,-50436.67817,173094.9828,E96_F4_m4f4_P82_Y6_UO286,I4_F82_m-1f-1_P4_Y-1_U122,I4_F82_m-1f-1_P4_Y-1_U52,FXX,1,0.0,1,1,1.0,0,0,0,-9999.0,0.75,1,P3_CV0,2,1,1,1,1,0,2,0,2
96,-50436.67817,173094.9828,E96_F4_m77f77_P82_Y6_UO3430,I77_F82_m4f4_P67_Y4_UO248,I77_F10_m1f1_P10_Y0_UO65,MXY,1,0.0,1,1,0.0,0,0,1,-9999.0,0.875,1,P3_CV0,2,2,0,1,1,0,2,0,2
96,-50436.67817,173094.9828,E96_F4_m4f4_P82_Y5_UO227,ID4_F82_m4f4_P82_Y2_UO227,I4_F10_m4f4_P82_Y0_UO238,FXX,2,0.0,1,0,1.0,0,0,0,-9999.0,0.75,1,P3_CV0,2,2,0,2,0,0,2,0,2
96,-50436.67817,173094.9828,E96_F4_m4f4_P82_Y5_UO254,I4_F82_m87f87_P67_Y0_UO4361,I4_F82_m-1f-1_P4_Y-1_U52,MXY,2,0.0,1,0,0.0,0,0,0,-9999.0,0.375,1,P3_CV0,2,1,1,1,1,0,2,0,2
96,-50436.67817,173094.9828,E96_F4_m4f4_P82_Y5_UO247,I4_F82_m4f4_P67_Y1_UO185,I4_F67_m4f4_P82_Y1_UO256,FXX,2,0.0,1,0,1.0,0,0,0,-9999.0,0.25,1,P3_CV0,2,0,2,1,1,0,2,0,2
96,-50436.67817,173094.9828,E96_F4_m4f4_P67_Y3_UO248,I4_F67_m-1f-1_P4_Y-1_U47,ID4_F82_m4f4_P82_Y0_UO228,MXY,4,0.0,1,0,0.0,0,0,0,-9999.0,0.25,1,P3_CV0,2,0,2,1,1,0,2,0,2
96,-50436.67817,173094.9828,E96_F4_m4f4_P82_Y3_UO233,I4_F82_m-1f-1_P4_Y-1_U13,I4_F67_m-1f-1_P4_Y-1_U205,FXX,4,0.0,1,0,1.0,0,0,0,-9999.0,0.25,1,P3_CV0,2,0,2,1,1,0,2,0,2
96,-50436.67817,173094.9828,E96_F4_m-1f-1_P4_Y-1_U213,-9999,-9999,FXX,8,0.0,1,0,1.0,0,0,0,-9999.0,1.0,1,P3_CV0,2,2,0,0,2,0,2,0,2
96,-50436.67817,173094.9828,E96_F4_m-1f-1_P4_Y-1_U101,-9999,-9999,FXX,12,0.0,1,0,1.0,0,0,0,-9999.0,0.0,1,P3_CV0,2,0,2,1,1,0,2,0,2
96,-50436.67817,173094.9828,Age0_F96_m60f60_P96_Y7_UO2812,ID60_F75_m60f60_P75_Y2_UO2870,I60_F75_m60f60_P75_Y5_UO2815,MXY,0,0.0,0,0,0.0,0,0,0,0.0,0.4375,1,P59_CV0,2,1,1,1,1,0,2,0,2
96,-50436.67817,173094.9828,E96_F60_m60f60_P75_Y2_UO2870,I60_F75_m-1f-1_P60_Y-1_U213,ID60_F75_m-1f-1_P60_Y-1_U16,FXX,5,0.0,1,0,1.0,0,0,1,-9999.0,0.25,1,P59_CV0,2,0,2,1,1,0,2,0,2
96,-50436.67817,173094.9828,Age0_F96_m1f1_P96_Y7_UO102,I1_F96_m-1f-1_P1_Y-1_U196,ID1_F10_m77f77_P10_Y4_UO3424,FXX,0,0.0,0,0,0.0,0,0,0,0.0,0.375,1,P76_CV0,2,0,2,1,1,0,2,0,2
96,-50436.67817,173094.9828,E96_F4_m77f77_P82_Y6_UO3470,I77_F33_m-1f-1_P77_Y-1_U145,I77_F10_m-1f-1_P77_Y-1_U238,FXX,1,0.0,1,1,1.0,0,0,0,-9999.0,0.5,1,P76_CV0,2,1,1,2,0,0,2,0,2
96,-50436.67817,173094.9828,E96_F4_m4f4_P82_Y5_UO203,ID4_F82_m77f77_P10_Y3_UO3420,ID4_F82_m4f4_P67_Y2_UO226,FXX,2,0.0,1,0,1.0,0,0,0,-9999.0,0.25,1,P76_CV0,2,1,1,2,0,0,2,0,2
96,-50436.67817,173094.9828,E96_F9_m77f77_P10_Y5_UO3405,I77_F33_m4f4_P67_Y1_UO240,I77_F33_m-1f-1_P77_Y-1_U184,MXY,2,0.0,1,0,0.0,0,0,0,-9999.0,0.5,1,P76_CV0,2,1,1,1,1,0,2,0,2
96,-50436.67817,173094.9828,E96_F1_m1f1_P10_Y4_UO7,I1_F10_m9f9_P33_Y2_UO536,I1_F10_m77f77_P10_Y0_UO3668,FXX,3,0.0,1,0,1.0,0,0,0,-9999.0,0.125,1,P76_CV0,2,1,1,1,1,0,2,0,2
96,-50436.67817,173094.9828,E96_F1_m77f77_P10_Y2_UO3400,I77_F10_m-1f-1_P77_Y-1_U77,I77_F10_m-1f-1_P77_Y-1_U175,MXY,5,0.0,1,0,0.0,0,0,0,-9999.0,0.75,1,P76_CV0,2,2,0,1,1,0,2,0,2
96,-50436.67817,173094.9828,Age0_F96_m4f4_P96_Y7_UO244,I4_F82_m87f87_P67_Y4_UO4032,I4_F82_m77f77_P10_Y4_UO3388,FXX,0,0.0,0,0,0.0,0,0,0,0.0,0.75,1,P86_CV0,2,0,2,1,1,0,2,0,2
96,-50436.67817,173094.9828,Age0_F96_m4f4_P96_Y7_UO260,I4_F10_m4f4_P82_Y3_UO233,ID4_F82_m87f87_P67_Y5_UO4046,FXX,0,0.0,0,0,0.0,0,0,0,0.0,0.1875,1,P86_CV0,2,0,2,1,1,0,2,0,2
96,-50436.67817,173094.9828,E96_F4_m87f87_P67_Y4_UO4032,I87_F24_m87f87_P24_Y1_UO3856,I87_F24_m-1f-1_P87_Y-1_U231,FXX,3,0.0,1,0,1.0,0,0,0,-9999.0,0.75,1,P86_CV0,2,1,1,1,1,0,2,0,2
96,-50436.67817,173094.9828,Age0_F96_m1f1_P96_Y7_UO40,I1_F44_m1f1_P10_Y4_UO7,I1_F10_m1f1_P33_Y3_UO31,FXX,0,0.0,0,0,0.0,0,0,0,0.0,0.25,1,P8_CV0,2,0,2,0,2,0,2,0,2
96,-50436.67817,173094.9828,E96_F9_m1f1_P33_Y6_UO44,I1_F33_m1f1_P44_Y3_UO26,I1_F33_m77f77_P10_Y3_UO3381,MXY,1,0.0,1,1,0.0,0,0,0,-9999.0,0.5625,1,P8_CV0,2,2,0,1,1,0,2,0,2
96,-50436.67817,173094.9828,E96_F1_m77f77_P10_Y5_UO3446,I77_F10_m-1f-1_P77_Y-1_U151,I77_F82_m1f1_P10_Y2_UO50,MXY,2,0.0,1,0,0.0,0,0,0,-9999.0,0.4375,1,P8_CV0,2,1,1,1,1,0,2,0,2
96,-50436.67817,173094.9828,E96_F4_m-1f-1_P9_Y-1_U187,-9999,-9999,FXX,9,0.0,1,0,1.0,0,0,0,-9999.0,1.0,1,P8_CV0,2,2,0,1,1,0,2,0,2
96,-50436.67817,173094.9828,E96_F1_m-1f-1_P9_Y-1_U83,-9999,-9999,MXY,12,0.0,1,0,0.0,0,0,0,-9999.0,0.5,1,P8_CV0,2,1,1,0,2,0,2,0,2
97,295558.3756,264719.7911,E97_F1_m9f9_P10_Y6_UO619,I9_F10_m77f77_P10_Y0_UO3674,ID9_F10_m1f1_P10_Y1_UO69,FXX,1,0.0,1,1,1.0,0,0,0,-9999.0,0.5,1,P76_CV0,2,1,1,0,2,0,2,0,2
97,295558.3756,264719.7911,E97_F1_m1f1_P44_Y6_UO95,I1_F33_m-1f-1_P9_Y-1_U84,I1_F33_m77f77_P10_Y0_UO3668,MXY,1,0.0,1,1,0.0,0,0,0,-9999.0,0.25,1,P8_CV0,2,0,2,1,1,0,2,0,2
97,295558.3756,264719.7911,E97_F1_m9f9_P10_Y2_UO537,I9_F33_m-1f-1_P9_Y-1_U230,I9_F44_m-1f-1_P9_Y-1_U175,MXY,5,0.0,1,0,0.0,0,0,0,-9999.0,0.5,1,P8_CV0,2,1,1,1,1,0,2,0,2
98,-112647.9776,-832725.5551,Age0_F98_m65f65_P98_Y7_UO3160,ID65_F69_m25f25_P8_Y3_UO1338,I65_F98_m65f65_P68_Y3_UO3101,FXX,0,0.0,0,0,0.0,0,0,0,0.0,0.5625,1,P10_CV0,2,1,1,0,2,0,2,0,2
98,-112647.9776,-832725.5551,Age0_F98_m65f65_P98_Y7_UO3176,I65_F98_m31f31_P8_Y2_UO1522,I65_F68_m84f84_P68_Y5_UO3844,MXY,0,0.0,0,0,0.0,0,0,0,0.0,0.625,1,P10_CV0,2,0,2,1,1,0,2,0,2
98,-112647.9776,-832725.5551,Age0_F98_m65f65_P98_Y7_UO3181,I65_F8_m65f65_P98_Y1_UO3006,I65_F21_m65f65_P68_Y4_UO3082,FXX,0,0.0,0,0,0.0,0,0,0,0.0,0.3125,1,P10_CV0,2,1,1,1,1,0,2,0,2
98,-112647.9776,-832725.5551,E98_F65_m63f63_P8_Y6_UO3111,I63_F8_m-1f-1_P63_Y-1_U53,I63_F68_m63f63_P8_Y3_UO3022,MXY,1,0.0,1,1,0.0,0,0,0,-9999.0,0.5625,1,P10_CV0,2,2,0,1,1,0,2,0,2
98,-112647.9776,-832725.5551,E98_F65_m84f84_P8_Y6_UO3877,I84_F68_m84f84_P68_Y4_UO3870,I84_F8_m31f31_P68_Y4_UO1461,MXY,1,0.0,1,1,0.0,0,0,0,-9999.0,0.5625,1,P10_CV0,2,2,0,1,1,0,2,0,2
98,-112647.9776,-832725.5551,E98_F65_m25f25_P8_Y3_UO1338,I25_F8_m-1f-1_P11_Y-1_U105,I25_F8_m65f65_P8_Y1_UO3033,FXX,4,0.0,1,0,1.0,0,0,0,-9999.0,0.5,1,P10_CV0,2,1,1,0,2,0,2,0,2
98,-112647.9776,-832725.5551,Age0_F98_m65f65_P98_Y7_UO3173,I65_F98_m85f85_P69_Y2_UO3958,I65_F98_m40f40_P98_Y4_UO1917,FXX,0,0.0,0,0,0.0,0,0,0,0.0,0.40625,1,P22_CV0,2,1,1,1,1,0,2,0,2
98,-112647.9776,-832725.5551,E98_F40_m23f23_P57_Y5_UO1193,I23_F86_m23f23_P6_Y1_UO1131,I23_F76_m42f42_P27_Y1_UO1870,FXX,2,0.0,1,0,1.0,0,0,0,-9999.0,0.375,1,P22_CV0,2,1,1,1,1,0,2,0,2
98,-112647.9776,-832725.5551,Age0_F98_m63f63_P98_Y7_UO3039,I63_F68_m45f45_P8_Y4_UO2175,ID63_F8_m45f45_P68_Y4_UO2164,MXY,0,0.0,0,0,0.0,0,0,0,0.0,0.4375,1,P24_CV0,2,1,1,0,2,0,2,0,2
98,-112647.9776,-832725.5551,Age0_F98_m65f65_P98_Y7_UO3124,ID65_F68_m84f84_P8_Y5_UO3922,I65_F8_m25f25_P68_Y4_UO1259,FXX,0,0.0,0,0,0.0,0,0,0,0.0,0.5625,1,P24_CV0,2,1,1,2,0,0,2,0,2
98,-112647.9776,-832725.5551,Age0_F98_m65f65_P98_Y7_UO3195,I65_F98_m-1f-1_P65_Y-1_U88,I65_F36_m85f85_P36_Y5_UO3956,FXX,0,0.0,0,0,0.0,0,0,0,0.0,0.53125,1,P24_CV0,2,0,2,0,2,0,2,0,2
98,-112647.9776,-832725.5551,Age0_F98_m65f65_P98_Y7_UO3199,I65_F28_m-1f-1_P65_Y-1_U150,I65_F98_m85f85_P68_Y4_UO3948,FXX,0,0.0,0,0,0.0,0,0,0,0.0,0.21875,1,P24_CV0,2,1,1,0,2,0,2,0,2
98,-112647.9776,-832725.5551,E98_F65_m85f85_P2_Y6_UO4062,I85_F36_m-1f-1_P85_Y-1_U151,I85_F21_m85f85_P2_Y4_UO3923,MXY,1,0.0,1,1,0.0,0,0,0,-9999.0,0.5,1,P24_CV0,2,2,0,0,2,0,2,0,2
98,-112647.9776,-832725.5551,E98_F65_m63f63_P8_Y6_UO3032,I63_F68_m25f25_P68_Y3_UO1255,I63_F8_m-1f-1_P63_Y-1_U142,MXY,1,0.0,1,1,0.0,0,0,0,-9999.0,0.5625,1,P24_CV0,2,1,1,1,1,0,2,0,2
98,-112647.9776,-832725.5551,E98_F85_m85f85_P69_Y6_UO3983,I85_F98_m63f63_P36_Y4_UO2978,I85_F69_m-1f-1_P25_Y-1_U83,MXY,1,0.0,1,1,0.0,0,0,0,-9999.0,0.875,1,P24_CV0,2,2,0,2,0,0,2,0,2
98,-112647.9776,-832725.5551,E98_F85_m85f85_P2_Y6_UO4004,I85_F8_m85f85_P2_Y4_UO3984,ID85_F68_m-1f-1_P63_Y-1_U72,FXX,1,0.0,1,1,1.0,0,0,0,-9999.0,0.6875,1,P24_CV0,2,1,1,1,1,0,2,0,2
98,-112647.9776,-832725.5551,E98_F85_m65f65_P69_Y6_UO3122,I65_F69_m85f85_P98_Y4_UO3964,ID65_F98_m85f85_P36_Y4_UO3934,FXX,1,0.0,1,1,1.0,0,0,0,-9999.0,0.65625,1,P24_CV0,2,2,0,1,1,0,2,0,2
98,-112647.9776,-832725.5551,E98_F85_m25f25_P69_Y6_UO1293,I25_F69_m31f31_P8_Y3_UO1486,I25_F69_m25f25_P8_Y4_UO1273,FXX,1,0.0,1,1,1.0,0,0,0,-9999.0,0.75,1,P24_CV0,2,1,1,1,1,0,2,0,2
98,-112647.9776,-832725.5551,E98_F65_m85f85_P69_Y5_UO3978,ID85_F68_m25f25_P68_Y2_UO1282,I85_F36_m-1f-1_P25_Y-1_U223,FXX,2,0.0,1,0,1.0,0,0,0,-9999.0,0.25,1,P24_CV0,2,0,2,1,1,0,2,0,2
98,-112647.9776,-832725.5551,E98_F65_m84f84_P8_Y5_UO3922,I84_F68_m-1f-1_P25_Y-1_U164,I84_F68_m25f25_P8_Y3_UO1268,FXX,2,0.0,1,0,1.0,0,0,0,-9999.0,0.625,1,P24_CV0,2,2,0,1,1,0,2,0,2
98,-112647.9776,-832725.5551,E98_F84_m25f25_P8_Y5_UO1334,I25_F98_m-1f-1_P31_Y-1_U132,I25_F8_m-1f-1_P25_Y-1_U177,MXY,2,0.0,1,0,0.0,0,0,0,-9999.0,0.5,1,P24_CV0,2,1,1,1,1,0,2,0,2
98,-112647.9776,-832725.5551,E98_F85_m85f85_P69_Y5_UO4005,I85_F36_m-1f-1_P25_Y-1_U175,ID85_F69_m63f63_P8_Y2_UO3030,MXY,2,0.0,1,0,0.0,0,0,0,-9999.0,0.625,1,P24_CV0,2,1,1,0,2,0,2,0,2
98,-112647.9776,-832725.5551,E98_F65_m63f63_P36_Y4_UO3037,I63_F8_m-1f-1_P63_Y-1_U241,ID63_F8_m-1f-1_P25_Y-1_U100,MXY,3,0.0,1,0,0.0,0,0,0,-9999.0,1.0,1,P24_CV0,2,2,0,0,2,0,2,0,2
98,-112647.9776,-832725.5551,E98_F85_m25f25_P36_Y3_UO1314,I25_F36_m-1f-1_P25_Y-1_U86,I25_F69_m65f65_P8_Y1_UO3030,FXX,4,0.0,1,0,1.0,0,0,0,-9999.0,0.375,1,P24_CV0,2,1,1,0,2,0,2,0,2
98,-112647.9776,-832725.5551,E98_F65_m25f25_P8_Y0_UO1346,R25_F25_m-1f-1_P25_Y-1_U61,R25_F25_m-1f-1_P25_Y-1_U4,MXY,7,0.0,1,0,0.0,0,0,0,-9999.0,0.5,1,P24_CV0,2,1,1,2,0,0,2,0,2
98,-112647.9776,-832725.5551,E98_F84_m-1f-1_P25_Y-1_U208,-9999,-9999,MXY,10,0.0,1,0,0.0,0,0,0,-9999.0,0.5,1,P24_CV0,2,1,1,0,2,0,2,0,2
98,-112647.9776,-832725.5551,E98_F85_m-1f-1_P25_Y-1_U217,-9999,-9999,MXY,13,0.0,1,0,0.0,0,0,0,-9999.0,1.0,1,P24_CV0,2,2,0,0,2,0,2,0,2
98,-112647.9776,-832725.5551,E98_F65_m-1f-1_P25_Y-1_U26,-9999,-9999,FXX,14,0.0,1,0,1.0,0,0,0,-9999.0,1.0,1,P24_CV0,2,2,0,1,1,0,2,0,2
98,-112647.9776,-832725.5551,E98_F63_m-1f-1_P25_Y-1_U38,-9999,-9999,MXY,15,0.0,1,0,0.0,0,0,0,-9999.0,1.0,1,P24_CV0,2,2,0,1,1,0,2,0,2
98,-112647.9776,-832725.5551,Age0_F98_m63f63_P98_Y7_UO3004,ID63_F98_m31f31_P8_Y5_UO1479,I63_F8_m31f31_P8_Y1_UO1458,MXY,0,0.0,0,0,0.0,0,0,0,0.0,0.375,1,P30_CV0,2,1,1,1,1,0,2,0,2
98,-112647.9776,-832725.5551,Age0_F98_m63f63_P98_Y7_UO3102,I63_F36_m-1f-1_P31_Y-1_U176,I63_F8_m100f100_P8_Y2_UO4626,MXY,0,0.0,0,0,0.0,0,0,0,0.0,0.375,1,P30_CV0,2,1,1,0,2,0,2,0,2
98,-112647.9776,-832725.5551,Age0_F98_m65f65_P98_Y7_UO3141,ID65_F36_m31f31_P68_Y4_UO1470,I65_F98_m63f63_P68_Y4_UO2968,FXX,0,0.0,0,0,0.0,0,0,0,0.0,0.59375,1,P30_CV0,2,1,1,2,0,0,2,0,2
98,-112647.9776,-832725.5551,Age0_F98_m65f65_P98_Y7_UO3189,I65_F8_m94f94_P28_Y0_UO4736,I65_F98_m63f63_P8_Y4_UO2991,MXY,0,0.0,0,0,0.0,0,0,0,0.0,0.5,1,P30_CV0,2,1,1,2,0,0,2,0,2
98,-112647.9776,-832725.5551,Age0_F98_m65f65_P98_Y7_UO3192,I65_F8_m31f31_P8_Y0_UO1536,ID65_F8_m100f100_P48_Y3_UO4570,MXY,0,0.0,0,0,0.0,0,0,0,0.0,0.5,1,P30_CV0,2,1,1,2,0,0,2,0,2
98,-112647.9776,-832725.5551,Age0_F98_m65f65_P98_Y7_UO3194,I65_F69_m65f65_P98_Y0_UO3424,I65_F69_m84f84_P8_Y3_UO3855,MXY,0,0.0,0,0,0.0,0,0,0,0.0,0.375,1,P30_CV0,2,1,1,1,1,0,2,0,2
98,-112647.9776,-832725.5551,Age0_F98_m65f65_P98_Y7_UO3196,I65_F28_m-1f-1_P65_Y-1_U7,I65_F36_m85f85_P2_Y4_UO3931,FXX,0,0.0,0,0,0.0,0,0,0,0.0,0.1875,1,P30_CV0,2,0,2,1,1,0,2,0,2
98,-112647.9776,-832725.5551,Age0_F98_m65f65_P98_Y7_UO3198,I65_F69_m-1f-1_P31_Y-1_U12,ID65_F2_m84f84_P69_Y2_UO3915,FXX,0,0.0,0,0,0.0,0,0,0,0.0,0.25,1,P30_CV0,2,0,2,0,2,0,2,0,2
98,-112647.9776,-832725.5551,Age0_F98_m85f85_P98_Y7_UO4016,I85_F28_m25f25_P36_Y3_UO1314,ID85_F68_m31f31_P68_Y1_UO1400,MXY,0,0.0,0,0,0.0,0,0,0,0.0,0.5625,1,P30_CV0,2,1,1,1,1,0,2,0,2
98,-112647.9776,-832725.5551,E98_F63_m31f31_P68_Y6_UO1530,I31_F48_m31f31_P68_Y0_UO1615,I31_F68_m84f84_P8_Y3_UO3818,FXX,1,0.0,1,1,1.0,0,0,0,-9999.0,0.1875,1,P30_CV0,2,0,2,2,0,0,2,0,2
98,-112647.9776,-832725.5551,E98_F63_m84f84_P68_Y6_UO3883,I84_F68_m65f65_P68_Y4_UO3133,I84_F98_m65f65_P36_Y2_UO3108,FXX,1,0.0,1,1,1.0,0,0,0,-9999.0,0.625,1,P30_CV0,2,0,2,1,1,0,2,0,2
98,-112647.9776,-832725.5551,E98_F65_m31f31_P8_Y6_UO1537,ID31_F68_m-1f-1_P100_Y-1_U66,ID31_F8_m84f84_P68_Y4_UO3862,MXY,1,0.0,1,1,0.0,0,0,0,-9999.0,0.625,1,P30_CV0,2,1,1,2,0,0,2,0,2
98,-112647.9776,-832725.5551,E98_F65_m31f31_P8_Y6_UO1556,I31_F68_m-1f-1_P31_Y-1_U119,I31_F8_m65f65_P98_Y3_UO3142,MXY,1,0.0,1,1,0.0,0,0,0,-9999.0,0.6875,1,P30_CV0,2,1,1,1,1,0,2,0,2
98,-112647.9776,-832725.5551,E98_F65_m85f85_P28_Y6_UO4011,I85_F69_m85f85_P2_Y3_UO3959,I85_F21_m63f63_P69_Y4_UO2994,FXX,1,0.0,1,1,1.0,0,0,0,-9999.0,0.53125,1,P30_CV0,2,1,1,0,2,0,2,0,2
98,-112647.9776,-832725.5551,E98_F65_m31f31_P68_Y6_UO1550,I31_F8_m-1f-1_P31_Y-1_U85,I31_F48_m43f43_P48_Y0_UO2187,MXY,1,0.0,1,1,0.0,0,0,0,-9999.0,0.875,1,P30_CV0,2,2,0,1,1,0,2,0,2
98,-112647.9776,-832725.5551,E98_F65_m84f84_P98_Y6_UO3959,I84_F68_m-1f-1_P31_Y-1_U8,I84_F68_m-1f-1_P84_Y-1_U18,MXY,1,0.0,1,1,0.0,0,0,0,-9999.0,0.25,1,P30_CV0,2,0,2,2,0,0,2,0,2
98,-112647.9776,-832725.5551,E98_F84_m84f84_P68_Y6_UO3927,I84_F8_m31f31_P68_Y2_UO1511,ID84_F8_m-1f-1_P31_Y-1_U193,FXX,1,0.0,1,1,1.0,0,0,0,-9999.0,0.625,1,P30_CV0,2,1,1,1,1,0,2,0,2
98,-112647.9776,-832725.5551,E98_F84_m85f85_P69_Y6_UO4001,I85_F36_m65f65_P98_Y4_UO3072,ID85_F69_m85f85_P21_Y4_UO3966,FXX,1,0.0,1,1,1.0,0,0,0,-9999.0,0.6875,1,P30_CV0,2,2,0,1,1,0,2,0,2
98,-112647.9776,-832725.5551,E98_F85_m85f85_P28_Y6_UO4053,ID85_F69_m31f31_P68_Y0_UO1553,I85_F69_m95f95_P91_Y3_UO4482,FXX,1,0.0,1,1,1.0,0,0,0,-9999.0,0.625,1,P30_CV0,2,1,1,0,2,0,2,0,2
98,-112647.9776,-832725.5551,E98_F85_m65f65_P98_Y6_UO3178,I65_F68_m31f31_P68_Y1_UO1441,ID65_F8_m65f65_P8_Y4_UO3149,FXX,1,0.0,1,1,1.0,0,0,0,-9999.0,0.5,1,P30_CV0,2,1,1,0,2,0,2,0,2
98,-112647.9776,-832725.5551,E98_F65_m25f25_P98_Y5_UO1328,ID25_F69_m-1f-1_P85_Y-1_U184,ID25_F68_m-1f-1_P31_Y-1_U159,FXX,2,0.0,1,0,1.0,0,0,0,-9999.0,0.5,1,P30_CV0,2,1,1,1,1,0,2,0,2
98,-112647.9776,-832725.5551,E98_F65_m84f84_P8_Y3_UO3855,I84_F68_m-1f-1_P45_Y-1_U60,ID84_F49_m31f31_P68_Y1_UO1381,MXY,4,0.0,1,0,0.0,0,0,0,-9999.0,0.5,1,P30_CV0,2,1,1,1,1,0,2,0,2
98,-112647.9776,-832725.5551,E98_F65_m31f31_P8_Y2_UO1522,I31_F8_m-1f-1_P31_Y-1_U20,ID31_F36_m-1f-1_P25_Y-1_U5,FXX,5,0.0,1,0,1.0,0,0,0,-9999.0,0.5,1,P30_CV0,2,1,1,0,2,0,2,0,2
98,-112647.9776,-832725.5551,E98_F65_m31f31_P8_Y0_UO1536,R31_F31_m-1f-1_P31_Y-1_U5,R31_F31_m-1f-1_P31_Y-1_U58,FXX,7,0.0,1,0,1.0,0,0,0,-9999.0,0.5,1,P30_CV0,2,2,0,2,0,0,2,0,2
98,-112647.9776,-832725.5551,E98_F65_m-1f-1_P31_Y-1_U12,-9999,-9999,FXX,9,0.0,1,0,1.0,0,0,0,-9999.0,0.0,1,P30_CV0,2,0,2,1,1,0,2,0,2
98,-112647.9776,-832725.5551,E98_F63_m-1f-1_P31_Y-1_U176,-9999,-9999,FXX,12,0.0,1,0,1.0,0,0,0,-9999.0,0.0,1,P30_CV0,2,0,2,0,2,0,2,0,2
98,-112647.9776,-832725.5551,E98_F65_m40f40_P8_Y3_UO1912,I40_F57_m-1f-1_P40_Y-1_U65,I40_F57_m40f40_P6_Y1_UO1755,FXX,4,0.0,1,0,1.0,0,0,0,-9999.0,0.25,1,P39_CV0,2,0,2,1,1,0,2,0,2
98,-112647.9776,-832725.5551,E98_F94_m40f40_P99_Y0_UO1970,R40_F40_m-1f-1_P40_Y-1_U117,R40_F40_m-1f-1_P40_Y-1_U108,FXX,7,0.0,1,0,1.0,0,0,0,-9999.0,0.5,1,P39_CV0,2,2,0,2,0,0,2,0,2
98,-112647.9776,-832725.5551,E98_F94_m-1f-1_P40_Y-1_U167,-9999,-9999,FXX,15,0.0,1,0,1.0,0,0,0,-9999.0,0.5,1,P39_CV0,2,1,1,2,0,0,2,0,2
98,-112647.9776,-832725.5551,Age0_F98_m85f85_P98_Y7_UO3979,ID85_F98_m85f85_P36_Y5_UO3963,I85_F69_m-1f-1_P85_Y-1_U20,MXY,0,0.0,0,0,0.0,0,0,0,0.0,0.25,1,P41_CV0,2,0,2,0,2,0,2,0,2
98,-112647.9776,-832725.5551,E98_F31_m65f65_P68_Y6_UO3150,I65_F98_m63f63_P8_Y3_UO2991,ID65_F8_m65f65_P8_Y4_UO3149,FXX,1,0.0,1,1,1.0,0,0,0,-9999.0,0.4375,1,P41_CV0,2,1,1,0,2,0,2,0,2
98,-112647.9776,-832725.5551,E98_F65_m45f45_P8_Y6_UO2257,I45_F6_m-1f-1_P42_Y-1_U226,I45_F57_m90f90_P86_Y0_UO4568,FXX,1,0.0,1,1,1.0,0,0,0,-9999.0,0.5,1,P41_CV0,2,1,1,1,1,0,2,0,2
98,-112647.9776,-832725.5551,E98_F65_m40f40_P98_Y6_UO1925,ID40_F6_m92f92_P6_Y4_UO4334,I40_F98_m42f42_P99_Y2_UO1986,MXY,1,0.0,1,1,0.0,0,0,0,-9999.0,0.5,1,P41_CV0,2,0,2,1,1,0,2,0,2
98,-112647.9776,-832725.5551,E98_F85_m85f85_P36_Y5_UO3963,I85_F36_m58f58_P98_Y3_UO2769,I85_F8_m95f95_P91_Y3_UO4482,FXX,2,0.0,1,0,1.0,0,0,0,-9999.0,0.5,1,P41_CV0,2,0,2,0,2,0,2,0,2
98,-112647.9776,-832725.5551,Age0_F98_m65f65_P98_Y7_UO3128,ID65_F2_m25f25_P98_Y5_UO1328,I65_F28_m84f84_P36_Y3_UO3880,FXX,0,0.0,0,0,0.0,0,0,0,0.0,0.375,1,P44_CV0,2,1,1,1,1,0,2,0,2
98,-112647.9776,-832725.5551,Age0_F98_m65f65_P98_Y7_UO3129,I65_F98_m58f58_P98_Y5_UO2716,I65_F68_m84f84_P68_Y5_UO3907,FXX,0,0.0,0,0,0.0,0,0,0,0.0,0.4375,1,P44_CV0,2,0,2,2,0,0,2,0,2
98,-112647.9776,-832725.5551,E98_F25_m84f84_P8_Y6_UO3972,I84_F8_m-1f-1_P65_Y-1_U45,I84_F68_m-1f-1_P45_Y-1_U4,FXX,1,0.0,1,1,1.0,0,0,0,-9999.0,0.25,1,P44_CV0,2,0,2,0,2,0,2,0,2
98,-112647.9776,-832725.5551,E98_F65_m45f45_P8_Y4_UO2178,I45_F6_m-1f-1_P45_Y-1_U151,I45_F86_m-1f-1_P90_Y-1_U153,FXX,3,0.0,1,0,1.0,0,0,0,-9999.0,0.75,1,P44_CV0,2,2,0,0,2,0,2,0,2
98,-112647.9776,-832725.5551,E98_F94_m95f95_P81_Y6_UO4517,I95_F91_m95f95_P91_Y4_UO4477,I95_F91_m47f47_P64_Y3_UO2318,FXX,1,0.0,1,1,1.0,0,0,0,-9999.0,0.4375,1,P46_CV0,2,1,1,1,1,0,2,0,2
98,-112647.9776,-832725.5551,E98_F94_m47f47_P81_Y5_UO2346,ID47_F81_m-1f-1_P47_Y-1_U38,I47_F81_m-1f-1_P47_Y-1_U89,MXY,2,0.0,1,0,0.0,0,0,0,-9999.0,0.5,1,P46_CV0,2,1,1,0,2,0,2,0,2
98,-112647.9776,-832725.5551,Age0_F98_m58f58_P98_Y7_UO2717,I58_F99_m94f94_P81_Y4_UO4399,ID58_F81_m50f50_P99_Y3_UO2382,MXY,0,0.0,0,0,0.0,0,0,0,0.0,0.4375,1,P49_CV0,2,0,2,0,2,0,2,0,2
98,-112647.9776,-832725.5551,E98_F65_m45f45_P98_Y6_UO2241,ID45_F6_m65f65_P8_Y0_UO3380,I45_F57_m40f40_P6_Y1_UO1780,MXY,1,0.0,1,1,0.0,0,0,0,-9999.0,0.25,1,P49_CV0,2,0,2,1,1,0,2,0,2
98,-112647.9776,-832725.5551,E98_F94_m80f80_P81_Y6_UO3772,I80_F81_m58f58_P81_Y2_UO2717,ID80_F72_m80f80_P72_Y4_UO3667,FXX,1,0.0,1,1,1.0,0,0,0,-9999.0,0.40625,1,P49_CV0,2,1,1,0,2,0,2,0,2
98,-112647.9776,-832725.5551,E98_F40_m45f45_P6_Y5_UO2171,I45_F6_m50f50_P6_Y2_UO2447,ID45_F6_m85f85_P8_Y0_UO4264,MXY,2,0.0,1,0,0.0,0,0,0,-9999.0,0.5,1,P49_CV0,2,0,2,0,2,0,2,0,2
98,-112647.9776,-832725.5551,E98_F31_m50f50_P6_Y4_UO2433,ID50_F99_m-1f-1_P58_Y-1_U89,I50_F99_m-1f-1_P50_Y-1_U97,MXY,3,0.0,1,0,0.0,0,0,0,-9999.0,0.0,1,P49_CV0,2,0,2,0,2,0,2,0,2
98,-112647.9776,-832725.5551,E98_F94_m-1f-1_P50_Y-1_U83,-9999,-9999,FXX,11,0.0,1,0,1.0,0,0,0,-9999.0,0.5,1,P49_CV0,2,1,1,1,1,0,2,0,2
98,-112647.9776,-832725.5551,Age0_F98_m65f65_P98_Y7_UO3169,I65_F68_m94f94_P98_Y2_UO4433,I65_F98_m-1f-1_P65_Y-1_U118,FXX,0,0.0,0,0,0.0,0,0,0,0.0,0.375,1,P4_CV0,2,1,1,1,1,0,2,0,2
98,-112647.9776,-832725.5551,Age0_F98_m84f84_P98_Y7_UO3944,I84_F8_m-1f-1_P63_Y-1_U195,ID84_F68_m94f94_P98_Y4_UO4414,MXY,0,0.0,0,0,0.0,0,0,0,0.0,0.5,1,P4_CV0,2,1,1,2,0,0,2,0,2
98,-112647.9776,-832725.5551,Age0_F98_m94f94_P98_Y7_UO4480,I94_F81_m-1f-1_P40_Y-1_U167,I94_F91_m5f5_P81_Y5_UO349,MXY,0,0.0,0,0,0.0,0,0,0,0.0,0.5,1,P4_CV0,2,2,0,2,0,0,2,0,2
98,-112647.9776,-832725.5551,E98_F65_m94f94_P98_Y2_UO4433,I94_F81_m-1f-1_P5_Y-1_U127,I94_F81_m-1f-1_P94_Y-1_U46,FXX,5,0.0,1,0,1.0,0,0,0,-9999.0,0.25,1,P4_CV0,2,1,1,2,0,0,2,0,2
98,-112647.9776,-832725.5551,Age0_F98_m94f94_P98_Y7_UO4475,ID94_F99_m-1f-1_P50_Y-1_U83,I94_F99_m58f58_P81_Y1_UO2668,FXX,0,0.0,0,0,0.0,0,0,0,0.0,0.5,1,P57_CV0,2,1,1,2,0,0,2,0,2
98,-112647.9776,-832725.5551,E98_F94_m50f50_P99_Y6_UO2483,ID50_F99_m-1f-1_P58_Y-1_U141,I50_F99_m-1f-1_P42_Y-1_U246,MXY,1,0.0,1,1,0.0,0,0,0,-9999.0,0.5,1,P57_CV0,2,1,1,0,2,0,2,0,2
98,-112647.9776,-832725.5551,E98_F40_m40f40_P57_Y5_UO1933,I40_F8_m-1f-1_P58_Y-1_U172,I40_F6_m92f92_P6_Y2_UO4304,MXY,2,0.0,1,0,0.0,0,0,0,-9999.0,0.25,1,P57_CV0,2,0,2,0,2,0,2,0,2
98,-112647.9776,-832725.5551,E98_F94_m94f94_P81_Y5_UO4437,ID94_F91_m95f95_P91_Y0_UO4854,I94_F81_m5f5_P81_Y3_UO289,MXY,2,0.0,1,0,0.0,0,0,0,-9999.0,0.5625,1,P57_CV0,2,2,0,2,0,0,2,0,2
98,-112647.9776,-832725.5551,E98_F58_m50f50_P99_Y4_UO2415,I50_F99_m-1f-1_P92_Y-1_U141,ID50_F99_m-1f-1_P58_Y-1_U167,MXY,3,0.0,1,0,0.0,0,0,0,-9999.0,1.0,1,P57_CV0,2,2,0,1,1,0,2,0,2
98,-112647.9776,-832725.5551,Age0_F98_m31f31_P98_Y7_UO1498,I31_F8_m25f25_P8_Y3_UO1306,ID31_F48_m100f100_P49_Y5_UO4551,MXY,0,0.0,0,0,0.0,0,0,0,0.0,0.375,1,P62_CV0,2,1,1,2,0,0,2,0,2
98,-112647.9776,-832725.5551,Age0_F98_m65f65_P98_Y7_UO3151,ID65_F98_m65f65_P98_Y3_UO3145,I65_F98_m84f84_P68_Y2_UO3870,MXY,0,0.0,0,0,0.0,0,0,0,0.0,0.375,1,P62_CV0,2,1,1,0,2,0,2,0,2
98,-112647.9776,-832725.5551,Age0_F98_m65f65_P98_Y7_UO3171,I65_F68_m65f65_P98_Y2_UO3099,ID65_F8_m100f100_P48_Y3_UO4570,FXX,0,0.0,0,0,0.0,0,0,0,0.0,0.3125,1,P62_CV0,2,0,2,1,1,0,2,0,2
98,-112647.9776,-832725.5551,Age0_F98_m65f65_P98_Y7_UO3174,I65_F68_m31f31_P8_Y2_UO1497,ID65_F98_m31f31_P68_Y5_UO1510,FXX,0,0.0,0,0,0.0,0,0,0,0.0,0.4375,1,P62_CV0,2,1,1,2,0,0,2,0,2
98,-112647.9776,-832725.5551,Age0_F98_m65f65_P98_Y7_UO3179,ID65_F98_m84f84_P68_Y1_UO3652,ID65_F98_m25f25_P8_Y4_UO1315,FXX,0,0.0,0,0,0.0,0,0,0,0.0,0.75,1,P62_CV0,2,1,1,1,1,0,2,0,2
98,-112647.9776,-832725.5551,Age0_F98_m65f65_P98_Y7_UO3182,ID65_F2_m65f65_P8_Y1_UO3022,I65_F91_m63f63_P8_Y4_UO2976,FXX,0,0.0,0,0,0.0,0,0,0,0.0,0.375,1,P62_CV0,2,1,1,0,2,0,2,0,2
98,-112647.9776,-832725.5551,Age0_F98_m65f65_P98_Y7_UO3193,I65_F69_m63f63_P68_Y0_UO3308,I65_F21_m65f65_P68_Y4_UO3082,MXY,0,0.0,0,0,0.0,0,0,0,0.0,0.3125,1,P62_CV0,2,1,1,2,0,0,2,0,2
98,-112647.9776,-832725.5551,E98_F63_m63f63_P68_Y6_UO3083,I63_F8_m-1f-1_P63_Y-1_U249,I63_F68_m84f84_P8_Y1_UO3672,FXX,1,0.0,1,1,1.0,0,0,0,-9999.0,0.375,1,P62_CV0,2,1,1,1,1,0,2,0,2
98,-112647.9776,-832725.5551,E98_F65_m63f63_P8_Y6_UO3094,I63_F8_m-1f-1_P63_Y-1_U13,I63_F8_m-1f-1_P63_Y-1_U142,MXY,1,0.0,1,1,0.0,0,0,0,-9999.0,0.5,1,P62_CV0,2,2,0,0,2,0,2,0,2
98,-112647.9776,-832725.5551,E98_F65_m65f65_P98_Y6_UO3155,I65_F8_m65f65_P98_Y3_UO3145,I65_F98_m65f65_P8_Y3_UO3146,FXX,1,0.0,1,1,1.0,0,0,0,-9999.0,0.4375,1,P62_CV0,2,2,0,1,1,0,2,0,2
98,-112647.9776,-832725.5551,E98_F84_m25f25_P68_Y6_UO1312,ID25_F8_m84f84_P68_Y2_UO3894,ID25_F8_m25f25_P68_Y1_UO1231,FXX,1,0.0,1,1,1.0,0,0,0,-9999.0,0.375,1,P62_CV0,2,1,1,1,1,0,2,0,2
98,-112647.9776,-832725.5551,E98_F84_m84f84_P68_Y6_UO3962,I84_F8_m-1f-1_P84_Y-1_U65,I84_F8_m63f63_P8_Y3_UO3010,MXY,1,0.0,1,1,0.0,0,0,0,-9999.0,0.125,1,P62_CV0,2,1,1,1,1,0,2,0,2
98,-112647.9776,-832725.5551,E98_F85_m85f85_P2_Y6_UO4027,ID85_F68_m63f63_P8_Y2_UO3027,ID85_F36_m84f84_P69_Y4_UO3866,FXX,1,0.0,1,1,1.0,0,0,0,-9999.0,0.1875,1,P62_CV0,2,0,2,2,0,0,2,0,2
98,-112647.9776,-832725.5551,E98_F63_m85f85_P98_Y5_UO4013,I85_F69_m-1f-1_P63_Y-1_U128,I85_F28_m63f63_P69_Y0_UO3330,FXX,2,0.0,1,0,1.0,0,0,0,-9999.0,0.625,1,P62_CV0,2,1,1,1,1,0,2,0,2
98,-112647.9776,-832725.5551,E98_F65_m25f25_P68_Y5_UO1335,I25_F8_m-1f-1_P63_Y-1_U118,I25_F68_m63f63_P8_Y1_UO2915,MXY,2,0.0,1,0,0.0,0,0,0,-9999.0,0.125,1,P62_CV0,2,1,1,0,2,0,2,0,2
98,-112647.9776,-832725.5551,E98_F65_m45f45_P8_Y5_UO2184,I45_F6_m63f63_P68_Y1_UO2895,ID45_F8_m-1f-1_P45_Y-1_U30,FXX,2,0.0,1,0,1.0,0,0,0,-9999.0,0.375,1,P62_CV0,2,0,2,0,2,0,2,0,2
98,-112647.9776,-832725.5551,E98_F65_m65f65_P8_Y5_UO3116,I65_F8_m45f45_P8_Y3_UO2205,I65_F68_m63f63_P98_Y0_UO3240,FXX,2,0.0,1,0,1.0,0,0,0,-9999.0,0.5,1,P62_CV0,2,1,1,0,2,0,2,0,2
98,-112647.9776,-832725.5551,E98_F65_m31f31_P68_Y4_UO1470,I31_F8_m65f65_P8_Y2_UO3141,I31_F8_m-1f-1_P63_Y-1_U69,FXX,3,0.0,1,0,1.0,0,0,0,-9999.0,0.5,1,P62_CV0,2,1,1,2,0,0,2,0,2
98,-112647.9776,-832725.5551,E98_F25_m25f25_P8_Y3_UO1312,I25_F8_m-1f-1_P25_Y-1_U77,I25_F68_m63f63_P8_Y1_UO2879,MXY,4,0.0,1,0,0.0,0,0,0,-9999.0,0.25,1,P62_CV0,2,0,2,0,2,0,2,0,2
98,-112647.9776,-832725.5551,E98_F31_m25f25_P8_Y3_UO1306,I25_F8_m-1f-1_P25_Y-1_U132,I25_F69_m63f63_P8_Y0_UO3275,FXX,4,0.0,1,0,1.0,0,0,0,-9999.0,0.625,1,P62_CV0,2,1,1,1,1,0,2,0,2
98,-112647.9776,-832725.5551,E98_F65_m65f65_P98_Y2_UO3099,I65_F8_m63f63_P36_Y0_UO3256,I65_F8_m-1f-1_P65_Y-1_U127,FXX,5,0.0,1,0,1.0,0,0,0,-9999.0,0.125,1,P62_CV0,2,0,2,2,0,0,2,0,2
98,-112647.9776,-832725.5551,E98_F65_m31f31_P8_Y2_UO1497,ID31_F8_m-1f-1_P63_Y-1_U167,I31_F68_m-1f-1_P31_Y-1_U3,FXX,5,0.0,1,0,1.0,0,0,0,-9999.0,0.25,1,P62_CV0,2,1,1,2,0,0,2,0,2
98,-112647.9776,-832725.5551,E98_F65_m63f63_P68_Y0_UO3308,R63_F63_m-1f-1_P63_Y-1_U180,R63_F63_m-1f-1_P63_Y-1_U10,FXX,7,0.0,1,0,1.0,0,0,0,-9999.0,0.25,1,P62_CV0,2,0,2,1,1,0,2,0,2
98,-112647.9776,-832725.5551,E98_F84_m-1f-1_P63_Y-1_U195,-9999,-9999,FXX,8,0.0,1,0,1.0,0,0,0,-9999.0,0.5,1,P62_CV0,2,1,1,2,0,0,2,0,2
98,-112647.9776,-832725.5551,Age0_F98_m65f65_P98_Y7_UO3115,I65_F98_m85f85_P69_Y5_UO3978,I65_F98_m65f65_P68_Y3_UO3101,MXY,0,0.0,0,0,0.0,0,0,0,0.0,0.4375,1,P64_CV0,2,1,1,0,2,0,2,0,2
98,-112647.9776,-832725.5551,Age0_F98_m65f65_P98_Y7_UO3116,I65_F8_m65f65_P98_Y5_UO3144,I65_F98_m40f40_P98_Y4_UO1917,FXX,0,0.0,0,0,0.0,0,0,0,0.0,0.46875,1,P64_CV0,2,1,1,0,2,0,2,0,2
98,-112647.9776,-832725.5551,Age0_F98_m65f65_P98_Y7_UO3158,I65_F69_m65f65_P98_Y3_UO3153,I65_F36_m63f63_P69_Y5_UO3050,MXY,0,0.0,0,0,0.0,0,0,0,0.0,0.6875,1,P64_CV0,2,2,0,2,0,0,2,0,2
98,-112647.9776,-832725.5551,Age0_F98_m65f65_P98_Y7_UO3186,I65_F98_m85f85_P98_Y1_UO3755,I65_F98_m-1f-1_P65_Y-1_U118,MXY,0,0.0,0,0,0.0,0,0,0,0.0,0.375,1,P64_CV0,2,1,1,0,2,0,2,0,2
98,-112647.9776,-832725.5551,Age0_F98_m65f65_P98_Y7_UO3208,ID65_F36_m-1f-1_P65_Y-1_U32,ID65_F8_m-1f-1_P90_Y-1_U78,MXY,0,0.0,0,0,0.0,0,0,0,0.0,0.5,1,P64_CV0,2,2,0,1,1,0,2,0,2
98,-112647.9776,-832725.5551,Age0_F98_m65f65_P98_Y7_UO3209,ID65_F69_m-1f-1_P25_Y-1_U26,I65_F98_m-1f-1_P65_Y-1_U223,MXY,0,0.0,0,0,0.0,0,0,0,0.0,0.75,1,P64_CV0,2,2,0,1,1,0,2,0,2
98,-112647.9776,-832725.5551,Age0_F98_m85f85_P98_Y7_UO3971,I85_F69_m65f65_P69_Y5_UO3191,ID85_F69_m94f94_P91_Y2_UO4398,MXY,0,0.0,0,0,0.0,0,0,0,0.0,0.5625,1,P64_CV0,2,1,1,0,2,0,2,0,2
98,-112647.9776,-832725.5551,Age0_F98_m85f85_P98_Y7_UO4028,ID85_F69_m65f65_P36_Y2_UO3170,I85_F21_m84f84_P36_Y5_UO3890,FXX,0,0.0,0,0,0.0,0,0,0,0.0,0.625,1,P64_CV0,2,1,1,1,1,0,2,0,2
98,-112647.9776,-832725.5551,E98_F65_m65f65_P28_Y6_UO3206,I65_F36_m-1f-1_P65_Y-1_U150,I65_F8_m11f11_P69_Y0_UO681,FXX,1,0.0,1,1,1.0,0,0,0,-9999.0,0.25,1,P64_CV0,2,1,1,1,1,0,2,0,2
98,-112647.9776,-832725.5551,E98_F65_m84f84_P36_Y6_UO3874,I84_F68_m31f31_P68_Y4_UO1539,ID84_F68_m84f84_P8_Y4_UO3827,FXX,1,0.0,1,1,1.0,0,0,0,-9999.0,0.46875,1,P64_CV0,2,1,1,0,2,0,2,0,2
98,-112647.9776,-832725.5551,E98_F65_m65f65_P98_Y6_UO3145,I65_F98_m63f63_P8_Y3_UO2999,I65_F28_m-1f-1_P65_Y-1_U77,FXX,1,0.0,1,1,1.0,0,0,0,-9999.0,0.875,1,P64_CV0,2,2,0,0,2,0,2,0,2
98,-112647.9776,-832725.5551,E98_F85_m84f84_P98_Y6_UO3882,I84_F8_m85f85_P69_Y4_UO3925,I84_F68_m65f65_P68_Y3_UO3135,FXX,1,0.0,1,1,1.0,0,0,0,-9999.0,0.5,1,P64_CV0,2,2,0,1,1,0,2,0,2
98,-112647.9776,-832725.5551,E98_F85_m65f65_P36_Y6_UO3218,ID65_F69_m-1f-1_P65_Y-1_U32,ID65_F8_m-1f-1_P25_Y-1_U93,MXY,1,0.0,1,1,0.0,0,0,0,-9999.0,0.5,1,P64_CV0,2,0,2,2,0,0,2,0,2
98,-112647.9776,-832725.5551,E98_F85_m65f65_P98_Y6_UO3123,ID65_F8_m65f65_P68_Y4_UO3148,ID65_F69_m63f63_P8_Y4_UO2991,MXY,1,0.0,1,1,0.0,0,0,0,-9999.0,0.5,1,P64_CV0,2,2,0,0,2,0,2,0,2
98,-112647.9776,-832725.5551,E98_F85_m85f85_P36_Y6_UO3994,I85_F69_m85f85_P69_Y4_UO3938,I85_F69_m-1f-1_P84_Y-1_U120,MXY,1,0.0,1,1,0.0,0,0,0,-9999.0,0.5625,1,P64_CV0,2,1,1,2,0,0,2,0,2
98,-112647.9776,-832725.5551,E98_F65_m65f65_P98_Y5_UO3144,I65_F68_m85f85_P69_Y2_UO3958,I65_F57_m-1f-1_P85_Y-1_U103,FXX,2,0.0,1,0,1.0,0,0,0,-9999.0,0.375,1,P64_CV0,2,1,1,0,2,0,2,0,2
98,-112647.9776,-832725.5551,E98_F85_m65f65_P69_Y5_UO3191,I65_F8_m-1f-1_P65_Y-1_U111,I65_F98_m94f94_P98_Y1_UO4208,FXX,2,0.0,1,0,1.0,0,0,0,-9999.0,0.625,1,P64_CV0,2,2,0,0,2,0,2,0,2
98,-112647.9776,-832725.5551,E98_F31_m25f25_P68_Y4_UO1245,I25_F68_m65f65_P8_Y2_UO3124,I25_F49_m-1f-1_P65_Y-1_U56,MXY,3,0.0,1,0,0.0,0,0,0,-9999.0,0.25,1,P64_CV0,2,1,1,1,1,0,2,0,2
98,-112647.9776,-832725.5551,E98_F63_m84f84_P68_Y4_UO3880,ID84_F68_m-1f-1_P45_Y-1_U171,I84_F8_m65f65_P36_Y1_UO2954,FXX,3,0.0,1,0,1.0,0,0,0,-9999.0,0.75,1,P64_CV0,2,2,0,1,1,0,2,0,2
98,-112647.9776,-832725.5551,E98_F65_m65f65_P98_Y3_UO3145,I65_F8_m-1f-1_P65_Y-1_U45,I65_F69_m-1f-1_P65_Y-1_U195,FXX,4,0.0,1,0,1.0,0,0,0,-9999.0,0.5,1,P64_CV0,2,1,1,1,1,0,2,0,2
98,-112647.9776,-832725.5551,E98_F65_m65f65_P98_Y3_UO3153,ID65_F8_m-1f-1_P84_Y-1_U141,I65_F36_m-1f-1_P65_Y-1_U79,FXX,4,0.0,1,0,1.0,0,0,0,-9999.0,0.75,1,P64_CV0,2,2,0,1,1,0,2,0,2
98,-112647.9776,-832725.5551,E98_F65_m65f65_P98_Y3_UO3108,I65_F8_m65f65_P68_Y0_UO3387,I65_F28_m-1f-1_P65_Y-1_U123,FXX,4,0.0,1,0,1.0,0,0,0,-9999.0,0.5,1,P64_CV0,2,0,2,0,2,0,2,0,2
98,-112647.9776,-832725.5551,E98_F65_m65f65_P68_Y3_UO3128,I65_F98_m-1f-1_P65_Y-1_U116,I65_F98_m-1f-1_P65_Y-1_U242,MXY,4,0.0,1,0,0.0,0,0,0,-9999.0,0.75,1,P64_CV0,2,1,1,2,0,0,2,0,2
98,-112647.9776,-832725.5551,E98_F84_m65f65_P68_Y3_UO3155,ID65_F98_m-1f-1_P65_Y-1_U163,I65_F69_m65f65_P98_Y1_UO2975,MXY,4,0.0,1,0,0.0,0,0,0,-9999.0,0.375,1,P64_CV0,2,0,2,0,2,0,2,0,2
98,-112647.9776,-832725.5551,E98_F65_m85f85_P69_Y2_UO3958,I85_F36_m-1f-1_P65_Y-1_U31,I85_F8_m-1f-1_P65_Y-1_U51,FXX,5,0.0,1,0,1.0,0,0,0,-9999.0,0.25,1,P64_CV0,2,0,2,1,1,0,2,0,2
98,-112647.9776,-832725.5551,E98_F84_m84f84_P8_Y2_UO3841,ID84_F68_m84f84_P68_Y0_UO4211,I84_F8_m65f65_P8_Y0_UO3370,MXY,5,0.0,1,0,0.0,0,0,0,-9999.0,0.375,1,P64_CV0,2,0,2,1,1,0,2,0,2
98,-112647.9776,-832725.5551,E98_F85_m65f65_P36_Y2_UO3170,I65_F8_m-1f-1_P65_Y-1_U239,ID65_F98_m-1f-1_P65_Y-1_U138,FXX,5,0.0,1,0,1.0,0,0,0,-9999.0,0.75,1,P64_CV0,2,2,0,1,1,0,2,0,2
98,-112647.9776,-832725.5551,E98_F85_m65f65_P98_Y2_UO3159,I65_F8_m-1f-1_P65_Y-1_U47,I65_F98_m65f65_P8_Y0_UO3406,MXY,5,0.0,1,0,0.0,0,0,0,-9999.0,0.625,1,P64_CV0,2,1,1,0,2,0,2,0,2
98,-112647.9776,-832725.5551,E98_F65_m65f65_P98_Y1_UO3006,I65_F98_m-1f-1_P65_Y-1_U155,ID65_F69_m-1f-1_P85_Y-1_U189,FXX,6,0.0,1,0,1.0,0,0,0,-9999.0,0.25,1,P64_CV0,2,0,2,1,1,0,2,0,2
98,-112647.9776,-832725.5551,E98_F65_m65f65_P8_Y1_UO3022,I65_F28_m-1f-1_P65_Y-1_U33,ID65_F69_m-1f-1_P85_Y-1_U103,FXX,6,0.0,1,0,1.0,0,0,0,-9999.0,0.5,1,P64_CV0,2,0,2,0,2,0,2,0,2
98,-112647.9776,-832725.5551,E98_F65_m65f65_P98_Y0_UO3424,R65_F65_m-1f-1_P65_Y-1_U247,R65_F65_m-1f-1_P65_Y-1_U186,FXX,7,0.0,1,0,1.0,0,0,0,-9999.0,0.25,1,P64_CV0,2,1,1,1,1,0,2,0,2
98,-112647.9776,-832725.5551,E98_F65_m-1f-1_P65_Y-1_U88,-9999,-9999,FXX,8,0.0,1,0,1.0,0,0,0,-9999.0,0.5,1,P64_CV0,2,1,1,1,1,0,2,0,2
98,-112647.9776,-832725.5551,E98_F85_m-1f-1_P65_Y-1_U92,-9999,-9999,MXY,8,0.0,1,0,0.0,0,0,0,-9999.0,0.0,1,P64_CV0,2,0,2,2,0,0,2,0,2
98,-112647.9776,-832725.5551,E98_F65_m-1f-1_P65_Y-1_U7,-9999,-9999,FXX,9,0.0,1,0,1.0,0,0,0,-9999.0,0.0,1,P64_CV0,2,0,2,1,1,0,2,0,2
98,-112647.9776,-832725.5551,E98_F65_m-1f-1_P65_Y-1_U94,-9999,-9999,MXY,10,0.0,1,0,0.0,0,0,0,-9999.0,0.5,1,P64_CV0,2,1,1,1,1,0,2,0,2
98,-112647.9776,-832725.5551,E98_F65_m-1f-1_P65_Y-1_U150,-9999,-9999,FXX,10,0.0,1,0,1.0,0,0,0,-9999.0,0.0,1,P64_CV0,2,0,2,1,1,0,2,0,2
98,-112647.9776,-832725.5551,E98_F65_m-1f-1_P65_Y-1_U223,-9999,-9999,MXY,11,0.0,1,0,0.0,0,0,0,-9999.0,0.5,1,P64_CV0,2,1,1,1,1,0,2,0,2
98,-112647.9776,-832725.5551,E98_F85_m-1f-1_P65_Y-1_U195,-9999,-9999,MXY,11,0.0,1,0,0.0,0,0,0,-9999.0,1.0,1,P64_CV0,2,2,0,0,2,0,2,0,2
98,-112647.9776,-832725.5551,E98_F65_m-1f-1_P65_Y-1_U118,-9999,-9999,MXY,12,0.0,1,0,0.0,0,0,0,-9999.0,0.5,1,P64_CV0,2,1,1,0,2,0,2,0,2
98,-112647.9776,-832725.5551,E98_F65_m-1f-1_P65_Y-1_U213,-9999,-9999,FXX,12,0.0,1,0,1.0,0,0,0,-9999.0,0.0,1,P64_CV0,2,0,2,1,1,0,2,0,2
98,-112647.9776,-832725.5551,E98_F65_m-1f-1_P65_Y-1_U101,-9999,-9999,MXY,13,0.0,1,0,0.0,0,0,0,-9999.0,0.5,1,P64_CV0,2,1,1,1,1,0,2,0,2
98,-112647.9776,-832725.5551,E98_F65_m-1f-1_P65_Y-1_U32,-9999,-9999,FXX,14,0.0,1,0,1.0,0,0,0,-9999.0,0.5,1,P64_CV0,2,1,1,2,0,0,2,0,2
98,-112647.9776,-832725.5551,Age0_F98_m94f94_P98_Y7_UO4471,I94_F91_m-1f-1_P94_Y-1_U131,ID94_F81_m-1f-1_P80_Y-1_U96,FXX,0,0.0,0,0,0.0,0,0,0,0.0,0.75,1,P79_CV0,2,2,0,1,1,0,2,0,2
98,-112647.9776,-832725.5551,E98_F65_m94f94_P28_Y6_UO4488,I94_F81_m94f94_P81_Y0_UO4709,I94_F81_m-1f-1_P80_Y-1_U95,FXX,1,0.0,1,1,1.0,0,0,0,-9999.0,0.125,1,P79_CV0,2,0,2,1,1,0,2,0,2
98,-112647.9776,-832725.5551,E98_F85_m94f94_P98_Y6_UO4508,ID94_F81_m-1f-1_P58_Y-1_U30,I94_F81_m-1f-1_P80_Y-1_U95,FXX,1,0.0,1,1,1.0,0,0,0,-9999.0,0.5,1,P79_CV0,2,1,1,1,1,0,2,0,2
98,-112647.9776,-832725.5551,E98_F65_m58f58_P98_Y5_UO2716,I58_F98_m80f80_P72_Y3_UO3700,I58_F91_m58f58_P99_Y2_UO2777,FXX,2,0.0,1,0,1.0,0,0,0,-9999.0,0.625,1,P79_CV0,2,0,2,1,1,0,2,0,2
98,-112647.9776,-832725.5551,E98_F94_m58f58_P99_Y4_UO2739,ID58_F6_m-1f-1_P50_Y-1_U161,I58_F6_m80f80_P72_Y1_UO3531,MXY,3,0.0,1,0,0.0,0,0,0,-9999.0,0.25,1,P79_CV0,2,0,2,1,1,0,2,0,2
98,-112647.9776,-832725.5551,E98_F94_m5f5_P81_Y2_UO339,I5_F72_m-1f-1_P5_Y-1_U207,ID5_F81_m-1f-1_P80_Y-1_U66,FXX,5,0.0,1,0,1.0,0,0,0,-9999.0,0.25,1,P79_CV0,2,0,2,0,2,0,2,0,2
98,-112647.9776,-832725.5551,Age0_F98_m65f65_P98_Y7_UO3132,I65_F69_m45f45_P8_Y5_UO2184,I65_F68_m84f84_P8_Y4_UO3861,FXX,0,0.0,0,0,0.0,0,0,0,0.0,0.3125,1,P83_CV0,2,0,2,1,1,0,2,0,2
98,-112647.9776,-832725.5551,Age0_F98_m65f65_P98_Y7_UO3135,I65_F68_m65f65_P69_Y5_UO3137,ID65_F36_m85f85_P28_Y4_UO3908,FXX,0,0.0,0,0,0.0,0,0,0,0.0,0.4375,1,P83_CV0,2,0,2,2,0,0,2,0,2
98,-112647.9776,-832725.5551,Age0_F98_m65f65_P98_Y7_UO3149,I65_F69_m63f63_P8_Y4_UO3031,I65_F8_m84f84_P8_Y0_UO4184,FXX,0,0.0,0,0,0.0,0,0,0,0.0,0.5,1,P83_CV0,2,1,1,0,2,0,2,0,2
98,-112647.9776,-832725.5551,Age0_F98_m65f65_P98_Y7_UO3166,I65_F8_m65f65_P98_Y3_UO3108,ID65_F8_m63f63_P8_Y4_UO2995,MXY,0,0.0,0,0,0.0,0,0,0,0.0,0.4375,1,P83_CV0,2,1,1,0,2,0,2,0,2
98,-112647.9776,-832725.5551,Age0_F98_m65f65_P98_Y7_UO3202,ID65_F68_m-1f-1_P84_Y-1_U11,I65_F8_m65f65_P98_Y3_UO3115,FXX,0,0.0,0,0,0.0,0,0,0,0.0,0.5,1,P83_CV0,2,2,0,2,0,0,2,0,2
98,-112647.9776,-832725.5551,E98_F25_m25f25_P68_Y6_UO1317,I25_F68_m25f25_P69_Y1_UO1236,I25_F8_m31f31_P68_Y2_UO1516,FXX,1,0.0,1,1,1.0,0,0,0,-9999.0,0.5,1,P83_CV0,2,1,1,0,2,0,2,0,2
98,-112647.9776,-832725.5551,E98_F63_m31f31_P8_Y6_UO1512,I31_F8_m65f65_P68_Y2_UO3173,I31_F68_m31f31_P68_Y4_UO1540,MXY,1,0.0,1,1,0.0,0,0,0,-9999.0,0.875,1,P83_CV0,2,2,0,0,2,0,2,0,2
98,-112647.9776,-832725.5551,E98_F65_m63f63_P8_Y6_UO3039,ID63_F68_m84f84_P68_Y3_UO3822,I63_F68_m84f84_P68_Y4_UO3898,MXY,1,0.0,1,1,0.0,0,0,0,-9999.0,0.1875,1,P83_CV0,2,1,1,1,1,0,2,0,2
98,-112647.9776,-832725.5551,E98_F65_m40f40_P98_Y6_UO1926,I40_F6_m58f58_P99_Y4_UO2720,ID40_F8_m84f84_P68_Y3_UO3853,FXX,1,0.0,1,1,1.0,0,0,0,-9999.0,0.25,1,P83_CV0,2,1,1,1,1,0,2,0,2
98,-112647.9776,-832725.5551,E98_F65_m63f63_P98_Y6_UO3051,I63_F69_m65f65_P8_Y2_UO3096,ID63_F68_m84f84_P69_Y0_UO4202,FXX,1,0.0,1,1,1.0,0,0,0,-9999.0,0.625,1,P83_CV0,2,1,1,1,1,0,2,0,2
98,-112647.9776,-832725.5551,E98_F65_m65f65_P98_Y6_UO3201,I65_F36_m84f84_P68_Y0_UO4175,I65_F8_m-1f-1_P84_Y-1_U117,FXX,1,0.0,1,1,1.0,0,0,0,-9999.0,0.25,1,P83_CV0,2,1,1,0,2,0,2,0,2
98,-112647.9776,-832725.5551,E98_F85_m63f63_P68_Y6_UO3029,I63_F8_m65f65_P8_Y3_UO3118,I63_F8_m31f31_P8_Y3_UO1473,MXY,1,0.0,1,1,0.0,0,0,0,-9999.0,0.4375,1,P83_CV0,2,0,2,1,1,0,2,0,2
98,-112647.9776,-832725.5551,E98_F85_m85f85_P36_Y6_UO4000,ID85_F69_m95f95_P28_Y4_UO4535,I85_F28_m65f65_P36_Y4_UO3088,FXX,1,0.0,1,1,1.0,0,0,0,-9999.0,0.5,1,P83_CV0,2,1,1,2,0,0,2,0,2
98,-112647.9776,-832725.5551,E98_F65_m63f63_P69_Y5_UO3068,I63_F8_m-1f-1_P84_Y-1_U42,I63_F8_m84f84_P68_Y2_UO3870,MXY,2,0.0,1,0,0.0,0,0,0,-9999.0,0.625,1,P83_CV0,2,1,1,0,2,0,2,0,2
98,-112647.9776,-832725.5551,E98_F65_m65f65_P69_Y5_UO3137,I65_F8_m84f84_P68_Y2_UO3853,I65_F8_m94f94_P91_Y2_UO4402,FXX,2,0.0,1,0,1.0,0,0,0,-9999.0,0.625,1,P83_CV0,2,0,2,1,1,0,2,0,2
98,-112647.9776,-832725.5551,E98_F85_m63f63_P8_Y5_UO2997,I63_F8_m31f31_P8_Y3_UO1512,I63_F8_m40f40_P8_Y3_UO1926,MXY,2,0.0,1,0,0.0,0,0,0,-9999.0,0.625,1,P83_CV0,2,2,0,1,1,0,2,0,2
98,-112647.9776,-832725.5551,E98_F65_m63f63_P8_Y4_UO3031,ID63_F48_m-1f-1_P43_Y-1_U166,ID63_F8_m84f84_P68_Y1_UO3709,FXX,3,0.0,1,0,1.0,0,0,0,-9999.0,0.5,1,P83_CV0,2,2,0,1,1,0,2,0,2
98,-112647.9776,-832725.5551,E98_F25_m84f84_P36_Y3_UO3884,I84_F69_m-1f-1_P84_Y-1_U77,I84_F36_m-1f-1_P84_Y-1_U38,FXX,4,0.0,1,0,1.0,0,0,0,-9999.0,0.5,1,P83_CV0,2,1,1,2,0,0,2,0,2
98,-112647.9776,-832725.5551,E98_F65_m84f84_P68_Y1_UO3652,I84_F68_m-1f-1_P84_Y-1_U213,ID84_F69_m-1f-1_P85_Y-1_U11,FXX,6,0.0,1,0,1.0,0,0,0,-9999.0,1.0,1,P83_CV0,2,2,0,0,2,0,2,0,2
98,-112647.9776,-832725.5551,E98_F65_m-1f-1_P84_Y-1_U66,-9999,-9999,MXY,8,0.0,1,0,0.0,0,0,0,-9999.0,0.5,1,P83_CV0,2,1,1,2,0,0,2,0,2
98,-112647.9776,-832725.5551,E98_F65_m-1f-1_P84_Y-1_U11,-9999,-9999,FXX,11,0.0,1,0,1.0,0,0,0,-9999.0,0.5,1,P83_CV0,2,1,1,1,1,0,2,0,2
98,-112647.9776,-832725.5551,Age0_F98_m25f25_P98_Y7_UO1298,I25_F68_m84f84_P36_Y3_UO3884,I25_F68_m85f85_P68_Y2_UO3956,MXY,0,0.0,0,0,0.0,0,0,0,0.0,0.375,1,P84_CV0,2,2,0,2,0,0,2,0,2
98,-112647.9776,-832725.5551,Age0_F98_m25f25_P98_Y7_UO1300,I25_F68_m25f25_P68_Y3_UO1243,ID25_F36_m65f65_P8_Y4_UO3129,MXY,0,0.0,0,0,0.0,0,0,0,0.0,0.5,1,P84_CV0,2,1,1,2,0,0,2,0,2
98,-112647.9776,-832725.5551,Age0_F98_m63f63_P98_Y7_UO3001,I63_F28_m85f85_P98_Y5_UO4013,I63_F36_m25f25_P68_Y4_UO1300,MXY,0,0.0,0,0,0.0,0,0,0,0.0,0.59375,1,P84_CV0,2,1,1,1,1,0,2,0,2
98,-112647.9776,-832725.5551,Age0_F98_m63f63_P98_Y7_UO3042,I63_F8_m84f84_P68_Y4_UO3880,I63_F8_m65f65_P8_Y2_UO3103,FXX,0,0.0,0,0,0.0,0,0,0,0.0,0.6875,1,P84_CV0,2,2,0,0,2,0,2,0,2
98,-112647.9776,-832725.5551,Age0_F98_m63f63_P98_Y7_UO3087,I63_F68_m85f85_P69_Y0_UO4303,I63_F68_m-1f-1_P25_Y-1_U73,MXY,0,0.0,0,0,0.0,0,0,0,0.0,0.375,1,P84_CV0,2,1,1,2,0,0,2,0,2
98,-112647.9776,-832725.5551,Age0_F98_m65f65_P98_Y7_UO3113,I65_F98_m65f65_P98_Y5_UO3142,I65_F69_m-1f-1_P85_Y-1_U102,MXY,0,0.0,0,0,0.0,0,0,0,0.0,0.6875,1,P84_CV0,2,1,1,0,2,0,2,0,2
98,-112647.9776,-832725.5551,Age0_F98_m65f65_P98_Y7_UO3134,I65_F69_m65f65_P8_Y5_UO3116,ID65_F8_m85f85_P8_Y2_UO3949,FXX,0,0.0,0,0,0.0,0,0,0,0.0,0.5,1,P84_CV0,2,2,0,1,1,0,2,0,2
98,-112647.9776,-832725.5551,Age0_F98_m65f65_P98_Y7_UO3140,I65_F69_m45f45_P8_Y4_UO2178,ID65_F8_m85f85_P8_Y2_UO3949,MXY,0,0.0,0,0,0.0,0,0,0,0.0,0.625,1,P84_CV0,2,1,1,1,1,0,2,0,2
98,-112647.9776,-832725.5551,Age0_F98_m65f65_P98_Y7_UO3178,ID65_F36_m85f85_P36_Y2_UO3999,I65_F8_m-1f-1_P65_Y-1_U101,FXX,0,0.0,0,0,0.0,0,0,0,0.0,0.5625,1,P84_CV0,2,1,1,1,1,0,2,0,2
98,-112647.9776,-832725.5551,Age0_F98_m65f65_P98_Y7_UO3183,I65_F98_m85f85_P21_Y1_UO3751,I65_F28_m84f84_P36_Y3_UO3880,FXX,0,0.0,0,0,0.0,0,0,0,0.0,0.25,1,P84_CV0,2,1,1,0,2,0,2,0,2
98,-112647.9776,-832725.5551,Age0_F98_m65f65_P98_Y7_UO3203,I65_F8_m-1f-1_P85_Y-1_U8,ID65_F98_m65f65_P98_Y5_UO3113,FXX,0,0.0,0,0,0.0,0,0,0,0.0,0.40625,1,P84_CV0,2,1,1,0,2,0,2,0,2
98,-112647.9776,-832725.5551,Age0_F98_m85f85_P98_Y7_UO3962,I85_F28_m85f85_P36_Y5_UO4003,I85_F2_m-1f-1_P85_Y-1_U198,MXY,0,0.0,0,0,0.0,0,0,0,0.0,0.625,1,P84_CV0,2,0,2,1,1,0,2,0,2
98,-112647.9776,-832725.5551,E98_F63_m31f31_P8_Y6_UO1540,I31_F8_m-1f-1_P85_Y-1_U231,I31_F8_m65f65_P68_Y2_UO3097,FXX,1,0.0,1,1,1.0,0,0,0,-9999.0,0.75,1,P84_CV0,2,2,0,1,1,0,2,0,2
98,-112647.9776,-832725.5551,E98_F65_m63f63_P8_Y6_UO3097,ID63_F68_m-1f-1_P85_Y-1_U19,I63_F8_m100f100_P48_Y2_UO4593,MXY,1,0.0,1,1,0.0,0,0,0,-9999.0,0.625,1,P84_CV0,2,2,0,1,1,0,2,0,2
98,-112647.9776,-832725.5551,E98_F65_m65f65_P8_Y6_UO3211,ID65_F69_m-1f-1_P85_Y-1_U8,ID65_F8_m-1f-1_P65_Y-1_U246,MXY,1,0.0,1,1,0.0,0,0,0,-9999.0,0.5,1,P84_CV0,2,1,1,0,2,0,2,0,2
98,-112647.9776,-832725.5551,E98_F65_m25f25_P36_Y6_UO1288,I25_F68_m25f25_P68_Y3_UO1282,I25_F68_m85f85_P2_Y3_UO3927,FXX,1,0.0,1,1,1.0,0,0,0,-9999.0,0.75,1,P84_CV0,2,2,0,1,1,0,2,0,2
98,-112647.9776,-832725.5551,E98_F65_m85f85_P69_Y6_UO4063,I85_F69_m-1f-1_P85_Y-1_U222,ID85_F91_m63f63_P68_Y0_UO3314,FXX,1,0.0,1,1,1.0,0,0,0,-9999.0,0.125,1,P84_CV0,2,0,2,1,1,0,2,0,2
98,-112647.9776,-832725.5551,E98_F65_m25f25_P98_Y6_UO1351,I25_F98_m-1f-1_P85_Y-1_U184,I25_F68_m85f85_P2_Y3_UO3927,FXX,1,0.0,1,1,1.0,0,0,0,-9999.0,0.5625,1,P84_CV0,2,1,1,2,0,0,2,0,2
98,-112647.9776,-832725.5551,E98_F65_m85f85_P98_Y6_UO4026,I85_F68_m31f31_P68_Y2_UO1528,I85_F69_m-1f-1_P85_Y-1_U247,FXX,1,0.0,1,1,1.0,0,0,0,-9999.0,0.625,1,P84_CV0,2,1,1,2,0,0,2,0,2
98,-112647.9776,-832725.5551,E98_F84_m84f84_P68_Y6_UO3934,I84_F68_m31f31_P68_Y1_UO1459,ID84_F8_m-1f-1_P85_Y-1_U117,FXX,1,0.0,1,1,1.0,0,0,0,-9999.0,0.5,1,P84_CV0,2,0,2,1,1,0,2,0,2
98,-112647.9776,-832725.5551,E98_F84_m85f85_P98_Y6_UO3993,ID85_F69_m85f85_P21_Y4_UO4002,I85_F69_m-1f-1_P85_Y-1_U247,MXY,1,0.0,1,1,0.0,0,0,0,-9999.0,0.375,1,P84_CV0,2,1,1,1,1,0,2,0,2
98,-112647.9776,-832725.5551,E98_F85_m25f25_P36_Y6_UO1328,ID25_F8_m85f85_P36_Y0_UO4255,I25_F8_m25f25_P8_Y0_UO1380,FXX,1,0.0,1,1,1.0,0,0,0,-9999.0,0.375,1,P84_CV0,2,2,0,1,1,0,2,0,2
98,-112647.9776,-832725.5551,E98_F85_m65f65_P8_Y6_UO3130,I65_F8_m65f65_P68_Y4_UO3089,I65_F36_m65f65_P98_Y4_UO3107,MXY,1,0.0,1,1,0.0,0,0,0,-9999.0,0.25,1,P84_CV0,2,0,2,1,1,0,2,0,2
98,-112647.9776,-832725.5551,E98_F85_m85f85_P69_Y6_UO3984,I85_F69_m85f85_P2_Y4_UO3928,I85_F69_m31f31_P8_Y1_UO1411,MXY,1,0.0,1,1,0.0,0,0,0,-9999.0,0.6875,1,P84_CV0,2,1,1,0,2,0,2,0,2
98,-112647.9776,-832725.5551,E98_F85_m85f85_P2_Y6_UO4051,I85_F36_m25f25_P8_Y0_UO1411,ID85_F69_m85f85_P2_Y1_UO3789,MXY,1,0.0,1,1,0.0,0,0,0,-9999.0,0.625,1,P84_CV0,2,0,2,2,0,0,2,0,2
98,-112647.9776,-832725.5551,E98_F65_m65f65_P98_Y5_UO3142,I65_F69_m63f63_P8_Y2_UO3039,I65_F69_m85f85_P36_Y1_UO3743,FXX,2,0.0,1,0,1.0,0,0,0,-9999.0,0.375,1,P84_CV0,2,0,2,1,1,0,2,0,2
98,-112647.9776,-832725.5551,E98_F85_m85f85_P36_Y5_UO4003,I85_F98_m25f25_P8_Y0_UO1411,I85_F36_m85f85_P69_Y0_UO4258,FXX,2,0.0,1,0,1.0,0,0,0,-9999.0,0.75,1,P84_CV0,2,1,1,2,0,0,2,0,2
98,-112647.9776,-832725.5551,E98_F65_m65f65_P98_Y4_UO3107,I65_F68_m85f85_P98_Y1_UO3755,ID65_F98_m84f84_P68_Y1_UO3656,MXY,3,0.0,1,0,0.0,0,0,0,-9999.0,0.25,1,P84_CV0,2,1,1,0,2,0,2,0,2
98,-112647.9776,-832725.5551,E98_F25_m25f25_P68_Y3_UO1243,I25_F69_m85f85_P68_Y1_UO3757,I25_F36_m84f84_P68_Y0_UO4155,FXX,4,0.0,1,0,1.0,0,0,0,-9999.0,0.5,1,P84_CV0,2,1,1,1,1,0,2,0,2
98,-112647.9776,-832725.5551,E98_F65_m85f85_P36_Y2_UO3999,I85_F98_m-1f-1_P85_Y-1_U139,I85_F2_m85f85_P36_Y0_UO4250,FXX,5,0.0,1,0,1.0,0,0,0,-9999.0,0.625,1,P84_CV0,2,2,0,1,1,0,2,0,2
98,-112647.9776,-832725.5551,E98_F65_m85f85_P21_Y1_UO3751,I85_F2_m-1f-1_P85_Y-1_U52,I85_F36_m-1f-1_P85_Y-1_U155,FXX,6,0.0,1,0,1.0,0,0,0,-9999.0,0.25,1,P84_CV0,2,1,1,0,2,0,2,0,2
98,-112647.9776,-832725.5551,E98_F65_m85f85_P98_Y1_UO3755,I85_F98_m-1f-1_P85_Y-1_U74,I85_F36_m-1f-1_P85_Y-1_U34,FXX,6,0.0,1,0,1.0,0,0,0,-9999.0,0.25,1,P84_CV0,2,1,1,0,2,0,2,0,2
98,-112647.9776,-832725.5551,E98_F63_m85f85_P69_Y0_UO4303,R85_F85_m-1f-1_P85_Y-1_U232,R85_F85_m-1f-1_P85_Y-1_U106,FXX,7,0.0,1,0,1.0,0,0,0,-9999.0,0.75,1,P84_CV0,2,1,1,2,0,0,2,0,2
98,-112647.9776,-832725.5551,E98_F65_m85f85_P98_Y0_UO4283,R85_F85_m-1f-1_P85_Y-1_U182,R85_F85_m-1f-1_P85_Y-1_U93,MXY,7,0.0,1,0,0.0,0,0,0,-9999.0,0.25,1,P84_CV0,2,1,1,1,1,0,2,0,2
98,-112647.9776,-832725.5551,E98_F85_m85f85_P69_Y0_UO4258,R85_F85_m-1f-1_P85_Y-1_U99,R85_F85_m-1f-1_P85_Y-1_U23,MXY,7,0.0,1,0,0.0,0,0,0,-9999.0,1.0,1,P84_CV0,2,2,0,2,0,0,2,0,2
98,-112647.9776,-832725.5551,E98_F85_m-1f-1_P85_Y-1_U247,-9999,-9999,MXY,10,0.0,1,0,0.0,0,0,0,-9999.0,0.5,1,P84_CV0,2,1,1,2,0,0,2,0,2
98,-112647.9776,-832725.5551,E98_F65_m-1f-1_P85_Y-1_U8,-9999,-9999,FXX,11,0.0,1,0,1.0,0,0,0,-9999.0,0.0,1,P84_CV0,2,0,2,0,2,0,2,0,2
98,-112647.9776,-832725.5551,E98_F65_m-1f-1_P85_Y-1_U102,-9999,-9999,MXY,12,0.0,1,0,0.0,0,0,0,-9999.0,1.0,1,P84_CV0,2,2,0,1,1,0,2,0,2
98,-112647.9776,-832725.5551,E98_F31_m40f40_P68_Y5_UO1923,ID40_F6_m23f23_P86_Y0_UO1227,I40_F6_m45f45_P6_Y2_UO2142,MXY,2,0.0,1,0,0.0,0,0,0,-9999.0,0.625,1,P89_CV0,2,2,0,1,1,0,2,0,2
98,-112647.9776,-832725.5551,E98_F63_m31f31_P8_Y5_UO1479,ID31_F57_m90f90_P6_Y2_UO4187,ID31_F68_m63f63_P8_Y3_UO2973,FXX,2,0.0,1,0,1.0,0,0,0,-9999.0,0.75,1,P89_CV0,2,2,0,1,1,0,2,0,2
98,-112647.9776,-832725.5551,Age0_F98_m84f84_P98_Y7_UO3913,I84_F36_m31f31_P8_Y2_UO1476,I84_F8_m31f31_P8_Y5_UO1490,FXX,0,0.0,0,0,0.0,0,0,0,0.0,0.375,1,P91_CV0,2,1,1,0,2,0,2,0,2
98,-112647.9776,-832725.5551,E98_F85_m63f63_P68_Y6_UO3025,I63_F8_m45f45_P8_Y4_UO2175,I63_F8_m31f31_P8_Y3_UO1473,FXX,1,0.0,1,1,1.0,0,0,0,-9999.0,0.4375,1,P91_CV0,2,0,2,1,1,0,2,0,2
98,-112647.9776,-832725.5551,E98_F63_m45f45_P8_Y4_UO2175,I45_F6_m-1f-1_P92_Y-1_U211,I45_F6_m-1f-1_P45_Y-1_U70,FXX,3,0.0,1,0,1.0,0,0,0,-9999.0,0.25,1,P91_CV0,2,0,2,1,1,0,2,0,2
98,-112647.9776,-832725.5551,E98_F94_m92f92_P99_Y3_UO4331,I92_F57_m-1f-1_P92_Y-1_U13,ID92_F6_m-1f-1_P92_Y-1_U128,MXY,4,0.0,1,0,0.0,0,0,0,-9999.0,0.25,1,P91_CV0,2,0,2,2,0,0,2,0,2
98,-112647.9776,-832725.5551,E98_F84_m31f31_P8_Y2_UO1476,ID31_F99_m92f92_P57_Y0_UO4642,I31_F8_m-1f-1_P90_Y-1_U234,FXX,5,0.0,1,0,1.0,0,0,0,-9999.0,0.25,1,P91_CV0,2,0,2,1,1,0,2,0,2
98,-112647.9776,-832725.5551,Age0_F98_m40f40_P98_Y7_UO1901,I40_F27_m23f23_P57_Y5_UO1193,I40_F57_m-1f-1_P94_Y-1_U237,MXY,0,0.0,0,0,0.0,0,0,0,0.0,0.4375,1,P93_CV0,2,1,1,0,2,0,2,0,2
98,-112647.9776,-832725.5551,Age0_F98_m65f65_P98_Y7_UO3125,ID65_F98_m95f95_P91_Y5_UO4537,I65_F98_m65f65_P8_Y3_UO3146,MXY,0,0.0,0,0,0.0,0,0,0,0.0,0.3125,1,P93_CV0,2,0,2,1,1,0,2,0,2
98,-112647.9776,-832725.5551,Age0_F98_m65f65_P98_Y7_UO3145,I65_F98_m94f94_P98_Y4_UO4404,I65_F8_m-1f-1_P65_Y-1_U101,FXX,0,0.0,0,0,0.0,0,0,0,0.0,0.4375,1,P93_CV0,2,0,2,1,1,0,2,0,2
98,-112647.9776,-832725.5551,Age0_F98_m94f94_P98_Y7_UO4466,I94_F98_m40f40_P99_Y0_UO1970,I94_F72_m94f94_P81_Y4_UO4434,MXY,0,0.0,0,0,0.0,0,0,0,0.0,0.375,1,P93_CV0,2,2,0,1,1,0,2,0,2
98,-112647.9776,-832725.5551,E98_F58_m5f5_P81_Y6_UO396,I5_F81_m94f94_P81_Y0_UO4778,ID5_F81_m94f94_P81_Y4_UO4457,MXY,1,0.0,1,1,0.0,0,0,0,-9999.0,0.5,1,P93_CV0,2,1,1,2,0,0,2,0,2
98,-112647.9776,-832725.5551,E98_F84_m65f65_P68_Y6_UO3118,I65_F8_m94f94_P98_Y4_UO4416,I65_F36_m65f65_P98_Y2_UO3091,FXX,1,0.0,1,1,1.0,0,0,0,-9999.0,0.5,1,P93_CV0,2,1,1,1,1,0,2,0,2
98,-112647.9776,-832725.5551,E98_F65_m95f95_P91_Y5_UO4537,I95_F64_m-1f-1_P94_Y-1_U228,I95_F91_m-1f-1_P95_Y-1_U73,FXX,2,0.0,1,0,1.0,0,0,0,-9999.0,0.25,1,P93_CV0,2,0,2,2,0,0,2,0,2
98,-112647.9776,-832725.5551,E98_F58_m94f94_P81_Y4_UO4399,I94_F81_m5f5_P81_Y1_UO276,I94_F81_m-1f-1_P94_Y-1_U70,FXX,3,0.0,1,0,1.0,0,0,0,-9999.0,0.375,1,P93_CV0,2,0,2,0,2,0,2,0,2
98,-112647.9776,-832725.5551,E98_F65_m94f94_P98_Y4_UO4404,I94_F98_m58f58_P81_Y1_UO2608,I94_F81_m-1f-1_P94_Y-1_U189,FXX,3,0.0,1,0,1.0,0,0,0,-9999.0,0.375,1,P93_CV0,2,0,2,1,1,0,2,0,2
98,-112647.9776,-832725.5551,E98_F65_m94f94_P28_Y0_UO4736,R94_F94_m-1f-1_P94_Y-1_U104,R94_F94_m-1f-1_P94_Y-1_U213,FXX,7,0.0,1,0,1.0,0,0,0,-9999.0,0.25,1,P93_CV0,2,0,2,1,1,0,2,0,2
98,-112647.9776,-832725.5551,E98_F94_m-1f-1_P94_Y-1_U131,-9999,-9999,FXX,10,0.0,1,0,1.0,0,0,0,-9999.0,0.5,1,P93_CV0,2,1,1,0,2,0,2,0,2
98,-112647.9776,-832725.5551,E98_F94_m-1f-1_P94_Y-1_U46,-9999,-9999,MXY,14,0.0,1,0,0.0,0,0,0,-9999.0,0.5,1,P93_CV0,2,1,1,2,0,0,2,0,2
98,-112647.9776,-832725.5551,Age0_F98_m65f65_P98_Y7_UO3112,I65_F68_m85f85_P98_Y5_UO3991,I65_F69_m-1f-1_P85_Y-1_U102,FXX,0,0.0,0,0,0.0,0,0,0,0.0,0.8125,1,P94_CV0,2,2,0,1,1,0,2,0,2
98,-112647.9776,-832725.5551,Age0_F98_m65f65_P98_Y7_UO3159,I65_F98_m40f40_P8_Y3_UO1912,ID65_F36_m85f85_P28_Y4_UO3908,MXY,0,0.0,0,0,0.0,0,0,0,0.0,0.25,1,P94_CV0,2,1,1,2,0,0,2,0,2
98,-112647.9776,-832725.5551,Age0_F98_m94f94_P98_Y7_UO4453,I94_F99_m5f5_P81_Y2_UO339,I94_F81_m95f95_P91_Y1_UO4291,MXY,0,0.0,0,0,0.0,0,0,0,0.0,0.25,1,P94_CV0,2,0,2,0,2,0,2,0,2
98,-112647.9776,-832725.5551,E98_F65_m63f63_P8_Y6_UO3061,I63_F8_m95f95_P28_Y1_UO4320,I63_F8_m11f11_P49_Y4_UO632,FXX,1,0.0,1,1,1.0,0,0,0,-9999.0,0.25,1,P94_CV0,2,1,1,0,2,0,2,0,2
98,-112647.9776,-832725.5551,E98_F65_m25f25_P69_Y6_UO1265,ID25_F2_m94f94_P28_Y4_UO4393,I25_F8_m85f85_P69_Y1_UO3763,FXX,1,0.0,1,1,1.0,0,0,0,-9999.0,0.375,1,P94_CV0,2,1,1,0,2,0,2,0,2
98,-112647.9776,-832725.5551,E98_F85_m95f95_P91_Y6_UO4522,I95_F91_m94f94_P91_Y4_UO4390,I95_F91_m95f95_P64_Y0_UO4842,FXX,1,0.0,1,1,1.0,0,0,0,-9999.0,0.3125,1,P94_CV0,2,1,1,0,2,0,2,0,2
98,-112647.9776,-832725.5551,E98_F65_m85f85_P98_Y5_UO3991,I85_F36_m95f95_P91_Y1_UO4269,I85_F69_m11f11_P2_Y1_UO533,FXX,2,0.0,1,0,1.0,0,0,0,-9999.0,0.625,1,P94_CV0,2,2,0,1,1,0,2,0,2
98,-112647.9776,-832725.5551,E98_F65_m85f85_P28_Y4_UO3908,I85_F69_m95f95_P91_Y2_UO4543,I85_F98_m-1f-1_P85_Y-1_U33,MXY,3,0.0,1,0,0.0,0,0,0,-9999.0,0.25,1,P94_CV0,2,1,1,2,0,0,2,0,2
98,-112647.9776,-832725.5551,E98_F94_m95f95_P91_Y3_UO4461,I95_F64_m-1f-1_P95_Y-1_U169,I95_F91_m-1f-1_P95_Y-1_U223,MXY,4,0.0,1,0,0.0,0,0,0,-9999.0,0.0,1,P94_CV0,2,0,2,1,1,0,2,0,2
98,-112647.9776,-832725.5551,Age0_F98_m65f65_P98_Y7_UO3114,I65_F98_m65f65_P69_Y5_UO3121,I65_F98_m85f85_P69_Y5_UO3940,FXX,0,0.0,0,0,0.0,0,0,0,0.0,0.5,1,P99_CV0,2,2,0,0,2,0,2,0,2
98,-112647.9776,-832725.5551,Age0_F98_m65f65_P98_Y7_UO3207,I65_F68_m-1f-1_P65_Y-1_U213,I65_F36_m84f84_P68_Y1_UO3656,MXY,0,0.0,0,0,0.0,0,0,0,0.0,0.125,1,P99_CV0,2,0,2,1,1,0,2,0,2
98,-112647.9776,-832725.5551,E98_F25_m65f65_P8_Y6_UO3174,I65_F68_m100f100_P68_Y2_UO4609,ID65_F69_m31f31_P68_Y1_UO1413,MXY,1,0.0,1,1,0.0,0,0,0,-9999.0,0.625,1,P99_CV0,2,1,1,1,1,0,2,0,2
98,-112647.9776,-832725.5551,E98_F65_m65f65_P69_Y5_UO3121,ID65_F69_m25f25_P68_Y3_UO1286,I65_F98_m25f25_P8_Y3_UO1241,FXX,2,0.0,1,0,1.0,0,0,0,-9999.0,0.5625,1,P99_CV0,2,2,0,0,2,0,2,0,2
98,-112647.9776,-832725.5551,E98_F84_m100f100_P68_Y5_UO4620,I100_F48_m-1f-1_P100_Y-1_U99,I100_F48_m31f31_P8_Y0_UO1549,MXY,2,0.0,1,0,0.0,0,0,0,-9999.0,0.625,1,P99_CV0,2,1,1,1,1,0,2,0,2
98,-112647.9776,-832725.5551,E98_F65_m84f84_P68_Y1_UO3656,ID84_F8_m-1f-1_P100_Y-1_U109,ID84_F69_m-1f-1_P65_Y-1_U72,MXY,6,0.0,1,0,0.0,0,0,0,-9999.0,0.25,1,P99_CV0,2,1,1,1,1,0,2,0,2
99,-540988.7596,-886972.8422,Age0_F99_m42f42_P99_Y7_UO1991,I42_F99_m90f90_P99_Y5_UO4176,ID42_F99_m46f46_P86_Y0_UO2397,FXX,0,0.0,0,0,0.0,0,0,0,0.0,0.53125,1,P11_CV0,2,1,1,1,1,0,2,0,2
99,-540988.7596,-886972.8422,Age0_F99_m92f92_P99_Y7_UO4332,I92_F99_m23f23_P99_Y5_UO1214,I92_F57_m90f90_P6_Y5_UO4186,MXY,0,0.0,0,0,0.0,0,0,0,0.0,0.4375,1,P11_CV0,2,2,0,1,1,0,2,0,2
99,-540988.7596,-886972.8422,Age0_F99_m92f92_P99_Y7_UO4335,I92_F57_m45f45_P57_Y5_UO2153,I92_F99_m58f58_P99_Y4_UO2762,FXX,0,0.0,0,0,0.0,0,0,0,0.0,0.4375,1,P11_CV0,2,0,2,1,1,0,2,0,2
99,-540988.7596,-886972.8422,Age0_F99_m92f92_P99_Y7_UO4410,ID92_F6_m-1f-1_P92_Y-1_U40,I92_F57_m90f90_P6_Y5_UO4186,MXY,0,0.0,0,0,0.0,0,0,0,0.0,0.75,1,P11_CV0,2,2,0,1,1,0,2,0,2
99,-540988.7596,-886972.8422,E99_F40_m90f90_P57_Y6_UO4226,I90_F35_m90f90_P86_Y4_UO4256,I90_F57_m12f12_P86_Y2_UO691,FXX,1,0.0,1,1,1.0,0,0,0,-9999.0,0.3125,1,P11_CV0,2,0,2,2,0,0,2,0,2
99,-540988.7596,-886972.8422,E99_F50_m23f23_P27_Y6_UO1174,I23_F52_m12f12_P52_Y3_UO651,ID23_F52_m12f12_P52_Y4_UO697,MXY,1,0.0,1,1,0.0,0,0,0,-9999.0,0.375,1,P11_CV0,2,1,1,1,1,0,2,0,2
99,-540988.7596,-886972.8422,E99_F42_m90f90_P99_Y5_UO4176,I90_F35_m45f45_P86_Y3_UO2180,I90_F86_m-1f-1_P90_Y-1_U0,FXX,2,0.0,1,0,1.0,0,0,0,-9999.0,0.3125,1,P11_CV0,2,0,2,2,0,0,2,0,2
99,-540988.7596,-886972.8422,E99_F50_m90f90_P57_Y5_UO4199,I90_F86_m23f23_P86_Y3_UO1163,I90_F52_m90f90_P35_Y3_UO4225,FXX,2,0.0,1,0,1.0,0,0,0,-9999.0,0.3125,1,P11_CV0,2,0,2,1,1,0,2,0,2
99,-540988.7596,-886972.8422,E99_F92_m45f45_P57_Y5_UO2153,I45_F8_m12f12_P52_Y3_UO732,ID45_F6_m12f12_P86_Y3_UO702,FXX,2,0.0,1,0,1.0,0,0,0,-9999.0,0.375,1,P11_CV0,2,0,2,2,0,0,2,0,2
99,-540988.7596,-886972.8422,E99_F92_m90f90_P6_Y1_UO4026,ID90_F52_m-1f-1_P12_Y-1_U225,I90_F52_m-1f-1_P90_Y-1_U154,MXY,6,0.0,1,0,0.0,0,0,0,-9999.0,0.5,1,P11_CV0,2,1,1,1,1,0,2,0,2
99,-540988.7596,-886972.8422,E99_F58_m80f80_P81_Y6_UO3765,I80_F81_m80f80_P72_Y2_UO3669,I80_F72_m95f95_P81_Y4_UO4480,MXY,1,0.0,1,1,0.0,0,0,0,-9999.0,0.4375,1,P15_CV0,2,1,1,0,2,0,2,0,2
99,-540988.7596,-886972.8422,E99_F50_m95f95_P91_Y5_UO4517,I95_F64_m-1f-1_P95_Y-1_U125,I95_F91_m95f95_P64_Y3_UO4455,FXX,2,0.0,1,0,1.0,0,0,0,-9999.0,0.1875,1,P16_CV0,2,0,2,2,0,0,2,0,2
99,-540988.7596,-886972.8422,Age0_F99_m40f40_P99_Y7_UO1972,I40_F6_m-1f-1_P23_Y-1_U86,I40_F6_m58f58_P99_Y3_UO2731,FXX,0,0.0,0,0,0.0,0,0,0,0.0,0.625,1,P22_CV0,2,0,2,1,1,0,2,0,2
99,-540988.7596,-886972.8422,Age0_F99_m50f50_P99_Y7_UO2435,I50_F27_m50f50_P99_Y3_UO2412,I50_F6_m23f23_P6_Y5_UO1206,MXY,0,0.0,0,0,0.0,0,0,0,0.0,0.5,1,P22_CV0,2,1,1,1,1,0,2,0,2
99,-540988.7596,-886972.8422,Age0_F99_m50f50_P99_Y7_UO2462,ID50_F99_m90f90_P86_Y0_UO4581,I50_F99_m92f92_P6_Y4_UO4296,FXX,0,0.0,0,0,0.0,0,0,0,0.0,0.75,1,P22_CV0,2,1,1,0,2,0,2,0,2
99,-540988.7596,-886972.8422,Age0_F99_m50f50_P99_Y7_UO2488,I50_F99_m-1f-1_P40_Y-1_U88,I50_F99_m50f50_P99_Y4_UO2421,FXX,0,0.0,0,0,0.0,0,0,0,0.0,0.875,1,P22_CV0,2,1,1,1,1,0,2,0,2
99,-540988.7596,-886972.8422,Age0_F99_m58f58_P99_Y7_UO2703,ID58_F99_m42f42_P99_Y5_UO2007,I58_F81_m-1f-1_P58_Y-1_U131,FXX,0,0.0,0,0,0.0,0,0,0,0.0,0.65625,1,P22_CV0,2,0,2,1,1,0,2,0,2
99,-540988.7596,-886972.8422,Age0_F99_m58f58_P99_Y7_UO2714,ID58_F99_m23f23_P27_Y4_UO1139,ID58_F99_m-1f-1_P94_Y-1_U67,FXX,0,0.0,0,0,0.0,0,0,0,0.0,0.625,1,P22_CV0,2,2,0,2,0,0,2,0,2
99,-540988.7596,-886972.8422,E99_F42_m23f23_P6_Y6_UO1233,I23_F6_m-1f-1_P23_Y-1_U162,I23_F27_m23f23_P6_Y3_UO1222,FXX,1,0.0,1,1,1.0,0,0,0,-9999.0,0.5,1,P22_CV0,2,2,0,2,0,0,2,0,2
99,-540988.7596,-886972.8422,E99_F42_m23f23_P27_Y6_UO1136,I23_F35_m90f90_P86_Y4_UO4207,ID23_F57_m45f45_P57_Y4_UO2133,MXY,1,0.0,1,1,0.0,0,0,0,-9999.0,0.5625,1,P22_CV0,2,2,0,1,1,0,2,0,2
99,-540988.7596,-886972.8422,E99_F42_m40f40_P99_Y6_UO1936,I40_F6_m65f65_P8_Y3_UO3169,I40_F99_m23f23_P57_Y0_UO1319,MXY,1,0.0,1,1,0.0,0,0,0,-9999.0,0.5,1,P22_CV0,2,0,2,0,2,0,2,0,2
99,-540988.7596,-886972.8422,E99_F42_m42f42_P99_Y6_UO2013,I42_F99_m92f92_P99_Y4_UO4346,I42_F6_m40f40_P99_Y4_UO1909,MXY,1,0.0,1,1,0.0,0,0,0,-9999.0,0.5,1,P22_CV0,2,2,0,0,2,0,2,0,2
99,-540988.7596,-886972.8422,E99_F50_m23f23_P57_Y6_UO1245,I23_F6_m-1f-1_P23_Y-1_U166,I23_F27_m23f23_P57_Y4_UO1221,MXY,1,0.0,1,1,0.0,0,0,0,-9999.0,0.5625,1,P22_CV0,2,2,0,0,2,0,2,0,2
99,-540988.7596,-886972.8422,E99_F50_m23f23_P99_Y6_UO1197,I23_F86_m90f90_P57_Y2_UO4229,I23_F27_m92f92_P6_Y4_UO4384,MXY,1,0.0,1,1,0.0,0,0,0,-9999.0,0.5625,1,P22_CV0,2,1,1,1,1,0,2,0,2
99,-540988.7596,-886972.8422,E99_F92_m90f90_P6_Y6_UO4320,I90_F6_m23f23_P6_Y0_UO1265,I90_F86_m58f58_P99_Y2_UO2782,FXX,1,0.0,1,1,1.0,0,0,0,-9999.0,0.75,1,P22_CV0,2,1,1,2,0,0,2,0,2
99,-540988.7596,-886972.8422,E99_F92_m45f45_P57_Y6_UO2268,I45_F52_m-1f-1_P23_Y-1_U53,I45_F86_m90f90_P86_Y4_UO4201,FXX,1,0.0,1,1,1.0,0,0,0,-9999.0,0.3125,1,P22_CV0,2,1,1,1,1,0,2,0,2
99,-540988.7596,-886972.8422,E99_F92_m42f42_P99_Y6_UO2009,ID42_F81_m5f5_P81_Y4_UO319,I42_F99_m23f23_P27_Y0_UO1267,MXY,1,0.0,1,1,0.0,0,0,0,-9999.0,0.40625,1,P22_CV0,2,1,1,0,2,0,2,0,2
99,-540988.7596,-886972.8422,E99_F92_m50f50_P99_Y6_UO2439,I50_F99_m42f42_P99_Y2_UO1960,I50_F6_m23f23_P99_Y1_UO1113,FXX,1,0.0,1,1,1.0,0,0,0,-9999.0,0.875,1,P22_CV0,2,2,0,1,1,0,2,0,2
99,-540988.7596,-886972.8422,E99_F42_m45f45_P57_Y5_UO2194,I45_F57_m23f23_P86_Y0_UO1316,ID45_F27_m90f90_P86_Y3_UO4205,MXY,2,0.0,1,0,0.0,0,0,0,-9999.0,0.5625,1,P22_CV0,2,2,0,0,2,0,2,0,2
99,-540988.7596,-886972.8422,E99_F42_m92f92_P57_Y5_UO4352,ID92_F99_m23f23_P57_Y1_UO1083,I92_F99_m23f23_P27_Y2_UO1137,MXY,2,0.0,1,0,0.0,0,0,0,-9999.0,0.75,1,P22_CV0,2,2,0,1,1,0,2,0,2
99,-540988.7596,-886972.8422,E99_F50_m23f23_P6_Y5_UO1206,I23_F6_m50f50_P27_Y0_UO2537,I23_F6_m23f23_P76_Y1_UO1146,MXY,2,0.0,1,0,0.0,0,0,0,-9999.0,0.625,1,P22_CV0,2,2,0,2,0,0,2,0,2
99,-540988.7596,-886972.8422,E99_F58_m42f42_P99_Y5_UO2007,ID42_F99_m47f47_P81_Y0_UO2524,I42_F99_m45f45_P99_Y3_UO2155,FXX,2,0.0,1,0,1.0,0,0,0,-9999.0,0.8125,1,P22_CV0,2,1,1,1,1,0,2,0,2
99,-540988.7596,-886972.8422,E99_F92_m92f92_P6_Y5_UO4322,I92_F99_m40f40_P6_Y3_UO1890,I92_F6_m42f42_P99_Y3_UO1957,MXY,2,0.0,1,0,0.0,0,0,0,-9999.0,0.3125,1,P22_CV0,2,1,1,0,2,0,2,0,2
99,-540988.7596,-886972.8422,E99_F50_m50f50_P99_Y4_UO2421,ID50_F81_m-1f-1_P94_Y-1_U130,I50_F27_m23f23_P99_Y1_UO1113,MXY,3,0.0,1,0,0.0,0,0,0,-9999.0,0.75,1,P22_CV0,2,1,1,1,1,0,2,0,2
99,-540988.7596,-886972.8422,E99_F50_m92f92_P6_Y4_UO4296,I92_F86_m23f23_P57_Y2_UO1226,I92_F86_m-1f-1_P92_Y-1_U81,MXY,3,0.0,1,0,0.0,0,0,0,-9999.0,0.5,1,P22_CV0,2,0,2,1,1,0,2,0,2
99,-540988.7596,-886972.8422,E99_F58_m23f23_P27_Y4_UO1139,ID23_F27_m23f23_P6_Y2_UO1154,ID23_F86_m-1f-1_P90_Y-1_U67,FXX,3,0.0,1,0,1.0,0,0,0,-9999.0,0.75,1,P22_CV0,2,2,0,1,1,0,2,0,2
99,-540988.7596,-886972.8422,E99_F23_m12f12_P52_Y3_UO735,ID12_F27_m-1f-1_P23_Y-1_U222,I12_F52_m-1f-1_P12_Y-1_U15,MXY,4,0.0,1,0,0.0,0,0,0,-9999.0,0.25,1,P22_CV0,2,0,2,2,0,0,2,0,2
99,-540988.7596,-886972.8422,E99_F92_m92f92_P57_Y3_UO4267,I92_F57_m23f23_P6_Y1_UO1121,I92_F99_m40f40_P6_Y1_UO1761,MXY,4,0.0,1,0,0.0,0,0,0,-9999.0,0.375,1,P22_CV0,2,1,1,2,0,0,2,0,2
99,-540988.7596,-886972.8422,E99_F40_m23f23_P6_Y2_UO1212,I23_F86_m-1f-1_P23_Y-1_U102,I23_F57_m-1f-1_P23_Y-1_U100,MXY,5,0.0,1,0,0.0,0,0,0,-9999.0,0.5,1,P22_CV0,2,0,2,0,2,0,2,0,2
99,-540988.7596,-886972.8422,E99_F42_m92f92_P6_Y2_UO4279,ID92_F99_m23f23_P57_Y0_UO1280,I92_F6_m-1f-1_P92_Y-1_U156,MXY,5,0.0,1,0,0.0,0,0,0,-9999.0,0.75,1,P22_CV0,2,2,0,2,0,0,2,0,2
99,-540988.7596,-886972.8422,E99_F92_m23f23_P99_Y2_UO1202,I23_F27_m-1f-1_P23_Y-1_U55,I23_F57_m-1f-1_P23_Y-1_U100,MXY,5,0.0,1,0,0.0,0,0,0,-9999.0,0.5,1,P22_CV0,2,1,1,0,2,0,2,0,2
99,-540988.7596,-886972.8422,E99_F92_m90f90_P6_Y2_UO4195,ID90_F86_m58f58_P27_Y0_UO3018,ID90_F86_m-1f-1_P23_Y-1_U248,FXX,5,0.0,1,0,1.0,0,0,0,-9999.0,0.5,1,P22_CV0,2,0,2,1,1,0,2,0,2
99,-540988.7596,-886972.8422,E99_F50_m23f23_P99_Y1_UO1113,I23_F35_m-1f-1_P23_Y-1_U38,ID23_F57_m-1f-1_P23_Y-1_U129,MXY,6,0.0,1,0,0.0,0,0,0,-9999.0,1.0,1,P22_CV0,2,2,0,0,2,0,2,0,2
99,-540988.7596,-886972.8422,E99_F23_m23f23_P27_Y0_UO1317,R23_F23_m-1f-1_P23_Y-1_U244,R23_F23_m-1f-1_P23_Y-1_U14,FXX,7,0.0,1,0,1.0,0,0,0,-9999.0,0.25,1,P22_CV0,2,1,1,1,1,0,2,0,2
99,-540988.7596,-886972.8422,E99_F40_m23f23_P57_Y0_UO1319,R23_F23_m-1f-1_P23_Y-1_U246,R23_F23_m-1f-1_P23_Y-1_U104,MXY,7,0.0,1,0,0.0,0,0,0,-9999.0,0.75,1,P22_CV0,2,1,1,1,1,0,2,0,2
99,-540988.7596,-886972.8422,E99_F40_m23f23_P86_Y0_UO1227,R23_F23_m-1f-1_P23_Y-1_U30,R23_F23_m-1f-1_P23_Y-1_U189,FXX,7,0.0,1,0,1.0,0,0,0,-9999.0,0.75,1,P22_CV0,2,2,0,0,2,0,2,0,2
99,-540988.7596,-886972.8422,E99_F42_m23f23_P27_Y0_UO1267,R23_F23_m-1f-1_P23_Y-1_U112,R23_F23_m-1f-1_P23_Y-1_U149,MXY,7,0.0,1,0,0.0,0,0,0,-9999.0,0.5,1,P22_CV0,2,2,0,1,1,0,2,0,2
99,-540988.7596,-886972.8422,E99_F40_m-1f-1_P23_Y-1_U86,-9999,-9999,FXX,10,0.0,1,0,1.0,0,0,0,-9999.0,0.5,1,P22_CV0,2,1,1,2,0,0,2,0,2
99,-540988.7596,-886972.8422,E99_F58_m-1f-1_P23_Y-1_U87,-9999,-9999,FXX,11,0.0,1,0,1.0,0,0,0,-9999.0,1.0,1,P22_CV0,2,2,0,2,0,0,2,0,2
99,-540988.7596,-886972.8422,E99_F92_m40f40_P99_Y6_UO1952,ID40_F27_m40f40_P99_Y2_UO1880,I40_F86_m25f25_P68_Y1_UO1249,FXX,1,0.0,1,1,1.0,0,0,0,-9999.0,0.375,1,P24_CV0,2,1,1,1,1,0,2,0,2
99,-540988.7596,-886972.8422,E99_F42_m90f90_P86_Y6_UO4292,I90_F86_m30f30_P52_Y2_UO1376,I90_F86_m23f23_P76_Y3_UO1193,FXX,1,0.0,1,1,1.0,0,0,0,-9999.0,0.5625,1,P29_CV0,2,2,0,2,0,0,2,0,2
99,-540988.7596,-886972.8422,Age0_F99_m92f92_P99_Y7_UO4341,I92_F57_m45f45_P6_Y5_UO2202,I92_F6_m45f45_P6_Y5_UO2210,MXY,0,0.0,0,0,0.0,0,0,0,0.0,0.65625,1,P30_CV0,2,2,0,1,1,0,2,0,2
99,-540988.7596,-886972.8422,Age0_F99_m92f92_P99_Y7_UO4357,ID92_F6_m65f65_P98_Y4_UO3091,I92_F6_m45f45_P6_Y5_UO2210,MXY,0,0.0,0,0,0.0,0,0,0,0.0,0.5625,1,P30_CV0,2,0,2,2,0,0,2,0,2
99,-540988.7596,-886972.8422,E99_F58_m90f90_P57_Y6_UO4231,I90_F27_m12f12_P57_Y4_UO759,I90_F35_m84f84_P86_Y4_UO3876,MXY,1,0.0,1,1,0.0,0,0,0,-9999.0,0.75,1,P30_CV0,2,2,0,1,1,0,2,0,2
99,-540988.7596,-886972.8422,E99_F45_m90f90_P86_Y6_UO4214,I90_F57_m90f90_P35_Y4_UO4172,I90_F52_m46f46_P52_Y0_UO2404,MXY,1,0.0,1,1,0.0,0,0,0,-9999.0,0.5625,1,P36_CV0,2,2,0,1,1,0,2,0,2
99,-540988.7596,-886972.8422,Age0_F99_m40f40_P99_Y7_UO1927,I40_F6_m42f42_P99_Y4_UO2000,I40_F57_m40f40_P57_Y1_UO1775,FXX,0,0.0,0,0,0.0,0,0,0,0.0,0.625,1,P39_CV0,2,1,1,2,0,0,2,0,2
99,-540988.7596,-886972.8422,Age0_F99_m40f40_P99_Y7_UO1933,I40_F6_m50f50_P99_Y3_UO2393,I40_F6_m-1f-1_P40_Y-1_U164,MXY,0,0.0,0,0,0.0,0,0,0,0.0,0.6875,1,P39_CV0,2,1,1,1,1,0,2,0,2
99,-540988.7596,-886972.8422,Age0_F99_m40f40_P99_Y7_UO1986,ID40_F57_m-1f-1_P40_Y-1_U37,I40_F6_m40f40_P6_Y0_UO1951,FXX,0,0.0,0,0,0.0,0,0,0,0.0,0.375,1,P39_CV0,2,0,2,2,0,0,2,0,2
99,-540988.7596,-886972.8422,Age0_F99_m42f42_P99_Y7_UO2021,I42_F27_m92f92_P99_Y3_UO4339,I42_F99_m58f58_P99_Y2_UO2784,FXX,0,0.0,0,0,0.0,0,0,0,0.0,0.5625,1,P39_CV0,2,1,1,1,1,0,2,0,2
99,-540988.7596,-886972.8422,Age0_F99_m42f42_P99_Y7_UO2058,ID42_F99_m-1f-1_P58_Y-1_U219,I42_F99_m40f40_P99_Y1_UO1794,MXY,0,0.0,0,0,0.0,0,0,0,0.0,0.625,1,P39_CV0,2,1,1,0,2,0,2,0,2
99,-540988.7596,-886972.8422,Age0_F99_m42f42_P99_Y7_UO2063,I42_F99_m-1f-1_P58_Y-1_U130,I42_F99_m40f40_P57_Y1_UO1748,MXY,0,0.0,0,0,0.0,0,0,0,0.0,0.75,1,P39_CV0,2,2,0,0,2,0,2,0,2
99,-540988.7596,-886972.8422,Age0_F99_m50f50_P99_Y7_UO2399,I50_F99_m58f58_P99_Y5_UO2712,I50_F99_m50f50_P99_Y5_UO2409,MXY,0,0.0,0,0,0.0,0,0,0,0.0,0.5625,1,P39_CV0,2,2,0,2,0,0,2,0,2
99,-540988.7596,-886972.8422,Age0_F99_m50f50_P99_Y7_UO2414,ID50_F98_m95f95_P91_Y5_UO4517,I50_F99_m42f42_P99_Y2_UO1978,FXX,0,0.0,0,0,0.0,0,0,0,0.0,0.09375,1,P39_CV0,2,0,2,2,0,0,2,0,2
99,-540988.7596,-886972.8422,Age0_F99_m50f50_P99_Y7_UO2434,I50_F99_m50f50_P99_Y4_UO2375,ID50_F57_m90f90_P6_Y0_UO4580,MXY,0,0.0,0,0,0.0,0,0,0,0.0,0.3125,1,P39_CV0,2,0,2,2,0,0,2,0,2
99,-540988.7596,-886972.8422,Age0_F99_m50f50_P99_Y7_UO2444,I50_F99_m50f50_P99_Y3_UO2371,ID50_F81_m5f5_P81_Y3_UO379,FXX,0,0.0,0,0,0.0,0,0,0,0.0,0.6875,1,P39_CV0,2,0,2,1,1,0,2,0,2
99,-540988.7596,-886972.8422,Age0_F99_m50f50_P99_Y7_UO2454,I50_F99_m40f40_P6_Y1_UO1746,I50_F99_m50f50_P99_Y5_UO2405,MXY,0,0.0,0,0,0.0,0,0,0,0.0,0.28125,1,P39_CV0,2,0,2,1,1,0,2,0,2
99,-540988.7596,-886972.8422,Age0_F99_m50f50_P99_Y7_UO2458,I50_F6_m40f40_P6_Y1_UO1785,I50_F57_m23f23_P99_Y1_UO1113,FXX,0,0.0,0,0,0.0,0,0,0,0.0,0.625,1,P39_CV0,2,1,1,0,2,0,2,0,2
99,-540988.7596,-886972.8422,Age0_F99_m50f50_P99_Y7_UO2459,I50_F99_m40f40_P99_Y1_UO1731,I50_F99_m-1f-1_P92_Y-1_U209,MXY,0,0.0,0,0,0.0,0,0,0,0.0,0.125,1,P39_CV0,2,1,1,1,1,0,2,0,2
99,-540988.7596,-886972.8422,Age0_F99_m50f50_P99_Y7_UO2471,ID50_F27_m-1f-1_P40_Y-1_U8,I50_F99_m42f42_P99_Y2_UO1978,MXY,0,0.0,0,0,0.0,0,0,0,0.0,0.25,1,P39_CV0,2,1,1,1,1,0,2,0,2
99,-540988.7596,-886972.8422,Age0_F99_m50f50_P99_Y7_UO2479,ID50_F6_m-1f-1_P40_Y-1_U223,I50_F99_m-1f-1_P50_Y-1_U175,MXY,0,0.0,0,0,0.0,0,0,0,0.0,0.5,1,P39_CV0,2,1,1,1,1,0,2,0,2
99,-540988.7596,-886972.8422,Age0_F99_m50f50_P99_Y7_UO2482,I50_F99_m-1f-1_P58_Y-1_U46,I50_F99_m42f42_P99_Y2_UO1978,MXY,0,0.0,0,0,0.0,0,0,0,0.0,0.25,1,P39_CV0,2,1,1,2,0,0,2,0,2
99,-540988.7596,-886972.8422,Age0_F99_m58f58_P99_Y7_UO2724,I58_F99_m40f40_P99_Y3_UO1915,I58_F99_m-1f-1_P42_Y-1_U69,FXX,0,0.0,0,0,0.0,0,0,0,0.0,0.4375,1,P39_CV0,2,2,0,0,2,0,2,0,2
99,-540988.7596,-886972.8422,Age0_F99_m58f58_P99_Y7_UO2729,I58_F99_m40f40_P6_Y2_UO1899,I58_F72_m58f58_P99_Y5_UO2727,FXX,0,0.0,0,0,0.0,0,0,0,0.0,0.6875,1,P39_CV0,2,1,1,2,0,0,2,0,2
99,-540988.7596,-886972.8422,Age0_F99_m92f92_P99_Y7_UO4346,I92_F6_m50f50_P6_Y5_UO2448,I92_F6_m40f40_P6_Y4_UO1901,MXY,0,0.0,0,0,0.0,0,0,0,0.0,0.53125,1,P39_CV0,2,1,1,1,1,0,2,0,2
99,-540988.7596,-886972.8422,Age0_F99_m92f92_P99_Y7_UO4347,ID92_F99_m50f50_P99_Y5_UO2404,I92_F6_m40f40_P99_Y0_UO2013,FXX,0,0.0,0,0,0.0,0,0,0,0.0,0.3125,1,P39_CV0,2,1,1,1,1,0,2,0,2
99,-540988.7596,-886972.8422,Age0_F99_m92f92_P99_Y7_UO4401,I92_F27_m90f90_P6_Y2_UO4195,I92_F6_m40f40_P99_Y0_UO2013,FXX,0,0.0,0,0,0.0,0,0,0,0.0,0.25,1,P39_CV0,2,0,2,1,1,0,2,0,2
99,-540988.7596,-886972.8422,Age0_F99_m92f92_P99_Y7_UO4420,I92_F99_m-1f-1_P92_Y-1_U28,I92_F6_m92f92_P99_Y4_UO4293,MXY,0,0.0,0,0,0.0,0,0,0,0.0,0.5625,1,P39_CV0,2,2,0,1,1,0,2,0,2
99,-540988.7596,-886972.8422,Age0_F99_m92f92_P99_Y7_UO4422,I92_F99_m-1f-1_P92_Y-1_U102,I92_F6_m-1f-1_P40_Y-1_U70,MXY,0,0.0,0,0,0.0,0,0,0,0.0,0.0,1,P39_CV0,2,0,2,2,0,0,2,0,2
99,-540988.7596,-886972.8422,Age0_F99_m94f94_P99_Y7_UO4444,I94_F81_m95f95_P91_Y4_UO4486,I94_F81_m-1f-1_P40_Y-1_U217,MXY,0,0.0,0,0,0.0,0,0,0,0.0,0.8125,1,P39_CV0,2,2,0,1,1,0,2,0,2
99,-540988.7596,-886972.8422,E99_F42_m23f23_P6_Y6_UO1171,I23_F57_m23f23_P86_Y3_UO1153,I23_F52_m-1f-1_P23_Y-1_U151,MXY,1,0.0,1,1,0.0,0,0,0,-9999.0,0.5625,1,P39_CV0,2,1,1,2,0,0,2,0,2
99,-540988.7596,-886972.8422,E99_F42_m40f40_P6_Y6_UO1990,ID40_F57_m-1f-1_P40_Y-1_U188,I40_F99_m31f31_P68_Y0_UO1611,FXX,1,0.0,1,1,1.0,0,0,0,-9999.0,0.625,1,P39_CV0,2,1,1,1,1,0,2,0,2
99,-540988.7596,-886972.8422,E99_F42_m40f40_P99_Y6_UO1971,I40_F57_m-1f-1_P40_Y-1_U202,ID40_F6_m42f42_P57_Y4_UO1973,MXY,1,0.0,1,1,0.0,0,0,0,-9999.0,0.4375,1,P39_CV0,2,1,1,1,1,0,2,0,2
99,-540988.7596,-886972.8422,E99_F42_m42f42_P99_Y6_UO1999,ID42_F6_m42f42_P6_Y4_UO2023,I42_F6_m-1f-1_P40_Y-1_U100,MXY,1,0.0,1,1,0.0,0,0,0,-9999.0,0.375,1,P39_CV0,2,1,1,2,0,0,2,0,2
99,-540988.7596,-886972.8422,E99_F42_m42f42_P99_Y6_UO2037,ID42_F27_m42f42_P99_Y2_UO1988,I42_F99_m50f50_P99_Y4_UO2380,MXY,1,0.0,1,1,0.0,0,0,0,-9999.0,0.5625,1,P39_CV0,2,1,1,1,1,0,2,0,2
99,-540988.7596,-886972.8422,E99_F42_m50f50_P99_Y6_UO2442,I50_F99_m40f40_P6_Y2_UO1875,I50_F99_m40f40_P6_Y2_UO1873,FXX,1,0.0,1,1,1.0,0,0,0,-9999.0,0.5,1,P39_CV0,2,1,1,1,1,0,2,0,2
99,-540988.7596,-886972.8422,E99_F42_m50f50_P99_Y6_UO2459,I50_F99_m40f40_P99_Y1_UO1790,I50_F99_m-1f-1_P50_Y-1_U41,MXY,1,0.0,1,1,0.0,0,0,0,-9999.0,0.375,1,P39_CV0,2,1,1,1,1,0,2,0,2
99,-540988.7596,-886972.8422,E99_F50_m42f42_P99_Y6_UO2051,ID42_F99_m40f40_P99_Y1_UO1720,I42_F99_m40f40_P99_Y1_UO1753,MXY,1,0.0,1,1,0.0,0,0,0,-9999.0,0.5,1,P39_CV0,2,1,1,2,0,0,2,0,2
99,-540988.7596,-886972.8422,E99_F50_m50f50_P99_Y6_UO2405,I50_F99_m92f92_P99_Y4_UO4383,I50_F6_m23f23_P99_Y1_UO1113,FXX,1,0.0,1,1,1.0,0,0,0,-9999.0,0.5,1,P39_CV0,2,1,1,1,1,0,2,0,2
99,-540988.7596,-886972.8422,E99_F50_m58f58_P99_Y6_UO2742,ID58_F99_m40f40_P99_Y3_UO1915,I58_F81_m-1f-1_P58_Y-1_U19,MXY,1,0.0,1,1,0.0,0,0,0,-9999.0,0.4375,1,P39_CV0,2,0,2,1,1,0,2,0,2
99,-540988.7596,-886972.8422,E99_F50_m92f92_P99_Y6_UO4391,I92_F6_m42f42_P99_Y3_UO1998,I92_F99_m92f92_P6_Y0_UO4657,MXY,1,0.0,1,1,0.0,0,0,0,-9999.0,0.5,1,P39_CV0,2,2,0,2,0,0,2,0,2
99,-540988.7596,-886972.8422,E99_F92_m23f23_P6_Y6_UO1207,I23_F86_m40f40_P99_Y1_UO1770,ID23_F35_m40f40_P57_Y2_UO1908,FXX,1,0.0,1,1,1.0,0,0,0,-9999.0,0.5,1,P39_CV0,2,1,1,1,1,0,2,0,2
99,-540988.7596,-886972.8422,E99_F92_m40f40_P6_Y6_UO1954,ID40_F57_m23f23_P57_Y1_UO1150,I40_F57_m-1f-1_P40_Y-1_U164,MXY,1,0.0,1,1,0.0,0,0,0,-9999.0,0.625,1,P39_CV0,2,1,1,1,1,0,2,0,2
99,-540988.7596,-886972.8422,E99_F92_m23f23_P27_Y6_UO1219,I23_F27_m40f40_P6_Y0_UO1937,I23_F57_m-1f-1_P23_Y-1_U125,FXX,1,0.0,1,1,1.0,0,0,0,-9999.0,0.75,1,P39_CV0,2,1,1,0,2,0,2,0,2
99,-540988.7596,-886972.8422,E99_F92_m40f40_P57_Y6_UO1976,I40_F6_m-1f-1_P40_Y-1_U6,I40_F6_m92f92_P6_Y2_UO4304,FXX,1,0.0,1,1,1.0,0,0,0,-9999.0,0.5,1,P39_CV0,2,2,0,1,1,0,2,0,2
99,-540988.7596,-886972.8422,E99_F42_m40f40_P57_Y5_UO1953,I40_F6_m-1f-1_P23_Y-1_U27,I40_F99_m-1f-1_P40_Y-1_U109,MXY,2,0.0,1,0,0.0,0,0,0,-9999.0,0.75,1,P39_CV0,2,1,1,0,2,0,2,0,2
99,-540988.7596,-886972.8422,E99_F50_m92f92_P99_Y5_UO4389,ID92_F6_m-1f-1_P40_Y-1_U223,I92_F57_m23f23_P6_Y1_UO1073,MXY,2,0.0,1,0,0.0,0,0,0,-9999.0,0.625,1,P39_CV0,2,1,1,0,2,0,2,0,2
99,-540988.7596,-886972.8422,E99_F50_m50f50_P99_Y5_UO2409,ID50_F57_m40f40_P6_Y2_UO1875,I50_F99_m-1f-1_P92_Y-1_U209,MXY,2,0.0,1,0,0.0,0,0,0,-9999.0,0.25,1,P39_CV0,2,1,1,1,1,0,2,0,2
99,-540988.7596,-886972.8422,E99_F92_m92f92_P6_Y5_UO4390,I92_F57_m-1f-1_P40_Y-1_U0,ID92_F6_m40f40_P6_Y2_UO1914,MXY,2,0.0,1,0,0.0,0,0,0,-9999.0,0.625,1,P39_CV0,2,1,1,1,1,0,2,0,2
99,-540988.7596,-886972.8422,E99_F92_m42f42_P99_Y5_UO2042,ID42_F99_m-1f-1_P94_Y-1_U221,I42_F99_m40f40_P99_Y1_UO1753,MXY,2,0.0,1,0,0.0,0,0,0,-9999.0,0.5,1,P39_CV0,2,2,0,1,1,0,2,0,2
99,-540988.7596,-886972.8422,E99_F92_m40f40_P57_Y5_UO1950,ID40_F99_m-1f-1_P40_Y-1_U188,I40_F57_m-1f-1_P40_Y-1_U29,MXY,2,0.0,1,0,0.0,0,0,0,-9999.0,0.5,1,P39_CV0,2,1,1,1,1,0,2,0,2
99,-540988.7596,-886972.8422,E99_F92_m50f50_P6_Y5_UO2448,I50_F99_m-1f-1_P40_Y-1_U170,ID50_F99_m-1f-1_P50_Y-1_U141,FXX,2,0.0,1,0,1.0,0,0,0,-9999.0,0.75,1,P39_CV0,2,2,0,1,1,0,2,0,2
99,-540988.7596,-886972.8422,E99_F40_m40f40_P6_Y4_UO1944,I40_F6_m-1f-1_P92_Y-1_U14,I40_F99_m-1f-1_P40_Y-1_U246,FXX,3,0.0,1,0,1.0,0,0,0,-9999.0,0.5,1,P39_CV0,2,1,1,0,2,0,2,0,2
99,-540988.7596,-886972.8422,E99_F50_m50f50_P99_Y4_UO2381,I50_F99_m58f58_P99_Y0_UO2947,ID50_F99_m40f40_P6_Y1_UO1761,FXX,3,0.0,1,0,1.0,0,0,0,-9999.0,0.5,1,P39_CV0,2,1,1,0,2,0,2,0,2
99,-540988.7596,-886972.8422,E99_F50_m50f50_P99_Y4_UO2375,I50_F6_m40f40_P99_Y1_UO1790,I50_F99_m42f42_P99_Y2_UO1978,FXX,3,0.0,1,0,1.0,0,0,0,-9999.0,0.125,1,P39_CV0,2,1,1,1,1,0,2,0,2
99,-540988.7596,-886972.8422,E99_F42_m92f92_P99_Y3_UO4339,I92_F6_m-1f-1_P42_Y-1_U226,I92_F99_m40f40_P6_Y1_UO1761,FXX,4,0.0,1,0,1.0,0,0,0,-9999.0,0.625,1,P39_CV0,2,1,1,2,0,0,2,0,2
99,-540988.7596,-886972.8422,E99_F50_m50f50_P99_Y3_UO2371,I50_F99_m40f40_P57_Y1_UO1730,I50_F99_m-1f-1_P50_Y-1_U178,FXX,4,0.0,1,0,1.0,0,0,0,-9999.0,0.625,1,P39_CV0,2,1,1,1,1,0,2,0,2
99,-540988.7596,-886972.8422,E99_F58_m40f40_P99_Y3_UO1915,I40_F6_m-1f-1_P40_Y-1_U182,ID40_F99_m65f65_P99_Y0_UO3395,FXX,4,0.0,1,0,1.0,0,0,0,-9999.0,0.375,1,P39_CV0,2,1,1,0,2,0,2,0,2
99,-540988.7596,-886972.8422,E99_F42_m42f42_P99_Y2_UO1988,I42_F99_m-1f-1_P42_Y-1_U7,I42_F6_m-1f-1_P40_Y-1_U100,FXX,5,0.0,1,0,1.0,0,0,0,-9999.0,0.5,1,P39_CV0,2,2,0,2,0,0,2,0,2
99,-540988.7596,-886972.8422,E99_F50_m42f42_P99_Y2_UO1978,I42_F99_m-1f-1_P40_Y-1_U93,I42_F99_m-1f-1_P58_Y-1_U144,MXY,5,0.0,1,0,0.0,0,0,0,-9999.0,0.0,1,P39_CV0,2,0,2,1,1,0,2,0,2
99,-540988.7596,-886972.8422,E99_F58_m40f40_P6_Y2_UO1899,ID40_F27_m-1f-1_P50_Y-1_U203,I40_F57_m-1f-1_P40_Y-1_U218,FXX,5,0.0,1,0,1.0,0,0,0,-9999.0,0.75,1,P39_CV0,2,2,0,1,1,0,2,0,2
99,-540988.7596,-886972.8422,E99_F42_m40f40_P99_Y1_UO1794,I40_F6_m-1f-1_P40_Y-1_U125,I40_F57_m-1f-1_P40_Y-1_U163,MXY,6,0.0,1,0,0.0,0,0,0,-9999.0,0.75,1,P39_CV0,2,2,0,1,1,0,2,0,2
99,-540988.7596,-886972.8422,E99_F50_m40f40_P6_Y1_UO1746,I40_F68_m-1f-1_P40_Y-1_U38,I40_F99_m-1f-1_P40_Y-1_U3,FXX,6,0.0,1,0,1.0,0,0,0,-9999.0,0.25,1,P39_CV0,2,0,2,1,1,0,2,0,2
99,-540988.7596,-886972.8422,E99_F50_m40f40_P6_Y1_UO1785,I40_F57_m-1f-1_P40_Y-1_U231,I40_F57_m-1f-1_P40_Y-1_U43,FXX,6,0.0,1,0,1.0,0,0,0,-9999.0,0.25,1,P39_CV0,2,0,2,1,1,0,2,0,2
99,-540988.7596,-886972.8422,E99_F50_m40f40_P6_Y1_UO1761,I40_F6_m-1f-1_P40_Y-1_U20,I40_F27_m-1f-1_P40_Y-1_U2,MXY,6,0.0,1,0,0.0,0,0,0,-9999.0,0.75,1,P39_CV0,2,2,0,1,1,0,2,0,2
99,-540988.7596,-886972.8422,E99_F50_m40f40_P99_Y1_UO1731,I40_F6_m-1f-1_P40_Y-1_U65,I40_F98_m-1f-1_P40_Y-1_U248,FXX,6,0.0,1,0,1.0,0,0,0,-9999.0,0.25,1,P39_CV0,2,1,1,0,2,0,2,0,2
99,-540988.7596,-886972.8422,E99_F92_m40f40_P6_Y1_UO1721,I40_F99_m-1f-1_P40_Y-1_U118,ID40_F99_m-1f-1_P42_Y-1_U44,FXX,6,0.0,1,0,1.0,0,0,0,-9999.0,0.5,1,P39_CV0,2,1,1,1,1,0,2,0,2
99,-540988.7596,-886972.8422,E99_F40_m40f40_P6_Y0_UO1951,R40_F40_m-1f-1_P40_Y-1_U60,R40_F40_m-1f-1_P40_Y-1_U82,MXY,7,0.0,1,0,0.0,0,0,0,-9999.0,0.75,1,P39_CV0,2,1,1,2,0,0,2,0,2
99,-540988.7596,-886972.8422,E99_F92_m40f40_P99_Y0_UO2013,R40_F40_m-1f-1_P40_Y-1_U240,R40_F40_m-1f-1_P40_Y-1_U197,MXY,7,0.0,1,0,0.0,0,0,0,-9999.0,0.0,1,P39_CV0,2,0,2,1,1,0,2,0,2
99,-540988.7596,-886972.8422,E99_F40_m-1f-1_P40_Y-1_U202,-9999,-9999,FXX,8,0.0,1,0,1.0,0,0,0,-9999.0,0.5,1,P39_CV0,2,1,1,2,0,0,2,0,2
99,-540988.7596,-886972.8422,E99_F50_m-1f-1_P40_Y-1_U8,-9999,-9999,FXX,8,0.0,1,0,1.0,0,0,0,-9999.0,0.5,1,P39_CV0,2,1,1,1,1,0,2,0,2
99,-540988.7596,-886972.8422,E99_F58_m-1f-1_P40_Y-1_U122,-9999,-9999,MXY,8,0.0,1,0,0.0,0,0,0,-9999.0,1.0,1,P39_CV0,2,2,0,0,2,0,2,0,2
99,-540988.7596,-886972.8422,E99_F50_m-1f-1_P40_Y-1_U223,-9999,-9999,FXX,11,0.0,1,0,1.0,0,0,0,-9999.0,1.0,1,P39_CV0,2,2,0,1,1,0,2,0,2
99,-540988.7596,-886972.8422,E99_F50_m-1f-1_P40_Y-1_U121,-9999,-9999,MXY,11,0.0,1,0,0.0,0,0,0,-9999.0,0.0,1,P39_CV0,2,0,2,1,1,0,2,0,2
99,-540988.7596,-886972.8422,E99_F50_m-1f-1_P40_Y-1_U88,-9999,-9999,FXX,14,0.0,1,0,1.0,0,0,0,-9999.0,1.0,1,P39_CV0,2,2,0,1,1,0,2,0,2
99,-540988.7596,-886972.8422,E99_F40_m-1f-1_P40_Y-1_U37,-9999,-9999,FXX,15,0.0,1,0,1.0,0,0,0,-9999.0,0.0,1,P39_CV0,2,0,2,1,1,0,2,0,2
99,-540988.7596,-886972.8422,Age0_F99_m40f40_P99_Y7_UO1952,I40_F99_m92f92_P99_Y1_UO4149,I40_F6_m92f92_P27_Y5_UO4368,FXX,0,0.0,0,0,0.0,0,0,0,0.0,0.5,1,P41_CV0,2,2,0,2,0,0,2,0,2
99,-540988.7596,-886972.8422,Age0_F99_m40f40_P99_Y7_UO1955,ID40_F6_m42f42_P99_Y1_UO1839,I40_F6_m92f92_P57_Y4_UO4275,MXY,0,0.0,0,0,0.0,0,0,0,0.0,0.5,1,P41_CV0,2,1,1,0,2,0,2,0,2
99,-540988.7596,-886972.8422,Age0_F99_m42f42_P99_Y7_UO1994,I42_F99_m58f58_P99_Y5_UO2735,ID42_F99_m-1f-1_P42_Y-1_U147,FXX,0,0.0,0,0,0.0,0,0,0,0.0,0.125,1,P41_CV0,2,0,2,0,2,0,2,0,2
99,-540988.7596,-886972.8422,Age0_F99_m42f42_P99_Y7_UO2013,I42_F57_m42f42_P99_Y4_UO2012,I42_F57_m90f90_P99_Y4_UO4260,MXY,0,0.0,0,0,0.0,0,0,0,0.0,0.125,1,P41_CV0,2,0,2,1,1,0,2,0,2
99,-540988.7596,-886972.8422,Age0_F99_m42f42_P99_Y7_UO2017,I42_F99_m58f58_P99_Y4_UO2708,I42_F99_m-1f-1_P42_Y-1_U26,MXY,0,0.0,0,0,0.0,0,0,0,0.0,0.5,1,P41_CV0,2,1,1,1,1,0,2,0,2
99,-540988.7596,-886972.8422,Age0_F99_m42f42_P99_Y7_UO2019,I42_F6_m40f40_P6_Y4_UO1893,I42_F99_m42f42_P99_Y0_UO2021,MXY,0,0.0,0,0,0.0,0,0,0,0.0,0.6875,1,P41_CV0,2,1,1,1,1,0,2,0,2
99,-540988.7596,-886972.8422,Age0_F99_m42f42_P99_Y7_UO2023,I42_F57_m42f42_P99_Y3_UO2015,ID42_F57_m45f45_P57_Y5_UO2194,MXY,0,0.0,0,0,0.0,0,0,0,0.0,0.65625,1,P41_CV0,2,2,0,0,2,0,2,0,2
99,-540988.7596,-886972.8422,Age0_F99_m42f42_P99_Y7_UO2026,I42_F99_m92f92_P99_Y3_UO4296,I42_F99_m50f50_P99_Y1_UO2277,FXX,0,0.0,0,0,0.0,0,0,0,0.0,0.5,1,P41_CV0,2,1,1,1,1,0,2,0,2
99,-540988.7596,-886972.8422,Age0_F99_m42f42_P99_Y7_UO2033,I42_F6_m50f50_P99_Y2_UO2450,I42_F99_m-1f-1_P94_Y-1_U95,FXX,0,0.0,0,0,0.0,0,0,0,0.0,0.25,1,P41_CV0,2,0,2,1,1,0,2,0,2
99,-540988.7596,-886972.8422,Age0_F99_m42f42_P99_Y7_UO2038,I42_F99_m42f42_P99_Y1_UO1815,ID42_F99_m42f42_P99_Y0_UO2102,MXY,0,0.0,0,0,0.0,0,0,0,0.0,0.625,1,P41_CV0,2,2,0,2,0,0,2,0,2
99,-540988.7596,-886972.8422,Age0_F99_m42f42_P99_Y7_UO2053,I42_F99_m-1f-1_P58_Y-1_U129,ID42_F99_m42f42_P99_Y0_UO2102,FXX,0,0.0,0,0,0.0,0,0,0,0.0,0.25,1,P41_CV0,2,0,2,1,1,0,2,0,2
99,-540988.7596,-886972.8422,Age0_F99_m42f42_P99_Y7_UO2059,I42_F27_m-1f-1_P42_Y-1_U56,I42_F99_m-1f-1_P42_Y-1_U135,MXY,0,0.0,0,0,0.0,0,0,0,0.0,0.75,1,P41_CV0,2,2,0,0,2,0,2,0,2
99,-540988.7596,-886972.8422,Age0_F99_m42f42_P99_Y7_UO2068,I42_F6_m-1f-1_P42_Y-1_U113,ID42_F6_m92f92_P6_Y5_UO4375,MXY,0,0.0,0,0,0.0,0,0,0,0.0,0.25,1,P41_CV0,2,0,2,0,2,0,2,0,2
99,-540988.7596,-886972.8422,Age0_F99_m42f42_P99_Y7_UO2073,I42_F27_m-1f-1_P42_Y-1_U192,I42_F99_m-1f-1_P42_Y-1_U86,FXX,0,0.0,0,0,0.0,0,0,0,0.0,0.25,1,P41_CV0,2,1,1,2,0,0,2,0,2
99,-540988.7596,-886972.8422,Age0_F99_m50f50_P99_Y7_UO2398,I50_F81_m50f50_P99_Y5_UO2407,I50_F99_m42f42_P99_Y2_UO2020,FXX,0,0.0,0,0,0.0,0,0,0,0.0,0.625,1,P41_CV0,2,1,1,2,0,0,2,0,2
99,-540988.7596,-886972.8422,Age0_F99_m50f50_P99_Y7_UO2403,I50_F99_m42f42_P99_Y5_UO2014,I50_F99_m42f42_P99_Y2_UO2017,MXY,0,0.0,0,0,0.0,0,0,0,0.0,0.375,1,P41_CV0,2,1,1,2,0,0,2,0,2
99,-540988.7596,-886972.8422,Age0_F99_m50f50_P99_Y7_UO2405,I50_F99_m42f42_P99_Y5_UO2021,I50_F99_m92f92_P99_Y4_UO4315,FXX,0,0.0,0,0,0.0,0,0,0,0.0,0.59375,1,P41_CV0,2,1,1,1,1,0,2,0,2
99,-540988.7596,-886972.8422,Age0_F99_m50f50_P99_Y7_UO2409,I50_F6_m42f42_P99_Y5_UO2009,I50_F99_m42f42_P99_Y2_UO2017,MXY,0,0.0,0,0,0.0,0,0,0,0.0,0.25,1,P41_CV0,2,0,2,2,0,0,2,0,2
99,-540988.7596,-886972.8422,Age0_F99_m50f50_P99_Y7_UO2410,I50_F27_m50f50_P99_Y5_UO2425,I50_F99_m-1f-1_P42_Y-1_U137,FXX,0,0.0,0,0,0.0,0,0,0,0.0,0.4375,1,P41_CV0,2,0,2,0,2,0,2,0,2
99,-540988.7596,-886972.8422,Age0_F99_m50f50_P99_Y7_UO2421,I50_F99_m92f92_P99_Y4_UO4373,I50_F99_m50f50_P99_Y3_UO2429,MXY,0,0.0,0,0,0.0,0,0,0,0.0,0.375,1,P41_CV0,2,0,2,0,2,0,2,0,2
99,-540988.7596,-886972.8422,Age0_F99_m50f50_P99_Y7_UO2422,ID50_F57_m42f42_P99_Y4_UO1963,I50_F99_m-1f-1_P40_Y-1_U121,FXX,0,0.0,0,0,0.0,0,0,0,0.0,0.25,1,P41_CV0,2,1,1,2,0,0,2,0,2
99,-540988.7596,-886972.8422,Age0_F99_m50f50_P99_Y7_UO2431,I50_F99_m45f45_P57_Y4_UO2157,I50_F57_m42f42_P99_Y5_UO1976,MXY,0,0.0,0,0,0.0,0,0,0,0.0,0.46875,1,P41_CV0,2,0,2,1,1,0,2,0,2
99,-540988.7596,-886972.8422,Age0_F99_m50f50_P99_Y7_UO2442,I50_F57_m50f50_P99_Y3_UO2358,I50_F99_m42f42_P99_Y2_UO2017,FXX,0,0.0,0,0,0.0,0,0,0,0.0,0.1875,1,P41_CV0,2,0,2,1,1,0,2,0,2
99,-540988.7596,-886972.8422,Age0_F99_m50f50_P99_Y7_UO2460,I50_F99_m92f92_P6_Y1_UO4122,I50_F99_m-1f-1_P42_Y-1_U137,FXX,0,0.0,0,0,0.0,0,0,0,0.0,0.5,1,P41_CV0,2,0,2,1,1,0,2,0,2
99,-540988.7596,-886972.8422,Age0_F99_m58f58_P99_Y7_UO2752,I58_F81_m-1f-1_P42_Y-1_U210,I58_F99_m-1f-1_P58_Y-1_U100,MXY,0,0.0,0,0,0.0,0,0,0,0.0,0.5,1,P41_CV0,2,2,0,0,2,0,2,0,2
99,-540988.7596,-886972.8422,Age0_F99_m58f58_P99_Y7_UO2756,ID58_F99_m-1f-1_P42_Y-1_U73,ID58_F72_m80f80_P81_Y5_UO3745,FXX,0,0.0,0,0,0.0,0,0,0,0.0,0.5625,1,P41_CV0,2,1,1,1,1,0,2,0,2
99,-540988.7596,-886972.8422,Age0_F99_m92f92_P99_Y7_UO4364,I92_F6_m92f92_P6_Y4_UO4371,I92_F6_m42f42_P99_Y4_UO2013,FXX,0,0.0,0,0,0.0,0,0,0,0.0,0.4375,1,P41_CV0,2,1,1,0,2,0,2,0,2
99,-540988.7596,-886972.8422,Age0_F99_m92f92_P99_Y7_UO4370,I92_F57_m92f92_P57_Y4_UO4289,I92_F57_m92f92_P99_Y5_UO4324,MXY,0,0.0,0,0,0.0,0,0,0,0.0,0.625,1,P41_CV0,2,2,0,0,2,0,2,0,2
99,-540988.7596,-886972.8422,Age0_F99_m92f92_P99_Y7_UO4374,I92_F57_m40f40_P99_Y4_UO1941,I92_F57_m92f92_P57_Y3_UO4267,MXY,0,0.0,0,0,0.0,0,0,0,0.0,0.5625,1,P41_CV0,2,1,1,2,0,0,2,0,2
99,-540988.7596,-886972.8422,Age0_F99_m92f92_P99_Y7_UO4399,I92_F57_m58f58_P6_Y2_UO2776,ID92_F6_m92f92_P99_Y3_UO4356,MXY,0,0.0,0,0,0.0,0,0,0,0.0,0.6875,1,P41_CV0,2,2,0,1,1,0,2,0,2
99,-540988.7596,-886972.8422,E99_F40_m40f40_P6_Y6_UO1977,I40_F6_m-1f-1_P42_Y-1_U82,ID40_F98_m-1f-1_P45_Y-1_U31,FXX,1,0.0,1,1,1.0,0,0,0,-9999.0,0.5,1,P41_CV0,2,1,1,2,0,0,2,0,2
99,-540988.7596,-886972.8422,E99_F42_m42f42_P99_Y6_UO2095,I42_F99_m-1f-1_P58_Y-1_U187,I42_F6_m58f58_P81_Y1_UO2671,FXX,1,0.0,1,1,1.0,0,0,0,-9999.0,0.375,1,P41_CV0,2,1,1,0,2,0,2,0,2
99,-540988.7596,-886972.8422,E99_F42_m50f50_P99_Y6_UO2443,I50_F6_m80f80_P81_Y2_UO3712,I50_F99_m-1f-1_P42_Y-1_U246,MXY,1,0.0,1,1,0.0,0,0,0,-9999.0,0.375,1,P41_CV0,2,1,1,0,2,0,2,0,2
99,-540988.7596,-886972.8422,E99_F42_m92f92_P99_Y6_UO4354,ID92_F99_m42f42_P99_Y4_UO1982,I92_F99_m90f90_P27_Y4_UO4253,FXX,1,0.0,1,1,1.0,0,0,0,-9999.0,0.5,1,P41_CV0,2,0,2,0,2,0,2,0,2
99,-540988.7596,-886972.8422,E99_F50_m42f42_P99_Y6_UO2043,I42_F99_m58f58_P99_Y2_UO2742,I42_F6_m58f58_P81_Y1_UO2671,FXX,1,0.0,1,1,1.0,0,0,0,-9999.0,0.625,1,P41_CV0,2,1,1,0,2,0,2,0,2
99,-540988.7596,-886972.8422,E99_F50_m42f42_P99_Y6_UO2048,I42_F99_m42f42_P99_Y1_UO1867,I42_F6_m58f58_P99_Y0_UO2946,MXY,1,0.0,1,1,0.0,0,0,0,-9999.0,0.375,1,P41_CV0,2,1,1,2,0,0,2,0,2
99,-540988.7596,-886972.8422,E99_F50_m50f50_P99_Y6_UO2410,I50_F57_m58f58_P99_Y4_UO2705,I50_F99_m-1f-1_P58_Y-1_U191,FXX,1,0.0,1,1,1.0,0,0,0,-9999.0,0.6875,1,P41_CV0,2,1,1,0,2,0,2,0,2
99,-540988.7596,-886972.8422,E99_F50_m50f50_P99_Y6_UO2440,ID50_F99_m42f42_P99_Y2_UO1981,I50_F57_m92f92_P6_Y4_UO4296,FXX,1,0.0,1,1,1.0,0,0,0,-9999.0,0.375,1,P41_CV0,2,0,2,1,1,0,2,0,2
99,-540988.7596,-886972.8422,E99_F50_m58f58_P99_Y6_UO2770,ID58_F99_m-1f-1_P50_Y-1_U83,ID58_F81_m58f58_P81_Y4_UO2704,FXX,1,0.0,1,1,1.0,0,0,0,-9999.0,0.375,1,P41_CV0,2,1,1,1,1,0,2,0,2
99,-540988.7596,-886972.8422,E99_F50_m58f58_P99_Y6_UO2785,I58_F81_m-1f-1_P42_Y-1_U157,I58_F99_m-1f-1_P5_Y-1_U130,FXX,1,0.0,1,1,1.0,0,0,0,-9999.0,0.75,1,P41_CV0,2,2,0,1,1,0,2,0,2
99,-540988.7596,-886972.8422,E99_F58_m50f50_P99_Y6_UO2458,I50_F57_m50f50_P99_Y1_UO2259,I50_F99_m45f45_P99_Y4_UO2193,FXX,1,0.0,1,1,1.0,0,0,0,-9999.0,0.6875,1,P41_CV0,2,1,1,0,2,0,2,0,2
99,-540988.7596,-886972.8422,E99_F92_m23f23_P6_Y6_UO1170,I23_F27_m50f50_P6_Y3_UO2401,I23_F57_m50f50_P99_Y4_UO2402,FXX,1,0.0,1,1,1.0,0,0,0,-9999.0,0.75,1,P41_CV0,2,2,0,1,1,0,2,0,2
99,-540988.7596,-886972.8422,E99_F92_m50f50_P27_Y6_UO2462,I50_F99_m42f42_P99_Y1_UO1846,I50_F6_m42f42_P99_Y3_UO2005,FXX,1,0.0,1,1,1.0,0,0,0,-9999.0,0.25,1,P41_CV0,2,0,2,2,0,0,2,0,2
99,-540988.7596,-886972.8422,E99_F92_m92f92_P57_Y6_UO4359,I92_F57_m42f42_P99_Y4_UO1963,I92_F99_m42f42_P99_Y4_UO1967,MXY,1,0.0,1,1,0.0,0,0,0,-9999.0,0.375,1,P41_CV0,2,1,1,0,2,0,2,0,2
99,-540988.7596,-886972.8422,E99_F92_m92f92_P57_Y6_UO4403,I92_F6_m42f42_P99_Y3_UO1999,I92_F99_m92f92_P6_Y4_UO4279,MXY,1,0.0,1,1,0.0,0,0,0,-9999.0,0.40625,1,P41_CV0,2,2,0,2,0,0,2,0,2
99,-540988.7596,-886972.8422,E99_F92_m42f42_P99_Y6_UO2042,I42_F99_m40f40_P99_Y2_UO1865,I42_F57_m92f92_P99_Y3_UO4333,MXY,1,0.0,1,1,0.0,0,0,0,-9999.0,0.375,1,P41_CV0,2,1,1,0,2,0,2,0,2
99,-540988.7596,-886972.8422,E99_F92_m42f42_P99_Y6_UO2049,ID42_F57_m42f42_P99_Y1_UO1821,I42_F6_m58f58_P99_Y0_UO2946,MXY,1,0.0,1,1,0.0,0,0,0,-9999.0,0.125,1,P41_CV0,2,1,1,2,0,0,2,0,2
99,-540988.7596,-886972.8422,E99_F92_m42f42_P99_Y6_UO2081,I42_F99_m-1f-1_P42_Y-1_U73,I42_F99_m23f23_P99_Y2_UO1202,MXY,1,0.0,1,1,0.0,0,0,0,-9999.0,0.5,1,P41_CV0,2,0,2,1,1,0,2,0,2
99,-540988.7596,-886972.8422,E99_F40_m50f50_P6_Y5_UO2401,I50_F99_m80f80_P81_Y2_UO3712,ID50_F99_m-1f-1_P42_Y-1_U246,MXY,2,0.0,1,0,0.0,0,0,0,-9999.0,0.375,1,P41_CV0,2,1,1,0,2,0,2,0,2
99,-540988.7596,-886972.8422,E99_F42_m42f42_P99_Y5_UO2053,I42_F99_m-1f-1_P50_Y-1_U187,I42_F99_m92f92_P99_Y3_UO4263,FXX,2,0.0,1,0,1.0,0,0,0,-9999.0,0.6875,1,P41_CV0,2,1,1,0,2,0,2,0,2
99,-540988.7596,-886972.8422,E99_F42_m58f58_P99_Y5_UO2745,I58_F81_m-1f-1_P42_Y-1_U66,I58_F81_m-1f-1_P58_Y-1_U236,MXY,2,0.0,1,0,0.0,0,0,0,-9999.0,0.25,1,P41_CV0,2,0,2,1,1,0,2,0,2
99,-540988.7596,-886972.8422,E99_F42_m42f42_P99_Y5_UO1997,I42_F99_m42f42_P99_Y1_UO1815,I42_F6_m-1f-1_P42_Y-1_U189,MXY,2,0.0,1,0,0.0,0,0,0,-9999.0,0.625,1,P41_CV0,2,0,2,0,2,0,2,0,2
99,-540988.7596,-886972.8422,E99_F50_m42f42_P99_Y5_UO2028,I42_F99_m-1f-1_P42_Y-1_U73,I42_F99_m-1f-1_P50_Y-1_U164,FXX,2,0.0,1,0,1.0,0,0,0,-9999.0,0.75,1,P41_CV0,2,1,1,1,1,0,2,0,2
99,-540988.7596,-886972.8422,E99_F50_m42f42_P99_Y5_UO2021,I42_F99_m-1f-1_P42_Y-1_U168,ID42_F99_m92f92_P99_Y3_UO4274,FXX,2,0.0,1,0,1.0,0,0,0,-9999.0,0.6875,1,P41_CV0,2,2,0,0,2,0,2,0,2
99,-540988.7596,-886972.8422,E99_F50_m42f42_P99_Y5_UO2009,I42_F99_m42f42_P99_Y0_UO2060,ID42_F99_m-1f-1_P92_Y-1_U99,FXX,2,0.0,1,0,1.0,0,0,0,-9999.0,0.25,1,P41_CV0,2,0,2,1,1,0,2,0,2
99,-540988.7596,-886972.8422,E99_F92_m58f58_P99_Y5_UO2744,I58_F6_m-1f-1_P50_Y-1_U126,I58_F99_m-1f-1_P42_Y-1_U119,MXY,2,0.0,1,0,0.0,0,0,0,-9999.0,0.0,1,P41_CV0,2,0,2,2,0,0,2,0,2
99,-540988.7596,-886972.8422,E99_F92_m42f42_P99_Y5_UO1979,I42_F27_m50f50_P99_Y2_UO2450,I42_F6_m40f40_P6_Y2_UO1904,MXY,2,0.0,1,0,0.0,0,0,0,-9999.0,0.375,1,P41_CV0,2,1,1,1,1,0,2,0,2
99,-540988.7596,-886972.8422,E99_F42_m50f50_P99_Y4_UO2408,ID50_F72_m-1f-1_P42_Y-1_U19,I50_F57_m92f92_P99_Y1_UO4142,MXY,3,0.0,1,0,0.0,0,0,0,-9999.0,0.375,1,P41_CV0,2,2,0,1,1,0,2,0,2
99,-540988.7596,-886972.8422,E99_F42_m50f50_P99_Y4_UO2380,ID50_F99_m42f42_P99_Y0_UO2074,ID50_F99_m-1f-1_P58_Y-1_U202,MXY,3,0.0,1,0,0.0,0,0,0,-9999.0,0.625,1,P41_CV0,2,0,2,1,1,0,2,0,2
99,-540988.7596,-886972.8422,E99_F42_m42f42_P99_Y4_UO2012,ID42_F99_m-1f-1_P42_Y-1_U206,ID42_F6_m-1f-1_P42_Y-1_U189,FXX,3,0.0,1,0,1.0,0,0,0,-9999.0,0.25,1,P41_CV0,2,0,2,1,1,0,2,0,2
99,-540988.7596,-886972.8422,E99_F50_m92f92_P99_Y4_UO4281,I92_F6_m90f90_P57_Y2_UO4207,I92_F27_m42f42_P6_Y1_UO1849,MXY,3,0.0,1,0,0.0,0,0,0,-9999.0,0.3125,1,P41_CV0,2,1,1,2,0,0,2,0,2
99,-540988.7596,-886972.8422,E99_F50_m92f92_P99_Y4_UO4373,ID92_F6_m-1f-1_P92_Y-1_U231,I92_F99_m42f42_P99_Y0_UO2080,FXX,3,0.0,1,0,1.0,0,0,0,-9999.0,0.25,1,P41_CV0,2,0,2,0,2,0,2,0,2
99,-540988.7596,-886972.8422,E99_F50_m42f42_P99_Y4_UO1963,I42_F6_m42f42_P99_Y1_UO1838,ID42_F57_m80f80_P81_Y2_UO3668,FXX,3,0.0,1,0,1.0,0,0,0,-9999.0,0.5,1,P41_CV0,2,2,0,1,1,0,2,0,2
99,-540988.7596,-886972.8422,E99_F50_m58f58_P99_Y4_UO2705,I58_F81_m5f5_P81_Y1_UO334,I58_F81_m-1f-1_P42_Y-1_U101,FXX,3,0.0,1,0,1.0,0,0,0,-9999.0,0.875,1,P41_CV0,2,1,1,1,1,0,2,0,2
99,-540988.7596,-886972.8422,E99_F50_m92f92_P99_Y4_UO4315,ID92_F99_m42f42_P99_Y1_UO1803,I92_F6_m92f92_P99_Y1_UO4109,MXY,3,0.0,1,0,0.0,0,0,0,-9999.0,0.5,1,P41_CV0,2,1,1,2,0,0,2,0,2
99,-540988.7596,-886972.8422,E99_F50_m45f45_P57_Y4_UO2157,I45_F8_m42f42_P99_Y0_UO2024,I45_F86_m63f63_P8_Y2_UO3084,FXX,3,0.0,1,0,1.0,0,0,0,-9999.0,0.625,1,P41_CV0,2,1,1,2,0,0,2,0,2
99,-540988.7596,-886972.8422,E99_F58_m42f42_P99_Y4_UO2021,I42_F57_m-1f-1_P42_Y-1_U192,I42_F27_m-1f-1_P92_Y-1_U111,MXY,3,0.0,1,0,0.0,0,0,0,-9999.0,0.5,1,P41_CV0,2,1,1,2,0,0,2,0,2
99,-540988.7596,-886972.8422,E99_F92_m40f40_P99_Y4_UO1941,I40_F6_m-1f-1_P65_Y-1_U17,I40_F86_m-1f-1_P42_Y-1_U209,FXX,3,0.0,1,0,1.0,0,0,0,-9999.0,0.75,1,P41_CV0,2,1,1,2,0,0,2,0,2
99,-540988.7596,-886972.8422,E99_F42_m92f92_P99_Y3_UO4274,I92_F27_m40f40_P57_Y1_UO1788,I92_F57_m42f42_P99_Y0_UO2112,MXY,4,0.0,1,0,0.0,0,0,0,-9999.0,0.375,1,P41_CV0,2,1,1,0,2,0,2,0,2
99,-540988.7596,-886972.8422,E99_F42_m42f42_P99_Y3_UO2015,I42_F99_m-1f-1_P42_Y-1_U227,I42_F99_m92f92_P99_Y0_UO4610,FXX,4,0.0,1,0,1.0,0,0,0,-9999.0,0.75,1,P41_CV0,2,2,0,1,1,0,2,0,2
99,-540988.7596,-886972.8422,E99_F42_m42f42_P99_Y3_UO2007,I42_F99_m-1f-1_P42_Y-1_U206,I42_F99_m58f58_P99_Y0_UO3021,MXY,4,0.0,1,0,0.0,0,0,0,-9999.0,0.375,1,P41_CV0,2,1,1,1,1,0,2,0,2
99,-540988.7596,-886972.8422,E99_F50_m42f42_P99_Y3_UO2005,I42_F99_m-1f-1_P42_Y-1_U93,I42_F27_m50f50_P99_Y1_UO2277,MXY,4,0.0,1,0,0.0,0,0,0,-9999.0,0.25,1,P41_CV0,2,1,1,2,0,0,2,0,2
99,-540988.7596,-886972.8422,E99_F50_m50f50_P99_Y3_UO2358,I50_F99_m42f42_P99_Y1_UO1877,I50_F76_m-1f-1_P40_Y-1_U105,FXX,4,0.0,1,0,1.0,0,0,0,-9999.0,0.125,1,P41_CV0,2,0,2,1,1,0,2,0,2
99,-540988.7596,-886972.8422,E99_F50_m50f50_P99_Y3_UO2372,I50_F6_m50f50_P99_Y1_UO2259,ID50_F99_m-1f-1_P42_Y-1_U241,FXX,4,0.0,1,0,1.0,0,0,0,-9999.0,0.75,1,P41_CV0,2,1,1,1,1,0,2,0,2
99,-540988.7596,-886972.8422,E99_F58_m42f42_P99_Y3_UO1971,I42_F99_m50f50_P99_Y0_UO2574,I42_F99_m-1f-1_P42_Y-1_U147,MXY,4,0.0,1,0,0.0,0,0,0,-9999.0,0.0,1,P41_CV0,2,0,2,1,1,0,2,0,2
99,-540988.7596,-886972.8422,E99_F92_m92f92_P99_Y3_UO4356,I92_F6_m-1f-1_P92_Y-1_U197,I92_F6_m42f42_P99_Y0_UO2075,MXY,4,0.0,1,0,0.0,0,0,0,-9999.0,0.625,1,P41_CV0,2,1,1,2,0,0,2,0,2
99,-540988.7596,-886972.8422,E99_F42_m50f50_P99_Y2_UO2450,ID50_F6_m-1f-1_P42_Y-1_U113,I50_F57_m-1f-1_P50_Y-1_U97,FXX,5,0.0,1,0,1.0,0,0,0,-9999.0,0.0,1,P41_CV0,2,0,2,2,0,0,2,0,2
99,-540988.7596,-886972.8422,E99_F50_m42f42_P99_Y2_UO2020,I42_F99_m-1f-1_P42_Y-1_U151,I42_F99_m-1f-1_P42_Y-1_U128,MXY,5,0.0,1,0,0.0,0,0,0,-9999.0,0.75,1,P41_CV0,2,2,0,2,0,0,2,0,2
99,-540988.7596,-886972.8422,E99_F50_m42f42_P99_Y2_UO1990,I42_F99_m-1f-1_P42_Y-1_U47,I42_F99_m-1f-1_P42_Y-1_U128,FXX,5,0.0,1,0,1.0,0,0,0,-9999.0,0.75,1,P41_CV0,2,1,1,1,1,0,2,0,2
99,-540988.7596,-886972.8422,E99_F50_m42f42_P99_Y2_UO2017,I42_F99_m-1f-1_P42_Y-1_U20,I42_F99_m-1f-1_P42_Y-1_U140,MXY,5,0.0,1,0,0.0,0,0,0,-9999.0,0.25,1,P41_CV0,2,0,2,2,0,0,2,0,2
99,-540988.7596,-886972.8422,E99_F92_m42f42_P99_Y2_UO1954,ID42_F6_m42f42_P99_Y0_UO2059,ID42_F99_m42f42_P99_Y0_UO2029,FXX,5,0.0,1,0,1.0,0,0,0,-9999.0,0.5,1,P41_CV0,2,1,1,1,1,0,2,0,2
99,-540988.7596,-886972.8422,E99_F40_m42f42_P99_Y1_UO1839,I42_F6_m-1f-1_P42_Y-1_U47,ID42_F99_m-1f-1_P50_Y-1_U109,FXX,6,0.0,1,0,1.0,0,0,0,-9999.0,0.25,1,P41_CV0,2,0,2,1,1,0,2,0,2
99,-540988.7596,-886972.8422,E99_F42_m42f42_P99_Y1_UO1815,I42_F99_m-1f-1_P42_Y-1_U80,I42_F99_m-1f-1_P42_Y-1_U249,FXX,6,0.0,1,0,1.0,0,0,0,-9999.0,0.75,1,P41_CV0,2,1,1,1,1,0,2,0,2
99,-540988.7596,-886972.8422,E99_F42_m50f50_P99_Y1_UO2277,I50_F99_m-1f-1_P50_Y-1_U130,ID50_F99_m-1f-1_P42_Y-1_U10,MXY,6,0.0,1,0,0.0,0,0,0,-9999.0,0.5,1,P41_CV0,2,1,1,2,0,0,2,0,2
99,-540988.7596,-886972.8422,E99_F42_m58f58_P81_Y1_UO2671,ID58_F99_m-1f-1_P42_Y-1_U79,ID58_F81_m-1f-1_P58_Y-1_U181,MXY,6,0.0,1,0,0.0,0,0,0,-9999.0,0.75,1,P41_CV0,2,1,1,1,1,0,2,0,2
99,-540988.7596,-886972.8422,E99_F50_m50f50_P6_Y1_UO2300,ID50_F99_m-1f-1_P42_Y-1_U173,I50_F99_m-1f-1_P50_Y-1_U197,MXY,6,0.0,1,0,0.0,0,0,0,-9999.0,0.25,1,P41_CV0,2,0,2,0,2,0,2,0,2
99,-540988.7596,-886972.8422,E99_F50_m42f42_P99_Y1_UO1854,I42_F99_m-1f-1_P42_Y-1_U97,I42_F99_m-1f-1_P42_Y-1_U202,MXY,6,0.0,1,0,0.0,0,0,0,-9999.0,0.5,1,P41_CV0,2,0,2,0,2,0,2,0,2
99,-540988.7596,-886972.8422,E99_F42_m42f42_P99_Y0_UO2102,R42_F42_m-1f-1_P42_Y-1_U219,R42_F42_m-1f-1_P42_Y-1_U239,MXY,7,0.0,1,0,0.0,0,0,0,-9999.0,0.5,1,P41_CV0,2,1,1,1,1,0,2,0,2
99,-540988.7596,-886972.8422,E99_F42_m42f42_P99_Y0_UO2021,R42_F42_m-1f-1_P42_Y-1_U11,R42_F42_m-1f-1_P42_Y-1_U118,MXY,7,0.0,1,0,0.0,0,0,0,-9999.0,0.5,1,P41_CV0,2,0,2,1,1,0,2,0,2
99,-540988.7596,-886972.8422,E99_F50_m42f42_P99_Y0_UO2027,R42_F42_m-1f-1_P42_Y-1_U21,R42_F42_m-1f-1_P42_Y-1_U44,MXY,7,0.0,1,0,0.0,0,0,0,-9999.0,0.25,1,P41_CV0,2,1,1,2,0,0,2,0,2
99,-540988.7596,-886972.8422,E99_F42_m-1f-1_P42_Y-1_U230,-9999,-9999,MXY,9,0.0,1,0,0.0,0,0,0,-9999.0,0.5,1,P41_CV0,2,1,1,0,2,0,2,0,2
99,-540988.7596,-886972.8422,E99_F42_m-1f-1_P42_Y-1_U202,-9999,-9999,MXY,9,0.0,1,0,0.0,0,0,0,-9999.0,0.5,1,P41_CV0,2,1,1,1,1,0,2,0,2
99,-540988.7596,-886972.8422,E99_F42_m-1f-1_P42_Y-1_U168,-9999,-9999,FXX,9,0.0,1,0,1.0,0,0,0,-9999.0,1.0,1,P41_CV0,2,2,0,1,1,0,2,0,2
99,-540988.7596,-886972.8422,E99_F50_m-1f-1_P42_Y-1_U160,-9999,-9999,MXY,9,0.0,1,0,0.0,0,0,0,-9999.0,0.0,1,P41_CV0,2,0,2,1,1,0,2,0,2
99,-540988.7596,-886972.8422,E99_F58_m-1f-1_P42_Y-1_U210,-9999,-9999,FXX,9,0.0,1,0,1.0,0,0,0,-9999.0,0.5,1,P41_CV0,2,1,1,0,2,0,2,0,2
99,-540988.7596,-886972.8422,E99_F58_m-1f-1_P42_Y-1_U66,-9999,-9999,FXX,9,0.0,1,0,1.0,0,0,0,-9999.0,0.0,1,P41_CV0,2,0,2,1,1,0,2,0,2
99,-540988.7596,-886972.8422,E99_F42_m-1f-1_P42_Y-1_U56,-9999,-9999,FXX,10,0.0,1,0,1.0,0,0,0,-9999.0,1.0,1,P41_CV0,2,2,0,1,1,0,2,0,2
99,-540988.7596,-886972.8422,E99_F58_m-1f-1_P42_Y-1_U69,-9999,-9999,MXY,10,0.0,1,0,0.0,0,0,0,-9999.0,0.5,1,P41_CV0,2,1,1,0,2,0,2,0,2
99,-540988.7596,-886972.8422,E99_F58_m-1f-1_P42_Y-1_U73,-9999,-9999,FXX,10,0.0,1,0,1.0,0,0,0,-9999.0,0.5,1,P41_CV0,2,1,1,2,0,0,2,0,2
99,-540988.7596,-886972.8422,E99_F42_m-1f-1_P42_Y-1_U135,-9999,-9999,MXY,11,0.0,1,0,0.0,0,0,0,-9999.0,0.5,1,P41_CV0,2,1,1,0,2,0,2,0,2
99,-540988.7596,-886972.8422,E99_F42_m-1f-1_P42_Y-1_U86,-9999,-9999,MXY,11,0.0,1,0,0.0,0,0,0,-9999.0,0.0,1,P41_CV0,2,0,2,2,0,0,2,0,2
99,-540988.7596,-886972.8422,E99_F50_m-1f-1_P42_Y-1_U137,-9999,-9999,MXY,11,0.0,1,0,0.0,0,0,0,-9999.0,0.5,1,P41_CV0,2,1,1,1,1,0,2,0,2
99,-540988.7596,-886972.8422,E99_F42_m-1f-1_P42_Y-1_U118,-9999,-9999,MXY,12,0.0,1,0,0.0,0,0,0,-9999.0,0.5,1,P41_CV0,2,1,1,1,1,0,2,0,2
99,-540988.7596,-886972.8422,E99_F42_m-1f-1_P42_Y-1_U113,-9999,-9999,FXX,12,0.0,1,0,1.0,0,0,0,-9999.0,0.0,1,P41_CV0,2,0,2,1,1,0,2,0,2
99,-540988.7596,-886972.8422,E99_F58_m-1f-1_P42_Y-1_U174,-9999,-9999,MXY,12,0.0,1,0,0.0,0,0,0,-9999.0,1.0,1,P41_CV0,2,2,0,1,1,0,2,0,2
99,-540988.7596,-886972.8422,E99_F42_m-1f-1_P42_Y-1_U16,-9999,-9999,FXX,13,0.0,1,0,1.0,0,0,0,-9999.0,0.5,1,P41_CV0,2,1,1,2,0,0,2,0,2
99,-540988.7596,-886972.8422,E99_F42_m-1f-1_P42_Y-1_U26,-9999,-9999,MXY,14,0.0,1,0,0.0,0,0,0,-9999.0,0.5,1,P41_CV0,2,1,1,1,1,0,2,0,2
99,-540988.7596,-886972.8422,E99_F42_m-1f-1_P42_Y-1_U192,-9999,-9999,FXX,15,0.0,1,0,1.0,0,0,0,-9999.0,0.5,1,P41_CV0,2,1,1,2,0,0,2,0,2
99,-540988.7596,-886972.8422,Age0_F99_m23f23_P99_Y7_UO1225,ID23_F27_m-1f-1_P45_Y-1_U240,ID23_F6_m45f45_P86_Y2_UO2178,FXX,0,0.0,0,0,0.0,0,0,0,0.0,0.375,1,P44_CV0,2,1,1,2,0,0,2,0,2
99,-540988.7596,-886972.8422,Age0_F99_m40f40_P99_Y7_UO1944,I40_F6_m45f45_P6_Y2_UO2149,ID40_F35_m-1f-1_P42_Y-1_U165,FXX,0,0.0,0,0,0.0,0,0,0,0.0,0.375,1,P44_CV0,2,1,1,1,1,0,2,0,2
99,-540988.7596,-886972.8422,Age0_F99_m40f40_P99_Y7_UO1948,ID40_F6_m45f45_P6_Y1_UO2017,I40_F57_m-1f-1_P94_Y-1_U237,MXY,0,0.0,0,0,0.0,0,0,0,0.0,0.5,1,P44_CV0,2,0,2,1,1,0,2,0,2
99,-540988.7596,-886972.8422,Age0_F99_m40f40_P99_Y7_UO1951,ID40_F68_m90f90_P86_Y1_UO4016,I40_F6_m90f90_P6_Y5_UO4178,MXY,0,0.0,0,0,0.0,0,0,0,0.0,0.46875,1,P44_CV0,2,1,1,0,2,0,2,0,2
99,-540988.7596,-886972.8422,Age0_F99_m42f42_P99_Y7_UO2001,I42_F81_m23f23_P57_Y5_UO1151,I42_F99_m42f42_P99_Y4_UO1984,FXX,0,0.0,0,0,0.0,0,0,0,0.0,0.625,1,P44_CV0,2,1,1,0,2,0,2,0,2
99,-540988.7596,-886972.8422,Age0_F99_m42f42_P99_Y7_UO2002,I42_F6_m92f92_P99_Y4_UO4328,ID42_F99_m-1f-1_P42_Y-1_U202,MXY,0,0.0,0,0,0.0,0,0,0,0.0,0.5625,1,P44_CV0,2,0,2,1,1,0,2,0,2
99,-540988.7596,-886972.8422,Age0_F99_m42f42_P99_Y7_UO2034,I42_F99_m42f42_P99_Y2_UO1988,I42_F57_m90f90_P57_Y4_UO4271,FXX,0,0.0,0,0,0.0,0,0,0,0.0,0.625,1,P44_CV0,2,2,0,2,0,0,2,0,2
99,-540988.7596,-886972.8422,Age0_F99_m50f50_P99_Y7_UO2406,I50_F57_m45f45_P57_Y5_UO2222,ID50_F6_m42f42_P99_Y1_UO1832,FXX,0,0.0,0,0,0.0,0,0,0,0.0,0.4375,1,P44_CV0,2,1,1,2,0,0,2,0,2
99,-540988.7596,-886972.8422,Age0_F99_m50f50_P99_Y7_UO2418,ID50_F6_m45f45_P57_Y4_UO2155,I50_F99_m-1f-1_P50_Y-1_U175,FXX,0,0.0,0,0,0.0,0,0,0,0.0,0.4375,1,P44_CV0,2,1,1,2,0,0,2,0,2
99,-540988.7596,-886972.8422,Age0_F99_m50f50_P99_Y7_UO2432,I50_F99_m50f50_P99_Y4_UO2429,ID50_F99_m50f50_P27_Y3_UO2389,FXX,0,0.0,0,0,0.0,0,0,0,0.0,0.625,1,P44_CV0,2,2,0,0,2,0,2,0,2
99,-540988.7596,-886972.8422,Age0_F99_m50f50_P99_Y7_UO2440,ID50_F99_m92f92_P99_Y3_UO4260,I50_F99_m42f42_P99_Y2_UO1978,MXY,0,0.0,0,0,0.0,0,0,0,0.0,0.125,1,P44_CV0,2,0,2,1,1,0,2,0,2
99,-540988.7596,-886972.8422,Age0_F99_m50f50_P99_Y7_UO2452,I50_F99_m80f80_P81_Y2_UO3712,I50_F6_m92f92_P99_Y1_UO4142,FXX,0,0.0,0,0,0.0,0,0,0,0.0,0.5,1,P44_CV0,2,2,0,1,1,0,2,0,2
99,-540988.7596,-886972.8422,Age0_F99_m92f92_P99_Y7_UO4359,I92_F99_m40f40_P57_Y4_UO1934,ID92_F6_m7f7_P35_Y4_UO465,MXY,0,0.0,0,0,0.0,0,0,0,0.0,0.5625,1,P44_CV0,2,2,0,1,1,0,2,0,2
99,-540988.7596,-886972.8422,Age0_F99_m92f92_P99_Y7_UO4360,I92_F6_m40f40_P6_Y4_UO1927,I92_F57_m92f92_P57_Y3_UO4267,MXY,0,0.0,0,0,0.0,0,0,0,0.0,0.5,1,P44_CV0,2,2,0,1,1,0,2,0,2
99,-540988.7596,-886972.8422,Age0_F99_m92f92_P99_Y7_UO4363,I92_F99_m23f23_P6_Y4_UO1159,I92_F57_m45f45_P57_Y2_UO2188,MXY,0,0.0,0,0,0.0,0,0,0,0.0,0.3125,1,P44_CV0,2,0,2,0,2,0,2,0,2
99,-540988.7596,-886972.8422,Age0_F99_m92f92_P99_Y7_UO4383,I92_F99_m30f30_P35_Y3_UO1370,ID92_F6_m-1f-1_P45_Y-1_U245,FXX,0,0.0,0,0,0.0,0,0,0,0.0,0.75,1,P44_CV0,2,1,1,2,0,0,2,0,2
99,-540988.7596,-886972.8422,Age0_F99_m92f92_P99_Y7_UO4390,I92_F6_m90f90_P6_Y3_UO4165,ID92_F99_m50f50_P6_Y4_UO2369,MXY,0,0.0,0,0,0.0,0,0,0,0.0,0.5,1,P44_CV0,2,2,0,0,2,0,2,0,2
99,-540988.7596,-886972.8422,Age0_F99_m92f92_P99_Y7_UO4406,I92_F6_m40f40_P6_Y1_UO1721,I92_F27_m23f23_P27_Y5_UO1146,FXX,0,0.0,0,0,0.0,0,0,0,0.0,0.625,1,P44_CV0,2,1,1,2,0,0,2,0,2
99,-540988.7596,-886972.8422,E99_F23_m90f90_P57_Y6_UO4288,ID90_F86_m92f92_P6_Y2_UO4362,I90_F52_m90f90_P86_Y4_UO4200,FXX,1,0.0,1,1,1.0,0,0,0,-9999.0,0.5,1,P44_CV0,2,2,0,2,0,0,2,0,2
99,-540988.7596,-886972.8422,E99_F23_m90f90_P35_Y6_UO4312,I90_F86_m45f45_P57_Y0_UO2271,I90_F57_m12f12_P52_Y0_UO736,MXY,1,0.0,1,1,0.0,0,0,0,-9999.0,0.875,1,P44_CV0,2,1,1,1,1,0,2,0,2
99,-540988.7596,-886972.8422,E99_F40_m92f92_P6_Y6_UO4423,I92_F27_m45f45_P6_Y1_UO2017,I92_F99_m42f42_P57_Y3_UO2019,MXY,1,0.0,1,1,0.0,0,0,0,-9999.0,0.375,1,P44_CV0,2,0,2,2,0,0,2,0,2
99,-540988.7596,-886972.8422,E99_F42_m50f50_P99_Y6_UO2422,I50_F99_m50f50_P99_Y4_UO2429,I50_F99_m58f58_P99_Y4_UO2712,MXY,1,0.0,1,1,0.0,0,0,0,-9999.0,0.75,1,P44_CV0,2,2,0,1,1,0,2,0,2
99,-540988.7596,-886972.8422,E99_F50_m42f42_P99_Y6_UO2011,ID42_F81_m94f94_P81_Y4_UO4455,I42_F6_m42f42_P99_Y4_UO1984,FXX,1,0.0,1,1,1.0,0,0,0,-9999.0,0.5,1,P44_CV0,2,1,1,1,1,0,2,0,2
99,-540988.7596,-886972.8422,E99_F50_m42f42_P99_Y6_UO2026,ID42_F99_m92f92_P99_Y3_UO4328,ID42_F6_m23f23_P57_Y4_UO1168,MXY,1,0.0,1,1,0.0,0,0,0,-9999.0,0.34375,1,P44_CV0,2,0,2,1,1,0,2,0,2
99,-540988.7596,-886972.8422,E99_F50_m50f50_P99_Y6_UO2449,I50_F6_m50f50_P99_Y2_UO2453,I50_F99_m45f45_P6_Y1_UO2022,FXX,1,0.0,1,1,1.0,0,0,0,-9999.0,0.5,1,P44_CV0,2,1,1,1,1,0,2,0,2
99,-540988.7596,-886972.8422,E99_F58_m58f58_P99_Y6_UO2768,I58_F81_m-1f-1_P94_Y-1_U109,I58_F99_m45f45_P99_Y4_UO2128,MXY,1,0.0,1,1,0.0,0,0,0,-9999.0,0.40625,1,P44_CV0,2,2,0,1,1,0,2,0,2
99,-540988.7596,-886972.8422,E99_F92_m92f92_P6_Y6_UO4382,I92_F27_m58f58_P99_Y3_UO2730,ID92_F6_m23f23_P99_Y3_UO1143,MXY,1,0.0,1,1,0.0,0,0,0,-9999.0,0.4375,1,P44_CV0,2,1,1,0,2,0,2,0,2
99,-540988.7596,-886972.8422,E99_F92_m45f45_P57_Y6_UO2196,I45_F6_m58f58_P6_Y4_UO2719,ID45_F6_m90f90_P27_Y4_UO4199,MXY,1,0.0,1,1,0.0,0,0,0,-9999.0,0.5,1,P44_CV0,2,0,2,1,1,0,2,0,2
99,-540988.7596,-886972.8422,E99_F92_m42f42_P99_Y6_UO2028,I42_F99_m92f92_P99_Y3_UO4260,I42_F99_m-1f-1_P92_Y-1_U99,FXX,1,0.0,1,1,1.0,0,0,0,-9999.0,0.375,1,P44_CV0,2,0,2,0,2,0,2,0,2
99,-540988.7596,-886972.8422,E99_F23_m92f92_P6_Y5_UO4395,ID92_F36_m-1f-1_P45_Y-1_U13,I92_F6_m-1f-1_P92_Y-1_U54,MXY,2,0.0,1,0,0.0,0,0,0,-9999.0,0.25,1,P44_CV0,2,0,2,2,0,0,2,0,2
99,-540988.7596,-886972.8422,E99_F50_m45f45_P57_Y5_UO2222,ID45_F86_m-1f-1_P45_Y-1_U106,I45_F52_m12f12_P57_Y1_UO689,FXX,2,0.0,1,0,1.0,0,0,0,-9999.0,0.625,1,P44_CV0,2,1,1,2,0,0,2,0,2
99,-540988.7596,-886972.8422,E99_F92_m45f45_P6_Y5_UO2202,I45_F68_m-1f-1_P45_Y-1_U85,I45_F86_m23f23_P52_Y3_UO1197,FXX,2,0.0,1,0,1.0,0,0,0,-9999.0,0.6875,1,P44_CV0,2,2,0,1,1,0,2,0,2
99,-540988.7596,-886972.8422,E99_F42_m92f92_P99_Y4_UO4328,I92_F99_m45f45_P57_Y1_UO2006,I92_F57_m-1f-1_P40_Y-1_U184,FXX,3,0.0,1,0,1.0,0,0,0,-9999.0,0.625,1,P44_CV0,2,1,1,1,1,0,2,0,2
99,-540988.7596,-886972.8422,E99_F42_m92f92_P57_Y4_UO4307,I92_F6_m50f50_P99_Y2_UO2457,I92_F6_m45f45_P57_Y2_UO2188,FXX,3,0.0,1,0,1.0,0,0,0,-9999.0,0.25,1,P44_CV0,2,0,2,0,2,0,2,0,2
99,-540988.7596,-886972.8422,E99_F50_m45f45_P57_Y4_UO2155,I45_F86_m45f45_P6_Y0_UO2282,I45_F57_m84f84_P8_Y2_UO3884,FXX,3,0.0,1,0,1.0,0,0,0,-9999.0,0.875,1,P44_CV0,2,2,0,2,0,0,2,0,2
99,-540988.7596,-886972.8422,E99_F50_m50f50_P99_Y4_UO2429,I50_F99_m-1f-1_P50_Y-1_U51,I50_F57_m92f92_P99_Y1_UO4142,FXX,3,0.0,1,0,1.0,0,0,0,-9999.0,0.625,1,P44_CV0,2,2,0,0,2,0,2,0,2
99,-540988.7596,-886972.8422,E99_F58_m92f92_P99_Y4_UO4294,I92_F57_m45f45_P57_Y2_UO2198,I92_F6_m42f42_P99_Y0_UO2112,MXY,3,0.0,1,0,0.0,0,0,0,-9999.0,0.5,1,P44_CV0,2,1,1,1,1,0,2,0,2
99,-540988.7596,-886972.8422,E99_F92_m40f40_P57_Y4_UO1934,I40_F57_m-1f-1_P45_Y-1_U25,I40_F57_m-1f-1_P40_Y-1_U230,FXX,3,0.0,1,0,1.0,0,0,0,-9999.0,0.75,1,P44_CV0,2,1,1,1,1,0,2,0,2
99,-540988.7596,-886972.8422,E99_F92_m40f40_P6_Y4_UO1927,I40_F57_m-1f-1_P40_Y-1_U223,ID40_F6_m45f45_P86_Y0_UO2321,FXX,3,0.0,1,0,1.0,0,0,0,-9999.0,0.625,1,P44_CV0,2,2,0,0,2,0,2,0,2
99,-540988.7596,-886972.8422,E99_F92_m92f92_P57_Y4_UO4289,I92_F57_m50f50_P99_Y2_UO2434,I92_F6_m45f45_P57_Y2_UO2188,FXX,3,0.0,1,0,1.0,0,0,0,-9999.0,0.4375,1,P44_CV0,2,1,1,0,2,0,2,0,2
99,-540988.7596,-886972.8422,E99_F42_m92f92_P99_Y3_UO4296,I92_F27_m23f23_P27_Y0_UO1243,ID92_F57_m45f45_P57_Y0_UO2243,FXX,4,0.0,1,0,1.0,0,0,0,-9999.0,0.5,1,P44_CV0,2,1,1,1,1,0,2,0,2
99,-540988.7596,-886972.8422,E99_F50_m92f92_P99_Y3_UO4260,ID92_F52_m45f45_P86_Y1_UO2044,I92_F57_m-1f-1_P92_Y-1_U207,FXX,4,0.0,1,0,1.0,0,0,0,-9999.0,0.25,1,P44_CV0,2,0,2,1,1,0,2,0,2
99,-540988.7596,-886972.8422,E99_F92_m30f30_P35_Y3_UO1370,ID30_F86_m45f45_P6_Y1_UO2023,I30_F13_m-1f-1_P30_Y-1_U6,FXX,4,0.0,1,0,1.0,0,0,0,-9999.0,0.5,1,P44_CV0,2,0,2,2,0,0,2,0,2
99,-540988.7596,-886972.8422,E99_F92_m90f90_P6_Y3_UO4165,I90_F86_m46f46_P52_Y1_UO2112,ID90_F52_m45f45_P27_Y0_UO2264,FXX,4,0.0,1,0,1.0,0,0,0,-9999.0,0.5,1,P44_CV0,2,2,0,1,1,0,2,0,2
99,-540988.7596,-886972.8422,E99_F92_m45f45_P6_Y3_UO2206,I45_F6_m-1f-1_P25_Y-1_U79,I45_F57_m-1f-1_P45_Y-1_U154,MXY,4,0.0,1,0,0.0,0,0,0,-9999.0,0.25,1,P44_CV0,2,1,1,1,1,0,2,0,2
99,-540988.7596,-886972.8422,E99_F40_m45f45_P57_Y2_UO2198,I45_F6_m-1f-1_P45_Y-1_U106,I45_F52_m-1f-1_P45_Y-1_U154,FXX,5,0.0,1,0,1.0,0,0,0,-9999.0,0.75,1,P44_CV0,2,2,0,1,1,0,2,0,2
99,-540988.7596,-886972.8422,E99_F40_m45f45_P57_Y2_UO2177,I45_F6_m-1f-1_P45_Y-1_U10,I45_F6_m45f45_P6_Y0_UO2320,FXX,5,0.0,1,0,1.0,0,0,0,-9999.0,0.5,1,P44_CV0,2,0,2,2,0,0,2,0,2
99,-540988.7596,-886972.8422,E99_F40_m45f45_P6_Y2_UO2149,I45_F86_m-1f-1_P45_Y-1_U197,I45_F86_m-1f-1_P45_Y-1_U231,FXX,5,0.0,1,0,1.0,0,0,0,-9999.0,0.75,1,P44_CV0,2,2,0,1,1,0,2,0,2
99,-540988.7596,-886972.8422,E99_F92_m45f45_P57_Y2_UO2188,I45_F57_m-1f-1_P45_Y-1_U61,I45_F86_m-1f-1_P45_Y-1_U233,MXY,5,0.0,1,0,0.0,0,0,0,-9999.0,0.25,1,P44_CV0,2,0,2,0,2,0,2,0,2
99,-540988.7596,-886972.8422,E99_F40_m45f45_P6_Y1_UO2017,ID45_F86_m-1f-1_P45_Y-1_U10,I45_F6_m-1f-1_P45_Y-1_U30,FXX,6,0.0,1,0,1.0,0,0,0,-9999.0,0.5,1,P44_CV0,2,0,2,1,1,0,2,0,2
99,-540988.7596,-886972.8422,E99_F40_m90f90_P86_Y1_UO4016,ID90_F6_m-1f-1_P45_Y-1_U230,I90_F52_m-1f-1_P90_Y-1_U173,FXX,6,0.0,1,0,1.0,0,0,0,-9999.0,0.5,1,P44_CV0,2,2,0,0,2,0,2,0,2
99,-540988.7596,-886972.8422,E99_F42_m45f45_P57_Y1_UO2057,I45_F57_m-1f-1_P45_Y-1_U116,I45_F6_m-1f-1_P45_Y-1_U218,MXY,6,0.0,1,0,0.0,0,0,0,-9999.0,0.25,1,P44_CV0,2,1,1,2,0,0,2,0,2
99,-540988.7596,-886972.8422,E99_F50_m92f92_P99_Y1_UO4142,I92_F99_m-1f-1_P92_Y-1_U136,ID92_F86_m-1f-1_P45_Y-1_U88,MXY,6,0.0,1,0,0.0,0,0,0,-9999.0,0.25,1,P44_CV0,2,1,1,1,1,0,2,0,2
99,-540988.7596,-886972.8422,E99_F92_m-1f-1_P45_Y-1_U245,-9999,-9999,MXY,9,0.0,1,0,0.0,0,0,0,-9999.0,1.0,1,P44_CV0,2,2,0,2,0,0,2,0,2
99,-540988.7596,-886972.8422,E99_F23_m-1f-1_P45_Y-1_U240,-9999,-9999,FXX,12,0.0,1,0,1.0,0,0,0,-9999.0,0.0,1,P44_CV0,2,0,2,1,1,0,2,0,2
99,-540988.7596,-886972.8422,Age0_F99_m42f42_P99_Y7_UO2069,I42_F99_m-1f-1_P42_Y-1_U16,ID42_F99_m46f46_P86_Y0_UO2397,MXY,0,0.0,0,0,0.0,0,0,0,0.0,0.625,1,P45_CV0,2,0,2,1,1,0,2,0,2
99,-540988.7596,-886972.8422,E99_F50_m42f42_P99_Y6_UO2015,ID42_F99_m23f23_P6_Y4_UO1169,I42_F99_m-1f-1_P42_Y-1_U189,FXX,1,0.0,1,1,1.0,0,0,0,-9999.0,0.4375,1,P45_CV0,2,1,1,0,2,0,2,0,2
99,-540988.7596,-886972.8422,E99_F40_m90f90_P6_Y4_UO4194,I90_F6_m46f46_P52_Y1_UO2112,ID90_F27_m45f45_P86_Y0_UO2288,FXX,3,0.0,1,0,1.0,0,0,0,-9999.0,0.5,1,P45_CV0,2,1,1,2,0,0,2,0,2
99,-540988.7596,-886972.8422,Age0_F99_m40f40_P99_Y7_UO1918,I40_F6_m50f50_P99_Y4_UO2387,I40_F6_m92f92_P6_Y5_UO4355,FXX,0,0.0,0,0,0.0,0,0,0,0.0,0.6875,1,P46_CV0,2,1,1,2,0,0,2,0,2
99,-540988.7596,-886972.8422,Age0_F99_m42f42_P99_Y7_UO2009,I42_F99_m58f58_P99_Y4_UO2700,I42_F99_m58f58_P81_Y1_UO2671,MXY,0,0.0,0,0,0.0,0,0,0,0.0,0.5625,1,P46_CV0,2,0,2,2,0,0,2,0,2
99,-540988.7596,-886972.8422,Age0_F99_m42f42_P99_Y7_UO2039,ID42_F81_m47f47_P81_Y1_UO2159,I42_F99_m92f92_P57_Y3_UO4299,MXY,0,0.0,0,0,0.0,0,0,0,0.0,0.625,1,P46_CV0,2,1,1,2,0,0,2,0,2
99,-540988.7596,-886972.8422,Age0_F99_m58f58_P99_Y7_UO2710,I58_F99_m80f80_P81_Y5_UO3667,I58_F99_m5f5_P81_Y4_UO322,MXY,0,0.0,0,0,0.0,0,0,0,0.0,0.5625,1,P46_CV0,2,1,1,1,1,0,2,0,2
99,-540988.7596,-886972.8422,Age0_F99_m58f58_P99_Y7_UO2723,ID58_F81_m5f5_P81_Y3_UO326,I58_F99_m-1f-1_P94_Y-1_U70,FXX,0,0.0,0,0,0.0,0,0,0,0.0,0.375,1,P46_CV0,2,0,2,0,2,0,2,0,2
99,-540988.7596,-886972.8422,Age0_F99_m94f94_P99_Y7_UO4452,I94_F91_m17f17_P64_Y2_UO1032,ID94_F81_m-1f-1_P80_Y-1_U96,MXY,0,0.0,0,0,0.0,0,0,0,0.0,0.8125,1,P46_CV0,2,1,1,1,1,0,2,0,2
99,-540988.7596,-886972.8422,E99_F50_m42f42_P99_Y6_UO2064,I42_F99_m47f47_P81_Y0_UO2524,I42_F6_m50f50_P99_Y3_UO2357,FXX,1,0.0,1,1,1.0,0,0,0,-9999.0,0.75,1,P46_CV0,2,2,0,2,0,0,2,0,2
99,-540988.7596,-886972.8422,E99_F50_m58f58_P99_Y6_UO2762,ID58_F72_m-1f-1_P94_Y-1_U188,ID58_F81_m5f5_P81_Y3_UO278,MXY,1,0.0,1,1,0.0,0,0,0,-9999.0,0.5,1,P46_CV0,2,1,1,1,1,0,2,0,2
99,-540988.7596,-886972.8422,E99_F50_m58f58_P99_Y5_UO2712,I58_F99_m94f94_P81_Y3_UO4360,ID58_F72_m47f47_P81_Y3_UO2326,FXX,2,0.0,1,0,1.0,0,0,0,-9999.0,0.875,1,P46_CV0,2,2,0,2,0,0,2,0,2
99,-540988.7596,-886972.8422,E99_F58_m80f80_P81_Y5_UO3667,I80_F81_m47f47_P81_Y3_UO2332,I80_F72_m-1f-1_P80_Y-1_U209,FXX,2,0.0,1,0,1.0,0,0,0,-9999.0,0.75,1,P46_CV0,2,2,0,0,2,0,2,0,2
99,-540988.7596,-886972.8422,E99_F40_m50f50_P99_Y4_UO2387,ID50_F99_m47f47_P81_Y0_UO2524,ID50_F91_m-1f-1_P94_Y-1_U66,FXX,3,0.0,1,0,1.0,0,0,0,-9999.0,1.0,1,P46_CV0,2,2,0,1,1,0,2,0,2
99,-540988.7596,-886972.8422,E99_F42_m58f58_P99_Y4_UO2700,I58_F99_m47f47_P81_Y2_UO2335,I58_F99_m-1f-1_P94_Y-1_U180,FXX,3,0.0,1,0,1.0,0,0,0,-9999.0,0.375,1,P46_CV0,2,1,1,2,0,0,2,0,2
99,-540988.7596,-886972.8422,E99_F42_m92f92_P57_Y4_UO4314,I92_F6_m40f40_P99_Y1_UO1733,I92_F86_m58f58_P99_Y2_UO2772,MXY,3,0.0,1,0,0.0,0,0,0,-9999.0,0.3125,1,P46_CV0,2,0,2,1,1,0,2,0,2
99,-540988.7596,-886972.8422,E99_F58_m47f47_P81_Y4_UO2311,I47_F64_m-1f-1_P47_Y-1_U16,I47_F81_m-1f-1_P47_Y-1_U172,FXX,3,0.0,1,0,1.0,0,0,0,-9999.0,0.75,1,P46_CV0,2,2,0,1,1,0,2,0,2
99,-540988.7596,-886972.8422,E99_F58_m5f5_P81_Y3_UO326,I5_F72_m58f58_P81_Y0_UO3023,I5_F81_m47f47_P81_Y1_UO2196,FXX,4,0.0,1,0,1.0,0,0,0,-9999.0,0.25,1,P46_CV0,2,0,2,0,2,0,2,0,2
99,-540988.7596,-886972.8422,E99_F94_m17f17_P64_Y2_UO1032,ID17_F64_m-1f-1_P17_Y-1_U69,ID17_F64_m47f47_P64_Y0_UO2507,FXX,5,0.0,1,0,1.0,0,0,0,-9999.0,0.625,1,P46_CV0,2,1,1,1,1,0,2,0,2
99,-540988.7596,-886972.8422,E99_F42_m47f47_P81_Y1_UO2159,I47_F81_m-1f-1_P47_Y-1_U6,ID47_F64_m-1f-1_P47_Y-1_U215,FXX,6,0.0,1,0,1.0,0,0,0,-9999.0,0.5,1,P46_CV0,2,1,1,1,1,0,2,0,2
99,-540988.7596,-886972.8422,E99_F50_m47f47_P81_Y0_UO2524,R47_F47_m-1f-1_P47_Y-1_U230,R47_F47_m-1f-1_P47_Y-1_U12,FXX,7,0.0,1,0,1.0,0,0,0,-9999.0,1.0,1,P46_CV0,2,2,0,2,0,0,2,0,2
99,-540988.7596,-886972.8422,E99_F94_m47f47_P81_Y0_UO2488,R47_F47_m-1f-1_P47_Y-1_U153,R47_F47_m-1f-1_P47_Y-1_U68,MXY,7,0.0,1,0,0.0,0,0,0,-9999.0,0.75,1,P46_CV0,2,1,1,0,2,0,2,0,2
99,-540988.7596,-886972.8422,Age0_F99_m23f23_P99_Y7_UO1213,I23_F35_m23f23_P27_Y0_UO1317,I23_F86_m23f23_P99_Y5_UO1174,MXY,0,0.0,0,0,0.0,0,0,0,0.0,0.25,1,P49_CV0,2,2,0,1,1,0,2,0,2
99,-540988.7596,-886972.8422,Age0_F99_m40f40_P99_Y7_UO1919,I40_F57_m90f90_P6_Y4_UO4194,I40_F6_m92f92_P57_Y4_UO4275,FXX,0,0.0,0,0,0.0,0,0,0,0.0,0.625,1,P49_CV0,2,1,1,1,1,0,2,0,2
99,-540988.7596,-886972.8422,Age0_F99_m40f40_P99_Y7_UO1925,I40_F6_m45f45_P6_Y4_UO2188,I40_F6_m84f84_P68_Y3_UO3853,MXY,0,0.0,0,0,0.0,0,0,0,0.0,0.25,1,P49_CV0,2,0,2,1,1,0,2,0,2
99,-540988.7596,-886972.8422,Age0_F99_m42f42_P99_Y7_UO2014,I42_F99_m42f42_P99_Y4_UO1983,I42_F6_m58f58_P99_Y4_UO2701,MXY,0,0.0,0,0,0.0,0,0,0,0.0,0.375,1,P49_CV0,2,0,2,1,1,0,2,0,2
99,-540988.7596,-886972.8422,Age0_F99_m42f42_P99_Y7_UO2020,I42_F6_m50f50_P99_Y4_UO2416,I42_F99_m40f40_P57_Y1_UO1748,FXX,0,0.0,0,0,0.0,0,0,0,0.0,0.5,1,P49_CV0,2,1,1,2,0,0,2,0,2
99,-540988.7596,-886972.8422,Age0_F99_m42f42_P99_Y7_UO2022,ID42_F99_m42f42_P99_Y3_UO2006,ID42_F99_m50f50_P99_Y2_UO2385,MXY,0,0.0,0,0,0.0,0,0,0,0.0,0.75,1,P49_CV0,2,2,0,2,0,0,2,0,2
99,-540988.7596,-886972.8422,Age0_F99_m42f42_P99_Y7_UO2025,ID42_F99_m58f58_P99_Y3_UO2722,I42_F57_m92f92_P99_Y3_UO4281,FXX,0,0.0,0,0,0.0,0,0,0,0.0,0.375,1,P49_CV0,2,1,1,1,1,0,2,0,2
99,-540988.7596,-886972.8422,Age0_F99_m42f42_P99_Y7_UO2030,ID42_F6_m50f50_P99_Y2_UO2419,ID42_F99_m-1f-1_P42_Y-1_U147,FXX,0,0.0,0,0,0.0,0,0,0,0.0,0.125,1,P49_CV0,2,1,1,1,1,0,2,0,2
99,-540988.7596,-886972.8422,Age0_F99_m42f42_P99_Y7_UO2031,I42_F99_m58f58_P99_Y2_UO2742,I42_F99_m50f50_P99_Y2_UO2458,FXX,0,0.0,0,0,0.0,0,0,0,0.0,0.5,1,P49_CV0,2,1,1,1,1,0,2,0,2
99,-540988.7596,-886972.8422,Age0_F99_m42f42_P99_Y7_UO2035,I42_F27_m50f50_P99_Y2_UO2431,I42_F99_m42f42_P99_Y5_UO2001,FXX,0,0.0,0,0,0.0,0,0,0,0.0,0.25,1,P49_CV0,2,0,2,0,2,0,2,0,2
99,-540988.7596,-886972.8422,Age0_F99_m42f42_P99_Y7_UO2045,ID42_F57_m90f90_P57_Y0_UO4535,I42_F57_m92f92_P99_Y3_UO4281,MXY,0,0.0,0,0,0.0,0,0,0,0.0,0.375,1,P49_CV0,2,1,1,2,0,0,2,0,2
99,-540988.7596,-886972.8422,Age0_F99_m42f42_P99_Y7_UO2046,I42_F99_m50f50_P6_Y0_UO2579,I42_F99_m5f5_P81_Y3_UO289,MXY,0,0.0,0,0,0.0,0,0,0,0.0,0.8125,1,P49_CV0,2,2,0,1,1,0,2,0,2
99,-540988.7596,-886972.8422,Age0_F99_m42f42_P99_Y7_UO2047,I42_F99_m58f58_P99_Y0_UO2929,I42_F99_m50f50_P99_Y1_UO2261,MXY,0,0.0,0,0,0.0,0,0,0,0.0,0.75,1,P49_CV0,2,2,0,0,2,0,2,0,2
99,-540988.7596,-886972.8422,Age0_F99_m42f42_P99_Y7_UO2048,I42_F99_m-1f-1_P50_Y-1_U132,I42_F99_m-1f-1_P50_Y-1_U211,MXY,0,0.0,0,0,0.0,0,0,0,0.0,0.75,1,P49_CV0,2,1,1,1,1,0,2,0,2
99,-540988.7596,-886972.8422,Age0_F99_m42f42_P99_Y7_UO2051,I42_F99_m-1f-1_P50_Y-1_U121,I42_F99_m50f50_P99_Y1_UO2277,FXX,0,0.0,0,0,0.0,0,0,0,0.0,0.25,1,P49_CV0,2,0,2,2,0,0,2,0,2
99,-540988.7596,-886972.8422,Age0_F99_m42f42_P99_Y7_UO2052,I42_F99_m-1f-1_P50_Y-1_U160,I42_F99_m58f58_P99_Y0_UO3025,MXY,0,0.0,0,0,0.0,0,0,0,0.0,0.5,1,P49_CV0,2,2,0,1,1,0,2,0,2
99,-540988.7596,-886972.8422,Age0_F99_m42f42_P99_Y7_UO2065,I42_F99_m-1f-1_P50_Y-1_U243,I42_F99_m50f50_P99_Y1_UO2277,MXY,0,0.0,0,0,0.0,0,0,0,0.0,0.5,1,P49_CV0,2,1,1,1,1,0,2,0,2
99,-540988.7596,-886972.8422,Age0_F99_m42f42_P99_Y7_UO2067,I42_F99_m-1f-1_P50_Y-1_U156,ID42_F81_m58f58_P99_Y3_UO2763,FXX,0,0.0,0,0,0.0,0,0,0,0.0,0.25,1,P49_CV0,2,0,2,2,0,0,2,0,2
99,-540988.7596,-886972.8422,Age0_F99_m50f50_P99_Y7_UO2400,I50_F98_m92f92_P99_Y5_UO4310,I50_F99_m-1f-1_P50_Y-1_U41,MXY,0,0.0,0,0,0.0,0,0,0,0.0,0.4375,1,P49_CV0,2,1,1,1,1,0,2,0,2
99,-540988.7596,-886972.8422,Age0_F99_m50f50_P99_Y7_UO2411,I50_F6_m92f92_P99_Y5_UO4400,ID50_F6_m42f42_P99_Y0_UO2027,MXY,0,0.0,0,0,0.0,0,0,0,0.0,0.3125,1,P49_CV0,2,0,2,2,0,0,2,0,2
99,-540988.7596,-886972.8422,Age0_F99_m50f50_P99_Y7_UO2415,I50_F99_m92f92_P99_Y5_UO4342,I50_F99_m42f42_P99_Y2_UO2017,FXX,0,0.0,0,0,0.0,0,0,0,0.0,0.375,1,P49_CV0,2,1,1,2,0,0,2,0,2
99,-540988.7596,-886972.8422,Age0_F99_m50f50_P99_Y7_UO2424,I50_F99_m50f50_P99_Y4_UO2381,I50_F99_m-1f-1_P50_Y-1_U175,MXY,0,0.0,0,0,0.0,0,0,0,0.0,0.25,1,P49_CV0,2,1,1,0,2,0,2,0,2
99,-540988.7596,-886972.8422,Age0_F99_m50f50_P99_Y7_UO2427,I50_F99_m50f50_P99_Y4_UO2362,ID50_F81_m5f5_P81_Y3_UO379,MXY,0,0.0,0,0,0.0,0,0,0,0.0,0.4375,1,P49_CV0,2,1,1,1,1,0,2,0,2
99,-540988.7596,-886972.8422,Age0_F99_m50f50_P99_Y7_UO2439,I50_F99_m50f50_P99_Y3_UO2364,I50_F99_m42f42_P99_Y3_UO2028,FXX,0,0.0,0,0,0.0,0,0,0,0.0,0.4375,1,P49_CV0,2,1,1,1,1,0,2,0,2
99,-540988.7596,-886972.8422,Age0_F99_m50f50_P99_Y7_UO2441,I50_F99_m50f50_P99_Y3_UO2385,I50_F99_m50f50_P99_Y5_UO2462,FXX,0,0.0,0,0,0.0,0,0,0,0.0,0.5,1,P49_CV0,2,0,2,1,1,0,2,0,2
99,-540988.7596,-886972.8422,Age0_F99_m50f50_P99_Y7_UO2448,I50_F99_m40f40_P99_Y2_UO1918,I50_F81_m-1f-1_P58_Y-1_U194,FXX,0,0.0,0,0,0.0,0,0,0,0.0,1.0,1,P49_CV0,2,2,0,1,1,0,2,0,2
99,-540988.7596,-886972.8422,Age0_F99_m50f50_P99_Y7_UO2463,I50_F99_m50f50_P99_Y0_UO2615,I50_F99_m-1f-1_P42_Y-1_U137,FXX,0,0.0,0,0,0.0,0,0,0,0.0,0.375,1,P49_CV0,2,0,2,1,1,0,2,0,2
99,-540988.7596,-886972.8422,Age0_F99_m50f50_P99_Y7_UO2474,I50_F27_m-1f-1_P50_Y-1_U174,I50_F99_m-1f-1_P50_Y-1_U144,MXY,0,0.0,0,0,0.0,0,0,0,0.0,0.75,1,P49_CV0,2,1,1,1,1,0,2,0,2
99,-540988.7596,-886972.8422,Age0_F99_m50f50_P99_Y7_UO2476,I50_F99_m-1f-1_P50_Y-1_U38,I50_F99_m-1f-1_P50_Y-1_U69,MXY,0,0.0,0,0,0.0,0,0,0,0.0,0.5,1,P49_CV0,2,1,1,2,0,0,2,0,2
99,-540988.7596,-886972.8422,Age0_F99_m50f50_P99_Y7_UO2480,I50_F99_m-1f-1_P50_Y-1_U55,ID50_F99_m90f90_P27_Y5_UO4294,MXY,0,0.0,0,0,0.0,0,0,0,0.0,0.8125,1,P49_CV0,2,2,0,2,0,0,2,0,2
99,-540988.7596,-886972.8422,Age0_F99_m50f50_P99_Y7_UO2483,ID50_F99_m-1f-1_P50_Y-1_U28,ID50_F99_m90f90_P99_Y0_UO4531,MXY,0,0.0,0,0,0.0,0,0,0,0.0,0.5,1,P49_CV0,2,1,1,0,2,0,2,0,2
99,-540988.7596,-886972.8422,Age0_F99_m58f58_P99_Y7_UO2712,I58_F99_m5f5_P81_Y5_UO365,ID58_F99_m-1f-1_P50_Y-1_U159,FXX,0,0.0,0,0,0.0,0,0,0,0.0,0.5625,1,P49_CV0,2,0,2,1,1,0,2,0,2
99,-540988.7596,-886972.8422,Age0_F99_m58f58_P99_Y7_UO2718,ID58_F99_m50f50_P99_Y4_UO2424,I58_F81_m5f5_P81_Y2_UO345,MXY,0,0.0,0,0,0.0,0,0,0,0.0,0.625,1,P49_CV0,2,2,0,2,0,0,2,0,2
99,-540988.7596,-886972.8422,Age0_F99_m58f58_P99_Y7_UO2738,ID58_F81_m94f94_P81_Y1_UO4230,I58_F99_m50f50_P99_Y3_UO2381,MXY,0,0.0,0,0,0.0,0,0,0,0.0,0.5,1,P49_CV0,2,2,0,0,2,0,2,0,2
99,-540988.7596,-886972.8422,Age0_F99_m58f58_P99_Y7_UO2742,I58_F81_m50f50_P99_Y0_UO2574,I58_F72_m-1f-1_P5_Y-1_U130,MXY,0,0.0,0,0,0.0,0,0,0,0.0,0.5,1,P49_CV0,2,1,1,0,2,0,2,0,2
99,-540988.7596,-886972.8422,Age0_F99_m58f58_P99_Y7_UO2745,ID58_F6_m50f50_P99_Y0_UO2593,I58_F72_m58f58_P81_Y0_UO2986,MXY,0,0.0,0,0,0.0,0,0,0,0.0,0.5,1,P49_CV0,2,1,1,1,1,0,2,0,2
99,-540988.7596,-886972.8422,Age0_F99_m58f58_P99_Y7_UO2751,ID58_F99_m-1f-1_P50_Y-1_U131,I58_F28_m-1f-1_P58_Y-1_U236,FXX,0,0.0,0,0,0.0,0,0,0,0.0,0.5,1,P49_CV0,2,1,1,1,1,0,2,0,2
99,-540988.7596,-886972.8422,Age0_F99_m90f90_P99_Y7_UO4263,I90_F86_m12f12_P52_Y3_UO685,I90_F27_m46f46_P52_Y5_UO2238,MXY,0,0.0,0,0,0.0,0,0,0,0.0,0.53125,1,P49_CV0,2,1,1,0,2,0,2,0,2
99,-540988.7596,-886972.8422,Age0_F99_m92f92_P99_Y7_UO4403,I92_F6_m50f50_P99_Y2_UO2420,I92_F99_m-1f-1_P42_Y-1_U167,MXY,0,0.0,0,0,0.0,0,0,0,0.0,0.5,1,P49_CV0,2,1,1,1,1,0,2,0,2
99,-540988.7596,-886972.8422,Age0_F99_m94f94_P99_Y7_UO4476,I94_F81_m-1f-1_P50_Y-1_U247,ID94_F81_m50f50_P99_Y1_UO2326,FXX,0,0.0,0,0,0.0,0,0,0,0.0,0.375,1,P49_CV0,2,0,2,1,1,0,2,0,2
99,-540988.7596,-886972.8422,E99_F40_m50f50_P57_Y6_UO2476,ID50_F99_m-1f-1_P50_Y-1_U126,ID50_F99_m-1f-1_P50_Y-1_U165,MXY,1,0.0,1,1,0.0,0,0,0,-9999.0,0.5,1,P49_CV0,2,1,1,1,1,0,2,0,2
99,-540988.7596,-886972.8422,E99_F42_m42f42_P6_Y6_UO2004,I42_F6_m92f92_P99_Y4_UO4319,I42_F99_m-1f-1_P50_Y-1_U181,MXY,1,0.0,1,1,0.0,0,0,0,-9999.0,0.25,1,P49_CV0,2,1,1,0,2,0,2,0,2
99,-540988.7596,-886972.8422,E99_F42_m40f40_P99_Y6_UO1942,I40_F6_m50f50_P6_Y3_UO2440,I40_F27_m92f92_P6_Y2_UO4281,MXY,1,0.0,1,1,0.0,0,0,0,-9999.0,0.5,1,P49_CV0,2,1,1,1,1,0,2,0,2
99,-540988.7596,-886972.8422,E99_F42_m42f42_P99_Y6_UO2005,I42_F99_m42f42_P99_Y4_UO1968,I42_F57_m92f92_P6_Y3_UO4268,FXX,1,0.0,1,1,1.0,0,0,0,-9999.0,0.5625,1,P49_CV0,2,1,1,2,0,0,2,0,2
99,-540988.7596,-886972.8422,E99_F42_m42f42_P99_Y6_UO2032,I42_F6_m92f92_P99_Y3_UO4296,I42_F99_m40f40_P99_Y3_UO1893,MXY,1,0.0,1,1,0.0,0,0,0,-9999.0,0.625,1,P49_CV0,2,2,0,1,1,0,2,0,2
99,-540988.7596,-886972.8422,E99_F42_m42f42_P99_Y6_UO2052,I42_F99_m50f50_P99_Y1_UO2325,I42_F99_m92f92_P99_Y4_UO4283,FXX,1,0.0,1,1,1.0,0,0,0,-9999.0,0.625,1,P49_CV0,2,1,1,1,1,0,2,0,2
99,-540988.7596,-886972.8422,E99_F42_m50f50_P99_Y6_UO2437,I50_F99_m50f50_P99_Y3_UO2385,ID50_F99_m42f42_P27_Y3_UO2003,FXX,1,0.0,1,1,1.0,0,0,0,-9999.0,0.4375,1,P49_CV0,2,1,1,2,0,0,2,0,2
99,-540988.7596,-886972.8422,E99_F42_m50f50_P99_Y6_UO2467,ID50_F6_m50f50_P99_Y0_UO2612,I50_F99_m-1f-1_P50_Y-1_U41,FXX,1,0.0,1,1,1.0,0,0,0,-9999.0,0.5,1,P49_CV0,2,0,2,2,0,0,2,0,2
99,-540988.7596,-886972.8422,E99_F42_m50f50_P99_Y6_UO2485,I50_F99_m-1f-1_P50_Y-1_U55,I50_F99_m50f50_P6_Y4_UO2373,MXY,1,0.0,1,1,0.0,0,0,0,-9999.0,0.75,1,P49_CV0,2,2,0,1,1,0,2,0,2
99,-540988.7596,-886972.8422,E99_F50_m50f50_P6_Y6_UO2418,ID50_F98_m5f5_P81_Y4_UO321,I50_F99_m-1f-1_P50_Y-1_U69,MXY,1,0.0,1,1,0.0,0,0,0,-9999.0,0.5625,1,P49_CV0,2,2,0,2,0,0,2,0,2
99,-540988.7596,-886972.8422,E99_F50_m42f42_P99_Y6_UO2003,ID42_F99_m58f58_P99_Y4_UO2700,I42_F99_m50f50_P99_Y4_UO2430,FXX,1,0.0,1,1,1.0,0,0,0,-9999.0,0.625,1,P49_CV0,2,2,0,1,1,0,2,0,2
99,-540988.7596,-886972.8422,E99_F50_m42f42_P99_Y6_UO2061,I42_F99_m50f50_P6_Y0_UO2579,I42_F99_m-1f-1_P42_Y-1_U121,FXX,1,0.0,1,1,1.0,0,0,0,-9999.0,0.75,1,P49_CV0,2,1,1,2,0,0,2,0,2
99,-540988.7596,-886972.8422,E99_F50_m42f42_P99_Y6_UO2066,ID42_F6_m-1f-1_P50_Y-1_U121,I42_F99_m50f50_P99_Y4_UO2380,MXY,1,0.0,1,1,0.0,0,0,0,-9999.0,0.3125,1,P49_CV0,2,0,2,0,2,0,2,0,2
99,-540988.7596,-886972.8422,E99_F50_m42f42_P99_Y6_UO2092,I42_F99_m-1f-1_P50_Y-1_U28,I42_F99_m-1f-1_P50_Y-1_U208,MXY,1,0.0,1,1,0.0,0,0,0,-9999.0,0.5,1,P49_CV0,2,1,1,1,1,0,2,0,2
99,-540988.7596,-886972.8422,E99_F50_m50f50_P99_Y6_UO2432,I50_F81_m50f50_P99_Y3_UO2445,I50_F99_m23f23_P27_Y3_UO1157,FXX,1,0.0,1,1,1.0,0,0,0,-9999.0,0.4375,1,P49_CV0,2,0,2,2,0,0,2,0,2
99,-540988.7596,-886972.8422,E99_F50_m50f50_P99_Y6_UO2433,I50_F99_m58f58_P99_Y3_UO2722,I50_F99_m50f50_P99_Y3_UO2359,FXX,1,0.0,1,1,1.0,0,0,0,-9999.0,0.4375,1,P49_CV0,2,1,1,1,1,0,2,0,2
99,-540988.7596,-886972.8422,E99_F50_m50f50_P99_Y6_UO2475,I50_F99_m-1f-1_P50_Y-1_U66,ID50_F99_m42f42_P99_Y1_UO1854,FXX,1,0.0,1,1,1.0,0,0,0,-9999.0,0.75,1,P49_CV0,2,1,1,1,1,0,2,0,2
99,-540988.7596,-886972.8422,E99_F50_m50f50_P99_Y6_UO2491,I50_F27_m-1f-1_P94_Y-1_U93,ID50_F99_m-1f-1_P50_Y-1_U57,MXY,1,0.0,1,1,0.0,0,0,0,-9999.0,0.75,1,P49_CV0,2,1,1,1,1,0,2,0,2
99,-540988.7596,-886972.8422,E99_F50_m92f92_P99_Y6_UO4412,I92_F99_m45f45_P57_Y2_UO2198,ID92_F99_m-1f-1_P50_Y-1_U164,MXY,1,0.0,1,1,0.0,0,0,0,-9999.0,0.875,1,P49_CV0,2,2,0,1,1,0,2,0,2
99,-540988.7596,-886972.8422,E99_F58_m5f5_P81_Y6_UO304,I5_F81_m58f58_P81_Y4_UO2707,ID5_F72_m80f80_P81_Y3_UO3730,FXX,1,0.0,1,1,1.0,0,0,0,-9999.0,0.5625,1,P49_CV0,2,1,1,2,0,0,2,0,2
99,-540988.7596,-886972.8422,E99_F58_m42f42_P99_Y6_UO2090,I42_F99_m-1f-1_P50_Y-1_U243,I42_F6_m45f45_P57_Y1_UO2057,FXX,1,0.0,1,1,1.0,0,0,0,-9999.0,0.375,1,P49_CV0,2,1,1,2,0,0,2,0,2
99,-540988.7596,-886972.8422,E99_F58_m50f50_P99_Y6_UO2415,I50_F57_m42f42_P99_Y4_UO1991,ID50_F81_m-1f-1_P42_Y-1_U137,FXX,1,0.0,1,1,1.0,0,0,0,-9999.0,0.5,1,P49_CV0,2,0,2,1,1,0,2,0,2
99,-540988.7596,-886972.8422,E99_F58_m50f50_P99_Y6_UO2445,I50_F99_m40f40_P27_Y2_UO1872,I50_F99_m-1f-1_P50_Y-1_U144,FXX,1,0.0,1,1,1.0,0,0,0,-9999.0,0.5,1,P49_CV0,2,0,2,1,1,0,2,0,2
99,-540988.7596,-886972.8422,E99_F58_m58f58_P99_Y6_UO2735,I58_F99_m47f47_P81_Y4_UO2311,ID58_F99_m-1f-1_P50_Y-1_U97,FXX,1,0.0,1,1,1.0,0,0,0,-9999.0,0.375,1,P49_CV0,2,1,1,1,1,0,2,0,2
99,-540988.7596,-886972.8422,E99_F92_m42f42_P99_Y6_UO2010,I42_F99_m92f92_P99_Y4_UO4350,I42_F99_m-1f-1_P42_Y-1_U189,FXX,1,0.0,1,1,1.0,0,0,0,-9999.0,0.625,1,P49_CV0,2,1,1,1,1,0,2,0,2
99,-540988.7596,-886972.8422,E99_F92_m42f42_P99_Y6_UO2069,I42_F99_m-1f-1_P50_Y-1_U132,I42_F99_m92f92_P57_Y2_UO4327,FXX,1,0.0,1,1,1.0,0,0,0,-9999.0,0.5,1,P49_CV0,2,2,0,2,0,0,2,0,2
99,-540988.7596,-886972.8422,E99_F92_m50f50_P99_Y6_UO2431,I50_F99_m50f50_P99_Y3_UO2364,I50_F27_m50f50_P99_Y4_UO2421,FXX,1,0.0,1,1,1.0,0,0,0,-9999.0,0.5625,1,P49_CV0,2,1,1,2,0,0,2,0,2
99,-540988.7596,-886972.8422,E99_F92_m50f50_P99_Y6_UO2478,I50_F99_m-1f-1_P50_Y-1_U38,I50_F99_m-1f-1_P50_Y-1_U159,FXX,1,0.0,1,1,1.0,0,0,0,-9999.0,0.5,1,P49_CV0,2,1,1,2,0,0,2,0,2
99,-540988.7596,-886972.8422,E99_F94_m42f42_P99_Y6_UO2091,I42_F99_m-1f-1_P50_Y-1_U156,I42_F99_m50f50_P99_Y4_UO2430,MXY,1,0.0,1,1,0.0,0,0,0,-9999.0,0.4375,1,P49_CV0,2,1,1,2,0,0,2,0,2
99,-540988.7596,-886972.8422,E99_F42_m42f42_P99_Y5_UO2003,ID42_F99_m50f50_P99_Y0_UO2582,I42_F99_m90f90_P99_Y3_UO4158,MXY,2,0.0,1,0,0.0,0,0,0,-9999.0,0.625,1,P49_CV0,2,2,0,2,0,0,2,0,2
99,-540988.7596,-886972.8422,E99_F42_m58f58_P99_Y5_UO2735,ID58_F76_m50f50_P99_Y0_UO2574,I58_F81_m90f90_P99_Y0_UO4531,FXX,2,0.0,1,0,1.0,0,0,0,-9999.0,0.25,1,P49_CV0,2,0,2,0,2,0,2,0,2
99,-540988.7596,-886972.8422,E99_F42_m42f42_P99_Y5_UO2008,I42_F99_m58f58_P99_Y0_UO2958,I42_F99_m-1f-1_P50_Y-1_U164,MXY,2,0.0,1,0,0.0,0,0,0,-9999.0,0.875,1,P49_CV0,2,2,0,1,1,0,2,0,2
99,-540988.7596,-886972.8422,E99_F50_m92f92_P99_Y5_UO4310,I92_F99_m50f50_P27_Y3_UO2409,I92_F6_m92f92_P6_Y0_UO4626,FXX,2,0.0,1,0,1.0,0,0,0,-9999.0,0.375,1,P49_CV0,2,0,2,1,1,0,2,0,2
99,-540988.7596,-886972.8422,E99_F50_m50f50_P99_Y5_UO2425,I50_F57_m50f50_P99_Y0_UO2615,I50_F6_m42f42_P99_Y3_UO2032,FXX,2,0.0,1,0,1.0,0,0,0,-9999.0,0.375,1,P49_CV0,2,0,2,1,1,0,2,0,2
99,-540988.7596,-886972.8422,E99_F50_m92f92_P99_Y5_UO4400,I92_F57_m-1f-1_P50_Y-1_U206,I92_F6_m50f50_P99_Y3_UO2426,FXX,2,0.0,1,0,1.0,0,0,0,-9999.0,0.375,1,P49_CV0,2,0,2,1,1,0,2,0,2
99,-540988.7596,-886972.8422,E99_F50_m92f92_P99_Y5_UO4342,I92_F99_m50f50_P99_Y2_UO2419,I92_F6_m50f50_P6_Y0_UO2544,FXX,2,0.0,1,0,1.0,0,0,0,-9999.0,0.5,1,P49_CV0,2,2,0,2,0,0,2,0,2
99,-540988.7596,-886972.8422,E99_F58_m50f50_P99_Y5_UO2419,ID50_F57_m40f40_P6_Y1_UO1781,I50_F99_m50f50_P99_Y3_UO2387,MXY,2,0.0,1,0,0.0,0,0,0,-9999.0,0.5625,1,P49_CV0,2,1,1,1,1,0,2,0,2
99,-540988.7596,-886972.8422,E99_F92_m23f23_P99_Y5_UO1214,I23_F86_m46f46_P52_Y0_UO2328,I23_F6_m50f50_P6_Y1_UO2290,FXX,2,0.0,1,0,1.0,0,0,0,-9999.0,0.375,1,P49_CV0,2,1,1,1,1,0,2,0,2
99,-540988.7596,-886972.8422,E99_F92_m50f50_P57_Y5_UO2388,I50_F6_m50f50_P99_Y3_UO2372,I50_F99_m50f50_P99_Y2_UO2385,MXY,2,0.0,1,0,0.0,0,0,0,-9999.0,0.625,1,P49_CV0,2,2,0,1,1,0,2,0,2
99,-540988.7596,-886972.8422,E99_F40_m45f45_P6_Y4_UO2188,I45_F86_m-1f-1_P50_Y-1_U212,I45_F57_m-1f-1_P40_Y-1_U147,FXX,3,0.0,1,0,1.0,0,0,0,-9999.0,0.25,1,P49_CV0,2,0,2,2,0,0,2,0,2
99,-540988.7596,-886972.8422,E99_F42_m92f92_P99_Y4_UO4350,ID92_F99_m-1f-1_P92_Y-1_U87,ID92_F6_m58f58_P6_Y2_UO2752,FXX,3,0.0,1,0,1.0,0,0,0,-9999.0,0.75,1,P49_CV0,2,1,1,0,2,0,2,0,2
99,-540988.7596,-886972.8422,E99_F42_m42f42_P99_Y4_UO1983,I42_F99_m42f42_P99_Y0_UO2045,ID42_F57_m-1f-1_P50_Y-1_U204,FXX,3,0.0,1,0,1.0,0,0,0,-9999.0,0.375,1,P49_CV0,2,1,1,1,1,0,2,0,2
99,-540988.7596,-886972.8422,E99_F42_m40f40_P6_Y4_UO1893,ID40_F6_m50f50_P99_Y1_UO2270,I40_F6_m40f40_P57_Y1_UO1765,FXX,3,0.0,1,0,1.0,0,0,0,-9999.0,0.875,1,P49_CV0,2,1,1,1,1,0,2,0,2
99,-540988.7596,-886972.8422,E99_F42_m50f50_P99_Y4_UO2416,I50_F27_m-1f-1_P58_Y-1_U12,I50_F99_m50f50_P99_Y2_UO2407,FXX,3,0.0,1,0,1.0,0,0,0,-9999.0,0.5,1,P49_CV0,2,1,1,1,1,0,2,0,2
99,-540988.7596,-886972.8422,E99_F50_m50f50_P99_Y4_UO2362,I50_F99_m42f42_P99_Y2_UO1981,I50_F99_m-1f-1_P50_Y-1_U84,FXX,3,0.0,1,0,1.0,0,0,0,-9999.0,0.125,1,P49_CV0,2,0,2,0,2,0,2,0,2
99,-540988.7596,-886972.8422,E99_F50_m42f42_P99_Y4_UO1946,I42_F99_m40f40_P99_Y2_UO1865,I42_F99_m-1f-1_P50_Y-1_U238,MXY,3,0.0,1,0,0.0,0,0,0,-9999.0,0.125,1,P49_CV0,2,0,2,1,1,0,2,0,2
99,-540988.7596,-886972.8422,E99_F58_m50f50_P99_Y4_UO2424,I50_F72_m-1f-1_P58_Y-1_U232,I50_F99_m50f50_P99_Y2_UO2385,FXX,3,0.0,1,0,1.0,0,0,0,-9999.0,0.25,1,P49_CV0,2,1,1,2,0,0,2,0,2
99,-540988.7596,-886972.8422,E99_F58_m50f50_P99_Y4_UO2430,ID50_F99_m-1f-1_P50_Y-1_U143,I50_F99_m50f50_P99_Y1_UO2278,MXY,3,0.0,1,0,0.0,0,0,0,-9999.0,0.875,1,P49_CV0,2,1,1,1,1,0,2,0,2
99,-540988.7596,-886972.8422,E99_F92_m92f92_P99_Y4_UO4283,I92_F99_m45f45_P57_Y2_UO2174,I92_F99_m50f50_P6_Y0_UO2544,MXY,3,0.0,1,0,0.0,0,0,0,-9999.0,0.75,1,P49_CV0,2,2,0,1,1,0,2,0,2
99,-540988.7596,-886972.8422,E99_F92_m50f50_P99_Y4_UO2388,ID50_F99_m90f90_P86_Y0_UO4581,I50_F99_m-1f-1_P50_Y-1_U41,MXY,3,0.0,1,0,0.0,0,0,0,-9999.0,0.75,1,P49_CV0,2,1,1,1,1,0,2,0,2
99,-540988.7596,-886972.8422,E99_F40_m50f50_P99_Y3_UO2393,I50_F99_m58f58_P99_Y0_UO2929,I50_F99_m-1f-1_P50_Y-1_U165,FXX,4,0.0,1,0,1.0,0,0,0,-9999.0,0.875,1,P49_CV0,2,2,0,2,0,0,2,0,2
99,-540988.7596,-886972.8422,E99_F42_m42f42_P99_Y3_UO2006,ID42_F98_m-1f-1_P94_Y-1_U18,ID42_F57_m50f50_P99_Y1_UO2279,FXX,4,0.0,1,0,1.0,0,0,0,-9999.0,1.0,1,P49_CV0,2,2,0,1,1,0,2,0,2
99,-540988.7596,-886972.8422,E99_F42_m40f40_P99_Y3_UO1893,I40_F6_m50f50_P99_Y1_UO2319,I40_F99_m-1f-1_P40_Y-1_U137,MXY,4,0.0,1,0,0.0,0,0,0,-9999.0,0.75,1,P49_CV0,2,2,0,1,1,0,2,0,2
99,-540988.7596,-886972.8422,E99_F42_m58f58_P99_Y3_UO2722,ID58_F99_m-1f-1_P42_Y-1_U139,I58_F99_m-1f-1_P50_Y-1_U37,FXX,4,0.0,1,0,1.0,0,0,0,-9999.0,0.25,1,P49_CV0,2,0,2,2,0,0,2,0,2
99,-540988.7596,-886972.8422,E99_F42_m92f92_P99_Y3_UO4281,I92_F57_m50f50_P99_Y1_UO2252,ID92_F57_m-1f-1_P50_Y-1_U134,MXY,4,0.0,1,0,0.0,0,0,0,-9999.0,0.5,1,P49_CV0,2,2,0,1,1,0,2,0,2
99,-540988.7596,-886972.8422,E99_F42_m58f58_P99_Y3_UO2763,ID58_F99_m-1f-1_P50_Y-1_U232,I58_F81_m80f80_P72_Y1_UO3531,MXY,4,0.0,1,0,0.0,0,0,0,-9999.0,0.5,1,P49_CV0,2,1,1,2,0,0,2,0,2
99,-540988.7596,-886972.8422,E99_F42_m40f40_P99_Y3_UO1909,I40_F6_m-1f-1_P50_Y-1_U215,I40_F6_m-1f-1_P50_Y-1_U4,FXX,4,0.0,1,0,1.0,0,0,0,-9999.0,0.75,1,P49_CV0,2,1,1,1,1,0,2,0,2
99,-540988.7596,-886972.8422,E99_F50_m50f50_P99_Y3_UO2412,I50_F99_m-1f-1_P50_Y-1_U213,I50_F27_m50f50_P99_Y1_UO2278,FXX,4,0.0,1,0,1.0,0,0,0,-9999.0,0.375,1,P49_CV0,2,1,1,0,2,0,2,0,2
99,-540988.7596,-886972.8422,E99_F50_m42f42_P99_Y3_UO2028,ID42_F99_m-1f-1_P50_Y-1_U187,I42_F99_m-1f-1_P42_Y-1_U132,MXY,4,0.0,1,0,0.0,0,0,0,-9999.0,0.5,1,P49_CV0,2,1,1,2,0,0,2,0,2
99,-540988.7596,-886972.8422,E99_F50_m50f50_P99_Y3_UO2364,I50_F6_m42f42_P99_Y1_UO1867,I50_F99_m50f50_P99_Y0_UO2614,FXX,4,0.0,1,0,1.0,0,0,0,-9999.0,0.375,1,P49_CV0,2,0,2,1,1,0,2,0,2
99,-540988.7596,-886972.8422,E99_F50_m50f50_P99_Y3_UO2385,I50_F99_m58f58_P99_Y0_UO2947,I50_F6_m-1f-1_P50_Y-1_U24,FXX,4,0.0,1,0,1.0,0,0,0,-9999.0,0.375,1,P49_CV0,2,0,2,1,1,0,2,0,2
99,-540988.7596,-886972.8422,E99_F58_m50f50_P99_Y3_UO2381,I50_F99_m50f50_P99_Y0_UO2618,ID50_F6_m-1f-1_P92_Y-1_U176,MXY,4,0.0,1,0,0.0,0,0,0,-9999.0,0.5,1,P49_CV0,2,1,1,1,1,0,2,0,2
99,-540988.7596,-886972.8422,E99_F58_m50f50_P99_Y3_UO2382,ID50_F99_m46f46_P52_Y0_UO2407,I50_F99_m-1f-1_P50_Y-1_U159,MXY,4,0.0,1,0,0.0,0,0,0,-9999.0,0.5,1,P49_CV0,2,1,1,1,1,0,2,0,2
99,-540988.7596,-886972.8422,E99_F90_m12f12_P52_Y3_UO685,ID12_F27_m50f50_P6_Y0_UO2552,I12_F52_m-1f-1_P45_Y-1_U16,FXX,4,0.0,1,0,1.0,0,0,0,-9999.0,0.25,1,P49_CV0,2,0,2,0,2,0,2,0,2
99,-540988.7596,-886972.8422,E99_F42_m50f50_P99_Y2_UO2385,ID50_F99_m50f50_P99_Y0_UO2606,I50_F57_m-1f-1_P50_Y-1_U12,MXY,5,0.0,1,0,0.0,0,0,0,-9999.0,0.5,1,P49_CV0,2,1,1,2,0,0,2,0,2
99,-540988.7596,-886972.8422,E99_F42_m50f50_P99_Y2_UO2387,I50_F99_m58f58_P99_Y0_UO2994,I50_F99_m-1f-1_P50_Y-1_U57,FXX,5,0.0,1,0,1.0,0,0,0,-9999.0,0.75,1,P49_CV0,2,1,1,1,1,0,2,0,2
99,-540988.7596,-886972.8422,E99_F42_m50f50_P99_Y2_UO2419,I50_F99_m-1f-1_P50_Y-1_U209,I50_F57_m-1f-1_P50_Y-1_U12,FXX,5,0.0,1,0,1.0,0,0,0,-9999.0,0.25,1,P49_CV0,2,1,1,1,1,0,2,0,2
99,-540988.7596,-886972.8422,E99_F42_m50f50_P99_Y2_UO2431,I50_F99_m-1f-1_P50_Y-1_U213,I50_F99_m-1f-1_P50_Y-1_U168,FXX,5,0.0,1,0,1.0,0,0,0,-9999.0,0.0,1,P49_CV0,2,0,2,0,2,0,2,0,2
99,-540988.7596,-886972.8422,E99_F42_m50f50_P99_Y2_UO2458,I50_F99_m-1f-1_P50_Y-1_U3,ID50_F57_m-1f-1_P50_Y-1_U13,MXY,5,0.0,1,0,0.0,0,0,0,-9999.0,0.5,1,P49_CV0,2,1,1,2,0,0,2,0,2
99,-540988.7596,-886972.8422,E99_F50_m40f40_P99_Y2_UO1918,I40_F6_m-1f-1_P40_Y-1_U119,ID40_F99_m-1f-1_P50_Y-1_U4,FXX,5,0.0,1,0,1.0,0,0,0,-9999.0,1.0,1,P49_CV0,2,2,0,2,0,0,2,0,2
99,-540988.7596,-886972.8422,E99_F50_m50f50_P99_Y2_UO2467,I50_F6_m-1f-1_P50_Y-1_U52,ID50_F6_m-1f-1_P94_Y-1_U182,MXY,5,0.0,1,0,0.0,0,0,0,-9999.0,1.0,1,P49_CV0,2,2,0,1,1,0,2,0,2
99,-540988.7596,-886972.8422,E99_F92_m50f50_P99_Y2_UO2420,ID50_F57_m-1f-1_P92_Y-1_U25,I50_F57_m-1f-1_P50_Y-1_U234,FXX,5,0.0,1,0,1.0,0,0,0,-9999.0,1.0,1,P49_CV0,2,2,0,1,1,0,2,0,2
99,-540988.7596,-886972.8422,E99_F42_m50f50_P99_Y1_UO2325,I50_F99_m-1f-1_P50_Y-1_U187,I50_F99_m-1f-1_P50_Y-1_U1,FXX,6,0.0,1,0,1.0,0,0,0,-9999.0,0.5,1,P49_CV0,2,1,1,0,2,0,2,0,2
99,-540988.7596,-886972.8422,E99_F42_m50f50_P99_Y1_UO2261,I50_F99_m-1f-1_P50_Y-1_U67,I50_F99_m-1f-1_P50_Y-1_U128,MXY,6,0.0,1,0,0.0,0,0,0,-9999.0,0.75,1,P49_CV0,2,1,1,0,2,0,2,0,2
99,-540988.7596,-886972.8422,E99_F42_m50f50_P6_Y0_UO2579,R50_F50_m-1f-1_P50_Y-1_U133,R50_F50_m-1f-1_P50_Y-1_U214,FXX,7,0.0,1,0,1.0,0,0,0,-9999.0,1.0,1,P49_CV0,2,2,0,1,1,0,2,0,2
99,-540988.7596,-886972.8422,E99_F50_m50f50_P99_Y0_UO2615,R50_F50_m-1f-1_P50_Y-1_U223,R50_F50_m-1f-1_P50_Y-1_U11,FXX,7,0.0,1,0,1.0,0,0,0,-9999.0,0.25,1,P49_CV0,2,0,2,1,1,0,2,0,2
99,-540988.7596,-886972.8422,E99_F50_m50f50_P99_Y0_UO2609,R50_F50_m-1f-1_P50_Y-1_U210,R50_F50_m-1f-1_P50_Y-1_U119,FXX,7,0.0,1,0,1.0,0,0,0,-9999.0,0.5,1,P49_CV0,2,1,1,0,2,0,2,0,2
99,-540988.7596,-886972.8422,E99_F50_m50f50_P99_Y0_UO2612,R50_F50_m-1f-1_P50_Y-1_U220,R50_F50_m-1f-1_P50_Y-1_U62,FXX,7,0.0,1,0,1.0,0,0,0,-9999.0,0.5,1,P49_CV0,2,1,1,2,0,0,2,0,2
99,-540988.7596,-886972.8422,E99_F58_m50f50_P99_Y0_UO2574,R50_F50_m-1f-1_P50_Y-1_U110,R50_F50_m-1f-1_P50_Y-1_U1,FXX,7,0.0,1,0,1.0,0,0,0,-9999.0,0.0,1,P49_CV0,2,0,2,0,2,0,2,0,2
99,-540988.7596,-886972.8422,E99_F58_m50f50_P99_Y0_UO2593,R50_F50_m-1f-1_P50_Y-1_U174,R50_F50_m-1f-1_P50_Y-1_U9,FXX,7,0.0,1,0,1.0,0,0,0,-9999.0,0.5,1,P49_CV0,2,1,1,2,0,0,2,0,2
99,-540988.7596,-886972.8422,E99_F42_m-1f-1_P50_Y-1_U132,-9999,-9999,FXX,8,0.0,1,0,1.0,0,0,0,-9999.0,0.5,1,P49_CV0,2,1,1,2,0,0,2,0,2
99,-540988.7596,-886972.8422,E99_F42_m-1f-1_P50_Y-1_U121,-9999,-9999,FXX,8,0.0,1,0,1.0,0,0,0,-9999.0,0.0,1,P49_CV0,2,0,2,1,1,0,2,0,2
99,-540988.7596,-886972.8422,E99_F42_m-1f-1_P50_Y-1_U160,-9999,-9999,FXX,8,0.0,1,0,1.0,0,0,0,-9999.0,0.5,1,P49_CV0,2,1,1,1,1,0,2,0,2
99,-540988.7596,-886972.8422,E99_F50_m-1f-1_P50_Y-1_U82,-9999,-9999,FXX,8,0.0,1,0,1.0,0,0,0,-9999.0,0.5,1,P49_CV0,2,1,1,1,1,0,2,0,2
99,-540988.7596,-886972.8422,E99_F58_m-1f-1_P50_Y-1_U131,-9999,-9999,FXX,8,0.0,1,0,1.0,0,0,0,-9999.0,0.5,1,P49_CV0,2,1,1,0,2,0,2,0,2
99,-540988.7596,-886972.8422,E99_F50_m-1f-1_P50_Y-1_U174,-9999,-9999,FXX,9,0.0,1,0,1.0,0,0,0,-9999.0,1.0,1,P49_CV0,2,2,0,1,1,0,2,0,2
99,-540988.7596,-886972.8422,E99_F50_m-1f-1_P50_Y-1_U38,-9999,-9999,FXX,9,0.0,1,0,1.0,0,0,0,-9999.0,0.5,1,P49_CV0,2,1,1,2,0,0,2,0,2
99,-540988.7596,-886972.8422,E99_F50_m-1f-1_P50_Y-1_U57,-9999,-9999,MXY,9,0.0,1,0,0.0,0,0,0,-9999.0,1.0,1,P49_CV0,2,2,0,1,1,0,2,0,2
99,-540988.7596,-886972.8422,E99_F50_m-1f-1_P50_Y-1_U144,-9999,-9999,MXY,10,0.0,1,0,0.0,0,0,0,-9999.0,0.5,1,P49_CV0,2,1,1,1,1,0,2,0,2
99,-540988.7596,-886972.8422,E99_F50_m-1f-1_P50_Y-1_U216,-9999,-9999,MXY,10,0.0,1,0,0.0,0,0,0,-9999.0,1.0,1,P49_CV0,2,2,0,2,0,0,2,0,2
99,-540988.7596,-886972.8422,E99_F50_m-1f-1_P50_Y-1_U69,-9999,-9999,MXY,10,0.0,1,0,0.0,0,0,0,-9999.0,0.5,1,P49_CV0,2,1,1,2,0,0,2,0,2
99,-540988.7596,-886972.8422,E99_F58_m-1f-1_P50_Y-1_U86,-9999,-9999,MXY,10,0.0,1,0,0.0,0,0,0,-9999.0,0.5,1,P49_CV0,2,1,1,0,2,0,2,0,2
99,-540988.7596,-886972.8422,E99_F42_m-1f-1_P50_Y-1_U211,-9999,-9999,MXY,11,0.0,1,0,0.0,0,0,0,-9999.0,1.0,1,P49_CV0,2,2,0,1,1,0,2,0,2
99,-540988.7596,-886972.8422,E99_F50_m-1f-1_P50_Y-1_U55,-9999,-9999,FXX,11,0.0,1,0,1.0,0,0,0,-9999.0,1.0,1,P49_CV0,2,2,0,2,0,0,2,0,2
99,-540988.7596,-886972.8422,E99_F42_m-1f-1_P50_Y-1_U243,-9999,-9999,FXX,12,0.0,1,0,1.0,0,0,0,-9999.0,0.5,1,P49_CV0,2,1,1,1,1,0,2,0,2
99,-540988.7596,-886972.8422,E99_F42_m-1f-1_P50_Y-1_U156,-9999,-9999,FXX,12,0.0,1,0,1.0,0,0,0,-9999.0,0.0,1,P49_CV0,2,0,2,1,1,0,2,0,2
99,-540988.7596,-886972.8422,E99_F50_m-1f-1_P50_Y-1_U175,-9999,-9999,MXY,12,0.0,1,0,0.0,0,0,0,-9999.0,0.0,1,P49_CV0,2,0,2,1,1,0,2,0,2
99,-540988.7596,-886972.8422,E99_F50_m-1f-1_P50_Y-1_U28,-9999,-9999,FXX,12,0.0,1,0,1.0,0,0,0,-9999.0,0.5,1,P49_CV0,2,1,1,1,1,0,2,0,2
99,-540988.7596,-886972.8422,E99_F94_m-1f-1_P50_Y-1_U247,-9999,-9999,FXX,12,0.0,1,0,1.0,0,0,0,-9999.0,0.5,1,P49_CV0,2,1,1,1,1,0,2,0,2
99,-540988.7596,-886972.8422,E99_F42_m-1f-1_P50_Y-1_U165,-9999,-9999,MXY,13,0.0,1,0,0.0,0,0,0,-9999.0,1.0,1,P49_CV0,2,2,0,1,1,0,2,0,2
99,-540988.7596,-886972.8422,E99_F58_m-1f-1_P50_Y-1_U239,-9999,-9999,MXY,13,0.0,1,0,0.0,0,0,0,-9999.0,0.5,1,P49_CV0,2,1,1,0,2,0,2,0,2
99,-540988.7596,-886972.8422,E99_F42_m-1f-1_P50_Y-1_U181,-9999,-9999,MXY,14,0.0,1,0,0.0,0,0,0,-9999.0,0.0,1,P49_CV0,2,0,2,1,1,0,2,0,2
99,-540988.7596,-886972.8422,E99_F50_m-1f-1_P50_Y-1_U41,-9999,-9999,MXY,15,0.0,1,0,0.0,0,0,0,-9999.0,0.5,1,P49_CV0,2,1,1,2,0,0,2,0,2
99,-540988.7596,-886972.8422,Age0_F99_m42f42_P99_Y7_UO1997,ID42_F57_m50f50_P99_Y5_UO2426,ID42_F57_m42f42_P99_Y4_UO2001,FXX,0,0.0,0,0,0.0,0,0,0,0.0,0.4375,1,P4_CV0,2,0,2,2,0,0,2,0,2
99,-540988.7596,-886972.8422,Age0_F99_m42f42_P99_Y7_UO1998,I42_F99_m50f50_P99_Y5_UO2413,I42_F6_m50f50_P99_Y5_UO2383,FXX,0,0.0,0,0,0.0,0,0,0,0.0,0.5625,1,P4_CV0,2,1,1,1,1,0,2,0,2
99,-540988.7596,-886972.8422,Age0_F99_m42f42_P99_Y7_UO2015,ID42_F99_m50f50_P57_Y4_UO2395,I42_F6_m58f58_P99_Y4_UO2701,MXY,0,0.0,0,0,0.0,0,0,0,0.0,0.3125,1,P4_CV0,2,0,2,1,1,0,2,0,2
99,-540988.7596,-886972.8422,Age0_F99_m42f42_P99_Y7_UO2061,I42_F6_m-1f-1_P92_Y-1_U190,I42_F6_m58f58_P99_Y4_UO2701,MXY,0,0.0,0,0,0.0,0,0,0,0.0,0.4375,1,P4_CV0,2,0,2,1,1,0,2,0,2
99,-540988.7596,-886972.8422,Age0_F99_m50f50_P99_Y7_UO2404,I50_F99_m42f42_P99_Y5_UO2028,ID50_F81_m5f5_P81_Y3_UO379,FXX,0,0.0,0,0,0.0,0,0,0,0.0,0.75,1,P4_CV0,2,0,2,2,0,0,2,0,2
99,-540988.7596,-886972.8422,Age0_F99_m50f50_P99_Y7_UO2438,ID50_F99_m50f50_P27_Y3_UO2400,I50_F99_m5f5_P81_Y2_UO330,MXY,0,0.0,0,0,0.0,0,0,0,0.0,0.375,1,P4_CV0,2,0,2,1,1,0,2,0,2
99,-540988.7596,-886972.8422,Age0_F99_m58f58_P99_Y7_UO2744,ID58_F72_m5f5_P81_Y0_UO315,I58_F99_m42f42_P99_Y4_UO2021,FXX,0,0.0,0,0,0.0,0,0,0,0.0,0.75,1,P4_CV0,2,1,1,2,0,0,2,0,2
99,-540988.7596,-886972.8422,Age0_F99_m58f58_P99_Y7_UO2765,I58_F81_m-1f-1_P94_Y-1_U192,I58_F99_m-1f-1_P5_Y-1_U12,FXX,0,0.0,0,0,0.0,0,0,0,0.0,0.25,1,P4_CV0,2,1,1,0,2,0,2,0,2
99,-540988.7596,-886972.8422,E99_F40_m92f92_P6_Y6_UO4393,I92_F57_m42f42_P99_Y3_UO2027,I92_F99_m-1f-1_P5_Y-1_U73,FXX,1,0.0,1,1,1.0,0,0,0,-9999.0,0.5,1,P4_CV0,2,2,0,1,1,0,2,0,2
99,-540988.7596,-886972.8422,E99_F42_m50f50_P99_Y6_UO2466,ID50_F81_m42f42_P99_Y0_UO2045,I50_F57_m5f5_P81_Y2_UO330,FXX,1,0.0,1,1,1.0,0,0,0,-9999.0,0.375,1,P4_CV0,2,0,2,0,2,0,2,0,2
99,-540988.7596,-886972.8422,E99_F42_m58f58_P99_Y6_UO2747,ID58_F57_m92f92_P99_Y2_UO4325,ID58_F81_m-1f-1_P5_Y-1_U12,FXX,1,0.0,1,1,1.0,0,0,0,-9999.0,0.25,1,P4_CV0,2,1,1,1,1,0,2,0,2
99,-540988.7596,-886972.8422,E99_F50_m94f94_P99_Y6_UO4473,I94_F98_m5f5_P81_Y2_UO339,ID94_F81_m-1f-1_P5_Y-1_U158,MXY,1,0.0,1,1,0.0,0,0,0,-9999.0,0.375,1,P4_CV0,2,1,1,0,2,0,2,0,2
99,-540988.7596,-886972.8422,E99_F58_m5f5_P81_Y6_UO310,I5_F81_m80f80_P81_Y4_UO3673,ID5_F81_m-1f-1_P5_Y-1_U9,MXY,1,0.0,1,1,0.0,0,0,0,-9999.0,0.75,1,P4_CV0,2,1,1,0,2,0,2,0,2
99,-540988.7596,-886972.8422,E99_F58_m80f80_P81_Y6_UO3709,I80_F81_m5f5_P72_Y4_UO309,ID80_F72_m80f80_P72_Y4_UO3655,FXX,1,0.0,1,1,1.0,0,0,0,-9999.0,0.5,1,P4_CV0,2,1,1,2,0,0,2,0,2
99,-540988.7596,-886972.8422,E99_F92_m23f23_P57_Y6_UO1133,ID23_F99_m40f40_P99_Y4_UO1891,I23_F6_m23f23_P86_Y4_UO1173,FXX,1,0.0,1,1,1.0,0,0,0,-9999.0,0.5,1,P4_CV0,2,2,0,1,1,0,2,0,2
99,-540988.7596,-886972.8422,E99_F42_m50f50_P99_Y5_UO2426,I50_F27_m58f58_P99_Y0_UO2954,I50_F57_m-1f-1_P5_Y-1_U109,FXX,2,0.0,1,0,1.0,0,0,0,-9999.0,0.625,1,P4_CV0,2,1,1,2,0,0,2,0,2
99,-540988.7596,-886972.8422,E99_F42_m50f50_P99_Y5_UO2413,ID50_F99_m5f5_P81_Y1_UO299,ID50_F99_m-1f-1_P50_Y-1_U165,FXX,2,0.0,1,0,1.0,0,0,0,-9999.0,0.75,1,P4_CV0,2,2,0,1,1,0,2,0,2
99,-540988.7596,-886972.8422,E99_F42_m58f58_P99_Y4_UO2708,ID58_F81_m5f5_P81_Y1_UO299,ID58_F91_m5f5_P81_Y0_UO342,FXX,3,0.0,1,0,1.0,0,0,0,-9999.0,0.5,1,P4_CV0,2,2,0,1,1,0,2,0,2
99,-540988.7596,-886972.8422,E99_F50_m5f5_P81_Y3_UO379,I5_F81_m-1f-1_P5_Y-1_U34,I5_F81_m-1f-1_P5_Y-1_U130,MXY,4,0.0,1,0,0.0,0,0,0,-9999.0,0.75,1,P4_CV0,2,1,1,2,0,0,2,0,2
99,-540988.7596,-886972.8422,E99_F50_m5f5_P81_Y2_UO330,I5_F81_m-1f-1_P80_Y-1_U11,I5_F81_m-1f-1_P5_Y-1_U214,MXY,5,0.0,1,0,0.0,0,0,0,-9999.0,0.5,1,P4_CV0,2,0,2,0,2,0,2,0,2
99,-540988.7596,-886972.8422,E99_F58_m5f5_P72_Y1_UO313,I5_F72_m-1f-1_P5_Y-1_U49,ID5_F81_m-1f-1_P5_Y-1_U226,MXY,6,0.0,1,0,0.0,0,0,0,-9999.0,0.5,1,P4_CV0,2,1,1,1,1,0,2,0,2
99,-540988.7596,-886972.8422,E99_F58_m5f5_P81_Y0_UO315,R5_F5_m-1f-1_P5_Y-1_U56,R5_F5_m-1f-1_P5_Y-1_U7,FXX,7,0.0,1,0,1.0,0,0,0,-9999.0,1.0,1,P4_CV0,2,2,0,2,0,0,2,0,2
99,-540988.7596,-886972.8422,E99_F58_m-1f-1_P5_Y-1_U202,-9999,-9999,MXY,9,0.0,1,0,0.0,0,0,0,-9999.0,1.0,1,P4_CV0,2,2,0,0,2,0,2,0,2
99,-540988.7596,-886972.8422,E99_F58_m-1f-1_P5_Y-1_U12,-9999,-9999,MXY,9,0.0,1,0,0.0,0,0,0,-9999.0,0.0,1,P4_CV0,2,0,2,0,2,0,2,0,2
99,-540988.7596,-886972.8422,E99_F92_m-1f-1_P5_Y-1_U223,-9999,-9999,FXX,10,0.0,1,0,1.0,0,0,0,-9999.0,0.5,1,P4_CV0,2,1,1,1,1,0,2,0,2
99,-540988.7596,-886972.8422,E99_F92_m-1f-1_P5_Y-1_U73,-9999,-9999,MXY,12,0.0,1,0,0.0,0,0,0,-9999.0,0.5,1,P4_CV0,2,1,1,2,0,0,2,0,2
99,-540988.7596,-886972.8422,Age0_F99_m40f40_P99_Y7_UO1899,I40_F57_m50f50_P99_Y5_UO2421,I40_F99_m23f23_P6_Y2_UO1212,MXY,0,0.0,0,0,0.0,0,0,0,0.0,0.375,1,P57_CV0,2,0,2,0,2,0,2,0,2
99,-540988.7596,-886972.8422,Age0_F99_m40f40_P99_Y7_UO1931,I40_F6_m40f40_P6_Y4_UO1944,I40_F57_m50f50_P99_Y3_UO2443,FXX,0,0.0,0,0,0.0,0,0,0,0.0,0.375,1,P57_CV0,2,0,2,0,2,0,2,0,2
99,-540988.7596,-886972.8422,Age0_F99_m40f40_P99_Y7_UO1942,I40_F86_m45f45_P57_Y2_UO2177,I40_F57_m50f50_P99_Y3_UO2443,FXX,0,0.0,0,0,0.0,0,0,0,0.0,0.375,1,P57_CV0,2,1,1,1,1,0,2,0,2
99,-540988.7596,-886972.8422,Age0_F99_m42f42_P99_Y7_UO1990,I42_F99_m94f94_P99_Y5_UO4467,I42_F99_m-1f-1_P58_Y-1_U125,FXX,0,0.0,0,0,0.0,0,0,0,0.0,0.25,1,P57_CV0,2,1,1,1,1,0,2,0,2
99,-540988.7596,-886972.8422,Age0_F99_m42f42_P99_Y7_UO1993,ID42_F6_m23f23_P27_Y5_UO1190,I42_F99_m58f58_P99_Y0_UO3025,FXX,0,0.0,0,0,0.0,0,0,0,0.0,0.3125,1,P57_CV0,2,1,1,1,1,0,2,0,2
99,-540988.7596,-886972.8422,Age0_F99_m42f42_P99_Y7_UO1995,I42_F99_m42f42_P99_Y5_UO2053,I42_F99_m50f50_P99_Y5_UO2456,FXX,0,0.0,0,0,0.0,0,0,0,0.0,0.46875,1,P57_CV0,2,0,2,1,1,0,2,0,2
99,-540988.7596,-886972.8422,Age0_F99_m42f42_P99_Y7_UO2000,I42_F99_m58f58_P99_Y5_UO2717,I42_F6_m92f92_P6_Y3_UO4268,FXX,0,0.0,0,0,0.0,0,0,0,0.0,0.4375,1,P57_CV0,2,2,0,2,0,0,2,0,2
99,-540988.7596,-886972.8422,Age0_F99_m42f42_P99_Y7_UO2006,I42_F57_m92f92_P57_Y4_UO4307,I42_F99_m-1f-1_P58_Y-1_U125,FXX,0,0.0,0,0,0.0,0,0,0,0.0,0.125,1,P57_CV0,2,0,2,0,2,0,2,0,2
99,-540988.7596,-886972.8422,Age0_F99_m42f42_P99_Y7_UO2007,I42_F6_m23f23_P6_Y4_UO1176,ID42_F81_m58f58_P99_Y3_UO2763,MXY,0,0.0,0,0,0.0,0,0,0,0.0,0.375,1,P57_CV0,2,2,0,1,1,0,2,0,2
99,-540988.7596,-886972.8422,Age0_F99_m42f42_P99_Y7_UO2032,I42_F99_m50f50_P99_Y2_UO2438,I42_F99_m-1f-1_P58_Y-1_U125,FXX,0,0.0,0,0,0.0,0,0,0,0.0,0.125,1,P57_CV0,2,0,2,1,1,0,2,0,2
99,-540988.7596,-886972.8422,Age0_F99_m42f42_P99_Y7_UO2056,I42_F99_m-1f-1_P58_Y-1_U62,ID42_F6_m-1f-1_P50_Y-1_U165,MXY,0,0.0,0,0,0.0,0,0,0,0.0,0.75,1,P57_CV0,2,1,1,1,1,0,2,0,2
99,-540988.7596,-886972.8422,Age0_F99_m42f42_P99_Y7_UO2057,I42_F99_m-1f-1_P42_Y-1_U168,I42_F6_m42f42_P99_Y4_UO1954,FXX,0,0.0,0,0,0.0,0,0,0,0.0,0.625,1,P57_CV0,2,1,1,1,1,0,2,0,2
99,-540988.7596,-886972.8422,Age0_F99_m42f42_P99_Y7_UO2062,I42_F99_m-1f-1_P58_Y-1_U170,I42_F99_m42f42_P99_Y5_UO2003,FXX,0,0.0,0,0,0.0,0,0,0,0.0,0.8125,1,P57_CV0,2,2,0,1,1,0,2,0,2
99,-540988.7596,-886972.8422,Age0_F99_m42f42_P99_Y7_UO2064,I42_F99_m-1f-1_P58_Y-1_U115,I42_F99_m-1f-1_P42_Y-1_U86,MXY,0,0.0,0,0,0.0,0,0,0,0.0,0.5,1,P57_CV0,2,1,1,1,1,0,2,0,2
99,-540988.7596,-886972.8422,Age0_F99_m42f42_P99_Y7_UO2070,ID42_F99_m-1f-1_P58_Y-1_U120,I42_F99_m40f40_P99_Y1_UO1794,MXY,0,0.0,0,0,0.0,0,0,0,0.0,0.875,1,P57_CV0,2,2,0,0,2,0,2,0,2
99,-540988.7596,-886972.8422,Age0_F99_m42f42_P99_Y7_UO2071,I42_F99_m-1f-1_P58_Y-1_U187,I42_F99_m50f50_P99_Y4_UO2392,MXY,0,0.0,0,0,0.0,0,0,0,0.0,0.125,1,P57_CV0,2,0,2,1,1,0,2,0,2
99,-540988.7596,-886972.8422,Age0_F99_m50f50_P99_Y7_UO2416,ID50_F99_m58f58_P99_Y5_UO2743,ID50_F6_m42f42_P99_Y5_UO2037,FXX,0,0.0,0,0,0.0,0,0,0,0.0,0.5,1,P57_CV0,2,0,2,0,2,0,2,0,2
99,-540988.7596,-886972.8422,Age0_F99_m50f50_P99_Y7_UO2420,I50_F6_m5f5_P81_Y4_UO321,I50_F99_m42f42_P99_Y2_UO1978,FXX,0,0.0,0,0,0.0,0,0,0,0.0,0.3125,1,P57_CV0,2,1,1,2,0,0,2,0,2
99,-540988.7596,-886972.8422,Age0_F99_m50f50_P99_Y7_UO2426,ID50_F99_m50f50_P99_Y4_UO2346,I50_F57_m-1f-1_P92_Y-1_U177,MXY,0,0.0,0,0,0.0,0,0,0,0.0,0.53125,1,P57_CV0,2,1,1,0,2,0,2,0,2
99,-540988.7596,-886972.8422,Age0_F99_m50f50_P99_Y7_UO2428,I50_F99_m58f58_P99_Y4_UO2756,ID50_F81_m58f58_P81_Y2_UO2753,MXY,0,0.0,0,0,0.0,0,0,0,0.0,0.5,1,P57_CV0,2,1,1,1,1,0,2,0,2
99,-540988.7596,-886972.8422,Age0_F99_m50f50_P99_Y7_UO2447,I50_F57_m58f58_P99_Y2_UO2731,ID50_F99_m50f50_P27_Y3_UO2389,FXX,0,0.0,0,0,0.0,0,0,0,0.0,0.5625,1,P57_CV0,2,0,2,1,1,0,2,0,2
99,-540988.7596,-886972.8422,Age0_F99_m50f50_P99_Y7_UO2453,ID50_F99_m58f58_P99_Y1_UO2615,I50_F99_m50f50_P99_Y4_UO2364,MXY,0,0.0,0,0,0.0,0,0,0,0.0,0.5,1,P57_CV0,2,1,1,2,0,0,2,0,2
99,-540988.7596,-886972.8422,Age0_F99_m50f50_P99_Y7_UO2457,ID50_F99_m58f58_P99_Y1_UO2611,I50_F99_m-1f-1_P58_Y-1_U246,FXX,0,0.0,0,0,0.0,0,0,0,0.0,0.25,1,P57_CV0,2,1,1,1,1,0,2,0,2
99,-540988.7596,-886972.8422,Age0_F99_m50f50_P99_Y7_UO2467,ID50_F99_m47f47_P81_Y0_UO2524,I50_F99_m42f42_P99_Y5_UO1999,MXY,0,0.0,0,0,0.0,0,0,0,0.0,0.625,1,P57_CV0,2,1,1,1,1,0,2,0,2
99,-540988.7596,-886972.8422,Age0_F99_m50f50_P99_Y7_UO2469,I50_F99_m50f50_P99_Y0_UO2612,ID50_F81_m58f58_P81_Y2_UO2753,FXX,0,0.0,0,0,0.0,0,0,0,0.0,0.375,1,P57_CV0,2,1,1,2,0,0,2,0,2
99,-540988.7596,-886972.8422,Age0_F99_m50f50_P99_Y7_UO2470,I50_F81_m-1f-1_P58_Y-1_U101,I50_F99_m-1f-1_P58_Y-1_U38,MXY,0,0.0,0,0,0.0,0,0,0,0.0,0.75,1,P57_CV0,2,2,0,1,1,0,2,0,2
99,-540988.7596,-886972.8422,Age0_F99_m50f50_P99_Y7_UO2472,I50_F99_m-1f-1_P92_Y-1_U87,I50_F99_m50f50_P99_Y5_UO2462,FXX,0,0.0,0,0,0.0,0,0,0,0.0,0.8125,1,P57_CV0,2,2,0,2,0,0,2,0,2
99,-540988.7596,-886972.8422,Age0_F99_m50f50_P99_Y7_UO2473,I50_F99_m-1f-1_P50_Y-1_U82,I50_F99_m50f50_P99_Y5_UO2462,FXX,0,0.0,0,0,0.0,0,0,0,0.0,0.5625,1,P57_CV0,2,2,0,1,1,0,2,0,2
99,-540988.7596,-886972.8422,Age0_F99_m58f58_P99_Y7_UO2707,I58_F81_m94f94_P99_Y5_UO4423,I58_F6_m58f58_P99_Y2_UO2777,MXY,0,0.0,0,0,0.0,0,0,0,0.0,0.625,1,P57_CV0,2,2,0,2,0,0,2,0,2
99,-540988.7596,-886972.8422,Age0_F99_m58f58_P99_Y7_UO2716,ID58_F98_m94f94_P91_Y4_UO4451,I58_F81_m-1f-1_P42_Y-1_U174,FXX,0,0.0,0,0,0.0,0,0,0,0.0,0.75,1,P57_CV0,2,2,0,1,1,0,2,0,2
99,-540988.7596,-886972.8422,Age0_F99_m58f58_P99_Y7_UO2720,ID58_F99_m50f50_P99_Y3_UO2444,I58_F72_m58f58_P81_Y0_UO2986,FXX,0,0.0,0,0,0.0,0,0,0,0.0,0.75,1,P57_CV0,2,2,0,0,2,0,2,0,2
99,-540988.7596,-886972.8422,Age0_F99_m58f58_P99_Y7_UO2743,I58_F81_m58f58_P99_Y0_UO2985,ID58_F99_m42f42_P99_Y3_UO2026,MXY,0,0.0,0,0,0.0,0,0,0,0.0,0.125,1,P57_CV0,2,0,2,0,2,0,2,0,2
99,-540988.7596,-886972.8422,Age0_F99_m58f58_P99_Y7_UO2753,I58_F99_m-1f-1_P42_Y-1_U66,I58_F99_m-1f-1_P58_Y-1_U100,MXY,0,0.0,0,0,0.0,0,0,0,0.0,0.25,1,P57_CV0,2,0,2,1,1,0,2,0,2
99,-540988.7596,-886972.8422,Age0_F99_m58f58_P99_Y7_UO2758,I58_F81_m-1f-1_P23_Y-1_U87,I58_F72_m58f58_P81_Y0_UO2986,MXY,0,0.0,0,0,0.0,0,0,0,0.0,0.75,1,P57_CV0,2,1,1,1,1,0,2,0,2
99,-540988.7596,-886972.8422,Age0_F99_m58f58_P99_Y7_UO2762,I58_F99_m-1f-1_P58_Y-1_U186,I58_F81_m-1f-1_P58_Y-1_U33,FXX,0,0.0,0,0,0.0,0,0,0,0.0,0.5,1,P57_CV0,2,1,1,0,2,0,2,0,2
99,-540988.7596,-886972.8422,Age0_F99_m58f58_P99_Y7_UO2766,I58_F81_m-1f-1_P58_Y-1_U24,I58_F99_m-1f-1_P94_Y-1_U171,MXY,0,0.0,0,0,0.0,0,0,0,0.0,1.0,1,P57_CV0,2,2,0,2,0,0,2,0,2
99,-540988.7596,-886972.8422,Age0_F99_m92f92_P99_Y7_UO4328,I92_F6_m50f50_P99_Y5_UO2437,I92_F6_m42f42_P99_Y5_UO2049,MXY,0,0.0,0,0,0.0,0,0,0,0.0,0.25,1,P57_CV0,2,1,1,2,0,0,2,0,2
99,-540988.7596,-886972.8422,Age0_F99_m92f92_P99_Y7_UO4344,I92_F57_m58f58_P99_Y5_UO2737,I92_F99_m50f50_P99_Y4_UO2343,MXY,0,0.0,0,0,0.0,0,0,0,0.0,0.3125,1,P57_CV0,2,0,2,0,2,0,2,0,2
99,-540988.7596,-886972.8422,Age0_F99_m92f92_P99_Y7_UO4414,I92_F57_m-1f-1_P5_Y-1_U223,I92_F99_m50f50_P99_Y4_UO2343,FXX,0,0.0,0,0,0.0,0,0,0,0.0,0.4375,1,P57_CV0,2,0,2,1,1,0,2,0,2
99,-540988.7596,-886972.8422,E99_F23_m58f58_P99_Y6_UO2736,I58_F99_m58f58_P99_Y3_UO2736,I58_F99_m-1f-1_P58_Y-1_U135,MXY,1,0.0,1,1,0.0,0,0,0,-9999.0,0.75,1,P57_CV0,2,2,0,2,0,0,2,0,2
99,-540988.7596,-886972.8422,E99_F40_m92f92_P6_Y6_UO4429,I92_F6_m58f58_P99_Y0_UO2978,ID92_F99_m-1f-1_P58_Y-1_U231,FXX,1,0.0,1,1,1.0,0,0,0,-9999.0,0.375,1,P57_CV0,2,0,2,1,1,0,2,0,2
99,-540988.7596,-886972.8422,E99_F42_m42f42_P27_Y6_UO2097,I42_F99_m-1f-1_P42_Y-1_U192,ID42_F81_m-1f-1_P58_Y-1_U193,MXY,1,0.0,1,1,0.0,0,0,0,-9999.0,0.5,1,P57_CV0,2,1,1,1,1,0,2,0,2
99,-540988.7596,-886972.8422,E99_F42_m42f42_P57_Y6_UO2050,I42_F99_m42f42_P99_Y1_UO1819,ID42_F81_m-1f-1_P58_Y-1_U193,FXX,1,0.0,1,1,1.0,0,0,0,-9999.0,0.375,1,P57_CV0,2,1,1,1,1,0,2,0,2
99,-540988.7596,-886972.8422,E99_F42_m40f40_P99_Y6_UO1947,ID40_F6_m90f90_P57_Y2_UO4207,I40_F57_m50f50_P99_Y4_UO2391,FXX,1,0.0,1,1,1.0,0,0,0,-9999.0,0.3125,1,P57_CV0,2,1,1,2,0,0,2,0,2
99,-540988.7596,-886972.8422,E99_F42_m42f42_P99_Y6_UO2033,I42_F99_m42f42_P99_Y3_UO1964,I42_F99_m92f92_P99_Y1_UO4146,FXX,1,0.0,1,1,1.0,0,0,0,-9999.0,0.6875,1,P57_CV0,2,1,1,1,1,0,2,0,2
99,-540988.7596,-886972.8422,E99_F42_m42f42_P99_Y6_UO2056,I42_F99_m42f42_P99_Y1_UO1815,ID42_F81_m5f5_P81_Y3_UO289,MXY,1,0.0,1,1,0.0,0,0,0,-9999.0,0.6875,1,P57_CV0,2,2,0,0,2,0,2,0,2
99,-540988.7596,-886972.8422,E99_F42_m42f42_P99_Y6_UO2063,I42_F99_m58f58_P99_Y0_UO2929,I42_F99_m23f23_P27_Y4_UO1172,FXX,1,0.0,1,1,1.0,0,0,0,-9999.0,0.5,1,P57_CV0,2,1,1,1,1,0,2,0,2
99,-540988.7596,-886972.8422,E99_F42_m42f42_P99_Y6_UO2074,I42_F99_m-1f-1_P42_Y-1_U168,I42_F99_m58f58_P99_Y2_UO2784,MXY,1,0.0,1,1,0.0,0,0,0,-9999.0,0.75,1,P57_CV0,2,1,1,1,1,0,2,0,2
99,-540988.7596,-886972.8422,E99_F42_m42f42_P99_Y6_UO2083,I42_F57_m-1f-1_P58_Y-1_U170,I42_F99_m23f23_P27_Y4_UO1213,FXX,1,0.0,1,1,1.0,0,0,0,-9999.0,0.78125,1,P57_CV0,2,1,1,1,1,0,2,0,2
99,-540988.7596,-886972.8422,E99_F42_m42f42_P99_Y6_UO2087,I42_F99_m-1f-1_P58_Y-1_U115,I42_F99_m50f50_P99_Y3_UO2422,FXX,1,0.0,1,1,1.0,0,0,0,-9999.0,1.0,1,P57_CV0,2,2,0,1,1,0,2,0,2
99,-540988.7596,-886972.8422,E99_F42_m50f50_P99_Y6_UO2457,I50_F99_m92f92_P6_Y1_UO4122,I50_F99_m50f50_P99_Y3_UO2359,FXX,1,0.0,1,1,1.0,0,0,0,-9999.0,0.5625,1,P57_CV0,2,1,1,0,2,0,2,0,2
99,-540988.7596,-886972.8422,E99_F42_m50f50_P99_Y6_UO2465,ID50_F99_m58f58_P99_Y0_UO2994,I50_F99_m-1f-1_P58_Y-1_U194,MXY,1,0.0,1,1,0.0,0,0,0,-9999.0,0.75,1,P57_CV0,2,1,1,0,2,0,2,0,2
99,-540988.7596,-886972.8422,E99_F42_m50f50_P99_Y6_UO2469,I50_F99_m58f58_P99_Y0_UO2954,I50_F99_m42f42_P99_Y2_UO2017,MXY,1,0.0,1,1,0.0,0,0,0,-9999.0,0.5,1,P57_CV0,2,1,1,2,0,0,2,0,2
99,-540988.7596,-886972.8422,E99_F50_m23f23_P99_Y6_UO1139,I23_F86_m50f50_P57_Y4_UO2395,I23_F57_m-1f-1_P23_Y-1_U149,MXY,1,0.0,1,1,0.0,0,0,0,-9999.0,0.375,1,P57_CV0,2,1,1,2,0,0,2,0,2
99,-540988.7596,-886972.8422,E99_F50_m42f42_P99_Y6_UO2022,ID42_F99_m58f58_P99_Y4_UO2697,I42_F99_m58f58_P99_Y2_UO2784,FXX,1,0.0,1,1,1.0,0,0,0,-9999.0,0.59375,1,P57_CV0,2,1,1,1,1,0,2,0,2
99,-540988.7596,-886972.8422,E99_F50_m42f42_P99_Y6_UO2031,ID42_F6_m50f50_P99_Y3_UO2444,I42_F99_m23f23_P27_Y0_UO1267,MXY,1,0.0,1,1,0.0,0,0,0,-9999.0,0.75,1,P57_CV0,2,2,0,1,1,0,2,0,2
99,-540988.7596,-886972.8422,E99_F50_m50f50_P99_Y6_UO2454,ID50_F57_m40f40_P6_Y1_UO1746,I50_F99_m40f40_P99_Y3_UO1937,FXX,1,0.0,1,1,1.0,0,0,0,-9999.0,0.375,1,P57_CV0,2,0,2,0,2,0,2,0,2
99,-540988.7596,-886972.8422,E99_F50_m50f50_P99_Y6_UO2486,I50_F99_m-1f-1_P58_Y-1_U66,ID50_F99_m-1f-1_P50_Y-1_U57,FXX,1,0.0,1,1,1.0,0,0,0,-9999.0,0.75,1,P57_CV0,2,1,1,2,0,0,2,0,2
99,-540988.7596,-886972.8422,E99_F50_m58f58_P99_Y6_UO2774,I58_F99_m-1f-1_P58_Y-1_U186,I58_F99_m42f42_P99_Y4_UO2021,FXX,1,0.0,1,1,1.0,0,0,0,-9999.0,0.5,1,P57_CV0,2,2,0,1,1,0,2,0,2
99,-540988.7596,-886972.8422,E99_F92_m40f40_P6_Y6_UO1991,I40_F99_m-1f-1_P58_Y-1_U110,I40_F6_m92f92_P6_Y4_UO4378,FXX,1,0.0,1,1,1.0,0,0,0,-9999.0,0.375,1,P57_CV0,2,2,0,0,2,0,2,0,2
99,-540988.7596,-886972.8422,E99_F92_m42f42_P6_Y6_UO2024,ID42_F99_m23f23_P6_Y4_UO1176,ID42_F81_m80f80_P72_Y2_UO3728,MXY,1,0.0,1,1,0.0,0,0,0,-9999.0,0.5,1,P57_CV0,2,2,0,1,1,0,2,0,2
99,-540988.7596,-886972.8422,E99_F94_m5f5_P81_Y6_UO352,I5_F81_m80f80_P81_Y3_UO3732,ID5_F81_m58f58_P81_Y2_UO2795,MXY,1,0.0,1,1,0.0,0,0,0,-9999.0,0.625,1,P57_CV0,2,1,1,2,0,0,2,0,2
99,-540988.7596,-886972.8422,E99_F40_m50f50_P99_Y5_UO2421,I50_F99_m92f92_P6_Y1_UO4122,I50_F99_m-1f-1_P40_Y-1_U121,FXX,2,0.0,1,0,1.0,0,0,0,-9999.0,0.25,1,P57_CV0,2,0,2,1,1,0,2,0,2
99,-540988.7596,-886972.8422,E99_F42_m42f42_P99_Y5_UO1994,I42_F99_m42f42_P99_Y1_UO1838,I42_F99_m58f58_P99_Y0_UO3021,MXY,2,0.0,1,0,0.0,0,0,0,-9999.0,0.625,1,P57_CV0,2,2,0,1,1,0,2,0,2
99,-540988.7596,-886972.8422,E99_F42_m50f50_P99_Y5_UO2383,I50_F57_m50f50_P27_Y3_UO2400,ID50_F99_m-1f-1_P50_Y-1_U69,MXY,2,0.0,1,0,0.0,0,0,0,-9999.0,0.375,1,P57_CV0,2,1,1,2,0,0,2,0,2
99,-540988.7596,-886972.8422,E99_F42_m58f58_P99_Y5_UO2714,I58_F72_m50f50_P99_Y3_UO2420,I58_F99_m-1f-1_P58_Y-1_U242,MXY,2,0.0,1,0,0.0,0,0,0,-9999.0,0.25,1,P57_CV0,2,0,2,0,2,0,2,0,2
99,-540988.7596,-886972.8422,E99_F42_m58f58_P99_Y5_UO2717,I58_F99_m58f58_P99_Y3_UO2736,I58_F99_m92f92_P99_Y3_UO4290,FXX,2,0.0,1,0,1.0,0,0,0,-9999.0,0.5,1,P57_CV0,2,2,0,1,1,0,2,0,2
99,-540988.7596,-886972.8422,E99_F42_m42f42_P99_Y5_UO2001,I42_F99_m58f58_P99_Y0_UO2994,ID42_F99_m58f58_P6_Y2_UO2752,MXY,2,0.0,1,0,0.0,0,0,0,-9999.0,0.5,1,P57_CV0,2,1,1,0,2,0,2,0,2
99,-540988.7596,-886972.8422,E99_F50_m50f50_P99_Y5_UO2392,ID50_F99_m40f40_P99_Y3_UO1883,I50_F99_m-1f-1_P58_Y-1_U202,FXX,2,0.0,1,0,1.0,0,0,0,-9999.0,0.4375,1,P57_CV0,2,1,1,1,1,0,2,0,2
99,-540988.7596,-886972.8422,E99_F50_m42f42_P99_Y5_UO2037,ID42_F6_m-1f-1_P50_Y-1_U243,I42_F99_m-1f-1_P58_Y-1_U125,MXY,2,0.0,1,0,0.0,0,0,0,-9999.0,0.25,1,P57_CV0,2,0,2,0,2,0,2,0,2
99,-540988.7596,-886972.8422,E99_F50_m50f50_P99_Y5_UO2462,I50_F99_m-1f-1_P58_Y-1_U209,I50_F99_m42f42_P99_Y3_UO2005,MXY,2,0.0,1,0,0.0,0,0,0,-9999.0,0.625,1,P57_CV0,2,1,1,2,0,0,2,0,2
99,-540988.7596,-886972.8422,E99_F50_m58f58_P99_Y5_UO2743,I58_F6_m-1f-1_P58_Y-1_U11,I58_F99_m-1f-1_P40_Y-1_U122,FXX,2,0.0,1,0,1.0,0,0,0,-9999.0,0.75,1,P57_CV0,2,1,1,0,2,0,2,0,2
99,-540988.7596,-886972.8422,E99_F58_m94f94_P99_Y5_UO4423,I94_F81_m58f58_P81_Y2_UO2750,ID94_F6_m58f58_P99_Y1_UO2653,FXX,2,0.0,1,0,1.0,0,0,0,-9999.0,0.75,1,P57_CV0,2,2,0,2,0,0,2,0,2
99,-540988.7596,-886972.8422,E99_F90_m40f40_P6_Y5_UO1893,I40_F57_m92f92_P6_Y3_UO4269,I40_F99_m-1f-1_P42_Y-1_U85,MXY,2,0.0,1,0,0.0,0,0,0,-9999.0,0.75,1,P57_CV0,2,2,0,2,0,0,2,0,2
99,-540988.7596,-886972.8422,E99_F92_m50f50_P99_Y5_UO2420,ID50_F57_m40f40_P6_Y1_UO1785,I50_F57_m58f58_P99_Y3_UO2732,MXY,2,0.0,1,0,0.0,0,0,0,-9999.0,0.25,1,P57_CV0,2,0,2,1,1,0,2,0,2
99,-540988.7596,-886972.8422,E99_F92_m50f50_P99_Y5_UO2437,I50_F99_m-1f-1_P58_Y-1_U101,ID50_F6_m-1f-1_P40_Y-1_U134,FXX,2,0.0,1,0,1.0,0,0,0,-9999.0,0.25,1,P57_CV0,2,1,1,1,1,0,2,0,2
99,-540988.7596,-886972.8422,E99_F92_m42f42_P99_Y5_UO2049,ID42_F81_m-1f-1_P58_Y-1_U187,ID42_F99_m42f42_P99_Y0_UO2102,MXY,2,0.0,1,0,0.0,0,0,0,-9999.0,0.25,1,P57_CV0,2,1,1,2,0,0,2,0,2
99,-540988.7596,-886972.8422,E99_F92_m58f58_P99_Y5_UO2737,I58_F99_m58f58_P99_Y0_UO3004,I58_F81_m80f80_P81_Y1_UO3543,FXX,2,0.0,1,0,1.0,0,0,0,-9999.0,0.25,1,P57_CV0,2,0,2,0,2,0,2,0,2
99,-540988.7596,-886972.8422,E99_F92_m50f50_P99_Y5_UO2454,ID50_F99_m-1f-1_P58_Y-1_U120,I50_F57_m-1f-1_P92_Y-1_U234,MXY,2,0.0,1,0,0.0,0,0,0,-9999.0,0.5,1,P57_CV0,2,1,1,1,1,0,2,0,2
99,-540988.7596,-886972.8422,E99_F40_m42f42_P99_Y4_UO2000,I42_F99_m-1f-1_P42_Y-1_U73,I42_F99_m58f58_P99_Y1_UO2663,FXX,3,0.0,1,0,1.0,0,0,0,-9999.0,0.5,1,P57_CV0,2,1,1,2,0,0,2,0,2
99,-540988.7596,-886972.8422,E99_F42_m23f23_P6_Y4_UO1176,ID23_F57_m23f23_P86_Y1_UO1128,ID23_F99_m50f50_P99_Y2_UO2423,FXX,3,0.0,1,0,1.0,0,0,0,-9999.0,0.25,1,P57_CV0,2,2,0,0,2,0,2,0,2
99,-540988.7596,-886972.8422,E99_F42_m50f50_P57_Y4_UO2395,I50_F27_m-1f-1_P50_Y-1_U121,I50_F99_m58f58_P99_Y1_UO2635,FXX,3,0.0,1,0,1.0,0,0,0,-9999.0,0.25,1,P57_CV0,2,0,2,1,1,0,2,0,2
99,-540988.7596,-886972.8422,E99_F42_m50f50_P99_Y4_UO2420,ID50_F99_m-1f-1_P58_Y-1_U66,I50_F6_m-1f-1_P5_Y-1_U109,MXY,3,0.0,1,0,0.0,0,0,0,-9999.0,0.5,1,P57_CV0,2,0,2,2,0,0,2,0,2
99,-540988.7596,-886972.8422,E99_F50_m5f5_P81_Y4_UO321,I5_F72_m47f47_P81_Y1_UO2159,I5_F81_m94f94_P81_Y1_UO4237,FXX,3,0.0,1,0,1.0,0,0,0,-9999.0,0.625,1,P57_CV0,2,2,0,1,1,0,2,0,2
99,-540988.7596,-886972.8422,E99_F50_m50f50_P99_Y4_UO2364,I50_F57_m92f92_P6_Y1_UO4122,I50_F99_m-1f-1_P92_Y-1_U138,MXY,3,0.0,1,0,0.0,0,0,0,-9999.0,0.5,1,P57_CV0,2,0,2,1,1,0,2,0,2
99,-540988.7596,-886972.8422,E99_F50_m50f50_P99_Y4_UO2346,I50_F99_m92f92_P99_Y2_UO4305,I50_F99_m58f58_P99_Y1_UO2635,FXX,3,0.0,1,0,1.0,0,0,0,-9999.0,0.5625,1,P57_CV0,2,2,0,0,2,0,2,0,2
99,-540988.7596,-886972.8422,E99_F58_m94f94_P91_Y4_UO4451,I94_F98_m-1f-1_P58_Y-1_U22,ID94_F81_m58f58_P81_Y1_UO2668,FXX,3,0.0,1,0,1.0,0,0,0,-9999.0,0.5,1,P57_CV0,2,1,1,1,1,0,2,0,2
99,-540988.7596,-886972.8422,E99_F42_m58f58_P99_Y3_UO2716,I58_F99_m47f47_P81_Y0_UO2524,I58_F81_m-1f-1_P58_Y-1_U181,MXY,4,0.0,1,0,0.0,0,0,0,-9999.0,1.0,1,P57_CV0,2,2,0,2,0,0,2,0,2
99,-540988.7596,-886972.8422,E99_F42_m5f5_P81_Y3_UO289,I5_F81_m58f58_P81_Y1_UO2669,I5_F81_m58f58_P81_Y0_UO2989,MXY,4,0.0,1,0,0.0,0,0,0,-9999.0,0.625,1,P57_CV0,2,2,0,1,1,0,2,0,2
99,-540988.7596,-886972.8422,E99_F50_m50f50_P27_Y3_UO2400,ID50_F99_m-1f-1_P58_Y-1_U37,I50_F99_m-1f-1_P42_Y-1_U165,FXX,4,0.0,1,0,1.0,0,0,0,-9999.0,0.25,1,P57_CV0,2,0,2,1,1,0,2,0,2
99,-540988.7596,-886972.8422,E99_F50_m42f42_P99_Y3_UO2032,ID42_F99_m-1f-1_P42_Y-1_U70,I42_F27_m58f58_P99_Y0_UO2999,MXY,4,0.0,1,0,0.0,0,0,0,-9999.0,0.5,1,P57_CV0,2,0,2,0,2,0,2,0,2
99,-540988.7596,-886972.8422,E99_F58_m50f50_P99_Y3_UO2444,ID50_F81_m-1f-1_P58_Y-1_U209,I50_F99_m-1f-1_P50_Y-1_U0,FXX,4,0.0,1,0,1.0,0,0,0,-9999.0,1.0,1,P57_CV0,2,2,0,1,1,0,2,0,2
99,-540988.7596,-886972.8422,E99_F58_m42f42_P99_Y3_UO1962,I42_F6_m58f58_P99_Y1_UO2614,ID42_F6_m40f40_P57_Y1_UO1748,MXY,4,0.0,1,0,0.0,0,0,0,-9999.0,0.375,1,P57_CV0,2,0,2,2,0,0,2,0,2
99,-540988.7596,-886972.8422,E99_F42_m58f58_P99_Y2_UO2742,I58_F81_m-1f-1_P58_Y-1_U10,I58_F99_m-1f-1_P58_Y-1_U202,FXX,5,0.0,1,0,1.0,0,0,0,-9999.0,0.5,1,P57_CV0,2,1,1,0,2,0,2,0,2
99,-540988.7596,-886972.8422,E99_F42_m58f58_P99_Y2_UO2784,I58_F81_m-1f-1_P58_Y-1_U168,I58_F81_m-1f-1_P58_Y-1_U29,MXY,5,0.0,1,0,0.0,0,0,0,-9999.0,0.5,1,P57_CV0,2,0,2,1,1,0,2,0,2
99,-540988.7596,-886972.8422,E99_F42_m50f50_P99_Y2_UO2423,ID50_F81_m-1f-1_P58_Y-1_U88,ID50_F81_m-1f-1_P58_Y-1_U177,MXY,5,0.0,1,0,0.0,0,0,0,-9999.0,0.25,1,P57_CV0,2,1,1,0,2,0,2,0,2
99,-540988.7596,-886972.8422,E99_F50_m58f58_P99_Y2_UO2731,I58_F99_m-1f-1_P58_Y-1_U101,I58_F81_m-1f-1_P58_Y-1_U218,FXX,5,0.0,1,0,1.0,0,0,0,-9999.0,0.5,1,P57_CV0,2,1,1,2,0,0,2,0,2
99,-540988.7596,-886972.8422,E99_F58_m58f58_P99_Y2_UO2759,ID58_F98_m-1f-1_P94_Y-1_U38,I58_F72_m-1f-1_P58_Y-1_U126,MXY,5,0.0,1,0,0.0,0,0,0,-9999.0,0.25,1,P57_CV0,2,1,1,2,0,0,2,0,2
99,-540988.7596,-886972.8422,E99_F92_m58f58_P6_Y2_UO2776,I58_F99_m-1f-1_P58_Y-1_U185,ID58_F99_m-1f-1_P50_Y-1_U122,FXX,5,0.0,1,0,1.0,0,0,0,-9999.0,0.75,1,P57_CV0,2,2,0,1,1,0,2,0,2
99,-540988.7596,-886972.8422,E99_F50_m58f58_P99_Y1_UO2615,I58_F99_m-1f-1_P58_Y-1_U157,I58_F98_m-1f-1_P58_Y-1_U45,FXX,6,0.0,1,0,1.0,0,0,0,-9999.0,0.5,1,P57_CV0,2,2,0,2,0,0,2,0,2
99,-540988.7596,-886972.8422,E99_F50_m58f58_P99_Y1_UO2611,I58_F81_m-1f-1_P58_Y-1_U149,I58_F98_m-1f-1_P58_Y-1_U236,FXX,6,0.0,1,0,1.0,0,0,0,-9999.0,0.5,1,P57_CV0,2,2,0,2,0,0,2,0,2
99,-540988.7596,-886972.8422,E99_F50_m92f92_P6_Y1_UO4122,ID92_F99_m-1f-1_P58_Y-1_U7,ID92_F6_m-1f-1_P92_Y-1_U53,FXX,6,0.0,1,0,1.0,0,0,0,-9999.0,0.5,1,P57_CV0,2,1,1,1,1,0,2,0,2
99,-540988.7596,-886972.8422,E99_F94_m58f58_P81_Y1_UO2668,I58_F99_m-1f-1_P58_Y-1_U168,I58_F99_m-1f-1_P58_Y-1_U235,MXY,6,0.0,1,0,0.0,0,0,0,-9999.0,0.5,1,P57_CV0,2,1,1,1,1,0,2,0,2
99,-540988.7596,-886972.8422,E99_F42_m58f58_P99_Y0_UO3025,R58_F58_m-1f-1_P58_Y-1_U224,R58_F58_m-1f-1_P58_Y-1_U82,MXY,7,0.0,1,0,0.0,0,0,0,-9999.0,0.5,1,P57_CV0,2,1,1,1,1,0,2,0,2
99,-540988.7596,-886972.8422,E99_F42_m58f58_P99_Y0_UO3021,R58_F58_m-1f-1_P58_Y-1_U216,R58_F58_m-1f-1_P58_Y-1_U123,MXY,7,0.0,1,0,0.0,0,0,0,-9999.0,0.75,1,P57_CV0,2,2,0,1,1,0,2,0,2
99,-540988.7596,-886972.8422,E99_F42_m58f58_P99_Y0_UO2929,R58_F58_m-1f-1_P58_Y-1_U1,R58_F58_m-1f-1_P58_Y-1_U23,FXX,7,0.0,1,0,1.0,0,0,0,-9999.0,0.75,1,P57_CV0,2,2,0,1,1,0,2,0,2
99,-540988.7596,-886972.8422,E99_F58_m58f58_P99_Y0_UO2985,R58_F58_m-1f-1_P58_Y-1_U129,R58_F58_m-1f-1_P58_Y-1_U171,FXX,7,0.0,1,0,1.0,0,0,0,-9999.0,0.25,1,P57_CV0,2,1,1,1,1,0,2,0,2
99,-540988.7596,-886972.8422,E99_F58_m58f58_P81_Y0_UO2986,R58_F58_m-1f-1_P58_Y-1_U130,R58_F58_m-1f-1_P58_Y-1_U198,MXY,7,0.0,1,0,0.0,0,0,0,-9999.0,0.5,1,P57_CV0,2,1,1,0,2,0,2,0,2
99,-540988.7596,-886972.8422,E99_F40_m-1f-1_P58_Y-1_U172,-9999,-9999,FXX,8,0.0,1,0,1.0,0,0,0,-9999.0,0.0,1,P57_CV0,2,0,2,1,1,0,2,0,2
99,-540988.7596,-886972.8422,E99_F50_m-1f-1_P58_Y-1_U101,-9999,-9999,FXX,8,0.0,1,0,1.0,0,0,0,-9999.0,0.5,1,P57_CV0,2,1,1,1,1,0,2,0,2
99,-540988.7596,-886972.8422,E99_F58_m-1f-1_P58_Y-1_U150,-9999,-9999,MXY,8,0.0,1,0,0.0,0,0,0,-9999.0,0.5,1,P57_CV0,2,1,1,1,1,0,2,0,2
99,-540988.7596,-886972.8422,E99_F42_m-1f-1_P58_Y-1_U129,-9999,-9999,FXX,9,0.0,1,0,1.0,0,0,0,-9999.0,0.0,1,P57_CV0,2,0,2,1,1,0,2,0,2
99,-540988.7596,-886972.8422,E99_F42_m-1f-1_P58_Y-1_U62,-9999,-9999,FXX,9,0.0,1,0,1.0,0,0,0,-9999.0,0.5,1,P57_CV0,2,1,1,1,1,0,2,0,2
99,-540988.7596,-886972.8422,E99_F58_m-1f-1_P58_Y-1_U135,-9999,-9999,MXY,9,0.0,1,0,0.0,0,0,0,-9999.0,1.0,1,P57_CV0,2,2,0,1,1,0,2,0,2
99,-540988.7596,-886972.8422,E99_F42_m-1f-1_P58_Y-1_U219,-9999,-9999,FXX,10,0.0,1,0,1.0,0,0,0,-9999.0,0.5,1,P57_CV0,2,1,1,0,2,0,2,0,2
99,-540988.7596,-886972.8422,E99_F42_m-1f-1_P58_Y-1_U170,-9999,-9999,FXX,10,0.0,1,0,1.0,0,0,0,-9999.0,1.0,1,P57_CV0,2,2,0,0,2,0,2,0,2
99,-540988.7596,-886972.8422,E99_F92_m-1f-1_P58_Y-1_U231,-9999,-9999,MXY,10,0.0,1,0,0.0,0,0,0,-9999.0,0.5,1,P57_CV0,2,1,1,2,0,0,2,0,2
99,-540988.7596,-886972.8422,E99_F42_m-1f-1_P58_Y-1_U125,-9999,-9999,MXY,11,0.0,1,0,0.0,0,0,0,-9999.0,0.0,1,P57_CV0,2,0,2,1,1,0,2,0,2
99,-540988.7596,-886972.8422,E99_F42_m-1f-1_P58_Y-1_U130,-9999,-9999,FXX,11,0.0,1,0,1.0,0,0,0,-9999.0,1.0,1,P57_CV0,2,2,0,0,2,0,2,0,2
99,-540988.7596,-886972.8422,E99_F42_m-1f-1_P58_Y-1_U115,-9999,-9999,FXX,11,0.0,1,0,1.0,0,0,0,-9999.0,1.0,1,P57_CV0,2,2,0,0,2,0,2,0,2
99,-540988.7596,-886972.8422,E99_F50_m-1f-1_P58_Y-1_U191,-9999,-9999,MXY,11,0.0,1,0,0.0,0,0,0,-9999.0,0.5,1,P57_CV0,2,1,1,1,1,0,2,0,2
99,-540988.7596,-886972.8422,E99_F50_m-1f-1_P58_Y-1_U66,-9999,-9999,FXX,11,0.0,1,0,1.0,0,0,0,-9999.0,0.5,1,P57_CV0,2,1,1,1,1,0,2,0,2
99,-540988.7596,-886972.8422,E99_F58_m-1f-1_P58_Y-1_U236,-9999,-9999,MXY,11,0.0,1,0,0.0,0,0,0,-9999.0,0.5,1,P57_CV0,2,1,1,2,0,0,2,0,2
99,-540988.7596,-886972.8422,E99_F94_m-1f-1_P58_Y-1_U14,-9999,-9999,MXY,11,0.0,1,0,0.0,0,0,0,-9999.0,0.5,1,P57_CV0,2,1,1,0,2,0,2,0,2
99,-540988.7596,-886972.8422,E99_F50_m-1f-1_P58_Y-1_U199,-9999,-9999,MXY,12,0.0,1,0,0.0,0,0,0,-9999.0,0.5,1,P57_CV0,2,1,1,2,0,0,2,0,2
99,-540988.7596,-886972.8422,E99_F50_m-1f-1_P58_Y-1_U46,-9999,-9999,FXX,12,0.0,1,0,1.0,0,0,0,-9999.0,0.5,1,P57_CV0,2,1,1,1,1,0,2,0,2
99,-540988.7596,-886972.8422,E99_F50_m-1f-1_P58_Y-1_U194,-9999,-9999,MXY,12,0.0,1,0,0.0,0,0,0,-9999.0,1.0,1,P57_CV0,2,2,0,0,2,0,2,0,2
99,-540988.7596,-886972.8422,E99_F58_m-1f-1_P58_Y-1_U19,-9999,-9999,MXY,12,0.0,1,0,0.0,0,0,0,-9999.0,0.5,1,P57_CV0,2,1,1,2,0,0,2,0,2
99,-540988.7596,-886972.8422,E99_F58_m-1f-1_P58_Y-1_U186,-9999,-9999,FXX,12,0.0,1,0,1.0,0,0,0,-9999.0,0.5,1,P57_CV0,2,1,1,0,2,0,2,0,2
99,-540988.7596,-886972.8422,E99_F42_m-1f-1_P58_Y-1_U193,-9999,-9999,MXY,13,0.0,1,0,0.0,0,0,0,-9999.0,0.5,1,P57_CV0,2,1,1,1,1,0,2,0,2
99,-540988.7596,-886972.8422,E99_F42_m-1f-1_P58_Y-1_U120,-9999,-9999,FXX,13,0.0,1,0,1.0,0,0,0,-9999.0,1.0,1,P57_CV0,2,2,0,0,2,0,2,0,2
99,-540988.7596,-886972.8422,E99_F58_m-1f-1_P58_Y-1_U24,-9999,-9999,FXX,13,0.0,1,0,1.0,0,0,0,-9999.0,1.0,1,P57_CV0,2,2,0,2,0,0,2,0,2
99,-540988.7596,-886972.8422,E99_F42_m-1f-1_P58_Y-1_U187,-9999,-9999,FXX,14,0.0,1,0,1.0,0,0,0,-9999.0,0.0,1,P57_CV0,2,0,2,1,1,0,2,0,2
99,-540988.7596,-886972.8422,E99_F50_m-1f-1_P58_Y-1_U38,-9999,-9999,MXY,14,0.0,1,0,0.0,0,0,0,-9999.0,1.0,1,P57_CV0,2,2,0,0,2,0,2,0,2
99,-540988.7596,-886972.8422,E99_F58_m-1f-1_P58_Y-1_U242,-9999,-9999,MXY,16,0.0,1,0,0.0,0,0,0,-9999.0,0.0,1,P57_CV0,2,0,2,0,2,0,2,0,2
99,-540988.7596,-886972.8422,Age0_F99_m40f40_P99_Y7_UO1941,ID40_F99_m45f45_P57_Y2_UO2198,ID40_F36_m63f63_P98_Y5_UO3087,FXX,0,0.0,0,0,0.0,0,0,0,0.0,0.46875,1,P62_CV0,2,2,0,0,2,0,2,0,2
99,-540988.7596,-886972.8422,E99_F40_m63f63_P98_Y5_UO3087,I63_F69_m-1f-1_P63_Y-1_U228,I63_F68_m25f25_P8_Y3_UO1281,MXY,2,0.0,1,0,0.0,0,0,0,-9999.0,0.1875,1,P62_CV0,2,1,1,1,1,0,2,0,2
99,-540988.7596,-886972.8422,E99_F40_m31f31_P68_Y4_UO1455,I31_F8_m31f31_P8_Y2_UO1547,I31_F68_m63f63_P68_Y0_UO3316,MXY,3,0.0,1,0,0.0,0,0,0,-9999.0,0.375,1,P62_CV0,2,1,1,1,1,0,2,0,2
99,-540988.7596,-886972.8422,Age0_F99_m92f92_P99_Y7_UO4417,ID92_F6_m-1f-1_P65_Y-1_U185,ID92_F57_m40f40_P57_Y3_UO1928,FXX,0,0.0,0,0,0.0,0,0,0,0.0,0.625,1,P64_CV0,2,2,0,1,1,0,2,0,2
99,-540988.7596,-886972.8422,E99_F42_m42f42_P99_Y6_UO2057,I42_F57_m23f23_P86_Y1_UO1102,I42_F99_m23f23_P27_Y4_UO1172,MXY,1,0.0,1,1,0.0,0,0,0,-9999.0,0.375,1,P64_CV0,2,2,0,1,1,0,2,0,2
99,-540988.7596,-886972.8422,E99_F50_m45f45_P57_Y6_UO2235,I45_F86_m92f92_P86_Y1_UO4095,ID45_F57_m63f63_P8_Y4_UO2956,MXY,1,0.0,1,1,0.0,0,0,0,-9999.0,0.75,1,P64_CV0,2,1,1,1,1,0,2,0,2
99,-540988.7596,-886972.8422,E99_F92_m65f65_P98_Y4_UO3091,I65_F98_m84f84_P98_Y2_UO3878,I65_F69_m-1f-1_P65_Y-1_U138,FXX,3,0.0,1,0,1.0,0,0,0,-9999.0,0.5,1,P64_CV0,2,0,2,1,1,0,2,0,2
99,-540988.7596,-886972.8422,E99_F50_m65f65_P68_Y1_UO2995,ID65_F69_m-1f-1_P65_Y-1_U139,ID65_F68_m-1f-1_P65_Y-1_U135,MXY,6,0.0,1,0,0.0,0,0,0,-9999.0,0.75,1,P64_CV0,2,2,0,0,2,0,2,0,2
99,-540988.7596,-886972.8422,E99_F92_m-1f-1_P65_Y-1_U185,-9999,-9999,FXX,11,0.0,1,0,1.0,0,0,0,-9999.0,0.5,1,P64_CV0,2,1,1,1,1,0,2,0,2
99,-540988.7596,-886972.8422,Age0_F99_m42f42_P99_Y7_UO2018,ID42_F72_m94f94_P81_Y4_UO4433,I42_F27_m58f58_P99_Y5_UO2736,FXX,0,0.0,0,0,0.0,0,0,0,0.0,0.25,1,P79_CV0,2,1,1,1,1,0,2,0,2
99,-540988.7596,-886972.8422,Age0_F99_m58f58_P99_Y7_UO2706,ID58_F6_m58f58_P99_Y5_UO2740,I58_F99_m80f80_P72_Y2_UO3733,MXY,0,0.0,0,0,0.0,0,0,0,0.0,0.625,1,P79_CV0,2,2,0,2,0,0,2,0,2
99,-540988.7596,-886972.8422,Age0_F99_m58f58_P99_Y7_UO2715,I58_F81_m80f80_P81_Y4_UO3724,ID58_F99_m42f42_P99_Y3_UO1962,FXX,0,0.0,0,0,0.0,0,0,0,0.0,0.5625,1,P79_CV0,2,1,1,2,0,0,2,0,2
99,-540988.7596,-886972.8422,Age0_F99_m58f58_P99_Y7_UO2750,ID58_F72_m-1f-1_P80_Y-1_U244,ID58_F99_m-1f-1_P50_Y-1_U239,MXY,0,0.0,0,0,0.0,0,0,0,0.0,0.25,1,P79_CV0,2,0,2,0,2,0,2,0,2
99,-540988.7596,-886972.8422,Age0_F99_m58f58_P99_Y7_UO2764,I58_F81_m-1f-1_P92_Y-1_U212,ID58_F81_m-1f-1_P80_Y-1_U30,MXY,0,0.0,0,0,0.0,0,0,0,0.0,1.0,1,P79_CV0,2,2,0,0,2,0,2,0,2
99,-540988.7596,-886972.8422,Age0_F99_m58f58_P99_Y7_UO2768,I58_F99_m-1f-1_P80_Y-1_U131,I58_F72_m-1f-1_P5_Y-1_U130,FXX,0,0.0,0,0,0.0,0,0,0,0.0,0.75,1,P79_CV0,2,1,1,0,2,0,2,0,2
99,-540988.7596,-886972.8422,E99_F42_m5f5_P81_Y6_UO318,I5_F81_m58f58_P81_Y4_UO2717,ID5_F72_m80f80_P81_Y3_UO3730,MXY,1,0.0,1,1,0.0,0,0,0,-9999.0,0.5625,1,P79_CV0,2,1,1,1,1,0,2,0,2
99,-540988.7596,-886972.8422,E99_F42_m42f42_P99_Y6_UO2073,I42_F99_m-1f-1_P58_Y-1_U62,ID42_F99_m-1f-1_P80_Y-1_U106,MXY,1,0.0,1,1,0.0,0,0,0,-9999.0,0.5,1,P79_CV0,2,1,1,0,2,0,2,0,2
99,-540988.7596,-886972.8422,E99_F42_m50f50_P99_Y6_UO2411,I50_F57_m58f58_P99_Y4_UO2749,I50_F57_m5f5_P81_Y2_UO330,MXY,1,0.0,1,1,0.0,0,0,0,-9999.0,0.5,1,P79_CV0,2,0,2,1,1,0,2,0,2
99,-540988.7596,-886972.8422,E99_F50_m23f23_P99_Y6_UO1155,I23_F76_m92f92_P57_Y4_UO4360,I23_F35_m58f58_P57_Y3_UO2762,FXX,1,0.0,1,1,1.0,0,0,0,-9999.0,0.75,1,P79_CV0,2,2,0,1,1,0,2,0,2
99,-540988.7596,-886972.8422,E99_F50_m58f58_P99_Y6_UO2784,ID58_F98_m-1f-1_P80_Y-1_U131,ID58_F81_m80f80_P72_Y1_UO3548,MXY,1,0.0,1,1,0.0,0,0,0,-9999.0,0.25,1,P79_CV0,2,0,2,2,0,0,2,0,2
99,-540988.7596,-886972.8422,E99_F58_m5f5_P72_Y6_UO406,I5_F81_m-1f-1_P80_Y-1_U57,I5_F81_m5f5_P81_Y4_UO307,FXX,1,0.0,1,1,1.0,0,0,0,-9999.0,0.625,1,P79_CV0,2,1,1,0,2,0,2,0,2
99,-540988.7596,-886972.8422,E99_F58_m5f5_P81_Y6_UO385,I5_F81_m5f5_P72_Y1_UO270,I5_F72_m-1f-1_P80_Y-1_U27,MXY,1,0.0,1,1,0.0,0,0,0,-9999.0,0.625,1,P79_CV0,2,1,1,0,2,0,2,0,2
99,-540988.7596,-886972.8422,E99_F92_m42f42_P99_Y6_UO2062,I42_F99_m50f50_P99_Y0_UO2582,ID42_F81_m80f80_P72_Y2_UO3728,FXX,1,0.0,1,1,1.0,0,0,0,-9999.0,0.75,1,P79_CV0,2,2,0,1,1,0,2,0,2
99,-540988.7596,-886972.8422,E99_F92_m58f58_P99_Y6_UO2779,I58_F99_m-1f-1_P94_Y-1_U110,I58_F99_m5f5_P81_Y4_UO356,MXY,1,0.0,1,1,0.0,0,0,0,-9999.0,0.8125,1,P79_CV0,2,2,0,1,1,0,2,0,2
99,-540988.7596,-886972.8422,E99_F42_m58f58_P99_Y5_UO2736,ID58_F72_m47f47_P81_Y0_UO2510,I58_F81_m80f80_P81_Y1_UO3543,MXY,2,0.0,1,0,0.0,0,0,0,-9999.0,0.25,1,P79_CV0,2,1,1,1,1,0,2,0,2
99,-540988.7596,-886972.8422,E99_F50_m50f50_P99_Y5_UO2407,ID50_F99_m80f80_P72_Y2_UO3740,I50_F99_m-1f-1_P58_Y-1_U64,FXX,2,0.0,1,0,1.0,0,0,0,-9999.0,0.5,1,P79_CV0,2,1,1,2,0,0,2,0,2
99,-540988.7596,-886972.8422,E99_F58_m5f5_P81_Y5_UO312,I5_F72_m94f94_P81_Y3_UO4370,I5_F81_m80f80_P81_Y2_UO3722,MXY,2,0.0,1,0,0.0,0,0,0,-9999.0,0.75,1,P79_CV0,2,2,0,0,2,0,2,0,2
99,-540988.7596,-886972.8422,E99_F58_m58f58_P99_Y5_UO2727,I58_F57_m90f90_P35_Y2_UO4225,I58_F99_m80f80_P81_Y3_UO3706,MXY,2,0.0,1,0,0.0,0,0,0,-9999.0,0.625,1,P79_CV0,2,1,1,2,0,0,2,0,2
99,-540988.7596,-886972.8422,E99_F50_m42f42_P99_Y4_UO1986,I42_F99_m80f80_P81_Y0_UO3964,I42_F99_m50f50_P99_Y2_UO2437,FXX,3,0.0,1,0,1.0,0,0,0,-9999.0,0.625,1,P79_CV0,2,1,1,2,0,0,2,0,2
99,-540988.7596,-886972.8422,E99_F58_m80f80_P81_Y4_UO3724,I80_F81_m-1f-1_P80_Y-1_U19,ID80_F72_m-1f-1_P80_Y-1_U173,FXX,3,0.0,1,0,1.0,0,0,0,-9999.0,0.75,1,P79_CV0,2,1,1,1,1,0,2,0,2
99,-540988.7596,-886972.8422,E99_F58_m80f80_P81_Y4_UO3714,I80_F81_m-1f-1_P80_Y-1_U5,ID80_F81_m-1f-1_P80_Y-1_U34,MXY,3,0.0,1,0,0.0,0,0,0,-9999.0,0.75,1,P79_CV0,2,2,0,0,2,0,2,0,2
99,-540988.7596,-886972.8422,E99_F58_m5f5_P81_Y4_UO356,ID5_F81_m-1f-1_P80_Y-1_U43,ID5_F72_m80f80_P72_Y0_UO3950,MXY,3,0.0,1,0,0.0,0,0,0,-9999.0,0.625,1,P79_CV0,2,1,1,1,1,0,2,0,2
99,-540988.7596,-886972.8422,E99_F50_m50f50_P27_Y3_UO2389,ID50_F72_m80f80_P72_Y0_UO4012,I50_F99_m50f50_P6_Y1_UO2300,MXY,4,0.0,1,0,0.0,0,0,0,-9999.0,0.625,1,P79_CV0,2,1,1,0,2,0,2,0,2
99,-540988.7596,-886972.8422,E99_F58_m80f80_P81_Y3_UO3706,I80_F72_m-1f-1_P80_Y-1_U5,ID80_F72_m80f80_P72_Y1_UO3540,MXY,4,0.0,1,0,0.0,0,0,0,-9999.0,0.75,1,P79_CV0,2,1,1,1,1,0,2,0,2
99,-540988.7596,-886972.8422,E99_F50_m80f80_P81_Y2_UO3712,I80_F81_m-1f-1_P80_Y-1_U94,I80_F81_m-1f-1_P80_Y-1_U141,FXX,5,0.0,1,0,1.0,0,0,0,-9999.0,0.75,1,P79_CV0,2,2,0,0,2,0,2,0,2
99,-540988.7596,-886972.8422,E99_F58_m80f80_P72_Y2_UO3733,I80_F81_m-1f-1_P80_Y-1_U14,I80_F81_m80f80_P81_Y0_UO3949,MXY,5,0.0,1,0,0.0,0,0,0,-9999.0,0.75,1,P79_CV0,2,2,0,2,0,0,2,0,2
99,-540988.7596,-886972.8422,E99_F42_m80f80_P81_Y1_UO3525,I80_F72_m-1f-1_P80_Y-1_U29,I80_F72_m-1f-1_P80_Y-1_U216,MXY,6,0.0,1,0,0.0,0,0,0,-9999.0,0.25,1,P79_CV0,2,0,2,0,2,0,2,0,2
99,-540988.7596,-886972.8422,E99_F58_m-1f-1_P80_Y-1_U244,-9999,-9999,FXX,8,0.0,1,0,1.0,0,0,0,-9999.0,0.0,1,P79_CV0,2,0,2,1,1,0,2,0,2
99,-540988.7596,-886972.8422,E99_F58_m-1f-1_P80_Y-1_U30,-9999,-9999,MXY,9,0.0,1,0,0.0,0,0,0,-9999.0,1.0,1,P79_CV0,2,2,0,0,2,0,2,0,2
99,-540988.7596,-886972.8422,E99_F42_m-1f-1_P80_Y-1_U106,-9999,-9999,MXY,11,0.0,1,0,0.0,0,0,0,-9999.0,0.5,1,P79_CV0,2,1,1,0,2,0,2,0,2
99,-540988.7596,-886972.8422,E99_F58_m-1f-1_P80_Y-1_U131,-9999,-9999,FXX,14,0.0,1,0,1.0,0,0,0,-9999.0,0.5,1,P79_CV0,2,1,1,1,1,0,2,0,2
99,-540988.7596,-886972.8422,E99_F40_m65f65_P6_Y6_UO3192,I65_F69_m92f92_P57_Y0_UO4642,I65_F98_m-1f-1_P84_Y-1_U58,MXY,1,0.0,1,1,0.0,0,0,0,-9999.0,0.5,1,P83_CV0,2,2,0,2,0,0,2,0,2
99,-540988.7596,-886972.8422,E99_F50_m58f58_P99_Y6_UO2761,ID58_F99_m50f50_P99_Y0_UO2572,I58_F81_m-1f-1_P84_Y-1_U43,MXY,1,0.0,1,1,0.0,0,0,0,-9999.0,0.75,1,P83_CV0,2,1,1,1,1,0,2,0,2
99,-540988.7596,-886972.8422,E99_F94_m58f58_P81_Y6_UO2760,I58_F81_m58f58_P99_Y0_UO2985,I58_F81_m-1f-1_P84_Y-1_U43,FXX,1,0.0,1,1,1.0,0,0,0,-9999.0,0.625,1,P83_CV0,2,2,0,1,1,0,2,0,2
99,-540988.7596,-886972.8422,E99_F40_m84f84_P68_Y3_UO3853,I84_F8_m-1f-1_P84_Y-1_U68,I84_F8_m84f84_P8_Y1_UO3668,MXY,4,0.0,1,0,0.0,0,0,0,-9999.0,0.25,1,P83_CV0,2,1,1,1,1,0,2,0,2
99,-540988.7596,-886972.8422,E99_F58_m-1f-1_P84_Y-1_U43,-9999,-9999,MXY,10,0.0,1,0,0.0,0,0,0,-9999.0,1.0,1,P83_CV0,2,2,0,2,0,0,2,0,2
99,-540988.7596,-886972.8422,E99_F40_m45f45_P6_Y6_UO2254,I45_F57_m-1f-1_P45_Y-1_U112,ID45_F98_m25f25_P68_Y1_UO1185,MXY,1,0.0,1,1,0.0,0,0,0,-9999.0,0.5,1,P84_CV0,2,0,2,0,2,0,2,0,2
99,-540988.7596,-886972.8422,E99_F50_m40f40_P99_Y6_UO1961,I40_F6_m92f92_P99_Y0_UO4612,I40_F6_m85f85_P98_Y1_UO3738,MXY,1,0.0,1,1,0.0,0,0,0,-9999.0,0.75,1,P84_CV0,2,2,0,0,2,0,2,0,2
99,-540988.7596,-886972.8422,E99_F23_m7f7_P35_Y6_UO456,I7_F74_m12f12_P35_Y3_UO701,I7_F38_m88f88_P74_Y2_UO4158,FXX,1,0.0,1,1,1.0,0,0,0,-9999.0,0.5625,1,P87_CV0,2,0,2,1,1,0,2,0,2
99,-540988.7596,-886972.8422,Age0_F99_m40f40_P99_Y7_UO1961,ID40_F57_m23f23_P86_Y0_UO1227,I40_F98_m90f90_P6_Y3_UO4223,MXY,0,0.0,0,0,0.0,0,0,0,0.0,0.6875,1,P89_CV0,2,2,0,1,1,0,2,0,2
99,-540988.7596,-886972.8422,Age0_F99_m40f40_P99_Y7_UO1968,I40_F99_m-1f-1_P40_Y-1_U202,ID40_F98_m40f40_P57_Y3_UO1885,FXX,0,0.0,0,0,0.0,0,0,0,0.0,0.5625,1,P89_CV0,2,0,2,1,1,0,2,0,2
99,-540988.7596,-886972.8422,Age0_F99_m42f42_P99_Y7_UO2037,ID42_F6_m90f90_P86_Y1_UO4067,I42_F99_m40f40_P99_Y3_UO1893,MXY,0,0.0,0,0,0.0,0,0,0,0.0,0.5,1,P89_CV0,2,2,0,1,1,0,2,0,2
99,-540988.7596,-886972.8422,Age0_F99_m50f50_P99_Y7_UO2481,I50_F99_m-1f-1_P58_Y-1_U66,ID50_F57_m90f90_P6_Y0_UO4580,MXY,0,0.0,0,0,0.0,0,0,0,0.0,0.5,1,P89_CV0,2,1,1,1,1,0,2,0,2
99,-540988.7596,-886972.8422,Age0_F99_m92f92_P99_Y7_UO4397,I92_F57_m40f40_P99_Y2_UO1854,I92_F57_m40f40_P99_Y5_UO1921,FXX,0,0.0,0,0,0.0,0,0,0,0.0,0.4375,1,P89_CV0,2,1,1,1,1,0,2,0,2
99,-540988.7596,-886972.8422,E99_F42_m40f40_P99_Y6_UO1979,ID40_F57_m-1f-1_P92_Y-1_U122,I40_F57_m90f90_P6_Y3_UO4223,MXY,1,0.0,1,1,0.0,0,0,0,-9999.0,0.3125,1,P89_CV0,2,1,1,1,1,0,2,0,2
99,-540988.7596,-886972.8422,E99_F42_m92f92_P99_Y6_UO4353,I92_F6_m23f23_P6_Y4_UO1159,I92_F99_m50f50_P6_Y0_UO2544,FXX,1,0.0,1,1,1.0,0,0,0,-9999.0,0.5625,1,P89_CV0,2,1,1,1,1,0,2,0,2
99,-540988.7596,-886972.8422,E99_F50_m12f12_P86_Y6_UO709,I12_F52_m12f12_P52_Y4_UO696,ID12_F52_m7f7_P52_Y2_UO455,FXX,1,0.0,1,1,1.0,0,0,0,-9999.0,0.6875,1,P89_CV0,2,1,1,0,2,0,2,0,2
99,-540988.7596,-886972.8422,E99_F50_m90f90_P99_Y6_UO4211,ID90_F57_m23f23_P27_Y4_UO1196,I90_F52_m45f45_P86_Y3_UO2213,MXY,1,0.0,1,1,0.0,0,0,0,-9999.0,0.5625,1,P89_CV0,2,1,1,0,2,0,2,0,2
99,-540988.7596,-886972.8422,E99_F92_m12f12_P6_Y6_UO772,I12_F52_m-1f-1_P90_Y-1_U237,I12_F86_m90f90_P52_Y4_UO4261,FXX,1,0.0,1,1,1.0,0,0,0,-9999.0,0.5,1,P89_CV0,2,1,1,1,1,0,2,0,2
99,-540988.7596,-886972.8422,E99_F92_m23f23_P6_Y6_UO1168,ID23_F6_m23f23_P57_Y3_UO1174,I23_F86_m23f23_P27_Y4_UO1165,MXY,1,0.0,1,1,0.0,0,0,0,-9999.0,0.5,1,P89_CV0,2,2,0,1,1,0,2,0,2
99,-540988.7596,-886972.8422,E99_F92_m23f23_P27_Y6_UO1166,I23_F27_m90f90_P86_Y3_UO4167,I23_F99_m-1f-1_P23_Y-1_U107,MXY,1,0.0,1,1,0.0,0,0,0,-9999.0,0.625,1,P89_CV0,2,0,2,2,0,0,2,0,2
99,-540988.7596,-886972.8422,E99_F92_m40f40_P57_Y6_UO1972,I40_F6_m-1f-1_P85_Y-1_U149,I40_F6_m40f40_P57_Y3_UO1885,FXX,1,0.0,1,1,1.0,0,0,0,-9999.0,0.5625,1,P89_CV0,2,0,2,1,1,0,2,0,2
99,-540988.7596,-886972.8422,E99_F42_m23f23_P27_Y5_UO1190,ID23_F86_m42f42_P99_Y1_UO1839,I23_F57_m-1f-1_P90_Y-1_U140,FXX,2,0.0,1,0,1.0,0,0,0,-9999.0,0.125,1,P89_CV0,2,0,2,2,0,0,2,0,2
99,-540988.7596,-886972.8422,E99_F50_m45f45_P6_Y5_UO2149,I45_F57_m63f63_P8_Y3_UO2980,ID45_F86_m90f90_P57_Y2_UO4238,MXY,2,0.0,1,0,0.0,0,0,0,-9999.0,0.5625,1,P89_CV0,2,2,0,0,2,0,2,0,2
99,-540988.7596,-886972.8422,E99_F50_m92f92_P27_Y5_UO4348,I92_F57_m90f90_P57_Y2_UO4260,ID92_F57_m-1f-1_P92_Y-1_U31,MXY,2,0.0,1,0,0.0,0,0,0,-9999.0,0.125,1,P89_CV0,2,0,2,1,1,0,2,0,2
99,-540988.7596,-886972.8422,E99_F42_m90f90_P99_Y4_UO4260,ID90_F6_m-1f-1_P23_Y-1_U140,I90_F6_m-1f-1_P90_Y-1_U41,MXY,3,0.0,1,0,0.0,0,0,0,-9999.0,0.0,1,P89_CV0,2,0,2,2,0,0,2,0,2
99,-540988.7596,-886972.8422,E99_F50_m58f58_P99_Y4_UO2756,I58_F81_m-1f-1_P58_Y-1_U120,I58_F99_m90f90_P99_Y0_UO4531,FXX,3,0.0,1,0,1.0,0,0,0,-9999.0,0.75,1,P89_CV0,2,2,0,0,2,0,2,0,2
99,-540988.7596,-886972.8422,E99_F58_m23f23_P27_Y4_UO1213,I23_F27_m-1f-1_P90_Y-1_U122,I23_F57_m90f90_P57_Y2_UO4190,MXY,3,0.0,1,0,0.0,0,0,0,-9999.0,0.5625,1,P89_CV0,2,1,1,1,1,0,2,0,2
99,-540988.7596,-886972.8422,E99_F92_m23f23_P6_Y4_UO1159,I23_F57_m42f42_P6_Y2_UO2021,I23_F57_m90f90_P35_Y0_UO4540,FXX,3,0.0,1,0,1.0,0,0,0,-9999.0,0.375,1,P89_CV0,2,0,2,0,2,0,2,0,2
99,-540988.7596,-886972.8422,E99_F40_m40f40_P57_Y3_UO1885,I40_F99_m90f90_P57_Y1_UO4015,ID40_F6_m50f50_P99_Y1_UO2261,MXY,4,0.0,1,0,0.0,0,0,0,-9999.0,0.625,1,P89_CV0,2,0,2,0,2,0,2,0,2
99,-540988.7596,-886972.8422,E99_F23_m90f90_P52_Y2_UO4255,ID90_F27_m-1f-1_P23_Y-1_U159,I90_F57_m90f90_P57_Y0_UO4539,MXY,5,0.0,1,0,0.0,0,0,0,-9999.0,0.5,1,P89_CV0,2,1,1,1,1,0,2,0,2
99,-540988.7596,-886972.8422,E99_F42_m90f90_P86_Y1_UO4067,I90_F57_m-1f-1_P90_Y-1_U83,I90_F86_m-1f-1_P90_Y-1_U123,FXX,6,0.0,1,0,1.0,0,0,0,-9999.0,0.25,1,P89_CV0,2,1,1,1,1,0,2,0,2
99,-540988.7596,-886972.8422,E99_F42_m90f90_P57_Y0_UO4535,R90_F90_m-1f-1_P90_Y-1_U80,R90_F90_m-1f-1_P90_Y-1_U75,FXX,7,0.0,1,0,1.0,0,0,0,-9999.0,0.25,1,P89_CV0,2,0,2,2,0,0,2,0,2
99,-540988.7596,-886972.8422,E99_F50_m90f90_P86_Y0_UO4581,R90_F90_m-1f-1_P90_Y-1_U185,R90_F90_m-1f-1_P90_Y-1_U217,FXX,7,0.0,1,0,1.0,0,0,0,-9999.0,1.0,1,P89_CV0,2,2,0,1,1,0,2,0,2
99,-540988.7596,-886972.8422,E99_F50_m90f90_P6_Y0_UO4517,R90_F90_m-1f-1_P90_Y-1_U34,R90_F90_m-1f-1_P90_Y-1_U181,MXY,7,0.0,1,0,0.0,0,0,0,-9999.0,0.25,1,P89_CV0,2,1,1,0,2,0,2,0,2
99,-540988.7596,-886972.8422,E99_F50_m90f90_P99_Y0_UO4531,R90_F90_m-1f-1_P90_Y-1_U73,R90_F90_m-1f-1_P90_Y-1_U198,MXY,7,0.0,1,0,0.0,0,0,0,-9999.0,0.5,1,P89_CV0,2,1,1,0,2,0,2,0,2
99,-540988.7596,-886972.8422,E99_F50_m90f90_P6_Y0_UO4580,R90_F90_m-1f-1_P90_Y-1_U180,R90_F90_m-1f-1_P90_Y-1_U245,MXY,7,0.0,1,0,0.0,0,0,0,-9999.0,0.5,1,P89_CV0,2,1,1,1,1,0,2,0,2
99,-540988.7596,-886972.8422,E99_F90_m-1f-1_P90_Y-1_U199,-9999,-9999,MXY,9,0.0,1,0,0.0,0,0,0,-9999.0,1.0,1,P89_CV0,2,2,0,2,0,0,2,0,2
99,-540988.7596,-886972.8422,Age0_F99_m40f40_P99_Y7_UO1966,ID40_F99_m-1f-1_P58_Y-1_U172,I40_F57_m-1f-1_P92_Y-1_U81,MXY,0,0.0,0,0,0.0,0,0,0,0.0,0.25,1,P91_CV0,2,0,2,0,2,0,2,0,2
99,-540988.7596,-886972.8422,Age0_F99_m42f42_P99_Y7_UO2004,I42_F99_m92f92_P99_Y4_UO4300,I42_F99_m40f40_P99_Y3_UO1893,FXX,0,0.0,0,0,0.0,0,0,0,0.0,0.5,1,P91_CV0,2,1,1,1,1,0,2,0,2
99,-540988.7596,-886972.8422,Age0_F99_m42f42_P99_Y7_UO2008,ID42_F6_m92f92_P27_Y4_UO4312,I42_F99_m23f23_P27_Y0_UO1267,FXX,0,0.0,0,0,0.0,0,0,0,0.0,0.625,1,P91_CV0,2,1,1,2,0,0,2,0,2
99,-540988.7596,-886972.8422,Age0_F99_m42f42_P99_Y7_UO2028,I42_F99_m40f40_P99_Y3_UO1909,I42_F6_m92f92_P99_Y1_UO4127,MXY,0,0.0,0,0,0.0,0,0,0,0.0,0.625,1,P91_CV0,2,2,0,1,1,0,2,0,2
99,-540988.7596,-886972.8422,Age0_F99_m42f42_P99_Y7_UO2029,I42_F99_m50f50_P99_Y2_UO2387,I42_F99_m-1f-1_P92_Y-1_U99,FXX,0,0.0,0,0,0.0,0,0,0,0.0,0.625,1,P91_CV0,2,0,2,1,1,0,2,0,2
99,-540988.7596,-886972.8422,Age0_F99_m42f42_P99_Y7_UO2050,I42_F99_m-1f-1_P92_Y-1_U17,ID42_F6_m92f92_P6_Y5_UO4375,MXY,0,0.0,0,0,0.0,0,0,0,0.0,0.5,1,P91_CV0,2,1,1,1,1,0,2,0,2
99,-540988.7596,-886972.8422,Age0_F99_m42f42_P99_Y7_UO2066,ID42_F6_m-1f-1_P94_Y-1_U221,I42_F99_m40f40_P6_Y2_UO1904,MXY,0,0.0,0,0,0.0,0,0,0,0.0,0.625,1,P91_CV0,2,2,0,0,2,0,2,0,2
99,-540988.7596,-886972.8422,Age0_F99_m50f50_P99_Y7_UO2401,I50_F57_m50f50_P99_Y5_UO2392,I50_F99_m-1f-1_P92_Y-1_U234,FXX,0,0.0,0,0,0.0,0,0,0,0.0,0.21875,1,P91_CV0,2,0,2,1,1,0,2,0,2
99,-540988.7596,-886972.8422,Age0_F99_m50f50_P99_Y7_UO2402,ID50_F99_m90f90_P57_Y5_UO4199,ID50_F99_m50f50_P6_Y4_UO2373,MXY,0,0.0,0,0,0.0,0,0,0,0.0,0.40625,1,P91_CV0,2,1,1,1,1,0,2,0,2
99,-540988.7596,-886972.8422,Age0_F99_m50f50_P99_Y7_UO2417,I50_F99_m23f23_P57_Y5_UO1170,I50_F99_m5f5_P81_Y2_UO330,MXY,0,0.0,0,0,0.0,0,0,0,0.0,0.4375,1,P91_CV0,2,1,1,1,1,0,2,0,2
99,-540988.7596,-886972.8422,Age0_F99_m50f50_P99_Y7_UO2423,I50_F99_m58f58_P99_Y4_UO2705,I50_F27_m50f50_P99_Y4_UO2357,MXY,0,0.0,0,0,0.0,0,0,0,0.0,0.53125,1,P91_CV0,2,0,2,1,1,0,2,0,2
99,-540988.7596,-886972.8422,Age0_F99_m50f50_P99_Y7_UO2443,I50_F72_m50f50_P99_Y3_UO2372,I50_F27_m50f50_P99_Y4_UO2357,FXX,0,0.0,0,0,0.0,0,0,0,0.0,0.46875,1,P91_CV0,2,0,2,2,0,0,2,0,2
99,-540988.7596,-886972.8422,Age0_F99_m50f50_P99_Y7_UO2449,I50_F99_m42f42_P99_Y2_UO1990,I50_F57_m-1f-1_P92_Y-1_U177,MXY,0,0.0,0,0,0.0,0,0,0,0.0,0.625,1,P91_CV0,2,0,2,0,2,0,2,0,2
99,-540988.7596,-886972.8422,Age0_F99_m50f50_P99_Y7_UO2466,I50_F99_m50f50_P99_Y0_UO2609,I50_F99_m-1f-1_P92_Y-1_U209,MXY,0,0.0,0,0,0.0,0,0,0,0.0,0.25,1,P91_CV0,2,1,1,1,1,0,2,0,2
99,-540988.7596,-886972.8422,Age0_F99_m58f58_P99_Y7_UO2705,I58_F99_m92f92_P99_Y5_UO4341,ID58_F99_m-1f-1_P50_Y-1_U159,FXX,0,0.0,0,0,0.0,0,0,0,0.0,0.40625,1,P91_CV0,2,1,1,1,1,0,2,0,2
99,-540988.7596,-886972.8422,Age0_F99_m58f58_P99_Y7_UO2711,ID58_F99_m42f42_P99_Y5_UO2045,I58_F99_m80f80_P72_Y1_UO3548,FXX,0,0.0,0,0,0.0,0,0,0,0.0,0.125,1,P91_CV0,2,0,2,1,1,0,2,0,2
99,-540988.7596,-886972.8422,Age0_F99_m58f58_P99_Y7_UO2719,I58_F99_m47f47_P81_Y4_UO2311,I58_F99_m-1f-1_P92_Y-1_U44,MXY,0,0.0,0,0,0.0,0,0,0,0.0,0.625,1,P91_CV0,2,1,1,1,1,0,2,0,2
99,-540988.7596,-886972.8422,Age0_F99_m58f58_P99_Y7_UO2726,I58_F81_m92f92_P6_Y3_UO4338,I58_F81_m-1f-1_P92_Y-1_U106,FXX,0,0.0,0,0,0.0,0,0,0,0.0,0.6875,1,P91_CV0,2,1,1,0,2,0,2,0,2
99,-540988.7596,-886972.8422,Age0_F99_m92f92_P99_Y7_UO4338,ID92_F99_m92f92_P6_Y5_UO4316,I92_F99_m-1f-1_P92_Y-1_U29,MXY,0,0.0,0,0,0.0,0,0,0,0.0,0.5,1,P91_CV0,2,1,1,2,0,0,2,0,2
99,-540988.7596,-886972.8422,Age0_F99_m92f92_P99_Y7_UO4340,I92_F6_m92f92_P57_Y5_UO4374,I92_F57_m-1f-1_P42_Y-1_U182,MXY,0,0.0,0,0,0.0,0,0,0,0.0,0.90625,1,P91_CV0,2,1,1,2,0,0,2,0,2
99,-540988.7596,-886972.8422,Age0_F99_m92f92_P99_Y7_UO4373,I92_F99_m92f92_P57_Y4_UO4375,I92_F57_m23f23_P6_Y4_UO1223,FXX,0,0.0,0,0,0.0,0,0,0,0.0,0.625,1,P91_CV0,2,2,0,1,1,0,2,0,2
99,-540988.7596,-886972.8422,Age0_F99_m92f92_P99_Y7_UO4395,I92_F6_m42f42_P99_Y2_UO1954,I92_F99_m92f92_P57_Y3_UO4259,FXX,0,0.0,0,0,0.0,0,0,0,0.0,0.4375,1,P91_CV0,2,0,2,1,1,0,2,0,2
99,-540988.7596,-886972.8422,Age0_F99_m92f92_P99_Y7_UO4408,I92_F57_m94f94_P57_Y0_UO4746,I92_F99_m-1f-1_P92_Y-1_U174,MXY,0,0.0,0,0,0.0,0,0,0,0.0,0.625,1,P91_CV0,2,0,2,1,1,0,2,0,2
99,-540988.7596,-886972.8422,Age0_F99_m92f92_P99_Y7_UO4428,ID92_F27_m-1f-1_P92_Y-1_U223,I92_F99_m-1f-1_P92_Y-1_U174,MXY,0,0.0,0,0,0.0,0,0,0,0.0,0.75,1,P91_CV0,2,1,1,0,2,0,2,0,2
99,-540988.7596,-886972.8422,E99_F40_m50f50_P99_Y6_UO2441,I50_F99_m42f42_P57_Y2_UO2013,I50_F6_m-1f-1_P92_Y-1_U234,FXX,1,0.0,1,1,1.0,0,0,0,-9999.0,0.125,1,P91_CV0,2,0,2,1,1,0,2,0,2
99,-540988.7596,-886972.8422,E99_F40_m92f92_P99_Y6_UO4448,I92_F99_m-1f-1_P92_Y-1_U28,I92_F99_m40f40_P57_Y3_UO1928,FXX,1,0.0,1,1,1.0,0,0,0,-9999.0,0.625,1,P91_CV0,2,0,2,1,1,0,2,0,2
99,-540988.7596,-886972.8422,E99_F42_m92f92_P6_Y6_UO4425,I92_F99_m45f45_P57_Y1_UO2006,I92_F57_m42f42_P99_Y2_UO2022,MXY,1,0.0,1,1,0.0,0,0,0,-9999.0,0.5625,1,P91_CV0,2,1,1,1,1,0,2,0,2
99,-540988.7596,-886972.8422,E99_F42_m90f90_P57_Y6_UO4315,I90_F52_m92f92_P6_Y0_UO4674,I90_F86_m45f45_P86_Y3_UO2208,FXX,1,0.0,1,1,1.0,0,0,0,-9999.0,0.75,1,P91_CV0,2,1,1,1,1,0,2,0,2
99,-540988.7596,-886972.8422,E99_F42_m40f40_P99_Y6_UO1987,I40_F6_m-1f-1_P40_Y-1_U115,I40_F98_m-1f-1_P92_Y-1_U100,FXX,1,0.0,1,1,1.0,0,0,0,-9999.0,0.25,1,P91_CV0,2,1,1,2,0,0,2,0,2
99,-540988.7596,-886972.8422,E99_F42_m50f50_P99_Y6_UO2477,I50_F99_m-1f-1_P58_Y-1_U216,I50_F99_m50f50_P99_Y4_UO2428,FXX,1,0.0,1,1,1.0,0,0,0,-9999.0,0.625,1,P91_CV0,2,1,1,1,1,0,2,0,2
99,-540988.7596,-886972.8422,E99_F50_m92f92_P6_Y6_UO4381,ID92_F6_m50f50_P99_Y3_UO2390,I92_F99_m-1f-1_P92_Y-1_U174,MXY,1,0.0,1,1,0.0,0,0,0,-9999.0,0.625,1,P91_CV0,2,1,1,0,2,0,2,0,2
99,-540988.7596,-886972.8422,E99_F50_m42f42_P99_Y6_UO2040,I42_F6_m50f50_P99_Y2_UO2438,I42_F6_m58f58_P81_Y1_UO2678,MXY,1,0.0,1,1,0.0,0,0,0,-9999.0,0.25,1,P91_CV0,2,0,2,1,1,0,2,0,2
99,-540988.7596,-886972.8422,E99_F50_m42f42_P99_Y6_UO2067,ID42_F6_m-1f-1_P92_Y-1_U17,ID42_F81_m50f50_P99_Y4_UO2432,MXY,1,0.0,1,1,0.0,0,0,0,-9999.0,0.4375,1,P91_CV0,2,2,0,2,0,0,2,0,2
99,-540988.7596,-886972.8422,E99_F50_m50f50_P99_Y6_UO2474,ID50_F57_m-1f-1_P92_Y-1_U87,I50_F99_m-1f-1_P50_Y-1_U216,MXY,1,0.0,1,1,0.0,0,0,0,-9999.0,1.0,1,P91_CV0,2,2,0,1,1,0,2,0,2
99,-540988.7596,-886972.8422,E99_F50_m92f92_P99_Y6_UO4447,I92_F57_m-1f-1_P92_Y-1_U102,I92_F99_m-1f-1_P92_Y-1_U174,FXX,1,0.0,1,1,1.0,0,0,0,-9999.0,0.25,1,P91_CV0,2,1,1,1,1,0,2,0,2
99,-540988.7596,-886972.8422,E99_F58_m92f92_P99_Y6_UO4430,ID92_F6_m23f23_P27_Y0_UO1243,I92_F99_m92f92_P99_Y3_UO4334,FXX,1,0.0,1,1,1.0,0,0,0,-9999.0,0.625,1,P91_CV0,2,1,1,2,0,0,2,0,2
99,-540988.7596,-886972.8422,E99_F92_m45f45_P6_Y6_UO2238,I45_F6_m92f92_P27_Y0_UO4616,I45_F57_m-1f-1_P40_Y-1_U147,MXY,1,0.0,1,1,0.0,0,0,0,-9999.0,0.625,1,P91_CV0,2,1,1,1,1,0,2,0,2
99,-540988.7596,-886972.8422,E99_F92_m92f92_P6_Y6_UO4377,I92_F57_m12f12_P6_Y4_UO694,I92_F99_m45f45_P57_Y4_UO2166,FXX,1,0.0,1,1,1.0,0,0,0,-9999.0,0.625,1,P91_CV0,2,1,1,1,1,0,2,0,2
99,-540988.7596,-886972.8422,E99_F92_m92f92_P6_Y6_UO4437,I92_F57_m-1f-1_P92_Y-1_U107,I92_F99_m42f42_P99_Y1_UO1816,FXX,1,0.0,1,1,1.0,0,0,0,-9999.0,0.375,1,P91_CV0,2,0,2,1,1,0,2,0,2
99,-540988.7596,-886972.8422,E99_F92_m23f23_P27_Y6_UO1173,I23_F27_m45f45_P86_Y3_UO2203,I23_F57_m90f90_P52_Y2_UO4255,MXY,1,0.0,1,1,0.0,0,0,0,-9999.0,0.25,1,P91_CV0,2,0,2,0,2,0,2,0,2
99,-540988.7596,-886972.8422,E99_F92_m42f42_P99_Y6_UO2084,I42_F99_m-1f-1_P58_Y-1_U130,I42_F99_m92f92_P57_Y2_UO4327,FXX,1,0.0,1,1,1.0,0,0,0,-9999.0,0.75,1,P91_CV0,2,2,0,1,1,0,2,0,2
99,-540988.7596,-886972.8422,E99_F92_m58f58_P99_Y6_UO2773,I58_F81_m-1f-1_P42_Y-1_U106,ID58_F81_m92f92_P99_Y3_UO4329,FXX,1,0.0,1,1,1.0,0,0,0,-9999.0,0.75,1,P91_CV0,2,2,0,1,1,0,2,0,2
99,-540988.7596,-886972.8422,E99_F40_m92f92_P6_Y5_UO4299,ID92_F57_m45f45_P57_Y3_UO2139,ID92_F6_m92f92_P6_Y0_UO4606,MXY,2,0.0,1,0,0.0,0,0,0,-9999.0,0.625,1,P91_CV0,2,1,1,1,1,0,2,0,2
99,-540988.7596,-886972.8422,E99_F42_m58f58_P99_Y5_UO2756,ID58_F99_m-1f-1_P92_Y-1_U8,I58_F81_m80f80_P81_Y1_UO3525,MXY,2,0.0,1,0,0.0,0,0,0,-9999.0,0.375,1,P91_CV0,2,1,1,1,1,0,2,0,2
99,-540988.7596,-886972.8422,E99_F42_m23f23_P57_Y5_UO1151,I23_F6_m23f23_P86_Y3_UO1131,I23_F6_m90f90_P6_Y3_UO4166,FXX,2,0.0,1,0,1.0,0,0,0,-9999.0,0.75,1,P91_CV0,2,2,0,0,2,0,2,0,2
99,-540988.7596,-886972.8422,E99_F50_m42f42_P99_Y5_UO2014,I42_F99_m-1f-1_P50_Y-1_U132,I42_F99_m92f92_P99_Y1_UO4127,FXX,2,0.0,1,0,1.0,0,0,0,-9999.0,0.5,1,P91_CV0,2,2,0,2,0,0,2,0,2
99,-540988.7596,-886972.8422,E99_F50_m50f50_P99_Y5_UO2386,I50_F99_m50f50_P99_Y3_UO2406,I50_F27_m-1f-1_P58_Y-1_U54,MXY,2,0.0,1,0,0.0,0,0,0,-9999.0,0.25,1,P91_CV0,2,0,2,1,1,0,2,0,2
99,-540988.7596,-886972.8422,E99_F50_m23f23_P57_Y5_UO1170,I23_F57_m90f90_P86_Y2_UO4204,ID23_F99_m92f92_P99_Y3_UO4337,FXX,2,0.0,1,0,1.0,0,0,0,-9999.0,0.375,1,P91_CV0,2,1,1,2,0,0,2,0,2
99,-540988.7596,-886972.8422,E99_F58_m92f92_P99_Y5_UO4372,I92_F57_m-1f-1_P92_Y-1_U40,I92_F99_m-1f-1_P92_Y-1_U23,MXY,2,0.0,1,0,0.0,0,0,0,-9999.0,0.75,1,P91_CV0,2,1,1,1,1,0,2,0,2
99,-540988.7596,-886972.8422,E99_F58_m92f92_P99_Y5_UO4341,I92_F99_m92f92_P6_Y2_UO4300,ID92_F99_m-1f-1_P92_Y-1_U111,FXX,2,0.0,1,0,1.0,0,0,0,-9999.0,0.3125,1,P91_CV0,2,0,2,2,0,0,2,0,2
99,-540988.7596,-886972.8422,E99_F58_m42f42_P99_Y5_UO1969,I42_F99_m92f92_P99_Y3_UO4328,I42_F99_m23f23_P99_Y2_UO1202,MXY,2,0.0,1,0,0.0,0,0,0,-9999.0,0.25,1,P91_CV0,2,1,1,0,2,0,2,0,2
99,-540988.7596,-886972.8422,E99_F58_m42f42_P99_Y5_UO2045,ID42_F27_m-1f-1_P92_Y-1_U147,I42_F99_m42f42_P99_Y0_UO2021,FXX,2,0.0,1,0,1.0,0,0,0,-9999.0,0.25,1,P91_CV0,2,0,2,0,2,0,2,0,2
99,-540988.7596,-886972.8422,E99_F92_m42f42_P99_Y5_UO1966,I42_F57_m40f40_P99_Y3_UO1915,I42_F99_m92f92_P99_Y1_UO4146,MXY,2,0.0,1,0,0.0,0,0,0,-9999.0,0.5625,1,P91_CV0,2,2,0,0,2,0,2,0,2
99,-540988.7596,-886972.8422,E99_F92_m92f92_P6_Y5_UO4316,I92_F57_m42f42_P99_Y3_UO1998,I92_F99_m92f92_P57_Y0_UO4624,FXX,2,0.0,1,0,1.0,0,0,0,-9999.0,0.5,1,P91_CV0,2,1,1,2,0,0,2,0,2
99,-540988.7596,-886972.8422,E99_F92_m92f92_P57_Y5_UO4374,I92_F99_m-1f-1_P92_Y-1_U87,ID92_F99_m50f50_P99_Y3_UO2434,FXX,2,0.0,1,0,1.0,0,0,0,-9999.0,0.8125,1,P91_CV0,2,1,1,1,1,0,2,0,2
99,-540988.7596,-886972.8422,E99_F92_m50f50_P99_Y5_UO2404,I50_F57_m50f50_P99_Y2_UO2433,ID50_F98_m-1f-1_P40_Y-1_U246,FXX,2,0.0,1,0,1.0,0,0,0,-9999.0,0.625,1,P91_CV0,2,2,0,1,1,0,2,0,2
99,-540988.7596,-886972.8422,E99_F42_m92f92_P99_Y4_UO4300,ID92_F6_m92f92_P99_Y2_UO4325,I92_F99_m42f42_P99_Y0_UO2080,FXX,3,0.0,1,0,1.0,0,0,0,-9999.0,0.25,1,P91_CV0,2,0,2,1,1,0,2,0,2
99,-540988.7596,-886972.8422,E99_F42_m92f92_P27_Y4_UO4312,I92_F99_m50f50_P99_Y1_UO2252,I92_F57_m-1f-1_P92_Y-1_U22,FXX,3,0.0,1,0,1.0,0,0,0,-9999.0,0.75,1,P91_CV0,2,1,1,2,0,0,2,0,2
99,-540988.7596,-886972.8422,E99_F50_m50f50_P99_Y4_UO2370,I50_F57_m92f92_P6_Y1_UO4083,ID50_F99_m-1f-1_P58_Y-1_U167,MXY,3,0.0,1,0,0.0,0,0,0,-9999.0,0.875,1,P91_CV0,2,1,1,2,0,0,2,0,2
99,-540988.7596,-886972.8422,E99_F50_m50f50_P99_Y4_UO2357,I50_F99_m42f42_P6_Y2_UO1952,I50_F99_m-1f-1_P92_Y-1_U209,MXY,3,0.0,1,0,0.0,0,0,0,-9999.0,0.1875,1,P91_CV0,2,0,2,1,1,0,2,0,2
99,-540988.7596,-886972.8422,E99_F50_m50f50_P6_Y4_UO2373,I50_F99_m58f58_P99_Y1_UO2615,I50_F99_m-1f-1_P92_Y-1_U99,MXY,3,0.0,1,0,0.0,0,0,0,-9999.0,0.5,1,P91_CV0,2,2,0,1,1,0,2,0,2
99,-540988.7596,-886972.8422,E99_F50_m45f45_P99_Y4_UO2193,ID45_F27_m-1f-1_P90_Y-1_U80,I45_F86_m92f92_P6_Y2_UO4328,MXY,3,0.0,1,0,0.0,0,0,0,-9999.0,0.375,1,P91_CV0,2,0,2,0,2,0,2,0,2
99,-540988.7596,-886972.8422,E99_F92_m92f92_P6_Y4_UO4371,ID92_F6_m-1f-1_P50_Y-1_U243,I92_F6_m92f92_P6_Y2_UO4341,FXX,3,0.0,1,0,1.0,0,0,0,-9999.0,0.625,1,P91_CV0,2,2,0,0,2,0,2,0,2
99,-540988.7596,-886972.8422,E99_F92_m92f92_P57_Y4_UO4375,I92_F6_m-1f-1_P50_Y-1_U206,I92_F6_m-1f-1_P92_Y-1_U146,FXX,3,0.0,1,0,1.0,0,0,0,-9999.0,0.75,1,P91_CV0,2,1,1,2,0,0,2,0,2
99,-540988.7596,-886972.8422,E99_F42_m92f92_P6_Y3_UO4317,I92_F57_m-1f-1_P92_Y-1_U150,I92_F27_m92f92_P6_Y0_UO4657,MXY,4,0.0,1,0,0.0,0,0,0,-9999.0,0.375,1,P91_CV0,2,1,1,1,1,0,2,0,2
99,-540988.7596,-886972.8422,E99_F42_m92f92_P57_Y3_UO4299,ID92_F6_m42f42_P99_Y0_UO2044,I92_F99_m-1f-1_P92_Y-1_U174,MXY,4,0.0,1,0,0.0,0,0,0,-9999.0,0.75,1,P91_CV0,2,2,0,1,1,0,2,0,2
99,-540988.7596,-886972.8422,E99_F58_m92f92_P6_Y3_UO4338,I92_F99_m-1f-1_P92_Y-1_U231,I92_F99_m40f40_P99_Y1_UO1791,FXX,4,0.0,1,0,1.0,0,0,0,-9999.0,0.375,1,P91_CV0,2,0,2,1,1,0,2,0,2
99,-540988.7596,-886972.8422,E99_F58_m92f92_P57_Y3_UO4343,ID92_F57_m-1f-1_P92_Y-1_U223,I92_F57_m92f92_P57_Y0_UO4624,MXY,4,0.0,1,0,0.0,0,0,0,-9999.0,0.875,1,P91_CV0,2,2,0,0,2,0,2,0,2
99,-540988.7596,-886972.8422,E99_F92_m40f40_P57_Y3_UO1928,I40_F6_m-1f-1_P92_Y-1_U178,ID40_F86_m40f40_P57_Y0_UO1984,MXY,4,0.0,1,0,0.0,0,0,0,-9999.0,0.75,1,P91_CV0,2,1,1,1,1,0,2,0,2
99,-540988.7596,-886972.8422,E99_F42_m50f50_P99_Y2_UO2438,I50_F6_m-1f-1_P50_Y-1_U161,ID50_F99_m-1f-1_P92_Y-1_U99,FXX,5,0.0,1,0,1.0,0,0,0,-9999.0,0.25,1,P91_CV0,2,0,2,1,1,0,2,0,2
99,-540988.7596,-886972.8422,E99_F42_m40f40_P6_Y2_UO1904,I40_F99_m-1f-1_P92_Y-1_U178,ID40_F99_m-1f-1_P92_Y-1_U249,MXY,5,0.0,1,0,0.0,0,0,0,-9999.0,0.75,1,P91_CV0,2,2,0,0,2,0,2,0,2
99,-540988.7596,-886972.8422,E99_F50_m40f40_P6_Y2_UO1873,I40_F8_m-1f-1_P40_Y-1_U210,ID40_F27_m-1f-1_P92_Y-1_U242,MXY,5,0.0,1,0,0.0,0,0,0,-9999.0,0.5,1,P91_CV0,2,0,2,0,2,0,2,0,2
99,-540988.7596,-886972.8422,E99_F58_m50f50_P99_Y2_UO2457,I50_F99_m-1f-1_P92_Y-1_U58,I50_F57_m-1f-1_P50_Y-1_U12,FXX,5,0.0,1,0,1.0,0,0,0,-9999.0,0.25,1,P91_CV0,2,0,2,1,1,0,2,0,2
99,-540988.7596,-886972.8422,E99_F92_m40f40_P99_Y2_UO1854,I40_F57_m90f90_P86_Y0_UO4581,ID40_F99_m-1f-1_P92_Y-1_U249,FXX,5,0.0,1,0,1.0,0,0,0,-9999.0,0.75,1,P91_CV0,2,2,0,1,1,0,2,0,2
99,-540988.7596,-886972.8422,E99_F40_m92f92_P99_Y1_UO4149,I92_F99_m-1f-1_P92_Y-1_U129,I92_F6_m-1f-1_P92_Y-1_U111,FXX,6,0.0,1,0,1.0,0,0,0,-9999.0,0.25,1,P91_CV0,2,1,1,2,0,0,2,0,2
99,-540988.7596,-886972.8422,E99_F58_m45f45_P99_Y1_UO2054,ID45_F86_m-1f-1_P23_Y-1_U42,ID45_F27_m-1f-1_P92_Y-1_U206,MXY,6,0.0,1,0,0.0,0,0,0,-9999.0,0.5,1,P91_CV0,2,1,1,1,1,0,2,0,2
99,-540988.7596,-886972.8422,E99_F92_m92f92_P99_Y1_UO4130,I92_F6_m-1f-1_P92_Y-1_U8,I92_F86_m-1f-1_P92_Y-1_U146,FXX,6,0.0,1,0,1.0,0,0,0,-9999.0,0.75,1,P91_CV0,2,1,1,2,0,0,2,0,2
99,-540988.7596,-886972.8422,E99_F42_m-1f-1_P92_Y-1_U17,-9999,-9999,FXX,8,0.0,1,0,1.0,0,0,0,-9999.0,0.5,1,P91_CV0,2,1,1,1,1,0,2,0,2
99,-540988.7596,-886972.8422,E99_F50_m-1f-1_P92_Y-1_U87,-9999,-9999,FXX,8,0.0,1,0,1.0,0,0,0,-9999.0,1.0,1,P91_CV0,2,2,0,1,1,0,2,0,2
99,-540988.7596,-886972.8422,E99_F50_m-1f-1_P92_Y-1_U234,-9999,-9999,MXY,8,0.0,1,0,0.0,0,0,0,-9999.0,0.0,1,P91_CV0,2,0,2,1,1,0,2,0,2
99,-540988.7596,-886972.8422,E99_F58_m-1f-1_P92_Y-1_U106,-9999,-9999,MXY,8,0.0,1,0,0.0,0,0,0,-9999.0,1.0,1,P91_CV0,2,2,0,1,1,0,2,0,2
99,-540988.7596,-886972.8422,E99_F92_m-1f-1_P92_Y-1_U29,-9999,-9999,MXY,8,0.0,1,0,0.0,0,0,0,-9999.0,0.5,1,P91_CV0,2,1,1,1,1,0,2,0,2
99,-540988.7596,-886972.8422,E99_F92_m-1f-1_P92_Y-1_U40,-9999,-9999,FXX,8,0.0,1,0,1.0,0,0,0,-9999.0,1.0,1,P91_CV0,2,2,0,1,1,0,2,0,2
99,-540988.7596,-886972.8422,E99_F50_m-1f-1_P92_Y-1_U209,-9999,-9999,MXY,9,0.0,1,0,0.0,0,0,0,-9999.0,0.0,1,P91_CV0,2,0,2,1,1,0,2,0,2
99,-540988.7596,-886972.8422,E99_F50_m-1f-1_P92_Y-1_U176,-9999,-9999,MXY,9,0.0,1,0,0.0,0,0,0,-9999.0,0.5,1,P91_CV0,2,1,1,1,1,0,2,0,2
99,-540988.7596,-886972.8422,E99_F58_m-1f-1_P92_Y-1_U44,-9999,-9999,MXY,9,0.0,1,0,0.0,0,0,0,-9999.0,0.5,1,P91_CV0,2,1,1,2,0,0,2,0,2
99,-540988.7596,-886972.8422,E99_F92_m-1f-1_P92_Y-1_U111,-9999,-9999,MXY,9,0.0,1,0,0.0,0,0,0,-9999.0,0.5,1,P91_CV0,2,1,1,2,0,0,2,0,2
99,-540988.7596,-886972.8422,E99_F42_m-1f-1_P92_Y-1_U99,-9999,-9999,MXY,10,0.0,1,0,0.0,0,0,0,-9999.0,0.5,1,P91_CV0,2,1,1,0,2,0,2,0,2
99,-540988.7596,-886972.8422,E99_F42_m-1f-1_P92_Y-1_U190,-9999,-9999,FXX,10,0.0,1,0,1.0,0,0,0,-9999.0,0.5,1,P91_CV0,2,1,1,1,1,0,2,0,2
99,-540988.7596,-886972.8422,E99_F92_m-1f-1_P92_Y-1_U28,-9999,-9999,FXX,12,0.0,1,0,1.0,0,0,0,-9999.0,0.5,1,P91_CV0,2,1,1,0,2,0,2,0,2
99,-540988.7596,-886972.8422,E99_F92_m-1f-1_P92_Y-1_U102,-9999,-9999,FXX,12,0.0,1,0,1.0,0,0,0,-9999.0,0.0,1,P91_CV0,2,0,2,2,0,0,2,0,2
99,-540988.7596,-886972.8422,E99_F58_m-1f-1_P92_Y-1_U212,-9999,-9999,FXX,13,0.0,1,0,1.0,0,0,0,-9999.0,1.0,1,P91_CV0,2,2,0,1,1,0,2,0,2
99,-540988.7596,-886972.8422,E99_F92_m-1f-1_P92_Y-1_U223,-9999,-9999,FXX,13,0.0,1,0,1.0,0,0,0,-9999.0,1.0,1,P91_CV0,2,2,0,1,1,0,2,0,2
99,-540988.7596,-886972.8422,E99_F50_m-1f-1_P92_Y-1_U177,-9999,-9999,MXY,16,0.0,1,0,0.0,0,0,0,-9999.0,0.5,1,P91_CV0,2,1,1,0,2,0,2,0,2
99,-540988.7596,-886972.8422,Age0_F99_m42f42_P99_Y7_UO2005,I42_F99_m92f92_P99_Y4_UO4350,ID42_F99_m42f42_P99_Y3_UO1997,MXY,0,0.0,0,0,0.0,0,0,0,0.0,0.5,1,P93_CV0,2,1,1,1,1,0,2,0,2
99,-540988.7596,-886972.8422,Age0_F99_m42f42_P99_Y7_UO2036,I42_F99_m50f50_P99_Y1_UO2325,I42_F99_m-1f-1_P94_Y-1_U95,MXY,0,0.0,0,0,0.0,0,0,0,0.0,0.5,1,P93_CV0,2,0,2,0,2,0,2,0,2
99,-540988.7596,-886972.8422,Age0_F99_m42f42_P99_Y7_UO2049,I42_F99_m-1f-1_P94_Y-1_U39,I42_F99_m-1f-1_P50_Y-1_U181,MXY,0,0.0,0,0,0.0,0,0,0,0.0,0.25,1,P93_CV0,2,1,1,1,1,0,2,0,2
99,-540988.7596,-886972.8422,Age0_F99_m42f42_P99_Y7_UO2060,I42_F99_m-1f-1_P94_Y-1_U214,I42_F99_m23f23_P27_Y0_UO1267,FXX,0,0.0,0,0,0.0,0,0,0,0.0,0.25,1,P93_CV0,2,1,1,1,1,0,2,0,2
99,-540988.7596,-886972.8422,Age0_F99_m50f50_P99_Y7_UO2419,I50_F99_m42f42_P99_Y4_UO1986,I50_F27_m50f50_P27_Y5_UO2455,MXY,0,0.0,0,0,0.0,0,0,0,0.0,0.5,1,P93_CV0,2,1,1,2,0,0,2,0,2
99,-540988.7596,-886972.8422,Age0_F99_m50f50_P99_Y7_UO2455,I50_F99_m94f94_P81_Y1_UO4191,I50_F99_m50f50_P99_Y5_UO2405,FXX,0,0.0,0,0,0.0,0,0,0,0.0,0.40625,1,P93_CV0,2,1,1,0,2,0,2,0,2
99,-540988.7596,-886972.8422,Age0_F99_m50f50_P99_Y7_UO2475,I50_F6_m-1f-1_P94_Y-1_U72,I50_F99_m40f40_P6_Y2_UO1873,MXY,0,0.0,0,0,0.0,0,0,0,0.0,0.5,1,P93_CV0,2,1,1,0,2,0,2,0,2
99,-540988.7596,-886972.8422,Age0_F99_m50f50_P99_Y7_UO2486,I50_F99_m-1f-1_P94_Y-1_U225,I50_F81_m-1f-1_P58_Y-1_U194,FXX,0,0.0,0,0,0.0,0,0,0,0.0,0.5,1,P93_CV0,2,1,1,1,1,0,2,0,2
99,-540988.7596,-886972.8422,Age0_F99_m50f50_P99_Y7_UO2489,ID50_F99_m-1f-1_P94_Y-1_U55,I50_F99_m-1f-1_P58_Y-1_U246,MXY,0,0.0,0,0,0.0,0,0,0,0.0,0.0,1,P93_CV0,2,0,2,2,0,0,2,0,2
99,-540988.7596,-886972.8422,Age0_F99_m58f58_P99_Y7_UO2728,ID58_F99_m50f50_P99_Y2_UO2457,ID58_F99_m-1f-1_P94_Y-1_U67,FXX,0,0.0,0,0,0.0,0,0,0,0.0,0.375,1,P93_CV0,2,1,1,1,1,0,2,0,2
99,-540988.7596,-886972.8422,Age0_F99_m58f58_P99_Y7_UO2748,I58_F6_m-1f-1_P94_Y-1_U53,I58_F81_m5f5_P72_Y3_UO343,MXY,0,0.0,0,0,0.0,0,0,0,0.0,0.3125,1,P93_CV0,2,1,1,2,0,0,2,0,2
99,-540988.7596,-886972.8422,Age0_F99_m58f58_P99_Y7_UO2763,ID58_F81_m-1f-1_P94_Y-1_U163,I58_F99_m-1f-1_P94_Y-1_U70,MXY,0,0.0,0,0,0.0,0,0,0,0.0,0.5,1,P93_CV0,2,1,1,1,1,0,2,0,2
99,-540988.7596,-886972.8422,Age0_F99_m92f92_P99_Y7_UO4405,I92_F57_m92f92_P99_Y1_UO4130,I92_F86_m42f42_P99_Y2_UO1994,MXY,0,0.0,0,0,0.0,0,0,0,0.0,0.75,1,P93_CV0,2,0,2,2,0,0,2,0,2
99,-540988.7596,-886972.8422,E99_F40_m42f42_P57_Y6_UO2014,I42_F99_m92f92_P57_Y4_UO4307,I42_F99_m42f42_P99_Y4_UO2001,FXX,1,0.0,1,1,1.0,0,0,0,-9999.0,0.25,1,P93_CV0,2,1,1,1,1,0,2,0,2
99,-540988.7596,-886972.8422,E99_F42_m42f42_P99_Y6_UO2030,I42_F99_m42f42_P99_Y3_UO2022,I42_F99_m92f92_P99_Y3_UO4281,MXY,1,0.0,1,1,0.0,0,0,0,-9999.0,0.5,1,P93_CV0,2,1,1,0,2,0,2,0,2
99,-540988.7596,-886972.8422,E99_F42_m50f50_P99_Y6_UO2452,ID50_F81_m94f94_P81_Y1_UO4191,I50_F99_m58f58_P99_Y4_UO2759,MXY,1,0.0,1,1,0.0,0,0,0,-9999.0,0.625,1,P93_CV0,2,2,0,1,1,0,2,0,2
99,-540988.7596,-886972.8422,E99_F42_m58f58_P99_Y6_UO2780,I58_F99_m-1f-1_P94_Y-1_U48,I58_F99_m-1f-1_P94_Y-1_U123,FXX,1,0.0,1,1,1.0,0,0,0,-9999.0,0.5,1,P93_CV0,2,0,2,0,2,0,2,0,2
99,-540988.7596,-886972.8422,E99_F50_m50f50_P99_Y6_UO2425,I50_F6_m92f92_P99_Y4_UO4373,I50_F6_m92f92_P6_Y2_UO4348,FXX,1,0.0,1,1,1.0,0,0,0,-9999.0,0.375,1,P93_CV0,2,1,1,0,2,0,2,0,2
99,-540988.7596,-886972.8422,E99_F50_m92f92_P99_Y6_UO4450,I92_F6_m-1f-1_P94_Y-1_U105,ID92_F99_m58f58_P99_Y3_UO2772,FXX,1,0.0,1,1,1.0,0,0,0,-9999.0,0.5,1,P93_CV0,2,1,1,1,1,0,2,0,2
99,-540988.7596,-886972.8422,E99_F42_m94f94_P99_Y5_UO4467,I94_F91_m-1f-1_P58_Y-1_U22,ID94_F81_m-1f-1_P94_Y-1_U141,FXX,2,0.0,1,0,1.0,0,0,0,-9999.0,0.5,1,P93_CV0,2,1,1,1,1,0,2,0,2
99,-540988.7596,-886972.8422,E99_F42_m92f92_P99_Y5_UO4305,ID92_F57_m25f25_P8_Y3_UO1313,ID92_F99_m-1f-1_P94_Y-1_U180,MXY,2,0.0,1,0,0.0,0,0,0,-9999.0,0.375,1,P93_CV0,2,0,2,2,0,0,2,0,2
99,-540988.7596,-886972.8422,E99_F50_m50f50_P27_Y5_UO2455,ID50_F98_m-1f-1_P94_Y-1_U93,ID50_F6_m42f42_P99_Y0_UO2027,MXY,2,0.0,1,0,0.0,0,0,0,-9999.0,0.375,1,P93_CV0,2,2,0,2,0,0,2,0,2
99,-540988.7596,-886972.8422,E99_F58_m58f58_P99_Y5_UO2740,I58_F99_m-1f-1_P94_Y-1_U53,I58_F81_m80f80_P81_Y1_UO3543,FXX,2,0.0,1,0,1.0,0,0,0,-9999.0,0.5,1,P93_CV0,2,1,1,1,1,0,2,0,2
99,-540988.7596,-886972.8422,E99_F58_m5f5_P81_Y5_UO365,I5_F72_m94f94_P81_Y1_UO4207,I5_F81_m58f58_P81_Y3_UO2735,FXX,2,0.0,1,0,1.0,0,0,0,-9999.0,0.625,1,P93_CV0,2,1,1,1,1,0,2,0,2
99,-540988.7596,-886972.8422,E99_F92_m92f92_P99_Y5_UO4393,ID92_F99_m-1f-1_P92_Y-1_U28,ID92_F99_m-1f-1_P94_Y-1_U180,MXY,2,0.0,1,0,0.0,0,0,0,-9999.0,0.5,1,P93_CV0,2,1,1,1,1,0,2,0,2
99,-540988.7596,-886972.8422,E99_F42_m94f94_P81_Y4_UO4433,I94_F81_m-1f-1_P94_Y-1_U38,I94_F81_m65f65_P91_Y2_UO3131,FXX,3,0.0,1,0,1.0,0,0,0,-9999.0,0.25,1,P93_CV0,2,0,2,2,0,0,2,0,2
99,-540988.7596,-886972.8422,E99_F42_m42f42_P99_Y4_UO2001,I42_F99_m-1f-1_P94_Y-1_U214,I42_F6_m-1f-1_P94_Y-1_U95,MXY,3,0.0,1,0,0.0,0,0,0,-9999.0,0.25,1,P93_CV0,2,1,1,1,1,0,2,0,2
99,-540988.7596,-886972.8422,E99_F50_m58f58_P99_Y4_UO2759,I58_F99_m-1f-1_P58_Y-1_U237,ID58_F81_m-1f-1_P94_Y-1_U159,MXY,3,0.0,1,0,0.0,0,0,0,-9999.0,0.75,1,P93_CV0,2,2,0,1,1,0,2,0,2
99,-540988.7596,-886972.8422,E99_F94_m95f95_P91_Y4_UO4486,I95_F64_m94f94_P91_Y0_UO4773,I95_F64_m-1f-1_P95_Y-1_U245,FXX,3,0.0,1,0,1.0,0,0,0,-9999.0,0.625,1,P93_CV0,2,2,0,1,1,0,2,0,2
99,-540988.7596,-886972.8422,E99_F42_m58f58_P81_Y3_UO2710,I58_F81_m5f5_P81_Y1_UO334,I58_F81_m94f94_P81_Y1_UO4166,MXY,4,0.0,1,0,0.0,0,0,0,-9999.0,0.625,1,P93_CV0,2,0,2,0,2,0,2,0,2
99,-540988.7596,-886972.8422,E99_F42_m92f92_P6_Y2_UO4348,I92_F57_m-1f-1_P94_Y-1_U244,I92_F99_m-1f-1_P92_Y-1_U66,MXY,5,0.0,1,0,0.0,0,0,0,-9999.0,0.5,1,P93_CV0,2,2,0,1,1,0,2,0,2
99,-540988.7596,-886972.8422,E99_F50_m94f94_P81_Y1_UO4191,I94_F28_m-1f-1_P94_Y-1_U104,ID94_F6_m-1f-1_P92_Y-1_U245,FXX,6,0.0,1,0,1.0,0,0,0,-9999.0,0.5,1,P93_CV0,2,2,0,1,1,0,2,0,2
99,-540988.7596,-886972.8422,E99_F58_m94f94_P81_Y1_UO4230,I94_F81_m-1f-1_P94_Y-1_U143,I94_F81_m-1f-1_P94_Y-1_U22,FXX,6,0.0,1,0,1.0,0,0,0,-9999.0,0.5,1,P93_CV0,2,1,1,0,2,0,2,0,2
99,-540988.7596,-886972.8422,E99_F92_m94f94_P57_Y0_UO4746,R94_F94_m-1f-1_P94_Y-1_U122,R94_F94_m-1f-1_P94_Y-1_U65,FXX,7,0.0,1,0,1.0,0,0,0,-9999.0,0.75,1,P93_CV0,2,1,1,1,1,0,2,0,2
99,-540988.7596,-886972.8422,E99_F42_m-1f-1_P94_Y-1_U39,-9999,-9999,FXX,8,0.0,1,0,1.0,0,0,0,-9999.0,0.5,1,P93_CV0,2,1,1,1,1,0,2,0,2
99,-540988.7596,-886972.8422,E99_F58_m-1f-1_P94_Y-1_U53,-9999,-9999,FXX,8,0.0,1,0,1.0,0,0,0,-9999.0,0.5,1,P93_CV0,2,1,1,1,1,0,2,0,2
99,-540988.7596,-886972.8422,E99_F50_m-1f-1_P94_Y-1_U72,-9999,-9999,FXX,9,0.0,1,0,1.0,0,0,0,-9999.0,0.5,1,P93_CV0,2,1,1,0,2,0,2,0,2
99,-540988.7596,-886972.8422,E99_F42_m-1f-1_P94_Y-1_U214,-9999,-9999,FXX,10,0.0,1,0,1.0,0,0,0,-9999.0,0.0,1,P93_CV0,2,0,2,2,0,0,2,0,2
99,-540988.7596,-886972.8422,E99_F58_m-1f-1_P94_Y-1_U226,-9999,-9999,MXY,10,0.0,1,0,0.0,0,0,0,-9999.0,0.0,1,P93_CV0,2,0,2,1,1,0,2,0,2
99,-540988.7596,-886972.8422,E99_F92_m-1f-1_P94_Y-1_U66,-9999,-9999,MXY,10,0.0,1,0,0.0,0,0,0,-9999.0,1.0,1,P93_CV0,2,2,0,0,2,0,2,0,2
99,-540988.7596,-886972.8422,E99_F42_m-1f-1_P94_Y-1_U221,-9999,-9999,FXX,12,0.0,1,0,1.0,0,0,0,-9999.0,0.5,1,P93_CV0,2,1,1,0,2,0,2,0,2
99,-540988.7596,-886972.8422,E99_F58_m-1f-1_P94_Y-1_U67,-9999,-9999,MXY,12,0.0,1,0,0.0,0,0,0,-9999.0,0.5,1,P93_CV0,2,1,1,1,1,0,2,0,2
99,-540988.7596,-886972.8422,E99_F50_m-1f-1_P94_Y-1_U225,-9999,-9999,FXX,13,0.0,1,0,1.0,0,0,0,-9999.0,0.0,1,P93_CV0,2,0,2,1,1,0,2,0,2
99,-540988.7596,-886972.8422,E99_F58_m-1f-1_P94_Y-1_U163,-9999,-9999,FXX,13,0.0,1,0,1.0,0,0,0,-9999.0,0.5,1,P93_CV0,2,1,1,1,1,0,2,0,2
99,-540988.7596,-886972.8422,E99_F58_m-1f-1_P94_Y-1_U192,-9999,-9999,FXX,13,0.0,1,0,1.0,0,0,0,-9999.0,0.5,1,P93_CV0,2,1,1,0,2,0,2,0,2
99,-540988.7596,-886972.8422,E99_F50_m-1f-1_P94_Y-1_U55,-9999,-9999,FXX,15,0.0,1,0,1.0,0,0,0,-9999.0,0.0,1,P93_CV0,2,0,2,2,0,0,2,0,2
99,-540988.7596,-886972.8422,Age0_F99_m58f58_P99_Y7_UO2747,ID58_F99_m95f95_P91_Y0_UO4854,I58_F99_m-1f-1_P94_Y-1_U70,FXX,0,0.0,0,0,0.0,0,0,0,0.0,0.5,1,P94_CV0,2,0,2,1,1,0,2,0,2
99,-540988.7596,-886972.8422,E99_F58_m95f95_P91_Y0_UO4854,R95_F95_m-1f-1_P95_Y-1_U128,R95_F95_m-1f-1_P95_Y-1_U133,FXX,7,0.0,1,0,1.0,0,0,0,-9999.0,0.5,1,P94_CV0,2,1,1,2,0,0,2,0,2
